module_name,balancing,balancing,balancing,battery,battery,battery,battery,battery,grid,grid,grid,grid,grid,grid,grid,grid,load,load,load,load,load,load,load,load,load,renewable12.csv.gz,renewable12.csv.gz,renewable12.csv.gz,renewable12.csv.gz,renewable23.csv.gz,renewable23.csv.gz,renewable23.csv.gz,renewable23.csv.gz,balance,balance,balance,balance,balance,balance,balance,balance,balance,balance,net_load,action,converted_action,converted_action
module_number,0,0,0,0,0,0,0,0,0,0,0,0,0,0,0,0,0,0,0,1,1,1,2,2,2,0,0,0,0,0,0,0,0,0,0,0,0,0,0,0,0,0,0,0,0,0,0
field,loss_load,overgeneration,reward,charge_amount,current_charge,discharge_amount,reward,soc,co2_per_kwh_current,co2_production,export_price_current,grid_export,grid_import,grid_status_current,import_price_current,reward,load_current,load_met,reward,load_current,load_met,reward,load_current,load_met,reward,curtailment,renewable_current,renewable_used,reward,curtailment,renewable_current,renewable_used,reward,reward,shaped_reward,overall_provided_to_microgrid,overall_absorbed_from_microgrid,flex_provided_to_microgrid,flex_absorbed_from_microgrid,controllable_provided_to_microgrid,controllable_absorbed_from_microgrid,fixed_provided_to_microgrid,fixed_absorbed_from_microgrid,,,battery_0,grid_0
0,16059.143635929926,0.0,-160591.43635929926,0.0,10.0,0.0,-0.0,0.1,0.180924313,18.0924313,0.0,0.0,100.0,1.0,0.08,-8.0,-231.92119759581448,231.92119759581448,0.0,-231.92119759581448,231.92119759581448,0.0,-15695.301240738298,15695.301240738298,0.0,0.0,0.0,0.0,0.0,0.0,0.0,0.0,0.0,-160599.43635929926,-160599.43635929926,16159.143635929926,16159.143635929926,16059.143635929926,0.0,100.0,0.0,0.0,16159.143635929926,16159.143635929926,1,0.0,100.0
1,15777.509019575458,0.0,-157775.09019575457,0.0,10.0,0.0,-0.0,0.1,0.18330306,18.330306,0.0,0.0,100.0,1.0,0.08,-8.0,-231.8899700726587,231.8899700726587,0.0,-231.8899700726587,231.8899700726587,0.0,-15413.72907943014,15413.72907943014,0.0,0.0,0.0,0.0,0.0,0.0,0.0,0.0,0.0,-157783.09019575457,-157783.09019575457,15877.509019575458,15877.509019575458,15777.509019575458,0.0,100.0,0.0,0.0,15877.509019575458,15877.509019575458,1,0.0,100.0
2,16035.618126278187,0.0,-160356.18126278187,0.0,10.0,0.0,-0.0,0.1,0.195031339,19.503133899999998,0.0,0.0,100.0,1.0,0.08,-8.0,-231.85385112012443,231.85385112012443,0.0,-231.85385112012443,231.85385112012443,0.0,-15671.910424037938,15671.910424037938,0.0,0.0,0.0,0.0,0.0,0.0,0.0,0.0,0.0,-160364.18126278187,-160364.18126278187,16135.618126278187,16135.618126278187,16035.618126278187,0.0,100.0,0.0,0.0,16135.618126278187,16135.618126278187,1,0.0,100.0
3,15777.806990491012,0.0,-157778.0699049101,0.0,10.0,0.0,-0.0,0.1,0.190779281,19.0779281,0.0,0.0,100.0,1.0,0.08,-8.0,-231.8088247643552,231.8088247643552,0.0,-231.8088247643552,231.8088247643552,0.0,-15414.1893409623,15414.1893409623,0.0,0.0,0.0,0.0,0.0,0.0,0.0,0.0,0.0,-157786.0699049101,-157786.0699049101,15877.806990491012,15877.806990491012,15777.806990491012,0.0,100.0,0.0,0.0,15877.806990491012,15877.806990491012,1,0.0,100.0
4,16776.681191923388,0.0,-167766.81191923388,0.0,10.0,0.0,-0.0,0.1,0.1653023559999999,16.53023559999999,0.0,0.0,100.0,1.0,0.08,-8.0,-232.6755213377314,232.6755213377314,0.0,-232.6755213377314,232.6755213377314,0.0,-16411.330149247926,16411.330149247926,0.0,0.0,0.0,0.0,0.0,0.0,0.0,0.0,0.0,-167774.81191923388,-167774.81191923388,16876.681191923388,16876.681191923388,16776.681191923388,0.0,100.0,0.0,0.0,16876.681191923388,16876.681191923388,1,0.0,100.0
5,18027.827423200717,0.0,-180278.27423200716,0.0,10.0,0.0,-0.0,0.1,0.148113168,14.811316799999998,0.0,0.0,100.0,1.0,0.11,-11.0,-248.27539240766967,248.27539240766967,0.0,-248.27539240766967,248.27539240766967,0.0,-17631.276638385378,17631.276638385378,0.0,0.0,0.0,0.0,0.0,0.0,0.0,0.0,0.0,-180289.27423200716,-180289.27423200716,18127.827423200717,18127.827423200717,18027.827423200717,0.0,100.0,0.0,0.0,18127.827423200717,18127.827423200717,1,0.0,100.0
6,21252.431587917967,0.0,-212524.31587917966,0.0,10.0,0.0,-0.0,0.1,0.140914668,14.0914668,0.0,0.0,100.0,1.0,0.11,-11.0,-253.43113341098123,253.43113341098123,0.0,-253.43113341098123,253.43113341098123,0.0,-20845.569321096005,20845.569321096005,0.0,0.0,0.0,0.0,0.0,0.0,0.0,0.0,0.0,-212535.31587917966,-212535.31587917966,21352.431587917967,21352.431587917967,21252.431587917967,0.0,100.0,0.0,0.0,21352.431587917967,21352.431587917967,1,0.0,100.0
7,19354.59694889469,0.0,-193545.9694889469,0.0,10.0,0.0,-0.0,0.1,0.143098532,14.3098532,0.0,0.0,100.0,1.0,0.11,-11.0,-223.3448737895088,223.3448737895088,0.0,-223.3448737895088,223.3448737895088,0.0,-19482.66240900649,19482.66240900649,0.0,0.0,336.551044921875,336.551044921875,0.0,0.0,138.20416276894295,138.20416276894295,0.0,-193556.9694889469,-193556.9694889469,19929.352156585508,19929.352156585508,19829.352156585508,0.0,100.0,0.0,0.0,19929.352156585508,19454.59694889469,1,0.0,100.0
8,11082.188813520199,0.0,-110821.888135202,0.0,10.0,0.0,-0.0,0.1,0.128036879,12.8036879,0.0,0.0,100.0,1.0,0.11,-11.0,-208.07336916923543,208.07336916923543,0.0,-208.07336916923543,208.07336916923543,0.0,-19222.263529693468,19222.263529693468,0.0,0.0,4973.476552734375,4973.476552734375,0.0,0.0,3482.7449017773624,3482.7449017773624,0.0,-110832.888135202,-110832.888135202,19638.410268031937,19638.410268031937,19538.410268031937,0.0,100.0,0.0,0.0,19638.410268031937,11182.188813520199,1,0.0,100.0
9,0.0,0.0,-0.0,55.55555555555556,10.0,0.0,-0.0,0.1,0.1239275419999999,0.0,0.0,100.0,0.0,1.0,0.11,0.0,-196.97864878550448,196.97864878550448,0.0,-196.97864878550448,196.97864878550448,0.0,-16744.285156613463,16744.285156613463,0.0,0.0,10246.109589843749,10246.109589843749,0.0,885.2305230410448,7932.918942937325,7047.68841989628,0.0,0.0,0.0,17293.79800974003,17293.79800974003,17293.79800974003,0.0,0.0,155.55555555555475,0.0,17138.242454184474,-1040.7860785966004,1,-55.55555555555556,-100.0
10,0.0,0.0,-0.0,44.44444444444444,60.0,0.0,-0.0,0.6,0.124957329,0.0,0.0,100.0,0.0,1.0,0.11,0.0,-197.1345763137158,197.1345763137158,0.0,-197.1345763137158,197.1345763137158,0.0,-14044.439074414397,14044.439074414397,0.0,0.0,13387.25267578125,13387.25267578125,0.0,9943.355523471779,11139.255519176802,1195.8999957050237,0.0,0.0,0.0,14583.152671486274,14583.152671486274,14583.152671486274,0.0,0.0,144.44444444444525,0.0,14438.708227041829,-10087.799967916224,1,-44.44444444444444,-100.0
11,0.0,0.0,-0.0,0.0,100.0,-0.0,-0.0,1.0,0.12943563,0.0,0.0,100.0,0.0,1.0,0.11,0.0,-200.08933334650965,200.08933334650965,0.0,-200.08933334650965,200.08933334650965,0.0,-13787.238633969891,13787.238633969891,0.0,0.0,10694.84431640625,10694.84431640625,0.0,8624.675004517898,12217.247988774558,3592.5729842566598,0.0,0.0,0.0,14287.41730066291,14287.41730066291,14287.41730066291,0.0,0.0,100.0,0.0,14187.41730066291,-8724.675004517896,1,-0.0,-100.0
12,0.0,0.0,-0.0,0.0,100.0,-0.0,-0.0,1.0,0.1245606569999999,0.0,0.0,100.0,0.0,1.0,0.11,0.0,-197.31486722139505,197.31486722139505,0.0,-197.31486722139505,197.31486722139505,0.0,-14042.744878842776,14042.744878842776,0.0,682.2115292925591,15219.586142578124,14537.374613285565,0.0,12217.247988774558,12217.247988774558,0.0,0.0,0.0,0.0,14537.374613285565,14537.374613285565,14537.374613285565,0.0,0.0,100.0,0.0,14437.374613285565,-12999.459518067119,1,-0.0,-100.0
13,0.0,0.0,-0.0,0.0,100.0,-0.0,-0.0,1.0,0.113910851,0.0,0.0,100.0,0.0,1.0,0.11,0.0,-197.5784353178109,197.5784353178109,0.0,-197.5784353178109,197.5784353178109,0.0,-13786.016459341416,13786.016459341416,0.0,0.0,3290.721328125,3290.721328125,0.0,563.4160056315959,11553.868007483632,10990.452001852036,0.0,0.0,0.0,14281.173329977037,14281.173329977037,14281.173329977037,0.0,0.0,100.0,0.0,14181.173329977037,-663.4160056315959,1,-0.0,-100.0
14,0.0,0.0,-0.0,0.0,100.0,-0.0,-0.0,1.0,0.116719467,0.0,0.0,100.0,0.0,1.0,0.08,0.0,-197.6542292719117,197.6542292719117,0.0,-197.6542292719117,197.6542292719117,0.0,-14040.5438738186,14040.5438738186,0.0,0.0,8114.619638671875,8114.619638671875,0.0,3474.185360565767,9895.418054256315,6421.232693690548,0.0,0.0,0.0,14535.852332362423,14535.852332362423,14535.852332362423,0.0,0.0,100.0,0.0,14435.852332362423,-3574.185360565769,1,-0.0,-100.0
15,5369.352777996556,0.0,-53693.52777996556,0.0,100.0,45.0,-0.0,1.0,0.159613893,15.9613893,0.0,0.0,100.0,1.0,0.08,-8.0,-197.61760160704,197.61760160704,0.0,-197.61760160704,197.61760160704,0.0,-13785.186468626753,13785.186468626753,0.0,0.0,2916.77572265625,2916.77572265625,0.0,0.0,5749.293171188027,5749.293171188027,0.0,-53701.52777996556,-53701.52777996556,14180.421671840832,14180.421671840833,14035.421671840832,0.0,145.0,0.0,0.0,14180.421671840833,5514.352777996557,1,45.0,100.0
16,19540.908550102882,0.0,-195409.0855010288,0.0,50.0,36.0,-0.0,0.5,0.1556515769999999,15.56515769999999,0.0,0.0,100.0,1.0,0.08,-8.0,-197.1643012149385,197.1643012149385,0.0,-197.1643012149385,197.1643012149385,0.0,-19581.736432048005,19581.736432048005,0.0,0.0,299.156484375,299.156484375,0.0,0.0,0.0,0.0,0.0,-195417.0855010288,-195417.0855010288,19976.06503447788,19976.06503447788,19840.06503447788,0.0,136.0,0.0,0.0,19976.06503447788,19676.908550102882,1,36.0,100.0
17,22402.312564504515,0.0,-224023.12564504513,0.0,10.0,0.0,-0.0,0.1,0.149032037,14.9032037,0.0,0.0,100.0,1.0,0.11,-11.0,-220.9130198587039,220.9130198587039,0.0,-220.9130198587039,220.9130198587039,0.0,-22060.486524787106,22060.486524787106,0.0,0.0,0.0,0.0,0.0,0.0,0.0,0.0,0.0,-224034.12564504513,-224034.12564504513,22502.312564504515,22502.312564504515,22402.312564504515,0.0,100.0,0.0,0.0,22502.312564504515,22502.312564504515,1,0.0,100.0
18,22684.65040780056,0.0,-226846.50407800562,0.0,10.0,0.0,-0.0,0.1,0.14856911,14.856911,0.0,0.0,100.0,1.0,0.11,-11.0,-232.6236198338866,232.6236198338866,0.0,-232.6236198338866,232.6236198338866,0.0,-22319.403168132787,22319.403168132787,0.0,0.0,0.0,0.0,0.0,0.0,0.0,0.0,0.0,-226857.50407800562,-226857.50407800562,22784.65040780056,22784.65040780056,22684.65040780056,0.0,100.0,0.0,0.0,22784.65040780056,22784.65040780056,1,0.0,100.0
19,20952.46363536246,0.0,-209524.63635362458,0.0,10.0,0.0,-0.0,0.1,0.144624445,14.462444499999998,0.0,0.0,100.0,1.0,0.11,-11.0,-233.38618176164053,233.38618176164053,0.0,-233.38618176164053,233.38618176164053,0.0,-20585.69127183918,20585.69127183918,0.0,0.0,0.0,0.0,0.0,0.0,0.0,0.0,0.0,-209535.63635362458,-209535.63635362458,21052.46363536246,21052.46363536246,20952.46363536246,0.0,100.0,0.0,0.0,21052.46363536246,21052.46363536246,1,0.0,100.0
20,21314.701620730466,0.0,-213147.01620730467,0.0,10.0,0.0,-0.0,0.1,0.149420304,14.9420304,0.0,0.0,100.0,1.0,0.11,-11.0,-233.2992805728241,233.2992805728241,0.0,-233.2992805728241,233.2992805728241,0.0,-20948.103059584817,20948.103059584817,0.0,0.0,0.0,0.0,0.0,0.0,0.0,0.0,0.0,-213158.01620730467,-213158.01620730467,21414.701620730466,21414.701620730466,21314.701620730466,0.0,100.0,0.0,0.0,21414.701620730466,21414.701620730466,1,0.0,100.0
21,19565.599580142232,0.0,-195655.99580142234,0.0,10.0,0.0,-0.0,0.1,0.160581971,16.058197099999997,0.0,0.0,100.0,1.0,0.11,-11.0,-232.7439393395153,232.7439393395153,0.0,-232.7439393395153,232.7439393395153,0.0,-19200.1117014632,19200.1117014632,0.0,0.0,0.0,0.0,0.0,0.0,0.0,0.0,0.0,-195666.99580142234,-195666.99580142234,19665.599580142232,19665.599580142232,19565.599580142232,0.0,100.0,0.0,0.0,19665.599580142232,19665.599580142232,1,0.0,100.0
22,18370.71300681413,0.0,-183707.1300681413,0.0,10.0,0.0,-0.0,0.1,0.166213341,16.6213341,0.0,0.0,100.0,1.0,0.11,-11.0,-232.04449640340687,232.04449640340687,0.0,-232.04449640340687,232.04449640340687,0.0,-18006.624014007317,18006.624014007317,0.0,0.0,0.0,0.0,0.0,0.0,0.0,0.0,0.0,-183718.1300681413,-183718.1300681413,18470.71300681413,18470.71300681413,18370.71300681413,0.0,100.0,0.0,0.0,18470.71300681413,18470.71300681413,1,0.0,100.0
23,16617.927914909502,0.0,-166179.279149095,0.0,10.0,0.0,-0.0,0.1,0.164033259,16.4033259,0.0,0.0,100.0,1.0,0.11,-11.0,-234.99770503936253,234.99770503936253,0.0,-234.99770503936253,234.99770503936253,0.0,-16247.932504830776,16247.932504830776,0.0,0.0,0.0,0.0,0.0,0.0,0.0,0.0,0.0,-166190.279149095,-166190.279149095,16717.927914909502,16717.927914909502,16617.927914909502,0.0,100.0,0.0,0.0,16717.927914909502,16717.927914909502,1,0.0,100.0
24,19170.666669129114,0.0,-191706.66669129115,0.0,10.0,0.0,-0.0,0.1,0.1698413839999999,16.98413839999999,0.0,0.0,100.0,1.0,0.08,-8.0,-231.98082430529743,231.98082430529743,0.0,-231.98082430529743,231.98082430529743,0.0,-18806.70502051852,18806.70502051852,0.0,0.0,0.0,0.0,0.0,0.0,0.0,0.0,0.0,-191714.66669129115,-191714.66669129115,19270.666669129114,19270.666669129114,19170.666669129114,0.0,100.0,0.0,0.0,19270.666669129114,19270.666669129114,1,0.0,100.0
25,18887.550948920758,0.0,-188875.5094892076,0.0,10.0,0.0,-0.0,0.1,0.1731190219999999,17.31190219999999,0.0,0.0,100.0,1.0,0.08,-8.0,-231.9252171680639,231.9252171680639,0.0,-231.9252171680639,231.9252171680639,0.0,-18523.70051458463,18523.70051458463,0.0,0.0,0.0,0.0,0.0,0.0,0.0,0.0,0.0,-188883.5094892076,-188883.5094892076,18987.550948920758,18987.550948920758,18887.550948920758,0.0,100.0,0.0,0.0,18987.550948920758,18987.550948920758,1,0.0,100.0
26,19174.228858383507,0.0,-191742.28858383506,0.0,10.0,0.0,-0.0,0.1,0.1764647319999999,17.64647319999999,0.0,0.0,100.0,1.0,0.08,-8.0,-231.8805915310029,231.8805915310029,0.0,-231.8805915310029,231.8805915310029,0.0,-18810.467675321503,18810.467675321503,0.0,0.0,0.0,0.0,0.0,0.0,0.0,0.0,0.0,-191750.28858383506,-191750.28858383506,19274.228858383507,19274.228858383507,19174.228858383507,0.0,100.0,0.0,0.0,19274.228858383507,19274.228858383507,1,0.0,100.0
27,18890.129835608157,0.0,-188901.29835608156,0.0,10.0,0.0,-0.0,0.1,0.169054668,16.9054668,0.0,0.0,100.0,1.0,0.08,-8.0,-231.87045100872723,231.87045100872723,0.0,-231.87045100872723,231.87045100872723,0.0,-18526.388933590704,18526.388933590704,0.0,0.0,0.0,0.0,0.0,0.0,0.0,0.0,0.0,-188909.29835608156,-188909.29835608156,18990.129835608157,18990.129835608157,18890.129835608157,0.0,100.0,0.0,0.0,18990.129835608157,18990.129835608157,1,0.0,100.0
28,19916.989518849132,0.0,-199169.89518849133,0.0,10.0,0.0,-0.0,0.1,0.167960843,16.7960843,0.0,0.0,100.0,1.0,0.08,-8.0,-232.72516761158147,232.72516761158147,0.0,-232.72516761158147,232.72516761158147,0.0,-19551.53918362597,19551.53918362597,0.0,0.0,0.0,0.0,0.0,0.0,0.0,0.0,0.0,-199177.89518849133,-199177.89518849133,20016.989518849132,20016.989518849132,19916.989518849132,0.0,100.0,0.0,0.0,20016.989518849132,20016.989518849132,1,0.0,100.0
29,22622.50986847064,0.0,-226225.09868470638,0.0,10.0,0.0,-0.0,0.1,0.153002017,15.300201699999999,0.0,0.0,100.0,1.0,0.11,-11.0,-235.3579142955293,235.3579142955293,0.0,-235.3579142955293,235.3579142955293,0.0,-22251.79403987958,22251.79403987958,0.0,0.0,0.0,0.0,0.0,0.0,0.0,0.0,0.0,-226236.09868470638,-226236.09868470638,22722.50986847064,22722.50986847064,22622.50986847064,0.0,100.0,0.0,0.0,22722.50986847064,22722.50986847064,1,0.0,100.0
30,26536.46670131942,0.0,-265364.6670131942,0.0,10.0,0.0,-0.0,0.1,0.14763887,14.763887,0.0,0.0,100.0,1.0,0.11,-11.0,-272.5968706822087,272.5968706822087,0.0,-272.5968706822087,272.5968706822087,0.0,-26091.272959955,26091.272959955,0.0,0.0,0.0,0.0,0.0,0.0,0.0,0.0,0.0,-265375.6670131942,-265375.6670131942,26636.46670131942,26636.46670131942,26536.46670131942,0.0,100.0,0.0,0.0,26636.46670131942,26636.46670131942,1,0.0,100.0
31,31672.483510196173,0.0,-316724.83510196174,0.0,10.0,0.0,-0.0,0.1,0.147055356,14.7055356,0.0,0.0,100.0,1.0,0.11,-11.0,-518.7469820257525,518.7469820257525,0.0,-518.7469820257525,518.7469820257525,0.0,-31209.744753835486,31209.744753835486,0.0,0.0,336.551044921875,336.551044921875,0.0,0.0,138.20416276894295,138.20416276894295,0.0,-316735.83510196174,-316735.83510196174,32247.23871788699,32247.23871788699,32147.23871788699,0.0,100.0,0.0,0.0,32247.23871788699,31772.483510196173,1,0.0,100.0
32,56107.87707819748,0.0,-561078.7707819748,0.0,10.0,0.0,-0.0,0.1,0.144711639,14.4711639,0.0,0.0,100.0,1.0,0.11,-11.0,-695.8434845997604,695.8434845997604,0.0,-695.8434845997604,695.8434845997604,0.0,-63696.74616036935,63696.74616036935,0.0,0.0,5646.578642578125,5646.578642578125,0.0,0.0,3233.977408793265,3233.977408793265,0.0,-561089.7707819748,-561089.7707819748,65088.433129568875,65088.433129568875,64988.433129568875,0.0,100.0,0.0,0.0,65088.433129568875,56207.87707819749,1,0.0,100.0
33,47151.9635156232,0.0,-471519.63515623205,0.0,10.0,0.0,-0.0,0.1,0.143415602,14.3415602,0.0,0.0,100.0,1.0,0.11,-11.0,-694.1043867449896,694.1043867449896,0.0,-694.1043867449896,694.1043867449896,0.0,-61363.369346383326,61363.369346383326,0.0,0.0,7815.463154296875,7815.463154296875,0.0,0.0,7684.151449953229,7684.151449953229,0.0,-471530.63515623205,-471530.63515623205,62751.5781198733,62751.5781198733,62651.5781198733,0.0,100.0,0.0,0.0,62751.5781198733,47251.963515623196,1,0.0,100.0
34,37141.93105588301,0.0,-371419.3105588301,0.0,10.0,0.0,-0.0,0.1,0.158535003,15.8535003,0.0,0.0,100.0,1.0,0.11,-11.0,-710.1366727998359,710.1366727998359,0.0,-710.1366727998359,710.1366727998359,0.0,-58343.44279853938,58343.44279853938,0.0,0.0,12377.599541015625,12377.599541015625,0.0,0.0,10144.185547240411,10144.185547240411,0.0,-371430.3105588301,-371430.3105588301,59763.71614413905,59763.71614413905,59663.71614413905,0.0,100.0,0.0,0.0,59763.71614413905,37241.93105588301,1,0.0,100.0
35,31778.7432287337,0.0,-317787.432287337,0.0,10.0,0.0,-0.0,0.1,0.168648573,16.8648573,0.0,0.0,100.0,1.0,0.11,-11.0,-712.99280679522,712.99280679522,0.0,-712.99280679522,712.99280679522,0.0,-58309.096908519445,58309.096908519445,0.0,0.0,14920.429658203124,14920.429658203124,0.0,0.0,12935.90963517306,12935.90963517306,0.0,-317798.432287337,-317798.432287337,59735.082522109886,59735.082522109886,59635.082522109886,0.0,100.0,0.0,0.0,59735.082522109886,31878.7432287337,1,0.0,100.0
36,30097.20758958107,0.0,-300972.07589581073,0.0,10.0,0.0,-0.0,0.1,0.1803168369999999,18.031683699999988,0.0,0.0,100.0,1.0,0.11,-11.0,-719.1239381813492,719.1239381813492,0.0,-719.1239381813492,719.1239381813492,0.0,-55270.74679777279,55270.74679777279,0.0,0.0,13050.701630859374,13050.701630859374,0.0,0.0,13461.085453695045,13461.085453695045,0.0,-300983.07589581073,-300983.07589581073,56708.99467413549,56708.99467413549,56608.99467413549,0.0,100.0,0.0,0.0,56708.99467413549,30197.20758958107,1,0.0,100.0
37,39734.09643482562,0.0,-397340.9643482562,0.0,10.0,0.0,-0.0,0.1,0.168610615,16.861061499999998,0.0,0.0,100.0,1.0,0.11,-11.0,-707.84493250644,707.84493250644,0.0,-707.84493250644,707.84493250644,0.0,-58255.94829470165,58255.94829470165,0.0,0.0,8974.69453125,8974.69453125,0.0,0.0,10862.847193638916,10862.847193638916,0.0,-397351.9643482562,-397351.9643482562,59671.63815971453,59671.63815971453,59571.63815971453,0.0,100.0,0.0,0.0,59671.63815971453,39834.09643482562,1,0.0,100.0
38,46880.43910130723,0.0,-468804.39101307234,0.0,10.0,0.0,-0.0,0.1,0.17225371,17.225371,0.0,0.0,100.0,1.0,0.08,-8.0,-713.0515221070937,713.0515221070937,0.0,-713.0515221070937,713.0515221070937,0.0,-58247.80150778258,58247.80150778258,0.0,0.0,3627.272373046874,3627.272373046874,0.0,0.0,9066.193077642658,9066.193077642658,0.0,-468812.39101307234,-468812.39101307234,59673.90455199676,59673.90455199676,59573.90455199676,0.0,100.0,0.0,0.0,59673.90455199676,46980.43910130723,1,0.0,100.0
39,50749.04950304253,0.0,-507490.4950304253,0.0,10.0,0.0,-0.0,0.1,0.1651131019999999,16.51131019999999,0.0,0.0,100.0,1.0,0.08,-8.0,-703.2023667264567,703.2023667264567,0.0,-703.2023667264567,703.2023667264567,0.0,-58250.15852905378,58250.15852905378,0.0,0.0,3141.1430859375,3141.1430859375,0.0,0.0,5666.370673526661,5666.370673526661,0.0,-507498.4950304253,-507498.4950304253,59656.563262506694,59656.563262506694,59556.563262506694,0.0,100.0,0.0,0.0,59656.563262506694,50849.04950304253,1,0.0,100.0
40,64844.29309366239,0.0,-648442.9309366238,0.0,10.0,0.0,-0.0,0.1,0.164272143,16.4272143,0.0,0.0,100.0,1.0,0.08,-8.0,-688.1104629174173,688.1104629174173,0.0,-688.1104629174173,688.1104629174173,0.0,-63792.4395311088,63792.4395311088,0.0,0.0,224.36736328125,224.36736328125,0.0,0.0,0.0,0.0,0.0,-648450.9309366238,-648450.9309366238,65168.66045694364,65168.66045694364,65068.66045694364,0.0,100.0,0.0,0.0,65168.66045694364,64944.29309366239,1,0.0,100.0
41,58443.90532230721,0.0,-584439.0532230721,0.0,10.0,0.0,-0.0,0.1,0.170081495,17.0081495,0.0,0.0,100.0,1.0,0.11,-11.0,-527.3376275195301,527.3376275195301,0.0,-527.3376275195301,527.3376275195301,0.0,-57489.23006726815,57489.23006726815,0.0,0.0,0.0,0.0,0.0,0.0,0.0,0.0,0.0,-584450.0532230721,-584450.0532230721,58543.90532230721,58543.90532230721,58443.90532230721,0.0,100.0,0.0,0.0,58543.90532230721,58543.90532230721,1,0.0,100.0
42,46421.08401604291,0.0,-464210.84016042907,0.0,10.0,0.0,-0.0,0.1,0.171532401,17.1532401,0.0,0.0,100.0,1.0,0.11,-11.0,-539.3386118193089,539.3386118193089,0.0,-539.3386118193089,539.3386118193089,0.0,-45442.40679240429,45442.40679240429,0.0,0.0,0.0,0.0,0.0,0.0,0.0,0.0,0.0,-464221.84016042907,-464221.84016042907,46521.08401604291,46521.08401604291,46421.08401604291,0.0,100.0,0.0,0.0,46521.08401604291,46521.08401604291,1,0.0,100.0
43,44944.77418260116,0.0,-449447.7418260116,0.0,10.0,0.0,-0.0,0.1,0.175561898,17.5561898,0.0,0.0,100.0,1.0,0.11,-11.0,-540.2688968072387,540.2688968072387,0.0,-540.2688968072387,540.2688968072387,0.0,-43964.23638898668,43964.23638898668,0.0,0.0,0.0,0.0,0.0,0.0,0.0,0.0,0.0,-449458.7418260116,-449458.7418260116,45044.77418260116,45044.77418260116,44944.77418260116,0.0,100.0,0.0,0.0,45044.77418260116,45044.77418260116,1,0.0,100.0
44,35907.36243167242,0.0,-359073.62431672425,0.0,10.0,0.0,-0.0,0.1,0.1788423519999999,17.88423519999999,0.0,0.0,100.0,1.0,0.11,-11.0,-540.21662010817,540.21662010817,0.0,-540.21662010817,540.21662010817,0.0,-34926.92919145608,34926.92919145608,0.0,0.0,0.0,0.0,0.0,0.0,0.0,0.0,0.0,-359084.62431672425,-359084.62431672425,36007.36243167242,36007.36243167242,35907.36243167242,0.0,100.0,0.0,0.0,36007.36243167242,36007.36243167242,1,0.0,100.0
45,33809.36727984635,0.0,-338093.6727984635,0.0,10.0,0.0,-0.0,0.1,0.177304381,17.7304381,0.0,0.0,100.0,1.0,0.11,-11.0,-232.93208127105936,232.93208127105936,0.0,-232.93208127105936,232.93208127105936,0.0,-33443.50311730424,33443.50311730424,0.0,0.0,0.0,0.0,0.0,0.0,0.0,0.0,0.0,-338104.6727984635,-338104.6727984635,33909.36727984635,33909.36727984635,33809.36727984635,0.0,100.0,0.0,0.0,33909.36727984635,33909.36727984635,1,0.0,100.0
46,21486.87366743693,0.0,-214868.73667436928,0.0,10.0,0.0,-0.0,0.1,0.171966076,17.1966076,0.0,0.0,100.0,1.0,0.11,-11.0,-232.4295957433436,232.4295957433436,0.0,-232.4295957433436,232.4295957433436,0.0,-21122.01447595024,21122.01447595024,0.0,0.0,0.0,0.0,0.0,0.0,0.0,0.0,0.0,-214879.73667436928,-214879.73667436928,21586.87366743693,21586.87366743693,21486.87366743693,0.0,100.0,0.0,0.0,21586.87366743693,21586.87366743693,1,0.0,100.0
47,18508.4202885134,0.0,-185084.202885134,0.0,10.0,0.0,-0.0,0.1,0.164751042,16.475104199999997,0.0,0.0,100.0,1.0,0.11,-11.0,-235.492084768627,235.492084768627,0.0,-235.492084768627,235.492084768627,0.0,-18137.436118976148,18137.436118976148,0.0,0.0,0.0,0.0,0.0,0.0,0.0,0.0,0.0,-185095.202885134,-185095.202885134,18608.4202885134,18608.4202885134,18508.4202885134,0.0,100.0,0.0,0.0,18608.4202885134,18608.4202885134,1,0.0,100.0
48,17763.514177695743,0.0,-177635.14177695743,0.0,10.0,0.0,-0.0,0.1,0.170001312,17.0001312,0.0,0.0,100.0,1.0,0.08,-8.0,-232.51417835371336,232.51417835371336,0.0,-232.51417835371336,232.51417835371336,0.0,-17398.485820988317,17398.485820988317,0.0,0.0,0.0,0.0,0.0,0.0,0.0,0.0,0.0,-177643.14177695743,-177643.14177695743,17863.514177695743,17863.514177695743,17763.514177695743,0.0,100.0,0.0,0.0,17863.514177695743,17863.514177695743,1,0.0,100.0
49,17763.48390165462,0.0,-177634.8390165462,0.0,10.0,0.0,-0.0,0.1,0.172759279,17.2759279,0.0,0.0,100.0,1.0,0.08,-8.0,-232.49904033315184,232.49904033315184,0.0,-232.49904033315184,232.49904033315184,0.0,-17398.485820988317,17398.485820988317,0.0,0.0,0.0,0.0,0.0,0.0,0.0,0.0,0.0,-177642.8390165462,-177642.8390165462,17863.48390165462,17863.48390165462,17763.48390165462,0.0,100.0,0.0,0.0,17863.48390165462,17863.48390165462,1,0.0,100.0
50,17880.25106495373,0.0,-178802.5106495373,0.0,10.0,0.0,-0.0,0.1,0.1671032,16.71032,0.0,0.0,100.0,1.0,0.08,-8.0,-232.52489139703803,232.52489139703803,0.0,-232.52489139703803,232.52489139703803,0.0,-17515.201282159655,17515.201282159655,0.0,0.0,0.0,0.0,0.0,0.0,0.0,0.0,0.0,-178810.5106495373,-178810.5106495373,17980.25106495373,17980.25106495373,17880.25106495373,0.0,100.0,0.0,0.0,17980.25106495373,17980.25106495373,1,0.0,100.0
51,17857.05065219043,0.0,-178570.50652190432,0.0,10.0,0.0,-0.0,0.1,0.160075053,16.0075053,0.0,0.0,100.0,1.0,0.08,-8.0,-232.5633277564492,232.5633277564492,0.0,-232.5633277564492,232.5633277564492,0.0,-17491.923996677535,17491.923996677535,0.0,0.0,0.0,0.0,0.0,0.0,0.0,0.0,0.0,-178578.50652190432,-178578.50652190432,17957.05065219043,17957.05065219043,17857.05065219043,0.0,100.0,0.0,0.0,17957.05065219043,17957.05065219043,1,0.0,100.0
52,18629.0933237141,0.0,-186290.933237141,0.0,10.0,0.0,-0.0,0.1,0.170098685,17.0098685,0.0,0.0,100.0,1.0,0.08,-8.0,-237.3763067718857,237.3763067718857,0.0,-237.3763067718857,237.3763067718857,0.0,-18254.340710170327,18254.340710170327,0.0,0.0,0.0,0.0,0.0,0.0,0.0,0.0,0.0,-186298.933237141,-186298.933237141,18729.0933237141,18729.0933237141,18629.0933237141,0.0,100.0,0.0,0.0,18729.0933237141,18729.0933237141,1,0.0,100.0
53,21589.045815477184,0.0,-215890.45815477183,0.0,10.0,0.0,-0.0,0.1,0.18329244,18.329244,0.0,0.0,100.0,1.0,0.11,-11.0,-236.70586516713232,236.70586516713232,0.0,-236.70586516713232,236.70586516713232,0.0,-21215.63408514292,21215.63408514292,0.0,0.0,0.0,0.0,0.0,0.0,0.0,0.0,0.0,-215901.45815477183,-215901.45815477183,21689.045815477184,21689.045815477184,21589.045815477184,0.0,100.0,0.0,0.0,21689.045815477184,21689.045815477184,1,0.0,100.0
54,26403.684360730425,0.0,-264036.84360730427,0.0,10.0,0.0,-0.0,0.1,0.180231715,18.0231715,0.0,0.0,100.0,1.0,0.11,-11.0,-306.2312895247623,306.2312895247623,0.0,-306.2312895247623,306.2312895247623,0.0,-25891.221781680902,25891.221781680902,0.0,0.0,0.0,0.0,0.0,0.0,0.0,0.0,0.0,-264047.84360730427,-264047.84360730427,26503.684360730425,26503.684360730425,26403.684360730425,0.0,100.0,0.0,0.0,26503.684360730425,26503.684360730425,1,0.0,100.0
55,31645.47423806834,0.0,-316454.74238068337,0.0,10.0,0.0,-0.0,0.1,0.1768929339999999,17.68929339999999,0.0,0.0,100.0,1.0,0.11,-11.0,-558.950695044393,558.950695044393,0.0,-558.950695044393,558.950695044393,0.0,-30803.17157129537,30803.17157129537,0.0,0.0,37.394560546875,37.394560546875,0.0,0.0,138.20416276894295,138.20416276894295,0.0,-316465.74238068337,-316465.74238068337,31921.072961384158,31921.072961384158,31821.072961384158,0.0,100.0,0.0,0.0,31921.072961384158,31745.47423806834,1,0.0,100.0
56,60485.738487968796,0.0,-604857.3848796879,0.0,10.0,0.0,-0.0,0.1,0.177131423,17.7131423,0.0,0.0,100.0,1.0,0.11,-11.0,-733.0457195123016,733.0457195123016,0.0,-733.0457195123016,733.0457195123016,0.0,-63402.29250447543,63402.29250447543,0.0,0.0,1159.231376953125,1159.231376953125,0.0,0.0,3123.414078578111,3123.414078578111,0.0,-604868.3848796879,-604868.3848796879,64868.38394350003,64868.38394350003,64768.38394350003,0.0,100.0,0.0,0.0,64868.38394350003,60585.738487968796,1,0.0,100.0
57,53217.100747069984,0.0,-532171.0074706998,0.0,10.0,0.0,-0.0,0.1,0.1754025169999999,17.54025169999999,0.0,0.0,100.0,1.0,0.11,-11.0,-706.5246323554385,706.5246323554385,0.0,-706.5246323554385,706.5246323554385,0.0,-61176.62996040153,61176.62996040153,0.0,0.0,2168.8845117187498,2168.8845117187498,0.0,0.0,7103.693966323668,7103.693966323668,0.0,-532182.0074706998,-532182.0074706998,62589.6792251124,62589.679225112406,62489.6792251124,0.0,100.0,0.0,0.0,62589.679225112406,53317.100747069984,1,0.0,100.0
58,46459.08438432426,0.0,-464590.8438432426,0.0,10.0,0.0,-0.0,0.1,0.175442807,17.5442807,0.0,0.0,100.0,1.0,0.11,-11.0,-711.2160730979355,711.2160730979355,0.0,-711.2160730979355,711.2160730979355,0.0,-58215.50061258576,58215.50061258576,0.0,0.0,2879.381162109375,2879.381162109375,0.0,0.0,10199.46721234799,10199.46721234799,0.0,-464601.8438432426,-464601.8438432426,59637.93275878163,59637.93275878163,59537.93275878163,0.0,100.0,0.0,0.0,59637.93275878163,46559.08438432426,1,0.0,100.0
59,45351.67652025135,0.0,-453516.7652025135,0.0,10.0,0.0,-0.0,0.1,0.192481053,19.248105300000002,0.0,0.0,100.0,1.0,0.11,-11.0,-726.9947151311239,726.9947151311239,0.0,-726.9947151311239,726.9947151311239,0.0,-58213.05030200274,58213.05030200274,0.0,0.0,3103.7485253906248,3103.7485253906248,0.0,0.0,11111.614686623014,11111.614686623014,0.0,-453527.7652025135,-453527.7652025135,59667.03973226499,59667.03973226499,59567.03973226499,0.0,100.0,0.0,0.0,59667.03973226499,45451.67652025135,1,0.0,100.0
60,40888.305806235025,0.0,-408883.05806235026,0.0,10.0,0.0,-0.0,0.1,0.195465755,19.5465755,0.0,0.0,100.0,1.0,0.11,-11.0,-727.7167150953002,727.7167150953002,0.0,-727.7167150953002,727.7167150953002,0.0,-55200.173663124566,55200.173663124566,0.0,0.0,3477.694130859375,3477.694130859375,0.0,0.0,12189.607156220767,12189.607156220767,0.0,-408894.05806235026,-408894.05806235026,56655.607093315164,56655.607093315164,56555.607093315164,0.0,100.0,0.0,0.0,56655.607093315164,40988.30580623502,1,0.0,100.0
61,45384.097170460285,0.0,-453840.9717046028,0.0,10.0,0.0,-0.0,0.1,0.1883333639999999,18.83333639999999,0.0,0.0,100.0,1.0,0.11,-11.0,-698.3547515474162,698.3547515474162,0.0,-698.3547515474162,698.3547515474162,0.0,-58206.8339508737,58206.8339508737,0.0,0.0,2841.9866015625,2841.9866015625,0.0,0.0,11277.459681945746,11277.459681945746,0.0,-453851.9717046028,-453851.9717046028,59603.54345396853,59603.54345396853,59503.54345396853,0.0,100.0,0.0,0.0,59603.54345396853,45484.097170460285,1,0.0,100.0
62,49315.147460688444,0.0,-493151.4746068844,0.0,10.0,0.0,-0.0,0.1,0.182832629,18.2832629,0.0,0.0,100.0,1.0,0.08,-8.0,-696.3108777629661,696.3108777629661,0.0,-696.3108777629661,696.3108777629661,0.0,-58204.01095462901,58204.01095462901,0.0,0.0,1944.5171484375,1944.5171484375,0.0,0.0,8236.968101029,8236.968101029,0.0,-493159.4746068844,-493159.4746068844,59596.63271015495,59596.63271015495,59496.63271015495,0.0,100.0,0.0,0.0,59596.63271015495,49415.147460688444,1,0.0,100.0
63,52332.72398978405,0.0,-523327.2398978405,0.0,10.0,0.0,-0.0,0.1,0.177433068,17.7433068,0.0,0.0,100.0,1.0,0.08,-8.0,-687.6298686732391,687.6298686732391,0.0,-687.6298686732391,687.6298686732391,0.0,-58203.31897526373,58203.31897526373,0.0,0.0,2281.068193359375,2281.068193359375,0.0,0.0,4864.786529466792,4864.786529466792,0.0,-523335.2398978405,-523335.2398978405,59578.578712610215,59578.578712610215,59478.578712610215,0.0,100.0,0.0,0.0,59578.578712610215,52432.72398978405,1,0.0,100.0
64,64860.40345516669,0.0,-648604.0345516669,0.0,10.0,0.0,-0.0,0.1,0.1738880069999999,17.38880069999999,0.0,0.0,100.0,1.0,0.08,-8.0,-684.676944603216,684.676944603216,0.0,-684.676944603216,684.676944603216,0.0,-63740.62780814776,63740.62780814776,0.0,0.0,149.5782421875,149.5782421875,0.0,0.0,0.0,0.0,0.0,-648612.0345516669,-648612.0345516669,65109.98169735419,65109.98169735419,65009.98169735419,0.0,100.0,0.0,0.0,65109.98169735419,64960.40345516669,1,0.0,100.0
65,58388.03665659453,0.0,-583880.3665659453,0.0,10.0,0.0,-0.0,0.1,0.183734724,18.373472399999997,0.0,0.0,100.0,1.0,0.11,-11.0,-527.5845417096077,527.5845417096077,0.0,-527.5845417096077,527.5845417096077,0.0,-57432.86757317532,57432.86757317532,0.0,0.0,0.0,0.0,0.0,0.0,0.0,0.0,0.0,-583891.3665659453,-583891.3665659453,58488.03665659453,58488.03665659453,58388.03665659453,0.0,100.0,0.0,0.0,58488.03665659453,58488.03665659453,1,0.0,100.0
66,46361.904072106176,0.0,-463619.04072106176,0.0,10.0,0.0,-0.0,0.1,0.188138513,18.8138513,0.0,0.0,100.0,1.0,0.11,-11.0,-539.590191786056,539.590191786056,0.0,-539.590191786056,539.590191786056,0.0,-45382.72368853406,45382.72368853406,0.0,0.0,0.0,0.0,0.0,0.0,0.0,0.0,0.0,-463630.04072106176,-463630.04072106176,46461.904072106176,46461.904072106176,46361.904072106176,0.0,100.0,0.0,0.0,46461.904072106176,46461.904072106176,1,0.0,100.0
67,44884.991769068605,0.0,-448849.91769068607,0.0,10.0,0.0,-0.0,0.1,0.188965016,18.8965016,0.0,0.0,100.0,1.0,0.11,-11.0,-539.568895157868,539.568895157868,0.0,-539.568895157868,539.568895157868,0.0,-43905.85397875287,43905.85397875287,0.0,0.0,0.0,0.0,0.0,0.0,0.0,0.0,0.0,-448860.91769068607,-448860.91769068607,44984.991769068605,44984.991769068605,44884.991769068605,0.0,100.0,0.0,0.0,44984.991769068605,44984.991769068605,1,0.0,100.0
68,35852.41034933872,0.0,-358524.1034933872,0.0,10.0,0.0,-0.0,0.1,0.188272785,18.8272785,0.0,0.0,100.0,1.0,0.11,-11.0,-539.5566037171502,539.5566037171502,0.0,-539.5566037171502,539.5566037171502,0.0,-34873.29714190442,34873.29714190442,0.0,0.0,0.0,0.0,0.0,0.0,0.0,0.0,0.0,-358535.1034933872,-358535.1034933872,35952.41034933872,35952.41034933872,35852.41034933872,0.0,100.0,0.0,0.0,35952.41034933872,35952.41034933872,1,0.0,100.0
69,33760.83869631149,0.0,-337608.3869631149,0.0,10.0,0.0,-0.0,0.1,0.188455708,18.8455708,0.0,0.0,100.0,1.0,0.11,-11.0,-231.98411683481163,231.98411683481163,0.0,-231.98411683481163,231.98411683481163,0.0,-33396.87046264187,33396.87046264187,0.0,0.0,0.0,0.0,0.0,0.0,0.0,0.0,0.0,-337619.3869631149,-337619.3869631149,33860.83869631149,33860.83869631149,33760.83869631149,0.0,100.0,0.0,0.0,33860.83869631149,33860.83869631149,1,0.0,100.0
70,21486.321473978653,0.0,-214863.21473978652,0.0,10.0,0.0,-0.0,0.1,0.194178438,19.4178438,0.0,0.0,100.0,1.0,0.11,-11.0,-232.1534476234669,232.1534476234669,0.0,-232.1534476234669,232.1534476234669,0.0,-21122.01457873172,21122.01457873172,0.0,0.0,0.0,0.0,0.0,0.0,0.0,0.0,0.0,-214874.21473978652,-214874.21473978652,21586.321473978653,21586.321473978653,21486.321473978653,0.0,100.0,0.0,0.0,21586.321473978653,21586.321473978653,1,0.0,100.0
71,18507.97904675202,0.0,-185079.79046752022,0.0,10.0,0.0,-0.0,0.1,0.188020591,18.802059099999997,0.0,0.0,100.0,1.0,0.11,-11.0,-235.2714215661501,235.2714215661501,0.0,-235.2714215661501,235.2714215661501,0.0,-18137.43620361972,18137.43620361972,0.0,0.0,0.0,0.0,0.0,0.0,0.0,0.0,0.0,-185090.79046752022,-185090.79046752022,18607.97904675202,18607.97904675202,18507.97904675202,0.0,100.0,0.0,0.0,18607.97904675202,18607.97904675202,1,0.0,100.0
72,17762.93891927131,0.0,-177629.3891927131,0.0,10.0,0.0,-0.0,0.1,0.175812953,17.5812953,0.0,0.0,100.0,1.0,0.08,-8.0,-232.2265007737388,232.2265007737388,0.0,-232.2265007737388,232.2265007737388,0.0,-17398.485917723832,17398.485917723832,0.0,0.0,0.0,0.0,0.0,0.0,0.0,0.0,0.0,-177637.3891927131,-177637.3891927131,17862.93891927131,17862.93891927131,17762.93891927131,0.0,100.0,0.0,0.0,17862.93891927131,17862.93891927131,1,0.0,100.0
73,17762.939274947177,0.0,-177629.39274947176,0.0,10.0,0.0,-0.0,0.1,0.177078925,17.7078925,0.0,0.0,100.0,1.0,0.08,-8.0,-232.22667558868747,232.22667558868747,0.0,-232.22667558868747,232.22667558868747,0.0,-17398.485923769804,17398.485923769804,0.0,0.0,0.0,0.0,0.0,0.0,0.0,0.0,0.0,-177637.39274947176,-177637.39274947176,17862.939274947177,17862.939274947177,17762.939274947177,0.0,100.0,0.0,0.0,17862.939274947177,17862.939274947177,1,0.0,100.0
74,17762.80366304524,0.0,-177628.0366304524,0.0,10.0,0.0,-0.0,0.1,0.178597808,17.8597808,0.0,0.0,100.0,1.0,0.08,-8.0,-232.1588605687669,232.1588605687669,0.0,-232.1588605687669,232.1588605687669,0.0,-17398.485941907707,17398.485941907707,0.0,0.0,0.0,0.0,0.0,0.0,0.0,0.0,0.0,-177636.0366304524,-177636.0366304524,17862.80366304524,17862.80366304524,17762.80366304524,0.0,100.0,0.0,0.0,17862.80366304524,17862.80366304524,1,0.0,100.0
75,17762.707105736747,0.0,-177627.07105736746,0.0,10.0,0.0,-0.0,0.1,0.186494801,18.649480099999998,0.0,0.0,100.0,1.0,0.08,-8.0,-232.11058796049,232.11058796049,0.0,-232.11058796049,232.11058796049,0.0,-17398.485929815768,17398.485929815768,0.0,0.0,0.0,0.0,0.0,0.0,0.0,0.0,0.0,-177635.07105736746,-177635.07105736746,17862.707105736747,17862.707105736747,17762.707105736747,0.0,100.0,0.0,0.0,17862.707105736747,17862.707105736747,1,0.0,100.0
76,18573.429102048874,0.0,-185734.29102048874,0.0,10.0,0.0,-0.0,0.1,0.18873142,18.873142,0.0,0.0,100.0,1.0,0.08,-8.0,-232.9836554885163,232.9836554885163,0.0,-232.9836554885163,232.9836554885163,0.0,-18207.46179107184,18207.46179107184,0.0,0.0,0.0,0.0,0.0,0.0,0.0,0.0,0.0,-185742.29102048874,-185742.29102048874,18673.429102048874,18673.429102048874,18573.429102048874,0.0,100.0,0.0,0.0,18673.429102048874,18673.429102048874,1,0.0,100.0
77,21604.649974409862,0.0,-216046.49974409863,0.0,10.0,0.0,-0.0,0.1,0.1760157869999999,17.60157869999999,0.0,0.0,100.0,1.0,0.11,-11.0,-232.86794154923845,232.86794154923845,0.0,-232.86794154923845,232.86794154923845,0.0,-21238.914091311384,21238.914091311384,0.0,0.0,0.0,0.0,0.0,0.0,0.0,0.0,0.0,-216057.49974409863,-216057.49974409863,21704.649974409862,21704.649974409862,21604.649974409862,0.0,100.0,0.0,0.0,21704.649974409862,21704.649974409862,1,0.0,100.0
78,26318.200886369654,0.0,-263182.00886369654,0.0,10.0,0.0,-0.0,0.1,0.172187653,17.2187653,0.0,0.0,100.0,1.0,0.11,-11.0,-272.0267940299267,272.0267940299267,0.0,-272.0267940299267,272.0267940299267,0.0,-25874.1472983098,25874.1472983098,0.0,0.0,0.0,0.0,0.0,0.0,0.0,0.0,0.0,-263193.00886369654,-263193.00886369654,26418.200886369654,26418.200886369654,26318.200886369654,0.0,100.0,0.0,0.0,26418.200886369654,26418.200886369654,1,0.0,100.0
79,31383.741713833733,0.0,-313837.41713833733,0.0,10.0,0.0,-0.0,0.1,0.170149274,17.014927399999998,0.0,0.0,100.0,1.0,0.11,-11.0,-518.6489705896124,518.6489705896124,0.0,-518.6489705896124,518.6489705896124,0.0,-30781.37446615091,30781.37446615091,0.0,0.0,224.36736328125,224.36736328125,0.0,0.0,110.56333021515437,110.56333021515437,0.0,-313848.41713833733,-313848.41713833733,31818.672407330138,31818.672407330138,31718.672407330138,0.0,100.0,0.0,0.0,31818.672407330138,31483.741713833733,1,0.0,100.0
80,57758.08699905123,0.0,-577580.8699905123,0.0,10.0,0.0,-0.0,0.1,0.170767033,17.076703300000002,0.0,0.0,100.0,1.0,0.11,-11.0,-695.8972119532735,695.8972119532735,0.0,-695.8972119532735,695.8972119532735,0.0,-63390.92577921975,63390.92577921975,0.0,0.0,4188.190781249999,4188.190781249999,0.0,0.0,2736.4424228250705,2736.4424228250705,0.0,-577591.8699905123,-577591.8699905123,64782.7202031263,64782.7202031263,64682.7202031263,0.0,100.0,0.0,0.0,64782.7202031263,57858.08699905123,1,0.0,100.0
81,46872.27443358985,0.0,-468722.74433589855,0.0,10.0,0.0,-0.0,0.1,0.166278493,16.6278493,0.0,0.0,100.0,1.0,0.11,-11.0,-696.0048758691903,696.0048758691903,0.0,-696.0048758691903,696.0048758691903,0.0,-61178.91043969686,61178.91043969686,0.0,0.0,10844.42255859375,10844.42255859375,0.0,0.0,4754.223199251638,4754.223199251638,0.0,-468733.74433589855,-468733.74433589855,62570.920191435245,62570.920191435245,62470.920191435245,0.0,100.0,0.0,0.0,62570.920191435245,46972.27443358986,1,0.0,100.0
82,37599.183081432806,0.0,-375991.83081432804,0.0,10.0,0.0,-0.0,0.1,0.1684239189999999,16.84239189999999,0.0,0.0,100.0,1.0,0.11,-11.0,-711.9431338251662,711.9431338251662,0.0,-711.9431338251662,711.9431338251662,0.0,-58221.39061436457,58221.39061436457,0.0,0.0,14621.273173828124,14621.273173828124,0.0,0.0,7324.820626753977,7324.820626753977,0.0,-376002.83081432804,-376002.83081432804,59645.27688201491,59645.27688201491,59545.27688201491,0.0,100.0,0.0,0.0,59645.27688201491,37699.183081432806,1,0.0,100.0
83,32525.74024907091,0.0,-325257.4024907091,0.0,10.0,0.0,-0.0,0.1,0.175109323,17.5109323,0.0,0.0,100.0,1.0,0.11,-11.0,-715.5429288548015,715.5429288548015,0.0,-715.5429288548015,715.5429288548015,0.0,-58216.87603440716,58216.87603440716,0.0,0.0,15219.586142578124,15219.586142578124,0.0,0.0,11802.635500467728,11802.635500467728,0.0,-325268.4024907091,-325268.4024907091,59647.96189211676,59647.961892116764,59547.96189211676,0.0,100.0,0.0,0.0,59647.961892116764,32625.740249070914,1,0.0,100.0
84,33557.857634356245,0.0,-335578.57634356245,0.0,10.0,0.0,-0.0,0.1,0.185303935,18.5303935,0.0,0.0,100.0,1.0,0.11,-11.0,-714.2533514477457,714.2533514477457,0.0,-714.2533514477457,714.2533514477457,0.0,-55203.1430685705,55203.1430685705,0.0,0.0,12414.9941015625,12414.9941015625,0.0,0.0,10558.798035547245,10558.798035547245,0.0,-335589.57634356245,-335589.57634356245,56631.64977146599,56631.64977146599,56531.64977146599,0.0,100.0,0.0,0.0,56631.64977146599,33657.857634356245,1,0.0,100.0
85,33895.977942710335,0.0,-338959.77942710335,0.0,10.0,0.0,-0.0,0.1,0.178140683,17.8140683,0.0,0.0,100.0,1.0,0.11,-11.0,-699.36508571459,699.36508571459,0.0,-699.36508571459,699.36508571459,0.0,-58237.491025518095,58237.491025518095,0.0,0.0,13948.171083984374,13948.171083984374,0.0,0.0,11692.072170252572,11692.072170252572,0.0,-338970.77942710335,-338970.77942710335,59636.221196947285,59636.22119694728,59536.221196947285,0.0,100.0,0.0,0.0,59636.22119694728,33995.977942710335,1,0.0,100.0
86,42613.04475994145,0.0,-426130.4475994145,0.0,10.0,0.0,-0.0,0.1,0.177864594,17.7864594,0.0,0.0,100.0,1.0,0.08,-8.0,-700.9983004395176,700.9983004395176,0.0,-700.9983004395176,700.9983004395176,0.0,-58207.224314950654,58207.224314950654,0.0,0.0,10096.53134765625,10096.53134765625,0.0,0.0,6799.644808231994,6799.644808231994,0.0,-426138.4475994145,-426138.4475994145,59609.22091582969,59609.22091582969,59509.22091582969,0.0,100.0,0.0,0.0,59609.22091582969,42713.04475994145,1,0.0,100.0
87,50168.52442007809,0.0,-501685.2442007809,0.0,10.0,0.0,-0.0,0.1,0.172854695,17.2854695,0.0,0.0,100.0,1.0,0.08,-8.0,-693.3262941115871,693.3262941115871,0.0,-693.3262941115871,693.3262941115871,0.0,-58207.985145818384,58207.985145818384,0.0,0.0,4599.5309472656245,4599.5309472656245,0.0,0.0,4726.5823666978495,4726.5823666978495,0.0,-501693.2442007809,-501693.2442007809,59594.637734041564,59594.63773404156,59494.637734041564,0.0,100.0,0.0,0.0,59594.63773404156,50268.52442007809,1,0.0,100.0
88,64692.199362291816,0.0,-646921.9936229181,0.0,10.0,0.0,-0.0,0.1,0.16626808,16.626808,0.0,0.0,100.0,1.0,0.08,-8.0,-686.9450723260092,686.9450723260092,0.0,-686.9450723260092,686.9450723260092,0.0,-63754.86026256168,63754.86026256168,0.0,0.0,336.551044921875,336.551044921875,0.0,0.0,0.0,0.0,0.0,-646929.9936229181,-646929.9936229181,65128.750407213694,65128.750407213694,65028.750407213694,0.0,100.0,0.0,0.0,65128.750407213694,64792.199362291816,1,0.0,100.0
89,58415.59632565472,0.0,-584155.9632565472,0.0,10.0,0.0,-0.0,0.1,0.169422786,16.942278599999998,0.0,0.0,100.0,1.0,0.11,-11.0,-527.8156635573987,527.8156635573987,0.0,-527.8156635573987,527.8156635573987,0.0,-57459.96499853992,57459.96499853992,0.0,0.0,0.0,0.0,0.0,0.0,0.0,0.0,0.0,-584166.9632565472,-584166.9632565472,58515.59632565472,58515.59632565472,58415.59632565472,0.0,100.0,0.0,0.0,58515.59632565472,58515.59632565472,1,0.0,100.0
90,46404.21613319935,0.0,-464042.16133199347,0.0,10.0,0.0,-0.0,0.1,0.1750874919999999,17.50874919999999,0.0,0.0,100.0,1.0,0.11,-11.0,-541.3341131609996,541.3341131609996,0.0,-541.3341131609996,541.3341131609996,0.0,-45421.54790687735,45421.54790687735,0.0,0.0,0.0,0.0,0.0,0.0,0.0,0.0,0.0,-464053.16133199347,-464053.16133199347,46504.21613319935,46504.21613319935,46404.21613319935,0.0,100.0,0.0,0.0,46504.21613319935,46504.21613319935,1,0.0,100.0
91,44940.11131944,0.0,-449401.11319440004,0.0,10.0,0.0,-0.0,0.1,0.177541067,17.7541067,0.0,0.0,100.0,1.0,0.11,-11.0,-542.8773186898377,542.8773186898377,0.0,-542.8773186898377,542.8773186898377,0.0,-43954.35668206033,43954.35668206033,0.0,0.0,0.0,0.0,0.0,0.0,0.0,0.0,0.0,-449412.11319440004,-449412.11319440004,45040.11131944,45040.11131944,44940.11131944,0.0,100.0,0.0,0.0,45040.11131944,45040.11131944,1,0.0,100.0
92,35916.83821089614,0.0,-359168.38210896135,0.0,10.0,0.0,-0.0,0.1,0.178081323,17.8081323,0.0,0.0,100.0,1.0,0.11,-11.0,-542.8132781748726,542.8132781748726,0.0,-542.8132781748726,542.8132781748726,0.0,-34931.211654546394,34931.211654546394,0.0,0.0,0.0,0.0,0.0,0.0,0.0,0.0,0.0,-359179.38210896135,-359179.38210896135,36016.83821089614,36016.83821089614,35916.83821089614,0.0,100.0,0.0,0.0,36016.83821089614,36016.83821089614,1,0.0,100.0
93,33834.75952317506,0.0,-338347.59523175063,0.0,10.0,0.0,-0.0,0.1,0.177735477,17.7735477,0.0,0.0,100.0,1.0,0.11,-11.0,-232.3801351633045,232.3801351633045,0.0,-232.3801351633045,232.3801351633045,0.0,-33469.99925284845,33469.99925284845,0.0,0.0,0.0,0.0,0.0,0.0,0.0,0.0,0.0,-338358.59523175063,-338358.59523175063,33934.75952317506,33934.75952317506,33834.75952317506,0.0,100.0,0.0,0.0,33934.75952317506,33934.75952317506,1,0.0,100.0
94,21485.874636193443,0.0,-214858.74636193443,0.0,10.0,0.0,-0.0,0.1,0.177131884,17.7131884,0.0,0.0,100.0,1.0,0.11,-11.0,-231.92998943205856,231.92998943205856,0.0,-231.92998943205856,231.92998943205856,0.0,-21122.014657329324,21122.014657329324,0.0,0.0,0.0,0.0,0.0,0.0,0.0,0.0,0.0,-214869.74636193443,-214869.74636193443,21585.874636193443,21585.874636193443,21485.874636193443,0.0,100.0,0.0,0.0,21585.874636193443,21585.874636193443,1,0.0,100.0
95,18507.729422111814,0.0,-185077.29422111815,0.0,10.0,0.0,-0.0,0.1,0.179394072,17.939407199999998,0.0,0.0,100.0,1.0,0.11,-11.0,-235.1465639012749,235.1465639012749,0.0,-235.1465639012749,235.1465639012749,0.0,-18137.436294309264,18137.436294309264,0.0,0.0,0.0,0.0,0.0,0.0,0.0,0.0,0.0,-185088.29422111815,-185088.29422111815,18607.729422111814,18607.729422111814,18507.729422111814,0.0,100.0,0.0,0.0,18607.729422111814,18607.729422111814,1,0.0,100.0
96,17879.33350879612,0.0,-178793.3350879612,0.0,10.0,0.0,-0.0,0.1,0.188322161,18.8322161,0.0,0.0,100.0,1.0,0.08,-8.0,-231.991188639244,231.991188639244,0.0,-231.991188639244,231.991188639244,0.0,-17515.351131517633,17515.351131517633,0.0,0.0,0.0,0.0,0.0,0.0,0.0,0.0,0.0,-178801.3350879612,-178801.3350879612,17979.33350879612,17979.33350879612,17879.33350879612,0.0,100.0,0.0,0.0,17979.33350879612,17979.33350879612,1,0.0,100.0
97,17856.08937416176,0.0,-178560.8937416176,0.0,10.0,0.0,-0.0,0.1,0.195162166,19.5162166,0.0,0.0,100.0,1.0,0.08,-8.0,-231.9254209793648,231.9254209793648,0.0,-231.9254209793648,231.9254209793648,0.0,-17492.238532203028,17492.238532203028,0.0,0.0,0.0,0.0,0.0,0.0,0.0,0.0,0.0,-178568.8937416176,-178568.8937416176,17956.08937416176,17956.08937416176,17856.08937416176,0.0,100.0,0.0,0.0,17956.08937416176,17956.08937416176,1,0.0,100.0
98,17880.091411464145,0.0,-178800.91411464146,0.0,10.0,0.0,-0.0,0.1,0.194831693,19.4831693,0.0,0.0,100.0,1.0,0.08,-8.0,-231.87464857590044,231.87464857590044,0.0,-231.87464857590044,231.87464857590044,0.0,-17516.342114312345,17516.342114312345,0.0,0.0,0.0,0.0,0.0,0.0,0.0,0.0,0.0,-178808.91411464146,-178808.91411464146,17980.091411464145,17980.091411464145,17880.091411464145,0.0,100.0,0.0,0.0,17980.091411464145,17980.091411464145,1,0.0,100.0
99,18784.280850350122,0.0,-187842.80850350123,0.0,10.0,0.0,-0.0,0.1,0.196071491,19.607149099999997,0.0,0.0,100.0,1.0,0.08,-8.0,-231.846306545442,231.846306545442,0.0,-231.846306545442,231.846306545442,0.0,-18420.58823725924,18420.58823725924,0.0,0.0,0.0,0.0,0.0,0.0,0.0,0.0,0.0,-187850.80850350123,-187850.80850350123,18884.280850350122,18884.280850350122,18784.280850350122,0.0,100.0,0.0,0.0,18884.280850350122,18884.280850350122,1,0.0,100.0
100,19782.80871801647,0.0,-197828.0871801647,0.0,10.0,0.0,-0.0,0.1,0.198228827,19.8228827,0.0,0.0,100.0,1.0,0.08,-8.0,-232.70399035798616,232.70399035798616,0.0,-232.70399035798616,232.70399035798616,0.0,-19417.400737300497,19417.400737300497,0.0,0.0,0.0,0.0,0.0,0.0,0.0,0.0,0.0,-197836.0871801647,-197836.0871801647,19882.80871801647,19882.80871801647,19782.80871801647,0.0,100.0,0.0,0.0,19882.80871801647,19882.80871801647,1,0.0,100.0
101,22520.935774055488,0.0,-225209.35774055487,0.0,10.0,0.0,-0.0,0.1,0.176730716,17.6730716,0.0,0.0,100.0,1.0,0.11,-11.0,-236.47306496194045,236.47306496194045,0.0,-236.47306496194045,236.47306496194045,0.0,-22147.98964413161,22147.98964413161,0.0,0.0,0.0,0.0,0.0,0.0,0.0,0.0,0.0,-225220.35774055487,-225220.35774055487,22620.935774055488,22620.935774055488,22520.935774055488,0.0,100.0,0.0,0.0,22620.935774055488,22620.935774055488,1,0.0,100.0
102,26353.65980517051,0.0,-263536.5980517051,0.0,10.0,0.0,-0.0,0.1,0.174204908,17.4204908,0.0,0.0,100.0,1.0,0.11,-11.0,-272.66223553129066,272.66223553129066,0.0,-272.66223553129066,272.66223553129066,0.0,-25908.33533410793,25908.33533410793,0.0,0.0,0.0,0.0,0.0,0.0,0.0,0.0,0.0,-263547.5980517051,-263547.5980517051,26453.65980517051,26453.65980517051,26353.65980517051,0.0,100.0,0.0,0.0,26453.65980517051,26453.65980517051,1,0.0,100.0
103,31563.95834934851,0.0,-315639.5834934851,0.0,10.0,0.0,-0.0,0.1,0.167592255,16.7592255,0.0,0.0,100.0,1.0,0.11,-11.0,-518.7526942652909,518.7526942652909,0.0,-518.7526942652909,518.7526942652909,0.0,-31045.92650340117,31045.92650340117,0.0,0.0,336.551044921875,336.551044921875,0.0,0.0,82.92249766136578,82.92249766136578,0.0,-315650.5834934851,-315650.5834934851,32083.431891931752,32083.431891931752,31983.431891931752,0.0,100.0,0.0,0.0,32083.431891931752,31663.95834934851,1,0.0,100.0
104,56636.85672895047,0.0,-566368.5672895047,0.0,10.0,0.0,-0.0,0.1,0.166092824,16.6092824,0.0,0.0,100.0,1.0,0.11,-11.0,-695.9197655084741,695.9197655084741,0.0,-695.9197655084741,695.9197655084741,0.0,-63632.121334831325,63632.121334831325,0.0,0.0,5384.81671875,5384.81671875,0.0,0.0,2902.2874181478023,2902.2874181478023,0.0,-566379.5672895047,-566379.5672895047,65023.960865848276,65023.960865848276,64923.960865848276,0.0,100.0,0.0,0.0,65023.960865848276,56736.85672895047,1,0.0,100.0
105,46515.4514929133,0.0,-465154.514929133,0.0,10.0,0.0,-0.0,0.1,0.162455566,16.2455566,0.0,0.0,100.0,1.0,0.11,-11.0,-695.3383074741467,695.3383074741467,0.0,-695.3383074741467,695.3383074741467,0.0,-61376.268906326426,61376.268906326426,0.0,0.0,10208.715029296874,10208.715029296874,0.0,0.0,5942.778999064547,5942.778999064547,0.0,-465165.514929133,-465165.514929133,62766.94552127472,62766.94552127472,62666.94552127472,0.0,100.0,0.0,0.0,62766.94552127472,46615.4514929133,1,0.0,100.0
106,34570.34621358546,0.0,-345703.4621358546,0.0,10.0,0.0,-0.0,0.1,0.166625646,16.6625646,0.0,0.0,100.0,1.0,0.11,-11.0,-711.5941089599537,711.5941089599537,0.0,-711.5941089599537,711.5941089599537,0.0,-58378.46056507548,58378.46056507548,0.0,0.0,14434.30037109375,14434.30037109375,0.0,0.0,10697.002198316184,10697.002198316184,0.0,-345714.4621358546,-345714.4621358546,59801.64878299539,59801.64878299539,59701.64878299539,0.0,100.0,0.0,0.0,59801.64878299539,34670.34621358546,1,0.0,100.0
107,30182.028551080795,0.0,-301820.28551080794,0.0,10.0,0.0,-0.0,0.1,0.171409597,17.1409597,0.0,0.0,100.0,1.0,0.11,-11.0,-717.4164869369829,717.4164869369829,0.0,-717.4164869369829,717.4164869369829,0.0,-58394.39185231974,58394.39185231974,0.0,0.0,17164.103291015625,17164.103291015625,0.0,0.0,12383.09298409729,12383.09298409729,0.0,-301831.28551080794,-301831.28551080794,59829.224826193706,59829.224826193706,59729.224826193706,0.0,100.0,0.0,0.0,59829.224826193706,30282.02855108079,1,0.0,100.0
108,27064.120196101812,0.0,-270641.20196101815,0.0,10.0,0.0,-0.0,0.1,0.1708338419999999,17.08338419999999,0.0,0.0,100.0,1.0,0.11,-11.0,-718.5662086193498,718.5662086193498,0.0,-718.5662086193498,718.5662086193498,0.0,-55402.6977276324,55402.6977276324,0.0,0.0,15855.293671875,15855.293671875,0.0,0.0,13820.416276894295,13820.416276894295,0.0,-270652.20196101815,-270652.20196101815,56839.83014487111,56839.830144871106,56739.83014487111,0.0,100.0,0.0,0.0,56839.830144871106,27164.12019610181,1,0.0,100.0
109,32406.801639741665,0.0,-324068.01639741665,0.0,10.0,0.0,-0.0,0.1,0.181512774,18.151277399999998,0.0,0.0,100.0,1.0,0.11,-11.0,-719.7326239159021,719.7326239159021,0.0,-719.7326239159021,719.7326239159021,0.0,-58414.798239339565,58414.798239339565,0.0,0.0,14135.14388671875,14135.14388671875,0.0,0.0,13212.317960710949,13212.317960710949,0.0,-324079.01639741665,-324079.01639741665,59854.26348717137,59854.26348717137,59754.26348717137,0.0,100.0,0.0,0.0,59854.26348717137,32506.80163974167,1,0.0,100.0
110,40036.27383874051,0.0,-400362.7383874051,0.0,10.0,0.0,-0.0,0.1,0.177599506,17.7599506,0.0,0.0,100.0,1.0,0.08,-8.0,-732.6683577213278,732.6683577213278,0.0,-732.6683577213278,732.6683577213278,0.0,-58342.60223342378,58342.60223342378,0.0,0.0,9610.402060546874,9610.402060546874,0.0,0.0,10061.263049579047,10061.263049579047,0.0,-400370.7383874051,-400370.7383874051,59807.93894886643,59807.93894886643,59707.93894886643,0.0,100.0,0.0,0.0,59807.93894886643,40136.27383874051,1,0.0,100.0
111,48643.46373653125,0.0,-486434.63736531255,0.0,10.0,0.0,-0.0,0.1,0.1768809519999999,17.68809519999999,0.0,0.0,100.0,1.0,0.08,-8.0,-732.5161214329335,732.5161214329335,0.0,-732.5161214329335,732.5161214329335,0.0,-58266.23546370711,58266.23546370711,0.0,0.0,4823.898310546875,4823.898310546875,0.0,0.0,6163.905659494856,6163.905659494856,0.0,-486442.63736531255,-486442.63736531255,59731.26770657298,59731.26770657298,59631.26770657298,0.0,100.0,0.0,0.0,59731.26770657298,48743.46373653125,1,0.0,100.0
112,64905.015655500196,0.0,-649050.156555002,0.0,10.0,0.0,-0.0,0.1,0.176820555,17.6820555,0.0,0.0,100.0,1.0,0.08,-8.0,-706.2909589960224,706.2909589960224,0.0,-706.2909589960224,706.2909589960224,0.0,-63816.8011007894,63816.8011007894,0.0,0.0,224.36736328125,224.36736328125,0.0,0.0,0.0,0.0,0.0,-649058.156555002,-649058.156555002,65229.383018781446,65229.383018781446,65129.383018781446,0.0,100.0,0.0,0.0,65229.383018781446,65005.015655500196,1,0.0,100.0
113,58475.79878910891,0.0,-584757.987891089,0.0,10.0,0.0,-0.0,0.1,0.144794254,14.4794254,0.0,0.0,100.0,1.0,0.11,-11.0,-522.2901061327893,522.2901061327893,0.0,-522.2901061327893,522.2901061327893,0.0,-57531.21857684333,57531.21857684333,0.0,0.0,0.0,0.0,0.0,0.0,0.0,0.0,0.0,-584768.987891089,-584768.987891089,58575.79878910891,58575.79878910891,58475.79878910891,0.0,100.0,0.0,0.0,58575.79878910891,58575.79878910891,1,0.0,100.0
114,46479.854942432044,0.0,-464798.54942432046,0.0,10.0,0.0,-0.0,0.1,0.148011162,14.801116200000001,0.0,0.0,100.0,1.0,0.11,-11.0,-539.3142385651813,539.3142385651813,0.0,-539.3142385651813,539.3142385651813,0.0,-45501.22646530168,45501.22646530168,0.0,0.0,0.0,0.0,0.0,0.0,0.0,0.0,0.0,-464809.54942432046,-464809.54942432046,46579.854942432044,46579.854942432044,46479.854942432044,0.0,100.0,0.0,0.0,46579.854942432044,46579.854942432044,1,0.0,100.0
115,45026.44293690995,0.0,-450264.42936909955,0.0,10.0,0.0,-0.0,0.1,0.151364413,15.1364413,0.0,0.0,100.0,1.0,0.11,-11.0,-540.3179395552822,540.3179395552822,0.0,-540.3179395552822,540.3179395552822,0.0,-44045.807057799386,44045.807057799386,0.0,0.0,0.0,0.0,0.0,0.0,0.0,0.0,0.0,-450275.42936909955,-450275.42936909955,45126.44293690995,45126.44293690995,45026.44293690995,0.0,100.0,0.0,0.0,45126.44293690995,45126.44293690995,1,0.0,100.0
116,36017.281588063925,0.0,-360172.81588063925,0.0,10.0,0.0,-0.0,0.1,0.147907274,14.7907274,0.0,0.0,100.0,1.0,0.11,-11.0,-540.3327933864872,540.3327933864872,0.0,-540.3327933864872,540.3327933864872,0.0,-35036.61600129095,35036.61600129095,0.0,0.0,0.0,0.0,0.0,0.0,0.0,0.0,0.0,-360183.81588063925,-360183.81588063925,36117.281588063925,36117.281588063925,36017.281588063925,0.0,100.0,0.0,0.0,36117.281588063925,36117.281588063925,1,0.0,100.0
117,33942.282359084886,0.0,-339422.8235908488,0.0,10.0,0.0,-0.0,0.1,0.147374288,14.7374288,0.0,0.0,100.0,1.0,0.11,-11.0,-232.70218559657383,232.70218559657383,0.0,-232.70218559657383,232.70218559657383,0.0,-33576.87798789174,33576.87798789174,0.0,0.0,0.0,0.0,0.0,0.0,0.0,0.0,0.0,-339433.8235908488,-339433.8235908488,34042.282359084886,34042.282359084886,33942.282359084886,0.0,100.0,0.0,0.0,34042.282359084886,34042.282359084886,1,0.0,100.0
118,21486.34573731008,0.0,-214863.4573731008,0.0,10.0,0.0,-0.0,0.1,0.145005515,14.5005515,0.0,0.0,100.0,1.0,0.11,-11.0,-232.16550069157512,232.16550069157512,0.0,-232.16550069157512,232.16550069157512,0.0,-21122.01473592693,21122.01473592693,0.0,0.0,0.0,0.0,0.0,0.0,0.0,0.0,0.0,-214874.4573731008,-214874.4573731008,21586.34573731008,21586.34573731008,21486.34573731008,0.0,100.0,0.0,0.0,21586.34573731008,21586.34573731008,1,0.0,100.0
119,18601.54580781508,0.0,-186015.4580781508,0.0,10.0,0.0,-0.0,0.1,0.172538064,17.2538064,0.0,0.0,100.0,1.0,0.11,-11.0,-235.25752172748443,235.25752172748443,0.0,-235.25752172748443,235.25752172748443,0.0,-18231.03076436011,18231.03076436011,0.0,0.0,0.0,0.0,0.0,0.0,0.0,0.0,0.0,-186026.4580781508,-186026.4580781508,18701.54580781508,18701.54580781508,18601.54580781508,0.0,100.0,0.0,0.0,18701.54580781508,18701.54580781508,1,0.0,100.0
120,17880.39216797085,0.0,-178803.92167970852,0.0,10.0,0.0,-0.0,0.1,0.169530603,16.9530603,0.0,0.0,100.0,1.0,0.08,-8.0,-232.23189572707423,232.23189572707423,0.0,-232.23189572707423,232.23189572707423,0.0,-17515.928376516702,17515.928376516702,0.0,0.0,0.0,0.0,0.0,0.0,0.0,0.0,0.0,-178811.92167970852,-178811.92167970852,17980.39216797085,17980.39216797085,17880.39216797085,0.0,100.0,0.0,0.0,17980.39216797085,17980.39216797085,1,0.0,100.0
121,17858.330475948336,0.0,-178583.30475948338,0.0,10.0,0.0,-0.0,0.1,0.1703472369999999,17.03472369999999,0.0,0.0,100.0,1.0,0.08,-8.0,-232.29437320057883,232.29437320057883,0.0,-232.29437320057883,232.29437320057883,0.0,-17493.74172954718,17493.74172954718,0.0,0.0,0.0,0.0,0.0,0.0,0.0,0.0,0.0,-178591.30475948338,-178591.30475948338,17958.330475948336,17958.330475948336,17858.330475948336,0.0,100.0,0.0,0.0,17958.330475948336,17958.330475948336,1,0.0,100.0
122,18530.885747789343,0.0,-185308.85747789344,0.0,10.0,0.0,-0.0,0.1,0.171879052,17.1879052,0.0,0.0,100.0,1.0,0.08,-8.0,-232.30794884914823,232.30794884914823,0.0,-232.30794884914823,232.30794884914823,0.0,-18166.26985009105,18166.26985009105,0.0,0.0,0.0,0.0,0.0,0.0,0.0,0.0,0.0,-185316.85747789344,-185316.85747789344,18630.885747789343,18630.885747789343,18530.885747789343,0.0,100.0,0.0,0.0,18630.885747789343,18630.885747789343,1,0.0,100.0
123,19020.055502930114,0.0,-190200.55502930115,0.0,10.0,0.0,-0.0,0.1,0.174401593,17.440159299999998,0.0,0.0,100.0,1.0,0.08,-8.0,-232.28707185215225,232.28707185215225,0.0,-232.28707185215225,232.28707185215225,0.0,-18655.48135922581,18655.48135922581,0.0,0.0,0.0,0.0,0.0,0.0,0.0,0.0,0.0,-190208.55502930115,-190208.55502930115,19120.055502930114,19120.055502930114,19020.055502930114,0.0,100.0,0.0,0.0,19120.055502930114,19120.055502930114,1,0.0,100.0
124,19560.729536632625,0.0,-195607.29536632626,0.0,10.0,0.0,-0.0,0.1,0.1695861719999999,16.95861719999999,0.0,0.0,100.0,1.0,0.08,-8.0,-236.68912356042728,236.68912356042728,0.0,-236.68912356042728,236.68912356042728,0.0,-19187.35128951177,19187.35128951177,0.0,0.0,0.0,0.0,0.0,0.0,0.0,0.0,0.0,-195615.29536632626,-195615.29536632626,19660.729536632625,19660.729536632625,19560.729536632625,0.0,100.0,0.0,0.0,19660.729536632625,19660.729536632625,1,0.0,100.0
125,22755.812031396057,0.0,-227558.12031396056,0.0,10.0,0.0,-0.0,0.1,0.1728052289999999,17.28052289999999,0.0,0.0,100.0,1.0,0.11,-11.0,-235.97340668316704,235.97340668316704,0.0,-235.97340668316704,235.97340668316704,0.0,-22383.86521802972,22383.86521802972,0.0,0.0,0.0,0.0,0.0,0.0,0.0,0.0,0.0,-227569.12031396056,-227569.12031396056,22855.812031396057,22855.812031396057,22755.812031396057,0.0,100.0,0.0,0.0,22855.812031396057,22855.812031396057,1,0.0,100.0
126,26353.58484102823,0.0,-263535.8484102823,0.0,10.0,0.0,-0.0,0.1,0.178670896,17.8670896,0.0,0.0,100.0,1.0,0.11,-11.0,-270.79865901447005,270.79865901447005,0.0,-270.79865901447005,270.79865901447005,0.0,-25911.98752299929,25911.98752299929,0.0,0.0,0.0,0.0,0.0,0.0,0.0,0.0,0.0,-263546.8484102823,-263546.8484102823,26453.58484102823,26453.58484102823,26353.58484102823,0.0,100.0,0.0,0.0,26453.58484102823,26453.58484102823,1,0.0,100.0
127,31564.720533428506,0.0,-315647.20533428504,0.0,10.0,0.0,-0.0,0.1,0.1811025989999999,18.11025989999999,0.0,0.0,100.0,1.0,0.11,-11.0,-516.2636390255088,516.2636390255088,0.0,-516.2636390255088,516.2636390255088,0.0,-31106.948463068307,31106.948463068307,0.0,0.0,336.551044921875,336.551044921875,0.0,0.0,138.20416276894295,138.20416276894295,0.0,-315658.20533428504,-315658.20533428504,32139.475741119324,32139.475741119324,32039.475741119324,0.0,100.0,0.0,0.0,32139.475741119324,31664.720533428506,1,0.0,100.0
128,56753.87386159993,0.0,-567538.7386159993,0.0,10.0,0.0,-0.0,0.1,0.181977325,18.1977325,0.0,0.0,100.0,1.0,0.11,-11.0,-693.439032179927,693.439032179927,0.0,-693.439032179927,693.439032179927,0.0,-63609.41436566706,63609.41436566706,0.0,0.0,4936.0819921875,4936.0819921875,0.0,0.0,3206.3365762394765,3206.3365762394765,0.0,-567549.7386159993,-567549.7386159993,64996.29243002691,64996.29243002691,64896.29243002691,0.0,100.0,0.0,0.0,64996.29243002691,56853.87386159993,1,0.0,100.0
129,44987.258869600606,0.0,-449872.58869600605,0.0,10.0,0.0,-0.0,0.1,0.181551552,18.1551552,0.0,0.0,100.0,1.0,0.11,-11.0,-694.4124116887339,694.4124116887339,0.0,-694.4124116887339,694.4124116887339,0.0,-61297.005095374654,61297.005095374654,0.0,0.0,10246.109589843749,10246.109589843749,0.0,0.0,7352.461459307765,7352.461459307765,0.0,-449883.58869600605,-449883.58869600605,62685.82991875212,62685.82991875212,62585.82991875212,0.0,100.0,0.0,0.0,62685.82991875212,45087.258869600606,1,0.0,100.0
130,37598.98381489063,0.0,-375989.83814890624,0.0,10.0,0.0,-0.0,0.1,0.182037704,18.2037704,0.0,0.0,100.0,1.0,0.11,-11.0,-740.0103545984948,740.0103545984948,0.0,-740.0103545984948,740.0103545984948,0.0,-58285.437203364505,58285.437203364505,0.0,0.0,13387.25267578125,13387.25267578125,0.0,0.0,8679.221421889617,8679.221421889617,0.0,-376000.83814890624,-376000.83814890624,59765.4579125615,59765.4579125615,59665.4579125615,0.0,100.0,0.0,0.0,59765.4579125615,37698.98381489063,1,0.0,100.0
131,42484.83456971651,0.0,-424848.3456971651,0.0,10.0,0.0,-0.0,0.1,0.1847362669999999,18.47362669999999,0.0,0.0,100.0,1.0,0.11,-11.0,-781.347489416448,781.347489416448,0.0,-781.347489416448,781.347489416448,0.0,-58264.65213912709,58264.65213912709,0.0,0.0,9834.769423828126,9834.769423828126,0.0,0.0,7407.743124415342,7407.743124415342,0.0,-424859.3456971651,-424859.3456971651,59827.34711795998,59827.34711795998,59727.34711795998,0.0,100.0,0.0,0.0,59827.34711795998,42584.83456971651,1,0.0,100.0
132,37306.40012873852,0.0,-373064.0012873852,0.0,10.0,0.0,-0.0,0.1,0.182996167,18.299616699999998,0.0,0.0,100.0,1.0,0.11,-11.0,-815.3806083944163,815.3806083944163,0.0,-815.3806083944163,815.3806083944163,0.0,-55265.35037081896,55265.35037081896,0.0,0.0,6581.442656249999,6581.442656249999,0.0,0.0,12908.268802619272,12908.268802619272,0.0,-373075.0012873852,-373075.0012873852,56896.11158760779,56896.11158760779,56796.11158760779,0.0,100.0,0.0,0.0,56896.11158760779,37406.40012873852,1,0.0,100.0
133,43745.04743983911,0.0,-437450.4743983911,0.0,10.0,0.0,-0.0,0.1,0.174590372,17.4590372,0.0,0.0,100.0,1.0,0.11,-11.0,-817.8460644529646,817.8460644529646,0.0,-817.8460644529646,817.8460644529646,0.0,-58296.0985211563,58296.0985211563,0.0,0.0,4449.952705078125,4449.952705078125,0.0,0.0,11636.790505144996,11636.790505144996,0.0,-437461.4743983911,-437461.4743983911,59931.790650062234,59931.790650062234,59831.790650062234,0.0,100.0,0.0,0.0,59931.790650062234,43845.04743983911,1,0.0,100.0
134,47829.60928013612,0.0,-478296.0928013612,0.0,10.0,0.0,-0.0,0.1,0.173904066,17.3904066,0.0,0.0,100.0,1.0,0.08,-8.0,-839.7783805486201,839.7783805486201,0.0,-839.7783805486201,839.7783805486201,0.0,-58224.91956221043,58224.91956221043,0.0,0.0,2355.857314453125,2355.857314453125,0.0,0.0,9619.009728718427,9619.009728718427,0.0,-478304.0928013612,-478304.0928013612,59904.476323307674,59904.476323307674,59804.476323307674,0.0,100.0,0.0,0.0,59904.476323307674,47929.60928013612,1,0.0,100.0
135,51174.11909997273,0.0,-511741.19099972735,0.0,10.0,0.0,-0.0,0.1,0.1860706939999999,18.60706939999999,0.0,0.0,100.0,1.0,0.08,-8.0,-827.2128945950657,827.2128945950657,0.0,-827.2128945950657,827.2128945950657,0.0,-58219.13807954101,58219.13807954101,0.0,0.0,2131.489951171875,2131.489951171875,0.0,0.0,6467.95481758653,6467.95481758653,0.0,-511749.19099972735,-511749.19099972735,59873.56386873114,59873.56386873114,59773.56386873114,0.0,100.0,0.0,0.0,59873.56386873114,51274.11909997273,1,0.0,100.0
136,64268.386834340454,0.0,-642683.8683434045,0.0,10.0,0.0,-0.0,0.1,0.164709348,16.470934800000002,0.0,0.0,100.0,1.0,0.08,-8.0,-788.1719959695591,788.1719959695591,0.0,-788.1719959695591,788.1719959695591,0.0,-63240.77756896384,63240.77756896384,0.0,0.0,448.7347265625,448.7347265625,0.0,0.0,0.0,0.0,0.0,-642691.8683434045,-642691.8683434045,64817.12156090295,64817.12156090295,64717.12156090295,0.0,100.0,0.0,0.0,64817.12156090295,64368.386834340454,1,0.0,100.0
137,58553.382990416576,0.0,-585533.8299041658,0.0,10.0,0.0,-0.0,0.1,0.158346696,15.834669600000002,0.0,0.0,100.0,1.0,0.11,-11.0,-600.0557515115088,600.0557515115088,0.0,-600.0557515115088,600.0557515115088,0.0,-57453.27148739356,57453.27148739356,0.0,0.0,0.0,0.0,0.0,0.0,0.0,0.0,0.0,-585544.8299041658,-585544.8299041658,58653.382990416576,58653.382990416576,58553.382990416576,0.0,100.0,0.0,0.0,58653.382990416576,58653.382990416576,1,0.0,100.0
138,46507.89615594137,0.0,-465078.9615594137,0.0,10.0,0.0,-0.0,0.1,0.156492575,15.6492575,0.0,0.0,100.0,1.0,0.11,-11.0,-600.4536684943639,600.4536684943639,0.0,-600.4536684943639,600.4536684943639,0.0,-45406.98881895265,45406.98881895265,0.0,0.0,0.0,0.0,0.0,0.0,0.0,0.0,0.0,-465089.9615594137,-465089.9615594137,46607.89615594137,46607.89615594137,46507.89615594137,0.0,100.0,0.0,0.0,46607.89615594137,46607.89615594137,1,0.0,100.0
139,45001.5170797308,0.0,-450015.17079730803,0.0,10.0,0.0,-0.0,0.1,0.156496902,15.649690199999998,0.0,0.0,100.0,1.0,0.11,-11.0,-584.4185970323534,584.4185970323534,0.0,-584.4185970323534,584.4185970323534,0.0,-43932.6798856661,43932.6798856661,0.0,0.0,0.0,0.0,0.0,0.0,0.0,0.0,0.0,-450026.17079730803,-450026.17079730803,45101.5170797308,45101.5170797308,45001.5170797308,0.0,100.0,0.0,0.0,45101.5170797308,45101.5170797308,1,0.0,100.0
140,35953.61754971216,0.0,-359536.1754971216,0.0,10.0,0.0,-0.0,0.1,0.142211496,14.221149599999999,0.0,0.0,100.0,1.0,0.11,-11.0,-577.1961425334713,577.1961425334713,0.0,-577.1961425334713,577.1961425334713,0.0,-34899.22526464522,34899.22526464522,0.0,0.0,0.0,0.0,0.0,0.0,0.0,0.0,0.0,-359547.1754971216,-359547.1754971216,36053.61754971216,36053.61754971216,35953.61754971216,0.0,100.0,0.0,0.0,36053.61754971216,36053.61754971216,1,0.0,100.0
141,33790.20397989902,0.0,-337902.03979899024,0.0,10.0,0.0,-0.0,0.1,0.142885232,14.2885232,0.0,0.0,100.0,1.0,0.11,-11.0,-232.62241851459723,232.62241851459723,0.0,-232.62241851459723,232.62241851459723,0.0,-33424.959142869826,33424.959142869826,0.0,0.0,0.0,0.0,0.0,0.0,0.0,0.0,0.0,-337913.03979899024,-337913.03979899024,33890.20397989902,33890.20397989902,33790.20397989902,0.0,100.0,0.0,0.0,33890.20397989902,33890.20397989902,1,0.0,100.0
142,21487.421926814066,0.0,-214874.21926814067,0.0,10.0,0.0,-0.0,0.1,0.158863465,15.8863465,0.0,0.0,100.0,1.0,0.11,-11.0,-232.7035500987976,232.7035500987976,0.0,-232.7035500987976,232.7035500987976,0.0,-21122.014826616472,21122.014826616472,0.0,0.0,0.0,0.0,0.0,0.0,0.0,0.0,0.0,-214885.21926814067,-214885.21926814067,21587.421926814066,21587.421926814066,21487.421926814066,0.0,100.0,0.0,0.0,21587.421926814066,21587.421926814066,1,0.0,100.0
143,18508.813395020683,0.0,-185088.13395020683,0.0,10.0,0.0,-0.0,0.1,0.1783526539999999,17.83526539999999,0.0,0.0,100.0,1.0,0.11,-11.0,-235.6884566431777,235.6884566431777,0.0,-235.6884566431777,235.6884566431777,0.0,-18137.436481734327,18137.436481734327,0.0,0.0,0.0,0.0,0.0,0.0,0.0,0.0,0.0,-185099.13395020683,-185099.13395020683,18608.813395020683,18608.813395020683,18508.813395020683,0.0,100.0,0.0,0.0,18608.813395020683,18608.813395020683,1,0.0,100.0
144,14750.535766169398,0.0,-147505.35766169397,0.0,10.0,0.0,-0.0,0.1,0.172918287,17.2918287,0.0,0.0,100.0,1.0,0.08,-8.0,-232.70239501467296,232.70239501467296,0.0,-232.70239501467296,232.70239501467296,0.0,-14385.130976140052,14385.130976140052,0.0,0.0,0.0,0.0,0.0,0.0,0.0,0.0,0.0,-147513.35766169397,-147513.35766169397,14850.535766169398,14850.535766169398,14750.535766169398,0.0,100.0,0.0,0.0,14850.535766169398,14850.535766169398,1,0.0,100.0
145,14867.239611328176,0.0,-148672.39611328175,0.0,10.0,0.0,-0.0,0.1,0.172667975,17.2667975,0.0,0.0,100.0,1.0,0.08,-8.0,-232.6727175201848,232.6727175201848,0.0,-232.6727175201848,232.6727175201848,0.0,-14501.894176287806,14501.894176287806,0.0,0.0,0.0,0.0,0.0,0.0,0.0,0.0,0.0,-148680.39611328175,-148680.39611328175,14967.239611328176,14967.239611328176,14867.239611328176,0.0,100.0,0.0,0.0,14967.239611328176,14967.239611328176,1,0.0,100.0
146,14843.963192145608,0.0,-148439.63192145608,0.0,10.0,0.0,-0.0,0.1,0.1719412689999999,17.19412689999999,0.0,0.0,100.0,1.0,0.08,-8.0,-232.6521106955495,232.6521106955495,0.0,-232.6521106955495,232.6521106955495,0.0,-14478.658970754508,14478.658970754508,0.0,0.0,0.0,0.0,0.0,0.0,0.0,0.0,0.0,-148447.63192145608,-148447.63192145608,14943.963192145608,14943.963192145608,14843.963192145608,0.0,100.0,0.0,0.0,14943.963192145608,14943.963192145608,1,0.0,100.0
147,14867.46999591945,0.0,-148674.6999591945,0.0,10.0,0.0,-0.0,0.1,0.18168002,18.168002,0.0,0.0,100.0,1.0,0.08,-8.0,-232.6343240485961,232.6343240485961,0.0,-232.6343240485961,232.6343240485961,0.0,-14502.201347822258,14502.201347822258,0.0,0.0,0.0,0.0,0.0,0.0,0.0,0.0,0.0,-148682.6999591945,-148682.6999591945,14967.46999591945,14967.46999591945,14867.46999591945,0.0,100.0,0.0,0.0,14967.46999591945,14967.46999591945,1,0.0,100.0
148,15584.9025602076,0.0,-155849.025602076,0.0,10.0,0.0,-0.0,0.1,0.183477841,18.347784100000002,0.0,0.0,100.0,1.0,0.08,-8.0,-233.56803905812257,233.56803905812257,0.0,-233.56803905812257,233.56803905812257,0.0,-15217.766482091354,15217.766482091354,0.0,0.0,0.0,0.0,0.0,0.0,0.0,0.0,0.0,-155857.025602076,-155857.025602076,15684.9025602076,15684.9025602076,15584.9025602076,0.0,100.0,0.0,0.0,15684.9025602076,15684.9025602076,1,0.0,100.0
149,17086.336449978357,0.0,-170863.36449978355,0.0,10.0,0.0,-0.0,0.1,0.1624079269999999,16.24079269999999,0.0,0.0,100.0,1.0,0.11,-11.0,-233.49264168039403,233.49264168039403,0.0,-233.49264168039403,233.49264168039403,0.0,-16719.35116661757,16719.35116661757,0.0,0.0,0.0,0.0,0.0,0.0,0.0,0.0,0.0,-170874.36449978355,-170874.36449978355,17186.336449978357,17186.336449978357,17086.336449978357,0.0,100.0,0.0,0.0,17186.336449978357,17186.336449978357,1,0.0,100.0
150,26239.085134666995,0.0,-262390.85134666995,0.0,10.0,0.0,-0.0,0.1,0.163314601,16.3314601,0.0,0.0,100.0,1.0,0.11,-11.0,-233.5292029005222,233.5292029005222,0.0,-233.5292029005222,233.5292029005222,0.0,-25872.026728865952,25872.026728865952,0.0,0.0,0.0,0.0,0.0,0.0,0.0,0.0,0.0,-262401.85134666995,-262401.85134666995,26339.085134666995,26339.085134666995,26239.085134666995,0.0,100.0,0.0,0.0,26339.085134666995,26339.085134666995,1,0.0,100.0
151,24870.629917038998,0.0,-248706.29917038998,0.0,10.0,0.0,-0.0,0.1,0.159674654,15.9674654,0.0,0.0,100.0,1.0,0.11,-11.0,-209.3443889945776,209.3443889945776,0.0,-209.3443889945776,209.3443889945776,0.0,-24766.554774338005,24766.554774338005,0.0,0.0,186.972802734375,186.972802734375,0.0,0.0,27.64083255378859,27.64083255378859,0.0,-248717.29917038998,-248717.29917038998,25185.24355232716,25185.24355232716,25085.24355232716,0.0,100.0,0.0,0.0,25185.24355232716,24970.629917038998,1,0.0,100.0
152,34219.13571570547,0.0,-342191.3571570547,0.0,10.0,0.0,-0.0,0.1,0.159781564,15.9781564,0.0,0.0,100.0,1.0,0.11,-11.0,-197.4165313192329,197.4165313192329,0.0,-197.4165313192329,197.4165313192329,0.0,-39296.18817985351,39296.18817985351,0.0,0.0,3851.639736328125,3851.639736328125,0.0,0.0,1520.2457904583723,1520.2457904583723,0.0,-342202.3571570547,-342202.3571570547,39691.021242491974,39691.021242491974,39591.021242491974,0.0,100.0,0.0,0.0,39691.021242491974,34319.13571570547,1,0.0,100.0
153,22957.262269808503,0.0,-229572.62269808503,0.0,10.0,0.0,-0.0,0.1,0.160824838,16.0824838,0.0,0.0,100.0,1.0,0.11,-11.0,-197.55524447048904,197.55524447048904,0.0,-197.55524447048904,197.55524447048904,0.0,-37067.34906518333,37067.34906518333,0.0,0.0,11143.57904296875,11143.57904296875,0.0,0.0,3261.6182413470538,3261.6182413470538,0.0,-229583.62269808503,-229583.62269808503,37462.4595541243,37462.4595541243,37362.4595541243,0.0,100.0,0.0,0.0,37462.4595541243,23057.2622698085,1,0.0,100.0
154,12708.734673837393,0.0,-127087.34673837392,0.0,10.0,0.0,-0.0,0.1,0.166159923,16.6159923,0.0,0.0,100.0,1.0,0.11,-11.0,-197.6499358033832,197.6499358033832,0.0,-197.6499358033832,197.6499358033832,0.0,-34102.59611382075,34102.59611382075,0.0,0.0,15331.769824218749,15331.769824218749,0.0,0.0,6357.391487371376,6357.391487371376,0.0,-127098.34673837392,-127098.34673837392,34497.895985427516,34497.895985427516,34397.895985427516,0.0,100.0,0.0,0.0,34497.895985427516,12808.734673837393,1,0.0,100.0
155,15191.533250166258,0.0,-151915.33250166257,0.0,10.0,0.0,-0.0,0.1,0.186500296,18.6500296,0.0,0.0,100.0,1.0,0.11,-11.0,-200.53658304093017,200.53658304093017,0.0,-200.53658304093017,200.53658304093017,0.0,-34096.775900669694,34096.775900669694,0.0,0.0,16304.0283984375,16304.0283984375,0.0,0.0,2902.2874181478023,2902.2874181478023,0.0,-151926.33250166257,-151926.33250166257,34497.84906675156,34497.84906675156,34397.84906675156,0.0,100.0,0.0,0.0,34497.84906675156,15291.533250166256,1,0.0,100.0
156,11727.927510864261,0.0,-117279.27510864261,0.0,10.0,0.0,-0.0,0.1,0.186470407,18.6470407,0.0,0.0,100.0,1.0,0.11,-11.0,-197.74808130058008,197.74808130058008,0.0,-197.74808130058008,197.74808130058008,0.0,-34095.47158549745,34095.47158549745,0.0,0.0,16416.212080078123,16416.212080078123,0.0,0.0,6246.828157156222,6246.828157156222,0.0,-117290.27510864261,-117290.27510864261,34490.96774809861,34490.96774809861,34390.96774809861,0.0,100.0,0.0,0.0,34490.96774809861,11827.927510864261,1,0.0,100.0
157,9599.515518297438,0.0,-95995.15518297438,0.0,10.0,0.0,-0.0,0.1,0.1908492,19.08492,0.0,0.0,100.0,1.0,0.11,-11.0,-197.9937627900348,197.9937627900348,0.0,-197.9937627900348,197.9937627900348,0.0,-34093.355224048486,34093.355224048486,0.0,0.0,15032.613339843749,15032.613339843749,0.0,0.0,9757.213891487372,9757.213891487372,0.0,-96006.15518297438,-96006.15518297438,34489.34274962856,34489.34274962856,34389.34274962856,0.0,100.0,0.0,0.0,34489.34274962856,9699.515518297438,1,0.0,100.0
158,1122.347139967651,0.0,-11223.47139967651,0.0,10.0,0.0,-0.0,0.1,0.196925212,19.692521199999998,0.0,0.0,100.0,1.0,0.08,-8.0,-198.0802506657677,198.0802506657677,0.0,-198.0802506657677,198.0802506657677,0.0,-19037.68543880713,19037.68543880713,0.0,0.0,11218.3681640625,11218.3681640625,0.0,0.0,6993.1306361085135,6993.1306361085135,0.0,-11231.47139967651,-11231.47139967651,19433.845940138664,19433.845940138664,19333.845940138664,0.0,100.0,0.0,0.0,19433.845940138664,1222.3471399676491,1,0.0,100.0
159,7930.793006401601,0.0,-79307.930064016,0.0,10.0,0.0,-0.0,0.1,0.1842103939999999,18.421039399999987,0.0,0.0,100.0,1.0,0.08,-8.0,-198.04596024077568,198.04596024077568,0.0,-198.04596024077568,198.04596024077568,0.0,-19040.35824711955,19040.35824711955,0.0,0.0,5048.265673828125,5048.265673828125,0.0,0.0,6357.391487371376,6357.391487371376,0.0,-79315.930064016,-79315.930064016,19436.450167601102,19436.450167601102,19336.450167601102,0.0,100.0,0.0,0.0,19436.450167601102,8030.793006401602,1,0.0,100.0
160,24209.4596559339,0.0,-242094.596559339,0.0,10.0,0.0,-0.0,0.1,0.183584741,18.3584741,0.0,0.0,100.0,1.0,0.08,-8.0,-197.60061576987653,197.60061576987653,0.0,-197.60061576987653,197.60061576987653,0.0,-24063.83666658165,24063.83666658165,0.0,0.0,149.5782421875,149.5782421875,0.0,0.0,0.0,0.0,0.0,-242102.596559339,-242102.596559339,24459.0378981214,24459.0378981214,24359.0378981214,0.0,100.0,0.0,0.0,24459.0378981214,24309.4596559339,1,0.0,100.0
161,23128.511821523316,0.0,-231285.11821523315,0.0,10.0,0.0,-0.0,0.1,0.182721821,18.272182100000002,0.0,0.0,100.0,1.0,0.11,-11.0,-215.4885213324548,215.4885213324548,0.0,-215.4885213324548,215.4885213324548,0.0,-22797.534778858408,22797.534778858408,0.0,0.0,0.0,0.0,0.0,0.0,0.0,0.0,0.0,-231296.11821523315,-231296.11821523315,23228.511821523316,23228.511821523316,23128.511821523316,0.0,100.0,0.0,0.0,23228.511821523316,23228.511821523316,1,0.0,100.0
162,21402.516916918346,0.0,-214025.16916918347,0.0,10.0,0.0,-0.0,0.1,0.172742244,17.274224399999998,0.0,0.0,100.0,1.0,0.11,-11.0,-233.3858494123976,233.3858494123976,0.0,-233.3858494123976,233.3858494123976,0.0,-21035.74521809355,21035.74521809355,0.0,0.0,0.0,0.0,0.0,0.0,0.0,0.0,0.0,-214036.16916918347,-214036.16916918347,21502.516916918346,21502.516916918346,21402.516916918346,0.0,100.0,0.0,0.0,21502.516916918346,21502.516916918346,1,0.0,100.0
163,19926.685664428664,0.0,-199266.85664428663,0.0,10.0,0.0,-0.0,0.1,0.17317108,17.317108,0.0,0.0,100.0,1.0,0.11,-11.0,-234.4206027759712,234.4206027759712,0.0,-234.4206027759712,234.4206027759712,0.0,-19557.84445887672,19557.84445887672,0.0,0.0,0.0,0.0,0.0,0.0,0.0,0.0,0.0,-199277.85664428663,-199277.85664428663,20026.685664428664,20026.685664428664,19926.685664428664,0.0,100.0,0.0,0.0,20026.685664428664,20026.685664428664,1,0.0,100.0
164,19926.419283455787,0.0,-199264.19283455788,0.0,10.0,0.0,-0.0,0.1,0.147707753,14.7707753,0.0,0.0,100.0,1.0,0.11,-11.0,-234.28740926654905,234.28740926654905,0.0,-234.28740926654905,234.28740926654905,0.0,-19557.844464922688,19557.844464922688,0.0,0.0,0.0,0.0,0.0,0.0,0.0,0.0,0.0,-199275.19283455788,-199275.19283455788,20026.419283455787,20026.419283455787,19926.419283455787,0.0,100.0,0.0,0.0,20026.419283455787,20026.419283455787,1,0.0,100.0
165,18447.304689580018,0.0,-184473.0468958002,0.0,10.0,0.0,-0.0,0.1,0.153358633,15.3358633,0.0,0.0,100.0,1.0,0.11,-11.0,-233.65001722701805,233.65001722701805,0.0,-233.65001722701805,233.65001722701805,0.0,-18080.00465512598,18080.00465512598,0.0,0.0,0.0,0.0,0.0,0.0,0.0,0.0,0.0,-184484.0468958002,-184484.0468958002,18547.304689580018,18547.304689580018,18447.304689580018,0.0,100.0,0.0,0.0,18547.304689580018,18547.304689580018,1,0.0,100.0
166,16967.711953988484,0.0,-169677.11953988485,0.0,10.0,0.0,-0.0,0.1,0.177265769,17.726576899999998,0.0,0.0,100.0,1.0,0.11,-11.0,-232.86493613800525,232.86493613800525,0.0,-232.86493613800525,232.86493613800525,0.0,-16601.982081712475,16601.982081712475,0.0,0.0,0.0,0.0,0.0,0.0,0.0,0.0,0.0,-169688.11953988485,-169688.11953988485,17067.711953988484,17067.711953988484,16967.711953988484,0.0,100.0,0.0,0.0,17067.711953988484,17067.711953988484,1,0.0,100.0
167,15495.508499995976,0.0,-154955.08499995977,0.0,10.0,0.0,-0.0,0.1,0.174206477,17.4206477,0.0,0.0,100.0,1.0,0.11,-11.0,-235.7135857271838,235.7135857271838,0.0,-235.7135857271838,235.7135857271838,0.0,-15124.081328541608,15124.081328541608,0.0,0.0,0.0,0.0,0.0,0.0,0.0,0.0,0.0,-154966.08499995977,-154966.08499995977,15595.508499995976,15595.508499995976,15495.508499995976,0.0,100.0,0.0,0.0,15595.508499995976,15595.508499995976,1,0.0,100.0
168,14750.680082022947,0.0,-147506.80082022946,0.0,10.0,0.0,-0.0,0.1,0.17659932,17.659932,0.0,0.0,100.0,1.0,0.08,-8.0,-232.7897585551368,232.7897585551368,0.0,-232.7897585551368,232.7897585551368,0.0,-14385.100564912673,14385.100564912673,0.0,0.0,0.0,0.0,0.0,0.0,0.0,0.0,0.0,-147514.80082022946,-147514.80082022946,14850.680082022947,14850.680082022947,14750.680082022947,0.0,100.0,0.0,0.0,14850.680082022947,14850.680082022947,1,0.0,100.0
169,14750.555359548856,0.0,-147505.55359548857,0.0,10.0,0.0,-0.0,0.1,0.178998273,17.899827300000002,0.0,0.0,100.0,1.0,0.08,-8.0,-232.7273973180916,232.7273973180916,0.0,-232.7273973180916,232.7273973180916,0.0,-14385.100564912673,14385.100564912673,0.0,0.0,0.0,0.0,0.0,0.0,0.0,0.0,0.0,-147513.55359548857,-147513.55359548857,14850.555359548856,14850.555359548856,14750.555359548856,0.0,100.0,0.0,0.0,14850.555359548856,14850.555359548856,1,0.0,100.0
170,14820.466251685682,0.0,-148204.66251685683,0.0,10.0,0.0,-0.0,0.1,0.17738968,17.738968,0.0,0.0,100.0,1.0,0.08,-8.0,-232.68151584190443,232.68151584190443,0.0,-232.68151584190443,232.68151584190443,0.0,-14455.103220001874,14455.103220001874,0.0,0.0,0.0,0.0,0.0,0.0,0.0,0.0,0.0,-148212.66251685683,-148212.66251685683,14920.466251685682,14920.466251685682,14820.466251685682,0.0,100.0,0.0,0.0,14920.466251685682,14920.466251685682,1,0.0,100.0
171,14867.213024933291,0.0,-148672.13024933293,0.0,10.0,0.0,-0.0,0.1,0.174717635,17.4717635,0.0,0.0,100.0,1.0,0.08,-8.0,-232.6567127053493,232.6567127053493,0.0,-232.6567127053493,232.6567127053493,0.0,-14501.899599522592,14501.899599522592,0.0,0.0,0.0,0.0,0.0,0.0,0.0,0.0,0.0,-148680.13024933293,-148680.13024933293,14967.213024933291,14967.213024933291,14867.213024933291,0.0,100.0,0.0,0.0,14967.213024933291,14967.213024933291,1,0.0,100.0
172,15584.798151347723,0.0,-155847.98151347722,0.0,10.0,0.0,-0.0,0.1,0.178519236,17.8519236,0.0,0.0,100.0,1.0,0.08,-8.0,-233.61822312434583,233.61822312434583,0.0,-233.61822312434583,233.61822312434583,0.0,-15217.561705099031,15217.561705099031,0.0,0.0,0.0,0.0,0.0,0.0,0.0,0.0,0.0,-155855.98151347722,-155855.98151347722,15684.798151347723,15684.798151347723,15584.798151347723,0.0,100.0,0.0,0.0,15684.798151347723,15684.798151347723,1,0.0,100.0
173,17086.190159018828,0.0,-170861.90159018827,0.0,10.0,0.0,-0.0,0.1,0.1828330719999999,18.28330719999999,0.0,0.0,100.0,1.0,0.11,-11.0,-233.56939694934536,233.56939694934536,0.0,-233.56939694934536,233.56939694934536,0.0,-16719.051365120136,16719.051365120136,0.0,0.0,0.0,0.0,0.0,0.0,0.0,0.0,0.0,-170872.90159018827,-170872.90159018827,17186.190159018828,17186.190159018828,17086.190159018828,0.0,100.0,0.0,0.0,17186.190159018828,17186.190159018828,1,0.0,100.0
174,20018.622354491257,0.0,-200186.2235449126,0.0,10.0,0.0,-0.0,0.1,0.169895006,16.9895006,0.0,0.0,100.0,1.0,0.11,-11.0,-233.6212533895952,233.6212533895952,0.0,-233.6212533895952,233.6212533895952,0.0,-19651.379847712065,19651.379847712065,0.0,0.0,0.0,0.0,0.0,0.0,0.0,0.0,0.0,-200197.2235449126,-200197.2235449126,20118.622354491257,20118.622354491257,20018.622354491257,0.0,100.0,0.0,0.0,20118.622354491257,20118.622354491257,1,0.0,100.0
175,18638.47398457686,0.0,-186384.7398457686,0.0,10.0,0.0,-0.0,0.1,0.1733317039999999,17.33317039999999,0.0,0.0,100.0,1.0,0.11,-11.0,-209.40884365946167,209.40884365946167,0.0,-209.40884365946167,209.40884365946167,0.0,-18570.044141667506,18570.044141667506,0.0,0.0,112.183681640625,112.183681640625,0.0,0.0,138.20416276894295,138.20416276894295,0.0,-186395.7398457686,-186395.7398457686,18988.861828986428,18988.861828986428,18888.861828986428,0.0,100.0,0.0,0.0,18988.861828986428,18738.47398457686,1,0.0,100.0
176,12663.566677464732,0.0,-126635.66677464732,0.0,10.0,0.0,-0.0,0.1,0.1741844239999999,17.41844239999999,0.0,0.0,100.0,1.0,0.11,-11.0,-197.45159322292844,197.45159322292844,0.0,-197.45159322292844,197.45159322292844,0.0,-18030.046632508074,18030.046632508074,0.0,0.0,2206.279072265625,2206.279072265625,0.0,0.0,3455.104069223574,3455.104069223574,0.0,-126646.66677464732,-126646.66677464732,18424.94981895393,18424.94981895393,18324.94981895393,0.0,100.0,0.0,0.0,18424.94981895393,12763.56667746473,1,0.0,100.0
177,1254.7937662215481,0.0,-12547.937662215481,0.0,10.0,0.0,-0.0,0.1,0.173739785,17.3739785,0.0,0.0,100.0,1.0,0.11,-11.0,-197.5358632752162,197.5358632752162,0.0,-197.5358632752162,197.5358632752162,0.0,-15836.655164908636,15836.655164908636,0.0,0.0,6805.81001953125,6805.81001953125,0.0,0.0,8071.123105706269,8071.123105706269,0.0,-12558.937662215481,-12558.937662215481,16231.726891459068,16231.726891459068,16131.726891459068,0.0,100.0,0.0,0.0,16231.726891459068,1354.7937662215481,1,0.0,100.0
178,0.0,0.0,-0.0,55.55555555555556,10.0,0.0,-0.0,0.1,0.17166303,0.0,0.0,100.0,0.0,1.0,0.11,0.0,-197.53514978921703,197.53514978921703,0.0,-197.53514978921703,197.53514978921703,0.0,-12857.330646739974,12857.330646739974,0.0,0.0,4225.585341796875,4225.585341796875,0.0,2482.060177621697,11664.431337698785,9182.371160077088,0.0,0.0,0.0,13407.956501873963,13407.956501873963,13407.956501873963,0.0,0.0,155.55555555555475,0.0,13252.400946318408,-2637.615733177252,1,-55.55555555555556,-100.0
179,0.0,0.0,-0.0,44.44444444444444,60.0,0.0,-0.0,0.6,0.175624277,0.0,0.0,100.0,0.0,1.0,0.11,0.0,-200.41024509763136,200.41024509763136,0.0,-200.41024509763136,200.41024509763136,0.0,-12880.815738245212,12880.815738245212,0.0,0.0,3589.8778125,3589.8778125,0.0,4150.058411832108,13986.261272217029,9836.202860384921,0.0,0.0,0.0,13426.08067288492,13426.08067288492,13426.08067288492,0.0,0.0,144.44444444444525,0.0,13281.636228440475,-4294.502856276555,1,-44.44444444444444,-100.0
180,0.0,0.0,-0.0,0.0,100.0,-0.0,-0.0,1.0,0.18044013,0.0,0.0,100.0,0.0,1.0,0.11,0.0,-197.5321708638293,197.5321708638293,0.0,-197.5321708638293,197.5321708638293,0.0,-12857.363137780916,12857.363137780916,0.0,0.0,3477.694130859375,3477.694130859375,0.0,4747.267072304967,14622.000420954166,9874.733348649199,0.0,0.0,0.0,13352.427479508573,13352.427479508575,13352.427479508573,0.0,0.0,100.0,0.0,13252.427479508575,-4847.267072304965,1,-0.0,-100.0
181,0.0,0.0,-0.0,0.0,100.0,-0.0,-0.0,1.0,0.175555722,0.0,0.0,100.0,0.0,1.0,0.11,0.0,-197.7290486054765,197.7290486054765,0.0,-197.7290486054765,197.7290486054765,0.0,-12880.966107556578,12880.966107556578,0.0,0.0,2841.9866015625,2841.9866015625,0.0,1572.2470553543735,12106.684658559405,10534.437603205031,0.0,0.0,0.0,13376.42420476753,13376.42420476753,13376.42420476753,0.0,0.0,100.0,0.0,13276.42420476753,-1672.2470553543735,1,-0.0,-100.0
182,463.41982971403377,0.0,-4634.198297140338,0.0,100.0,45.0,-0.0,1.0,0.171454821,17.145482100000002,0.0,0.0,100.0,1.0,0.08,-8.0,-197.8262332480825,197.8262332480825,0.0,-197.8262332480825,197.8262332480825,0.0,-12857.527412822496,12857.527412822496,0.0,0.0,2168.8845117187498,2168.8845117187498,0.0,0.0,10475.875537885877,10475.875537885877,0.0,-4642.198297140338,-4642.198297140338,13253.17987931866,13253.17987931866,13108.17987931866,0.0,145.0,0.0,0.0,13253.17987931866,608.4198297140338,1,45.0,100.0
183,6074.6355034987755,0.0,-60746.355034987755,0.0,50.0,36.0,-0.0,0.5,0.180666538,18.066653799999997,0.0,0.0,100.0,1.0,0.08,-8.0,-197.7858189441397,197.7858189441397,0.0,-197.7858189441397,197.7858189441397,0.0,-12881.300032506764,12881.300032506764,0.0,0.0,1234.020498046875,1234.020498046875,0.0,0.0,5832.215668849392,5832.215668849392,0.0,-60754.355034987755,-60754.355034987755,13276.871670395043,13276.871670395043,13140.871670395043,0.0,136.0,0.0,0.0,13276.871670395043,6210.6355034987755,1,36.0,100.0
184,18062.577419405632,0.0,-180625.7741940563,0.0,10.0,0.0,-0.0,0.1,0.19028659,19.028659,0.0,0.0,100.0,1.0,0.08,-8.0,-197.384854959324,197.384854959324,0.0,-197.384854959324,197.384854959324,0.0,-17879.99139112761,17879.99139112761,0.0,0.0,112.183681640625,112.183681640625,0.0,0.0,0.0,0.0,0.0,-180633.7741940563,-180633.7741940563,18274.761101046257,18274.761101046257,18174.761101046257,0.0,100.0,0.0,0.0,18274.761101046257,18162.577419405632,1,0.0,100.0
185,21484.74798245468,0.0,-214847.47982454678,0.0,10.0,0.0,-0.0,0.1,0.167605681,16.7605681,0.0,0.0,100.0,1.0,0.11,-11.0,-215.2799878522236,215.2799878522236,0.0,-215.2799878522236,215.2799878522236,0.0,-21154.18800675023,21154.18800675023,0.0,0.0,0.0,0.0,0.0,0.0,0.0,0.0,0.0,-214858.47982454678,-214858.47982454678,21584.74798245468,21584.74798245468,21484.74798245468,0.0,100.0,0.0,0.0,21584.74798245468,21584.74798245468,1,0.0,100.0
186,21961.09509966108,0.0,-219610.9509966108,0.0,10.0,0.0,-0.0,0.1,0.1598646209999999,15.98646209999999,0.0,0.0,100.0,1.0,0.11,-11.0,-233.18145337270448,233.18145337270448,0.0,-233.18145337270448,233.18145337270448,0.0,-21594.73219291567,21594.73219291567,0.0,0.0,0.0,0.0,0.0,0.0,0.0,0.0,0.0,-219621.9509966108,-219621.9509966108,22061.09509966108,22061.09509966108,21961.09509966108,0.0,100.0,0.0,0.0,22061.09509966108,22061.09509966108,1,0.0,100.0
187,20974.395157132953,0.0,-209743.95157132953,0.0,10.0,0.0,-0.0,0.1,0.161861117,16.1861117,0.0,0.0,100.0,1.0,0.11,-11.0,-234.1622769940845,234.1622769940845,0.0,-234.1622769940845,234.1622769940845,0.0,-20606.070603144784,20606.070603144784,0.0,0.0,0.0,0.0,0.0,0.0,0.0,0.0,0.0,-209754.95157132953,-209754.95157132953,21074.395157132953,21074.395157132953,20974.395157132953,0.0,100.0,0.0,0.0,21074.395157132953,21074.395157132953,1,0.0,100.0
188,21183.93155055764,0.0,-211839.3155055764,0.0,10.0,0.0,-0.0,0.1,0.144903201,14.490320100000002,0.0,0.0,100.0,1.0,0.11,-11.0,-234.0375766961365,234.0375766961365,0.0,-234.0375766961365,234.0375766961365,0.0,-20815.856397165368,20815.856397165368,0.0,0.0,0.0,0.0,0.0,0.0,0.0,0.0,0.0,-211850.3155055764,-211850.3155055764,21283.93155055764,21283.93155055764,21183.93155055764,0.0,100.0,0.0,0.0,21283.93155055764,21283.93155055764,1,0.0,100.0
189,19499.11805164953,0.0,-194991.1805164953,0.0,10.0,0.0,-0.0,0.1,0.151471338,15.1471338,0.0,0.0,100.0,1.0,0.11,-11.0,-233.4652881201001,233.4652881201001,0.0,-233.4652881201001,233.4652881201001,0.0,-19132.18747540933,19132.18747540933,0.0,0.0,0.0,0.0,0.0,0.0,0.0,0.0,0.0,-195002.1805164953,-195002.1805164953,19599.11805164953,19599.11805164953,19499.11805164953,0.0,100.0,0.0,0.0,19599.11805164953,19599.11805164953,1,0.0,100.0
190,18229.034297413767,0.0,-182290.3429741377,0.0,10.0,0.0,-0.0,0.1,0.1795696269999999,17.95696269999999,0.0,0.0,100.0,1.0,0.11,-11.0,-232.720011700324,232.720011700324,0.0,-232.720011700324,232.720011700324,0.0,-17863.594274013118,17863.594274013118,0.0,0.0,0.0,0.0,0.0,0.0,0.0,0.0,0.0,-182301.3429741377,-182301.3429741377,18329.034297413767,18329.034297413767,18229.034297413767,0.0,100.0,0.0,0.0,18329.034297413767,18329.034297413767,1,0.0,100.0
191,16550.87466834788,0.0,-165508.7466834788,0.0,10.0,0.0,-0.0,0.1,0.185760197,18.5760197,0.0,0.0,100.0,1.0,0.11,-11.0,-235.5726118228182,235.5726118228182,0.0,-235.5726118228182,235.5726118228182,0.0,-16179.729444702243,16179.729444702243,0.0,0.0,0.0,0.0,0.0,0.0,0.0,0.0,0.0,-165519.7466834788,-165519.7466834788,16650.87466834788,16650.87466834788,16550.87466834788,0.0,100.0,0.0,0.0,16650.87466834788,16650.87466834788,1,0.0,100.0
192,19028.493550404313,0.0,-190284.93550404313,0.0,10.0,0.0,-0.0,0.1,0.175725828,17.5725828,0.0,0.0,100.0,1.0,0.08,-8.0,-232.6871769926318,232.6871769926318,0.0,-232.6871769926318,232.6871769926318,0.0,-18663.11919641905,18663.11919641905,0.0,0.0,0.0,0.0,0.0,0.0,0.0,0.0,0.0,-190292.93550404313,-190292.93550404313,19128.493550404313,19128.493550404313,19028.493550404313,0.0,100.0,0.0,0.0,19128.493550404313,19128.493550404313,1,0.0,100.0
193,18822.11676120215,0.0,-188221.1676120215,0.0,10.0,0.0,-0.0,0.1,0.178025756,17.8025756,0.0,0.0,100.0,1.0,0.08,-8.0,-232.6810176318533,232.6810176318533,0.0,-232.6810176318533,232.6810176318533,0.0,-18456.75472593844,18456.75472593844,0.0,0.0,0.0,0.0,0.0,0.0,0.0,0.0,0.0,-188229.1676120215,-188229.1676120215,18922.11676120215,18922.11676120215,18822.11676120215,0.0,100.0,0.0,0.0,18922.11676120215,18922.11676120215,1,0.0,100.0
194,19094.43465017556,0.0,-190944.34650175562,0.0,10.0,0.0,-0.0,0.1,0.1821809539999999,18.21809539999999,0.0,0.0,100.0,1.0,0.08,-8.0,-232.6740784658573,232.6740784658573,0.0,-232.6740784658573,232.6740784658573,0.0,-18729.086493243845,18729.086493243845,0.0,0.0,0.0,0.0,0.0,0.0,0.0,0.0,0.0,-190952.34650175562,-190952.34650175562,19194.43465017556,19194.43465017556,19094.43465017556,0.0,100.0,0.0,0.0,19194.43465017556,19194.43465017556,1,0.0,100.0
195,18916.21558551869,0.0,-189162.1558551869,0.0,10.0,0.0,-0.0,0.1,0.193331348,19.3331348,0.0,0.0,100.0,1.0,0.08,-8.0,-232.6496327417703,232.6496327417703,0.0,-232.6496327417703,232.6496327417703,0.0,-18550.91632003515,18550.91632003515,0.0,0.0,0.0,0.0,0.0,0.0,0.0,0.0,0.0,-189170.1558551869,-189170.1558551869,19016.21558551869,19016.21558551869,18916.21558551869,0.0,100.0,0.0,0.0,19016.21558551869,19016.21558551869,1,0.0,100.0
196,19889.545265152636,0.0,-198895.45265152637,0.0,10.0,0.0,-0.0,0.1,0.185407863,18.5407863,0.0,0.0,100.0,1.0,0.08,-8.0,-233.6252969790252,233.6252969790252,0.0,-233.6252969790252,233.6252969790252,0.0,-19522.294671194584,19522.294671194584,0.0,0.0,0.0,0.0,0.0,0.0,0.0,0.0,0.0,-198903.45265152637,-198903.45265152637,19989.545265152636,19989.545265152636,19889.545265152636,0.0,100.0,0.0,0.0,19989.545265152636,19989.545265152636,1,0.0,100.0
197,22645.423117730566,0.0,-226454.23117730566,0.0,10.0,0.0,-0.0,0.1,0.169473435,16.947343500000002,0.0,0.0,100.0,1.0,0.11,-11.0,-233.6027983620793,233.6027983620793,0.0,-233.6027983620793,233.6027983620793,0.0,-22278.21752100641,22278.21752100641,0.0,0.0,0.0,0.0,0.0,0.0,0.0,0.0,0.0,-226465.23117730566,-226465.23117730566,22745.423117730566,22745.423117730566,22645.423117730566,0.0,100.0,0.0,0.0,22745.423117730566,22745.423117730566,1,0.0,100.0
198,26505.640569225012,0.0,-265056.4056922501,0.0,10.0,0.0,-0.0,0.1,0.163180495,16.3180495,0.0,0.0,100.0,1.0,0.11,-11.0,-310.37184422095106,310.37184422095106,0.0,-310.37184422095106,310.37184422095106,0.0,-25984.896880783108,25984.896880783108,0.0,0.0,0.0,0.0,0.0,0.0,0.0,0.0,0.0,-265067.4056922501,-265067.4056922501,26605.640569225012,26605.640569225012,26505.640569225012,0.0,100.0,0.0,0.0,26605.640569225012,26605.640569225012,1,0.0,100.0
199,31993.149337621926,0.0,-319931.49337621924,0.0,10.0,0.0,-0.0,0.1,0.159071655,15.907165500000001,0.0,0.0,100.0,1.0,0.11,-11.0,-568.2700561077228,568.2700561077228,0.0,-568.2700561077228,568.2700561077228,0.0,-31244.391630362923,31244.391630362923,0.0,0.0,149.5782421875,149.5782421875,0.0,0.0,138.20416276894295,138.20416276894295,0.0,-319942.49337621924,-319942.49337621924,32380.93174257837,32380.93174257837,32280.93174257837,0.0,100.0,0.0,0.0,32380.93174257837,32093.149337621926,1,0.0,100.0
200,58625.54610110932,0.0,-586255.4610110932,0.0,10.0,0.0,-0.0,0.1,0.159999621,15.999962100000001,0.0,0.0,100.0,1.0,0.11,-11.0,-759.652679387077,759.652679387077,0.0,-759.652679387077,759.652679387077,0.0,-63766.71368837484,63766.71368837484,0.0,0.0,3215.93220703125,3215.93220703125,0.0,0.0,3344.54073900842,3344.54073900842,0.0,-586266.4610110932,-586266.4610110932,65286.01904714899,65286.01904714899,65186.01904714899,0.0,100.0,0.0,0.0,65286.01904714899,58725.54610110932,1,0.0,100.0
201,49679.6521478303,0.0,-496796.52147830295,0.0,10.0,0.0,-0.0,0.1,0.164530148,16.4530148,0.0,0.0,100.0,1.0,0.11,-11.0,-735.0188543315397,735.0188543315397,0.0,-735.0188543315397,735.0188543315397,0.0,-61420.83822269373,61420.83822269373,0.0,0.0,5758.76232421875,5758.76232421875,0.0,0.0,7352.461459307765,7352.461459307765,0.0,-496807.52147830295,-496807.52147830295,62890.875931356815,62890.87593135681,62790.875931356815,0.0,100.0,0.0,0.0,62890.87593135681,49779.65214783029,1,0.0,100.0
202,42910.836754507356,0.0,-429108.36754507356,0.0,10.0,0.0,-0.0,0.1,0.1761607869999999,17.61607869999999,0.0,0.0,100.0,1.0,0.11,-11.0,-723.5457622218383,723.5457622218383,0.0,-723.5457622218383,723.5457622218383,0.0,-58382.0812786488,58382.0812786488,0.0,0.0,5983.1296875,5983.1296875,0.0,0.0,10835.206361085127,10835.206361085127,0.0,-429119.36754507356,-429119.36754507356,59829.172803092486,59829.17280309248,59729.172803092486,0.0,100.0,0.0,0.0,59829.17280309248,43010.836754507356,1,0.0,100.0
203,37683.29857613657,0.0,-376832.98576136574,0.0,10.0,0.0,-0.0,0.1,0.200176938,20.0176938,0.0,0.0,100.0,1.0,0.11,-11.0,-721.1718191528823,721.1718191528823,0.0,-721.1718191528823,721.1718191528823,0.0,-58316.59449735453,58316.59449735453,0.0,0.0,9012.089091796875,9012.089091796875,0.0,0.0,12963.55046772685,12963.55046772685,0.0,-376843.98576136574,-376843.98576136574,59758.9381356603,59758.93813566029,59658.9381356603,0.0,100.0,0.0,0.0,59758.93813566029,37783.29857613656,1,0.0,100.0
204,35915.87087618634,0.0,-359158.7087618634,0.0,10.0,0.0,-0.0,0.1,0.2000397739999999,20.00397739999999,0.0,0.0,100.0,1.0,0.11,-11.0,-724.3391538829641,724.3391538829641,0.0,-724.3391538829641,724.3391538829641,0.0,-55269.85995680544,55269.85995680544,0.0,0.0,6357.07529296875,6357.07529296875,0.0,0.0,14345.59209541628,14345.59209541628,0.0,-359169.7087618634,-359169.7087618634,56718.53826457137,56718.53826457137,56618.53826457137,0.0,100.0,0.0,0.0,56718.53826457137,36015.87087618634,1,0.0,100.0
205,39782.715657607754,0.0,-397827.15657607757,0.0,10.0,0.0,-0.0,0.1,0.197003122,19.7003122,0.0,0.0,100.0,1.0,0.11,-11.0,-713.198713950727,713.198713950727,0.0,-713.198713950727,713.198713950727,0.0,-58258.11736491408,58258.11736491408,0.0,0.0,8413.776123046875,8413.776123046875,0.0,0.0,11388.0230121609,11388.0230121609,0.0,-397838.15657607757,-397838.15657607757,59684.51479281553,59684.51479281553,59584.51479281553,0.0,100.0,0.0,0.0,59684.51479281553,39882.715657607754,1,0.0,100.0
206,46700.39466038905,0.0,-467003.9466038905,0.0,10.0,0.0,-0.0,0.1,0.190024046,19.0024046,0.0,0.0,100.0,1.0,0.08,-8.0,-710.2973866508792,710.2973866508792,0.0,-710.2973866508792,710.2973866508792,0.0,-58252.13638338384,58252.13638338384,0.0,0.0,3253.326767578125,3253.326767578125,0.0,0.0,9619.009728718427,9619.009728718427,0.0,-467011.9466038905,-467011.9466038905,59672.7311566856,59672.7311566856,59572.7311566856,0.0,100.0,0.0,0.0,59672.7311566856,46800.39466038905,1,0.0,100.0
207,53911.285693483784,0.0,-539112.8569348379,0.0,10.0,0.0,-0.0,0.1,0.204576978,20.4576978,0.0,0.0,100.0,1.0,0.08,-8.0,-715.0589466818553,715.0589466818553,0.0,-715.0589466818553,715.0589466818553,0.0,-58258.849314184765,58258.849314184765,0.0,0.0,1420.99330078125,1420.99330078125,0.0,0.0,4256.688213283444,4256.688213283444,0.0,-539120.8569348379,-539120.8569348379,59688.96720754848,59688.96720754848,59588.96720754848,0.0,100.0,0.0,0.0,59688.96720754848,54011.285693483784,1,0.0,100.0
208,64368.55960374183,0.0,-643685.5960374183,0.0,10.0,0.0,-0.0,0.1,0.211781871,21.178187100000002,0.0,0.0,100.0,1.0,0.08,-8.0,-703.149833118871,703.149833118871,0.0,-703.149833118871,703.149833118871,0.0,-63286.62730078534,63286.62730078534,0.0,0.0,224.36736328125,224.36736328125,0.0,0.0,0.0,0.0,0.0,-643693.5960374183,-643693.5960374183,64692.92696702308,64692.92696702308,64592.92696702308,0.0,100.0,0.0,0.0,64692.92696702308,64468.55960374183,1,0.0,100.0
209,58450.89084037466,0.0,-584508.9084037466,0.0,10.0,0.0,-0.0,0.1,0.211274674,21.1274674,0.0,0.0,100.0,1.0,0.11,-11.0,-522.7747184429129,522.7747184429129,0.0,-522.7747184429129,522.7747184429129,0.0,-57505.341403488834,57505.341403488834,0.0,0.0,0.0,0.0,0.0,0.0,0.0,0.0,0.0,-584519.9084037466,-584519.9084037466,58550.89084037466,58550.89084037466,58450.89084037466,0.0,100.0,0.0,0.0,58550.89084037466,58550.89084037466,1,0.0,100.0
210,46440.6901094272,0.0,-464406.90109427203,0.0,10.0,0.0,-0.0,0.1,0.196193618,19.6193618,0.0,0.0,100.0,1.0,0.11,-11.0,-539.301709881582,539.301709881582,0.0,-539.301709881582,539.301709881582,0.0,-45462.08668966404,45462.08668966404,0.0,0.0,0.0,0.0,0.0,0.0,0.0,0.0,0.0,-464417.90109427203,-464417.90109427203,46540.6901094272,46540.6901094272,46440.6901094272,0.0,100.0,0.0,0.0,46540.6901094272,46540.6901094272,1,0.0,100.0
211,44973.758431079565,0.0,-449737.58431079565,0.0,10.0,0.0,-0.0,0.1,0.2040693969999999,20.40693969999999,0.0,0.0,100.0,1.0,0.11,-11.0,-540.3558423483397,540.3558423483397,0.0,-540.3558423483397,540.3558423483397,0.0,-43993.04674638288,43993.04674638288,0.0,0.0,0.0,0.0,0.0,0.0,0.0,0.0,0.0,-449748.58431079565,-449748.58431079565,45073.758431079565,45073.758431079565,44973.758431079565,0.0,100.0,0.0,0.0,45073.758431079565,45073.758431079565,1,0.0,100.0
212,35953.07301131914,0.0,-359530.7301131914,0.0,10.0,0.0,-0.0,0.1,0.210811303,21.0811303,0.0,0.0,100.0,1.0,0.11,-11.0,-540.5138197470991,540.5138197470991,0.0,-540.5138197470991,540.5138197470991,0.0,-34972.04537182494,34972.04537182494,0.0,0.0,0.0,0.0,0.0,0.0,0.0,0.0,0.0,-359541.7301131914,-359541.7301131914,36053.07301131914,36053.07301131914,35953.07301131914,0.0,100.0,0.0,0.0,36053.07301131914,36053.07301131914,1,0.0,100.0
213,33875.01532416148,0.0,-338750.1532416148,0.0,10.0,0.0,-0.0,0.1,0.218458502,21.8458502,0.0,0.0,100.0,1.0,0.11,-11.0,-232.6364448827997,232.6364448827997,0.0,-232.6364448827997,232.6364448827997,0.0,-33509.742434395885,33509.742434395885,0.0,0.0,0.0,0.0,0.0,0.0,0.0,0.0,0.0,-338761.1532416148,-338761.1532416148,33975.01532416148,33975.01532416148,33875.01532416148,0.0,100.0,0.0,0.0,33975.01532416148,33975.01532416148,1,0.0,100.0
214,21486.286273459515,0.0,-214862.86273459514,0.0,10.0,0.0,-0.0,0.1,0.213896958,21.3896958,0.0,0.0,100.0,1.0,0.11,-11.0,-232.13558436421783,232.13558436421783,0.0,-232.13558436421783,232.13558436421783,0.0,-21122.01510473108,21122.01510473108,0.0,0.0,0.0,0.0,0.0,0.0,0.0,0.0,0.0,-214873.86273459514,-214873.86273459514,21586.286273459515,21586.286273459515,21486.286273459515,0.0,100.0,0.0,0.0,21586.286273459515,21586.286273459515,1,0.0,100.0
215,18578.044747299504,0.0,-185780.44747299503,0.0,10.0,0.0,-0.0,0.1,0.201796644,20.1796644,0.0,0.0,100.0,1.0,0.11,-11.0,-235.27049255315225,235.27049255315225,0.0,-235.27049255315225,235.27049255315225,0.0,-18207.5037621932,18207.5037621932,0.0,0.0,0.0,0.0,0.0,0.0,0.0,0.0,0.0,-185791.44747299503,-185791.44747299503,18678.044747299504,18678.044747299504,18578.044747299504,0.0,100.0,0.0,0.0,18678.044747299504,18678.044747299504,1,0.0,100.0
216,17880.199657632926,0.0,-178801.99657632926,0.0,10.0,0.0,-0.0,0.1,0.208891596,20.889159600000003,0.0,0.0,100.0,1.0,0.08,-8.0,-232.23584948220685,232.23584948220685,0.0,-232.23584948220685,232.23584948220685,0.0,-17515.72795866851,17515.72795866851,0.0,0.0,0.0,0.0,0.0,0.0,0.0,0.0,0.0,-178809.99657632926,-178809.99657632926,17980.199657632926,17980.199657632926,17880.199657632926,0.0,100.0,0.0,0.0,17980.199657632926,17980.199657632926,1,0.0,100.0
217,17856.998339199738,0.0,-178569.98339199738,0.0,10.0,0.0,-0.0,0.1,0.215975291,21.597529100000003,0.0,0.0,100.0,1.0,0.08,-8.0,-232.2196822794308,232.2196822794308,0.0,-232.2196822794308,232.2196822794308,0.0,-17492.558974640877,17492.558974640877,0.0,0.0,0.0,0.0,0.0,0.0,0.0,0.0,0.0,-178577.98339199738,-178577.98339199738,17956.998339199738,17956.998339199738,17856.998339199738,0.0,100.0,0.0,0.0,17956.998339199738,17956.998339199738,1,0.0,100.0
218,18576.891056005174,0.0,-185768.91056005174,0.0,10.0,0.0,-0.0,0.1,0.216389763,21.638976300000003,0.0,0.0,100.0,1.0,0.08,-8.0,-232.1800954803323,232.1800954803323,0.0,-232.1800954803323,232.1800954803323,0.0,-18212.530865044508,18212.530865044508,0.0,0.0,0.0,0.0,0.0,0.0,0.0,0.0,0.0,-185776.91056005174,-185776.91056005174,18676.891056005174,18676.891056005174,18576.891056005174,0.0,100.0,0.0,0.0,18676.891056005174,18676.891056005174,1,0.0,100.0
219,19018.342140503784,0.0,-190183.42140503784,0.0,10.0,0.0,-0.0,0.1,0.225041347,22.5041347,0.0,0.0,100.0,1.0,0.08,-8.0,-232.1475333299824,232.1475333299824,0.0,-232.1475333299824,232.1475333299824,0.0,-18654.04707384382,18654.04707384382,0.0,0.0,0.0,0.0,0.0,0.0,0.0,0.0,0.0,-190191.42140503784,-190191.42140503784,19118.342140503784,19118.342140503784,19018.342140503784,0.0,100.0,0.0,0.0,19118.342140503784,19118.342140503784,1,0.0,100.0
220,19559.68633410172,0.0,-195596.8633410172,0.0,10.0,0.0,-0.0,0.1,0.236842535,23.6842535,0.0,0.0,100.0,1.0,0.08,-8.0,-236.5861754639467,236.5861754639467,0.0,-236.5861754639467,236.5861754639467,0.0,-19186.513983173827,19186.513983173827,0.0,0.0,0.0,0.0,0.0,0.0,0.0,0.0,0.0,-195604.8633410172,-195604.8633410172,19659.68633410172,19659.68633410172,19559.68633410172,0.0,100.0,0.0,0.0,19659.68633410172,19659.68633410172,1,0.0,100.0
221,22752.716978671724,0.0,-227527.16978671725,0.0,10.0,0.0,-0.0,0.1,0.231899233,23.1899233,0.0,0.0,100.0,1.0,0.11,-11.0,-235.88720630229108,235.88720630229108,0.0,-235.88720630229108,235.88720630229108,0.0,-22380.94256606714,22380.94256606714,0.0,0.0,0.0,0.0,0.0,0.0,0.0,0.0,0.0,-227538.16978671725,-227538.16978671725,22852.716978671724,22852.716978671724,22752.716978671724,0.0,100.0,0.0,0.0,22852.716978671724,22852.716978671724,1,0.0,100.0
222,26362.145099426572,0.0,-263621.45099426573,0.0,10.0,0.0,-0.0,0.1,0.234528142,23.4528142,0.0,0.0,100.0,1.0,0.11,-11.0,-271.59755818331433,271.59755818331433,0.0,-271.59755818331433,271.59755818331433,0.0,-25918.949983059945,25918.949983059945,0.0,0.0,0.0,0.0,0.0,0.0,0.0,0.0,0.0,-263632.45099426573,-263632.45099426573,26462.145099426572,26462.145099426572,26362.145099426572,0.0,100.0,0.0,0.0,26462.145099426572,26462.145099426572,1,0.0,100.0
223,31426.50706139162,0.0,-314265.0706139162,0.0,10.0,0.0,-0.0,0.1,0.240285522,24.0285522,0.0,0.0,100.0,1.0,0.11,-11.0,-517.2361980170481,517.2361980170481,0.0,-517.2361980170481,517.2361980170481,0.0,-31004.18443359522,31004.18443359522,0.0,0.0,373.94560546875,373.94560546875,0.0,0.0,138.20416276894295,138.20416276894295,0.0,-314276.0706139162,-314276.0706139162,32038.656829629315,32038.656829629315,31938.656829629315,0.0,100.0,0.0,0.0,32038.656829629315,31526.50706139162,1,0.0,100.0
224,55535.56498629651,0.0,-555355.6498629651,0.0,10.0,0.0,-0.0,0.1,0.242249725,24.2249725,0.0,0.0,100.0,1.0,0.11,-11.0,-694.0083443829242,694.0083443829242,0.0,-694.0083443829242,694.0083443829242,0.0,-63575.21872403908,63575.21872403908,0.0,0.0,5983.1296875,5983.1296875,0.0,0.0,3344.54073900842,3344.54073900842,0.0,-555366.6498629651,-555366.6498629651,64963.23541280493,64963.23541280493,64863.23541280493,0.0,100.0,0.0,0.0,64963.23541280493,55635.56498629651,1,0.0,100.0
225,45578.312421499184,0.0,-455783.1242149918,0.0,10.0,0.0,-0.0,0.1,0.262126383,26.212638300000002,0.0,0.0,100.0,1.0,0.11,-11.0,-693.8413965253703,693.8413965253703,0.0,-693.8413965253703,693.8413965253703,0.0,-61310.395164836125,61310.395164836125,0.0,0.0,9722.5857421875,9722.5857421875,0.0,0.0,7297.179794200189,7297.179794200189,0.0,-455794.1242149918,-455794.1242149918,62698.077957886875,62698.07795788687,62598.077957886875,0.0,100.0,0.0,0.0,62698.07795788687,45678.31242149918,1,0.0,100.0
226,42789.04369869889,0.0,-427890.43698698893,0.0,10.0,0.0,-0.0,0.1,0.27568526,27.568526,0.0,0.0,100.0,1.0,0.11,-11.0,-710.5265929820714,710.5265929820714,0.0,-710.5265929820714,710.5265929820714,0.0,-58307.42274929126,58307.42274929126,0.0,0.0,6805.81001953125,6805.81001953125,0.0,0.0,10033.62221702526,10033.62221702526,0.0,-427901.43698698893,-427901.43698698893,59728.4759352554,59728.4759352554,59628.4759352554,0.0,100.0,0.0,0.0,59728.4759352554,42889.04369869889,1,0.0,100.0
227,30459.238477843923,0.0,-304592.38477843924,0.0,10.0,0.0,-0.0,0.1,0.276193394,27.619339399999998,0.0,0.0,100.0,1.0,0.11,-11.0,-713.345394069415,713.345394069415,0.0,-713.345394069415,713.345394069415,0.0,-58331.78722103731,58331.78722103731,0.0,0.0,17313.681533203126,17313.681533203126,0.0,0.0,11885.557998129094,11885.557998129094,0.0,-304603.38477843924,-304603.38477843924,59758.47800917614,59758.47800917614,59658.47800917614,0.0,100.0,0.0,0.0,59758.47800917614,30559.238477843923,1,0.0,100.0
228,27240.245720962637,0.0,-272402.4572096264,0.0,10.0,0.0,-0.0,0.1,0.279376829,27.9376829,0.0,0.0,100.0,1.0,0.11,-11.0,-710.15857529697,710.15857529697,0.0,-710.15857529697,710.15857529697,0.0,-55312.6855490177,55312.6855490177,0.0,0.0,16677.97400390625,16677.97400390625,0.0,0.0,12714.782974742751,12714.782974742751,0.0,-272413.4572096264,-272413.4572096264,56733.002699611636,56733.002699611636,56633.002699611636,0.0,100.0,0.0,0.0,56733.002699611636,27340.245720962637,1,0.0,100.0
229,33425.25515291481,0.0,-334252.5515291481,0.0,10.0,0.0,-0.0,0.1,0.282734494,28.2734494,0.0,0.0,100.0,1.0,0.11,-11.0,-694.1888657132752,694.1888657132752,0.0,-694.1888657132752,694.1888657132752,0.0,-58349.413163346886,58349.413163346886,0.0,0.0,14658.667734375,14658.667734375,0.0,0.0,11553.868007483632,11553.868007483632,0.0,-334263.5515291481,-334263.5515291481,59737.79089477344,59737.79089477344,59637.79089477344,0.0,100.0,0.0,0.0,59737.79089477344,33525.255152914804,1,0.0,100.0
230,38591.51516061189,0.0,-385915.1516061189,0.0,10.0,0.0,-0.0,0.1,0.29386244,29.386244,0.0,0.0,100.0,1.0,0.08,-8.0,-695.1521789271203,695.1521789271203,0.0,-695.1521789271203,695.1521789271203,0.0,-58276.82447774778,58276.82447774778,0.0,0.0,10582.660634765623,10582.660634765623,0.0,0.0,10392.953040224513,10392.953040224513,0.0,-385923.1516061189,-385923.1516061189,59667.12883560202,59667.12883560202,59567.12883560202,0.0,100.0,0.0,0.0,59667.12883560202,38691.51516061189,1,0.0,100.0
231,47463.179694540246,0.0,-474631.79694540246,0.0,10.0,0.0,-0.0,0.1,0.307056,30.7056,0.0,0.0,100.0,1.0,0.08,-8.0,-686.9093741762366,686.9093741762366,0.0,-686.9093741762366,686.9093741762366,0.0,-58251.85344409579,58251.85344409579,0.0,0.0,5870.946005859375,5870.946005859375,0.0,0.0,6191.546492048645,6191.546492048645,0.0,-474639.79694540246,-474639.79694540246,59625.67219244827,59625.67219244826,59525.67219244827,0.0,100.0,0.0,0.0,59625.67219244826,47563.179694540246,1,0.0,100.0
232,63913.91972495845,0.0,-639139.1972495845,0.0,10.0,0.0,-0.0,0.1,0.2969846319999999,29.698463199999992,0.0,0.0,100.0,1.0,0.08,-8.0,-684.3466610888065,684.3466610888065,0.0,-684.3466610888065,684.3466610888065,0.0,-63280.93393207771,63280.93393207771,0.0,0.0,635.707529296875,635.707529296875,0.0,0.0,0.0,0.0,0.0,-639147.1972495845,-639147.1972495845,64649.62725425532,64649.62725425532,64549.62725425532,0.0,100.0,0.0,0.0,64649.62725425532,64013.91972495845,1,0.0,100.0
233,58447.23155550526,0.0,-584472.3155550526,0.0,10.0,0.0,-0.0,0.1,0.287537749,28.7537749,0.0,0.0,100.0,1.0,0.11,-11.0,-521.2680637992836,521.2680637992836,0.0,-521.2680637992836,521.2680637992836,0.0,-57504.69542790669,57504.69542790669,0.0,0.0,0.0,0.0,0.0,0.0,0.0,0.0,0.0,-584483.3155550526,-584483.3155550526,58547.23155550526,58547.23155550526,58447.23155550526,0.0,100.0,0.0,0.0,58547.23155550526,58547.23155550526,1,0.0,100.0
234,46440.82693875357,0.0,-464408.2693875357,0.0,10.0,0.0,-0.0,0.1,0.279098827,27.9098827,0.0,0.0,100.0,1.0,0.11,-11.0,-539.3882110630004,539.3882110630004,0.0,-539.3882110630004,539.3882110630004,0.0,-45462.05051662757,45462.05051662757,0.0,0.0,0.0,0.0,0.0,0.0,0.0,0.0,0.0,-464419.2693875357,-464419.2693875357,46540.82693875357,46540.82693875357,46440.82693875357,0.0,100.0,0.0,0.0,46540.82693875357,46540.82693875357,1,0.0,100.0
235,44986.11522693655,0.0,-449861.1522693655,0.0,10.0,0.0,-0.0,0.1,0.2815446339999999,28.15446339999999,0.0,0.0,100.0,1.0,0.11,-11.0,-539.4827291290917,539.4827291290917,0.0,-539.4827291290917,539.4827291290917,0.0,-44007.14976867836,44007.14976867836,0.0,0.0,0.0,0.0,0.0,0.0,0.0,0.0,0.0,-449872.1522693655,-449872.1522693655,45086.11522693655,45086.11522693655,44986.11522693655,0.0,100.0,0.0,0.0,45086.11522693655,45086.11522693655,1,0.0,100.0
236,36007.62864948481,0.0,-360076.2864948481,0.0,10.0,0.0,-0.0,0.1,0.288596532,28.8596532,0.0,0.0,100.0,1.0,0.11,-11.0,-539.8107975397716,539.8107975397716,0.0,-539.8107975397716,539.8107975397716,0.0,-35028.007054405265,35028.007054405265,0.0,0.0,0.0,0.0,0.0,0.0,0.0,0.0,0.0,-360087.2864948481,-360087.2864948481,36107.62864948481,36107.62864948481,36007.62864948481,0.0,100.0,0.0,0.0,36107.62864948481,36107.62864948481,1,0.0,100.0
237,33983.479377268726,0.0,-339834.79377268726,0.0,10.0,0.0,-0.0,0.1,0.303456602,30.3456602,0.0,0.0,100.0,1.0,0.11,-11.0,-231.7597965772503,231.7597965772503,0.0,-231.7597965772503,231.7597965772503,0.0,-33619.959784114224,33619.959784114224,0.0,0.0,0.0,0.0,0.0,0.0,0.0,0.0,0.0,-339845.79377268726,-339845.79377268726,34083.479377268726,34083.479377268726,33983.479377268726,0.0,100.0,0.0,0.0,34083.479377268726,34083.479377268726,1,0.0,100.0
238,21485.767867196177,0.0,-214857.67867196177,0.0,10.0,0.0,-0.0,0.1,0.317203833,31.720383299999998,0.0,0.0,100.0,1.0,0.11,-11.0,-231.87634797971563,231.87634797971563,0.0,-231.87634797971563,231.87634797971563,0.0,-21122.015171236744,21122.015171236744,0.0,0.0,0.0,0.0,0.0,0.0,0.0,0.0,0.0,-214868.67867196177,-214868.67867196177,21585.767867196177,21585.767867196177,21485.767867196177,0.0,100.0,0.0,0.0,21585.767867196177,21585.767867196177,1,0.0,100.0
239,18624.695234052037,0.0,-186246.95234052037,0.0,10.0,0.0,-0.0,0.1,0.287779971,28.777997100000004,0.0,0.0,100.0,1.0,0.11,-11.0,-235.1342750965892,235.1342750965892,0.0,-235.1342750965892,235.1342750965892,0.0,-18254.42668385886,18254.42668385886,0.0,0.0,0.0,0.0,0.0,0.0,0.0,0.0,0.0,-186257.95234052037,-186257.95234052037,18724.695234052037,18724.695234052037,18624.695234052037,0.0,100.0,0.0,0.0,18724.695234052037,18724.695234052037,1,0.0,100.0
240,17856.550353046594,0.0,-178565.50353046594,0.0,10.0,0.0,-0.0,0.1,0.289123623,28.912362299999998,0.0,0.0,100.0,1.0,0.08,-8.0,-231.99301386128568,231.99301386128568,0.0,-231.99301386128568,231.99301386128568,0.0,-17492.564325324023,17492.564325324023,0.0,0.0,0.0,0.0,0.0,0.0,0.0,0.0,0.0,-178573.50353046594,-178573.50353046594,17956.550353046594,17956.550353046594,17856.550353046594,0.0,100.0,0.0,0.0,17956.550353046594,17956.550353046594,1,0.0,100.0
241,18577.25833984991,0.0,-185772.5833984991,0.0,10.0,0.0,-0.0,0.1,0.303684536,30.368453600000002,0.0,0.0,100.0,1.0,0.08,-8.0,-231.94635086436827,231.94635086436827,0.0,-231.94635086436827,231.94635086436827,0.0,-18213.365638121173,18213.365638121173,0.0,0.0,0.0,0.0,0.0,0.0,0.0,0.0,0.0,-185780.5833984991,-185780.5833984991,18677.25833984991,18677.25833984991,18577.25833984991,0.0,100.0,0.0,0.0,18677.25833984991,18677.25833984991,1,0.0,100.0
242,19019.02628859554,0.0,-190190.26288595542,0.0,10.0,0.0,-0.0,0.1,0.311134116,31.113411600000003,0.0,0.0,100.0,1.0,0.08,-8.0,-231.88501947900605,231.88501947900605,0.0,-231.88501947900605,231.88501947900605,0.0,-18655.25624963753,18655.25624963753,0.0,0.0,0.0,0.0,0.0,0.0,0.0,0.0,0.0,-190198.26288595542,-190198.26288595542,19119.02628859554,19119.02628859554,19019.02628859554,0.0,100.0,0.0,0.0,19119.02628859554,19119.02628859554,1,0.0,100.0
243,18814.081174585706,0.0,-188140.81174585706,0.0,10.0,0.0,-0.0,0.1,0.308108962,30.8108962,0.0,0.0,100.0,1.0,0.08,-8.0,-231.8296286219232,231.8296286219232,0.0,-231.8296286219232,231.8296286219232,0.0,-18450.42191734186,18450.42191734186,0.0,0.0,0.0,0.0,0.0,0.0,0.0,0.0,0.0,-188148.81174585706,-188148.81174585706,18914.081174585706,18914.081174585706,18814.081174585706,0.0,100.0,0.0,0.0,18914.081174585706,18914.081174585706,1,0.0,100.0
244,19764.932876606166,0.0,-197649.32876606166,0.0,10.0,0.0,-0.0,0.1,0.312587361,31.2587361,0.0,0.0,100.0,1.0,0.08,-8.0,-232.6780677446595,232.6780677446595,0.0,-232.6780677446595,232.6780677446595,0.0,-19399.57674111685,19399.57674111685,0.0,0.0,0.0,0.0,0.0,0.0,0.0,0.0,0.0,-197657.32876606166,-197657.32876606166,19864.932876606166,19864.932876606166,19764.932876606166,0.0,100.0,0.0,0.0,19864.932876606166,19864.932876606166,1,0.0,100.0
245,22551.635196964588,0.0,-225516.35196964588,0.0,10.0,0.0,-0.0,0.1,0.305661509,30.5661509,0.0,0.0,100.0,1.0,0.11,-11.0,-236.23698913131275,236.23698913131275,0.0,-236.23698913131275,236.23698913131275,0.0,-22179.161218701964,22179.161218701964,0.0,0.0,0.0,0.0,0.0,0.0,0.0,0.0,0.0,-225527.35196964588,-225527.35196964588,22651.635196964588,22651.635196964588,22551.635196964588,0.0,100.0,0.0,0.0,22651.635196964588,22651.635196964588,1,0.0,100.0
246,26374.967555714502,0.0,-263749.67555714503,0.0,10.0,0.0,-0.0,0.1,0.311893297,31.189329700000002,0.0,0.0,100.0,1.0,0.11,-11.0,-272.71047336905,272.71047336905,0.0,-272.71047336905,272.71047336905,0.0,-25929.5466089764,25929.5466089764,0.0,0.0,0.0,0.0,0.0,0.0,0.0,0.0,0.0,-263760.67555714503,-263760.67555714503,26474.967555714502,26474.967555714502,26374.967555714502,0.0,100.0,0.0,0.0,26474.967555714502,26474.967555714502,1,0.0,100.0
247,31660.701822259543,0.0,-316607.01822259545,0.0,10.0,0.0,-0.0,0.1,0.317696078,31.7696078,0.0,0.0,100.0,1.0,0.11,-11.0,-518.742625041405,518.742625041405,0.0,-518.742625041405,518.742625041405,0.0,-31217.479235853723,31217.479235853723,0.0,0.0,411.34016601562496,411.34016601562496,0.0,0.0,82.92249766136578,82.92249766136578,0.0,-316618.01822259545,-316618.01822259545,32254.964485936533,32254.964485936533,32154.964485936533,0.0,100.0,0.0,0.0,32254.964485936533,31760.701822259543,1,0.0,100.0
248,56255.81052062744,0.0,-562558.1052062744,0.0,10.0,0.0,-0.0,0.1,0.319282265,31.9282265,0.0,0.0,100.0,1.0,0.11,-11.0,-695.7706296958328,695.7706296958328,0.0,-695.7706296958328,695.7706296958328,0.0,-63810.67145491124,63810.67145491124,0.0,0.0,5833.5514453125,5833.5514453125,0.0,0.0,3012.8507483629564,3012.8507483629564,0.0,-562569.1052062744,-562569.1052062744,65202.2127143029,65202.2127143029,65102.2127143029,0.0,100.0,0.0,0.0,65202.2127143029,56355.81052062744,1,0.0,100.0
249,46937.33858212547,0.0,-469373.3858212547,0.0,10.0,0.0,-0.0,0.1,0.320309232,32.0309232,0.0,0.0,100.0,1.0,0.11,-11.0,-695.8889929728127,695.8889929728127,0.0,-695.8889929728127,695.8889929728127,0.0,-61520.646299003376,61520.646299003376,0.0,0.0,10208.715029296874,10208.715029296874,0.0,0.0,5666.370673526661,5666.370673526661,0.0,-469384.3858212547,-469384.3858212547,62912.42428494901,62912.424284949004,62812.42428494901,0.0,100.0,0.0,0.0,62912.424284949004,47037.33858212546,1,0.0,100.0
250,40741.40765149821,0.0,-407414.0765149821,0.0,10.0,0.0,-0.0,0.1,0.319796718,31.9796718,0.0,0.0,100.0,1.0,0.11,-11.0,-712.7385485362604,712.7385485362604,0.0,-712.7385485362604,712.7385485362604,0.0,-58445.43834899311,58445.43834899311,0.0,0.0,7890.252275390625,7890.252275390625,0.0,0.0,11139.255519176802,11139.255519176802,0.0,-407425.0765149821,-407425.0765149821,59870.915446065635,59870.915446065635,59770.915446065635,0.0,100.0,0.0,0.0,59870.915446065635,40841.40765149821,1,0.0,100.0
251,38099.73208220655,0.0,-380997.3208220655,0.0,10.0,0.0,-0.0,0.1,0.29974939,29.974939,0.0,0.0,100.0,1.0,0.11,-11.0,-716.8191604083331,716.8191604083331,0.0,-716.8191604083331,716.8191604083331,0.0,-58398.73248973011,58398.73248973011,0.0,0.0,7591.095791015625,7591.095791015625,0.0,0.0,14041.542937324604,14041.542937324604,0.0,-381008.3208220655,-381008.3208220655,59832.37081054678,59832.370810546774,59732.37081054678,0.0,100.0,0.0,0.0,59832.370810546774,38199.732082206545,1,0.0,100.0
252,32619.584668562245,0.0,-326195.84668562247,0.0,10.0,0.0,-0.0,0.1,0.292561521,29.256152099999998,0.0,0.0,100.0,1.0,0.11,-11.0,-714.652489373684,714.652489373684,0.0,-714.652489373684,714.652489373684,0.0,-55355.058727366406,55355.058727366406,0.0,0.0,12676.756025390623,12676.756025390623,0.0,0.0,11388.0230121609,11388.0230121609,0.0,-326206.84668562247,-326206.84668562247,56784.36370611377,56784.36370611377,56684.36370611377,0.0,100.0,0.0,0.0,56784.36370611377,32719.584668562245,1,0.0,100.0
253,30425.796873100662,0.0,-304257.9687310066,0.0,10.0,0.0,-0.0,0.1,0.294522032,29.4522032,0.0,0.0,100.0,1.0,0.11,-11.0,-698.1032029620026,698.1032029620026,0.0,-698.1032029620026,698.1032029620026,0.0,-58332.1655596806,58332.1655596806,0.0,0.0,15630.92630859375,15630.92630859375,0.0,0.0,13571.6487839102,13571.6487839102,0.0,-304268.9687310066,-304268.9687310066,59728.37196560461,59728.37196560461,59628.37196560461,0.0,100.0,0.0,0.0,59728.37196560461,30525.796873100662,1,0.0,100.0
254,37764.57177222609,0.0,-377645.71772226086,0.0,10.0,0.0,-0.0,0.1,0.296136828,29.613682800000003,0.0,0.0,100.0,1.0,0.08,-8.0,-699.7398382522853,699.7398382522853,0.0,-699.7398382522853,699.7398382522853,0.0,-58320.28811927595,58320.28811927595,0.0,0.0,11517.5246484375,11517.5246484375,0.0,0.0,10337.671375116934,10337.671375116934,0.0,-377653.71772226086,-377653.71772226086,59719.76779578052,59719.76779578052,59619.76779578052,0.0,100.0,0.0,0.0,59719.76779578052,37864.57177222609,1,0.0,100.0
255,46879.68285535676,0.0,-468796.82855356764,0.0,10.0,0.0,-0.0,0.1,0.302936171,30.2936171,0.0,0.0,100.0,1.0,0.08,-8.0,-691.6505016117412,691.6505016117412,0.0,-691.6505016117412,691.6505016117412,0.0,-58310.88025191367,58310.88025191367,0.0,0.0,5721.367763671875,5721.367763671875,0.0,0.0,6993.1306361085135,6993.1306361085135,0.0,-468804.82855356764,-468804.82855356764,59694.18125513715,59694.181255137155,59594.18125513715,0.0,100.0,0.0,0.0,59694.181255137155,46979.68285535677,1,0.0,100.0
256,63836.59584298406,0.0,-638365.9584298406,0.0,10.0,0.0,-0.0,0.1,0.313205817,31.320581699999998,0.0,0.0,100.0,1.0,0.08,-8.0,-686.0992709089606,686.0992709089606,0.0,-686.0992709089606,686.0992709089606,0.0,-63312.28851210364,63312.28851210364,0.0,0.0,747.8912109375,747.8912109375,0.0,0.0,0.0,0.0,0.0,-638373.9584298406,-638373.9584298406,64684.48705392156,64684.48705392156,64584.48705392156,0.0,100.0,0.0,0.0,64684.48705392156,63936.59584298406,1,0.0,100.0
257,58451.82269660524,0.0,-584518.2269660524,0.0,10.0,0.0,-0.0,0.1,0.297282751,29.7282751,0.0,0.0,100.0,1.0,0.11,-11.0,-521.5630441503054,521.5630441503054,0.0,-521.5630441503054,521.5630441503054,0.0,-57508.69660830463,57508.69660830463,0.0,0.0,0.0,0.0,0.0,0.0,0.0,0.0,0.0,-584529.2269660524,-584529.2269660524,58551.82269660524,58551.82269660524,58451.82269660524,0.0,100.0,0.0,0.0,58551.82269660524,58551.82269660524,1,0.0,100.0
258,46433.99518788966,0.0,-464339.9518788966,0.0,10.0,0.0,-0.0,0.1,0.273374922,27.337492200000003,0.0,0.0,100.0,1.0,0.11,-11.0,-541.5470945059203,541.5470945059203,0.0,-541.5470945059203,541.5470945059203,0.0,-45450.90099887782,45450.90099887782,0.0,0.0,0.0,0.0,0.0,0.0,0.0,0.0,0.0,-464350.9518788966,-464350.9518788966,46533.99518788966,46533.99518788966,46433.99518788966,0.0,100.0,0.0,0.0,46533.99518788966,46533.99518788966,1,0.0,100.0
259,44952.23897705635,0.0,-449522.3897705635,0.0,10.0,0.0,-0.0,0.1,0.262914231,26.2914231,0.0,0.0,100.0,1.0,0.11,-11.0,-542.7901321400951,542.7901321400951,0.0,-542.7901321400951,542.7901321400951,0.0,-43966.65871277616,43966.65871277616,0.0,0.0,0.0,0.0,0.0,0.0,0.0,0.0,0.0,-449533.3897705635,-449533.3897705635,45052.23897705635,45052.23897705635,44952.23897705635,0.0,100.0,0.0,0.0,45052.23897705635,45052.23897705635,1,0.0,100.0
260,35923.744893422314,0.0,-359237.44893422315,0.0,10.0,0.0,-0.0,0.1,0.262679808,26.2679808,0.0,0.0,100.0,1.0,0.11,-11.0,-542.7476413960752,542.7476413960752,0.0,-542.7476413960752,542.7476413960752,0.0,-34938.24961063016,34938.24961063016,0.0,0.0,0.0,0.0,0.0,0.0,0.0,0.0,0.0,-359248.44893422315,-359248.44893422315,36023.744893422314,36023.744893422314,35923.744893422314,0.0,100.0,0.0,0.0,36023.744893422314,36023.744893422314,1,0.0,100.0
261,33854.53047542258,0.0,-338545.30475422577,0.0,10.0,0.0,-0.0,0.1,0.266165365,26.6165365,0.0,0.0,100.0,1.0,0.11,-11.0,-232.2721252577252,232.2721252577252,0.0,-232.2721252577252,232.2721252577252,0.0,-33489.98622490713,33489.98622490713,0.0,0.0,0.0,0.0,0.0,0.0,0.0,0.0,0.0,-338556.30475422577,-338556.30475422577,33954.53047542258,33954.53047542258,33854.53047542258,0.0,100.0,0.0,0.0,33954.53047542258,33954.53047542258,1,0.0,100.0
262,21485.629917446153,0.0,-214856.2991744615,0.0,10.0,0.0,-0.0,0.1,0.273059866,27.305986599999997,0.0,0.0,100.0,1.0,0.11,-11.0,-231.8073368288861,231.8073368288861,0.0,-231.8073368288861,231.8073368288861,0.0,-21122.01524378838,21122.01524378838,0.0,0.0,0.0,0.0,0.0,0.0,0.0,0.0,0.0,-214867.2991744615,-214867.2991744615,21585.629917446153,21585.629917446153,21485.629917446153,0.0,100.0,0.0,0.0,21585.629917446153,21585.629917446153,1,0.0,100.0
263,18554.35092894617,0.0,-185543.50928946168,0.0,10.0,0.0,-0.0,0.1,0.261342074,26.134207399999998,0.0,0.0,100.0,1.0,0.11,-11.0,-235.0818845878844,235.0818845878844,0.0,-235.0818845878844,235.0818845878844,0.0,-18184.1871597704,18184.1871597704,0.0,0.0,0.0,0.0,0.0,0.0,0.0,0.0,0.0,-185554.50928946168,-185554.50928946168,18654.35092894617,18654.35092894617,18554.35092894617,0.0,100.0,0.0,0.0,18654.35092894617,18654.35092894617,1,0.0,100.0
264,17855.90627069362,0.0,-178559.0627069362,0.0,10.0,0.0,-0.0,0.1,0.251113495,25.111349500000003,0.0,0.0,100.0,1.0,0.08,-8.0,-231.8955351128219,231.8955351128219,0.0,-231.8955351128219,231.8955351128219,0.0,-17492.115200467975,17492.115200467975,0.0,0.0,0.0,0.0,0.0,0.0,0.0,0.0,0.0,-178567.0627069362,-178567.0627069362,17955.90627069362,17955.90627069362,17855.90627069362,0.0,100.0,0.0,0.0,17955.90627069362,17955.90627069362,1,0.0,100.0
265,17879.948933087628,0.0,-178799.48933087627,0.0,10.0,0.0,-0.0,0.1,0.268314706,26.831470600000003,0.0,0.0,100.0,1.0,0.08,-8.0,-231.8595794687473,231.8595794687473,0.0,-231.8595794687473,231.8595794687473,0.0,-17516.22977415013,17516.22977415013,0.0,0.0,0.0,0.0,0.0,0.0,0.0,0.0,0.0,-178807.48933087627,-178807.48933087627,17979.948933087628,17979.948933087628,17879.948933087628,0.0,100.0,0.0,0.0,17979.948933087628,17979.948933087628,1,0.0,100.0
266,18320.549866513244,0.0,-183205.49866513244,0.0,10.0,0.0,-0.0,0.1,0.266544477,26.6544477,0.0,0.0,100.0,1.0,0.08,-8.0,-231.8228712584529,231.8228712584529,0.0,-231.8228712584529,231.8228712584529,0.0,-17956.904123996337,17956.904123996337,0.0,0.0,0.0,0.0,0.0,0.0,0.0,0.0,0.0,-183213.49866513244,-183213.49866513244,18420.549866513244,18420.549866513244,18320.549866513244,0.0,100.0,0.0,0.0,18420.549866513244,18420.549866513244,1,0.0,100.0
267,18809.268556541447,0.0,-188092.68556541446,0.0,10.0,0.0,-0.0,0.1,0.277013575,27.7013575,0.0,0.0,100.0,1.0,0.08,-8.0,-231.79212144287703,231.79212144287703,0.0,-231.79212144287703,231.79212144287703,0.0,-18445.684313655693,18445.684313655693,0.0,0.0,0.0,0.0,0.0,0.0,0.0,0.0,0.0,-188100.68556541446,-188100.68556541446,18909.268556541447,18909.268556541447,18809.268556541447,0.0,100.0,0.0,0.0,18909.268556541447,18909.268556541447,1,0.0,100.0
268,19759.8241041167,0.0,-197598.241041167,0.0,10.0,0.0,-0.0,0.1,0.288033953,28.803395300000002,0.0,0.0,100.0,1.0,0.08,-8.0,-232.6525443437372,232.6525443437372,0.0,-232.6525443437372,232.6525443437372,0.0,-19394.519015429225,19394.519015429225,0.0,0.0,0.0,0.0,0.0,0.0,0.0,0.0,0.0,-197606.241041167,-197606.241041167,19859.8241041167,19859.8241041167,19759.8241041167,0.0,100.0,0.0,0.0,19859.8241041167,19859.8241041167,1,0.0,100.0
269,22574.4009621471,0.0,-225744.00962147102,0.0,10.0,0.0,-0.0,0.1,0.295751029,29.5751029,0.0,0.0,100.0,1.0,0.11,-11.0,-250.7355745193045,250.7355745193045,0.0,-250.7355745193045,250.7355745193045,0.0,-22172.92981310849,22172.92981310849,0.0,0.0,0.0,0.0,0.0,0.0,0.0,0.0,0.0,-225755.00962147102,-225755.00962147102,22674.4009621471,22674.4009621471,22574.4009621471,0.0,100.0,0.0,0.0,22674.4009621471,22674.4009621471,1,0.0,100.0
270,26364.064807626874,0.0,-263640.6480762687,0.0,10.0,0.0,-0.0,0.1,0.302622338,30.2622338,0.0,0.0,100.0,1.0,0.11,-11.0,-272.74375511429884,272.74375511429884,0.0,-272.74375511429884,272.74375511429884,0.0,-25918.577297398275,25918.577297398275,0.0,0.0,0.0,0.0,0.0,0.0,0.0,0.0,0.0,-263651.6480762687,-263651.6480762687,26464.064807626874,26464.064807626874,26364.064807626874,0.0,100.0,0.0,0.0,26464.064807626874,26464.064807626874,1,0.0,100.0
271,31708.642037752434,0.0,-317086.42037752434,0.0,10.0,0.0,-0.0,0.1,0.307108571,30.7108571,0.0,0.0,100.0,1.0,0.11,-11.0,-518.7723594825529,518.7723594825529,0.0,-518.7723594825529,518.7723594825529,0.0,-31021.485163196896,31021.485163196896,0.0,0.0,112.183681640625,112.183681640625,0.0,0.0,138.20416276894295,138.20416276894295,0.0,-317097.42037752434,-317097.42037752434,32059.029882162,32059.029882162,31959.029882162,0.0,100.0,0.0,0.0,32059.029882162,31808.642037752434,1,0.0,100.0
272,59439.89511063283,0.0,-594398.9511063283,0.0,10.0,0.0,-0.0,0.1,0.308476696,30.8476696,0.0,0.0,100.0,1.0,0.11,-11.0,-695.743461410932,695.743461410932,0.0,-695.743461410932,695.743461410932,0.0,-63616.305501423645,63616.305501423645,0.0,0.0,2206.279072265625,2206.279072265625,0.0,0.0,3261.6182413470538,3261.6182413470538,0.0,-594409.9511063283,-594409.9511063283,65007.79242424551,65007.79242424551,64907.79242424551,0.0,100.0,0.0,0.0,65007.79242424551,59539.89511063283,1,0.0,100.0
273,48482.8319645838,0.0,-484828.319645838,0.0,10.0,0.0,-0.0,0.1,0.309800668,30.9800668,0.0,0.0,100.0,1.0,0.11,-11.0,-693.9778086717264,693.9778086717264,0.0,-693.9778086717264,693.9778086717264,0.0,-61385.68133234982,61385.68133234982,0.0,0.0,6506.65353515625,6506.65353515625,0.0,0.0,7684.151449953229,7684.151449953229,0.0,-484839.319645838,-484839.319645838,62773.636949693275,62773.636949693275,62673.636949693275,0.0,100.0,0.0,0.0,62773.636949693275,48582.8319645838,1,0.0,100.0
274,37857.143553891794,0.0,-378571.43553891795,0.0,10.0,0.0,-0.0,0.1,0.311528578,31.1528578,0.0,0.0,100.0,1.0,0.11,-11.0,-710.0620994540841,710.0620994540841,0.0,-710.0620994540841,710.0620994540841,0.0,-58408.54537055382,58408.54537055382,0.0,0.0,10096.53134765625,10096.53134765625,0.0,0.0,11774.99466791394,11774.99466791394,0.0,-378582.43553891795,-378582.43553891795,59828.669569461985,59828.669569461985,59728.669569461985,0.0,100.0,0.0,0.0,59828.669569461985,37957.143553891794,1,0.0,100.0
275,36308.73458456952,0.0,-363087.34584569524,0.0,10.0,0.0,-0.0,0.1,0.313783056,31.3783056,0.0,0.0,100.0,1.0,0.11,-11.0,-714.0448588887732,714.0448588887732,0.0,-714.0448588887732,714.0448588887732,0.0,-58369.20758940986,58369.20758940986,0.0,0.0,9236.456455078123,9236.456455078123,0.0,0.0,14152.10626753976,14152.10626753976,0.0,-363098.34584569524,-363098.34584569524,59797.29730718741,59797.29730718741,59697.29730718741,0.0,100.0,0.0,0.0,59797.29730718741,36408.73458456952,1,0.0,100.0
276,29123.85848354781,0.0,-291238.5848354781,0.0,10.0,0.0,-0.0,0.1,0.308659686,30.8659686,0.0,0.0,100.0,1.0,0.11,-11.0,-721.1183031003483,721.1183031003483,0.0,-721.1183031003483,721.1183031003483,0.0,-55337.279193243616,55337.279193243616,0.0,0.0,12601.966904296874,12601.966904296874,0.0,0.0,14953.690411599628,14953.690411599628,0.0,-291249.5848354781,-291249.5848354781,56779.515799444314,56779.515799444314,56679.515799444314,0.0,100.0,0.0,0.0,56779.515799444314,29223.85848354781,1,0.0,100.0
277,36471.40708944774,0.0,-364714.0708944774,0.0,10.0,0.0,-0.0,0.1,0.304536383,30.4536383,0.0,0.0,100.0,1.0,0.11,-11.0,-717.27970658298,717.27970658298,0.0,-717.27970658298,717.27970658298,0.0,-58323.72795557501,58323.72795557501,0.0,0.0,10582.660634765623,10582.660634765623,0.0,0.0,12604.2196445276,12604.2196445276,0.0,-364725.0708944774,-364725.0708944774,59758.28736874097,59758.28736874097,59658.28736874097,0.0,100.0,0.0,0.0,59758.28736874097,36571.40708944774,1,0.0,100.0
278,42709.355262559795,0.0,-427093.5526255979,0.0,10.0,0.0,-0.0,0.1,0.297714205,29.7714205,0.0,0.0,100.0,1.0,0.08,-8.0,-721.6521146467653,721.6521146467653,0.0,-721.6521146467653,721.6521146467653,0.0,-58298.15949547723,58298.15949547723,0.0,0.0,6843.204580078125,6843.204580078125,0.0,0.0,10088.903882132836,10088.903882132836,0.0,-427101.5526255979,-427101.5526255979,59741.46372477076,59741.46372477076,59641.46372477076,0.0,100.0,0.0,0.0,59741.46372477076,42809.355262559795,1,0.0,100.0
279,51077.660917999034,0.0,-510776.60917999037,0.0,10.0,0.0,-0.0,0.1,0.2952837339999999,29.528373399999992,0.0,0.0,100.0,1.0,0.08,-8.0,-707.8293719676037,707.8293719676037,0.0,-707.8293719676037,707.8293719676037,0.0,-58299.49415537119,58299.49415537119,0.0,0.0,5497.000400390625,5497.000400390625,0.0,0.0,3040.491580916745,3040.491580916745,0.0,-510784.60917999037,-510784.60917999037,59715.152899306406,59715.1528993064,59615.152899306406,0.0,100.0,0.0,0.0,59715.1528993064,51177.66091799903,1,0.0,100.0
280,63761.07962178753,0.0,-637610.7962178753,0.0,10.0,0.0,-0.0,0.1,0.296933952,29.6933952,0.0,0.0,100.0,1.0,0.08,-8.0,-693.1480778447886,693.1480778447886,0.0,-693.1480778447886,693.1480778447886,0.0,-63334.85835867608,63334.85835867608,0.0,0.0,860.074892578125,860.074892578125,0.0,0.0,0.0,0.0,0.0,-637618.7962178753,-637618.7962178753,64721.154514365655,64721.154514365655,64621.154514365655,0.0,100.0,0.0,0.0,64721.154514365655,63861.07962178753,1,0.0,100.0
281,58496.25055051969,0.0,-584962.5055051969,0.0,10.0,0.0,-0.0,0.1,0.304518272,30.451827199999997,0.0,0.0,100.0,1.0,0.11,-11.0,-521.7153185147175,521.7153185147175,0.0,-521.7153185147175,521.7153185147175,0.0,-57552.81991349025,57552.81991349025,0.0,0.0,0.0,0.0,0.0,0.0,0.0,0.0,0.0,-584973.5055051969,-584973.5055051969,58596.25055051969,58596.25055051969,58496.25055051969,0.0,100.0,0.0,0.0,58596.25055051969,58596.25055051969,1,0.0,100.0
282,46484.51628633144,0.0,-464845.1628633144,0.0,10.0,0.0,-0.0,0.1,0.308372419,30.837241900000002,0.0,0.0,100.0,1.0,0.11,-11.0,-539.2491164402538,539.2491164402538,0.0,-539.2491164402538,539.2491164402538,0.0,-45506.018053450935,45506.018053450935,0.0,0.0,0.0,0.0,0.0,0.0,0.0,0.0,0.0,-464856.1628633144,-464856.1628633144,46584.51628633144,46584.51628633144,46484.51628633144,0.0,100.0,0.0,0.0,46584.51628633144,46584.51628633144,1,0.0,100.0
283,45011.420018419965,0.0,-450114.20018419967,0.0,10.0,0.0,-0.0,0.1,0.301123707,30.112370700000003,0.0,0.0,100.0,1.0,0.11,-11.0,-540.1847186813371,540.1847186813371,0.0,-540.1847186813371,540.1847186813371,0.0,-44031.050581057294,44031.050581057294,0.0,0.0,0.0,0.0,0.0,0.0,0.0,0.0,0.0,-450125.20018419967,-450125.20018419967,45111.420018419965,45111.420018419965,45011.420018419965,0.0,100.0,0.0,0.0,45111.420018419965,45111.420018419965,1,0.0,100.0
284,35989.70634254079,0.0,-359897.0634254079,0.0,10.0,0.0,-0.0,0.1,0.304789137,30.4789137,0.0,0.0,100.0,1.0,0.11,-11.0,-540.1391948268268,540.1391948268268,0.0,-540.1391948268268,540.1391948268268,0.0,-35009.427952887134,35009.427952887134,0.0,0.0,0.0,0.0,0.0,0.0,0.0,0.0,0.0,-359908.0634254079,-359908.0634254079,36089.70634254079,36089.70634254079,35989.70634254079,0.0,100.0,0.0,0.0,36089.70634254079,36089.70634254079,1,0.0,100.0
285,33921.64721321189,0.0,-339216.4721321189,0.0,10.0,0.0,-0.0,0.1,0.3053832039999999,30.53832039999999,0.0,0.0,100.0,1.0,0.11,-11.0,-232.7129758798208,232.7129758798208,0.0,-232.7129758798208,232.7129758798208,0.0,-33556.22126145224,33556.22126145224,0.0,0.0,0.0,0.0,0.0,0.0,0.0,0.0,0.0,-339227.4721321189,-339227.4721321189,34021.64721321189,34021.64721321189,33921.64721321189,0.0,100.0,0.0,0.0,34021.64721321189,34021.64721321189,1,0.0,100.0
286,21486.50425095776,0.0,-214865.04250957762,0.0,10.0,0.0,-0.0,0.1,0.306315476,30.631547599999998,0.0,0.0,100.0,1.0,0.11,-11.0,-232.244464285888,232.244464285888,0.0,-232.244464285888,232.244464285888,0.0,-21122.015322385985,21122.015322385985,0.0,0.0,0.0,0.0,0.0,0.0,0.0,0.0,0.0,-214876.04250957762,-214876.04250957762,21586.50425095776,21586.50425095776,21486.50425095776,0.0,100.0,0.0,0.0,21586.50425095776,21586.50425095776,1,0.0,100.0
287,18578.314509197,0.0,-185783.14509197,0.0,10.0,0.0,-0.0,0.1,0.303213992,30.3213992,0.0,0.0,100.0,1.0,0.11,-11.0,-235.34874090411125,235.34874090411125,0.0,-235.34874090411125,235.34874090411125,0.0,-18207.617027388776,18207.617027388776,0.0,0.0,0.0,0.0,0.0,0.0,0.0,0.0,0.0,-185794.14509197,-185794.14509197,18678.314509197,18678.314509197,18578.314509197,0.0,100.0,0.0,0.0,18678.314509197,18678.314509197,1,0.0,100.0
288,17880.781007499285,0.0,-178807.81007499286,0.0,10.0,0.0,-0.0,0.1,0.288195331,28.8195331,0.0,0.0,100.0,1.0,0.08,-8.0,-232.35965867580785,232.35965867580785,0.0,-232.35965867580785,232.35965867580785,0.0,-17516.061690147668,17516.061690147668,0.0,0.0,0.0,0.0,0.0,0.0,0.0,0.0,0.0,-178815.81007499286,-178815.81007499286,17980.781007499285,17980.781007499285,17880.781007499285,0.0,100.0,0.0,0.0,17980.781007499285,17980.781007499285,1,0.0,100.0
289,17857.5845936874,0.0,-178575.845936874,0.0,10.0,0.0,-0.0,0.1,0.284337205,28.4337205,0.0,0.0,100.0,1.0,0.08,-8.0,-232.37526975951192,232.37526975951192,0.0,-232.37526975951192,232.37526975951192,0.0,-17492.834054168376,17492.834054168376,0.0,0.0,0.0,0.0,0.0,0.0,0.0,0.0,0.0,-178583.845936874,-178583.845936874,17957.5845936874,17957.5845936874,17857.5845936874,0.0,100.0,0.0,0.0,17957.5845936874,17957.5845936874,1,0.0,100.0
290,18392.62225170136,0.0,-183926.2225170136,0.0,10.0,0.0,-0.0,0.1,0.283238887,28.323888699999998,0.0,0.0,100.0,1.0,0.08,-8.0,-232.3541040124056,232.3541040124056,0.0,-232.3541040124056,232.3541040124056,0.0,-18027.91404367655,18027.91404367655,0.0,0.0,0.0,0.0,0.0,0.0,0.0,0.0,0.0,-183934.2225170136,-183934.2225170136,18492.62225170136,18492.62225170136,18392.62225170136,0.0,100.0,0.0,0.0,18492.62225170136,18492.62225170136,1,0.0,100.0
291,18788.561685803903,0.0,-187885.61685803902,0.0,10.0,0.0,-0.0,0.1,0.285942569,28.594256899999998,0.0,0.0,100.0,1.0,0.08,-8.0,-232.3428432602064,232.3428432602064,0.0,-232.3428432602064,232.3428432602064,0.0,-18423.87599928349,18423.87599928349,0.0,0.0,0.0,0.0,0.0,0.0,0.0,0.0,0.0,-187893.61685803902,-187893.61685803902,18888.561685803903,18888.561685803903,18788.561685803903,0.0,100.0,0.0,0.0,18888.561685803903,18888.561685803903,1,0.0,100.0
292,19794.827222492706,0.0,-197948.27222492706,0.0,10.0,0.0,-0.0,0.1,0.290075084,29.0075084,0.0,0.0,100.0,1.0,0.08,-8.0,-236.78229289864515,236.78229289864515,0.0,-236.78229289864515,236.78229289864515,0.0,-19421.262636695417,19421.262636695417,0.0,0.0,0.0,0.0,0.0,0.0,0.0,0.0,0.0,-197956.27222492706,-197956.27222492706,19894.827222492706,19894.827222492706,19794.827222492706,0.0,100.0,0.0,0.0,19894.827222492706,19894.827222492706,1,0.0,100.0
293,22522.124784331805,0.0,-225221.24784331804,0.0,10.0,0.0,-0.0,0.1,0.296579005,29.6579005,0.0,0.0,100.0,1.0,0.11,-11.0,-236.081142943518,236.081142943518,0.0,-236.081142943518,236.081142943518,0.0,-22149.96249844477,22149.96249844477,0.0,0.0,0.0,0.0,0.0,0.0,0.0,0.0,0.0,-225232.24784331804,-225232.24784331804,22622.124784331805,22622.124784331805,22522.124784331805,0.0,100.0,0.0,0.0,22622.124784331805,22622.124784331805,1,0.0,100.0
294,26354.351082487745,0.0,-263543.5108248774,0.0,10.0,0.0,-0.0,0.1,0.300957523,30.0957523,0.0,0.0,100.0,1.0,0.11,-11.0,-270.3686361240128,270.3686361240128,0.0,-270.3686361240128,270.3686361240128,0.0,-25913.61381023972,25913.61381023972,0.0,0.0,0.0,0.0,0.0,0.0,0.0,0.0,0.0,-263554.5108248774,-263554.5108248774,26454.351082487745,26454.351082487745,26354.351082487745,0.0,100.0,0.0,0.0,26454.351082487745,26454.351082487745,1,0.0,100.0
295,31834.552372845264,0.0,-318345.5237284526,0.0,10.0,0.0,-0.0,0.1,0.29613906,29.613906,0.0,0.0,100.0,1.0,0.11,-11.0,-515.8861236752095,515.8861236752095,0.0,-515.8861236752095,515.8861236752095,0.0,-31079.999200236136,31079.999200236136,0.0,0.0,149.5782421875,149.5782421875,0.0,0.0,27.64083255378859,27.64083255378859,0.0,-318356.5237284526,-318356.5237284526,32111.771447586554,32111.771447586554,32011.771447586554,0.0,100.0,0.0,0.0,32111.771447586554,31934.552372845264,1,0.0,100.0
296,60488.61560354533,0.0,-604886.1560354533,0.0,10.0,0.0,-0.0,0.1,0.290206826,29.020682599999997,0.0,0.0,100.0,1.0,0.11,-11.0,-693.2743224390806,693.2743224390806,0.0,-693.2743224390806,693.2743224390806,0.0,-63591.94018324184,63591.94018324184,0.0,0.0,2841.9866015625,2841.9866015625,0.0,0.0,1547.8866230121612,1547.8866230121612,0.0,-604897.1560354533,-604897.1560354533,64978.48882812,64978.48882812,64878.48882812,0.0,100.0,0.0,0.0,64978.48882812,60588.61560354533,1,0.0,100.0
297,54273.16708695478,0.0,-542731.6708695479,0.0,10.0,0.0,-0.0,0.1,0.289324788,28.9324788,0.0,0.0,100.0,1.0,0.11,-11.0,-693.368091537345,693.368091537345,0.0,-693.368091537345,693.368091537345,0.0,-61306.0369276081,61306.0369276081,0.0,0.0,5721.367763671875,5721.367763671875,0.0,0.0,2598.238260056128,2598.238260056128,0.0,-542742.6708695479,-542742.6708695479,62692.773110682785,62692.773110682785,62592.773110682785,0.0,100.0,0.0,0.0,62692.773110682785,54373.16708695478,1,0.0,100.0
298,49782.53717324825,0.0,-497825.3717324825,0.0,10.0,0.0,-0.0,0.1,0.285764367,28.576436700000002,0.0,0.0,100.0,1.0,0.11,-11.0,-710.1281228509106,710.1281228509106,0.0,-710.1281228509106,710.1281228509106,0.0,-58285.83436915731,58285.83436915731,0.0,0.0,6506.65353515625,6506.65353515625,0.0,0.0,3316.899906454631,3316.899906454631,0.0,-497836.3717324825,-497836.3717324825,59706.09061485913,59706.09061485913,59606.09061485913,0.0,100.0,0.0,0.0,59706.09061485913,49882.53717324825,1,0.0,100.0
299,43860.74414876172,0.0,-438607.4414876172,0.0,10.0,0.0,-0.0,0.1,0.282471358,28.247135800000002,0.0,0.0,100.0,1.0,0.11,-11.0,-713.1530746129093,713.1530746129093,0.0,-713.1530746129093,713.1530746129093,0.0,-58266.58496307513,58266.58496307513,0.0,0.0,7329.3338671875,7329.3338671875,0.0,0.0,8402.813096351732,8402.813096351732,0.0,-438618.4414876172,-438618.4414876172,59692.891112300946,59692.89111230095,59592.891112300946,0.0,100.0,0.0,0.0,59692.89111230095,43960.74414876172,1,0.0,100.0
300,35957.70917461356,0.0,-359577.0917461356,0.0,10.0,0.0,-0.0,0.1,0.290332284,29.0332284,0.0,0.0,100.0,1.0,0.11,-11.0,-710.4488961475889,710.4488961475889,0.0,-710.4488961475889,710.4488961475889,0.0,-55277.62084157317,55277.62084157317,0.0,0.0,7815.463154296875,7815.463154296875,0.0,0.0,12825.346304957906,12825.346304957906,0.0,-359588.0917461356,-359588.0917461356,56698.51863386834,56698.51863386834,56598.51863386834,0.0,100.0,0.0,0.0,56698.51863386834,36057.70917461356,1,0.0,100.0
301,44248.7589615248,0.0,-442487.589615248,0.0,10.0,0.0,-0.0,0.1,0.295682881,29.5682881,0.0,0.0,100.0,1.0,0.11,-11.0,-694.6070441587294,694.6070441587294,0.0,-694.6070441587294,694.6070441587294,0.0,-58272.37639136465,58272.37639136465,0.0,0.0,3814.24517578125,3814.24517578125,0.0,0.0,11498.586342376057,11498.586342376057,0.0,-442498.589615248,-442498.589615248,59661.590479682105,59661.590479682105,59561.590479682105,0.0,100.0,0.0,0.0,59661.590479682105,44348.7589615248,1,0.0,100.0
302,45125.46107296615,0.0,-451254.61072966154,0.0,10.0,0.0,-0.0,0.1,0.290643459,29.0643459,0.0,0.0,100.0,1.0,0.08,-8.0,-697.762500008025,697.762500008025,0.0,-697.762500008025,697.762500008025,0.0,-58214.29012481662,58214.29012481662,0.0,0.0,5235.2384765625,5235.2384765625,0.0,0.0,9149.115575304024,9149.115575304024,0.0,-451262.61072966154,-451262.61072966154,59609.815124832676,59609.815124832676,59509.815124832676,0.0,100.0,0.0,0.0,59609.815124832676,45225.46107296615,1,0.0,100.0
303,49519.71422444621,0.0,-495197.1422444621,0.0,10.0,0.0,-0.0,0.1,0.285674121,28.5674121,0.0,0.0,100.0,1.0,0.08,-8.0,-694.3109980976211,694.3109980976211,0.0,-694.3109980976211,694.3109980976211,0.0,-58212.54700525854,58212.54700525854,0.0,0.0,2767.1974804687497,2767.1974804687497,0.0,0.0,7214.257296538823,7214.257296538823,0.0,-495205.1422444621,-495205.1422444621,59601.16900145378,59601.16900145378,59501.16900145378,0.0,100.0,0.0,0.0,59601.16900145378,49619.71422444621,1,0.0,100.0
304,64247.45558799855,0.0,-642474.5558799854,0.0,10.0,0.0,-0.0,0.1,0.284204684,28.420468399999997,0.0,0.0,100.0,1.0,0.08,-8.0,-689.4084714427488,689.4084714427488,0.0,-689.4084714427488,689.4084714427488,0.0,-63230.40056894118,63230.40056894118,0.0,0.0,261.76192382812496,261.76192382812496,0.0,0.0,0.0,0.0,0.0,-642482.5558799854,-642482.5558799854,64609.217511826675,64609.217511826675,64509.217511826675,0.0,100.0,0.0,0.0,64609.217511826675,64347.45558799855,1,0.0,100.0
305,58385.51878949798,0.0,-583855.1878949798,0.0,10.0,0.0,-0.0,0.1,0.282994583,28.2994583,0.0,0.0,100.0,1.0,0.11,-11.0,-522.7566662261942,522.7566662261942,0.0,-522.7566662261942,522.7566662261942,0.0,-57440.0054570456,57440.0054570456,0.0,0.0,0.0,0.0,0.0,0.0,0.0,0.0,0.0,-583866.1878949798,-583866.1878949798,58485.51878949798,58485.51878949798,58385.51878949798,0.0,100.0,0.0,0.0,58485.51878949798,58485.51878949798,1,0.0,100.0
306,46369.23415774159,0.0,-463692.3415774159,0.0,10.0,0.0,-0.0,0.1,0.269999357,26.999935699999998,0.0,0.0,100.0,1.0,0.11,-11.0,-539.3401306758518,539.3401306758518,0.0,-539.3401306758518,539.3401306758518,0.0,-45390.55389638988,45390.55389638988,0.0,0.0,0.0,0.0,0.0,0.0,0.0,0.0,0.0,-463703.3415774159,-463703.3415774159,46469.23415774159,46469.23415774159,46369.23415774159,0.0,100.0,0.0,0.0,46469.23415774159,46469.23415774159,1,0.0,100.0
307,44889.293922515964,0.0,-448892.93922515964,0.0,10.0,0.0,-0.0,0.1,0.263448332,26.3448332,0.0,0.0,100.0,1.0,0.11,-11.0,-539.3547794823445,539.3547794823445,0.0,-539.3547794823445,539.3547794823445,0.0,-43910.58436355127,43910.58436355127,0.0,0.0,0.0,0.0,0.0,0.0,0.0,0.0,0.0,-448903.93922515964,-448903.93922515964,44989.293922515964,44989.293922515964,44889.293922515964,0.0,100.0,0.0,0.0,44989.293922515964,44989.293922515964,1,0.0,100.0
308,35850.18000504369,0.0,-358501.80005043687,0.0,10.0,0.0,-0.0,0.1,0.259614136,25.9614136,0.0,0.0,100.0,1.0,0.11,-11.0,-539.3622599554229,539.3622599554229,0.0,-539.3622599554229,539.3622599554229,0.0,-34871.45548513284,34871.45548513284,0.0,0.0,0.0,0.0,0.0,0.0,0.0,0.0,0.0,-358512.80005043687,-358512.80005043687,35950.18000504369,35950.18000504369,35850.18000504369,0.0,100.0,0.0,0.0,35950.18000504369,35950.18000504369,1,0.0,100.0
309,33758.16989347178,0.0,-337581.6989347178,0.0,10.0,0.0,-0.0,0.1,0.2653492719999999,26.53492719999999,0.0,0.0,100.0,1.0,0.11,-11.0,-232.2296330910848,232.2296330910848,0.0,-232.2296330910848,232.2296330910848,0.0,-33393.71062728961,33393.71062728961,0.0,0.0,0.0,0.0,0.0,0.0,0.0,0.0,0.0,-337592.6989347178,-337592.6989347178,33858.16989347178,33858.16989347178,33758.16989347178,0.0,100.0,0.0,0.0,33858.16989347178,33858.16989347178,1,0.0,100.0
310,21486.753087460886,0.0,-214867.53087460884,0.0,10.0,0.0,-0.0,0.1,0.261215101,26.121510100000002,0.0,0.0,100.0,1.0,0.11,-11.0,-232.36883114670675,232.36883114670675,0.0,-232.36883114670675,232.36883114670675,0.0,-21122.015425167472,21122.015425167472,0.0,0.0,0.0,0.0,0.0,0.0,0.0,0.0,0.0,-214878.53087460884,-214878.53087460884,21586.753087460886,21586.753087460886,21486.753087460886,0.0,100.0,0.0,0.0,21586.753087460886,21586.753087460886,1,0.0,100.0
311,18508.30664215982,0.0,-185083.0664215982,0.0,10.0,0.0,-0.0,0.1,0.2462562539999999,24.62562539999999,0.0,0.0,100.0,1.0,0.11,-11.0,-235.43479605217567,235.43479605217567,0.0,-235.43479605217567,235.43479605217567,0.0,-18137.43705005547,18137.43705005547,0.0,0.0,0.0,0.0,0.0,0.0,0.0,0.0,0.0,-185094.0664215982,-185094.0664215982,18608.30664215982,18608.30664215982,18508.30664215982,0.0,100.0,0.0,0.0,18608.30664215982,18608.30664215982,1,0.0,100.0
312,14750.064056593648,0.0,-147500.64056593648,0.0,10.0,0.0,-0.0,0.1,0.245005955,24.5005955,0.0,0.0,100.0,1.0,0.08,-8.0,-232.46627420413387,232.46627420413387,0.0,-232.46627420413387,232.46627420413387,0.0,-14385.13150818538,14385.13150818538,0.0,0.0,0.0,0.0,0.0,0.0,0.0,0.0,0.0,-147508.64056593648,-147508.64056593648,14850.064056593648,14850.064056593648,14750.064056593648,0.0,100.0,0.0,0.0,14850.064056593648,14850.064056593648,1,0.0,100.0
313,14750.024966519051,0.0,-147500.24966519052,0.0,10.0,0.0,-0.0,0.1,0.268258194,26.8258194,0.0,0.0,100.0,1.0,0.08,-8.0,-232.4467261438502,232.4467261438502,0.0,-232.4467261438502,232.4467261438502,0.0,-14385.13151423135,14385.13151423135,0.0,0.0,0.0,0.0,0.0,0.0,0.0,0.0,0.0,-147508.24966519052,-147508.24966519052,14850.024966519051,14850.024966519051,14750.024966519051,0.0,100.0,0.0,0.0,14850.024966519051,14850.024966519051,1,0.0,100.0
314,14749.947189410617,0.0,-147499.4718941062,0.0,10.0,0.0,-0.0,0.1,0.274079979,27.407997899999998,0.0,0.0,100.0,1.0,0.08,-8.0,-232.40782852067792,232.40782852067792,0.0,-232.40782852067792,232.40782852067792,0.0,-14385.131532369262,14385.131532369262,0.0,0.0,0.0,0.0,0.0,0.0,0.0,0.0,0.0,-147507.4718941062,-147507.4718941062,14849.947189410617,14849.947189410617,14749.947189410617,0.0,100.0,0.0,0.0,14849.947189410617,14849.947189410617,1,0.0,100.0
315,14749.926877320133,0.0,-147499.26877320133,0.0,10.0,0.0,-0.0,0.1,0.277024493,27.702449299999998,0.0,0.0,100.0,1.0,0.08,-8.0,-232.3976845673764,232.3976845673764,0.0,-232.3976845673764,232.3976845673764,0.0,-14385.13150818538,14385.13150818538,0.0,0.0,0.0,0.0,0.0,0.0,0.0,0.0,0.0,-147507.26877320133,-147507.26877320133,14849.926877320133,14849.926877320133,14749.926877320133,0.0,100.0,0.0,0.0,14849.926877320133,14849.926877320133,1,0.0,100.0
316,15490.698515748905,0.0,-154906.98515748905,0.0,10.0,0.0,-0.0,0.1,0.280714061,28.0714061,0.0,0.0,100.0,1.0,0.08,-8.0,-233.30832153501464,233.30832153501464,0.0,-233.30832153501464,233.30832153501464,0.0,-15124.081872678877,15124.081872678877,0.0,0.0,0.0,0.0,0.0,0.0,0.0,0.0,0.0,-154914.98515748905,-154914.98515748905,15590.698515748905,15590.698515748905,15490.698515748905,0.0,100.0,0.0,0.0,15590.698515748905,15590.698515748905,1,0.0,100.0
317,16968.550763686082,0.0,-169685.50763686083,0.0,10.0,0.0,-0.0,0.1,0.277111577,27.7111577,0.0,0.0,100.0,1.0,0.11,-11.0,-233.2382102383151,233.2382102383151,0.0,-233.2382102383151,233.2382102383151,0.0,-16602.074343209453,16602.074343209453,0.0,0.0,0.0,0.0,0.0,0.0,0.0,0.0,0.0,-169696.50763686083,-169696.50763686083,17068.550763686082,17068.550763686082,16968.550763686082,0.0,100.0,0.0,0.0,17068.550763686082,17068.550763686082,1,0.0,100.0
318,26208.694973310074,0.0,-262086.94973310074,0.0,10.0,0.0,-0.0,0.1,0.268520843,26.8520843,0.0,0.0,100.0,1.0,0.11,-11.0,-233.2865216339203,233.2865216339203,0.0,-233.2865216339203,233.2865216339203,0.0,-25842.121930042234,25842.121930042234,0.0,0.0,0.0,0.0,0.0,0.0,0.0,0.0,0.0,-262097.94973310074,-262097.94973310074,26308.694973310074,26308.694973310074,26208.694973310074,0.0,100.0,0.0,0.0,26308.694973310074,26308.694973310074,1,0.0,100.0
319,24713.664183782315,0.0,-247136.64183782315,0.0,10.0,0.0,-0.0,0.1,0.266903661,26.690366100000002,0.0,0.0,100.0,1.0,0.11,-11.0,-209.12024568589555,209.12024568589555,0.0,-209.12024568589555,209.12024568589555,0.0,-24730.35438590693,24730.35438590693,0.0,0.0,224.36736328125,224.36736328125,0.0,0.0,110.56333021515437,110.56333021515437,0.0,-247147.64183782315,-247147.64183782315,25148.59487727872,25148.59487727872,25048.59487727872,0.0,100.0,0.0,0.0,25148.59487727872,24813.664183782315,1,0.0,100.0
320,34100.45365245462,0.0,-341004.5365245462,0.0,10.0,0.0,-0.0,0.1,0.275567181,27.556718099999998,0.0,0.0,100.0,1.0,0.11,-11.0,-197.1962928108032,197.1962928108032,0.0,-197.1962928108032,197.1962928108032,0.0,-39265.76176499755,39265.76176499755,0.0,0.0,3552.483251953125,3552.483251953125,0.0,0.0,1907.2174462114128,1907.2174462114128,0.0,-341015.5365245462,-341015.5365245462,39660.15435061916,39660.15435061916,39560.15435061916,0.0,100.0,0.0,0.0,39660.15435061916,34200.45365245462,1,0.0,100.0
321,28160.92019238522,0.0,-281609.2019238522,0.0,10.0,0.0,-0.0,0.1,0.273026831,27.302683100000003,0.0,0.0,100.0,1.0,0.11,-11.0,-197.2889281642496,197.2889281642496,0.0,-197.2889281642496,197.2889281642496,0.0,-37046.11811068364,37046.11811068364,0.0,0.0,4674.320068359375,4674.320068359375,0.0,0.0,4505.45570626754,4505.45570626754,0.0,-281620.2019238522,-281620.2019238522,37440.695967012136,37440.695967012136,37340.695967012136,0.0,100.0,0.0,0.0,37440.695967012136,28260.92019238522,1,0.0,100.0
322,23858.90961390085,0.0,-238589.0961390085,0.0,10.0,0.0,-0.0,0.1,0.268434508,26.843450800000003,0.0,0.0,100.0,1.0,0.11,-11.0,-197.286492512508,197.286492512508,0.0,-197.286492512508,197.286492512508,0.0,-34109.98213637774,34109.98213637774,0.0,0.0,2916.77572265625,2916.77572265625,0.0,0.0,7628.869784845651,7628.869784845651,0.0,-238600.0961390085,-238600.0961390085,34504.55512140275,34504.55512140275,34404.55512140275,0.0,100.0,0.0,0.0,34504.55512140275,23958.90961390085,1,0.0,100.0
323,20064.965553585193,0.0,-200649.65553585193,0.0,10.0,0.0,-0.0,0.1,0.284542655,28.454265499999998,0.0,0.0,100.0,1.0,0.11,-11.0,-200.167182568748,200.167182568748,0.0,-200.167182568748,200.167182568748,0.0,-34131.19299407431,34131.19299407431,0.0,0.0,3365.5104492187497,3365.5104492187497,0.0,0.0,11001.05135640786,11001.05135640786,0.0,-200660.65553585193,-200660.65553585193,34531.5273592118,34531.5273592118,34431.5273592118,0.0,100.0,0.0,0.0,34531.5273592118,20164.965553585193,1,0.0,100.0
324,19566.02361115657,0.0,-195660.23611156567,0.0,10.0,0.0,-0.0,0.1,0.28106825,28.106825,0.0,0.0,100.0,1.0,0.11,-11.0,-197.3258896846683,197.3258896846683,0.0,-197.3258896846683,197.3258896846683,0.0,-34205.365070759115,34205.365070759115,0.0,0.0,3739.4560546875,3739.4560546875,0.0,0.0,11194.53718428438,11194.53718428438,0.0,-195671.23611156567,-195671.23611156567,34600.01685012845,34600.01685012845,34500.01685012845,0.0,100.0,0.0,0.0,34600.01685012845,19666.02361115657,1,0.0,100.0
325,19048.275255497036,0.0,-190482.75255497036,0.0,10.0,0.0,-0.0,0.1,0.282033779,28.2033779,0.0,0.0,100.0,1.0,0.11,-11.0,-197.55696830990263,197.55696830990263,0.0,-197.55696830990263,197.55696830990263,0.0,-34157.08033070378,34157.08033070378,0.0,0.0,3103.7485253906248,3103.7485253906248,0.0,0.0,12300.170486435924,12300.170486435924,0.0,-190493.75255497036,-190493.75255497036,34552.19426732358,34552.19426732358,34452.19426732358,0.0,100.0,0.0,0.0,34552.19426732358,19148.275255497036,1,0.0,100.0
326,11728.716036295533,0.0,-117287.16036295533,0.0,10.0,0.0,-0.0,0.1,0.284413226,28.441322600000003,0.0,0.0,100.0,1.0,0.08,-8.0,-197.65939685702529,197.65939685702529,0.0,-197.65939685702529,197.65939685702529,0.0,-19057.27949538967,19057.27949538967,0.0,0.0,2206.279072265625,2206.279072265625,0.0,0.0,5417.603180542564,5417.603180542564,0.0,-117295.16036295533,-117295.16036295533,19452.59828910372,19452.59828910372,19352.59828910372,0.0,100.0,0.0,0.0,19452.59828910372,11828.716036295531,1,0.0,100.0
327,9951.370368955293,0.0,-99513.70368955293,0.0,10.0,0.0,-0.0,0.1,0.280508741,28.0508741,0.0,0.0,100.0,1.0,0.08,-8.0,-197.6250219953252,197.6250219953252,0.0,-197.6250219953252,197.6250219953252,0.0,-19027.888053803657,19027.888053803657,0.0,0.0,2019.3062695312497,2019.3062695312497,0.0,0.0,7352.461459307765,7352.461459307765,0.0,-99521.70368955293,-99521.70368955293,19423.138097794308,19423.138097794308,19323.138097794308,0.0,100.0,0.0,0.0,19423.138097794308,10051.370368955293,1,0.0,100.0
328,24013.0105966912,0.0,-240130.105966912,0.0,10.0,0.0,-0.0,0.1,0.285360081,28.5360081,0.0,0.0,100.0,1.0,0.08,-8.0,-197.2266195641612,197.2266195641612,0.0,-197.2266195641612,197.2266195641612,0.0,-24055.108402484755,24055.108402484755,0.0,0.0,336.551044921875,336.551044921875,0.0,0.0,0.0,0.0,0.0,-240138.105966912,-240138.105966912,24449.561641613076,24449.561641613076,24349.561641613076,0.0,100.0,0.0,0.0,24449.561641613076,24113.0105966912,1,0.0,100.0
329,23124.215190524676,0.0,-231242.15190524675,0.0,10.0,0.0,-0.0,0.1,0.287037293,28.703729300000003,0.0,0.0,100.0,1.0,0.11,-11.0,-215.1443685238776,215.1443685238776,0.0,-215.1443685238776,215.1443685238776,0.0,-22793.92645347692,22793.92645347692,0.0,0.0,0.0,0.0,0.0,0.0,0.0,0.0,0.0,-231253.15190524675,-231253.15190524675,23224.215190524676,23224.215190524676,23124.215190524676,0.0,100.0,0.0,0.0,23224.215190524676,23224.215190524676,1,0.0,100.0
330,21401.869916353004,0.0,-214018.69916353002,0.0,10.0,0.0,-0.0,0.1,0.279409434,27.940943400000002,0.0,0.0,100.0,1.0,0.11,-11.0,-233.06195614169783,233.06195614169783,0.0,-233.06195614169783,233.06195614169783,0.0,-21035.74600406961,21035.74600406961,0.0,0.0,0.0,0.0,0.0,0.0,0.0,0.0,0.0,-214029.69916353002,-214029.69916353002,21501.869916353004,21501.869916353004,21401.869916353004,0.0,100.0,0.0,0.0,21501.869916353004,21501.869916353004,1,0.0,100.0
331,19925.94084289095,0.0,-199259.4084289095,0.0,10.0,0.0,-0.0,0.1,0.279819055,27.9819055,0.0,0.0,100.0,1.0,0.11,-11.0,-234.0477990190883,234.0477990190883,0.0,-234.0477990190883,234.0477990190883,0.0,-19557.84524485277,19557.84524485277,0.0,0.0,0.0,0.0,0.0,0.0,0.0,0.0,0.0,-199270.4084289095,-199270.4084289095,20025.94084289095,20025.94084289095,19925.94084289095,0.0,100.0,0.0,0.0,20025.94084289095,20025.94084289095,1,0.0,100.0
332,19925.794809458028,0.0,-199257.94809458026,0.0,10.0,0.0,-0.0,0.1,0.281066379,28.1066379,0.0,0.0,100.0,1.0,0.11,-11.0,-233.97478532561303,233.97478532561303,0.0,-233.97478532561303,233.97478532561303,0.0,-19557.845238806804,19557.845238806804,0.0,0.0,0.0,0.0,0.0,0.0,0.0,0.0,0.0,-199268.94809458026,-199268.94809458026,20025.794809458028,20025.794809458028,19925.794809458028,0.0,100.0,0.0,0.0,20025.794809458028,20025.794809458028,1,0.0,100.0
333,18446.86277411983,0.0,-184468.6277411983,0.0,10.0,0.0,-0.0,0.1,0.283114126,28.3114126,0.0,0.0,100.0,1.0,0.11,-11.0,-233.42856070442951,233.42856070442951,0.0,-233.42856070442951,233.42856070442951,0.0,-18080.00565271097,18080.00565271097,0.0,0.0,0.0,0.0,0.0,0.0,0.0,0.0,0.0,-184479.6277411983,-184479.6277411983,18546.86277411983,18546.86277411983,18446.86277411983,0.0,100.0,0.0,0.0,18546.86277411983,18546.86277411983,1,0.0,100.0
334,16967.353367445514,0.0,-169673.53367445513,0.0,10.0,0.0,-0.0,0.1,0.284291174,28.4291174,0.0,0.0,100.0,1.0,0.11,-11.0,-232.68536172893323,232.68536172893323,0.0,-232.68536172893323,232.68536172893323,0.0,-16601.98264398765,16601.98264398765,0.0,0.0,0.0,0.0,0.0,0.0,0.0,0.0,0.0,-169684.53367445513,-169684.53367445513,17067.353367445514,17067.353367445514,16967.353367445514,0.0,100.0,0.0,0.0,17067.353367445514,17067.353367445514,1,0.0,100.0
335,15565.105118689602,0.0,-155651.05118689602,0.0,10.0,0.0,-0.0,0.1,0.271278807,27.127880700000002,0.0,0.0,100.0,1.0,0.11,-11.0,-235.5401534819195,235.5401534819195,0.0,-235.5401534819195,235.5401534819195,0.0,-15194.024811725763,15194.024811725763,0.0,0.0,0.0,0.0,0.0,0.0,0.0,0.0,0.0,-155662.05118689602,-155662.05118689602,15665.105118689602,15665.105118689602,15565.105118689602,0.0,100.0,0.0,0.0,15665.105118689602,15665.105118689602,1,0.0,100.0
336,14843.771140291192,0.0,-148437.71140291193,0.0,10.0,0.0,-0.0,0.1,0.2632545,26.32545,0.0,0.0,100.0,1.0,0.08,-8.0,-232.6544436257261,232.6544436257261,0.0,-232.6544436257261,232.6544436257261,0.0,-14478.46225303974,14478.46225303974,0.0,0.0,0.0,0.0,0.0,0.0,0.0,0.0,0.0,-148445.71140291193,-148445.71140291193,14943.771140291192,14943.771140291192,14843.771140291192,0.0,100.0,0.0,0.0,14943.771140291192,14943.771140291192,1,0.0,100.0
337,14867.182889054475,0.0,-148671.82889054474,0.0,10.0,0.0,-0.0,0.1,0.266724171,26.6724171,0.0,0.0,100.0,1.0,0.08,-8.0,-232.6297855964572,232.6297855964572,0.0,-232.6297855964572,232.6297855964572,0.0,-14501.92331786156,14501.92331786156,0.0,0.0,0.0,0.0,0.0,0.0,0.0,0.0,0.0,-148679.82889054474,-148679.82889054474,14967.182889054475,14967.182889054475,14867.182889054475,0.0,100.0,0.0,0.0,14967.182889054475,14967.182889054475,1,0.0,100.0
338,14843.966045748932,0.0,-148439.6604574893,0.0,10.0,0.0,-0.0,0.1,0.270707084,27.070708399999997,0.0,0.0,100.0,1.0,0.08,-8.0,-232.6095712058582,232.6095712058582,0.0,-232.6095712058582,232.6095712058582,0.0,-14478.746903337214,14478.746903337214,0.0,0.0,0.0,0.0,0.0,0.0,0.0,0.0,0.0,-148447.6604574893,-148447.6604574893,14943.966045748932,14943.966045748932,14843.966045748932,0.0,100.0,0.0,0.0,14943.966045748932,14943.966045748932,1,0.0,100.0
339,14867.370907413102,0.0,-148673.709074131,0.0,10.0,0.0,-0.0,0.1,0.279467055,27.9467055,0.0,0.0,100.0,1.0,0.08,-8.0,-232.5821316607104,232.5821316607104,0.0,-232.5821316607104,232.5821316607104,0.0,-14502.20664409168,14502.20664409168,0.0,0.0,0.0,0.0,0.0,0.0,0.0,0.0,0.0,-148681.709074131,-148681.709074131,14967.370907413102,14967.370907413102,14867.370907413102,0.0,100.0,0.0,0.0,14967.370907413102,14967.370907413102,1,0.0,100.0
340,15584.992439269407,0.0,-155849.92439269405,0.0,10.0,0.0,-0.0,0.1,0.286021427,28.602142699999998,0.0,0.0,100.0,1.0,0.08,-8.0,-233.51985251838303,233.51985251838303,0.0,-233.51985251838303,233.51985251838303,0.0,-15217.95273423264,15217.95273423264,0.0,0.0,0.0,0.0,0.0,0.0,0.0,0.0,0.0,-155857.92439269405,-155857.92439269405,15684.992439269407,15684.992439269407,15584.992439269407,0.0,100.0,0.0,0.0,15684.992439269407,15684.992439269407,1,0.0,100.0
341,17086.31394734789,0.0,-170863.13947347892,0.0,10.0,0.0,-0.0,0.1,0.280028611,28.002861099999997,0.0,0.0,100.0,1.0,0.11,-11.0,-233.45233645796665,233.45233645796665,0.0,-233.45233645796665,233.45233645796665,0.0,-16719.409274431957,16719.409274431957,0.0,0.0,0.0,0.0,0.0,0.0,0.0,0.0,0.0,-170874.13947347892,-170874.13947347892,17186.31394734789,17186.31394734789,17086.31394734789,0.0,100.0,0.0,0.0,17186.31394734789,17186.31394734789,1,0.0,100.0
342,20018.984061087842,0.0,-200189.84061087843,0.0,10.0,0.0,-0.0,0.1,0.2780308689999999,27.80308689999999,0.0,0.0,100.0,1.0,0.11,-11.0,-233.49492306150003,233.49492306150003,0.0,-233.49492306150003,233.49492306150003,0.0,-19651.99421496484,19651.99421496484,0.0,0.0,0.0,0.0,0.0,0.0,0.0,0.0,0.0,-200200.84061087843,-200200.84061087843,20118.984061087842,20118.984061087842,20018.984061087842,0.0,100.0,0.0,0.0,20118.984061087842,20118.984061087842,1,0.0,100.0
343,18666.210576261386,0.0,-186662.10576261388,0.0,10.0,0.0,-0.0,0.1,0.283488506,28.3488506,0.0,0.0,100.0,1.0,0.11,-11.0,-209.29103947232005,209.29103947232005,0.0,-209.29103947232005,209.29103947232005,0.0,-18570.375509172525,18570.375509172525,0.0,0.0,112.183681640625,112.183681640625,0.0,0.0,110.56333021515437,110.56333021515437,0.0,-186673.10576261388,-186673.10576261388,18988.957588117166,18988.957588117166,18888.957588117166,0.0,100.0,0.0,0.0,18988.957588117166,18766.210576261386,1,0.0,100.0
344,15170.690700293064,0.0,-151706.90700293065,0.0,10.0,0.0,-0.0,0.1,0.277292108,27.729210799999997,0.0,0.0,100.0,1.0,0.11,-11.0,-197.3299139431969,197.3299139431969,0.0,-197.3299139431969,197.3299139431969,0.0,-18030.263247508985,18030.263247508985,0.0,0.0,1495.782421875,1495.782421875,0.0,0.0,1658.4499532273155,1658.4499532273155,0.0,-151717.90700293065,-151717.90700293065,18424.923075395378,18424.923075395378,18324.923075395378,0.0,100.0,0.0,0.0,18424.923075395378,15270.690700293062,1,0.0,100.0
345,5974.285727846704,0.0,-59742.85727846704,0.0,10.0,0.0,-0.0,0.1,0.292833456,29.2833456,0.0,0.0,100.0,1.0,0.11,-11.0,-197.413343352322,197.413343352322,0.0,-197.413343352322,197.413343352322,0.0,-15836.544160905712,15836.544160905712,0.0,0.0,2168.8845117187498,2168.8845117187498,0.0,0.0,7988.200608044903,7988.200608044903,0.0,-59753.85727846704,-59753.85727846704,16231.370847610357,16231.370847610357,16131.370847610357,0.0,100.0,0.0,0.0,16231.370847610357,6074.285727846704,1,0.0,100.0
346,8079.673385038526,0.0,-80796.73385038527,0.0,10.0,0.0,-0.0,0.1,0.308088958,30.808895800000002,0.0,0.0,100.0,1.0,0.11,-11.0,-197.3910375004476,197.3910375004476,0.0,-197.3910375004476,197.3910375004476,0.0,-12857.65197188939,12857.65197188939,0.0,0.0,2916.77572265625,2916.77572265625,0.0,0.0,2155.98493919551,2155.98493919551,0.0,-80807.73385038527,-80807.73385038527,13252.434046890286,13252.434046890286,13152.434046890286,0.0,100.0,0.0,0.0,13252.434046890286,8179.673385038526,1,0.0,100.0
347,2435.6810770602196,0.0,-24356.8107706022,0.0,10.0,0.0,-0.0,0.1,0.307437725,30.7437725,0.0,0.0,100.0,1.0,0.11,-11.0,-200.19532154105747,200.19532154105747,0.0,-200.19532154105747,200.19532154105747,0.0,-12880.903175058407,12880.903175058407,0.0,0.0,3365.5104492187497,3365.5104492187497,0.0,0.0,7380.102291861554,7380.102291861554,0.0,-24367.8107706022,-24367.8107706022,13281.293818140522,13281.293818140522,13181.293818140522,0.0,100.0,0.0,0.0,13281.293818140522,2535.6810770602187,1,0.0,100.0
348,0.0,0.0,-0.0,55.55555555555556,10.0,0.0,-0.0,0.1,0.297992975,0.0,0.0,100.0,0.0,1.0,0.11,0.0,-197.3639834436009,197.3639834436009,0.0,-197.3639834436009,197.3639834436009,0.0,-12857.781512835283,12857.781512835283,0.0,0.0,8525.9598046875,8525.9598046875,0.0,1530.5679218884134,6412.673152478953,4882.10523059054,0.0,0.0,0.0,13408.06503527804,13408.06503527804,13408.06503527804,0.0,0.0,155.55555555555475,0.0,13252.509479722485,-1686.123477443969,1,-55.55555555555556,-100.0
349,0.0,0.0,-0.0,44.44444444444444,60.0,0.0,-0.0,0.6,0.294503791,0.0,0.0,100.0,0.0,1.0,0.11,0.0,-197.5925016867532,197.5925016867532,0.0,-197.5925016867532,197.5925016867532,0.0,-12881.012377362376,12881.012377362376,0.0,0.0,7030.1773828125,7030.1773828125,0.0,2233.4753144142114,8623.93975678204,6390.464442367828,0.0,0.0,0.0,13420.641825180328,13420.641825180328,13420.641825180328,0.0,0.0,144.44444444444525,0.0,13276.197380735883,-2377.9197588586558,1,-44.44444444444444,-100.0
350,3229.1220392789864,0.0,-32291.220392789866,0.0,100.0,45.0,-0.0,1.0,0.2778978789999999,27.78978789999999,0.0,0.0,100.0,1.0,0.08,-8.0,-197.65299719891547,197.65299719891547,0.0,-197.65299719891547,197.65299719891547,0.0,-12857.71439048014,12857.71439048014,0.0,0.0,5235.2384765625,5235.2384765625,0.0,0.0,4643.659869036484,4643.659869036484,0.0,-32299.220392789866,-32299.220392789866,13253.020384877971,13253.020384877971,13108.020384877971,0.0,145.0,0.0,0.0,13253.020384877971,3374.1220392789874,1,45.0,100.0
351,4022.2477636223175,0.0,-40222.47763622318,0.0,50.0,36.0,-0.0,0.5,0.2894620069999999,28.94620069999999,0.0,0.0,100.0,1.0,0.08,-8.0,-197.59695754322223,197.59695754322223,0.0,-197.59695754322223,197.59695754322223,0.0,-12880.971694032542,12880.971694032542,0.0,0.0,6132.7079296875,6132.7079296875,0.0,0.0,2985.209915809168,2985.209915809168,0.0,-40230.47763622318,-40230.47763622318,13276.165609118985,13276.165609118985,13140.165609118985,0.0,136.0,0.0,0.0,13276.165609118985,4158.2477636223175,1,36.0,100.0
352,16910.17984115324,0.0,-169101.7984115324,0.0,10.0,0.0,-0.0,0.1,0.309958075,30.9958075,0.0,0.0,100.0,1.0,0.08,-8.0,-197.17196089635232,197.17196089635232,0.0,-197.17196089635232,197.17196089635232,0.0,-17363.727130298037,17363.727130298037,0.0,0.0,747.8912109375,747.8912109375,0.0,0.0,0.0,0.0,0.0,-169109.7984115324,-169109.7984115324,17758.07105209074,17758.07105209074,17658.07105209074,0.0,100.0,0.0,0.0,17758.07105209074,17010.17984115324,1,0.0,100.0
353,22132.007636330163,0.0,-221320.07636330163,0.0,10.0,0.0,-0.0,0.1,0.303559187,30.3559187,0.0,0.0,100.0,1.0,0.11,-11.0,-215.0725770705808,215.0725770705808,0.0,-215.0725770705808,215.0725770705808,0.0,-21801.862482189,21801.862482189,0.0,0.0,0.0,0.0,0.0,0.0,0.0,0.0,0.0,-221331.07636330163,-221331.07636330163,22232.007636330163,22232.007636330163,22132.007636330163,0.0,100.0,0.0,0.0,22232.007636330163,22232.007636330163,1,0.0,100.0
354,22377.184571098125,0.0,-223771.84571098126,0.0,10.0,0.0,-0.0,0.1,0.306758753,30.6758753,0.0,0.0,100.0,1.0,0.11,-11.0,-232.96665174307185,232.96665174307185,0.0,-232.96665174307185,232.96665174307185,0.0,-22011.25126761198,22011.25126761198,0.0,0.0,0.0,0.0,0.0,0.0,0.0,0.0,0.0,-223782.84571098126,-223782.84571098126,22477.184571098125,22477.184571098125,22377.184571098125,0.0,100.0,0.0,0.0,22477.184571098125,22477.184571098125,1,0.0,100.0
355,21203.52079667103,0.0,-212035.2079667103,0.0,10.0,0.0,-0.0,0.1,0.307537655,30.753765500000004,0.0,0.0,100.0,1.0,0.11,-11.0,-233.8986141678832,233.8986141678832,0.0,-233.8986141678832,233.8986141678832,0.0,-20835.723568335263,20835.723568335263,0.0,0.0,0.0,0.0,0.0,0.0,0.0,0.0,0.0,-212046.2079667103,-212046.2079667103,21303.52079667103,21303.52079667103,21203.52079667103,0.0,100.0,0.0,0.0,21303.52079667103,21303.52079667103,1,0.0,100.0
356,20949.671101313616,0.0,-209496.71101313614,0.0,10.0,0.0,-0.0,0.1,0.304024124,30.4024124,0.0,0.0,100.0,1.0,0.11,-11.0,-233.82489071232703,233.82489071232703,0.0,-233.82489071232703,233.82489071232703,0.0,-20582.02131988896,20582.02131988896,0.0,0.0,0.0,0.0,0.0,0.0,0.0,0.0,0.0,-209507.71101313614,-209507.71101313614,21049.671101313616,21049.671101313616,20949.671101313616,0.0,100.0,0.0,0.0,21049.671101313616,21049.671101313616,1,0.0,100.0
357,19726.18299590348,0.0,-197261.8299590348,0.0,10.0,0.0,-0.0,0.1,0.3089781889999999,30.89781889999999,0.0,0.0,100.0,1.0,0.11,-11.0,-233.2942893089632,233.2942893089632,0.0,-233.2942893089632,233.2942893089632,0.0,-19359.594417285552,19359.594417285552,0.0,0.0,0.0,0.0,0.0,0.0,0.0,0.0,0.0,-197272.8299590348,-197272.8299590348,19826.18299590348,19826.18299590348,19726.18299590348,0.0,100.0,0.0,0.0,19826.18299590348,19826.18299590348,1,0.0,100.0
358,17993.344649948565,0.0,-179933.44649948564,0.0,10.0,0.0,-0.0,0.1,0.30617091,30.617091000000002,0.0,0.0,100.0,1.0,0.11,-11.0,-232.5941047691808,232.5941047691808,0.0,-232.5941047691808,232.5941047691808,0.0,-17628.156440410203,17628.156440410203,0.0,0.0,0.0,0.0,0.0,0.0,0.0,0.0,0.0,-179944.44649948564,-179944.44649948564,18093.344649948565,18093.344649948565,17993.344649948565,0.0,100.0,0.0,0.0,18093.344649948565,18093.344649948565,1,0.0,100.0
359,16777.071598694987,0.0,-167770.71598694986,0.0,10.0,0.0,-0.0,0.1,0.3134366939999999,31.34366939999999,0.0,0.0,100.0,1.0,0.11,-11.0,-235.4419728376291,235.4419728376291,0.0,-235.4419728376291,235.4419728376291,0.0,-16406.18765301973,16406.18765301973,0.0,0.0,0.0,0.0,0.0,0.0,0.0,0.0,0.0,-167781.71598694986,-167781.71598694986,16877.071598694987,16877.071598694987,16777.071598694987,0.0,100.0,0.0,0.0,16877.071598694987,16877.071598694987,1,0.0,100.0
360,15778.125387120563,0.0,-157781.2538712056,0.0,10.0,0.0,-0.0,0.1,0.316630238,31.6630238,0.0,0.0,100.0,1.0,0.08,-8.0,-232.5428829431785,232.5428829431785,0.0,-232.5428829431785,232.5428829431785,0.0,-15413.039621234206,15413.039621234206,0.0,0.0,0.0,0.0,0.0,0.0,0.0,0.0,0.0,-157789.2538712056,-157789.2538712056,15878.125387120563,15878.125387120563,15778.125387120563,0.0,100.0,0.0,0.0,15878.125387120563,15878.125387120563,1,0.0,100.0
361,16033.523271604601,0.0,-160335.232716046,0.0,10.0,0.0,-0.0,0.1,0.320991154,32.0991154,0.0,0.0,100.0,1.0,0.08,-8.0,-232.5341533256584,232.5341533256584,0.0,-232.5341533256584,232.5341533256584,0.0,-15668.454964953284,15668.454964953284,0.0,0.0,0.0,0.0,0.0,0.0,0.0,0.0,0.0,-160343.232716046,-160343.232716046,16133.523271604601,16133.523271604601,16033.523271604601,0.0,100.0,0.0,0.0,16133.523271604601,16133.523271604601,1,0.0,100.0
362,15779.74715663373,0.0,-157797.4715663373,0.0,10.0,0.0,-0.0,0.1,0.315772489,31.5772489,0.0,0.0,100.0,1.0,0.08,-8.0,-232.52573890225227,232.52573890225227,0.0,-232.52573890225227,232.52573890225227,0.0,-15414.695678829225,15414.695678829225,0.0,0.0,0.0,0.0,0.0,0.0,0.0,0.0,0.0,-157805.4715663373,-157805.4715663373,15879.74715663373,15879.74715663373,15779.74715663373,0.0,100.0,0.0,0.0,15879.74715663373,15879.74715663373,1,0.0,100.0
363,16035.336733634864,0.0,-160353.36733634863,0.0,10.0,0.0,-0.0,0.1,0.3228505869999999,32.28505869999999,0.0,0.0,100.0,1.0,0.08,-8.0,-232.5182754169357,232.5182754169357,0.0,-232.5182754169357,232.5182754169357,0.0,-15670.300182800993,15670.300182800993,0.0,0.0,0.0,0.0,0.0,0.0,0.0,0.0,0.0,-160361.36733634863,-160361.36733634863,16135.336733634864,16135.336733634864,16035.336733634864,0.0,100.0,0.0,0.0,16135.336733634864,16135.336733634864,1,0.0,100.0
364,16521.78529544186,0.0,-165217.8529544186,0.0,10.0,0.0,-0.0,0.1,0.326867432,32.6867432,0.0,0.0,100.0,1.0,0.08,-8.0,-233.4622086489197,233.4622086489197,0.0,-233.4622086489197,233.4622086489197,0.0,-16154.860878144022,16154.860878144022,0.0,0.0,0.0,0.0,0.0,0.0,0.0,0.0,0.0,-165225.8529544186,-165225.8529544186,16621.78529544186,16621.78529544186,16521.78529544186,0.0,100.0,0.0,0.0,16621.78529544186,16621.78529544186,1,0.0,100.0
365,18255.15120683932,0.0,-182551.5120683932,0.0,10.0,0.0,-0.0,0.1,0.319749579,31.9749579,0.0,0.0,100.0,1.0,0.11,-11.0,-233.3965321622749,233.3965321622749,0.0,-233.3965321622749,233.3965321622749,0.0,-17888.35814251477,17888.35814251477,0.0,0.0,0.0,0.0,0.0,0.0,0.0,0.0,0.0,-182562.5120683932,-182562.5120683932,18355.15120683932,18355.15120683932,18255.15120683932,0.0,100.0,0.0,0.0,18355.15120683932,18355.15120683932,1,0.0,100.0
366,20956.687206030227,0.0,-209566.87206030227,0.0,10.0,0.0,-0.0,0.1,0.326925667,32.6925667,0.0,0.0,100.0,1.0,0.11,-11.0,-233.4634590067729,233.4634590067729,0.0,-233.4634590067729,233.4634590067729,0.0,-20589.76028801668,20589.76028801668,0.0,0.0,0.0,0.0,0.0,0.0,0.0,0.0,0.0,-209577.87206030227,-209577.87206030227,21056.687206030227,21056.687206030227,20956.687206030227,0.0,100.0,0.0,0.0,21056.687206030227,21056.687206030227,1,0.0,100.0
367,19582.09433746348,0.0,-195820.9433746348,0.0,10.0,0.0,-0.0,0.1,0.334313065,33.431306500000005,0.0,0.0,100.0,1.0,0.11,-11.0,-209.27748357306984,209.27748357306984,0.0,-209.27748357306984,209.27748357306984,0.0,-19739.914929433628,19739.914929433628,0.0,0.0,448.7347265625,448.7347265625,0.0,0.0,27.64083255378859,27.64083255378859,0.0,-195831.9433746348,-195831.9433746348,20158.46989657977,20158.46989657977,20058.46989657977,0.0,100.0,0.0,0.0,20158.46989657977,19682.09433746348,1,0.0,100.0
368,11506.643529695539,0.0,-115066.43529695539,0.0,10.0,0.0,-0.0,0.1,0.3335362739999999,33.35362739999999,0.0,0.0,100.0,1.0,0.11,-11.0,-197.3714366776818,197.3714366776818,0.0,-197.3714366776818,197.3714366776818,0.0,-18967.284330133585,18967.284330133585,0.0,0.0,6207.4970507812495,6207.4970507812495,0.0,0.0,1547.8866230121612,1547.8866230121612,0.0,-115077.43529695539,-115077.43529695539,19362.02720348895,19362.02720348895,19262.02720348895,0.0,100.0,0.0,0.0,19362.02720348895,11606.643529695539,1,0.0,100.0
369,3089.8125223388633,0.0,-30898.125223388633,0.0,10.0,0.0,-0.0,0.1,0.3364815,33.64815,0.0,0.0,100.0,1.0,0.11,-11.0,-197.4874135925346,197.4874135925346,0.0,-197.4874135925346,197.4874135925346,0.0,-17003.434926503185,17003.434926503185,0.0,0.0,8376.381562499999,8376.381562499999,0.0,0.0,5832.215668849392,5832.215668849392,0.0,-30909.125223388633,-30909.125223388633,17398.409753688255,17398.409753688255,17298.409753688255,0.0,100.0,0.0,0.0,17398.409753688255,3189.8125223388633,1,0.0,100.0
370,0.0,0.0,-0.0,55.55555555555556,10.0,0.0,-0.0,0.1,0.349814941,0.0,0.0,100.0,0.0,1.0,0.11,0.0,-197.4638972580214,197.4638972580214,0.0,-197.4638972580214,197.4638972580214,0.0,-13790.21717487598,13790.21717487598,0.0,0.0,7890.252275390625,7890.252275390625,0.0,1399.5481957190077,7849.99644527596,6450.448249556952,0.0,0.0,0.0,14340.700524947577,14340.700524947577,14340.700524947577,0.0,0.0,155.55555555555475,0.0,14185.144969392022,-1555.1037512745625,1,-55.55555555555556,-100.0
371,0.0,0.0,-0.0,44.44444444444444,60.0,0.0,-0.0,0.6,0.34686376,0.0,0.0,100.0,0.0,1.0,0.11,0.0,-200.3018598294612,200.3018598294612,0.0,-200.3018598294612,200.3018598294612,0.0,-14043.623557751094,14043.623557751094,0.0,1453.5947527549124,16042.266474609374,14588.671721854462,0.0,6550.877315247896,6550.877315247896,0.0,0.0,0.0,0.0,14588.671721854462,14588.671721854462,14588.671721854462,0.0,0.0,144.44444444444525,0.0,14444.227277410017,-8148.916512447253,1,-44.44444444444444,-100.0
372,0.0,0.0,-0.0,0.0,100.0,-0.0,-0.0,1.0,0.328887484,0.0,0.0,100.0,0.0,1.0,0.11,0.0,-197.4394145039608,197.4394145039608,0.0,-197.4394145039608,197.4394145039608,0.0,-13787.504910565573,13787.504910565573,0.0,0.0,11704.497451171874,11704.497451171874,0.0,2038.132748081075,4616.019036482695,2577.88628840162,0.0,0.0,0.0,14282.383739573494,14282.383739573494,14282.383739573494,0.0,0.0,100.0,0.0,14182.383739573494,-2138.132748081074,1,-0.0,-100.0
373,0.0,0.0,-0.0,0.0,100.0,-0.0,-0.0,1.0,0.32315902,0.0,0.0,100.0,0.0,1.0,0.11,0.0,-197.61209707008783,197.61209707008783,0.0,-197.61209707008783,197.61209707008783,0.0,-13346.490517247885,13346.490517247885,0.0,2088.3680815806892,15930.08279296875,13841.71471138806,0.0,2653.519925163705,2653.519925163705,0.0,0.0,0.0,0.0,13841.71471138806,13841.71471138806,13841.71471138806,0.0,0.0,100.0,0.0,13741.71471138806,-4841.888006744393,1,-0.0,-100.0
374,0.0,0.0,-0.0,0.0,100.0,-0.0,-0.0,1.0,0.344793392,0.0,0.0,100.0,0.0,1.0,0.08,0.0,-197.69807937161667,197.69807937161667,0.0,-197.69807937161667,197.69807937161667,0.0,-13647.240107369444,13647.240107369444,0.0,0.0,11704.497451171874,11704.497451171874,0.0,21.895282346381464,2460.0340972871845,2438.138814940803,0.0,0.0,0.0,14142.636266112677,14142.636266112677,14142.636266112677,0.0,0.0,100.0,0.0,14042.636266112677,-121.89528234638055,1,-0.0,-100.0
375,4200.446469595355,0.0,-42004.464695953546,0.0,100.0,45.0,-0.0,1.0,0.344717324,34.4717324,0.0,0.0,100.0,1.0,0.08,-8.0,-197.65313284995983,197.65313284995983,0.0,-197.65313284995983,197.65313284995983,0.0,-14041.968594476586,14041.968594476586,0.0,0.0,6581.442656249999,6581.442656249999,0.0,0.0,3510.385734331151,3510.385734331151,0.0,-42012.464695953546,-42012.464695953546,14437.274860176505,14437.274860176505,14292.274860176505,0.0,145.0,0.0,0.0,14437.274860176505,4345.446469595354,1,45.0,100.0
376,17392.0242650274,0.0,-173920.242650274,0.0,50.0,36.0,-0.0,0.5,0.327812717,32.7812717,0.0,0.0,100.0,1.0,0.08,-8.0,-197.2381385219728,197.2381385219728,0.0,-197.2381385219728,197.2381385219728,0.0,-18292.77936493658,18292.77936493658,0.0,0.0,1159.231376953125,1159.231376953125,0.0,0.0,0.0,0.0,0.0,-173928.242650274,-173928.242650274,18687.255641980526,18687.255641980526,18551.255641980526,0.0,136.0,0.0,0.0,18687.255641980526,17528.0242650274,1,36.0,100.0
377,22644.953841980954,0.0,-226449.53841980954,0.0,10.0,0.0,-0.0,0.1,0.322764273,32.2764273,0.0,0.0,100.0,1.0,0.11,-11.0,-215.1538425484709,215.1538425484709,0.0,-215.1538425484709,215.1538425484709,0.0,-22314.646156884013,22314.646156884013,0.0,0.0,0.0,0.0,0.0,0.0,0.0,0.0,0.0,-226460.53841980954,-226460.53841980954,22744.953841980954,22744.953841980954,22644.953841980954,0.0,100.0,0.0,0.0,22744.953841980954,22744.953841980954,1,0.0,100.0
378,22425.530239048134,0.0,-224255.30239048135,0.0,10.0,0.0,-0.0,0.1,0.318297722,31.8297722,0.0,0.0,100.0,1.0,0.11,-11.0,-233.07065584234667,233.07065584234667,0.0,-233.07065584234667,233.07065584234667,0.0,-22059.38892736344,22059.38892736344,0.0,0.0,0.0,0.0,0.0,0.0,0.0,0.0,0.0,-224266.30239048135,-224266.30239048135,22525.530239048134,22525.530239048134,22425.530239048134,0.0,100.0,0.0,0.0,22525.530239048134,22525.530239048134,1,0.0,100.0
379,21204.55852622152,0.0,-212045.5852622152,0.0,10.0,0.0,-0.0,0.1,0.305037898,30.503789799999996,0.0,0.0,100.0,1.0,0.11,-11.0,-234.0258119597208,234.0258119597208,0.0,-234.0258119597208,234.0258119597208,0.0,-20836.50690230208,20836.50690230208,0.0,0.0,0.0,0.0,0.0,0.0,0.0,0.0,0.0,-212056.5852622152,-212056.5852622152,21304.55852622152,21304.55852622152,21204.55852622152,0.0,100.0,0.0,0.0,21304.55852622152,21304.55852622152,1,0.0,100.0
380,20949.34190372717,0.0,-209493.4190372717,0.0,10.0,0.0,-0.0,0.1,0.289341751,28.934175099999997,0.0,0.0,100.0,1.0,0.11,-11.0,-233.930779532652,233.930779532652,0.0,-233.930779532652,233.930779532652,0.0,-20581.480344661868,20581.480344661868,0.0,0.0,0.0,0.0,0.0,0.0,0.0,0.0,0.0,-209504.4190372717,-209504.4190372717,21049.34190372717,21049.34190372717,20949.34190372717,0.0,100.0,0.0,0.0,21049.34190372717,21049.34190372717,1,0.0,100.0
381,19725.967516690223,0.0,-197259.67516690225,0.0,10.0,0.0,-0.0,0.1,0.287293503,28.7293503,0.0,0.0,100.0,1.0,0.11,-11.0,-233.38924688109103,233.38924688109103,0.0,-233.38924688109103,233.38924688109103,0.0,-19359.18902292804,19359.18902292804,0.0,0.0,0.0,0.0,0.0,0.0,0.0,0.0,0.0,-197270.67516690225,-197270.67516690225,19825.967516690223,19825.967516690223,19725.967516690223,0.0,100.0,0.0,0.0,19825.967516690223,19825.967516690223,1,0.0,100.0
382,17991.571149682208,0.0,-179915.71149682207,0.0,10.0,0.0,-0.0,0.1,0.289143903,28.914390299999997,0.0,0.0,100.0,1.0,0.11,-11.0,-232.6749516200816,232.6749516200816,0.0,-232.6749516200816,232.6749516200816,0.0,-17626.221246442045,17626.221246442045,0.0,0.0,0.0,0.0,0.0,0.0,0.0,0.0,0.0,-179926.71149682207,-179926.71149682207,18091.571149682208,18091.571149682208,17991.571149682208,0.0,100.0,0.0,0.0,18091.571149682208,18091.571149682208,1,0.0,100.0
383,16775.34275593875,0.0,-167753.4275593875,0.0,10.0,0.0,-0.0,0.1,0.301706581,30.170658099999997,0.0,0.0,100.0,1.0,0.11,-11.0,-235.54496101853303,235.54496101853303,0.0,-235.54496101853303,235.54496101853303,0.0,-16404.252833901683,16404.252833901683,0.0,0.0,0.0,0.0,0.0,0.0,0.0,0.0,0.0,-167764.4275593875,-167764.4275593875,16875.34275593875,16875.34275593875,16775.34275593875,0.0,100.0,0.0,0.0,16875.34275593875,16875.34275593875,1,0.0,100.0
384,18789.04727130036,0.0,-187890.47271300358,0.0,10.0,0.0,-0.0,0.1,0.3234924919999999,32.34924919999999,0.0,0.0,100.0,1.0,0.08,-8.0,-232.64327526017271,232.64327526017271,0.0,-232.64327526017271,232.64327526017271,0.0,-18423.760720780014,18423.760720780014,0.0,0.0,0.0,0.0,0.0,0.0,0.0,0.0,0.0,-187898.47271300358,-187898.47271300358,18889.04727130036,18889.04727130036,18789.04727130036,0.0,100.0,0.0,0.0,18889.04727130036,18889.04727130036,1,0.0,100.0
385,19044.989258178004,0.0,-190449.89258178003,0.0,10.0,0.0,-0.0,0.1,0.330452238,33.0452238,0.0,0.0,100.0,1.0,0.08,-8.0,-232.60351540348032,232.60351540348032,0.0,-232.60351540348032,232.60351540348032,0.0,-18679.782227371044,18679.782227371044,0.0,0.0,0.0,0.0,0.0,0.0,0.0,0.0,0.0,-190457.89258178003,-190457.89258178003,19144.989258178004,19144.989258178004,19044.989258178004,0.0,100.0,0.0,0.0,19144.989258178004,19144.989258178004,1,0.0,100.0
386,18790.46821240583,0.0,-187904.6821240583,0.0,10.0,0.0,-0.0,0.1,0.333267159,33.326715899999996,0.0,0.0,100.0,1.0,0.08,-8.0,-232.56226187899537,232.56226187899537,0.0,-232.56226187899537,232.56226187899537,0.0,-18425.34368864784,18425.34368864784,0.0,0.0,0.0,0.0,0.0,0.0,0.0,0.0,0.0,-187912.6821240583,-187912.6821240583,18890.46821240583,18890.46821240583,18790.46821240583,0.0,100.0,0.0,0.0,18890.46821240583,18890.46821240583,1,0.0,100.0
387,19046.153998352165,0.0,-190461.53998352165,0.0,10.0,0.0,-0.0,0.1,0.3331403739999999,33.31403739999999,0.0,0.0,100.0,1.0,0.08,-8.0,-232.54185066467244,232.54185066467244,0.0,-232.54185066467244,232.54185066467244,0.0,-18681.07029702282,18681.07029702282,0.0,0.0,0.0,0.0,0.0,0.0,0.0,0.0,0.0,-190469.53998352165,-190469.53998352165,19146.153998352165,19146.153998352165,19046.153998352165,0.0,100.0,0.0,0.0,19146.153998352165,19146.153998352165,1,0.0,100.0
388,19539.726701582716,0.0,-195397.26701582718,0.0,10.0,0.0,-0.0,0.1,0.32292517,32.292517,0.0,0.0,100.0,1.0,0.08,-8.0,-237.23800337716187,237.23800337716187,0.0,-237.23800337716187,237.23800337716187,0.0,-19165.25069482839,19165.25069482839,0.0,0.0,0.0,0.0,0.0,0.0,0.0,0.0,0.0,-195405.26701582718,-195405.26701582718,19639.726701582716,19639.726701582716,19539.726701582716,0.0,100.0,0.0,0.0,19639.726701582716,19639.726701582716,1,0.0,100.0
389,22778.344768192095,0.0,-227783.44768192095,0.0,10.0,0.0,-0.0,0.1,0.318105083,31.810508300000002,0.0,0.0,100.0,1.0,0.11,-11.0,-236.45525856566783,236.45525856566783,0.0,-236.45525856566783,236.45525856566783,0.0,-22405.43425106076,22405.43425106076,0.0,0.0,0.0,0.0,0.0,0.0,0.0,0.0,0.0,-227794.44768192095,-227794.44768192095,22878.344768192095,22878.344768192095,22778.344768192095,0.0,100.0,0.0,0.0,22878.344768192095,22878.344768192095,1,0.0,100.0
390,26428.320139833802,0.0,-264283.201398338,0.0,10.0,0.0,-0.0,0.1,0.319803348,31.980334799999998,0.0,0.0,100.0,1.0,0.11,-11.0,-270.2981634398763,270.2981634398763,0.0,-270.2981634398763,270.2981634398763,0.0,-25987.72381295405,25987.72381295405,0.0,0.0,0.0,0.0,0.0,0.0,0.0,0.0,0.0,-264294.201398338,-264294.201398338,26528.320139833802,26528.320139833802,26428.320139833802,0.0,100.0,0.0,0.0,26528.320139833802,26528.320139833802,1,0.0,100.0
391,31265.403153057603,0.0,-312654.03153057606,0.0,10.0,0.0,-0.0,0.1,0.317421503,31.7421503,0.0,0.0,100.0,1.0,0.11,-11.0,-515.9387907580672,515.9387907580672,0.0,-515.9387907580672,515.9387907580672,0.0,-30874.93652375842,30874.93652375842,0.0,0.0,486.129287109375,486.129287109375,0.0,0.0,55.28166510757718,55.28166510757718,0.0,-312665.03153057606,-312665.03153057606,31906.814105274556,31906.814105274556,31806.814105274556,0.0,100.0,0.0,0.0,31906.814105274556,31365.403153057603,1,0.0,100.0
392,56564.556991196165,0.0,-565645.5699119617,0.0,10.0,0.0,-0.0,0.1,0.322269518,32.226951799999995,0.0,0.0,100.0,1.0,0.11,-11.0,-693.3944309366227,693.3944309366227,0.0,-693.3944309366227,693.3944309366227,0.0,-63464.03104455839,63464.03104455839,0.0,0.0,6057.918808593749,6057.918808593749,0.0,0.0,2128.3441066417217,2128.3441066417217,0.0,-565656.5699119617,-565656.5699119617,64850.819906431636,64850.819906431636,64750.819906431636,0.0,100.0,0.0,0.0,64850.819906431636,56664.556991196165,1,0.0,100.0
393,48586.87584462998,0.0,-485868.7584462998,0.0,10.0,0.0,-0.0,0.1,0.333311708,33.331170799999995,0.0,0.0,100.0,1.0,0.11,-11.0,-693.4873016919123,693.4873016919123,0.0,-693.4873016919123,693.4873016919123,0.0,-61236.85634301329,61236.85634301329,0.0,0.0,10620.0551953125,10620.0551953125,0.0,0.0,3316.899906454631,3316.899906454631,0.0,-485879.7584462998,-485879.7584462998,62623.830946397116,62623.830946397116,62523.830946397116,0.0,100.0,0.0,0.0,62623.830946397116,48686.87584462998,1,0.0,100.0
394,39461.070310091614,0.0,-394610.7031009161,0.0,10.0,0.0,-0.0,0.1,0.3425716279999999,34.25716279999999,0.0,0.0,100.0,1.0,0.11,-11.0,-710.261832855241,710.261832855241,0.0,-710.261832855241,710.261832855241,0.0,-58280.16936209336,58280.16936209336,0.0,0.0,15855.293671875,15855.293671875,0.0,0.0,4284.329045837232,4284.329045837232,0.0,-394621.7031009161,-394621.7031009161,59700.69302780385,59700.69302780384,59600.69302780385,0.0,100.0,0.0,0.0,59700.69302780384,39561.07031009161,1,0.0,100.0
395,33557.31852370079,0.0,-335573.1852370079,0.0,10.0,0.0,-0.0,0.1,0.339517457,33.951745700000004,0.0,0.0,100.0,1.0,0.11,-11.0,-713.2507739093853,713.2507739093853,0.0,-713.2507739093853,713.2507739093853,0.0,-58269.24786808925,58269.24786808925,0.0,0.0,17276.28697265625,17276.28697265625,0.0,0.0,8762.143919550983,8762.143919550983,0.0,-335584.1852370079,-335584.1852370079,59695.74941590802,59695.74941590802,59595.74941590802,0.0,100.0,0.0,0.0,59695.74941590802,33657.31852370079,1,0.0,100.0
396,32925.47403324548,0.0,-329254.7403324548,0.0,10.0,0.0,-0.0,0.1,0.331082499,33.1082499,0.0,0.0,100.0,1.0,0.11,-11.0,-710.9055112871887,710.9055112871887,0.0,-710.9055112871887,710.9055112871887,0.0,-55255.16533637891,55255.16533637891,0.0,0.0,18510.307470703123,18510.307470703123,0.0,0.0,5141.194855004678,5141.194855004678,0.0,-329265.7403324548,-329265.7403324548,56676.97635895328,56676.97635895329,56576.97635895328,0.0,100.0,0.0,0.0,56676.97635895329,33025.47403324549,1,0.0,100.0
397,39478.978796753945,0.0,-394789.78796753945,0.0,10.0,0.0,-0.0,0.1,0.329309948,32.9309948,0.0,0.0,100.0,1.0,0.11,-11.0,-695.1065454471517,695.1065454471517,0.0,-695.1065454471517,695.1065454471517,0.0,-58253.599302478135,58253.599302478135,0.0,0.0,15780.50455078125,15780.50455078125,0.0,0.0,4284.329045837232,4284.329045837232,0.0,-394800.78796753945,-394800.78796753945,59643.81239337243,59643.812393372435,59543.81239337243,0.0,100.0,0.0,0.0,59643.812393372435,39578.97879675395,1,0.0,100.0
398,42957.54729066621,0.0,-429575.4729066621,0.0,10.0,0.0,-0.0,0.1,0.317409654,31.7409654,0.0,0.0,100.0,1.0,0.08,-8.0,-696.1666805353873,696.1666805353873,0.0,-696.1666805353873,696.1666805353873,0.0,-58247.49234107813,58247.49234107813,0.0,0.0,11966.259375,11966.259375,0.0,0.0,4616.019036482695,4616.019036482695,0.0,-429583.4729066621,-429583.4729066621,59639.825702148904,59639.825702148904,59539.825702148904,0.0,100.0,0.0,0.0,59639.825702148904,43057.54729066621,1,0.0,100.0
399,48843.23235080835,0.0,-488432.3235080835,0.0,10.0,0.0,-0.0,0.1,0.306163382,30.616338199999998,0.0,0.0,100.0,1.0,0.08,-8.0,-688.2467964012309,688.2467964012309,0.0,-688.2467964012309,688.2467964012309,0.0,-58258.53208820277,58258.53208820277,0.0,0.0,6656.23177734375,6656.23177734375,0.0,0.0,4035.5615528531343,4035.5615528531343,0.0,-488440.3235080835,-488440.3235080835,59635.02568100524,59635.02568100524,59535.02568100524,0.0,100.0,0.0,0.0,59635.02568100524,48943.23235080835,1,0.0,100.0
400,62824.6368543407,0.0,-628246.368543407,0.0,10.0,0.0,-0.0,0.1,0.309625264,30.9625264,0.0,0.0,100.0,1.0,0.08,-8.0,-684.6289257234811,684.6289257234811,0.0,-684.6289257234811,684.6289257234811,0.0,-62789.39950094061,62789.39950094061,0.0,0.0,1234.020498046875,1234.020498046875,0.0,0.0,0.0,0.0,0.0,-628254.368543407,-628254.368543407,64158.65735238758,64158.65735238758,64058.65735238758,0.0,100.0,0.0,0.0,64158.65735238758,62924.6368543407,1,0.0,100.0
401,58477.65658295238,0.0,-584776.5658295238,0.0,10.0,0.0,-0.0,0.1,0.320855873,32.0855873,0.0,0.0,100.0,1.0,0.11,-11.0,-515.5014588202961,515.5014588202961,0.0,-515.5014588202961,515.5014588202961,0.0,-57546.65366531179,57546.65366531179,0.0,0.0,0.0,0.0,0.0,0.0,0.0,0.0,0.0,-584787.5658295238,-584787.5658295238,58577.65658295238,58577.65658295238,58477.65658295238,0.0,100.0,0.0,0.0,58577.65658295238,58577.65658295238,1,0.0,100.0
402,46515.80739117693,0.0,-465158.0739117693,0.0,10.0,0.0,-0.0,0.1,0.319091026,31.9091026,0.0,0.0,100.0,1.0,0.11,-11.0,-539.4274067669995,539.4274067669995,0.0,-539.4274067669995,539.4274067669995,0.0,-45536.95257764293,45536.95257764293,0.0,0.0,0.0,0.0,0.0,0.0,0.0,0.0,0.0,-465169.0739117693,-465169.0739117693,46615.80739117693,46615.80739117693,46515.80739117693,0.0,100.0,0.0,0.0,46615.80739117693,46615.80739117693,1,0.0,100.0
403,45070.386385194215,0.0,-450703.8638519421,0.0,10.0,0.0,-0.0,0.1,0.328323018,32.8323018,0.0,0.0,100.0,1.0,0.11,-11.0,-539.4351910113866,539.4351910113866,0.0,-539.4351910113866,539.4351910113866,0.0,-44091.51600317144,44091.51600317144,0.0,0.0,0.0,0.0,0.0,0.0,0.0,0.0,0.0,-450714.8638519421,-450714.8638519421,45170.386385194215,45170.386385194215,45070.386385194215,0.0,100.0,0.0,0.0,45170.386385194215,45170.386385194215,1,0.0,100.0
404,36073.84010675524,0.0,-360738.4010675524,0.0,10.0,0.0,-0.0,0.1,0.322456724,32.2456724,0.0,0.0,100.0,1.0,0.11,-11.0,-542.2991644823047,542.2991644823047,0.0,-542.2991644823047,542.2991644823047,0.0,-35089.24177779063,35089.24177779063,0.0,0.0,0.0,0.0,0.0,0.0,0.0,0.0,0.0,-360749.4010675524,-360749.4010675524,36173.84010675524,36173.84010675524,36073.84010675524,0.0,100.0,0.0,0.0,36173.84010675524,36173.84010675524,1,0.0,100.0
405,34011.23201917119,0.0,-340112.3201917119,0.0,10.0,0.0,-0.0,0.1,0.33251642,33.251642,0.0,0.0,100.0,1.0,0.11,-11.0,-232.39829767495004,232.39829767495004,0.0,-232.39829767495004,232.39829767495004,0.0,-33646.43542382129,33646.43542382129,0.0,0.0,0.0,0.0,0.0,0.0,0.0,0.0,0.0,-340123.3201917119,-340123.3201917119,34111.23201917119,34111.23201917119,34011.23201917119,0.0,100.0,0.0,0.0,34111.23201917119,34111.23201917119,1,0.0,100.0
406,21487.048057846205,0.0,-214870.48057846204,0.0,10.0,0.0,-0.0,0.1,0.3320993339999999,33.20993339999999,0.0,0.0,100.0,1.0,0.11,-11.0,-232.5161833280336,232.5161833280336,0.0,-232.5161833280336,232.5161833280336,0.0,-21122.015691190136,21122.015691190136,0.0,0.0,0.0,0.0,0.0,0.0,0.0,0.0,0.0,-214881.48057846204,-214881.48057846204,21587.048057846205,21587.048057846205,21487.048057846205,0.0,100.0,0.0,0.0,21587.048057846205,21587.048057846205,1,0.0,100.0
407,18602.25009035956,0.0,-186022.50090359562,0.0,10.0,0.0,-0.0,0.1,0.3262757619999999,32.62757619999999,0.0,0.0,100.0,1.0,0.11,-11.0,-235.551815162036,235.551815162036,0.0,-235.551815162036,235.551815162036,0.0,-18231.14646003549,18231.14646003549,0.0,0.0,0.0,0.0,0.0,0.0,0.0,0.0,0.0,-186033.50090359562,-186033.50090359562,18702.25009035956,18702.25009035956,18602.25009035956,0.0,100.0,0.0,0.0,18702.25009035956,18702.25009035956,1,0.0,100.0
408,18576.83375250972,0.0,-185768.3375250972,0.0,10.0,0.0,-0.0,0.1,0.314529441,31.452944100000003,0.0,0.0,100.0,1.0,0.08,-8.0,-232.58949539522808,232.58949539522808,0.0,-232.58949539522808,232.58949539522808,0.0,-18211.654761719263,18211.654761719263,0.0,0.0,0.0,0.0,0.0,0.0,0.0,0.0,0.0,-185776.3375250972,-185776.3375250972,18676.83375250972,18676.83375250972,18576.83375250972,0.0,100.0,0.0,0.0,18676.83375250972,18676.83375250972,1,0.0,100.0
409,19020.55421072288,0.0,-190205.5421072288,0.0,10.0,0.0,-0.0,0.1,0.313338042,31.3338042,0.0,0.0,100.0,1.0,0.08,-8.0,-232.4375953055205,232.4375953055205,0.0,-232.4375953055205,232.4375953055205,0.0,-18655.67902011184,18655.67902011184,0.0,0.0,0.0,0.0,0.0,0.0,0.0,0.0,0.0,-190213.5421072288,-190213.5421072288,19120.55421072288,19120.55421072288,19020.55421072288,0.0,100.0,0.0,0.0,19120.55421072288,19120.55421072288,1,0.0,100.0
410,18813.553860088497,0.0,-188135.53860088496,0.0,10.0,0.0,-0.0,0.1,0.320309017,32.030901699999994,0.0,0.0,100.0,1.0,0.08,-8.0,-232.29312619006785,232.29312619006785,0.0,-232.29312619006785,232.29312619006785,0.0,-18448.96760770836,18448.96760770836,0.0,0.0,0.0,0.0,0.0,0.0,0.0,0.0,0.0,-188143.53860088496,-188143.53860088496,18913.553860088497,18913.553860088497,18813.553860088497,0.0,100.0,0.0,0.0,18913.553860088497,18913.553860088497,1,0.0,100.0
411,19027.523430510962,0.0,-190275.23430510962,0.0,10.0,0.0,-0.0,0.1,0.3244033719999999,32.44033719999999,0.0,0.0,100.0,1.0,0.08,-8.0,-232.211848034119,232.211848034119,0.0,-232.211848034119,232.211848034119,0.0,-18663.099734442723,18663.099734442723,0.0,0.0,0.0,0.0,0.0,0.0,0.0,0.0,0.0,-190283.23430510962,-190283.23430510962,19127.523430510962,19127.523430510962,19027.523430510962,0.0,100.0,0.0,0.0,19127.523430510962,19127.523430510962,1,0.0,100.0
412,19609.047922564212,0.0,-196090.4792256421,0.0,10.0,0.0,-0.0,0.1,0.302473609,30.247360899999997,0.0,0.0,100.0,1.0,0.08,-8.0,-233.05020257703683,233.05020257703683,0.0,-233.05020257703683,233.05020257703683,0.0,-19242.94751741014,19242.94751741014,0.0,0.0,0.0,0.0,0.0,0.0,0.0,0.0,0.0,-196098.4792256421,-196098.4792256421,19709.047922564212,19709.047922564212,19609.047922564212,0.0,100.0,0.0,0.0,19709.047922564212,19709.047922564212,1,0.0,100.0
413,22844.706962034223,0.0,-228447.06962034223,0.0,10.0,0.0,-0.0,0.1,0.287174384,28.7174384,0.0,0.0,100.0,1.0,0.11,-11.0,-232.9595990603321,232.9595990603321,0.0,-232.9595990603321,232.9595990603321,0.0,-22478.78776391356,22478.78776391356,0.0,0.0,0.0,0.0,0.0,0.0,0.0,0.0,0.0,-228458.06962034223,-228458.06962034223,22944.706962034223,22944.706962034223,22844.706962034223,0.0,100.0,0.0,0.0,22944.706962034223,22944.706962034223,1,0.0,100.0
414,26390.748291905104,0.0,-263907.482919051,0.0,10.0,0.0,-0.0,0.1,0.285592868,28.5592868,0.0,0.0,100.0,1.0,0.11,-11.0,-271.8342912645916,271.8342912645916,0.0,-271.8342912645916,271.8342912645916,0.0,-25947.07970937592,25947.07970937592,0.0,0.0,0.0,0.0,0.0,0.0,0.0,0.0,0.0,-263918.482919051,-263918.482919051,26490.748291905104,26490.748291905104,26390.748291905104,0.0,100.0,0.0,0.0,26490.748291905104,26490.748291905104,1,0.0,100.0
415,32032.618718839785,0.0,-320326.18718839786,0.0,10.0,0.0,-0.0,0.1,0.278867681,27.886768099999998,0.0,0.0,100.0,1.0,0.11,-11.0,-518.6334862028123,518.6334862028123,0.0,-518.6334862028123,518.6334862028123,0.0,-31235.176260628574,31235.176260628574,0.0,0.0,112.183681640625,112.183681640625,0.0,0.0,27.64083255378859,27.64083255378859,0.0,-320337.18718839786,-320337.18718839786,32272.4432330342,32272.4432330342,32172.4432330342,0.0,100.0,0.0,0.0,32272.4432330342,32132.618718839785,1,0.0,100.0
416,62524.95899053902,0.0,-625249.5899053902,0.0,10.0,0.0,-0.0,0.1,0.2733892519999999,27.33892519999999,0.0,0.0,100.0,1.0,0.11,-11.0,-695.9636771992764,695.9636771992764,0.0,-695.9636771992764,695.9636771992764,0.0,-63821.42130988272,63821.42130988272,0.0,0.0,1869.72802734375,1869.72802734375,0.0,0.0,718.6616463985034,718.6616463985034,0.0,-625260.5899053902,-625260.5899053902,65213.34866428127,65213.34866428127,65113.34866428127,0.0,100.0,0.0,0.0,65213.34866428127,62624.95899053902,1,0.0,100.0
417,59112.698540290105,0.0,-591126.9854029011,0.0,10.0,0.0,-0.0,0.1,0.268058163,26.8058163,0.0,0.0,100.0,1.0,0.11,-11.0,-696.030119432301,696.030119432301,0.0,-696.030119432301,696.030119432301,0.0,-61592.691101264,61592.691101264,0.0,0.0,2168.8845117187498,2168.8845117187498,0.0,0.0,1603.1682881197382,1603.1682881197382,0.0,-591137.9854029011,-591137.9854029011,62984.75134012859,62984.7513401286,62884.75134012859,0.0,100.0,0.0,0.0,62984.7513401286,59212.69854029011,1,0.0,100.0
418,54166.861627567945,0.0,-541668.6162756794,0.0,10.0,0.0,-0.0,0.1,0.264739522,26.4739522,0.0,0.0,100.0,1.0,0.11,-11.0,-712.7557413228581,712.7557413228581,0.0,-712.7557413228581,712.7557413228581,0.0,-58631.12048230676,58631.12048230676,0.0,0.0,3440.2995703125,3440.2995703125,0.0,0.0,2349.4707670720304,2349.4707670720304,0.0,-541679.6162756794,-541679.6162756794,60056.631964952474,60056.631964952474,59956.631964952474,0.0,100.0,0.0,0.0,60056.631964952474,54266.861627567945,1,0.0,100.0
419,49915.824994300994,0.0,-499158.2499430099,0.0,10.0,0.0,-0.0,0.1,0.295007511,29.5007511,0.0,0.0,100.0,1.0,0.11,-11.0,-715.831154687594,715.831154687594,0.0,-715.831154687594,715.831154687594,0.0,-58599.58160298774,58599.58160298774,0.0,0.0,6394.469853515625,6394.469853515625,0.0,0.0,3620.9490645463056,3620.9490645463056,0.0,-499169.2499430099,-499169.2499430099,60031.24391236292,60031.24391236293,59931.24391236292,0.0,100.0,0.0,0.0,60031.24391236293,50015.824994301,1,0.0,100.0
420,41689.78808534607,0.0,-416897.88085346064,0.0,10.0,0.0,-0.0,0.1,0.306155088,30.6155088,0.0,0.0,100.0,1.0,0.11,-11.0,-712.8112745675116,712.8112745675116,0.0,-712.8112745675116,712.8112745675116,0.0,-55483.41636817104,55483.41636817104,0.0,0.0,5721.367763671875,5721.367763671875,0.0,0.0,9397.883068288122,9397.883068288122,0.0,-416908.88085346064,-416908.88085346064,56909.03891730606,56909.03891730607,56809.03891730606,0.0,100.0,0.0,0.0,56909.03891730607,41789.788085346074,1,0.0,100.0
421,52698.910162610475,0.0,-526989.1016261048,0.0,10.0,0.0,-0.0,0.1,0.303756757,30.3756757,0.0,0.0,100.0,1.0,0.11,-11.0,-696.6443211684534,696.6443211684534,0.0,-696.6443211684534,696.6443211684534,0.0,-58444.12199629527,58444.12199629527,0.0,0.0,3141.1430859375,3141.1430859375,0.0,0.0,3897.357390084192,3897.357390084192,0.0,-527000.1016261048,-527000.1016261048,59837.410638632166,59837.41063863217,59737.410638632166,0.0,100.0,0.0,0.0,59837.41063863217,52798.91016261048,1,0.0,100.0
422,52627.6132705146,0.0,-526276.132705146,0.0,10.0,0.0,-0.0,0.1,0.313499904,31.3499904,0.0,0.0,100.0,1.0,0.08,-8.0,-696.9937410200504,696.9937410200504,0.0,-696.9937410200504,696.9937410200504,0.0,-58380.29126050407,58380.29126050407,0.0,0.0,2430.6464355468747,2430.6464355468747,0.0,0.0,4616.019036482695,4616.019036482695,0.0,-526284.132705146,-526284.132705146,59774.27874254417,59774.27874254417,59674.27874254417,0.0,100.0,0.0,0.0,59774.27874254417,52727.6132705146,1,0.0,100.0
423,51698.59397487118,0.0,-516985.9397487118,0.0,10.0,0.0,-0.0,0.1,0.321153845,32.1153845,0.0,0.0,100.0,1.0,0.08,-8.0,-688.5090259373253,688.5090259373253,0.0,-688.5090259373253,688.5090259373253,0.0,-58336.54452249263,58336.54452249263,0.0,0.0,1308.809619140625,1308.809619140625,0.0,0.0,6606.158980355473,6606.158980355473,0.0,-516993.9397487118,-516993.9397487118,59713.56257436728,59713.56257436728,59613.56257436728,0.0,100.0,0.0,0.0,59713.56257436728,51798.59397487118,1,0.0,100.0
424,63466.34976902073,0.0,-634663.4976902073,0.0,10.0,0.0,-0.0,0.1,0.302430298,30.2430298,0.0,0.0,100.0,1.0,0.08,-8.0,-685.1344781698439,685.1344781698439,0.0,-685.1344781698439,685.1344781698439,0.0,-62869.18290252479,62869.18290252479,0.0,0.0,673.10208984375,673.10208984375,0.0,0.0,0.0,0.0,0.0,-634671.4976902073,-634671.4976902073,64239.45185886448,64239.45185886448,64139.45185886448,0.0,100.0,0.0,0.0,64239.45185886448,63566.34976902073,1,0.0,100.0
425,58617.3927586942,0.0,-586173.927586942,0.0,10.0,0.0,-0.0,0.1,0.298100339,29.8100339,0.0,0.0,100.0,1.0,0.11,-11.0,-517.3552387124146,517.3552387124146,0.0,-517.3552387124146,517.3552387124146,0.0,-57682.68228126937,57682.68228126937,0.0,0.0,0.0,0.0,0.0,0.0,0.0,0.0,0.0,-586184.927586942,-586184.927586942,58717.3927586942,58717.3927586942,58617.3927586942,0.0,100.0,0.0,0.0,58717.3927586942,58717.3927586942,1,0.0,100.0
426,46734.190165234904,0.0,-467341.90165234904,0.0,10.0,0.0,-0.0,0.1,0.27085471,27.085471,0.0,0.0,100.0,1.0,0.11,-11.0,-541.9195817297522,541.9195817297522,0.0,-541.9195817297522,541.9195817297522,0.0,-45750.3510017754,45750.3510017754,0.0,0.0,0.0,0.0,0.0,0.0,0.0,0.0,0.0,-467352.90165234904,-467352.90165234904,46834.190165234904,46834.190165234904,46734.190165234904,0.0,100.0,0.0,0.0,46834.190165234904,46834.190165234904,1,0.0,100.0
427,45321.5562512983,0.0,-453215.562512983,0.0,10.0,0.0,-0.0,0.1,0.2692980769999999,26.92980769999999,0.0,0.0,100.0,1.0,0.11,-11.0,-542.817978680218,542.817978680218,0.0,-542.817978680218,542.817978680218,0.0,-44335.92029393787,44335.92029393787,0.0,0.0,0.0,0.0,0.0,0.0,0.0,0.0,0.0,-453226.562512983,-453226.562512983,45421.5562512983,45421.5562512983,45321.5562512983,0.0,100.0,0.0,0.0,45421.5562512983,45421.5562512983,1,0.0,100.0
428,36291.62319381153,0.0,-362916.2319381153,0.0,10.0,0.0,-0.0,0.1,0.262858052,26.285805200000002,0.0,0.0,100.0,1.0,0.11,-11.0,-542.766051778414,542.766051778414,0.0,-542.766051778414,542.766051778414,0.0,-35306.091090254704,35306.091090254704,0.0,0.0,0.0,0.0,0.0,0.0,0.0,0.0,0.0,-362927.2319381153,-362927.2319381153,36391.62319381153,36391.62319381153,36291.62319381153,0.0,100.0,0.0,0.0,36391.62319381153,36391.62319381153,1,0.0,100.0
429,34196.7700181943,0.0,-341967.700181943,0.0,10.0,0.0,-0.0,0.1,0.270814454,27.0814454,0.0,0.0,100.0,1.0,0.11,-11.0,-232.25489715666689,232.25489715666689,0.0,-232.25489715666689,232.25489715666689,0.0,-33832.26022388096,33832.26022388096,0.0,0.0,0.0,0.0,0.0,0.0,0.0,0.0,0.0,-341978.700181943,-341978.700181943,34296.7700181943,34296.7700181943,34196.7700181943,0.0,100.0,0.0,0.0,34296.7700181943,34296.7700181943,1,0.0,100.0
430,21544.079165000156,0.0,-215440.79165000154,0.0,10.0,0.0,-0.0,0.1,0.267151903,26.715190300000003,0.0,0.0,100.0,1.0,0.11,-11.0,-231.80892648171755,231.80892648171755,0.0,-231.80892648171755,231.80892648171755,0.0,-21180.46131203672,21180.46131203672,0.0,0.0,0.0,0.0,0.0,0.0,0.0,0.0,0.0,-215451.79165000154,-215451.79165000154,21644.079165000156,21644.079165000156,21544.079165000156,0.0,100.0,0.0,0.0,21644.079165000156,21644.079165000156,1,0.0,100.0
431,19065.771407178217,0.0,-190657.7140717822,0.0,10.0,0.0,-0.0,0.1,0.283241881,28.324188099999997,0.0,0.0,100.0,1.0,0.11,-11.0,-235.05900684258768,235.05900684258768,0.0,-235.05900684258768,235.05900684258768,0.0,-18695.65339349304,18695.65339349304,0.0,0.0,0.0,0.0,0.0,0.0,0.0,0.0,0.0,-190668.7140717822,-190668.7140717822,19165.771407178217,19165.771407178217,19065.771407178217,0.0,100.0,0.0,0.0,19165.771407178217,19165.771407178217,1,0.0,100.0
432,18809.722076021128,0.0,-188097.2207602113,0.0,10.0,0.0,-0.0,0.1,0.2820982469999999,28.20982469999999,0.0,0.0,100.0,1.0,0.08,-8.0,-231.8843523118552,231.8843523118552,0.0,-231.8843523118552,231.8843523118552,0.0,-18445.953371397416,18445.953371397416,0.0,0.0,0.0,0.0,0.0,0.0,0.0,0.0,0.0,-188105.2207602113,-188105.2207602113,18909.722076021128,18909.722076021128,18809.722076021128,0.0,100.0,0.0,0.0,18909.722076021128,18909.722076021128,1,0.0,100.0
433,19023.32069815405,0.0,-190233.20698154048,0.0,10.0,0.0,-0.0,0.1,0.293481198,29.3481198,0.0,0.0,100.0,1.0,0.08,-8.0,-231.85303913857976,231.85303913857976,0.0,-231.85303913857976,231.85303913857976,0.0,-18659.61461987689,18659.61461987689,0.0,0.0,0.0,0.0,0.0,0.0,0.0,0.0,0.0,-190241.20698154048,-190241.20698154048,19123.32069815405,19123.32069815405,19023.32069815405,0.0,100.0,0.0,0.0,19123.32069815405,19123.32069815405,1,0.0,100.0
434,18816.118722125986,0.0,-188161.18722125987,0.0,10.0,0.0,-0.0,0.1,0.291314465,29.131446500000003,0.0,0.0,100.0,1.0,0.08,-8.0,-231.8052852009834,231.8052852009834,0.0,-231.8052852009834,231.8052852009834,0.0,-18452.508151724018,18452.508151724018,0.0,0.0,0.0,0.0,0.0,0.0,0.0,0.0,0.0,-188169.18722125987,-188169.18722125987,18916.118722125986,18916.118722125986,18816.118722125986,0.0,100.0,0.0,0.0,18916.118722125986,18916.118722125986,1,0.0,100.0
435,19029.915012486847,0.0,-190299.15012486847,0.0,10.0,0.0,-0.0,0.1,0.287840192,28.7840192,0.0,0.0,100.0,1.0,0.08,-8.0,-231.7788668881123,231.7788668881123,0.0,-231.7788668881123,231.7788668881123,0.0,-18666.35727871062,18666.35727871062,0.0,0.0,0.0,0.0,0.0,0.0,0.0,0.0,0.0,-190307.15012486847,-190307.15012486847,19129.915012486847,19129.915012486847,19029.915012486847,0.0,100.0,0.0,0.0,19129.915012486847,19129.915012486847,1,0.0,100.0
436,19651.25010469703,0.0,-196512.50104697028,0.0,10.0,0.0,-0.0,0.1,0.2873978439999999,28.73978439999999,0.0,0.0,100.0,1.0,0.08,-8.0,-243.95290970239395,243.95290970239395,0.0,-243.95290970239395,243.95290970239395,0.0,-19263.34428529224,19263.34428529224,0.0,0.0,0.0,0.0,0.0,0.0,0.0,0.0,0.0,-196520.50104697028,-196520.50104697028,19751.25010469703,19751.25010469703,19651.25010469703,0.0,100.0,0.0,0.0,19751.25010469703,19751.25010469703,1,0.0,100.0
437,22912.12409755249,0.0,-229121.24097552488,0.0,10.0,0.0,-0.0,0.1,0.281310918,28.131091800000004,0.0,0.0,100.0,1.0,0.11,-11.0,-252.2980456764246,252.2980456764246,0.0,-252.2980456764246,252.2980456764246,0.0,-22507.52800619964,22507.52800619964,0.0,0.0,0.0,0.0,0.0,0.0,0.0,0.0,0.0,-229132.24097552488,-229132.24097552488,23012.12409755249,23012.12409755249,22912.12409755249,0.0,100.0,0.0,0.0,23012.12409755249,23012.12409755249,1,0.0,100.0
438,26388.185664870394,0.0,-263881.8566487039,0.0,10.0,0.0,-0.0,0.1,0.283379135,28.3379135,0.0,0.0,100.0,1.0,0.11,-11.0,-272.9494338555395,272.9494338555395,0.0,-272.9494338555395,272.9494338555395,0.0,-25942.286797159315,25942.286797159315,0.0,0.0,0.0,0.0,0.0,0.0,0.0,0.0,0.0,-263892.8566487039,-263892.8566487039,26488.185664870394,26488.185664870394,26388.185664870394,0.0,100.0,0.0,0.0,26488.185664870394,26488.185664870394,1,0.0,100.0
439,31582.448254584673,0.0,-315824.4825458467,0.0,10.0,0.0,-0.0,0.1,0.279429152,27.9429152,0.0,0.0,100.0,1.0,0.11,-11.0,-518.7952787348935,518.7952787348935,0.0,-518.7952787348935,518.7952787348935,0.0,-31233.4169378718,31233.4169378718,0.0,0.0,560.918408203125,560.918408203125,0.0,0.0,27.64083255378859,27.64083255378859,0.0,-315835.4825458467,-315835.4825458467,32271.007495341586,32271.007495341586,32171.007495341586,0.0,100.0,0.0,0.0,32271.007495341586,31682.448254584673,1,0.0,100.0
440,57728.861142046124,0.0,-577288.6114204612,0.0,10.0,0.0,-0.0,0.1,0.27151283,27.151283,0.0,0.0,100.0,1.0,0.11,-11.0,-695.8212105476372,695.8212105476372,0.0,-695.8212105476372,695.8212105476372,0.0,-63818.62516983524,63818.62516983524,0.0,0.0,6469.258974609375,6469.258974609375,0.0,0.0,912.1474742750236,912.1474742750236,0.0,-577299.6114204612,-577299.6114204612,65210.267590930525,65210.26759093052,65110.267590930525,0.0,100.0,0.0,0.0,65210.26759093052,57828.86114204612,1,0.0,100.0
441,47108.216550313926,0.0,-471082.16550313926,0.0,10.0,0.0,-0.0,0.1,0.263743808,26.3743808,0.0,0.0,100.0,1.0,0.11,-11.0,-695.9490216980992,695.9490216980992,0.0,-695.9490216980992,695.9490216980992,0.0,-61577.50531835438,61577.50531835438,0.0,0.0,11891.47025390625,11891.47025390625,0.0,0.0,3869.716557530403,3869.716557530403,0.0,-471093.16550313926,-471093.16550313926,62969.40336175058,62969.40336175058,62869.40336175058,0.0,100.0,0.0,0.0,62969.40336175058,47208.216550313926,1,0.0,100.0
442,38524.50223153812,0.0,-385245.0223153812,0.0,10.0,0.0,-0.0,0.1,0.2458179089999999,24.581790899999987,0.0,0.0,100.0,1.0,0.11,-11.0,-711.5692298387297,711.5692298387297,0.0,-711.5692298387297,711.5692298387297,0.0,-58462.85492541941,58462.85492541941,0.0,0.0,16341.422958984374,16341.422958984374,0.0,0.0,4920.068194574369,4920.068194574369,0.0,-385256.0223153812,-385256.0223153812,59885.99338509687,59885.99338509687,59785.99338509687,0.0,100.0,0.0,0.0,59885.99338509687,38624.50223153812,1,0.0,100.0
443,37036.3617942074,0.0,-370363.61794207396,0.0,10.0,0.0,-0.0,0.1,0.278953153,27.8953153,0.0,0.0,100.0,1.0,0.11,-11.0,-715.2099314826683,715.2099314826683,0.0,-715.2099314826683,715.2099314826683,0.0,-58373.87484219309,58373.87484219309,0.0,0.0,16117.055595703125,16117.055595703125,0.0,0.0,6550.877315247896,6550.877315247896,0.0,-370374.61794207396,-370374.61794207396,59804.29470515842,59804.29470515842,59704.29470515842,0.0,100.0,0.0,0.0,59804.29470515842,37136.3617942074,1,0.0,100.0
444,33835.360789577426,0.0,-338353.60789577424,0.0,10.0,0.0,-0.0,0.1,0.266684545,26.6684545,0.0,0.0,100.0,1.0,0.11,-11.0,-713.4305663559628,713.4305663559628,0.0,-713.4305663559628,713.4305663559628,0.0,-55360.10142881942,55360.10142881942,0.0,0.0,17351.076093749998,17351.076093749998,0.0,0.0,5500.52567820393,5500.52567820393,0.0,-338364.60789577424,-338364.60789577424,56786.962561531356,56786.96256153135,56686.962561531356,0.0,100.0,0.0,0.0,56786.96256153135,33935.36078957742,1,0.0,100.0
445,41341.73605395042,0.0,-413417.3605395042,0.0,10.0,0.0,-0.0,0.1,0.291736015,29.1736015,0.0,0.0,100.0,1.0,0.11,-11.0,-696.9183588727292,696.9183588727292,0.0,-696.9183588727292,696.9183588727292,0.0,-58369.74013050929,58369.74013050929,0.0,0.0,15668.320869140623,15668.320869140623,0.0,0.0,2653.519925163705,2653.519925163705,0.0,-413428.3605395042,-413428.3605395042,59763.57684825475,59763.57684825475,59663.57684825475,0.0,100.0,0.0,0.0,59763.57684825475,41441.73605395042,1,0.0,100.0
446,42423.00794473054,0.0,-424230.0794473054,0.0,10.0,0.0,-0.0,0.1,0.304555771,30.4555771,0.0,0.0,100.0,1.0,0.08,-8.0,-696.5874146766445,696.5874146766445,0.0,-696.5874146766445,696.5874146766445,0.0,-58310.45611505021,58310.45611505021,0.0,0.0,11928.864814453123,11928.864814453123,0.0,0.0,5251.758185219833,5251.758185219833,0.0,-424238.0794473054,-424238.0794473054,59703.6309444035,59703.6309444035,59603.6309444035,0.0,100.0,0.0,0.0,59703.6309444035,42523.00794473055,1,0.0,100.0
447,51295.221646456004,0.0,-512952.21646456,0.0,10.0,0.0,-0.0,0.1,0.313741467,31.3741467,0.0,0.0,100.0,1.0,0.08,-8.0,-687.6444287751624,687.6444287751624,0.0,-687.6444287751624,687.6444287751624,0.0,-58261.44574980847,58261.44574980847,0.0,0.0,6693.626337890625,6693.626337890625,0.0,0.0,1547.8866230121612,1547.8866230121612,0.0,-512960.21646456,-512960.21646456,59636.73460735879,59636.73460735879,59536.73460735879,0.0,100.0,0.0,0.0,59636.73460735879,51395.221646456004,1,0.0,100.0
448,62803.76507440103,0.0,-628037.6507440103,0.0,10.0,0.0,-0.0,0.1,0.318285652,31.828565199999996,0.0,0.0,100.0,1.0,0.08,-8.0,-684.4320969785559,684.4320969785559,0.0,-684.4320969785559,684.4320969785559,0.0,-62768.9213784908,62768.9213784908,0.0,0.0,1234.020498046875,1234.020498046875,0.0,0.0,0.0,0.0,0.0,-628045.6507440103,-628045.6507440103,64137.78557244791,64137.78557244791,64037.78557244791,0.0,100.0,0.0,0.0,64137.78557244791,62903.76507440103,1,0.0,100.0
449,58436.71055656294,0.0,-584367.1055656294,0.0,10.0,0.0,-0.0,0.1,0.306866317,30.6866317,0.0,0.0,100.0,1.0,0.11,-11.0,-515.376788313694,515.376788313694,0.0,-515.376788313694,515.376788313694,0.0,-57505.95697993555,57505.95697993555,0.0,0.0,0.0,0.0,0.0,0.0,0.0,0.0,0.0,-584378.1055656294,-584378.1055656294,58536.71055656294,58536.71055656294,58436.71055656294,0.0,100.0,0.0,0.0,58536.71055656294,58536.71055656294,1,0.0,100.0
450,46444.72974111193,0.0,-464447.2974111193,0.0,10.0,0.0,-0.0,0.1,0.293424054,29.3424054,0.0,0.0,100.0,1.0,0.11,-11.0,-540.489820976885,540.489820976885,0.0,-540.489820976885,540.489820976885,0.0,-45463.75009915816,45463.75009915816,0.0,0.0,0.0,0.0,0.0,0.0,0.0,0.0,0.0,-464458.2974111193,-464458.2974111193,46544.72974111193,46544.72974111193,46444.72974111193,0.0,100.0,0.0,0.0,46544.72974111193,46544.72974111193,1,0.0,100.0
451,44978.4115112587,0.0,-449784.115112587,0.0,10.0,0.0,-0.0,0.1,0.296812927,29.6812927,0.0,0.0,100.0,1.0,0.11,-11.0,-541.9957567787674,541.9957567787674,0.0,-541.9957567787674,541.9957567787674,0.0,-43994.41999770117,43994.41999770117,0.0,0.0,0.0,0.0,0.0,0.0,0.0,0.0,0.0,-449795.115112587,-449795.115112587,45078.4115112587,45078.4115112587,44978.4115112587,0.0,100.0,0.0,0.0,45078.4115112587,45078.4115112587,1,0.0,100.0
452,35945.24148129538,0.0,-359452.4148129538,0.0,10.0,0.0,-0.0,0.1,0.292635104,29.263510399999998,0.0,0.0,100.0,1.0,0.11,-11.0,-542.6352305304397,542.6352305304397,0.0,-542.6352305304397,542.6352305304397,0.0,-34959.9710202345,34959.9710202345,0.0,0.0,0.0,0.0,0.0,0.0,0.0,0.0,0.0,-359463.4148129538,-359463.4148129538,36045.24148129538,36045.24148129538,35945.24148129538,0.0,100.0,0.0,0.0,36045.24148129538,36045.24148129538,1,0.0,100.0
453,33845.796575230066,0.0,-338457.9657523007,0.0,10.0,0.0,-0.0,0.1,0.292747637,29.2747637,0.0,0.0,100.0,1.0,0.11,-11.0,-232.39544427489645,232.39544427489645,0.0,-232.39544427489645,232.39544427489645,0.0,-33481.00568668027,33481.00568668027,0.0,0.0,0.0,0.0,0.0,0.0,0.0,0.0,0.0,-338468.9657523007,-338468.9657523007,33945.796575230066,33945.796575230066,33845.796575230066,0.0,100.0,0.0,0.0,33945.796575230066,33945.796575230066,1,0.0,100.0
454,21485.785865001188,0.0,-214857.85865001188,0.0,10.0,0.0,-0.0,0.1,0.28182831,28.182831000000004,0.0,0.0,100.0,1.0,0.11,-11.0,-231.88503249179905,231.88503249179905,0.0,-231.88503249179905,231.88503249179905,0.0,-21122.01580001759,21122.01580001759,0.0,0.0,0.0,0.0,0.0,0.0,0.0,0.0,0.0,-214868.85865001188,-214868.85865001188,21585.785865001188,21585.785865001188,21485.785865001188,0.0,100.0,0.0,0.0,21585.785865001188,21585.785865001188,1,0.0,100.0
455,18531.038039731164,0.0,-185310.38039731164,0.0,10.0,0.0,-0.0,0.1,0.294180598,29.4180598,0.0,0.0,100.0,1.0,0.11,-11.0,-235.1132515696864,235.1132515696864,0.0,-235.1132515696864,235.1132515696864,0.0,-18160.81153659179,18160.81153659179,0.0,0.0,0.0,0.0,0.0,0.0,0.0,0.0,0.0,-185321.38039731164,-185321.38039731164,18631.038039731164,18631.038039731164,18531.038039731164,0.0,100.0,0.0,0.0,18631.038039731164,18631.038039731164,1,0.0,100.0
456,17879.250134113543,0.0,-178792.50134113542,0.0,10.0,0.0,-0.0,0.1,0.28892293,28.892293000000002,0.0,0.0,100.0,1.0,0.08,-8.0,-231.94378483364628,231.94378483364628,0.0,-231.94378483364628,231.94378483364628,0.0,-17515.36256444625,17515.36256444625,0.0,0.0,0.0,0.0,0.0,0.0,0.0,0.0,0.0,-178800.50134113542,-178800.50134113542,17979.250134113543,17979.250134113543,17879.250134113543,0.0,100.0,0.0,0.0,17979.250134113543,17979.250134113543,1,0.0,100.0
457,17856.312595556527,0.0,-178563.12595556525,0.0,10.0,0.0,-0.0,0.1,0.292743895,29.274389499999998,0.0,0.0,100.0,1.0,0.08,-8.0,-231.9634280421332,231.9634280421332,0.0,-231.9634280421332,231.9634280421332,0.0,-17492.38573947226,17492.38573947226,0.0,0.0,0.0,0.0,0.0,0.0,0.0,0.0,0.0,-178571.12595556525,-178571.12595556525,17956.312595556527,17956.312595556527,17856.312595556527,0.0,100.0,0.0,0.0,17956.312595556527,17956.312595556527,1,0.0,100.0
458,17879.838678395918,0.0,-178798.38678395917,0.0,10.0,0.0,-0.0,0.1,0.289289704,28.928970399999997,0.0,0.0,100.0,1.0,0.08,-8.0,-231.94404751632885,231.94404751632885,0.0,-231.94404751632885,231.94404751632885,0.0,-17515.95058336326,17515.95058336326,0.0,0.0,0.0,0.0,0.0,0.0,0.0,0.0,0.0,-178806.38678395917,-178806.38678395917,17979.838678395918,17979.838678395918,17879.838678395918,0.0,100.0,0.0,0.0,17979.838678395918,17979.838678395918,1,0.0,100.0
459,17856.906485459458,0.0,-178569.0648545946,0.0,10.0,0.0,-0.0,0.1,0.272483902,27.2483902,0.0,0.0,100.0,1.0,0.08,-8.0,-231.9243712528372,231.9243712528372,0.0,-231.9243712528372,231.9243712528372,0.0,-17493.057742953784,17493.057742953784,0.0,0.0,0.0,0.0,0.0,0.0,0.0,0.0,0.0,-178577.0648545946,-178577.0648545946,17956.906485459458,17956.906485459458,17856.906485459458,0.0,100.0,0.0,0.0,17956.906485459458,17956.906485459458,1,0.0,100.0
460,18628.03411587955,0.0,-186280.3411587955,0.0,10.0,0.0,-0.0,0.1,0.2726668319999999,27.266683199999992,0.0,0.0,100.0,1.0,0.08,-8.0,-236.3600597338477,236.3600597338477,0.0,-236.3600597338477,236.3600597338477,0.0,-18255.313996411853,18255.313996411853,0.0,0.0,0.0,0.0,0.0,0.0,0.0,0.0,0.0,-186288.3411587955,-186288.3411587955,18728.03411587955,18728.03411587955,18628.03411587955,0.0,100.0,0.0,0.0,18728.03411587955,18728.03411587955,1,0.0,100.0
461,22422.427036328118,0.0,-224224.2703632812,0.0,10.0,0.0,-0.0,0.1,0.263069478,26.306947800000003,0.0,0.0,100.0,1.0,0.11,-11.0,-235.6408096531661,235.6408096531661,0.0,-235.6408096531661,235.6408096531661,0.0,-22051.145417021784,22051.145417021784,0.0,0.0,0.0,0.0,0.0,0.0,0.0,0.0,0.0,-224235.2703632812,-224235.2703632812,22522.427036328118,22522.427036328118,22422.427036328118,0.0,100.0,0.0,0.0,22522.427036328118,22522.427036328118,1,0.0,100.0
462,26340.291717195283,0.0,-263402.91717195284,0.0,10.0,0.0,-0.0,0.1,0.2559517189999999,25.59517189999999,0.0,0.0,100.0,1.0,0.11,-11.0,-273.8126557621418,273.8126557621418,0.0,-273.8126557621418,273.8126557621418,0.0,-25892.666405671,25892.666405671,0.0,0.0,0.0,0.0,0.0,0.0,0.0,0.0,0.0,-263413.91717195284,-263413.91717195284,26440.291717195283,26440.291717195283,26340.291717195283,0.0,100.0,0.0,0.0,26440.291717195283,26440.291717195283,1,0.0,100.0
463,31247.050504827665,0.0,-312470.5050482766,0.0,10.0,0.0,-0.0,0.1,0.249840392,24.984039199999998,0.0,0.0,100.0,1.0,0.11,-11.0,-518.7153630309214,518.7153630309214,0.0,-518.7153630309214,518.7153630309214,0.0,-30823.389898428984,30823.389898428984,0.0,0.0,486.129287109375,486.129287109375,0.0,0.0,27.64083255378859,27.64083255378859,0.0,-312481.5050482766,-312481.5050482766,31860.82062449083,31860.82062449083,31760.82062449083,0.0,100.0,0.0,0.0,31860.82062449083,31347.050504827665,1,0.0,100.0
464,58461.7558567375,0.0,-584617.5585673751,0.0,10.0,0.0,-0.0,0.1,0.235219945,23.5219945,0.0,0.0,100.0,1.0,0.11,-11.0,-695.8756483745417,695.8756483745417,0.0,-695.8756483745417,695.8756483745417,0.0,-63421.44081589895,63421.44081589895,0.0,0.0,5422.211279296875,5422.211279296875,0.0,0.0,829.2249766136578,829.2249766136578,0.0,-584628.5585673751,-584628.5585673751,64813.19211264803,64813.19211264804,64713.19211264803,0.0,100.0,0.0,0.0,64813.19211264804,58561.75585673751,1,0.0,100.0
465,50333.94676378875,0.0,-503339.4676378875,0.0,10.0,0.0,-0.0,0.1,0.215177039,21.517703899999997,0.0,0.0,100.0,1.0,0.11,-11.0,-695.9944229561997,695.9944229561997,0.0,-695.9944229561997,695.9944229561997,0.0,-61190.39228021484,61190.39228021484,0.0,0.0,10545.266074218747,10545.266074218747,0.0,0.0,1603.1682881197382,1603.1682881197382,0.0,-503350.4676378875,-503350.4676378875,62582.381126127235,62582.381126127235,62482.381126127235,0.0,100.0,0.0,0.0,62582.381126127235,50433.94676378875,1,0.0,100.0
466,42796.78764523968,0.0,-427967.8764523968,0.0,10.0,0.0,-0.0,0.1,0.2054531919999999,20.54531919999999,0.0,0.0,100.0,1.0,0.11,-11.0,-711.8347004389514,711.8347004389514,0.0,-711.8347004389514,711.8347004389514,0.0,-58219.49482198068,58219.49482198068,0.0,0.0,14396.905810546874,14396.905810546874,0.0,0.0,2349.4707670720304,2349.4707670720304,0.0,-427978.8764523968,-427978.8764523968,59643.164222858584,59643.164222858584,59543.164222858584,0.0,100.0,0.0,0.0,59643.164222858584,42896.78764523968,1,0.0,100.0
467,45100.11585289958,0.0,-451001.1585289958,0.0,10.0,0.0,-0.0,0.1,0.205911709,20.5911709,0.0,0.0,100.0,1.0,0.11,-11.0,-713.6592802094275,713.6592802094275,0.0,-713.6592802094275,713.6592802094275,0.0,-58213.73716647767,58213.73716647767,0.0,0.0,11704.497451171874,11704.497451171874,0.0,0.0,2736.4424228250705,2736.4424228250705,0.0,-451012.1585289958,-451012.1585289958,59641.05572689652,59641.05572689653,59541.05572689652,0.0,100.0,0.0,0.0,59641.05572689653,45200.11585289959,1,0.0,100.0
468,43411.250896596786,0.0,-434112.50896596786,0.0,10.0,0.0,-0.0,0.1,0.221847627,22.1847627,0.0,0.0,100.0,1.0,0.11,-11.0,-710.3381966106751,710.3381966106751,0.0,-710.3381966106751,710.3381966106751,0.0,-55201.57695082011,55201.57695082011,0.0,0.0,10208.715029296874,10208.715029296874,0.0,0.0,2902.2874181478023,2902.2874181478023,0.0,-434123.50896596786,-434123.50896596786,56622.25334404146,56622.25334404146,56522.25334404146,0.0,100.0,0.0,0.0,56622.25334404146,43511.250896596786,1,0.0,100.0
469,46348.89323147839,0.0,-463488.9323147839,0.0,10.0,0.0,-0.0,0.1,0.244786096,24.478609600000002,0.0,0.0,100.0,1.0,0.11,-11.0,-693.7089748293859,693.7089748293859,0.0,-693.7089748293859,693.7089748293859,0.0,-58213.11299266211,58213.11299266211,0.0,0.0,10470.476953125,10470.476953125,0.0,0.0,2681.160757717493,2681.160757717493,0.0,-463499.9323147839,-463499.9323147839,59600.53094232088,59600.53094232088,59500.53094232088,0.0,100.0,0.0,0.0,59600.53094232088,46448.89323147839,1,0.0,100.0
470,44967.564026363434,0.0,-449675.6402636343,0.0,10.0,0.0,-0.0,0.1,0.257289424,25.728942399999998,0.0,0.0,100.0,1.0,0.08,-8.0,-693.8566562218224,693.8566562218224,0.0,-693.8566562218224,693.8566562218224,0.0,-58215.08716499666,58215.08716499666,0.0,0.0,11854.075693359377,11854.075693359377,0.0,0.0,2681.160757717493,2681.160757717493,0.0,-449683.6402636343,-449683.6402636343,59602.8004774403,59602.8004774403,59502.8004774403,0.0,100.0,0.0,0.0,59602.8004774403,45067.564026363434,1,0.0,100.0
471,48992.3889025212,0.0,-489923.889025212,0.0,10.0,0.0,-0.0,0.1,0.26687019,26.687019,0.0,0.0,100.0,1.0,0.08,-8.0,-685.4367845977829,685.4367845977829,0.0,-685.4367845977829,685.4367845977829,0.0,-58216.55051335479,58216.55051335479,0.0,0.0,7067.571943359375,7067.571943359375,0.0,0.0,3427.463236669785,3427.463236669785,0.0,-489931.889025212,-489931.889025212,59587.42408255036,59587.42408255036,59487.42408255036,0.0,100.0,0.0,0.0,59587.42408255036,49092.3889025212,1,0.0,100.0
472,62496.200511770156,0.0,-624962.0051177016,0.0,10.0,0.0,-0.0,0.1,0.2754342589999999,27.543425899999992,0.0,0.0,100.0,1.0,0.08,-8.0,-684.9564916144067,684.9564916144067,0.0,-684.9564916144067,684.9564916144067,0.0,-62722.06995041634,62722.06995041634,0.0,0.0,1495.782421875,1495.782421875,0.0,0.0,0.0,0.0,0.0,-624970.0051177016,-624970.0051177016,64091.98293364516,64091.98293364516,63991.98293364516,0.0,100.0,0.0,0.0,64091.98293364516,62596.200511770156,1,0.0,100.0
473,58382.26177388673,0.0,-583822.6177388673,0.0,10.0,0.0,-0.0,0.1,0.278664661,27.866466099999997,0.0,0.0,100.0,1.0,0.11,-11.0,-516.1267841931409,516.1267841931409,0.0,-516.1267841931409,516.1267841931409,0.0,-57450.008205500446,57450.008205500446,0.0,0.0,0.0,0.0,0.0,0.0,0.0,0.0,0.0,-583833.6177388673,-583833.6177388673,58482.26177388673,58482.26177388673,58382.26177388673,0.0,100.0,0.0,0.0,58482.26177388673,58482.26177388673,1,0.0,100.0
474,46383.19664924972,0.0,-463831.96649249725,0.0,10.0,0.0,-0.0,0.1,0.278480906,27.8480906,0.0,0.0,100.0,1.0,0.11,-11.0,-540.2024742398494,540.2024742398494,0.0,-540.2024742398494,540.2024742398494,0.0,-45402.79170077002,45402.79170077002,0.0,0.0,0.0,0.0,0.0,0.0,0.0,0.0,0.0,-463842.96649249725,-463842.96649249725,46483.19664924972,46483.19664924972,46383.19664924972,0.0,100.0,0.0,0.0,46483.19664924972,46483.19664924972,1,0.0,100.0
475,44910.85116747096,0.0,-449108.5116747096,0.0,10.0,0.0,-0.0,0.1,0.296226823,29.622682299999997,0.0,0.0,100.0,1.0,0.11,-11.0,-540.5649838732895,540.5649838732895,0.0,-540.5649838732895,540.5649838732895,0.0,-43929.72119972438,43929.72119972438,0.0,0.0,0.0,0.0,0.0,0.0,0.0,0.0,0.0,-449119.5116747096,-449119.5116747096,45010.85116747096,45010.85116747096,44910.85116747096,0.0,100.0,0.0,0.0,45010.85116747096,45010.85116747096,1,0.0,100.0
476,35879.819791215574,0.0,-358798.19791215577,0.0,10.0,0.0,-0.0,0.1,0.306359795,30.635979499999998,0.0,0.0,100.0,1.0,0.11,-11.0,-540.8444174932616,540.8444174932616,0.0,-540.8444174932616,540.8444174932616,0.0,-34898.13095622905,34898.13095622905,0.0,0.0,0.0,0.0,0.0,0.0,0.0,0.0,0.0,-358809.19791215577,-358809.19791215577,35979.819791215574,35979.819791215574,35879.819791215574,0.0,100.0,0.0,0.0,35979.819791215574,35979.819791215574,1,0.0,100.0
477,33790.91617725045,0.0,-337909.1617725045,0.0,10.0,0.0,-0.0,0.1,0.317819751,31.781975099999997,0.0,0.0,100.0,1.0,0.11,-11.0,-231.8014243345981,231.8014243345981,0.0,-231.8014243345981,231.8014243345981,0.0,-33427.31332858126,33427.31332858126,0.0,0.0,0.0,0.0,0.0,0.0,0.0,0.0,0.0,-337920.1617725045,-337920.1617725045,33890.91617725045,33890.91617725045,33790.91617725045,0.0,100.0,0.0,0.0,33890.91617725045,33890.91617725045,1,0.0,100.0
478,21486.00354565645,0.0,-214860.0354565645,0.0,10.0,0.0,-0.0,0.1,0.325507208,32.5507208,0.0,0.0,100.0,1.0,0.11,-11.0,-231.99382747465967,231.99382747465967,0.0,-231.99382747465967,231.99382747465967,0.0,-21122.01589070713,21122.01589070713,0.0,0.0,0.0,0.0,0.0,0.0,0.0,0.0,0.0,-214871.0354565645,-214871.0354565645,21586.00354565645,21586.00354565645,21486.00354565645,0.0,100.0,0.0,0.0,21586.00354565645,21586.00354565645,1,0.0,100.0
479,18507.81102088895,0.0,-185078.11020888947,0.0,10.0,0.0,-0.0,0.1,0.356139328,35.6139328,0.0,0.0,100.0,1.0,0.11,-11.0,-235.18676171585813,235.18676171585813,0.0,-235.18676171585813,235.18676171585813,0.0,-18137.43749745723,18137.43749745723,0.0,0.0,0.0,0.0,0.0,0.0,0.0,0.0,0.0,-185089.11020888947,-185089.11020888947,18607.81102088895,18607.81102088895,18507.81102088895,0.0,100.0,0.0,0.0,18607.81102088895,18607.81102088895,1,0.0,100.0
480,14749.34863366359,0.0,-147493.4863366359,0.0,10.0,0.0,-0.0,0.1,0.378627379,37.8627379,0.0,0.0,100.0,1.0,0.08,-8.0,-232.1083420612117,232.1083420612117,0.0,-232.1083420612117,232.1083420612117,0.0,-14385.131949541168,14385.131949541168,0.0,0.0,0.0,0.0,0.0,0.0,0.0,0.0,0.0,-147501.4863366359,-147501.4863366359,14849.34863366359,14849.34863366359,14749.34863366359,0.0,100.0,0.0,0.0,14849.34863366359,14849.34863366359,1,0.0,100.0
481,14866.164660003182,0.0,-148661.64660003182,0.0,10.0,0.0,-0.0,0.1,0.392246599,39.2246599,0.0,0.0,100.0,1.0,0.08,-8.0,-232.1008281983944,232.1008281983944,0.0,-232.1008281983944,232.1008281983944,0.0,-14501.963003606394,14501.963003606394,0.0,0.0,0.0,0.0,0.0,0.0,0.0,0.0,0.0,-148669.64660003182,-148669.64660003182,14966.164660003182,14966.164660003182,14866.164660003182,0.0,100.0,0.0,0.0,14966.164660003182,14966.164660003182,1,0.0,100.0
482,14842.806332101649,0.0,-148428.0633210165,0.0,10.0,0.0,-0.0,0.1,0.394961877,39.4961877,0.0,0.0,100.0,1.0,0.08,-8.0,-232.04102336846228,232.04102336846228,0.0,-232.04102336846228,232.04102336846228,0.0,-14478.724285364724,14478.724285364724,0.0,0.0,0.0,0.0,0.0,0.0,0.0,0.0,0.0,-148436.0633210165,-148436.0633210165,14942.806332101649,14942.806332101649,14842.806332101649,0.0,100.0,0.0,0.0,14942.806332101649,14942.806332101649,1,0.0,100.0
483,14866.3795592456,0.0,-148663.795592456,0.0,10.0,0.0,-0.0,0.1,0.39874238,39.874238,0.0,0.0,100.0,1.0,0.08,-8.0,-232.01424149238176,232.01424149238176,0.0,-232.01424149238176,232.01424149238176,0.0,-14502.351076260837,14502.351076260837,0.0,0.0,0.0,0.0,0.0,0.0,0.0,0.0,0.0,-148671.795592456,-148671.795592456,14966.3795592456,14966.3795592456,14866.3795592456,0.0,100.0,0.0,0.0,14966.3795592456,14966.3795592456,1,0.0,100.0
484,15583.809077169846,0.0,-155838.09077169845,0.0,10.0,0.0,-0.0,0.1,0.398944381,39.8944381,0.0,0.0,100.0,1.0,0.08,-8.0,-232.90351902732309,232.90351902732309,0.0,-232.90351902732309,232.90351902732309,0.0,-15218.0020391152,15218.0020391152,0.0,0.0,0.0,0.0,0.0,0.0,0.0,0.0,0.0,-155846.09077169845,-155846.09077169845,15683.809077169846,15683.809077169846,15583.809077169846,0.0,100.0,0.0,0.0,15683.809077169846,15683.809077169846,1,0.0,100.0
485,17085.606275016435,0.0,-170856.06275016436,0.0,10.0,0.0,-0.0,0.1,0.400157363,40.0157363,0.0,0.0,100.0,1.0,0.11,-11.0,-232.8187774600385,232.8187774600385,0.0,-232.8187774600385,232.8187774600385,0.0,-16719.968720096356,16719.968720096356,0.0,0.0,0.0,0.0,0.0,0.0,0.0,0.0,0.0,-170867.06275016436,-170867.06275016436,17185.606275016435,17185.606275016435,17085.606275016435,0.0,100.0,0.0,0.0,17185.606275016435,17185.606275016435,1,0.0,100.0
486,26250.294609725206,0.0,-262502.9460972521,0.0,10.0,0.0,-0.0,0.1,0.406251139,40.625113899999995,0.0,0.0,100.0,1.0,0.11,-11.0,-232.85567554832176,232.85567554832176,0.0,-232.85567554832176,232.85567554832176,0.0,-25884.58325862856,25884.58325862856,0.0,0.0,0.0,0.0,0.0,0.0,0.0,0.0,0.0,-262513.9460972521,-262513.9460972521,26350.294609725206,26350.294609725206,26250.294609725206,0.0,100.0,0.0,0.0,26350.294609725206,26350.294609725206,1,0.0,100.0
487,24538.648196763337,0.0,-245386.48196763336,0.0,10.0,0.0,-0.0,0.1,0.41049878,41.049878,0.0,0.0,100.0,1.0,0.11,-11.0,-208.6648094802339,208.6648094802339,0.0,-208.6648094802339,208.6648094802339,0.0,-24816.39084370193,24816.39084370193,0.0,0.0,373.94560546875,373.94560546875,0.0,0.0,221.1266604303088,221.1266604303088,0.0,-245397.48196763336,-245397.48196763336,25233.720462662397,25233.720462662397,25133.720462662397,0.0,100.0,0.0,0.0,25233.720462662397,24638.648196763337,1,0.0,100.0
488,31036.916372348613,0.0,-310369.1637234861,0.0,10.0,0.0,-0.0,0.1,0.4017507829999999,40.17507829999999,0.0,0.0,100.0,1.0,0.11,-11.0,-196.7087601537811,196.7087601537811,0.0,-196.7087601537811,196.7087601537811,0.0,-39329.79109275411,39329.79109275411,0.0,0.0,5048.265673828125,5048.265673828125,0.0,0.0,3538.02656688494,3538.02656688494,0.0,-310380.1637234861,-310380.1637234861,39723.20861306168,39723.20861306167,39623.20861306168,0.0,100.0,0.0,0.0,39723.20861306167,31136.91637234861,1,0.0,100.0
489,23396.375528239332,0.0,-233963.7552823933,0.0,10.0,0.0,-0.0,0.1,0.38988316,38.988316,0.0,0.0,100.0,1.0,0.11,-11.0,-196.7698022869317,196.7698022869317,0.0,-196.7698022869317,196.7698022869317,0.0,-37085.50867918867,37085.50867918867,0.0,0.0,6768.415458984375,6768.415458984375,0.0,0.0,7214.257296538823,7214.257296538823,0.0,-233974.7552823933,-233974.7552823933,37479.04828376253,37479.04828376253,37379.04828376253,0.0,100.0,0.0,0.0,37479.04828376253,23496.375528239332,1,0.0,100.0
490,19946.282337373752,0.0,-199462.8233737375,0.0,10.0,0.0,-0.0,0.1,0.383142479,38.3142479,0.0,0.0,100.0,1.0,0.11,-11.0,-196.7368862806648,196.7368862806648,0.0,-196.7368862806648,196.7368862806648,0.0,-34113.41399199685,34113.41399199685,0.0,0.0,8600.74892578125,8600.74892578125,0.0,0.0,5859.856501403181,5859.856501403181,0.0,-199473.8233737375,-199473.8233737375,34506.88776455818,34506.88776455818,34406.88776455818,0.0,100.0,0.0,0.0,34506.88776455818,20046.28233737375,1,0.0,100.0
491,8147.519129462631,0.0,-81475.1912946263,0.0,10.0,0.0,-0.0,0.1,0.384026669,38.4026669,0.0,0.0,100.0,1.0,0.11,-11.0,-199.6772712066441,199.6772712066441,0.0,-199.6772712066441,199.6772712066441,0.0,-34107.880236888195,34107.880236888195,0.0,0.0,14097.749326171874,14097.749326171874,0.0,0.0,12161.96632366698,12161.96632366698,0.0,-81486.1912946263,-81486.1912946263,34507.234779301485,34507.234779301485,34407.234779301485,0.0,100.0,0.0,0.0,34507.234779301485,8247.519129462631,1,0.0,100.0
492,17225.50630101873,0.0,-172255.0630101873,0.0,10.0,0.0,-0.0,0.1,0.386610632,38.6610632,0.0,0.0,100.0,1.0,0.11,-11.0,-196.69626234941404,196.69626234941404,0.0,-196.69626234941404,196.69626234941404,0.0,-34106.44508693255,34106.44508693255,0.0,0.0,7665.884912109374,7665.884912109374,0.0,0.0,9508.446398503276,9508.446398503276,0.0,-172266.0630101873,-172266.0630101873,34499.83761163138,34499.83761163138,34399.83761163138,0.0,100.0,0.0,0.0,34499.83761163138,17325.50630101873,1,0.0,100.0
493,18098.422327654836,0.0,-180984.22327654838,0.0,10.0,0.0,-0.0,0.1,0.3853562989999999,38.53562989999999,0.0,0.0,100.0,1.0,0.11,-11.0,-196.872101961378,196.872101961378,0.0,-196.872101961378,196.872101961378,0.0,-34102.85750527295,34102.85750527295,0.0,0.0,3141.1430859375,3141.1430859375,0.0,0.0,13157.03629560337,13157.03629560337,0.0,-180995.22327654838,-180995.22327654838,34496.601709195704,34496.601709195704,34396.601709195704,0.0,100.0,0.0,0.0,34496.601709195704,18198.422327654836,1,0.0,100.0
494,5765.093378075659,0.0,-57650.93378075659,0.0,10.0,0.0,-0.0,0.1,0.391236202,39.1236202,0.0,0.0,100.0,1.0,0.08,-8.0,-196.9576658869682,196.9576658869682,0.0,-196.9576658869682,196.9576658869682,0.0,-19045.81457754076,19045.81457754076,0.0,0.0,5310.02759765625,5310.02759765625,0.0,0.0,8264.60893358279,8264.60893358279,0.0,-57658.93378075659,-57658.93378075659,19439.729909314698,19439.729909314698,19339.729909314698,0.0,100.0,0.0,0.0,19439.729909314698,5865.093378075659,1,0.0,100.0
495,12484.761645519251,0.0,-124847.6164551925,0.0,10.0,0.0,-0.0,0.1,0.391499287,39.1499287,0.0,0.0,100.0,1.0,0.08,-8.0,-196.9283483991383,196.9283483991383,0.0,-196.9283483991383,196.9283483991383,0.0,-19048.9772665907,19048.9772665907,0.0,0.0,2131.489951171875,2131.489951171875,0.0,0.0,4726.5823666978495,4726.5823666978495,0.0,-124855.6164551925,-124855.6164551925,19442.833963388977,19442.833963388977,19342.833963388977,0.0,100.0,0.0,0.0,19442.833963388977,12584.761645519253,1,0.0,100.0
496,20820.588931369966,0.0,-208205.88931369968,0.0,10.0,0.0,-0.0,0.1,0.388359864,38.8359864,0.0,0.0,100.0,1.0,0.08,-8.0,-196.5232501956013,196.5232501956013,0.0,-196.5232501956013,196.5232501956013,0.0,-23556.62831303669,23556.62831303669,0.0,0.0,486.129287109375,486.129287109375,0.0,0.0,2542.9565949485504,2542.9565949485504,0.0,-208213.88931369968,-208213.88931369968,23949.674813427893,23949.674813427893,23849.674813427893,0.0,100.0,0.0,0.0,23949.674813427893,20920.588931369966,1,0.0,100.0
497,23125.649255607306,0.0,-231256.49255607306,0.0,10.0,0.0,-0.0,0.1,0.39690274,39.690273999999995,0.0,0.0,100.0,1.0,0.11,-11.0,-208.4795411583223,208.4795411583223,0.0,-208.4795411583223,208.4795411583223,0.0,-22808.690173290663,22808.690173290663,0.0,0.0,0.0,0.0,0.0,0.0,0.0,0.0,0.0,-231267.49255607306,-231267.49255607306,23225.649255607306,23225.649255607306,23125.649255607306,0.0,100.0,0.0,0.0,23225.649255607306,23225.649255607306,1,0.0,100.0
498,21400.440292908123,0.0,-214004.40292908123,0.0,10.0,0.0,-0.0,0.1,0.40072367,40.072367,0.0,0.0,100.0,1.0,0.11,-11.0,-232.34684212077565,232.34684212077565,0.0,-232.34684212077565,232.34684212077565,0.0,-21035.74660866657,21035.74660866657,0.0,0.0,0.0,0.0,0.0,0.0,0.0,0.0,0.0,-214015.40292908123,-214015.40292908123,21500.440292908123,21500.440292908123,21400.440292908123,0.0,100.0,0.0,0.0,21500.440292908123,21500.440292908123,1,0.0,100.0
499,19924.274977314795,0.0,-199242.74977314795,0.0,10.0,0.0,-0.0,0.1,0.404914815,40.4914815,0.0,0.0,100.0,1.0,0.11,-11.0,-233.21455486357343,233.21455486357343,0.0,-233.21455486357343,233.21455486357343,0.0,-19557.84586758765,19557.84586758765,0.0,0.0,0.0,0.0,0.0,0.0,0.0,0.0,0.0,-199253.74977314795,-199253.74977314795,20024.274977314795,20024.274977314795,19924.274977314795,0.0,100.0,0.0,0.0,20024.274977314795,20024.274977314795,1,0.0,100.0
500,19924.06816650207,0.0,-199240.6816650207,0.0,10.0,0.0,-0.0,0.1,0.3947026879999999,39.47026879999999,0.0,0.0,100.0,1.0,0.11,-11.0,-233.1111434112428,233.1111434112428,0.0,-233.1111434112428,233.1111434112428,0.0,-19557.845879679586,19557.845879679586,0.0,0.0,0.0,0.0,0.0,0.0,0.0,0.0,0.0,-199251.6816650207,-199251.6816650207,20024.06816650207,20024.06816650207,19924.06816650207,0.0,100.0,0.0,0.0,20024.06816650207,20024.06816650207,1,0.0,100.0
501,18445.139210379988,0.0,-184451.39210379988,0.0,10.0,0.0,-0.0,0.1,0.3884437639999999,38.844376399999994,0.0,0.0,100.0,1.0,0.11,-11.0,-232.56638584648096,232.56638584648096,0.0,-232.56638584648096,232.56638584648096,0.0,-18080.006438687025,18080.006438687025,0.0,0.0,0.0,0.0,0.0,0.0,0.0,0.0,0.0,-184462.39210379988,-184462.39210379988,18545.139210379988,18545.139210379988,18445.139210379988,0.0,100.0,0.0,0.0,18545.139210379988,18545.139210379988,1,0.0,100.0
502,17012.370567209124,0.0,-170123.70567209122,0.0,10.0,0.0,-0.0,0.1,0.383703912,38.3703912,0.0,0.0,100.0,1.0,0.11,-11.0,-231.8636408827748,231.8636408827748,0.0,-231.8636408827748,231.8636408827748,0.0,-16648.643285443573,16648.643285443573,0.0,0.0,0.0,0.0,0.0,0.0,0.0,0.0,0.0,-170134.70567209122,-170134.70567209122,17112.370567209124,17112.370567209124,17012.370567209124,0.0,100.0,0.0,0.0,17112.370567209124,17112.370567209124,1,0.0,100.0
503,15587.190418025075,0.0,-155871.90418025074,0.0,10.0,0.0,-0.0,0.1,0.361699197,36.169919699999994,0.0,0.0,100.0,1.0,0.11,-11.0,-234.8594563736844,234.8594563736844,0.0,-234.8594563736844,234.8594563736844,0.0,-15217.471505277706,15217.471505277706,0.0,0.0,0.0,0.0,0.0,0.0,0.0,0.0,0.0,-155882.90418025074,-155882.90418025074,15687.190418025075,15687.190418025075,15587.190418025075,0.0,100.0,0.0,0.0,15687.190418025075,15687.190418025075,1,0.0,100.0
504,14865.623612080892,0.0,-148656.23612080893,0.0,10.0,0.0,-0.0,0.1,0.3533360889999999,35.33360889999999,0.0,0.0,100.0,1.0,0.08,-8.0,-231.8002950668505,231.8002950668505,0.0,-231.8002950668505,231.8002950668505,0.0,-14502.02302194719,14502.02302194719,0.0,0.0,0.0,0.0,0.0,0.0,0.0,0.0,0.0,-148664.23612080893,-148664.23612080893,14965.623612080892,14965.623612080892,14865.623612080892,0.0,100.0,0.0,0.0,14965.623612080892,14965.623612080892,1,0.0,100.0
505,14842.314776535182,0.0,-148423.1477653518,0.0,10.0,0.0,-0.0,0.1,0.36574798,36.574797999999994,0.0,0.0,100.0,1.0,0.08,-8.0,-231.8022347261552,231.8022347261552,0.0,-231.8022347261552,231.8022347261552,0.0,-14478.710307082873,14478.710307082873,0.0,0.0,0.0,0.0,0.0,0.0,0.0,0.0,0.0,-148431.1477653518,-148431.1477653518,14942.314776535182,14942.314776535182,14842.314776535182,0.0,100.0,0.0,0.0,14942.314776535182,14942.314776535182,1,0.0,100.0
506,14897.284948484654,0.0,-148972.84948484655,0.0,10.0,0.0,-0.0,0.1,0.367059277,36.705927700000004,0.0,0.0,100.0,1.0,0.08,-8.0,-247.5000438417549,247.5000438417549,0.0,-247.5000438417549,247.5000438417549,0.0,-14502.284860801145,14502.284860801145,0.0,0.0,0.0,0.0,0.0,0.0,0.0,0.0,0.0,-148980.84948484655,-148980.84948484655,14997.284948484654,14997.284948484654,14897.284948484654,0.0,100.0,0.0,0.0,14997.284948484654,14997.284948484654,1,0.0,100.0
507,14871.445787932218,0.0,-148714.45787932217,0.0,10.0,0.0,-0.0,0.1,0.374367301,37.4367301,0.0,0.0,100.0,1.0,0.08,-8.0,-246.2828066429148,246.2828066429148,0.0,-246.2828066429148,246.2828066429148,0.0,-14478.880174646389,14478.880174646389,0.0,0.0,0.0,0.0,0.0,0.0,0.0,0.0,0.0,-148722.45787932217,-148722.45787932217,14971.445787932218,14971.445787932218,14871.445787932218,0.0,100.0,0.0,0.0,14971.445787932218,14971.445787932218,1,0.0,100.0
508,15649.70734834527,0.0,-156497.0734834527,0.0,10.0,0.0,-0.0,0.1,0.391988845,39.1988845,0.0,0.0,100.0,1.0,0.08,-8.0,-254.10128174671232,254.10128174671232,0.0,-254.10128174671232,254.10128174671232,0.0,-15241.504784851844,15241.504784851844,0.0,0.0,0.0,0.0,0.0,0.0,0.0,0.0,0.0,-156505.0734834527,-156505.0734834527,15749.70734834527,15749.70734834527,15649.70734834527,0.0,100.0,0.0,0.0,15749.70734834527,15749.70734834527,1,0.0,100.0
509,17113.302964696355,0.0,-171133.02964696355,0.0,10.0,0.0,-0.0,0.1,0.417594342,41.7594342,0.0,0.0,100.0,1.0,0.11,-11.0,-258.6210774736523,258.6210774736523,0.0,-258.6210774736523,258.6210774736523,0.0,-16696.06080974905,16696.06080974905,0.0,0.0,0.0,0.0,0.0,0.0,0.0,0.0,0.0,-171144.02964696355,-171144.02964696355,17213.302964696355,17213.302964696355,17113.302964696355,0.0,100.0,0.0,0.0,17213.302964696355,17213.302964696355,1,0.0,100.0
510,20081.839477725953,0.0,-200818.39477725953,0.0,10.0,0.0,-0.0,0.1,0.430833811,43.083381100000004,0.0,0.0,100.0,1.0,0.11,-11.0,-253.13048751584552,253.13048751584552,0.0,-253.13048751584552,253.13048751584552,0.0,-19675.57850269426,19675.57850269426,0.0,0.0,0.0,0.0,0.0,0.0,0.0,0.0,0.0,-200829.39477725953,-200829.39477725953,20181.839477725953,20181.839477725953,20081.839477725953,0.0,100.0,0.0,0.0,20181.839477725953,20181.839477725953,1,0.0,100.0
511,18599.427549810902,0.0,-185994.27549810903,0.0,10.0,0.0,-0.0,0.1,0.431489006,43.1489006,0.0,0.0,100.0,1.0,0.11,-11.0,-229.0074891883185,229.0074891883185,0.0,-229.0074891883185,229.0074891883185,0.0,-18547.08208095141,18547.08208095141,0.0,0.0,112.183681640625,112.183681640625,0.0,0.0,193.4858278765201,193.4858278765201,0.0,-186005.27549810903,-186005.27549810903,19005.097059328047,19005.097059328047,18905.097059328047,0.0,100.0,0.0,0.0,19005.097059328047,18699.427549810902,1,0.0,100.0
512,14720.709344775376,0.0,-147207.09344775375,0.0,10.0,0.0,-0.0,0.1,0.431940505,43.194050499999996,0.0,0.0,100.0,1.0,0.11,-11.0,-201.78511663449265,201.78511663449265,0.0,-201.78511663449265,201.78511663449265,0.0,-18054.2916903074,18054.2916903074,0.0,0.0,1121.83681640625,1121.83681640625,0.0,0.0,2515.315762394762,2515.315762394762,0.0,-147218.09344775375,-147218.09344775375,18457.861923576387,18457.861923576387,18357.861923576387,0.0,100.0,0.0,0.0,18457.861923576387,14820.709344775376,1,0.0,100.0
513,7054.080796676361,0.0,-70540.80796676362,0.0,10.0,0.0,-0.0,0.1,0.419502658,41.9502658,0.0,0.0,100.0,1.0,0.11,-11.0,-196.80758315304809,196.80758315304809,0.0,-196.80758315304809,196.80758315304809,0.0,-15813.47456052732,15813.47456052732,0.0,0.0,3552.483251953125,3552.483251953125,0.0,0.0,5500.52567820393,5500.52567820393,0.0,-70551.80796676362,-70551.80796676362,16207.089726833416,16207.089726833416,16107.089726833416,0.0,100.0,0.0,0.0,16207.089726833416,7154.0807966763605,1,0.0,100.0
514,4109.108019508243,0.0,-41091.08019508243,0.0,10.0,0.0,-0.0,0.1,0.412021679,41.2021679,0.0,0.0,100.0,1.0,0.11,-11.0,-196.8473571104197,196.8473571104197,0.0,-196.8473571104197,196.8473571104197,0.0,-12881.448285728748,12881.448285728748,0.0,0.0,3178.537646484375,3178.537646484375,0.0,0.0,5887.49733395697,5887.49733395697,0.0,-41102.08019508243,-41102.08019508243,13275.142999949589,13275.142999949587,13175.142999949589,0.0,100.0,0.0,0.0,13275.142999949587,4209.108019508241,1,0.0,100.0
515,3478.310514230069,0.0,-34783.105142300694,0.0,10.0,0.0,-0.0,0.1,0.399062166,39.9062166,0.0,0.0,100.0,1.0,0.11,-11.0,-199.7639620150006,199.7639620150006,0.0,-199.7639620150006,199.7639620150006,0.0,-12857.745321660912,12857.745321660912,0.0,0.0,4150.796220703125,4150.796220703125,0.0,0.0,5528.166510757718,5528.166510757718,0.0,-34794.105142300694,-34794.105142300694,13257.273245690914,13257.273245690913,13157.273245690914,0.0,100.0,0.0,0.0,13257.273245690913,3578.3105142300683,1,0.0,100.0
516,2517.566665314631,0.0,-25175.66665314631,0.0,10.0,0.0,-0.0,0.1,0.399364814,39.9364814,0.0,0.0,100.0,1.0,0.11,-11.0,-196.8667067151501,196.8667067151501,0.0,-196.8667067151501,196.8667067151501,0.0,-13159.65949854995,13159.65949854995,0.0,0.0,3776.850615234375,3776.850615234375,0.0,0.0,7158.975631431245,7158.975631431245,0.0,-25186.66665314631,-25186.66665314631,13553.39291198025,13553.39291198025,13453.39291198025,0.0,100.0,0.0,0.0,13553.39291198025,2617.566665314631,1,0.0,100.0
517,4012.4739774618974,0.0,-40124.739774618974,0.0,10.0,0.0,-0.0,0.1,0.389754325,38.975432500000004,0.0,0.0,100.0,1.0,0.11,-11.0,-197.05077769274124,197.05077769274124,0.0,-197.05077769274124,197.05077769274124,0.0,-13784.275189850036,13784.275189850036,0.0,0.0,4786.50375,4786.50375,0.0,0.0,5279.399017773621,5279.399017773621,0.0,-40135.739774618974,-40135.739774618974,14178.376745235519,14178.376745235519,14078.376745235519,0.0,100.0,0.0,0.0,14178.376745235519,4112.473977461897,1,0.0,100.0
518,4369.139990473728,0.0,-43691.39990473728,0.0,10.0,0.0,-0.0,0.1,0.390265502,39.026550199999996,0.0,0.0,100.0,1.0,0.08,-8.0,-197.14025127223,197.14025127223,0.0,-197.14025127223,197.14025127223,0.0,-14040.04751180161,14040.04751180161,0.0,0.0,2916.77572265625,2916.77572265625,0.0,0.0,7048.412301216091,7048.412301216091,0.0,-43699.39990473728,-43699.39990473728,14434.328014346069,14434.328014346069,14334.328014346069,0.0,100.0,0.0,0.0,14434.328014346069,4469.139990473728,1,0.0,100.0
519,8458.90831649149,0.0,-84589.0831649149,0.0,10.0,0.0,-0.0,0.1,0.402277756,40.2277756,0.0,0.0,100.0,1.0,0.08,-8.0,-197.09980508485228,197.09980508485228,0.0,-197.09980508485228,197.09980508485228,0.0,-13785.456584413168,13785.456584413168,0.0,0.0,1944.5171484375,1944.5171484375,0.0,0.0,3676.2307296538825,3676.2307296538825,0.0,-84597.0831649149,-84597.0831649149,14179.656194582873,14179.656194582873,14079.656194582873,0.0,100.0,0.0,0.0,14179.656194582873,8558.90831649149,1,0.0,100.0
520,16148.463334908654,0.0,-161484.63334908654,0.0,10.0,0.0,-0.0,0.1,0.394651394,39.4651394,0.0,0.0,100.0,1.0,0.08,-8.0,-196.6728015389403,196.6728015389403,0.0,-196.6728015389403,196.6728015389403,0.0,-18550.8616523775,18550.8616523775,0.0,0.0,1009.6531347656248,1009.6531347656248,0.0,0.0,1686.0907857811042,1686.0907857811042,0.0,-161492.63334908654,-161492.63334908654,18944.20725545538,18944.20725545538,18844.20725545538,0.0,100.0,0.0,0.0,18944.20725545538,16248.463334908653,1,0.0,100.0
521,22398.724727875913,0.0,-223987.24727875914,0.0,10.0,0.0,-0.0,0.1,0.3778941289999999,37.78941289999999,0.0,0.0,100.0,1.0,0.11,-11.0,-208.5695042029305,208.5695042029305,0.0,-208.5695042029305,208.5695042029305,0.0,-22081.58571947005,22081.58571947005,0.0,0.0,0.0,0.0,0.0,0.0,0.0,0.0,0.0,-223998.24727875914,-223998.24727875914,22498.724727875913,22498.724727875913,22398.724727875913,0.0,100.0,0.0,0.0,22498.724727875913,22498.724727875913,1,0.0,100.0
522,22802.49151568571,0.0,-228024.9151568571,0.0,10.0,0.0,-0.0,0.1,0.369636007,36.9636007,0.0,0.0,100.0,1.0,0.11,-11.0,-232.38480202786025,232.38480202786025,0.0,-232.38480202786025,232.38480202786025,0.0,-22437.72191162999,22437.72191162999,0.0,0.0,0.0,0.0,0.0,0.0,0.0,0.0,0.0,-228035.9151568571,-228035.9151568571,22902.49151568571,22902.49151568571,22802.49151568571,0.0,100.0,0.0,0.0,22902.49151568571,22902.49151568571,1,0.0,100.0
523,21047.448478874998,0.0,-210474.48478874998,0.0,10.0,0.0,-0.0,0.1,0.3689518779999999,36.89518779999999,0.0,0.0,100.0,1.0,0.11,-11.0,-233.15363863233296,233.15363863233296,0.0,-233.15363863233296,233.15363863233296,0.0,-20681.14120161033,20681.14120161033,0.0,0.0,0.0,0.0,0.0,0.0,0.0,0.0,0.0,-210485.48478874998,-210485.48478874998,21147.448478874998,21147.448478874998,21047.448478874998,0.0,100.0,0.0,0.0,21147.448478874998,21147.448478874998,1,0.0,100.0
524,21338.41476070694,0.0,-213384.1476070694,0.0,10.0,0.0,-0.0,0.1,0.3573889429999999,35.73889429999999,0.0,0.0,100.0,1.0,0.11,-11.0,-233.007351198732,233.007351198732,0.0,-233.007351198732,233.007351198732,0.0,-20972.400058309475,20972.400058309475,0.0,0.0,0.0,0.0,0.0,0.0,0.0,0.0,0.0,-213395.1476070694,-213395.1476070694,21438.41476070694,21438.41476070694,21338.41476070694,0.0,100.0,0.0,0.0,21438.41476070694,21438.41476070694,1,0.0,100.0
525,19577.17048584404,0.0,-195771.70485844038,0.0,10.0,0.0,-0.0,0.1,0.3559553239999999,35.59553239999999,0.0,0.0,100.0,1.0,0.11,-11.0,-232.4629508790711,232.4629508790711,0.0,-232.4629508790711,232.4629508790711,0.0,-19212.244584085896,19212.244584085896,0.0,0.0,0.0,0.0,0.0,0.0,0.0,0.0,0.0,-195782.70485844038,-195782.70485844038,19677.17048584404,19677.17048584404,19577.17048584404,0.0,100.0,0.0,0.0,19677.17048584404,19677.17048584404,1,0.0,100.0
526,18392.89397278431,0.0,-183928.9397278431,0.0,10.0,0.0,-0.0,0.1,0.3537118979999999,35.37118979999999,0.0,0.0,100.0,1.0,0.11,-11.0,-231.76990165954,231.76990165954,0.0,-231.76990165954,231.76990165954,0.0,-18029.35416946523,18029.35416946523,0.0,0.0,0.0,0.0,0.0,0.0,0.0,0.0,0.0,-183939.9397278431,-183939.9397278431,18492.89397278431,18492.89397278431,18392.89397278431,0.0,100.0,0.0,0.0,18492.89397278431,18492.89397278431,1,0.0,100.0
527,16635.10718061417,0.0,-166351.0718061417,0.0,10.0,0.0,-0.0,0.1,0.342870772,34.2870772,0.0,0.0,100.0,1.0,0.11,-11.0,-234.82358395290632,234.82358395290632,0.0,-234.82358395290632,234.82358395290632,0.0,-16265.460012708358,16265.460012708358,0.0,0.0,0.0,0.0,0.0,0.0,0.0,0.0,0.0,-166362.0718061417,-166362.0718061417,16735.10718061417,16735.10718061417,16635.10718061417,0.0,100.0,0.0,0.0,16735.10718061417,16735.10718061417,1,0.0,100.0
528,19233.38084891124,0.0,-192333.80848911242,0.0,10.0,0.0,-0.0,0.1,0.340146727,34.0146727,0.0,0.0,100.0,1.0,0.08,-8.0,-248.5887470315756,248.5887470315756,0.0,-248.5887470315756,248.5887470315756,0.0,-18836.20335484809,18836.20335484809,0.0,0.0,0.0,0.0,0.0,0.0,0.0,0.0,0.0,-192341.80848911242,-192341.80848911242,19333.38084891124,19333.38084891124,19233.38084891124,0.0,100.0,0.0,0.0,19333.38084891124,19333.38084891124,1,0.0,100.0
529,18963.329531137577,0.0,-189633.29531137575,0.0,10.0,0.0,-0.0,0.1,0.357870581,35.7870581,0.0,0.0,100.0,1.0,0.08,-8.0,-258.34105049542563,258.34105049542563,0.0,-258.34105049542563,258.34105049542563,0.0,-18546.647430146724,18546.647430146724,0.0,0.0,0.0,0.0,0.0,0.0,0.0,0.0,0.0,-189641.29531137575,-189641.29531137575,19063.329531137577,19063.329531137577,18963.329531137577,0.0,100.0,0.0,0.0,19063.329531137577,19063.329531137577,1,0.0,100.0
530,19249.218606509905,0.0,-192492.18606509906,0.0,10.0,0.0,-0.0,0.1,0.365075948,36.5075948,0.0,0.0,100.0,1.0,0.08,-8.0,-252.11672525179665,252.11672525179665,0.0,-252.11672525179665,252.11672525179665,0.0,-18844.98515600631,18844.98515600631,0.0,0.0,0.0,0.0,0.0,0.0,0.0,0.0,0.0,-192500.18606509906,-192500.18606509906,19349.218606509905,19349.218606509905,19249.218606509905,0.0,100.0,0.0,0.0,19349.218606509905,19349.218606509905,1,0.0,100.0
531,18964.775337488605,0.0,-189647.75337488606,0.0,10.0,0.0,-0.0,0.1,0.362789543,36.2789543,0.0,0.0,100.0,1.0,0.08,-8.0,-256.5675486152353,256.5675486152353,0.0,-256.5675486152353,256.5675486152353,0.0,-18551.640240258133,18551.640240258133,0.0,0.0,0.0,0.0,0.0,0.0,0.0,0.0,0.0,-189655.75337488606,-189655.75337488606,19064.775337488605,19064.775337488605,18964.775337488605,0.0,100.0,0.0,0.0,19064.775337488605,19064.775337488605,1,0.0,100.0
532,20001.961827971725,0.0,-200019.61827971725,0.0,10.0,0.0,-0.0,0.1,0.376758017,37.6758017,0.0,0.0,100.0,1.0,0.08,-8.0,-256.7205552944469,256.7205552944469,0.0,-256.7205552944469,256.7205552944469,0.0,-19588.52071738283,19588.52071738283,0.0,0.0,0.0,0.0,0.0,0.0,0.0,0.0,0.0,-200027.61827971725,-200027.61827971725,20101.961827971725,20101.961827971725,20001.961827971725,0.0,100.0,0.0,0.0,20101.961827971725,20101.961827971725,1,0.0,100.0
533,22704.265114637034,0.0,-227042.65114637034,0.0,10.0,0.0,-0.0,0.1,0.356874127,35.687412699999996,0.0,0.0,100.0,1.0,0.11,-11.0,-262.9650299902354,262.9650299902354,0.0,-262.9650299902354,262.9650299902354,0.0,-22278.335054656563,22278.335054656563,0.0,0.0,0.0,0.0,0.0,0.0,0.0,0.0,0.0,-227053.65114637034,-227053.65114637034,22804.265114637034,22804.265114637034,22704.265114637034,0.0,100.0,0.0,0.0,22804.265114637034,22804.265114637034,1,0.0,100.0
534,26505.354641885442,0.0,-265053.54641885444,0.0,10.0,0.0,-0.0,0.1,0.361070067,36.1070067,0.0,0.0,100.0,1.0,0.11,-11.0,-274.0141994478257,274.0141994478257,0.0,-274.0141994478257,274.0141994478257,0.0,-26057.32624298979,26057.32624298979,0.0,0.0,0.0,0.0,0.0,0.0,0.0,0.0,0.0,-265064.54641885444,-265064.54641885444,26605.354641885442,26605.354641885442,26505.354641885442,0.0,100.0,0.0,0.0,26605.354641885442,26605.354641885442,1,0.0,100.0
535,31987.530436641897,0.0,-319875.304366419,0.0,10.0,0.0,-0.0,0.1,0.35207642,35.207642,0.0,0.0,100.0,1.0,0.11,-11.0,-519.0803078558433,519.0803078558433,0.0,-519.0803078558433,519.0803078558433,0.0,-31298.137313914307,31298.137313914307,0.0,0.0,0.0,0.0,0.0,0.0,248.7674929840973,248.7674929840973,0.0,-319886.304366419,-319886.304366419,32336.297929625995,32336.297929625995,32236.297929625995,0.0,100.0,0.0,0.0,32336.297929625995,32087.530436641897,1,0.0,100.0
536,62720.593780023926,0.0,-627205.9378002393,0.0,10.0,0.0,-0.0,0.1,0.34628823,34.628823,0.0,0.0,100.0,1.0,0.11,-11.0,-695.8917469986434,695.8917469986434,0.0,-695.8917469986434,695.8917469986434,0.0,-63854.62728673736,63854.62728673736,0.0,0.0,1458.387861328125,1458.387861328125,0.0,0.0,967.4291393826009,967.4291393826009,0.0,-627216.9378002393,-627216.9378002393,65246.41078073465,65246.41078073465,65146.41078073465,0.0,100.0,0.0,0.0,65246.41078073465,62820.593780023926,1,0.0,100.0
537,58388.74876411679,0.0,-583887.487641168,0.0,10.0,0.0,-0.0,0.1,0.334129427,33.412942699999995,0.0,0.0,100.0,1.0,0.11,-11.0,-694.6776935825364,694.6776935825364,0.0,-694.6776935825364,694.6776935825364,0.0,-61612.85598202582,61612.85598202582,0.0,0.0,2468.04099609375,2468.04099609375,0.0,0.0,2045.421608980356,2045.421608980356,0.0,-583898.487641168,-583898.487641168,63002.211369190896,63002.211369190896,62902.211369190896,0.0,100.0,0.0,0.0,63002.211369190896,58488.74876411679,1,0.0,100.0
538,49708.224352401805,0.0,-497082.24352401803,0.0,10.0,0.0,-0.0,0.1,0.328619018,32.8619018,0.0,0.0,100.0,1.0,0.11,-11.0,-710.2588336365909,710.2588336365909,0.0,-710.2588336365909,710.2588336365909,0.0,-58645.38007103251,58645.38007103251,0.0,0.0,6581.442656249999,6581.442656249999,0.0,0.0,3676.2307296538825,3676.2307296538825,0.0,-497093.24352401803,-497093.24352401803,60065.897738305684,60065.89773830569,59965.897738305684,0.0,100.0,0.0,0.0,60065.89773830569,49808.22435240181,1,0.0,100.0
539,50364.866019064,0.0,-503648.66019064,0.0,10.0,0.0,-0.0,0.1,0.337899317,33.7899317,0.0,0.0,100.0,1.0,0.11,-11.0,-716.8255324927111,716.8255324927111,0.0,-716.8255324927111,716.8255324927111,0.0,-58638.597647856346,58638.597647856346,0.0,0.0,4936.0819921875,4936.0819921875,0.0,0.0,4671.300701590272,4671.300701590272,0.0,-503659.66019064,-503659.66019064,60072.24871284177,60072.24871284177,59972.24871284177,0.0,100.0,0.0,0.0,60072.24871284177,50464.866019064,1,0.0,100.0
540,49619.2921087937,0.0,-496192.92108793696,0.0,10.0,0.0,-0.0,0.1,0.397204651,39.7204651,0.0,0.0,100.0,1.0,0.11,-11.0,-729.4329271711531,729.4329271711531,0.0,-729.4329271711531,729.4329271711531,0.0,-55619.17940281946,55619.17940281946,0.0,0.0,4262.97990234375,4262.97990234375,0.0,0.0,3095.7732460243224,3095.7732460243224,0.0,-496203.92108793696,-496203.92108793696,57078.04525716177,57078.04525716177,56978.04525716177,0.0,100.0,0.0,0.0,57078.04525716177,49719.2921087937,1,0.0,100.0
541,42768.792183987796,0.0,-427687.92183987796,0.0,10.0,0.0,-0.0,0.1,0.372986552,37.298655200000006,0.0,0.0,100.0,1.0,0.11,-11.0,-731.3106351208806,731.3106351208806,0.0,-731.3106351208806,731.3106351208806,0.0,-58561.21610445435,58561.21610445435,0.0,0.0,3141.1430859375,3141.1430859375,0.0,0.0,14013.902104770816,14013.902104770816,0.0,-427698.92183987796,-427698.92183987796,60023.837374696115,60023.837374696115,59923.837374696115,0.0,100.0,0.0,0.0,60023.837374696115,42868.792183987796,1,0.0,100.0
542,47340.0850959207,0.0,-473400.85095920705,0.0,10.0,0.0,-0.0,0.1,0.352361973,35.2361973,0.0,0.0,100.0,1.0,0.08,-8.0,-743.6186861876865,743.6186861876865,0.0,-743.6186861876865,743.6186861876865,0.0,-58477.19585662093,58477.19585662093,0.0,0.0,4038.6125390625,4038.6125390625,0.0,0.0,8485.735594013098,8485.735594013098,0.0,-473408.85095920705,-473408.85095920705,59964.4332289963,59964.4332289963,59864.4332289963,0.0,100.0,0.0,0.0,59964.4332289963,47440.0850959207,1,0.0,100.0
543,48964.75006287972,0.0,-489647.5006287972,0.0,10.0,0.0,-0.0,0.1,0.353956139,35.3956139,0.0,0.0,100.0,1.0,0.08,-8.0,-739.2137624597666,739.2137624597666,0.0,-739.2137624597666,739.2137624597666,0.0,-58421.40242128426,58421.40242128426,0.0,0.0,2542.8301171875,2542.8301171875,0.0,0.0,8292.249766136578,8292.249766136578,0.0,-489655.5006287972,-489655.5006287972,59899.8299462038,59899.8299462038,59799.8299462038,0.0,100.0,0.0,0.0,59899.8299462038,49064.75006287972,1,0.0,100.0
544,60036.57022455017,0.0,-600365.7022455017,0.0,10.0,0.0,-0.0,0.1,0.345713327,34.5713327,0.0,0.0,100.0,1.0,0.08,-8.0,-717.8270526893403,717.8270526893403,0.0,-717.8270526893403,717.8270526893403,0.0,-62955.9523615892,62955.9523615892,0.0,0.0,523.5238476562499,523.5238476562499,0.0,0.0,3731.51239476146,3731.51239476146,0.0,-600373.7022455017,-600373.7022455017,64391.606466967874,64391.60646696788,64291.606466967874,0.0,100.0,0.0,0.0,64391.60646696788,60136.570224550174,1,0.0,100.0
545,58686.37589120109,0.0,-586863.7589120109,0.0,10.0,0.0,-0.0,0.1,0.337648371,33.7648371,0.0,0.0,100.0,1.0,0.11,-11.0,-533.5265888455097,533.5265888455097,0.0,-533.5265888455097,533.5265888455097,0.0,-57719.32271351007,57719.32271351007,0.0,0.0,0.0,0.0,0.0,0.0,0.0,0.0,0.0,-586874.7589120109,-586874.7589120109,58786.37589120109,58786.37589120109,58686.37589120109,0.0,100.0,0.0,0.0,58786.37589120109,58786.37589120109,1,0.0,100.0
546,46704.1135535962,0.0,-467041.135535962,0.0,10.0,0.0,-0.0,0.1,0.3310517169999999,33.10517169999999,0.0,0.0,100.0,1.0,0.11,-11.0,-547.7933296945199,547.7933296945199,0.0,-547.7933296945199,547.7933296945199,0.0,-45708.52689420716,45708.52689420716,0.0,0.0,0.0,0.0,0.0,0.0,0.0,0.0,0.0,-467052.135535962,-467052.135535962,46804.1135535962,46804.1135535962,46704.1135535962,0.0,100.0,0.0,0.0,46804.1135535962,46804.1135535962,1,0.0,100.0
547,45260.73707735125,0.0,-452607.3707735125,0.0,10.0,0.0,-0.0,0.1,0.323689116,32.3689116,0.0,0.0,100.0,1.0,0.11,-11.0,-540.6066218818729,540.6066218818729,0.0,-540.6066218818729,540.6066218818729,0.0,-44279.523833587504,44279.523833587504,0.0,0.0,0.0,0.0,0.0,0.0,0.0,0.0,0.0,-452618.3707735125,-452618.3707735125,45360.73707735125,45360.73707735125,45260.73707735125,0.0,100.0,0.0,0.0,45360.73707735125,45360.73707735125,1,0.0,100.0
548,36246.29501902361,0.0,-362462.9501902361,0.0,10.0,0.0,-0.0,0.1,0.318158308,31.8158308,0.0,0.0,100.0,1.0,0.11,-11.0,-540.1170592709891,540.1170592709891,0.0,-540.1170592709891,540.1170592709891,0.0,-35266.06090048163,35266.06090048163,0.0,0.0,0.0,0.0,0.0,0.0,0.0,0.0,0.0,-362473.9501902361,-362473.9501902361,36346.29501902361,36346.29501902361,36246.29501902361,0.0,100.0,0.0,0.0,36346.29501902361,36346.29501902361,1,0.0,100.0
549,34154.75105812881,0.0,-341547.5105812881,0.0,10.0,0.0,-0.0,0.1,0.322593759,32.259375899999995,0.0,0.0,100.0,1.0,0.11,-11.0,-232.7896042426593,232.7896042426593,0.0,-232.7896042426593,232.7896042426593,0.0,-33789.17184964349,33789.17184964349,0.0,0.0,0.0,0.0,0.0,0.0,0.0,0.0,0.0,-341558.5105812881,-341558.5105812881,34254.75105812881,34254.75105812881,34154.75105812881,0.0,100.0,0.0,0.0,34254.75105812881,34254.75105812881,1,0.0,100.0
550,21533.44604155988,0.0,-215334.46041559882,0.0,10.0,0.0,-0.0,0.1,0.324057742,32.405774199999996,0.0,0.0,100.0,1.0,0.11,-11.0,-232.3251625984768,232.3251625984768,0.0,-232.3251625984768,232.3251625984768,0.0,-21168.795716362925,21168.795716362925,0.0,0.0,0.0,0.0,0.0,0.0,0.0,0.0,0.0,-215345.46041559882,-215345.46041559882,21633.44604155988,21633.44604155988,21533.44604155988,0.0,100.0,0.0,0.0,21633.44604155988,21633.44604155988,1,0.0,100.0
551,18602.279948606694,0.0,-186022.79948606694,0.0,10.0,0.0,-0.0,0.1,0.321910653,32.1910653,0.0,0.0,100.0,1.0,0.11,-11.0,-235.4475752006583,235.4475752006583,0.0,-235.4475752006583,235.4475752006583,0.0,-18231.384798205378,18231.384798205378,0.0,0.0,0.0,0.0,0.0,0.0,0.0,0.0,0.0,-186033.79948606694,-186033.79948606694,18702.279948606694,18702.279948606694,18602.279948606694,0.0,100.0,0.0,0.0,18702.279948606694,18702.279948606694,1,0.0,100.0
552,18995.939658896943,0.0,-189959.39658896942,0.0,10.0,0.0,-0.0,0.1,0.324340255,32.434025500000004,0.0,0.0,100.0,1.0,0.08,-8.0,-232.4665400667916,232.4665400667916,0.0,-232.4665400667916,232.4665400667916,0.0,-18631.00657876336,18631.00657876336,0.0,0.0,0.0,0.0,0.0,0.0,0.0,0.0,0.0,-189967.39658896942,-189967.39658896942,19095.939658896943,19095.939658896943,18995.939658896943,0.0,100.0,0.0,0.0,19095.939658896943,19095.939658896943,1,0.0,100.0
553,18788.576933386583,0.0,-187885.76933386584,0.0,10.0,0.0,-0.0,0.1,0.3347395019999999,33.47395019999999,0.0,0.0,100.0,1.0,0.08,-8.0,-232.4661536579713,232.4661536579713,0.0,-232.4661536579713,232.4661536579713,0.0,-18423.64462607064,18423.64462607064,0.0,0.0,0.0,0.0,0.0,0.0,0.0,0.0,0.0,-187893.76933386584,-187893.76933386584,18888.576933386583,18888.576933386583,18788.576933386583,0.0,100.0,0.0,0.0,18888.576933386583,18888.576933386583,1,0.0,100.0
554,19048.795213533816,0.0,-190487.95213533816,0.0,10.0,0.0,-0.0,0.1,0.323143391,32.3143391,0.0,0.0,100.0,1.0,0.08,-8.0,-232.4698235584817,232.4698235584817,0.0,-232.4698235584817,232.4698235584817,0.0,-18683.855566416853,18683.855566416853,0.0,0.0,0.0,0.0,0.0,0.0,0.0,0.0,0.0,-190495.95213533816,-190495.95213533816,19148.795213533816,19148.795213533816,19048.795213533816,0.0,100.0,0.0,0.0,19148.795213533816,19148.795213533816,1,0.0,100.0
555,18792.4281549302,0.0,-187924.281549302,0.0,10.0,0.0,-0.0,0.1,0.306369302,30.636930200000002,0.0,0.0,100.0,1.0,0.08,-8.0,-232.48960563983,232.48960563983,0.0,-232.48960563983,232.48960563983,0.0,-18427.44894365054,18427.44894365054,0.0,0.0,0.0,0.0,0.0,0.0,0.0,0.0,0.0,-187932.281549302,-187932.281549302,18892.4281549302,18892.4281549302,18792.4281549302,0.0,100.0,0.0,0.0,18892.4281549302,18892.4281549302,1,0.0,100.0
556,19802.365354222446,0.0,-198023.65354222446,0.0,10.0,0.0,-0.0,0.1,0.291073305,29.1073305,0.0,0.0,100.0,1.0,0.08,-8.0,-237.2394612283924,237.2394612283924,0.0,-237.2394612283924,237.2394612283924,0.0,-19427.886431765663,19427.886431765663,0.0,0.0,0.0,0.0,0.0,0.0,0.0,0.0,0.0,-198031.65354222446,-198031.65354222446,19902.365354222446,19902.365354222446,19802.365354222446,0.0,100.0,0.0,0.0,19902.365354222446,19902.365354222446,1,0.0,100.0
557,22589.65453080518,0.0,-225896.5453080518,0.0,10.0,0.0,-0.0,0.1,0.276724928,27.672492799999997,0.0,0.0,100.0,1.0,0.11,-11.0,-236.56893267642425,236.56893267642425,0.0,-236.56893267642425,236.56893267642425,0.0,-22216.51666545233,22216.51666545233,0.0,0.0,0.0,0.0,0.0,0.0,0.0,0.0,0.0,-225907.5453080518,-225907.5453080518,22689.65453080518,22689.65453080518,22589.65453080518,0.0,100.0,0.0,0.0,22689.65453080518,22689.65453080518,1,0.0,100.0
558,26407.909522157006,0.0,-264079.09522157005,0.0,10.0,0.0,-0.0,0.1,0.254059343,25.4059343,0.0,0.0,100.0,1.0,0.11,-11.0,-282.2447221305499,282.2447221305499,0.0,-282.2447221305499,282.2447221305499,0.0,-25943.420077895906,25943.420077895906,0.0,0.0,0.0,0.0,0.0,0.0,0.0,0.0,0.0,-264090.09522157005,-264090.09522157005,26507.909522157006,26507.909522157006,26407.909522157006,0.0,100.0,0.0,0.0,26507.909522157006,26507.909522157006,1,0.0,100.0
559,31885.30691872257,0.0,-318853.0691872257,0.0,10.0,0.0,-0.0,0.1,0.259037841,25.9037841,0.0,0.0,100.0,1.0,0.11,-11.0,-532.2474225096662,532.2474225096662,0.0,-532.2474225096662,532.2474225096662,0.0,-31224.861231794912,31224.861231794912,0.0,0.0,0.0,0.0,0.0,0.0,304.0491580916745,304.0491580916745,0.0,-318864.0691872257,-318864.0691872257,32289.356076814245,32289.356076814245,32189.356076814245,0.0,100.0,0.0,0.0,32289.356076814245,31985.30691872257,1,0.0,100.0
560,58787.46285991515,0.0,-587874.6285991515,0.0,10.0,0.0,-0.0,0.1,0.257392322,25.7392322,0.0,0.0,100.0,1.0,0.11,-11.0,-716.4247296824244,716.4247296824244,0.0,-716.4247296824244,716.4247296824244,0.0,-63815.150732451824,63815.150732451824,0.0,0.0,2131.489951171875,2131.489951171875,0.0,0.0,4229.047380729655,4229.047380729655,0.0,-587885.6285991515,-587885.6285991515,65248.000191816674,65248.000191816674,65148.000191816674,0.0,100.0,0.0,0.0,65248.000191816674,58887.46285991515,1,0.0,100.0
561,50952.67753143171,0.0,-509526.77531431714,0.0,10.0,0.0,-0.0,0.1,0.254750987,25.475098699999997,0.0,0.0,100.0,1.0,0.11,-11.0,-727.6208957499119,727.6208957499119,0.0,-727.6208957499119,727.6208957499119,0.0,-61539.73765739272,61539.73765739272,0.0,0.0,3290.721328125,3290.721328125,0.0,0.0,8651.580589335828,8651.580589335828,0.0,-509537.77531431714,-509537.77531431714,62994.97944889254,62994.97944889254,62894.97944889254,0.0,100.0,0.0,0.0,62994.97944889254,51052.67753143171,1,0.0,100.0
562,44146.48386899897,0.0,-441464.8386899897,0.0,10.0,0.0,-0.0,0.1,0.257530943,25.7530943,0.0,0.0,100.0,1.0,0.11,-11.0,-777.428730328617,777.428730328617,0.0,-777.428730328617,777.428730328617,0.0,-58552.4135232984,58552.4135232984,0.0,0.0,3477.694130859375,3477.694130859375,0.0,0.0,12383.09298409729,12383.09298409729,0.0,-441475.8386899897,-441475.8386899897,60107.270983955634,60107.270983955634,60007.270983955634,0.0,100.0,0.0,0.0,60107.270983955634,44246.48386899897,1,0.0,100.0
563,41028.35678323524,0.0,-410283.5678323524,0.0,10.0,0.0,-0.0,0.1,0.2599089189999999,25.99089189999999,0.0,0.0,100.0,1.0,0.11,-11.0,-825.216362271964,825.216362271964,0.0,-825.216362271964,825.216362271964,0.0,-58514.071356161934,58514.071356161934,0.0,0.0,5160.44935546875,5160.44935546875,0.0,0.0,13875.697942001872,13875.697942001872,0.0,-410294.5678323524,-410294.5678323524,60164.50408070587,60164.50408070586,60064.50408070587,0.0,100.0,0.0,0.0,60164.50408070586,41128.35678323524,1,0.0,100.0
564,37215.990693710264,0.0,-372159.90693710267,0.0,10.0,0.0,-0.0,0.1,0.298748867,29.874886699999998,0.0,0.0,100.0,1.0,0.11,-11.0,-841.8506172007341,841.8506172007341,0.0,-841.8506172007341,841.8506172007341,0.0,-55453.81738658458,55453.81738658458,0.0,0.0,4038.6125390625,4038.6125390625,0.0,0.0,15782.915388213283,15782.915388213283,0.0,-372170.90693710267,-372170.90693710267,57137.51862098605,57137.51862098605,57037.51862098605,0.0,100.0,0.0,0.0,57137.51862098605,37315.990693710264,1,0.0,100.0
565,42204.873811588484,0.0,-422048.73811588483,0.0,10.0,0.0,-0.0,0.1,0.295692258,29.569225799999998,0.0,0.0,100.0,1.0,0.11,-11.0,-840.9324956176813,840.9324956176813,0.0,-840.9324956176813,840.9324956176813,0.0,-58426.7875906426,58426.7875906426,0.0,0.0,3402.905009765625,3402.905009765625,0.0,0.0,14400.873760523857,14400.873760523857,0.0,-422059.73811588483,-422059.73811588483,60108.65258187796,60108.65258187796,60008.65258187796,0.0,100.0,0.0,0.0,60108.65258187796,42304.87381158848,1,0.0,100.0
566,46163.55634303935,0.0,-461635.5634303935,0.0,10.0,0.0,-0.0,0.1,0.3068435,30.68435,0.0,0.0,100.0,1.0,0.08,-8.0,-859.9418618378504,859.9418618378504,0.0,-859.9418618378504,859.9418618378504,0.0,-58409.490355611386,58409.490355611386,0.0,0.0,2505.435556640625,2505.435556640625,0.0,0.0,11360.382179607112,11360.382179607112,0.0,-461643.5634303935,-461643.5634303935,60129.37407928709,60129.37407928709,60029.37407928709,0.0,100.0,0.0,0.0,60129.37407928709,46263.55634303935,1,0.0,100.0
567,50193.061482168894,0.0,-501930.61482168897,0.0,10.0,0.0,-0.0,0.1,0.31672089,31.672088999999996,0.0,0.0,100.0,1.0,0.08,-8.0,-878.020728840186,878.020728840186,0.0,-878.020728840186,878.020728840186,0.0,-58390.08760560076,58390.08760560076,0.0,0.0,1533.176982421875,1533.176982421875,0.0,0.0,8319.890598690366,8319.890598690366,0.0,-501938.61482168897,-501938.61482168897,60146.129063281136,60146.129063281136,60046.129063281136,0.0,100.0,0.0,0.0,60146.129063281136,50293.061482168894,1,0.0,100.0
568,59882.454107803096,0.0,-598824.541078031,0.0,10.0,0.0,-0.0,0.1,0.319935365,31.9935365,0.0,0.0,100.0,1.0,0.08,-8.0,-839.7891723800128,839.7891723800128,0.0,-839.7891723800128,839.7891723800128,0.0,-62364.42617758426,62364.42617758426,0.0,0.0,523.5238476562499,523.5238476562499,0.0,0.0,3538.02656688494,3538.02656688494,0.0,-598832.541078031,-598832.541078031,64044.00452234429,64044.00452234429,63944.00452234429,0.0,100.0,0.0,0.0,64044.00452234429,59982.454107803096,1,0.0,100.0
569,58735.6991610378,0.0,-587356.991610378,0.0,10.0,0.0,-0.0,0.1,0.301955247,30.1955247,0.0,0.0,100.0,1.0,0.11,-11.0,-619.3471911494266,619.3471911494266,0.0,-619.3471911494266,619.3471911494266,0.0,-57597.00477873895,57597.00477873895,0.0,0.0,0.0,0.0,0.0,0.0,0.0,0.0,0.0,-587367.991610378,-587367.991610378,58835.6991610378,58835.6991610378,58735.6991610378,0.0,100.0,0.0,0.0,58835.6991610378,58835.6991610378,1,0.0,100.0
570,46679.39661859233,0.0,-466793.96618592326,0.0,10.0,0.0,-0.0,0.1,0.279056109,27.9056109,0.0,0.0,100.0,1.0,0.11,-11.0,-618.4054390038067,618.4054390038067,0.0,-618.4054390038067,618.4054390038067,0.0,-45542.58574058471,45542.58574058471,0.0,0.0,0.0,0.0,0.0,0.0,0.0,0.0,0.0,-466804.96618592326,-466804.96618592326,46779.39661859233,46779.39661859233,46679.39661859233,0.0,100.0,0.0,0.0,46779.39661859233,46779.39661859233,1,0.0,100.0
571,45164.305695921736,0.0,-451643.05695921736,0.0,10.0,0.0,-0.0,0.1,0.264295791,26.4295791,0.0,0.0,100.0,1.0,0.11,-11.0,-598.1573498736146,598.1573498736146,0.0,-598.1573498736146,598.1573498736146,0.0,-44067.99099617451,44067.99099617451,0.0,0.0,0.0,0.0,0.0,0.0,0.0,0.0,0.0,-451654.05695921736,-451654.05695921736,45264.305695921736,45264.305695921736,45164.305695921736,0.0,100.0,0.0,0.0,45264.305695921736,45264.305695921736,1,0.0,100.0
572,36110.308124403484,0.0,-361103.0812440348,0.0,10.0,0.0,-0.0,0.1,0.264282913,26.4282913,0.0,0.0,100.0,1.0,0.11,-11.0,-586.7751544241147,586.7751544241147,0.0,-586.7751544241147,586.7751544241147,0.0,-35036.757815555255,35036.757815555255,0.0,0.0,0.0,0.0,0.0,0.0,0.0,0.0,0.0,-361114.0812440348,-361114.0812440348,36210.308124403484,36210.308124403484,36110.308124403484,0.0,100.0,0.0,0.0,36210.308124403484,36210.308124403484,1,0.0,100.0
573,33939.412123095506,0.0,-339394.12123095506,0.0,10.0,0.0,-0.0,0.1,0.269292256,26.929225600000002,0.0,0.0,100.0,1.0,0.11,-11.0,-232.689895871369,232.689895871369,0.0,-232.689895871369,232.689895871369,0.0,-33574.03233135277,33574.03233135277,0.0,0.0,0.0,0.0,0.0,0.0,0.0,0.0,0.0,-339405.12123095506,-339405.12123095506,34039.412123095506,34039.412123095506,33939.412123095506,0.0,100.0,0.0,0.0,34039.412123095506,34039.412123095506,1,0.0,100.0
574,21487.59284554676,0.0,-214875.92845546757,0.0,10.0,0.0,-0.0,0.1,0.283339507,28.3339507,0.0,0.0,100.0,1.0,0.11,-11.0,-232.788374638328,232.788374638328,0.0,-232.788374638328,232.788374638328,0.0,-21122.0160962701,21122.0160962701,0.0,0.0,0.0,0.0,0.0,0.0,0.0,0.0,0.0,-214886.92845546757,-214886.92845546757,21587.59284554676,21587.59284554676,21487.59284554676,0.0,100.0,0.0,0.0,21587.59284554676,21587.59284554676,1,0.0,100.0
575,18602.60215834873,0.0,-186026.0215834873,0.0,10.0,0.0,-0.0,0.1,0.289320927,28.932092700000002,0.0,0.0,100.0,1.0,0.11,-11.0,-235.7413226000064,235.7413226000064,0.0,-235.7413226000064,235.7413226000064,0.0,-18231.11951314872,18231.11951314872,0.0,0.0,0.0,0.0,0.0,0.0,0.0,0.0,0.0,-186037.0215834873,-186037.0215834873,18702.60215834873,18702.60215834873,18602.60215834873,0.0,100.0,0.0,0.0,18702.60215834873,18702.60215834873,1,0.0,100.0
576,17881.19361515897,0.0,-178811.93615158967,0.0,10.0,0.0,-0.0,0.1,0.284413381,28.441338100000003,0.0,0.0,100.0,1.0,0.08,-8.0,-232.63491376661585,232.63491376661585,0.0,-232.63491376661585,232.63491376661585,0.0,-17515.923787625736,17515.923787625736,0.0,0.0,0.0,0.0,0.0,0.0,0.0,0.0,0.0,-178819.93615158967,-178819.93615158967,17981.19361515897,17981.19361515897,17881.19361515897,0.0,100.0,0.0,0.0,17981.19361515897,17981.19361515897,1,0.0,100.0
577,17997.313470433557,0.0,-179973.13470433556,0.0,10.0,0.0,-0.0,0.1,0.280739742,28.073974200000002,0.0,0.0,100.0,1.0,0.08,-8.0,-232.41185411814337,232.41185411814337,0.0,-232.41185411814337,232.41185411814337,0.0,-17632.48976219727,17632.48976219727,0.0,0.0,0.0,0.0,0.0,0.0,0.0,0.0,0.0,-179981.13470433556,-179981.13470433556,18097.313470433557,18097.313470433557,17997.313470433557,0.0,100.0,0.0,0.0,18097.313470433557,18097.313470433557,1,0.0,100.0
578,19041.154678815725,0.0,-190411.54678815725,0.0,10.0,0.0,-0.0,0.1,0.279869568,27.9869568,0.0,0.0,100.0,1.0,0.08,-8.0,-232.2456626762529,232.2456626762529,0.0,-232.2456626762529,232.2456626762529,0.0,-18676.66335346322,18676.66335346322,0.0,0.0,0.0,0.0,0.0,0.0,0.0,0.0,0.0,-190419.54678815725,-190419.54678815725,19141.154678815725,19141.154678815725,19041.154678815725,0.0,100.0,0.0,0.0,19141.154678815725,19141.154678815725,1,0.0,100.0
579,18787.36549084402,0.0,-187873.6549084402,0.0,10.0,0.0,-0.0,0.1,0.277320018,27.7320018,0.0,0.0,100.0,1.0,0.08,-8.0,-232.12413339929563,232.12413339929563,0.0,-232.12413339929563,232.12413339929563,0.0,-18423.11722404543,18423.11722404543,0.0,0.0,0.0,0.0,0.0,0.0,0.0,0.0,0.0,-187881.6549084402,-187881.6549084402,18887.36549084402,18887.36549084402,18787.36549084402,0.0,100.0,0.0,0.0,18887.36549084402,18887.36549084402,1,0.0,100.0
580,19784.238358238414,0.0,-197842.38358238415,0.0,10.0,0.0,-0.0,0.1,0.280584848,28.0584848,0.0,0.0,100.0,1.0,0.08,-8.0,-232.938527708277,232.938527708277,0.0,-232.938527708277,232.938527708277,0.0,-19418.36130282186,19418.36130282186,0.0,0.0,0.0,0.0,0.0,0.0,0.0,0.0,0.0,-197850.38358238415,-197850.38358238415,19884.238358238414,19884.238358238414,19784.238358238414,0.0,100.0,0.0,0.0,19884.238358238414,19884.238358238414,1,0.0,100.0
581,22515.471929198247,0.0,-225154.71929198247,0.0,10.0,0.0,-0.0,0.1,0.287520962,28.7520962,0.0,0.0,100.0,1.0,0.11,-11.0,-232.8209217674797,232.8209217674797,0.0,-232.8209217674797,232.8209217674797,0.0,-22149.83008566329,22149.83008566329,0.0,0.0,0.0,0.0,0.0,0.0,0.0,0.0,0.0,-225165.71929198247,-225165.71929198247,22615.471929198247,22615.471929198247,22515.471929198247,0.0,100.0,0.0,0.0,22615.471929198247,22615.471929198247,1,0.0,100.0
582,26360.20441918641,0.0,-263602.0441918641,0.0,10.0,0.0,-0.0,0.1,0.2655618819999999,26.55618819999999,0.0,0.0,100.0,1.0,0.11,-11.0,-271.8678177842419,271.8678177842419,0.0,-271.8678177842419,271.8678177842419,0.0,-25916.46878361793,25916.46878361793,0.0,0.0,0.0,0.0,0.0,0.0,0.0,0.0,0.0,-263613.0441918641,-263613.0441918641,26460.20441918641,26460.20441918641,26360.20441918641,0.0,100.0,0.0,0.0,26460.20441918641,26460.20441918641,1,0.0,100.0
583,31588.598434683772,0.0,-315885.98434683774,0.0,10.0,0.0,-0.0,0.1,0.271837926,27.1837926,0.0,0.0,100.0,1.0,0.11,-11.0,-512.5461903554492,512.5461903554492,0.0,-512.5461903554492,512.5461903554492,0.0,-30939.91437951076,30939.91437951076,0.0,0.0,0.0,0.0,0.0,0.0,276.4083255378859,276.4083255378859,0.0,-315896.98434683774,-315896.98434683774,31965.00676022166,31965.00676022166,31865.00676022166,0.0,100.0,0.0,0.0,31965.00676022166,31688.598434683772,1,0.0,100.0
584,59692.55324373837,0.0,-596925.5324373838,0.0,10.0,0.0,-0.0,0.1,0.284487442,28.448744199999997,0.0,0.0,100.0,1.0,0.11,-11.0,-695.826533240222,695.826533240222,0.0,-695.826533240222,695.826533240222,0.0,-63494.82026596159,63494.82026596159,0.0,0.0,2468.04099609375,2468.04099609375,0.0,0.0,2625.8790926099164,2625.8790926099164,0.0,-596936.5324373838,-596936.5324373838,64886.47333244204,64886.47333244204,64786.47333244204,0.0,100.0,0.0,0.0,64886.47333244204,59792.55324373837,1,0.0,100.0
585,54178.43979134664,0.0,-541784.3979134664,0.0,10.0,0.0,-0.0,0.1,0.289462864,28.946286399999998,0.0,0.0,100.0,1.0,0.11,-11.0,-695.9891454527352,695.9891454527352,0.0,-695.9891454527352,695.9891454527352,0.0,-61238.66426932016,61238.66426932016,0.0,0.0,4150.796220703125,4150.796220703125,0.0,0.0,4201.406548175866,4201.406548175866,0.0,-541795.3979134664,-541795.3979134664,62630.64256022563,62630.64256022563,62530.64256022563,0.0,100.0,0.0,0.0,62630.64256022563,54278.43979134664,1,0.0,100.0
586,42404.49023719492,0.0,-424044.9023719492,0.0,10.0,0.0,-0.0,0.1,0.301668273,30.166827299999998,0.0,0.0,100.0,1.0,0.11,-11.0,-711.3110505867496,711.3110505867496,0.0,-711.3110505867496,711.3110505867496,0.0,-58264.39606208222,58264.39606208222,0.0,0.0,6319.680732421874,6319.680732421874,0.0,0.0,10862.847193638916,10862.847193638916,0.0,-424055.9023719492,-424055.9023719492,59687.01816325571,59687.018163255714,59587.01816325571,0.0,100.0,0.0,0.0,59687.018163255714,42504.49023719493,1,0.0,100.0
587,48303.69325384087,0.0,-483036.9325384087,0.0,10.0,0.0,-0.0,0.1,0.306235563,30.623556299999997,0.0,0.0,100.0,1.0,0.11,-11.0,-715.211650761328,715.211650761328,0.0,-715.211650761328,715.211650761328,0.0,-58252.09703016734,58252.09703016734,0.0,0.0,5197.843916015625,5197.843916015625,0.0,0.0,6080.98316183349,6080.98316183349,0.0,-483047.9325384087,-483047.9325384087,59682.520331689986,59682.52033168999,59582.520331689986,0.0,100.0,0.0,0.0,59682.52033168999,48403.69325384088,1,0.0,100.0
588,46050.81501281187,0.0,-460508.1501281187,0.0,10.0,0.0,-0.0,0.1,0.293450681,29.3450681,0.0,0.0,100.0,1.0,0.11,-11.0,-714.784360850287,714.784360850287,0.0,-714.784360850287,714.784360850287,0.0,-55227.813647760326,55227.813647760326,0.0,0.0,4038.6125390625,4038.6125390625,0.0,0.0,6467.95481758653,6467.95481758653,0.0,-460519.1501281187,-460519.1501281187,56657.3823694609,56657.3823694609,56557.3823694609,0.0,100.0,0.0,0.0,56657.3823694609,46150.81501281187,1,0.0,100.0
589,41970.958456390865,0.0,-419709.58456390863,0.0,10.0,0.0,-0.0,0.1,0.271923879,27.192387899999996,0.0,0.0,100.0,1.0,0.11,-11.0,-712.0053822567777,712.0053822567777,0.0,-712.0053822567777,712.0053822567777,0.0,-58229.59980173648,58229.59980173648,0.0,0.0,3402.905009765625,3402.905009765625,0.0,0.0,14179.747100093547,14179.747100093547,0.0,-419720.58456390863,-419720.58456390863,59653.610566250034,59653.610566250034,59553.610566250034,0.0,100.0,0.0,0.0,59653.610566250034,42070.95845639086,1,0.0,100.0
590,54508.83950658121,0.0,-545088.395065812,0.0,10.0,0.0,-0.0,0.1,0.301334236,30.133423599999997,0.0,0.0,100.0,1.0,0.08,-8.0,-740.9220530502004,740.9220530502004,0.0,-740.9220530502004,740.9220530502004,0.0,-58224.15619203542,58224.15619203542,0.0,0.0,2692.408359375,2692.408359375,0.0,0.0,2404.7524321796072,2404.7524321796072,0.0,-545096.395065812,-545096.395065812,59706.00029813581,59706.00029813582,59606.00029813581,0.0,100.0,0.0,0.0,59706.00029813582,54608.839506581215,1,0.0,100.0
591,49305.3434031566,0.0,-493053.434031566,0.0,10.0,0.0,-0.0,0.1,0.293163191,29.316319099999998,0.0,0.0,100.0,1.0,0.08,-8.0,-747.5546510330664,747.5546510330664,0.0,-747.5546510330664,747.5546510330664,0.0,-58223.41048818376,58223.41048818376,0.0,0.0,2131.489951171875,2131.489951171875,0.0,0.0,8181.686435921423,8181.686435921423,0.0,-493061.434031566,-493061.434031566,59718.5197902499,59718.5197902499,59618.5197902499,0.0,100.0,0.0,0.0,59718.5197902499,49405.3434031566,1,0.0,100.0
592,59751.21914852741,0.0,-597512.1914852741,0.0,10.0,0.0,-0.0,0.1,0.29353123,29.353122999999997,0.0,0.0,100.0,1.0,0.08,-8.0,-724.3948942444189,724.3948942444189,0.0,-724.3948942444189,724.3948942444189,0.0,-62213.56031072993,62213.56031072993,0.0,0.0,1047.0476953125,1047.0476953125,0.0,0.0,2764.083255378859,2764.083255378859,0.0,-597520.1914852741,-597520.1914852741,63662.35009921877,63662.35009921877,63562.35009921877,0.0,100.0,0.0,0.0,63662.35009921877,59851.21914852741,1,0.0,100.0
593,58421.83862844239,0.0,-584218.3862844239,0.0,10.0,0.0,-0.0,0.1,0.291580692,29.158069199999996,0.0,0.0,100.0,1.0,0.11,-11.0,-530.9212042575783,530.9212042575783,0.0,-530.9212042575783,530.9212042575783,0.0,-57459.996219927234,57459.996219927234,0.0,0.0,0.0,0.0,0.0,0.0,0.0,0.0,0.0,-584229.3862844239,-584229.3862844239,58521.83862844239,58521.83862844239,58421.83862844239,0.0,100.0,0.0,0.0,58521.83862844239,58521.83862844239,1,0.0,100.0
594,46389.40435672766,0.0,-463894.0435672766,0.0,10.0,0.0,-0.0,0.1,0.292588001,29.2588001,0.0,0.0,100.0,1.0,0.11,-11.0,-539.4764147863673,539.4764147863673,0.0,-539.4764147863673,539.4764147863673,0.0,-45410.451527154924,45410.451527154924,0.0,0.0,0.0,0.0,0.0,0.0,0.0,0.0,0.0,-463905.0435672766,-463905.0435672766,46489.40435672766,46489.40435672766,46389.40435672766,0.0,100.0,0.0,0.0,46489.40435672766,46489.40435672766,1,0.0,100.0
595,44906.79614436781,0.0,-449067.96144367807,0.0,10.0,0.0,-0.0,0.1,0.291053721,29.1053721,0.0,0.0,100.0,1.0,0.11,-11.0,-540.2580041371607,540.2580041371607,0.0,-540.2580041371607,540.2580041371607,0.0,-43926.28013609348,43926.28013609348,0.0,0.0,0.0,0.0,0.0,0.0,0.0,0.0,0.0,-449078.96144367807,-449078.96144367807,45006.79614436781,45006.79614436781,44906.79614436781,0.0,100.0,0.0,0.0,45006.79614436781,45006.79614436781,1,0.0,100.0
596,35868.14000743489,0.0,-358681.4000743489,0.0,10.0,0.0,-0.0,0.1,0.301496836,30.1496836,0.0,0.0,100.0,1.0,0.11,-11.0,-540.4592417502382,540.4592417502382,0.0,-540.4592417502382,540.4592417502382,0.0,-34887.221523934415,34887.221523934415,0.0,0.0,0.0,0.0,0.0,0.0,0.0,0.0,0.0,-358692.4000743489,-358692.4000743489,35968.14000743489,35968.14000743489,35868.14000743489,0.0,100.0,0.0,0.0,35968.14000743489,35968.14000743489,1,0.0,100.0
597,33774.36410335033,0.0,-337743.6410335033,0.0,10.0,0.0,-0.0,0.1,0.302136529,30.2136529,0.0,0.0,100.0,1.0,0.11,-11.0,-232.56204430174955,232.56204430174955,0.0,-232.56204430174955,232.56204430174955,0.0,-33409.24001474683,33409.24001474683,0.0,0.0,0.0,0.0,0.0,0.0,0.0,0.0,0.0,-337754.6410335033,-337754.6410335033,33874.36410335033,33874.36410335033,33774.36410335033,0.0,100.0,0.0,0.0,33874.36410335033,33874.36410335033,1,0.0,100.0
598,21486.06534080906,0.0,-214860.65340809058,0.0,10.0,0.0,-0.0,0.1,0.304375421,30.437542099999998,0.0,0.0,100.0,1.0,0.11,-11.0,-232.0245980855993,232.0245980855993,0.0,-232.0245980855993,232.0245980855993,0.0,-21122.01614463786,21122.01614463786,0.0,0.0,0.0,0.0,0.0,0.0,0.0,0.0,0.0,-214871.65340809058,-214871.65340809058,21586.06534080906,21586.06534080906,21486.06534080906,0.0,100.0,0.0,0.0,21586.06534080906,21586.06534080906,1,0.0,100.0
599,18507.860391815782,0.0,-185078.6039181578,0.0,10.0,0.0,-0.0,0.1,0.292959087,29.295908700000002,0.0,0.0,100.0,1.0,0.11,-11.0,-235.211317190929,235.211317190929,0.0,-235.211317190929,235.211317190929,0.0,-18137.437757433923,18137.437757433923,0.0,0.0,0.0,0.0,0.0,0.0,0.0,0.0,0.0,-185089.6039181578,-185089.6039181578,18607.860391815782,18607.860391815782,18507.860391815782,0.0,100.0,0.0,0.0,18607.860391815782,18607.860391815782,1,0.0,100.0
600,17762.627040657655,0.0,-177626.27040657654,0.0,10.0,0.0,-0.0,0.1,0.294149687,29.4149687,0.0,0.0,100.0,1.0,0.08,-8.0,-232.069799674735,232.069799674735,0.0,-232.069799674735,232.069799674735,0.0,-17398.487441308185,17398.487441308185,0.0,0.0,0.0,0.0,0.0,0.0,0.0,0.0,0.0,-177634.27040657654,-177634.27040657654,17862.627040657655,17862.627040657655,17762.627040657655,0.0,100.0,0.0,0.0,17862.627040657655,17862.627040657655,1,0.0,100.0
601,17762.530609543293,0.0,-177625.30609543293,0.0,10.0,0.0,-0.0,0.1,0.305421038,30.5421038,0.0,0.0,100.0,1.0,0.08,-8.0,-232.0215780715855,232.0215780715855,0.0,-232.0215780715855,232.0215780715855,0.0,-17398.48745340012,17398.48745340012,0.0,0.0,0.0,0.0,0.0,0.0,0.0,0.0,0.0,-177633.30609543293,-177633.30609543293,17862.530609543293,17862.530609543293,17762.530609543293,0.0,100.0,0.0,0.0,17862.530609543293,17862.530609543293,1,0.0,100.0
602,17762.498250828005,0.0,-177624.98250828005,0.0,10.0,0.0,-0.0,0.1,0.301286762,30.128676199999997,0.0,0.0,100.0,1.0,0.08,-8.0,-232.00540475990985,232.00540475990985,0.0,-232.00540475990985,232.00540475990985,0.0,-17398.487441308185,17398.487441308185,0.0,0.0,0.0,0.0,0.0,0.0,0.0,0.0,0.0,-177632.98250828005,-177632.98250828005,17862.498250828005,17862.498250828005,17762.498250828005,0.0,100.0,0.0,0.0,17862.498250828005,17862.498250828005,1,0.0,100.0
603,17785.8116713489,0.0,-177858.116713489,0.0,10.0,0.0,-0.0,0.1,0.308932696,30.8932696,0.0,0.0,100.0,1.0,0.08,-8.0,-231.9848717860129,231.9848717860129,0.0,-231.9848717860129,231.9848717860129,0.0,-17421.841927776873,17421.841927776873,0.0,0.0,0.0,0.0,0.0,0.0,0.0,0.0,0.0,-177866.116713489,-177866.116713489,17885.8116713489,17885.8116713489,17785.8116713489,0.0,100.0,0.0,0.0,17885.8116713489,17885.8116713489,1,0.0,100.0
604,18596.46984190804,0.0,-185964.6984190804,0.0,10.0,0.0,-0.0,0.1,0.318040703,31.8040703,0.0,0.0,100.0,1.0,0.08,-8.0,-232.8303493058576,232.8303493058576,0.0,-232.8303493058576,232.8303493058576,0.0,-18230.809143296327,18230.809143296327,0.0,0.0,0.0,0.0,0.0,0.0,0.0,0.0,0.0,-185972.6984190804,-185972.6984190804,18696.46984190804,18696.46984190804,18596.46984190804,0.0,100.0,0.0,0.0,18696.46984190804,18696.46984190804,1,0.0,100.0
605,21580.969088227765,0.0,-215809.69088227765,0.0,10.0,0.0,-0.0,0.1,0.316137929,31.6137929,0.0,0.0,100.0,1.0,0.11,-11.0,-232.7369757797628,232.7369757797628,0.0,-232.7369757797628,232.7369757797628,0.0,-21215.49513666824,21215.49513666824,0.0,0.0,0.0,0.0,0.0,0.0,0.0,0.0,0.0,-215820.69088227765,-215820.69088227765,21680.969088227765,21680.969088227765,21580.969088227765,0.0,100.0,0.0,0.0,21680.969088227765,21680.969088227765,1,0.0,100.0
606,26308.34819858044,0.0,-263083.4819858044,0.0,10.0,0.0,-0.0,0.1,0.322186937,32.2186937,0.0,0.0,100.0,1.0,0.11,-11.0,-272.2542553497657,272.2542553497657,0.0,-272.2542553497657,272.2542553497657,0.0,-25863.839687880907,25863.839687880907,0.0,0.0,0.0,0.0,0.0,0.0,0.0,0.0,0.0,-263094.4819858044,-263094.4819858044,26408.34819858044,26408.34819858044,26308.34819858044,0.0,100.0,0.0,0.0,26408.34819858044,26408.34819858044,1,0.0,100.0
607,30904.25893210989,0.0,-309042.5893210989,0.0,10.0,0.0,-0.0,0.1,0.321154756,32.115475599999996,0.0,0.0,100.0,1.0,0.11,-11.0,-512.7001752117478,512.7001752117478,0.0,-512.7001752117478,512.7001752117478,0.0,-30255.26690722428,30255.26690722428,0.0,0.0,0.0,0.0,0.0,0.0,276.4083255378859,276.4083255378859,0.0,-309053.5893210989,-309053.5893210989,31280.667257647776,31280.667257647776,31180.667257647776,0.0,100.0,0.0,0.0,31280.667257647776,31004.25893210989,1,0.0,100.0
608,56649.58532059702,0.0,-566495.8532059703,0.0,10.0,0.0,-0.0,0.1,0.322769672,32.2769672,0.0,0.0,100.0,1.0,0.11,-11.0,-695.4728359036556,695.4728359036556,0.0,-695.4728359036556,695.4728359036556,0.0,-63380.64630068766,63380.64630068766,0.0,0.0,6805.81001953125,6805.81001953125,0.0,0.0,1216.196632366698,1216.196632366698,0.0,-566506.8532059703,-566506.8532059703,64771.59197249496,64771.59197249497,64671.59197249496,0.0,100.0,0.0,0.0,64771.59197249497,56749.58532059702,1,0.0,100.0
609,47573.093864423536,0.0,-475730.9386442354,0.0,10.0,0.0,-0.0,0.1,0.32371594,32.371593999999995,0.0,0.0,100.0,1.0,0.11,-11.0,-693.6184932396225,693.6184932396225,0.0,-693.6184932396225,693.6184932396225,0.0,-61159.23310592824,61159.23310592824,0.0,0.0,12938.517949218747,12938.517949218747,0.0,0.0,1934.8582787652008,1934.8582787652008,0.0,-475741.9386442354,-475741.9386442354,62546.470092407486,62546.47009240748,62446.470092407486,0.0,100.0,0.0,0.0,62546.47009240748,47673.09386442353,1,0.0,100.0
610,36970.21559310914,0.0,-369702.1559310914,0.0,10.0,0.0,-0.0,0.1,0.319807298,31.980729800000002,0.0,0.0,100.0,1.0,0.11,-11.0,-712.3576741280199,712.3576741280199,0.0,-712.3576741280199,712.3576741280199,0.0,-58201.18623528297,58201.18623528297,0.0,0.0,17276.28697265625,17276.28697265625,0.0,0.0,5279.399017773621,5279.399017773621,0.0,-369713.1559310914,-369713.1559310914,59625.90158353901,59625.90158353901,59525.90158353901,0.0,100.0,0.0,0.0,59625.90158353901,37070.21559310914,1,0.0,100.0
611,34717.503849346016,0.0,-347175.03849346016,0.0,10.0,0.0,-0.0,0.1,0.31219,31.219,0.0,0.0,100.0,1.0,0.11,-11.0,-735.3289596484883,735.3289596484883,0.0,-735.3289596484883,735.3289596484883,0.0,-58198.24651554805,58198.24651554805,0.0,0.0,19295.5932421875,19295.5932421875,0.0,0.0,5555.807343311507,5555.807343311507,0.0,-347186.03849346016,-347186.03849346016,59668.904434845026,59668.904434845026,59568.904434845026,0.0,100.0,0.0,0.0,59668.904434845026,34817.503849346016,1,0.0,100.0
612,39923.10403216031,0.0,-399231.04032160307,0.0,10.0,0.0,-0.0,0.1,0.302700122,30.2700122,0.0,0.0,100.0,1.0,0.11,-11.0,-764.485026082892,764.485026082892,0.0,-764.485026082892,764.485026082892,0.0,-55185.48184802795,55185.48184802795,0.0,0.0,9311.245576171874,9311.245576171874,0.0,0.0,7380.102291861554,7380.102291861554,0.0,-399242.04032160307,-399242.04032160307,56714.45190019373,56714.45190019374,56614.45190019373,0.0,100.0,0.0,0.0,56714.45190019374,40023.10403216031,1,0.0,100.0
613,29619.976391230706,0.0,-296199.76391230704,0.0,10.0,0.0,-0.0,0.1,0.297001281,29.7001281,0.0,0.0,100.0,1.0,0.11,-11.0,-787.5641336811981,787.5641336811981,0.0,-787.5641336811981,787.5641336811981,0.0,-58196.12402953183,58196.12402953183,0.0,0.0,16341.422958984374,16341.422958984374,0.0,0.0,13709.85294667914,13709.85294667914,0.0,-296210.76391230704,-296210.76391230704,59771.25229689422,59771.25229689422,59671.25229689422,0.0,100.0,0.0,0.0,59771.25229689422,29719.976391230706,1,0.0,100.0
614,43359.3257550705,0.0,-433593.257550705,0.0,10.0,0.0,-0.0,0.1,0.303284764,30.3284764,0.0,0.0,100.0,1.0,0.08,-8.0,-825.1814800368634,825.1814800368634,0.0,-825.1814800368634,825.1814800368634,0.0,-58194.862489594896,58194.862489594896,0.0,0.0,4749.109189453125,4749.109189453125,0.0,0.0,11636.790505144996,11636.790505144996,0.0,-433601.257550705,-433601.257550705,59845.22544966862,59845.22544966862,59745.22544966862,0.0,100.0,0.0,0.0,59845.22544966862,43459.3257550705,1,0.0,100.0
615,45311.78630828469,0.0,-453117.86308284686,0.0,10.0,0.0,-0.0,0.1,0.326925457,32.6925457,0.0,0.0,100.0,1.0,0.08,-8.0,-829.1733693475214,829.1733693475214,0.0,-829.1733693475214,829.1733693475214,0.0,-58194.66401854895,58194.66401854895,0.0,0.0,5983.1296875,5983.1296875,0.0,0.0,8458.09476145931,8458.09476145931,0.0,-453125.86308284686,-453125.86308284686,59853.010757244,59853.010757243996,59753.010757244,0.0,100.0,0.0,0.0,59853.010757243996,45411.78630828469,1,0.0,100.0
616,58289.1685250728,0.0,-582891.6852507279,0.0,10.0,0.0,-0.0,0.1,0.32894754,32.894754,0.0,0.0,100.0,1.0,0.08,-8.0,-765.4907488677078,765.4907488677078,0.0,-765.4907488677078,765.4907488677078,0.0,-62184.63947533017,62184.63947533017,0.0,0.0,1981.9117089843749,1981.9117089843749,0.0,0.0,3344.54073900842,3344.54073900842,0.0,-582899.6852507279,-582899.6852507279,63715.62097306559,63715.62097306559,63615.62097306559,0.0,100.0,0.0,0.0,63715.62097306559,58389.1685250728,1,0.0,100.0
617,58442.23489842669,0.0,-584422.3489842669,0.0,10.0,0.0,-0.0,0.1,0.310927996,31.0927996,0.0,0.0,100.0,1.0,0.11,-11.0,-556.2869177446969,556.2869177446969,0.0,-556.2869177446969,556.2869177446969,0.0,-57429.661062937295,57429.661062937295,0.0,0.0,0.0,0.0,0.0,0.0,0.0,0.0,0.0,-584433.3489842669,-584433.3489842669,58542.23489842669,58542.23489842669,58442.23489842669,0.0,100.0,0.0,0.0,58542.23489842669,58542.23489842669,1,0.0,100.0
618,46381.242271799325,0.0,-463812.42271799326,0.0,10.0,0.0,-0.0,0.1,0.294706781,29.470678099999997,0.0,0.0,100.0,1.0,0.11,-11.0,-551.1234122044757,551.1234122044757,0.0,-551.1234122044757,551.1234122044757,0.0,-45378.99544739037,45378.99544739037,0.0,0.0,0.0,0.0,0.0,0.0,0.0,0.0,0.0,-463823.42271799326,-463823.42271799326,46481.242271799325,46481.242271799325,46381.242271799325,0.0,100.0,0.0,0.0,46481.242271799325,46481.242271799325,1,0.0,100.0
619,44882.33514247932,0.0,-448823.35142479325,0.0,10.0,0.0,-0.0,0.1,0.261604976,26.1604976,0.0,0.0,100.0,1.0,0.11,-11.0,-540.2602259355749,540.2602259355749,0.0,-540.2602259355749,540.2602259355749,0.0,-43901.814690608175,43901.814690608175,0.0,0.0,0.0,0.0,0.0,0.0,0.0,0.0,0.0,-448834.35142479325,-448834.35142479325,44982.33514247932,44982.33514247932,44882.33514247932,0.0,100.0,0.0,0.0,44982.33514247932,44982.33514247932,1,0.0,100.0
620,35846.27324163337,0.0,-358462.7324163337,0.0,10.0,0.0,-0.0,0.1,0.2460483889999999,24.60483889999999,0.0,0.0,100.0,1.0,0.11,-11.0,-540.4861075190837,540.4861075190837,0.0,-540.4861075190837,540.4861075190837,0.0,-34865.3010265952,34865.3010265952,0.0,0.0,0.0,0.0,0.0,0.0,0.0,0.0,0.0,-358473.7324163337,-358473.7324163337,35946.27324163337,35946.27324163337,35846.27324163337,0.0,100.0,0.0,0.0,35946.27324163337,35946.27324163337,1,0.0,100.0
621,33753.681118897744,0.0,-337536.81118897744,0.0,10.0,0.0,-0.0,0.1,0.238822035,23.8822035,0.0,0.0,100.0,1.0,0.11,-11.0,-232.6446441557832,232.6446441557832,0.0,-232.6446441557832,232.6446441557832,0.0,-33388.39183058618,33388.39183058618,0.0,0.0,0.0,0.0,0.0,0.0,0.0,0.0,0.0,-337547.81118897744,-337547.81118897744,33853.681118897744,33853.681118897744,33753.681118897744,0.0,100.0,0.0,0.0,33853.681118897744,33853.681118897744,1,0.0,100.0
622,21486.27189969143,0.0,-214862.7189969143,0.0,10.0,0.0,-0.0,0.1,0.257385287,25.738528700000003,0.0,0.0,100.0,1.0,0.11,-11.0,-232.1278654348464,232.1278654348464,0.0,-232.1278654348464,232.1278654348464,0.0,-21122.016168821738,21122.016168821738,0.0,0.0,0.0,0.0,0.0,0.0,0.0,0.0,0.0,-214873.7189969143,-214873.7189969143,21586.27189969143,21586.27189969143,21486.27189969143,0.0,100.0,0.0,0.0,21586.27189969143,21586.27189969143,1,0.0,100.0
623,18508.021044597244,0.0,-185080.21044597245,0.0,10.0,0.0,-0.0,0.1,0.271843402,27.1843402,0.0,0.0,100.0,1.0,0.11,-11.0,-235.29161637479697,235.29161637479697,0.0,-235.29161637479697,235.29161637479697,0.0,-18137.43781184765,18137.43781184765,0.0,0.0,0.0,0.0,0.0,0.0,0.0,0.0,0.0,-185091.21044597245,-185091.21044597245,18608.021044597244,18608.021044597244,18508.021044597244,0.0,100.0,0.0,0.0,18608.021044597244,18608.021044597244,1,0.0,100.0
624,17762.850375895163,0.0,-177628.5037589516,0.0,10.0,0.0,-0.0,0.1,0.282236791,28.2236791,0.0,0.0,100.0,1.0,0.08,-8.0,-232.18143404065367,232.18143404065367,0.0,-232.18143404065367,232.18143404065367,0.0,-17398.487507813854,17398.487507813854,0.0,0.0,0.0,0.0,0.0,0.0,0.0,0.0,0.0,-177636.5037589516,-177636.5037589516,17862.850375895163,17862.850375895163,17762.850375895163,0.0,100.0,0.0,0.0,17862.850375895163,17862.850375895163,1,0.0,100.0
625,17762.72007116352,0.0,-177627.2007116352,0.0,10.0,0.0,-0.0,0.1,0.283812143,28.381214300000003,0.0,0.0,100.0,1.0,0.08,-8.0,-232.1162907437865,232.1162907437865,0.0,-232.1162907437865,232.1162907437865,0.0,-17398.487489675947,17398.487489675947,0.0,0.0,0.0,0.0,0.0,0.0,0.0,0.0,0.0,-177635.2007116352,-177635.2007116352,17862.72007116352,17862.72007116352,17762.72007116352,0.0,100.0,0.0,0.0,17862.72007116352,17862.72007116352,1,0.0,100.0
626,17762.609023377823,0.0,-177626.09023377823,0.0,10.0,0.0,-0.0,0.1,0.283133316,28.3133316,0.0,0.0,100.0,1.0,0.08,-8.0,-232.06077289690725,232.06077289690725,0.0,-232.06077289690725,232.06077289690725,0.0,-17398.487477584007,17398.487477584007,0.0,0.0,0.0,0.0,0.0,0.0,0.0,0.0,0.0,-177634.09023377823,-177634.09023377823,17862.609023377823,17862.609023377823,17762.609023377823,0.0,100.0,0.0,0.0,17862.609023377823,17862.609023377823,1,0.0,100.0
627,17762.52172933622,0.0,-177625.2172933622,0.0,10.0,0.0,-0.0,0.1,0.286339959,28.6339959,0.0,0.0,100.0,1.0,0.08,-8.0,-232.0171198301351,232.0171198301351,0.0,-232.0171198301351,232.0171198301351,0.0,-17398.487489675947,17398.487489675947,0.0,0.0,0.0,0.0,0.0,0.0,0.0,0.0,0.0,-177633.2172933622,-177633.2172933622,17862.52172933622,17862.52172933622,17762.52172933622,0.0,100.0,0.0,0.0,17862.52172933622,17862.52172933622,1,0.0,100.0
628,18510.337154565783,0.0,-185103.37154565784,0.0,10.0,0.0,-0.0,0.1,0.290840645,29.0840645,0.0,0.0,100.0,1.0,0.08,-8.0,-236.4496441522065,236.4496441522065,0.0,-236.4496441522065,236.4496441522065,0.0,-18137.43786626137,18137.43786626137,0.0,0.0,0.0,0.0,0.0,0.0,0.0,0.0,0.0,-185111.37154565784,-185111.37154565784,18610.337154565783,18610.337154565783,18510.337154565783,0.0,100.0,0.0,0.0,18610.337154565783,18610.337154565783,1,0.0,100.0
629,21493.63339341604,0.0,-214936.3339341604,0.0,10.0,0.0,-0.0,0.1,0.292607064,29.260706399999997,0.0,0.0,100.0,1.0,0.11,-11.0,-235.76251177850844,235.76251177850844,0.0,-235.76251177850844,235.76251177850844,0.0,-21122.108369859023,21122.108369859023,0.0,0.0,0.0,0.0,0.0,0.0,0.0,0.0,0.0,-214947.3339341604,-214947.3339341604,21593.63339341604,21593.63339341604,21493.63339341604,0.0,100.0,0.0,0.0,21593.63339341604,21593.63339341604,1,0.0,100.0
630,26279.36002734104,0.0,-262793.60027341044,0.0,10.0,0.0,-0.0,0.1,0.293988447,29.398844699999998,0.0,0.0,100.0,1.0,0.11,-11.0,-273.52440683268804,273.52440683268804,0.0,-273.52440683268804,273.52440683268804,0.0,-25832.311213675664,25832.311213675664,0.0,0.0,0.0,0.0,0.0,0.0,0.0,0.0,0.0,-262804.60027341044,-262804.60027341044,26379.36002734104,26379.36002734104,26279.36002734104,0.0,100.0,0.0,0.0,26379.36002734104,26379.36002734104,1,0.0,100.0
631,30770.046703296448,0.0,-307700.46703296446,0.0,10.0,0.0,-0.0,0.1,0.300698962,30.069896200000002,0.0,0.0,100.0,1.0,0.11,-11.0,-511.5614089621259,511.5614089621259,0.0,-511.5614089621259,511.5614089621259,0.0,-30233.895541125235,30233.895541125235,0.0,0.0,0.0,0.0,0.0,0.0,386.9716557530403,386.9716557530403,0.0,-307711.46703296446,-307711.46703296446,31257.01835904949,31257.01835904949,31157.01835904949,0.0,100.0,0.0,0.0,31257.01835904949,30870.046703296448,1,0.0,100.0
632,53416.67432873721,0.0,-534166.743287372,0.0,10.0,0.0,-0.0,0.1,0.311763479,31.1763479,0.0,0.0,100.0,1.0,0.11,-11.0,-693.5696036324865,693.5696036324865,0.0,-693.5696036324865,693.5696036324865,0.0,-63369.25242902821,63369.25242902821,0.0,0.0,6955.38826171875,6955.38826171875,0.0,0.0,4284.329045837232,4284.329045837232,0.0,-534177.743287372,-534177.743287372,64756.39163629319,64756.391636293185,64656.39163629319,0.0,100.0,0.0,0.0,64756.391636293185,53516.6743287372,1,0.0,100.0
633,40777.298597997964,0.0,-407772.9859799796,0.0,10.0,0.0,-0.0,0.1,0.313864868,31.3864868,0.0,0.0,100.0,1.0,0.11,-11.0,-699.9247174038192,699.9247174038192,0.0,-699.9247174038192,699.9247174038192,0.0,-61150.50181884653,61150.50181884653,0.0,0.0,12302.810419921874,12302.810419921874,0.0,0.0,9370.242235734331,9370.242235734331,0.0,-407783.9859799796,-407783.9859799796,62550.35125365417,62550.35125365417,62450.35125365417,0.0,100.0,0.0,0.0,62550.35125365417,40877.298597997964,1,0.0,100.0
634,30979.293166986798,0.0,-309792.93166986795,0.0,10.0,0.0,-0.0,0.1,0.310999497,31.0999497,0.0,0.0,100.0,1.0,0.11,-11.0,-752.9145648083435,752.9145648083435,0.0,-752.9145648083435,752.9145648083435,0.0,-59410.0946883052,59410.0946883052,0.0,0.0,16790.157685546874,16790.157685546874,0.0,0.0,13046.472965388217,13046.472965388217,0.0,-309803.93166986795,-309803.93166986795,60915.92381792189,60915.92381792189,60815.92381792189,0.0,100.0,0.0,0.0,60915.92381792189,31079.293166986798,1,0.0,100.0
635,37339.33488983404,0.0,-373393.3488983404,0.0,10.0,0.0,-0.0,0.1,0.309075,30.9075,0.0,0.0,100.0,1.0,0.11,-11.0,-794.8387590194503,794.8387590194503,0.0,-794.8387590194503,794.8387590194503,0.0,-59825.222222624994,59825.222222624994,0.0,0.0,8413.776123046875,8413.776123046875,0.0,0.0,15561.788727782978,15561.788727782978,0.0,-373404.3488983404,-373404.3488983404,61414.899740663895,61414.899740663895,61314.899740663895,0.0,100.0,0.0,0.0,61414.899740663895,37439.33488983404,1,0.0,100.0
636,33657.744871018775,0.0,-336577.44871018775,0.0,10.0,0.0,-0.0,0.1,0.30556968,30.556968,0.0,0.0,100.0,1.0,0.11,-11.0,-836.3178491825146,836.3178491825146,0.0,-836.3178491825146,836.3178491825146,0.0,-57283.35206155218,57283.35206155218,0.0,0.0,8862.510849609374,8862.510849609374,0.0,0.0,16335.732039289058,16335.732039289058,0.0,-336588.44871018775,-336588.44871018775,58955.9877599172,58955.9877599172,58855.9877599172,0.0,100.0,0.0,0.0,58955.9877599172,33757.744871018775,1,0.0,100.0
637,34141.45700208713,0.0,-341414.57002087135,0.0,10.0,0.0,-0.0,0.1,0.304013138,30.4013138,0.0,0.0,100.0,1.0,0.11,-11.0,-862.2085602455054,862.2085602455054,0.0,-862.2085602455054,862.2085602455054,0.0,-58604.492369290885,58604.492369290885,0.0,0.0,12377.599541015625,12377.599541015625,0.0,0.0,13709.85294667914,13709.85294667914,0.0,-341425.57002087135,-341425.57002087135,60328.9094897819,60328.909489781894,60228.9094897819,0.0,100.0,0.0,0.0,60328.909489781894,34241.45700208713,1,0.0,100.0
638,36651.74443086655,0.0,-366517.4443086655,0.0,10.0,0.0,-0.0,0.1,0.304303323,30.4303323,0.0,0.0,100.0,1.0,0.08,-8.0,-898.2362027228115,898.2362027228115,0.0,-898.2362027228115,898.2362027228115,0.0,-58190.857705799055,58190.857705799055,0.0,0.0,12041.04849609375,12041.04849609375,0.0,0.0,11194.53718428438,11194.53718428438,0.0,-366525.4443086655,-366525.4443086655,59987.33011124468,59987.33011124468,59887.33011124468,0.0,100.0,0.0,0.0,59987.33011124468,36751.74443086655,1,0.0,100.0
639,43854.03372353751,0.0,-438540.33723537513,0.0,10.0,0.0,-0.0,0.1,0.317443704,31.7443704,0.0,0.0,100.0,1.0,0.08,-8.0,-906.1574174255096,906.1574174255096,0.0,-906.1574174255096,906.1574174255096,0.0,-58190.90944116142,58190.90944116142,0.0,0.0,7591.095791015625,7591.095791015625,0.0,0.0,8458.09476145931,8458.09476145931,0.0,-438548.33723537513,-438548.33723537513,60003.22427601245,60003.22427601244,59903.22427601245,0.0,100.0,0.0,0.0,60003.22427601244,43954.033723537505,1,0.0,100.0
640,59467.16703016143,0.0,-594671.6703016143,0.0,10.0,0.0,-0.0,0.1,0.328141495,32.8141495,0.0,0.0,100.0,1.0,0.08,-8.0,-844.553783095026,844.553783095026,0.0,-844.553783095026,844.553783095026,0.0,-62180.24399492904,62180.24399492904,0.0,0.0,598.31296875,598.31296875,0.0,0.0,3703.871562207671,3703.871562207671,0.0,-594679.6703016143,-594679.6703016143,63869.351561119096,63869.351561119096,63769.351561119096,0.0,100.0,0.0,0.0,63869.351561119096,59567.16703016142,1,0.0,100.0
641,58555.67995702078,0.0,-585556.7995702078,0.0,10.0,0.0,-0.0,0.1,0.303392864,30.3392864,0.0,0.0,100.0,1.0,0.11,-11.0,-615.6013360962539,615.6013360962539,0.0,-615.6013360962539,615.6013360962539,0.0,-57424.477284828274,57424.477284828274,0.0,0.0,0.0,0.0,0.0,0.0,0.0,0.0,0.0,-585567.7995702078,-585567.7995702078,58655.67995702078,58655.67995702078,58555.67995702078,0.0,100.0,0.0,0.0,58655.67995702078,58655.67995702078,1,0.0,100.0
642,46484.93221511653,0.0,-464849.32215116534,0.0,10.0,0.0,-0.0,0.1,0.291059439,29.105943899999996,0.0,0.0,100.0,1.0,0.11,-11.0,-605.7878190316469,605.7878190316469,0.0,-605.7878190316469,605.7878190316469,0.0,-45373.35657705324,45373.35657705324,0.0,0.0,0.0,0.0,0.0,0.0,0.0,0.0,0.0,-464860.32215116534,-464860.32215116534,46584.93221511653,46584.93221511653,46484.93221511653,0.0,100.0,0.0,0.0,46584.93221511653,46584.93221511653,1,0.0,100.0
643,46252.432519459944,0.0,-462524.32519459946,0.0,10.0,0.0,-0.0,0.1,0.2846828389999999,28.468283899999992,0.0,0.0,100.0,1.0,0.11,-11.0,-577.1622034120478,577.1622034120478,0.0,-577.1622034120478,577.1622034120478,0.0,-45198.10811263585,45198.10811263585,0.0,0.0,0.0,0.0,0.0,0.0,0.0,0.0,0.0,-462535.32519459946,-462535.32519459946,46352.432519459944,46352.432519459944,46252.432519459944,0.0,100.0,0.0,0.0,46352.432519459944,46352.432519459944,1,0.0,100.0
644,37609.969158278436,0.0,-376099.69158278435,0.0,10.0,0.0,-0.0,0.1,0.297057093,29.7057093,0.0,0.0,100.0,1.0,0.11,-11.0,-573.0006406704141,573.0006406704141,0.0,-573.0006406704141,573.0006406704141,0.0,-36563.96787693761,36563.96787693761,0.0,0.0,0.0,0.0,0.0,0.0,0.0,0.0,0.0,-376110.69158278435,-376110.69158278435,37709.969158278436,37709.969158278436,37609.969158278436,0.0,100.0,0.0,0.0,37709.969158278436,37709.969158278436,1,0.0,100.0
645,33745.293058176576,0.0,-337452.9305817658,0.0,10.0,0.0,-0.0,0.1,0.308879994,30.887999399999998,0.0,0.0,100.0,1.0,0.11,-11.0,-232.6126925606584,232.6126925606584,0.0,-232.6126925606584,232.6126925606584,0.0,-33380.06767305526,33380.06767305526,0.0,0.0,0.0,0.0,0.0,0.0,0.0,0.0,0.0,-337463.9305817658,-337463.9305817658,33845.293058176576,33845.293058176576,33745.293058176576,0.0,100.0,0.0,0.0,33845.293058176576,33845.293058176576,1,0.0,100.0
646,21487.3744470901,0.0,-214873.744470901,0.0,10.0,0.0,-0.0,0.1,0.319511077,31.951107699999998,0.0,0.0,100.0,1.0,0.11,-11.0,-232.6791179732884,232.6791179732884,0.0,-232.6791179732884,232.6791179732884,0.0,-21122.016211143524,21122.016211143524,0.0,0.0,0.0,0.0,0.0,0.0,0.0,0.0,0.0,-214884.744470901,-214884.744470901,21587.3744470901,21587.3744470901,21487.3744470901,0.0,100.0,0.0,0.0,21587.3744470901,21587.3744470901,1,0.0,100.0
647,18508.72661297986,0.0,-185087.2661297986,0.0,10.0,0.0,-0.0,0.1,0.320191653,32.019165300000004,0.0,0.0,100.0,1.0,0.11,-11.0,-235.64437335924373,235.64437335924373,0.0,-235.64437335924373,235.64437335924373,0.0,-18137.43786626137,18137.43786626137,0.0,0.0,0.0,0.0,0.0,0.0,0.0,0.0,0.0,-185098.2661297986,-185098.2661297986,18608.72661297986,18608.72661297986,18508.72661297986,0.0,100.0,0.0,0.0,18608.72661297986,18608.72661297986,1,0.0,100.0
648,14750.302803602732,0.0,-147503.02803602733,0.0,10.0,0.0,-0.0,0.1,0.321250401,32.1250401,0.0,0.0,100.0,1.0,0.08,-8.0,-232.5852577436315,232.5852577436315,0.0,-232.5852577436315,232.5852577436315,0.0,-14385.132288115468,14385.132288115468,0.0,0.0,0.0,0.0,0.0,0.0,0.0,0.0,0.0,-147511.02803602733,-147511.02803602733,14850.302803602732,14850.302803602732,14750.302803602732,0.0,100.0,0.0,0.0,14850.302803602732,14850.302803602732,1,0.0,100.0
649,14750.11433287883,0.0,-147501.14332878828,0.0,10.0,0.0,-0.0,0.1,0.321174406,32.1174406,0.0,0.0,100.0,1.0,0.08,-8.0,-232.4910284276505,232.4910284276505,0.0,-232.4910284276505,232.4910284276505,0.0,-14385.132276023529,14385.132276023529,0.0,0.0,0.0,0.0,0.0,0.0,0.0,0.0,0.0,-147509.14332878828,-147509.14332878828,14850.11433287883,14850.11433287883,14750.11433287883,0.0,100.0,0.0,0.0,14850.11433287883,14850.11433287883,1,0.0,100.0
650,14750.001416480161,0.0,-147500.01416480163,0.0,10.0,0.0,-0.0,0.1,0.3176319489999999,31.76319489999999,0.0,0.0,100.0,1.0,0.08,-8.0,-232.4345581363777,232.4345581363777,0.0,-232.4345581363777,232.4345581363777,0.0,-14385.132300207406,14385.132300207406,0.0,0.0,0.0,0.0,0.0,0.0,0.0,0.0,0.0,-147508.01416480163,-147508.01416480163,14850.001416480161,14850.001416480161,14750.001416480161,0.0,100.0,0.0,0.0,14850.001416480161,14850.001416480161,1,0.0,100.0
651,14750.016468453276,0.0,-147500.16468453276,0.0,10.0,0.0,-0.0,0.1,0.314142998,31.414299800000002,0.0,0.0,100.0,1.0,0.08,-8.0,-232.44208714591863,232.44208714591863,0.0,-232.44208714591863,232.44208714591863,0.0,-14385.132294161438,14385.132294161438,0.0,0.0,0.0,0.0,0.0,0.0,0.0,0.0,0.0,-147508.16468453276,-147508.16468453276,14850.016468453276,14850.016468453276,14750.016468453276,0.0,100.0,0.0,0.0,14850.016468453276,14850.016468453276,1,0.0,100.0
652,15490.965767971378,0.0,-154909.6576797138,0.0,10.0,0.0,-0.0,0.1,0.298291618,29.829161799999998,0.0,0.0,100.0,1.0,0.08,-8.0,-233.44155768120865,233.44155768120865,0.0,-233.44155768120865,233.44155768120865,0.0,-15124.08265260896,15124.08265260896,0.0,0.0,0.0,0.0,0.0,0.0,0.0,0.0,0.0,-154917.6576797138,-154917.6576797138,15590.965767971378,15590.965767971378,15490.965767971378,0.0,100.0,0.0,0.0,15590.965767971378,15590.965767971378,1,0.0,100.0
653,16968.865202647048,0.0,-169688.6520264705,0.0,10.0,0.0,-0.0,0.1,0.294070631,29.407063100000002,0.0,0.0,100.0,1.0,0.11,-11.0,-233.39480698392444,233.39480698392444,0.0,-233.39480698392444,233.39480698392444,0.0,-16602.0755886792,16602.0755886792,0.0,0.0,0.0,0.0,0.0,0.0,0.0,0.0,0.0,-169699.6520264705,-169699.6520264705,17068.865202647048,17068.865202647048,16968.865202647048,0.0,100.0,0.0,0.0,17068.865202647048,17068.865202647048,1,0.0,100.0
654,26197.157870200816,0.0,-261971.57870200815,0.0,10.0,0.0,-0.0,0.1,0.278468872,27.846887199999998,0.0,0.0,100.0,1.0,0.11,-11.0,-233.46570482236763,233.46570482236763,0.0,-233.46570482236763,233.46570482236763,0.0,-25830.22646055608,25830.22646055608,0.0,0.0,0.0,0.0,0.0,0.0,0.0,0.0,0.0,-261982.57870200815,-261982.57870200815,26297.157870200816,26297.157870200816,26197.157870200816,0.0,100.0,0.0,0.0,26297.157870200816,26297.157870200816,1,0.0,100.0
655,24265.043816568206,0.0,-242650.43816568208,0.0,10.0,0.0,-0.0,0.1,0.279090386,27.909038600000002,0.0,0.0,100.0,1.0,0.11,-11.0,-203.31804649211213,203.31804649211213,0.0,-203.31804649211213,203.31804649211213,0.0,-24207.17521656808,24207.17521656808,0.0,0.0,0.0,0.0,0.0,0.0,248.7674929840973,248.7674929840973,0.0,-242661.43816568208,-242661.43816568208,24613.811309552304,24613.811309552304,24513.811309552304,0.0,100.0,0.0,0.0,24613.811309552304,24365.043816568206,1,0.0,100.0
656,33428.2940131535,0.0,-334282.940131535,0.0,10.0,0.0,-0.0,0.1,0.284758228,28.4758228,0.0,0.0,100.0,1.0,0.11,-11.0,-197.3758652533116,197.3758652533116,0.0,-197.3758652533116,197.3758652533116,0.0,-39268.09189984168,39268.09189984168,0.0,0.0,1794.93890625,1794.93890625,0.0,0.0,4339.6107109448085,4339.6107109448085,0.0,-334293.940131535,-334293.940131535,39662.84363034831,39662.8436303483,39562.84363034831,0.0,100.0,0.0,0.0,39662.8436303483,33528.29401315349,1,0.0,100.0
657,26253.30211650789,0.0,-262533.0211650789,0.0,10.0,0.0,-0.0,0.1,0.292088963,29.2088963,0.0,0.0,100.0,1.0,0.11,-11.0,-197.5097725834672,197.5097725834672,0.0,-197.5097725834672,197.5097725834672,0.0,-37050.26332421674,37050.26332421674,0.0,0.0,2468.04099609375,2468.04099609375,0.0,0.0,8623.93975678204,8623.93975678204,0.0,-262544.0211650789,-262544.0211650789,37445.28286938368,37445.28286938368,37345.28286938368,0.0,100.0,0.0,0.0,37445.28286938368,26353.30211650789,1,0.0,100.0
658,19130.509812712837,0.0,-191305.09812712838,0.0,10.0,0.0,-0.0,0.1,0.303128761,30.312876100000004,0.0,0.0,100.0,1.0,0.11,-11.0,-197.61750240018424,197.61750240018424,0.0,-197.61750240018424,197.61750240018424,0.0,-34092.856280402455,34092.856280402455,0.0,0.0,3178.537646484375,3178.537646484375,0.0,0.0,12079.043826005614,12079.043826005614,0.0,-191316.09812712838,-191316.09812712838,34488.09128520283,34488.09128520283,34388.09128520283,0.0,100.0,0.0,0.0,34488.09128520283,19230.509812712837,1,0.0,100.0
659,11440.170630969236,0.0,-114401.70630969237,0.0,10.0,0.0,-0.0,0.1,0.316286811,31.6286811,0.0,0.0,100.0,1.0,0.11,-11.0,-200.74420788510943,200.74420788510943,0.0,-200.74420788510943,200.74420788510943,0.0,-34093.1249935239,34093.1249935239,0.0,0.0,9161.667333984376,9161.667333984376,0.0,0.0,13792.775444340508,13792.775444340508,0.0,-114412.70630969237,-114412.70630969237,34494.61340929412,34494.61340929412,34394.61340929412,0.0,100.0,0.0,0.0,34494.61340929412,11540.170630969238,1,0.0,100.0
660,12592.686535246461,0.0,-125926.8653524646,0.0,10.0,0.0,-0.0,0.1,0.302864117,30.2864117,0.0,0.0,100.0,1.0,0.11,-11.0,-198.02626414428127,198.02626414428127,0.0,-198.02626414428127,198.02626414428127,0.0,-34091.90864721018,34091.90864721018,0.0,0.0,6731.020898437499,6731.020898437499,0.0,0.0,15064.253741814782,15064.253741814782,0.0,-125937.8653524646,-125937.8653524646,34487.96117549874,34487.96117549874,34387.96117549874,0.0,100.0,0.0,0.0,34487.96117549874,12692.68653524646,1,0.0,100.0
661,7174.992783803065,0.0,-71749.92783803065,0.0,10.0,0.0,-0.0,0.1,0.302458264,30.2458264,0.0,0.0,100.0,1.0,0.11,-11.0,-198.27351921932456,198.27351921932456,0.0,-198.27351921932456,198.27351921932456,0.0,-34089.45025921169,34089.45025921169,0.0,0.0,11704.497451171874,11704.497451171874,0.0,0.0,15506.5070626754,15506.5070626754,0.0,-71760.92783803065,-71760.92783803065,34485.99729765034,34485.99729765034,34385.99729765034,0.0,100.0,0.0,0.0,34485.99729765034,7274.992783803067,1,0.0,100.0
662,0.0,0.0,-0.0,55.55555555555556,10.0,0.0,-0.0,0.1,0.3056242289999999,0.0,0.0,100.0,0.0,1.0,0.08,0.0,-198.36745229551704,198.36745229551704,0.0,-198.36745229551704,198.36745229551704,0.0,-19029.62887589328,19029.62887589328,0.0,0.0,7890.252275390625,7890.252275390625,0.0,1188.9609094162406,12880.627970065483,11691.667060649243,0.0,0.0,0.0,19581.919336039868,19581.919336039868,19581.919336039868,0.0,0.0,155.55555555555475,0.0,19426.363780484313,-1344.5164649717954,1,-55.55555555555556,-100.0
663,7451.6316918109205,0.0,-74516.31691810921,0.0,60.0,45.0,-0.0,0.6,0.319473089,31.9473089,0.0,0.0,100.0,1.0,0.08,-8.0,-198.32166169967184,198.32166169967184,0.0,-198.32166169967184,198.32166169967184,0.0,-19030.10660423178,19030.10660423178,0.0,0.0,3178.537646484375,3178.537646484375,0.0,0.0,8651.580589335828,8651.580589335828,0.0,-74524.31691810921,-74524.31691810921,19426.74992763112,19426.749927631125,19281.74992763112,0.0,145.0,0.0,0.0,19426.749927631125,7596.631691810922,1,45.0,100.0
664,20113.994677662093,0.0,-201139.94677662093,0.0,10.0,0.0,-0.0,0.1,0.314177953,31.4177953,0.0,0.0,100.0,1.0,0.08,-8.0,-197.87195999337445,197.87195999337445,0.0,-197.87195999337445,197.87195999337445,0.0,-23026.176065900032,23026.176065900032,0.0,0.0,747.8912109375,747.8912109375,0.0,0.0,2460.0340972871845,2460.0340972871845,0.0,-201147.94677662093,-201147.94677662093,23421.919985886776,23421.91998588678,23321.919985886776,0.0,100.0,0.0,0.0,23421.91998588678,20213.994677662096,1,0.0,100.0
665,23107.1112933394,0.0,-231071.112933394,0.0,10.0,0.0,-0.0,0.1,0.308644147,30.864414699999998,0.0,0.0,100.0,1.0,0.11,-11.0,-203.78519157541584,203.78519157541584,0.0,-203.78519157541584,203.78519157541584,0.0,-22799.540910188567,22799.540910188567,0.0,0.0,0.0,0.0,0.0,0.0,0.0,0.0,0.0,-231082.112933394,-231082.112933394,23207.1112933394,23207.1112933394,23107.1112933394,0.0,100.0,0.0,0.0,23207.1112933394,23207.1112933394,1,0.0,100.0
666,21402.912605064023,0.0,-214029.12605064022,0.0,10.0,0.0,-0.0,0.1,0.301779446,30.1779446,0.0,0.0,100.0,1.0,0.11,-11.0,-233.58276845187973,233.58276845187973,0.0,-233.58276845187973,233.58276845187973,0.0,-21035.747068160264,21035.747068160264,0.0,0.0,0.0,0.0,0.0,0.0,0.0,0.0,0.0,-214040.12605064022,-214040.12605064022,21502.912605064023,21502.912605064023,21402.912605064023,0.0,100.0,0.0,0.0,21502.912605064023,21502.912605064023,1,0.0,100.0
667,19927.02112758969,0.0,-199270.2112758969,0.0,10.0,0.0,-0.0,0.1,0.287346976,28.734697599999997,0.0,0.0,100.0,1.0,0.11,-11.0,-234.58740025417487,234.58740025417487,0.0,-234.58740025417487,234.58740025417487,0.0,-19557.84632708134,19557.84632708134,0.0,0.0,0.0,0.0,0.0,0.0,0.0,0.0,0.0,-199281.2112758969,-199281.2112758969,20027.02112758969,20027.02112758969,19927.02112758969,0.0,100.0,0.0,0.0,20027.02112758969,20027.02112758969,1,0.0,100.0
668,19926.70053176441,0.0,-199267.0053176441,0.0,10.0,0.0,-0.0,0.1,0.28007378,28.007378,0.0,0.0,100.0,1.0,0.11,-11.0,-234.42709327258115,234.42709327258115,0.0,-234.42709327258115,234.42709327258115,0.0,-19557.846345219248,19557.846345219248,0.0,0.0,0.0,0.0,0.0,0.0,0.0,0.0,0.0,-199278.0053176441,-199278.0053176441,20026.70053176441,20026.70053176441,19926.70053176441,0.0,100.0,0.0,0.0,20026.70053176441,20026.70053176441,1,0.0,100.0
669,18447.55217329631,0.0,-184475.5217329631,0.0,10.0,0.0,-0.0,0.1,0.276898736,27.6898736,0.0,0.0,100.0,1.0,0.11,-11.0,-233.77256802914445,233.77256802914445,0.0,-233.77256802914445,233.77256802914445,0.0,-18080.00703723802,18080.00703723802,0.0,0.0,0.0,0.0,0.0,0.0,0.0,0.0,0.0,-184486.5217329631,-184486.5217329631,18547.55217329631,18547.55217329631,18447.55217329631,0.0,100.0,0.0,0.0,18547.55217329631,18547.55217329631,1,0.0,100.0
670,16967.96513091466,0.0,-169679.6513091466,0.0,10.0,0.0,-0.0,0.1,0.291852932,29.1852932,0.0,0.0,100.0,1.0,0.11,-11.0,-232.990862567417,232.990862567417,0.0,-232.990862567417,232.990862567417,0.0,-16601.98340577983,16601.98340577983,0.0,0.0,0.0,0.0,0.0,0.0,0.0,0.0,0.0,-169690.6513091466,-169690.6513091466,17067.96513091466,17067.96513091466,16967.96513091466,0.0,100.0,0.0,0.0,17067.96513091466,17067.96513091466,1,0.0,100.0
671,15612.534647902148,0.0,-156125.34647902148,0.0,10.0,0.0,-0.0,0.1,0.307457376,30.745737600000002,0.0,0.0,100.0,1.0,0.11,-11.0,-235.85012310598177,235.85012310598177,0.0,-235.85012310598177,235.85012310598177,0.0,-15240.834401690185,15240.834401690185,0.0,0.0,0.0,0.0,0.0,0.0,0.0,0.0,0.0,-156136.34647902148,-156136.34647902148,15712.534647902148,15712.534647902148,15612.534647902148,0.0,100.0,0.0,0.0,15712.534647902148,15712.534647902148,1,0.0,100.0
672,14844.568889777642,0.0,-148445.68889777642,0.0,10.0,0.0,-0.0,0.1,0.3272715969999999,32.727159699999994,0.0,0.0,100.0,1.0,0.08,-8.0,-232.98760472473683,232.98760472473683,0.0,-232.98760472473683,232.98760472473683,0.0,-14478.593680328167,14478.593680328167,0.0,0.0,0.0,0.0,0.0,0.0,0.0,0.0,0.0,-148453.68889777642,-148453.68889777642,14944.568889777642,14944.568889777642,14844.568889777642,0.0,100.0,0.0,0.0,14944.568889777642,14944.568889777642,1,0.0,100.0
673,14868.05620207689,0.0,-148680.5620207689,0.0,10.0,0.0,-0.0,0.1,0.321872335,32.1872335,0.0,0.0,100.0,1.0,0.08,-8.0,-232.9743438518636,232.9743438518636,0.0,-232.9743438518636,232.9743438518636,0.0,-14502.107514373163,14502.107514373163,0.0,0.0,0.0,0.0,0.0,0.0,0.0,0.0,0.0,-148688.5620207689,-148688.5620207689,14968.05620207689,14968.05620207689,14868.05620207689,0.0,100.0,0.0,0.0,14968.05620207689,14968.05620207689,1,0.0,100.0
674,14844.660638554622,0.0,-148446.6063855462,0.0,10.0,0.0,-0.0,0.1,0.320939651,32.0939651,0.0,0.0,100.0,1.0,0.08,-8.0,-232.9531070155764,232.9531070155764,0.0,-232.9531070155764,232.9531070155764,0.0,-14478.75442452347,14478.75442452347,0.0,0.0,0.0,0.0,0.0,0.0,0.0,0.0,0.0,-148454.6063855462,-148454.6063855462,14944.660638554622,14944.660638554622,14844.660638554622,0.0,100.0,0.0,0.0,14944.660638554622,14944.660638554622,1,0.0,100.0
675,14868.17744018353,0.0,-148681.7744018353,0.0,10.0,0.0,-0.0,0.1,0.314843904,31.484390400000002,0.0,0.0,100.0,1.0,0.08,-8.0,-232.9239226264424,232.9239226264424,0.0,-232.9239226264424,232.9239226264424,0.0,-14502.329594930645,14502.329594930645,0.0,0.0,0.0,0.0,0.0,0.0,0.0,0.0,0.0,-148689.7744018353,-148689.7744018353,14968.17744018353,14968.17744018353,14868.17744018353,0.0,100.0,0.0,0.0,14968.17744018353,14968.17744018353,1,0.0,100.0
676,15585.734119392524,0.0,-155857.34119392524,0.0,10.0,0.0,-0.0,0.1,0.311029961,31.102996100000002,0.0,0.0,100.0,1.0,0.08,-8.0,-233.9376516262777,233.9376516262777,0.0,-233.9376516262777,233.9376516262777,0.0,-15217.85881613997,15217.85881613997,0.0,0.0,0.0,0.0,0.0,0.0,0.0,0.0,0.0,-155865.34119392524,-155865.34119392524,15685.734119392524,15685.734119392524,15585.734119392524,0.0,100.0,0.0,0.0,15685.734119392524,15685.734119392524,1,0.0,100.0
677,17087.1582684729,0.0,-170871.58268472902,0.0,10.0,0.0,-0.0,0.1,0.307773336,30.777333600000002,0.0,0.0,100.0,1.0,0.11,-11.0,-233.8402224184792,233.8402224184792,0.0,-233.8402224184792,233.8402224184792,0.0,-16719.47782363594,16719.47782363594,0.0,0.0,0.0,0.0,0.0,0.0,0.0,0.0,0.0,-170882.58268472902,-170882.58268472902,17187.1582684729,17187.1582684729,17087.1582684729,0.0,100.0,0.0,0.0,17187.1582684729,17187.1582684729,1,0.0,100.0
678,20019.33816773457,0.0,-200193.38167734572,0.0,10.0,0.0,-0.0,0.1,0.29548881,29.548880999999998,0.0,0.0,100.0,1.0,0.11,-11.0,-233.8215748351007,233.8215748351007,0.0,-233.8215748351007,233.8215748351007,0.0,-19651.69501806437,19651.69501806437,0.0,0.0,0.0,0.0,0.0,0.0,0.0,0.0,0.0,-200204.38167734572,-200204.38167734572,20119.33816773457,20119.33816773457,20019.33816773457,0.0,100.0,0.0,0.0,20119.33816773457,20119.33816773457,1,0.0,100.0
679,17918.918180011016,0.0,-179189.18180011015,0.0,10.0,0.0,-0.0,0.1,0.301772165,30.177216499999997,0.0,0.0,100.0,1.0,0.11,-11.0,-203.6043254269721,203.6043254269721,0.0,-203.6043254269721,203.6043254269721,0.0,-18053.96285001769,18053.96285001769,0.0,0.0,0.0,0.0,0.0,0.0,442.2533208606175,442.2533208606175,0.0,-179200.18180011015,-179200.18180011015,18461.171500871635,18461.171500871635,18361.171500871635,0.0,100.0,0.0,0.0,18461.171500871635,18018.918180011016,1,0.0,100.0
680,9464.671609652167,0.0,-94646.71609652168,0.0,10.0,0.0,-0.0,0.1,0.314649458,31.4649458,0.0,0.0,100.0,1.0,0.11,-11.0,-197.75244702985927,197.75244702985927,0.0,-197.75244702985927,197.75244702985927,0.0,-18030.27854985819,18030.27854985819,0.0,0.0,4300.374462890625,4300.374462890625,0.0,0.0,4560.737371375118,4560.737371375118,0.0,-94657.71609652168,-94657.71609652168,18425.78344391791,18425.78344391791,18325.78344391791,0.0,100.0,0.0,0.0,18425.78344391791,9564.671609652167,1,0.0,100.0
681,2414.9921584063304,0.0,-24149.921584063304,0.0,10.0,0.0,-0.0,0.1,0.322889253,32.288925299999995,0.0,0.0,100.0,1.0,0.11,-11.0,-197.99872292361283,197.99872292361283,0.0,-197.99872292361283,197.99872292361283,0.0,-15836.759699724023,15836.759699724023,0.0,0.0,4375.163583984375,4375.163583984375,0.0,0.0,9342.601403180544,9342.601403180544,0.0,-24160.921584063304,-24160.921584063304,16232.75714557125,16232.75714557125,16132.75714557125,0.0,100.0,0.0,0.0,16232.75714557125,2514.9921584063304,1,0.0,100.0
682,0.0,0.0,-0.0,55.55555555555556,10.0,0.0,-0.0,0.1,0.328186537,0.0,0.0,100.0,0.0,1.0,0.11,0.0,-198.090664038278,198.090664038278,0.0,-198.090664038278,198.090664038278,0.0,-12857.188113005284,12857.188113005284,0.0,3904.75653656573,17313.681533203126,13408.924996637395,0.0,12383.09298409729,12383.09298409729,0.0,0.0,0.0,0.0,13408.924996637395,13408.924996637395,13408.924996637395,0.0,0.0,155.55555555555475,0.0,13253.36944108184,-16443.405076218573,1,-55.55555555555556,-100.0
683,0.0,0.0,-0.0,44.44444444444444,60.0,0.0,-0.0,0.6,0.341962027,0.0,0.0,100.0,0.0,1.0,0.11,0.0,-200.9509243442874,200.9509243442874,0.0,-200.9509243442874,200.9509243442874,0.0,-12880.54204324476,12880.54204324476,0.0,6467.01787455972,19893.9062109375,13426.88833637778,0.0,14262.669597754912,14262.669597754912,0.0,0.0,0.0,0.0,13426.88833637778,13426.88833637778,13426.88833637778,0.0,0.0,144.44444444444525,0.0,13282.443891933335,-20874.131916759077,1,-44.44444444444444,-100.0
684,0.0,0.0,-0.0,0.0,100.0,-0.0,-0.0,1.0,0.354187026,0.0,0.0,100.0,0.0,1.0,0.11,0.0,-198.11711427642567,198.11711427642567,0.0,-198.11711427642567,198.11711427642567,0.0,-12857.125718598412,12857.125718598412,0.0,5456.1040079268605,18809.463955078125,13353.359947151264,0.0,14511.437090739011,14511.437090739011,0.0,0.0,0.0,0.0,13353.359947151264,13353.359947151264,13353.359947151264,0.0,0.0,100.0,0.0,13253.359947151264,-20067.541098665875,1,-0.0,-100.0
685,0.0,0.0,-0.0,0.0,100.0,-0.0,-0.0,1.0,0.357222538,0.0,0.0,100.0,0.0,1.0,0.11,0.0,-198.3693486067397,198.3693486067397,0.0,-198.3693486067397,198.3693486067397,0.0,-12880.525646575046,12880.525646575046,0.0,4459.941037070848,17837.205380859374,13377.264343788525,0.0,15478.866230121612,15478.866230121612,0.0,0.0,0.0,0.0,13377.264343788525,13377.264343788525,13377.264343788525,0.0,0.0,100.0,0.0,13277.264343788525,-20038.80726719246,1,-0.0,-100.0
686,0.0,0.0,-0.0,0.0,100.0,-0.0,-0.0,1.0,0.375261488,0.0,0.0,100.0,0.0,1.0,0.08,0.0,-232.229498653452,232.229498653452,0.0,-232.229498653452,232.229498653452,0.0,-12857.092943396896,12857.092943396896,0.0,227.46265890557515,13649.014599609374,13421.5519407038,0.0,12825.346304957906,12825.346304957906,0.0,0.0,0.0,0.0,13421.5519407038,13421.5519407038,13421.5519407038,0.0,0.0,100.0,0.0,13321.5519407038,-13152.80896386348,1,-0.0,-100.0
687,0.0,0.0,-0.0,0.0,100.0,-0.0,-0.0,1.0,0.379818662,0.0,0.0,100.0,0.0,1.0,0.08,0.0,-261.34451374284225,261.34451374284225,0.0,-261.34451374284225,261.34451374284225,0.0,-12880.490543675212,12880.490543675212,0.0,0.0,7815.463154296875,7815.463154296875,0.0,3157.350000348326,8845.066417212349,5687.716416864023,0.0,0.0,0.0,13503.179571160897,13503.179571160897,13503.179571160897,0.0,0.0,100.0,0.0,13403.179571160897,-3257.350000348324,1,-0.0,-100.0
688,10699.366914392534,0.0,-106993.66914392535,0.0,100.0,45.0,-0.0,1.0,0.3783553739999999,37.83553739999999,0.0,0.0,100.0,1.0,0.08,-8.0,-213.521580226095,213.521580226095,0.0,-213.521580226095,213.521580226095,0.0,-16846.137181793478,16846.137181793478,0.0,0.0,2393.251875,2393.251875,0.0,0.0,4035.5615528531343,4035.5615528531343,0.0,-107001.66914392535,-107001.66914392535,17273.18034224567,17273.18034224567,17128.18034224567,0.0,145.0,0.0,0.0,17273.18034224567,10844.366914392534,1,45.0,100.0
689,21424.652812149634,0.0,-214246.52812149635,0.0,50.0,36.0,-0.0,0.5,0.362178769,36.2178769,0.0,0.0,100.0,1.0,0.11,-11.0,-203.94884405821472,203.94884405821472,0.0,-203.94884405821472,203.94884405821472,0.0,-21152.755124033203,21152.755124033203,0.0,0.0,0.0,0.0,0.0,0.0,0.0,0.0,0.0,-214257.52812149635,-214257.52812149635,21560.652812149634,21560.652812149634,21424.652812149634,0.0,136.0,0.0,0.0,21560.652812149634,21560.652812149634,1,36.0,100.0
690,21496.841982173813,0.0,-214968.41982173815,0.0,10.0,0.0,-0.0,0.1,0.355423645,35.5423645,0.0,0.0,100.0,1.0,0.11,-11.0,-233.7106511099404,233.7106511099404,0.0,-233.7106511099404,233.7106511099404,0.0,-21129.42067995393,21129.42067995393,0.0,0.0,0.0,0.0,0.0,0.0,0.0,0.0,0.0,-214979.41982173815,-214979.41982173815,21596.841982173813,21596.841982173813,21496.841982173813,0.0,100.0,0.0,0.0,21596.841982173813,21596.841982173813,1,0.0,100.0
691,20044.4702522831,0.0,-200444.70252283098,0.0,10.0,0.0,-0.0,0.1,0.3545875429999999,35.45875429999999,0.0,0.0,100.0,1.0,0.11,-11.0,-234.67813071883413,234.67813071883413,0.0,-234.67813071883413,234.67813071883413,0.0,-19675.11399084543,19675.11399084543,0.0,0.0,0.0,0.0,0.0,0.0,0.0,0.0,0.0,-200455.70252283098,-200455.70252283098,20144.4702522831,20144.4702522831,20044.4702522831,0.0,100.0,0.0,0.0,20144.4702522831,20144.4702522831,1,0.0,100.0
692,20020.667791817585,0.0,-200206.67791817585,0.0,10.0,0.0,-0.0,0.1,0.369023726,36.9023726,0.0,0.0,100.0,1.0,0.11,-11.0,-234.48930103398447,234.48930103398447,0.0,-234.48930103398447,234.48930103398447,0.0,-19651.689189749617,19651.689189749617,0.0,0.0,0.0,0.0,0.0,0.0,0.0,0.0,0.0,-200217.67791817585,-200217.67791817585,20120.667791817585,20120.667791817585,20020.667791817585,0.0,100.0,0.0,0.0,20120.667791817585,20120.667791817585,1,0.0,100.0
693,18565.15149678129,0.0,-185651.51496781292,0.0,10.0,0.0,-0.0,0.1,0.366723331,36.672333099999996,0.0,0.0,100.0,1.0,0.11,-11.0,-233.8266532553853,233.8266532553853,0.0,-233.8266532553853,233.8266532553853,0.0,-18197.49819027052,18197.49819027052,0.0,0.0,0.0,0.0,0.0,0.0,0.0,0.0,0.0,-185662.51496781292,-185662.51496781292,18665.15149678129,18665.15149678129,18565.15149678129,0.0,100.0,0.0,0.0,18665.15149678129,18665.15149678129,1,0.0,100.0
694,17062.026729475063,0.0,-170620.26729475064,0.0,10.0,0.0,-0.0,0.1,0.371346071,37.1346071,0.0,0.0,100.0,1.0,0.11,-11.0,-232.9990028434934,232.9990028434934,0.0,-232.9990028434934,232.9990028434934,0.0,-16696.028723788077,16696.028723788077,0.0,0.0,0.0,0.0,0.0,0.0,0.0,0.0,0.0,-170631.26729475064,-170631.26729475064,17162.026729475063,17162.026729475063,17062.026729475063,0.0,100.0,0.0,0.0,17162.026729475063,17162.026729475063,1,0.0,100.0
695,15613.54850722684,0.0,-156135.4850722684,0.0,10.0,0.0,-0.0,0.1,0.386056882,38.605688199999996,0.0,0.0,100.0,1.0,0.11,-11.0,-235.8482934905533,235.8482934905533,0.0,-235.8482934905533,235.8482934905533,0.0,-15241.851920245734,15241.851920245734,0.0,0.0,0.0,0.0,0.0,0.0,0.0,0.0,0.0,-156146.4850722684,-156146.4850722684,15713.54850722684,15713.54850722684,15613.54850722684,0.0,100.0,0.0,0.0,15713.54850722684,15713.54850722684,1,0.0,100.0
696,17858.60598139315,0.0,-178586.0598139315,0.0,10.0,0.0,-0.0,0.1,0.398932048,39.8932048,0.0,0.0,100.0,1.0,0.08,-8.0,-232.97117550874668,232.97117550874668,0.0,-232.97117550874668,232.97117550874668,0.0,-17492.663630375657,17492.663630375657,0.0,0.0,0.0,0.0,0.0,0.0,0.0,0.0,0.0,-178594.0598139315,-178594.0598139315,17958.60598139315,17958.60598139315,17858.60598139315,0.0,100.0,0.0,0.0,17958.60598139315,17958.60598139315,1,0.0,100.0
697,17882.343129906607,0.0,-178823.43129906605,0.0,10.0,0.0,-0.0,0.1,0.4063419579999999,40.634195799999986,0.0,0.0,100.0,1.0,0.08,-8.0,-232.94186793741807,232.94186793741807,0.0,-232.94186793741807,232.94186793741807,0.0,-17516.45939403177,17516.45939403177,0.0,0.0,0.0,0.0,0.0,0.0,0.0,0.0,0.0,-178831.43129906605,-178831.43129906605,17982.343129906607,17982.343129906607,17882.343129906607,0.0,100.0,0.0,0.0,17982.343129906607,17982.343129906607,1,0.0,100.0
698,17858.672433102012,0.0,-178586.72433102012,0.0,10.0,0.0,-0.0,0.1,0.4087990529999999,40.87990529999999,0.0,0.0,100.0,1.0,0.08,-8.0,-232.8542738905992,232.8542738905992,0.0,-232.8542738905992,232.8542738905992,0.0,-17492.963885320813,17492.963885320813,0.0,0.0,0.0,0.0,0.0,0.0,0.0,0.0,0.0,-178594.72433102012,-178594.72433102012,17958.672433102012,17958.672433102012,17858.672433102012,0.0,100.0,0.0,0.0,17958.672433102012,17958.672433102012,1,0.0,100.0
699,17882.615883987994,0.0,-178826.15883987994,0.0,10.0,0.0,-0.0,0.1,0.409366666,40.9366666,0.0,0.0,100.0,1.0,0.08,-8.0,-232.7734857855547,232.7734857855547,0.0,-232.7734857855547,232.7734857855547,0.0,-17517.068912416886,17517.068912416886,0.0,0.0,0.0,0.0,0.0,0.0,0.0,0.0,0.0,-178834.15883987994,-178834.15883987994,17982.615883987994,17982.615883987994,17882.615883987994,0.0,100.0,0.0,0.0,17982.615883987994,17982.615883987994,1,0.0,100.0
700,18599.64167706418,0.0,-185996.4167706418,0.0,10.0,0.0,-0.0,0.1,0.40888444,40.888444,0.0,0.0,100.0,1.0,0.08,-8.0,-233.67156666322907,233.67156666322907,0.0,-233.67156666322907,233.67156666322907,0.0,-18232.29854373772,18232.29854373772,0.0,0.0,0.0,0.0,0.0,0.0,0.0,0.0,0.0,-186004.4167706418,-186004.4167706418,18699.64167706418,18699.64167706418,18599.64167706418,0.0,100.0,0.0,0.0,18699.64167706418,18699.64167706418,1,0.0,100.0
701,21608.328507166163,0.0,-216083.28507166164,0.0,10.0,0.0,-0.0,0.1,0.401221217,40.1221217,0.0,0.0,100.0,1.0,0.11,-11.0,-233.5319862992812,233.5319862992812,0.0,-233.5319862992812,233.5319862992812,0.0,-21241.2645345676,21241.2645345676,0.0,0.0,0.0,0.0,0.0,0.0,0.0,0.0,0.0,-216094.28507166164,-216094.28507166164,21708.328507166163,21708.328507166163,21608.328507166163,0.0,100.0,0.0,0.0,21708.328507166163,21708.328507166163,1,0.0,100.0
702,26336.607926088054,0.0,-263366.07926088054,0.0,10.0,0.0,-0.0,0.1,0.406791881,40.679188100000005,0.0,0.0,100.0,1.0,0.11,-11.0,-268.8207586259219,268.8207586259219,0.0,-268.8207586259219,268.8207586259219,0.0,-25898.96640883621,25898.96640883621,0.0,0.0,0.0,0.0,0.0,0.0,0.0,0.0,0.0,-263377.07926088054,-263377.07926088054,26436.607926088054,26436.607926088054,26336.607926088054,0.0,100.0,0.0,0.0,26436.607926088054,26436.607926088054,1,0.0,100.0
703,31103.31740173656,0.0,-311033.1740173656,0.0,10.0,0.0,-0.0,0.1,0.406269626,40.6269626,0.0,0.0,100.0,1.0,0.11,-11.0,-509.6955945378068,509.6955945378068,0.0,-509.6955945378068,509.6955945378068,0.0,-30294.4895428761,30294.4895428761,0.0,0.0,0.0,0.0,0.0,0.0,110.56333021515437,110.56333021515437,0.0,-311044.1740173656,-311044.1740173656,31313.880731951715,31313.880731951715,31213.880731951715,0.0,100.0,0.0,0.0,31313.880731951715,31203.31740173656,1,0.0,100.0
704,54120.73721819794,0.0,-541207.3721819794,0.0,10.0,0.0,-0.0,0.1,0.409920266,40.992026599999996,0.0,0.0,100.0,1.0,0.11,-11.0,-701.8172042879694,701.8172042879694,0.0,-701.8172042879694,701.8172042879694,0.0,-63408.05491815655,63408.05491815655,0.0,0.0,7329.3338671875,7329.3338671875,0.0,0.0,3261.6182413470538,3261.6182413470538,0.0,-541218.3721819794,-541218.3721819794,64811.68932673249,64811.68932673249,64711.68932673249,0.0,100.0,0.0,0.0,64811.68932673249,54220.73721819794,1,0.0,100.0
705,41761.89358276062,0.0,-417618.9358276062,0.0,10.0,0.0,-0.0,0.1,0.42040145,42.040145,0.0,0.0,100.0,1.0,0.11,-11.0,-733.1186488945942,733.1186488945942,0.0,-733.1186488945942,733.1186488945942,0.0,-61177.657654324,61177.657654324,0.0,0.0,13125.490751953124,13125.490751953124,0.0,0.0,7656.51061739944,7656.51061739944,0.0,-417629.9358276062,-417629.9358276062,62643.89495211319,62643.89495211319,62543.89495211319,0.0,100.0,0.0,0.0,62643.89495211319,41861.89358276062,1,0.0,100.0
706,32137.965107935986,0.0,-321379.6510793599,0.0,10.0,0.0,-0.0,0.1,0.423336351,42.3336351,0.0,0.0,100.0,1.0,0.11,-11.0,-785.5435096991351,785.5435096991351,0.0,-785.5435096991351,785.5435096991351,0.0,-58214.1490723445,58214.1490723445,0.0,0.0,17762.416259765625,17762.416259765625,0.0,0.0,9784.85472404116,9784.85472404116,0.0,-321390.6510793599,-321390.6510793599,59785.23609174277,59785.23609174277,59685.23609174277,0.0,100.0,0.0,0.0,59785.23609174277,32237.965107935986,1,0.0,100.0
707,29213.01082070956,0.0,-292130.10820709565,0.0,10.0,0.0,-0.0,0.1,0.410399755,41.0399755,0.0,0.0,100.0,1.0,0.11,-11.0,-850.5991250283814,850.5991250283814,0.0,-850.5991250283814,850.5991250283814,0.0,-58210.82273703384,58210.82273703384,0.0,0.0,20454.824619140625,20454.824619140625,0.0,0.0,10144.185547240411,10144.185547240411,0.0,-292141.10820709565,-292141.10820709565,59912.0209870906,59912.020987090604,59812.0209870906,0.0,100.0,0.0,0.0,59912.020987090604,29313.01082070957,1,0.0,100.0
708,29156.98617689919,0.0,-291569.8617689919,0.0,10.0,0.0,-0.0,0.1,0.391510707,39.1510707,0.0,0.0,100.0,1.0,0.11,-11.0,-906.2994037335368,906.2994037335368,0.0,-906.2994037335368,906.2994037335368,0.0,-55198.07537307892,55198.07537307892,0.0,0.0,19295.5932421875,19295.5932421875,0.0,0.0,8458.09476145931,8458.09476145931,0.0,-291580.8617689919,-291580.8617689919,57010.674180546004,57010.674180546,56910.674180546004,0.0,100.0,0.0,0.0,57010.674180546,29256.986176899187,1,0.0,100.0
709,33596.41488441409,0.0,-335964.1488441409,0.0,10.0,0.0,-0.0,0.1,0.390827146,39.0827146,0.0,0.0,100.0,1.0,0.11,-11.0,-918.3502115489376,918.3502115489376,0.0,-918.3502115489376,918.3502115489376,0.0,-58207.055565891525,58207.055565891525,0.0,0.0,17612.838017578124,17612.838017578124,0.0,0.0,8734.503086997194,8734.503086997194,0.0,-335975.1488441409,-335975.1488441409,60043.755988989404,60043.755988989404,59943.755988989404,0.0,100.0,0.0,0.0,60043.755988989404,33696.41488441409,1,0.0,100.0
710,45829.29476753066,0.0,-458292.9476753066,0.0,10.0,0.0,-0.0,0.1,0.402597462,40.2597462,0.0,0.0,100.0,1.0,0.08,-8.0,-948.0355990701388,948.0355990701388,0.0,-948.0355990701388,948.0355990701388,0.0,-58204.42624019289,58204.42624019289,0.0,0.0,8338.987001953124,8338.987001953124,0.0,0.0,5832.215668849392,5832.215668849392,0.0,-458300.9476753066,-458300.9476753066,60100.49743833317,60100.49743833317,60000.49743833317,0.0,100.0,0.0,0.0,60100.49743833317,45929.29476753066,1,0.0,100.0
711,50666.90781348178,0.0,-506669.0781348178,0.0,10.0,0.0,-0.0,0.1,0.4244610179999999,42.446101799999994,0.0,0.0,100.0,1.0,0.08,-8.0,-949.63773874335,949.63773874335,0.0,-949.63773874335,949.63773874335,0.0,-58208.39205166832,58208.39205166832,0.0,0.0,4337.7690234375,4337.7690234375,0.0,0.0,5002.990692235735,5002.990692235735,0.0,-506677.0781348178,-506677.0781348178,60107.66752915502,60107.66752915502,60007.66752915502,0.0,100.0,0.0,0.0,60107.66752915502,50766.90781348178,1,0.0,100.0
712,57679.06205421901,0.0,-576790.62054219,0.0,10.0,0.0,-0.0,0.1,0.406673798,40.6673798,0.0,0.0,100.0,1.0,0.08,-8.0,-883.1263709671344,883.1263709671344,0.0,-883.1263709671344,883.1263709671344,0.0,-62200.988623721394,62200.988623721394,0.0,0.0,2318.46275390625,2318.46275390625,0.0,0.0,3869.716557530403,3869.716557530403,0.0,-576798.62054219,-576798.62054219,63967.24136565566,63967.24136565566,63867.24136565566,0.0,100.0,0.0,0.0,63967.24136565566,57779.06205421901,1,0.0,100.0
713,58558.93862535224,0.0,-585589.3862535224,0.0,10.0,0.0,-0.0,0.1,0.3883981829999999,38.83981829999999,0.0,0.0,100.0,1.0,0.11,-11.0,-605.429354661308,605.429354661308,0.0,-605.429354661308,605.429354661308,0.0,-57448.07991602962,57448.07991602962,0.0,0.0,0.0,0.0,0.0,0.0,0.0,0.0,0.0,-585600.3862535224,-585600.3862535224,58658.93862535224,58658.93862535224,58558.93862535224,0.0,100.0,0.0,0.0,58658.93862535224,58658.93862535224,1,0.0,100.0
714,46456.57617713295,0.0,-464565.7617713295,0.0,10.0,0.0,-0.0,0.1,0.36976696,36.976696,0.0,0.0,100.0,1.0,0.11,-11.0,-578.1483760444909,578.1483760444909,0.0,-578.1483760444909,578.1483760444909,0.0,-45400.27942504397,45400.27942504397,0.0,0.0,0.0,0.0,0.0,0.0,0.0,0.0,0.0,-464576.7617713295,-464576.7617713295,46556.57617713295,46556.57617713295,46456.57617713295,0.0,100.0,0.0,0.0,46556.57617713295,46556.57617713295,1,0.0,100.0
715,44920.588559529686,0.0,-449205.88559529686,0.0,10.0,0.0,-0.0,0.1,0.357946026,35.7946026,0.0,0.0,100.0,1.0,0.11,-11.0,-547.4239768382811,547.4239768382811,0.0,-547.4239768382811,547.4239768382811,0.0,-43925.74060585313,43925.74060585313,0.0,0.0,0.0,0.0,0.0,0.0,0.0,0.0,0.0,-449216.88559529686,-449216.88559529686,45020.588559529686,45020.588559529686,44920.588559529686,0.0,100.0,0.0,0.0,45020.588559529686,45020.588559529686,1,0.0,100.0
716,35874.09516330858,0.0,-358740.9516330858,0.0,10.0,0.0,-0.0,0.1,0.354541939,35.4541939,0.0,0.0,100.0,1.0,0.11,-11.0,-540.1364608850496,540.1364608850496,0.0,-540.1364608850496,540.1364608850496,0.0,-34893.82224153848,34893.82224153848,0.0,0.0,0.0,0.0,0.0,0.0,0.0,0.0,0.0,-358751.9516330858,-358751.9516330858,35974.09516330858,35974.09516330858,35874.09516330858,0.0,100.0,0.0,0.0,35974.09516330858,35974.09516330858,1,0.0,100.0
717,33791.33015591258,0.0,-337913.30155912583,0.0,10.0,0.0,-0.0,0.1,0.368771753,36.8771753,0.0,0.0,100.0,1.0,0.11,-11.0,-232.84062627417143,232.84062627417143,0.0,-232.84062627417143,232.84062627417143,0.0,-33425.64890336424,33425.64890336424,0.0,0.0,0.0,0.0,0.0,0.0,0.0,0.0,0.0,-337924.30155912583,-337924.30155912583,33891.33015591258,33891.33015591258,33791.33015591258,0.0,100.0,0.0,0.0,33891.33015591258,33891.33015591258,1,0.0,100.0
718,21486.719650415373,0.0,-214867.19650415372,0.0,10.0,0.0,-0.0,0.1,0.400009432,40.0009432,0.0,0.0,100.0,1.0,0.11,-11.0,-232.35165313025675,232.35165313025675,0.0,-232.35165313025675,232.35165313025675,0.0,-21122.016344154858,21122.016344154858,0.0,0.0,0.0,0.0,0.0,0.0,0.0,0.0,0.0,-214878.19650415372,-214878.19650415372,21586.719650415373,21586.719650415373,21486.719650415373,0.0,100.0,0.0,0.0,21586.719650415373,21586.719650415373,1,0.0,100.0
719,18508.370797044787,0.0,-185083.70797044787,0.0,10.0,0.0,-0.0,0.1,0.419342842,41.9342842,0.0,0.0,100.0,1.0,0.11,-11.0,-235.4664140009624,235.4664140009624,0.0,-235.4664140009624,235.4664140009624,0.0,-18137.43796904286,18137.43796904286,0.0,0.0,0.0,0.0,0.0,0.0,0.0,0.0,0.0,-185094.70797044787,-185094.70797044787,18608.370797044787,18608.370797044787,18508.370797044787,0.0,100.0,0.0,0.0,18608.370797044787,18608.370797044787,1,0.0,100.0
720,17786.60899103908,0.0,-177866.0899103908,0.0,10.0,0.0,-0.0,0.1,0.417696004,41.7696004,0.0,0.0,100.0,1.0,0.08,-8.0,-232.38591978911887,232.38591978911887,0.0,-232.38591978911887,232.38591978911887,0.0,-17421.83715146084,17421.83715146084,0.0,0.0,0.0,0.0,0.0,0.0,0.0,0.0,0.0,-177874.0899103908,-177874.0899103908,17886.60899103908,17886.60899103908,17786.60899103908,0.0,100.0,0.0,0.0,17886.60899103908,17886.60899103908,1,0.0,100.0
721,17880.000243007806,0.0,-178800.00243007805,0.0,10.0,0.0,-0.0,0.1,0.425108287,42.5108287,0.0,0.0,100.0,1.0,0.08,-8.0,-232.34455278973184,232.34455278973184,0.0,-232.34455278973184,232.34455278973184,0.0,-17515.311137428343,17515.311137428343,0.0,0.0,0.0,0.0,0.0,0.0,0.0,0.0,0.0,-178808.00243007805,-178808.00243007805,17980.000243007806,17980.000243007806,17880.000243007806,0.0,100.0,0.0,0.0,17980.000243007806,17980.000243007806,1,0.0,100.0
722,17856.879964357162,0.0,-178568.7996435716,0.0,10.0,0.0,-0.0,0.1,0.4236275,42.36275,0.0,0.0,100.0,1.0,0.08,-8.0,-232.3212511453818,232.3212511453818,0.0,-232.3212511453818,232.3212511453818,0.0,-17492.237462066398,17492.237462066398,0.0,0.0,0.0,0.0,0.0,0.0,0.0,0.0,0.0,-178576.7996435716,-178576.7996435716,17956.879964357162,17956.879964357162,17856.879964357162,0.0,100.0,0.0,0.0,17956.879964357162,17956.879964357162,1,0.0,100.0
723,17880.395559662367,0.0,-178803.95559662368,0.0,10.0,0.0,-0.0,0.1,0.426777996,42.6777996,0.0,0.0,100.0,1.0,0.08,-8.0,-232.28533600414832,232.28533600414832,0.0,-232.28533600414832,232.28533600414832,0.0,-17515.82488765407,17515.82488765407,0.0,0.0,0.0,0.0,0.0,0.0,0.0,0.0,0.0,-178811.95559662368,-178811.95559662368,17980.395559662367,17980.395559662367,17880.395559662367,0.0,100.0,0.0,0.0,17980.395559662367,17980.395559662367,1,0.0,100.0
724,18605.2845180353,0.0,-186052.845180353,0.0,10.0,0.0,-0.0,0.1,0.43366225,43.366225,0.0,0.0,100.0,1.0,0.08,-8.0,-236.66949620997423,236.66949620997423,0.0,-236.66949620997423,236.66949620997423,0.0,-18231.945525615352,18231.945525615352,0.0,0.0,0.0,0.0,0.0,0.0,0.0,0.0,0.0,-186060.845180353,-186060.845180353,18705.2845180353,18705.2845180353,18605.2845180353,0.0,100.0,0.0,0.0,18705.2845180353,18705.2845180353,1,0.0,100.0
725,21612.093505565554,0.0,-216120.93505565554,0.0,10.0,0.0,-0.0,0.1,0.43188311,43.188311,0.0,0.0,100.0,1.0,0.11,-11.0,-235.9604637659652,235.9604637659652,0.0,-235.9604637659652,235.9604637659652,0.0,-21240.172578033624,21240.172578033624,0.0,0.0,0.0,0.0,0.0,0.0,0.0,0.0,0.0,-216131.93505565554,-216131.93505565554,21712.093505565554,21712.093505565554,21612.093505565554,0.0,100.0,0.0,0.0,21712.093505565554,21712.093505565554,1,0.0,100.0
726,26327.833942797042,0.0,-263278.3394279704,0.0,10.0,0.0,-0.0,0.1,0.43171504,43.171504,0.0,0.0,100.0,1.0,0.11,-11.0,-271.4426479960944,271.4426479960944,0.0,-271.4426479960944,271.4426479960944,0.0,-25884.948646804853,25884.948646804853,0.0,0.0,0.0,0.0,0.0,0.0,0.0,0.0,0.0,-263289.3394279704,-263289.3394279704,26427.833942797042,26427.833942797042,26327.833942797042,0.0,100.0,0.0,0.0,26427.833942797042,26427.833942797042,1,0.0,100.0
727,30838.148887410814,0.0,-308381.4888741081,0.0,10.0,0.0,-0.0,0.1,0.43459681,43.459681,0.0,0.0,100.0,1.0,0.11,-11.0,-510.37527405399993,510.37527405399993,0.0,-510.37527405399993,510.37527405399993,0.0,-30387.29249271722,30387.29249271722,0.0,0.0,0.0,0.0,0.0,0.0,469.8941534144061,469.8941534144061,0.0,-308392.4888741081,-308392.4888741081,31408.04304082522,31408.04304082522,31308.04304082522,0.0,100.0,0.0,0.0,31408.04304082522,30938.148887410814,1,0.0,100.0
728,53707.92961081266,0.0,-537079.2961081266,0.0,10.0,0.0,-0.0,0.1,0.435451081,43.5451081,0.0,0.0,100.0,1.0,0.11,-11.0,-693.270357930611,693.270357930611,0.0,-693.270357930611,693.270357930611,0.0,-63482.2351569004,63482.2351569004,0.0,0.0,7329.3338671875,7329.3338671875,0.0,0.0,3731.51239476146,3731.51239476146,0.0,-537090.2961081266,-537090.2961081266,64868.77587276162,64868.775872761624,64768.77587276162,0.0,100.0,0.0,0.0,64868.775872761624,53807.929610812665,1,0.0,100.0
729,44096.049493408755,0.0,-440960.49493408756,0.0,10.0,0.0,-0.0,0.1,0.432520701,43.2520701,0.0,0.0,100.0,1.0,0.11,-11.0,-705.2600838631721,705.2600838631721,0.0,-705.2600838631721,705.2600838631721,0.0,-61229.402387941234,61229.402387941234,0.0,0.0,13910.7765234375,13910.7765234375,0.0,0.0,4533.096538821329,4533.096538821329,0.0,-440971.49493408756,-440971.49493408756,62639.92255566758,62639.92255566758,62539.92255566758,0.0,100.0,0.0,0.0,62639.92255566758,44196.04949340875,1,0.0,100.0
730,38452.93690376842,0.0,-384529.3690376842,0.0,10.0,0.0,-0.0,0.1,0.417320205,41.7320205,0.0,0.0,100.0,1.0,0.11,-11.0,-760.393143291068,760.393143291068,0.0,-760.393143291068,760.393143291068,0.0,-58257.8043227431,58257.8043227431,0.0,0.0,17687.627138671873,17687.627138671873,0.0,0.0,3538.02656688494,3538.02656688494,0.0,-384540.3690376842,-384540.3690376842,59778.590609325234,59778.590609325234,59678.590609325234,0.0,100.0,0.0,0.0,59778.590609325234,38552.93690376842,1,0.0,100.0
731,33413.62074003138,0.0,-334136.2074003138,0.0,10.0,0.0,-0.0,0.1,0.384582011,38.4582011,0.0,0.0,100.0,1.0,0.11,-11.0,-791.7436147458607,791.7436147458607,0.0,-791.7436147458607,791.7436147458607,0.0,-58327.73712874483,58327.73712874483,0.0,0.0,20454.824619140625,20454.824619140625,0.0,0.0,5942.778999064547,5942.778999064547,0.0,-334147.2074003138,-334147.2074003138,59911.22435823655,59911.224358236555,59811.22435823655,0.0,100.0,0.0,0.0,59911.224358236555,33513.62074003139,1,0.0,100.0
732,22767.67581450739,0.0,-227676.7581450739,0.0,10.0,0.0,-0.0,0.1,0.3779321539999999,37.793215399999994,0.0,0.0,100.0,1.0,0.11,-11.0,-809.4474183260903,809.4474183260903,0.0,-809.4474183260903,809.4474183260903,0.0,-55328.91569458814,55328.91569458814,0.0,0.0,20342.6409375,20342.6409375,0.0,0.0,13737.49377923293,13737.49377923293,0.0,-227687.7581450739,-227687.7581450739,56947.81053124032,56947.81053124032,56847.81053124032,0.0,100.0,0.0,0.0,56947.81053124032,22867.67581450739,1,0.0,100.0
733,27077.53400248059,0.0,-270775.34002480586,0.0,10.0,0.0,-0.0,0.1,0.373077494,37.3077494,0.0,0.0,100.0,1.0,0.11,-11.0,-813.4660336540553,813.4660336540553,0.0,-813.4660336540553,813.4660336540553,0.0,-58310.55295334623,58310.55295334623,0.0,0.0,18884.25307617188,18884.25307617188,0.0,0.0,13875.697942001872,13875.697942001872,0.0,-270786.34002480586,-270786.34002480586,59937.48502065435,59937.48502065434,59837.48502065435,0.0,100.0,0.0,0.0,59937.48502065434,27177.53400248059,1,0.0,100.0
734,33957.52339004853,0.0,-339575.2339004853,0.0,10.0,0.0,-0.0,0.1,0.377490152,37.7490152,0.0,0.0,100.0,1.0,0.08,-8.0,-826.4945884230548,826.4945884230548,0.0,-826.4945884230548,826.4945884230548,0.0,-58228.477947882544,58228.477947882544,0.0,0.0,14546.484052734377,14546.484052734377,0.0,0.0,11277.459681945746,11277.459681945746,0.0,-339583.2339004853,-339583.2339004853,59881.46712472865,59881.46712472865,59781.46712472865,0.0,100.0,0.0,0.0,59881.46712472865,34057.52339004853,1,0.0,100.0
735,41746.40073800324,0.0,-417464.00738003245,0.0,10.0,0.0,-0.0,0.1,0.387155195,38.7155195,0.0,0.0,100.0,1.0,0.08,-8.0,-799.3222967536275,799.3222967536275,0.0,-799.3222967536275,799.3222967536275,0.0,-58215.47498372036,58215.47498372036,0.0,0.0,9012.089091796875,9012.089091796875,0.0,0.0,8955.629747427503,8955.629747427503,0.0,-417472.00738003245,-417472.00738003245,59814.11957722762,59814.11957722762,59714.11957722762,0.0,100.0,0.0,0.0,59814.11957722762,41846.40073800324,1,0.0,100.0
736,55881.91611468129,0.0,-558819.161146813,0.0,10.0,0.0,-0.0,0.1,0.396412431,39.641243100000004,0.0,0.0,100.0,1.0,0.08,-8.0,-759.2927702201424,759.2927702201424,0.0,-759.2927702201424,759.2927702201424,0.0,-61687.21512101187,61687.21512101187,0.0,0.0,2580.224677734375,2580.224677734375,0.0,0.0,4643.659869036484,4643.659869036484,0.0,-558827.161146813,-558827.161146813,63205.80066145215,63205.80066145215,63105.80066145215,0.0,100.0,0.0,0.0,63205.80066145215,55981.91611468129,1,0.0,100.0
737,58468.17417358781,0.0,-584681.741735878,0.0,10.0,0.0,-0.0,0.1,0.379135886,37.9135886,0.0,0.0,100.0,1.0,0.11,-11.0,-560.8586792862944,560.8586792862944,0.0,-560.8586792862944,560.8586792862944,0.0,-57446.45681501522,57446.45681501522,0.0,0.0,0.0,0.0,0.0,0.0,0.0,0.0,0.0,-584692.741735878,-584692.741735878,58568.17417358781,58568.17417358781,58468.17417358781,0.0,100.0,0.0,0.0,58568.17417358781,58568.17417358781,1,0.0,100.0
738,46456.25294737964,0.0,-464562.52947379637,0.0,10.0,0.0,-0.0,0.1,0.350569535,35.0569535,0.0,0.0,100.0,1.0,0.11,-11.0,-579.9315077680559,579.9315077680559,0.0,-579.9315077680559,579.9315077680559,0.0,-45396.38993184353,45396.38993184353,0.0,0.0,0.0,0.0,0.0,0.0,0.0,0.0,0.0,-464573.52947379637,-464573.52947379637,46556.25294737964,46556.25294737964,46456.25294737964,0.0,100.0,0.0,0.0,46556.25294737964,46556.25294737964,1,0.0,100.0
739,44957.455939827996,0.0,-449574.55939828,0.0,10.0,0.0,-0.0,0.1,0.330586595,33.0586595,0.0,0.0,100.0,1.0,0.11,-11.0,-568.6043237962374,568.6043237962374,0.0,-568.6043237962374,568.6043237962374,0.0,-43920.24729223552,43920.24729223552,0.0,0.0,0.0,0.0,0.0,0.0,0.0,0.0,0.0,-449585.55939828,-449585.55939828,45057.455939827996,45057.455939827996,44957.455939827996,0.0,100.0,0.0,0.0,45057.455939827996,45057.455939827996,1,0.0,100.0
740,35905.059187705345,0.0,-359050.59187705343,0.0,10.0,0.0,-0.0,0.1,0.3250565589999999,32.505655899999994,0.0,0.0,100.0,1.0,0.11,-11.0,-560.4407928964508,560.4407928964508,0.0,-560.4407928964508,560.4407928964508,0.0,-34884.177601912445,34884.177601912445,0.0,0.0,0.0,0.0,0.0,0.0,0.0,0.0,0.0,-359061.59187705343,-359061.59187705343,36005.059187705345,36005.059187705345,35905.059187705345,0.0,100.0,0.0,0.0,36005.059187705345,36005.059187705345,1,0.0,100.0
741,33777.55673727974,0.0,-337775.5673727974,0.0,10.0,0.0,-0.0,0.1,0.33018468,33.018468,0.0,0.0,100.0,1.0,0.11,-11.0,-232.5266417222971,232.5266417222971,0.0,-232.5266417222971,232.5266417222971,0.0,-33412.50345383515,33412.50345383515,0.0,0.0,0.0,0.0,0.0,0.0,0.0,0.0,0.0,-337786.5673727974,-337786.5673727974,33877.55673727974,33877.55673727974,33777.55673727974,0.0,100.0,0.0,0.0,33877.55673727974,33877.55673727974,1,0.0,100.0
742,21487.519251772603,0.0,-214875.19251772604,0.0,10.0,0.0,-0.0,0.1,0.34307769,34.307769,0.0,0.0,100.0,1.0,0.11,-11.0,-232.7514477629015,232.7514477629015,0.0,-232.7514477629015,232.7514477629015,0.0,-21122.0163562468,21122.0163562468,0.0,0.0,0.0,0.0,0.0,0.0,0.0,0.0,0.0,-214886.19251772604,-214886.19251772604,21587.519251772603,21587.519251772603,21487.519251772603,0.0,100.0,0.0,0.0,21587.519251772603,21587.519251772603,1,0.0,100.0
743,18509.26276515133,0.0,-185092.6276515133,0.0,10.0,0.0,-0.0,0.1,0.353272775,35.3272775,0.0,0.0,100.0,1.0,0.11,-11.0,-235.91237689334096,235.91237689334096,0.0,-235.91237689334096,235.91237689334096,0.0,-18137.438011364648,18137.438011364648,0.0,0.0,0.0,0.0,0.0,0.0,0.0,0.0,0.0,-185103.6276515133,-185103.6276515133,18609.26276515133,18609.26276515133,18509.26276515133,0.0,100.0,0.0,0.0,18609.26276515133,18609.26276515133,1,0.0,100.0
744,17764.464671354028,0.0,-177644.64671354028,0.0,10.0,0.0,-0.0,0.1,0.365817305,36.5817305,0.0,0.0,100.0,1.0,0.08,-8.0,-232.9885092184528,232.9885092184528,0.0,-232.9885092184528,232.9885092184528,0.0,-17398.487652917123,17398.487652917123,0.0,0.0,0.0,0.0,0.0,0.0,0.0,0.0,0.0,-177652.64671354028,-177652.64671354028,17864.464671354028,17864.464671354028,17764.464671354028,0.0,100.0,0.0,0.0,17864.464671354028,17864.464671354028,1,0.0,100.0
745,17881.340849950273,0.0,-178813.40849950272,0.0,10.0,0.0,-0.0,0.1,0.3724521189999999,37.245211899999994,0.0,0.0,100.0,1.0,0.08,-8.0,-233.04082370064685,233.04082370064685,0.0,-233.04082370064685,233.04082370064685,0.0,-17515.25920254898,17515.25920254898,0.0,0.0,0.0,0.0,0.0,0.0,0.0,0.0,0.0,-178821.40849950272,-178821.40849950272,17981.340849950273,17981.340849950273,17881.340849950273,0.0,100.0,0.0,0.0,17981.340849950273,17981.340849950273,1,0.0,100.0
746,17858.314532632947,0.0,-178583.14532632945,0.0,10.0,0.0,-0.0,0.1,0.3785072129999999,37.85072129999999,0.0,0.0,100.0,1.0,0.08,-8.0,-233.08933049735543,233.08933049735543,0.0,-233.08933049735543,233.08933049735543,0.0,-17492.135871638235,17492.135871638235,0.0,0.0,0.0,0.0,0.0,0.0,0.0,0.0,0.0,-178591.14532632945,-178591.14532632945,17958.314532632947,17958.314532632947,17858.314532632947,0.0,100.0,0.0,0.0,17958.314532632947,17958.314532632947,1,0.0,100.0
747,17882.40336282163,0.0,-178824.0336282163,0.0,10.0,0.0,-0.0,0.1,0.396826932,39.6826932,0.0,0.0,100.0,1.0,0.08,-8.0,-233.1417824297904,233.1417824297904,0.0,-233.1417824297904,233.1417824297904,0.0,-17516.119797962052,17516.119797962052,0.0,0.0,0.0,0.0,0.0,0.0,0.0,0.0,0.0,-178832.0336282163,-178832.0336282163,17982.40336282163,17982.40336282163,17882.40336282163,0.0,100.0,0.0,0.0,17982.40336282163,17982.40336282163,1,0.0,100.0
748,18600.35603002523,0.0,-186003.56030025228,0.0,10.0,0.0,-0.0,0.1,0.413215813,41.3215813,0.0,0.0,100.0,1.0,0.08,-8.0,-234.26921554093704,234.26921554093704,0.0,-234.26921554093704,234.26921554093704,0.0,-18231.817598943355,18231.817598943355,0.0,0.0,0.0,0.0,0.0,0.0,0.0,0.0,0.0,-186011.56030025228,-186011.56030025228,18700.35603002523,18700.35603002523,18600.35603002523,0.0,100.0,0.0,0.0,18700.35603002523,18700.35603002523,1,0.0,100.0
749,22025.582879178935,0.0,-220255.82879178936,0.0,10.0,0.0,-0.0,0.1,0.422017412,42.2017412,0.0,0.0,100.0,1.0,0.11,-11.0,-233.82503071491635,233.82503071491635,0.0,-233.82503071491635,233.82503071491635,0.0,-21657.932817749104,21657.932817749104,0.0,0.0,0.0,0.0,0.0,0.0,0.0,0.0,0.0,-220266.82879178936,-220266.82879178936,22125.582879178935,22125.582879178935,22025.582879178935,0.0,100.0,0.0,0.0,22125.582879178935,22125.582879178935,1,0.0,100.0
750,26323.782758044832,0.0,-263237.8275804483,0.0,10.0,0.0,-0.0,0.1,0.422016156,42.2016156,0.0,0.0,100.0,1.0,0.11,-11.0,-269.2451414957497,269.2451414957497,0.0,-269.2451414957497,269.2451414957497,0.0,-25885.29247505333,25885.29247505333,0.0,0.0,0.0,0.0,0.0,0.0,0.0,0.0,0.0,-263248.8275804483,-263248.8275804483,26423.782758044832,26423.782758044832,26323.782758044832,0.0,100.0,0.0,0.0,26423.782758044832,26423.782758044832,1,0.0,100.0
751,29822.972935757844,0.0,-298229.72935757844,0.0,10.0,0.0,-0.0,0.1,0.421466662,42.1466662,0.0,0.0,100.0,1.0,0.11,-11.0,-509.8346682396644,509.8346682396644,0.0,-509.8346682396644,509.8346682396644,0.0,-30408.871368586864,30408.871368586864,0.0,0.0,897.469453125,897.469453125,0.0,0.0,608.098316183349,608.098316183349,0.0,-298240.72935757844,-298240.72935757844,31428.540705066192,31428.540705066192,31328.540705066192,0.0,100.0,0.0,0.0,31428.540705066192,29922.972935757844,1,0.0,100.0
752,55892.53815876637,0.0,-558925.3815876637,0.0,10.0,0.0,-0.0,0.1,0.414577601,41.4577601,0.0,0.0,100.0,1.0,0.11,-11.0,-693.3928601962749,693.3928601962749,0.0,-693.3928601962749,693.3928601962749,0.0,-63512.328970873525,63512.328970873525,0.0,0.0,5534.3949609375,5534.3949609375,0.0,0.0,3372.1815715622083,3372.1815715622083,0.0,-558936.3815876637,-558936.3815876637,64899.11469126608,64899.11469126608,64799.11469126608,0.0,100.0,0.0,0.0,64899.11469126608,55992.53815876637,1,0.0,100.0
753,43868.92955552254,0.0,-438689.2955552254,0.0,10.0,0.0,-0.0,0.1,0.416432872,41.6432872,0.0,0.0,100.0,1.0,0.11,-11.0,-693.5628738009061,693.5628738009061,0.0,-693.5628738009061,693.5628738009061,0.0,-61263.29161982693,61263.29161982693,0.0,0.0,9311.245576171874,9311.245576171874,0.0,0.0,9370.242235734331,9370.242235734331,0.0,-438700.2955552254,-438700.2955552254,62650.417367428745,62650.417367428745,62550.417367428745,0.0,100.0,0.0,0.0,62650.417367428745,43968.92955552254,1,0.0,100.0
754,30587.147660768853,0.0,-305871.4766076885,0.0,10.0,0.0,-0.0,0.1,0.419764737,41.9764737,0.0,0.0,100.0,1.0,0.11,-11.0,-710.7586805380998,710.7586805380998,0.0,-710.7586805380998,710.7586805380998,0.0,-58269.826890603406,58269.826890603406,0.0,0.0,15930.08279296875,15930.08279296875,0.0,0.0,13074.113797942004,13074.113797942004,0.0,-305882.4766076885,-305882.4766076885,59691.344251679606,59691.344251679606,59591.344251679606,0.0,100.0,0.0,0.0,59691.344251679606,30687.147660768853,1,0.0,100.0
755,33060.84705719278,0.0,-330608.47057192784,0.0,10.0,0.0,-0.0,0.1,0.412219377,41.2219377,0.0,0.0,100.0,1.0,0.11,-11.0,-715.2206839827896,715.2206839827896,0.0,-715.2206839827896,715.2206839827896,0.0,-58286.2268372317,58286.2268372317,0.0,0.0,10358.293271484376,10358.293271484376,0.0,0.0,16197.527876520116,16197.527876520116,0.0,-330619.47057192784,-330619.47057192784,59716.668205197275,59716.668205197275,59616.668205197275,0.0,100.0,0.0,0.0,59716.668205197275,33160.84705719278,1,0.0,100.0
756,23310.858618124257,0.0,-233108.58618124257,0.0,10.0,0.0,-0.0,0.1,0.393058064,39.3058064,0.0,0.0,100.0,1.0,0.11,-11.0,-714.2372955022573,714.2372955022573,0.0,-714.2372955022573,714.2372955022573,0.0,-55236.755806171794,55236.755806171794,0.0,0.0,16117.055595703125,16117.055595703125,0.0,0.0,17137.31618334893,17137.31618334893,0.0,-233119.58618124257,-233119.58618124257,56665.23039717631,56665.23039717631,56565.23039717631,0.0,100.0,0.0,0.0,56665.23039717631,23410.858618124257,1,0.0,100.0
757,32818.60342884356,0.0,-328186.0342884356,0.0,10.0,0.0,-0.0,0.1,0.38191098,38.191098000000004,0.0,0.0,100.0,1.0,0.11,-11.0,-712.781064803765,712.781064803765,0.0,-712.781064803765,712.781064803765,0.0,-58221.188848265134,58221.188848265134,0.0,0.0,10807.027998046877,10807.027998046877,0.0,0.0,15921.119550982228,15921.119550982228,0.0,-328197.0342884356,-328197.0342884356,59646.75097787267,59646.75097787267,59546.75097787267,0.0,100.0,0.0,0.0,59646.75097787267,32918.60342884356,1,0.0,100.0
758,36358.618140315106,0.0,-363586.1814031511,0.0,10.0,0.0,-0.0,0.1,0.397321359,39.732135899999996,0.0,0.0,100.0,1.0,0.08,-8.0,-737.7083547011232,737.7083547011232,0.0,-737.7083547011232,737.7083547011232,0.0,-58222.12267246272,58222.12267246272,0.0,0.0,10358.293271484376,10358.293271484376,0.0,0.0,12880.627970065483,12880.627970065483,0.0,-363594.1814031511,-363594.1814031511,59697.53938186496,59697.53938186497,59597.53938186496,0.0,100.0,0.0,0.0,59697.53938186497,36458.61814031511,1,0.0,100.0
759,44519.58854244478,0.0,-445195.88542444777,0.0,10.0,0.0,-0.0,0.1,0.409045186,40.9045186,0.0,0.0,100.0,1.0,0.08,-8.0,-742.8547871222318,742.8547871222318,0.0,-742.8547871222318,742.8547871222318,0.0,-58220.56467444958,58220.56467444958,0.0,0.0,6656.23177734375,6656.23177734375,0.0,0.0,8430.453928905521,8430.453928905521,0.0,-445203.88542444777,-445203.88542444777,59706.27424869405,59706.27424869405,59606.27424869405,0.0,100.0,0.0,0.0,59706.27424869405,44619.58854244478,1,0.0,100.0
760,58377.47048038818,0.0,-583774.7048038818,0.0,10.0,0.0,-0.0,0.1,0.370506134,37.050613399999996,0.0,0.0,100.0,1.0,0.08,-8.0,-707.5656959612423,707.5656959612423,0.0,-707.5656959612423,707.5656959612423,0.0,-61694.5616392031,61694.5616392031,0.0,0.0,1121.83681640625,1121.83681640625,0.0,0.0,3510.385734331151,3510.385734331151,0.0,-583782.7048038818,-583782.7048038818,63109.693031125586,63109.693031125586,63009.693031125586,0.0,100.0,0.0,0.0,63109.693031125586,58477.47048038818,1,0.0,100.0
761,57917.15596609643,0.0,-579171.5596609643,0.0,10.0,0.0,-0.0,0.1,0.352643875,35.2643875,0.0,0.0,100.0,1.0,0.11,-11.0,-510.8901270907859,510.8901270907859,0.0,-510.8901270907859,510.8901270907859,0.0,-57465.26986532926,57465.26986532926,0.0,0.0,0.0,0.0,0.0,0.0,469.8941534144061,469.8941534144061,0.0,-579182.5596609643,-579182.5596609643,58487.05011951083,58487.05011951083,58387.05011951083,0.0,100.0,0.0,0.0,58487.05011951083,58017.15596609643,1,0.0,100.0
762,46403.56857802324,0.0,-464035.68578023236,0.0,10.0,0.0,-0.0,0.1,0.326043868,32.6043868,0.0,0.0,100.0,1.0,0.11,-11.0,-539.2658284648218,539.2658284648218,0.0,-539.2658284648218,539.2658284648218,0.0,-45425.0369210936,45425.0369210936,0.0,0.0,0.0,0.0,0.0,0.0,0.0,0.0,0.0,-464046.68578023236,-464046.68578023236,46503.56857802324,46503.56857802324,46403.56857802324,0.0,100.0,0.0,0.0,46503.56857802324,46503.56857802324,1,0.0,100.0
763,44936.630583757076,0.0,-449366.30583757075,0.0,10.0,0.0,-0.0,0.1,0.2984083,29.84083,0.0,0.0,100.0,1.0,0.11,-11.0,-540.5193399328763,540.5193399328763,0.0,-540.5193399328763,540.5193399328763,0.0,-43955.59190389133,43955.59190389133,0.0,0.0,0.0,0.0,0.0,0.0,0.0,0.0,0.0,-449377.30583757075,-449377.30583757075,45036.630583757076,45036.630583757076,44936.630583757076,0.0,100.0,0.0,0.0,45036.630583757076,45036.630583757076,1,0.0,100.0
764,35920.454514943456,0.0,-359204.5451494346,0.0,10.0,0.0,-0.0,0.1,0.280705506,28.0705506,0.0,0.0,100.0,1.0,0.11,-11.0,-541.1937946662453,541.1937946662453,0.0,-541.1937946662453,541.1937946662453,0.0,-34938.06692561097,34938.06692561097,0.0,0.0,0.0,0.0,0.0,0.0,0.0,0.0,0.0,-359215.5451494346,-359215.5451494346,36020.454514943456,36020.454514943456,35920.454514943456,0.0,100.0,0.0,0.0,36020.454514943456,36020.454514943456,1,0.0,100.0
765,33854.735700688485,0.0,-338547.3570068849,0.0,10.0,0.0,-0.0,0.1,0.274268683,27.426868300000002,0.0,0.0,100.0,1.0,0.11,-11.0,-232.4727702657003,232.4727702657003,0.0,-232.4727702657003,232.4727702657003,0.0,-33489.790160157085,33489.790160157085,0.0,0.0,0.0,0.0,0.0,0.0,0.0,0.0,0.0,-338558.3570068849,-338558.3570068849,33954.735700688485,33954.735700688485,33854.735700688485,0.0,100.0,0.0,0.0,33954.735700688485,33954.735700688485,1,0.0,100.0
766,21486.00960008543,0.0,-214860.09600085428,0.0,10.0,0.0,-0.0,0.1,0.290077453,29.0077453,0.0,0.0,100.0,1.0,0.11,-11.0,-231.99660982737424,231.99660982737424,0.0,-231.99660982737424,231.99660982737424,0.0,-21122.01638043068,21122.01638043068,0.0,0.0,0.0,0.0,0.0,0.0,0.0,0.0,0.0,-214871.09600085428,-214871.09600085428,21586.00960008543,21586.00960008543,21486.00960008543,0.0,100.0,0.0,0.0,21586.00960008543,21586.00960008543,1,0.0,100.0
767,18577.932562137255,0.0,-185779.32562137255,0.0,10.0,0.0,-0.0,0.1,0.3075360669999999,30.75360669999999,0.0,0.0,100.0,1.0,0.11,-11.0,-235.2104005630974,235.2104005630974,0.0,-235.2104005630974,235.2104005630974,0.0,-18207.51176101106,18207.51176101106,0.0,0.0,0.0,0.0,0.0,0.0,0.0,0.0,0.0,-185790.32562137255,-185790.32562137255,18677.932562137255,18677.932562137255,18577.932562137255,0.0,100.0,0.0,0.0,18677.932562137255,18677.932562137255,1,0.0,100.0
768,17856.53126957592,0.0,-178565.3126957592,0.0,10.0,0.0,-0.0,0.1,0.32693772,32.693771999999996,0.0,0.0,100.0,1.0,0.08,-8.0,-232.1093673521409,232.1093673521409,0.0,-232.1093673521409,232.1093673521409,0.0,-17492.31253487164,17492.31253487164,0.0,0.0,0.0,0.0,0.0,0.0,0.0,0.0,0.0,-178573.3126957592,-178573.3126957592,17956.53126957592,17956.53126957592,17856.53126957592,0.0,100.0,0.0,0.0,17956.53126957592,17956.53126957592,1,0.0,100.0
769,17880.159922393552,0.0,-178801.5992239355,0.0,10.0,0.0,-0.0,0.1,0.336810848,33.6810848,0.0,0.0,100.0,1.0,0.08,-8.0,-232.0725654162636,232.0725654162636,0.0,-232.0725654162636,232.0725654162636,0.0,-17516.014791561025,17516.014791561025,0.0,0.0,0.0,0.0,0.0,0.0,0.0,0.0,0.0,-178809.5992239355,-178809.5992239355,17980.159922393552,17980.159922393552,17880.159922393552,0.0,100.0,0.0,0.0,17980.159922393552,17980.159922393552,1,0.0,100.0
770,17857.463249542914,0.0,-178574.63249542913,0.0,10.0,0.0,-0.0,0.1,0.326589542,32.658954200000004,0.0,0.0,100.0,1.0,0.08,-8.0,-231.99441522611588,231.99441522611588,0.0,-231.99441522611588,231.99441522611588,0.0,-17493.474419090682,17493.474419090682,0.0,0.0,0.0,0.0,0.0,0.0,0.0,0.0,0.0,-178582.63249542913,-178582.63249542913,17957.463249542914,17957.463249542914,17857.463249542914,0.0,100.0,0.0,0.0,17957.463249542914,17957.463249542914,1,0.0,100.0
771,18112.94837528128,0.0,-181129.4837528128,0.0,10.0,0.0,-0.0,0.1,0.3129860869999999,31.298608699999992,0.0,0.0,100.0,1.0,0.08,-8.0,-231.9165700625301,231.9165700625301,0.0,-231.9165700625301,231.9165700625301,0.0,-17749.11523515622,17749.11523515622,0.0,0.0,0.0,0.0,0.0,0.0,0.0,0.0,0.0,-181137.4837528128,-181137.4837528128,18212.94837528128,18212.94837528128,18112.94837528128,0.0,100.0,0.0,0.0,18212.94837528128,18212.94837528128,1,0.0,100.0
772,19759.27792912687,0.0,-197592.7792912687,0.0,10.0,0.0,-0.0,0.1,0.304011076,30.4011076,0.0,0.0,100.0,1.0,0.08,-8.0,-232.7516286030662,232.7516286030662,0.0,-232.7516286030662,232.7516286030662,0.0,-19393.77467192074,19393.77467192074,0.0,0.0,0.0,0.0,0.0,0.0,0.0,0.0,0.0,-197600.7792912687,-197600.7792912687,19859.27792912687,19859.27792912687,19759.27792912687,0.0,100.0,0.0,0.0,19859.27792912687,19859.27792912687,1,0.0,100.0
773,22537.33833145789,0.0,-225373.3833145789,0.0,10.0,0.0,-0.0,0.1,0.296316152,29.6316152,0.0,0.0,100.0,1.0,0.11,-11.0,-232.64188761944573,232.64188761944573,0.0,-232.64188761944573,232.64188761944573,0.0,-22172.054556219,22172.054556219,0.0,0.0,0.0,0.0,0.0,0.0,0.0,0.0,0.0,-225384.3833145789,-225384.3833145789,22637.33833145789,22637.33833145789,22537.33833145789,0.0,100.0,0.0,0.0,22637.33833145789,22637.33833145789,1,0.0,100.0
774,26348.116462401606,0.0,-263481.16462401603,0.0,10.0,0.0,-0.0,0.1,0.284148727,28.4148727,0.0,0.0,100.0,1.0,0.11,-11.0,-272.29874943627647,272.29874943627647,0.0,-272.29874943627647,272.29874943627647,0.0,-25903.51896352905,25903.51896352905,0.0,0.0,0.0,0.0,0.0,0.0,0.0,0.0,0.0,-263492.16462401603,-263492.16462401603,26448.116462401606,26448.116462401606,26348.116462401606,0.0,100.0,0.0,0.0,26448.116462401606,26448.116462401606,1,0.0,100.0
775,29330.071903858097,0.0,-293300.71903858095,0.0,10.0,0.0,-0.0,0.1,0.279523507,27.9523507,0.0,0.0,100.0,1.0,0.11,-11.0,-512.6078337549503,512.6078337549503,0.0,-512.6078337549503,512.6078337549503,0.0,-30523.383376116308,30523.383376116308,0.0,0.0,1234.020498046875,1234.020498046875,0.0,0.0,884.5066417212349,884.5066417212349,0.0,-293311.71903858095,-293311.71903858095,31548.599043626207,31548.599043626207,31448.599043626207,0.0,100.0,0.0,0.0,31548.599043626207,29430.071903858097,1,0.0,100.0
776,55344.8931899264,0.0,-553448.931899264,0.0,10.0,0.0,-0.0,0.1,0.291360847,29.136084699999998,0.0,0.0,100.0,1.0,0.11,-11.0,-695.7773235434842,695.7773235434842,0.0,-695.7773235434842,695.7773235434842,0.0,-63592.38190178508,63592.38190178508,0.0,0.0,5945.735126953125,5945.735126953125,0.0,0.0,3593.308231992517,3593.308231992517,0.0,-553459.931899264,-553459.931899264,64983.936548872036,64983.93654887204,64883.936548872036,0.0,100.0,0.0,0.0,64983.93654887204,55444.8931899264,1,0.0,100.0
777,41963.00408365419,0.0,-419630.0408365419,0.0,10.0,0.0,-0.0,0.1,0.29810255,29.810255,0.0,0.0,100.0,1.0,0.11,-11.0,-695.8587886484972,695.8587886484972,0.0,-695.8587886484972,695.8587886484972,0.0,-61333.03405638204,61333.03405638204,0.0,0.0,11816.6811328125,11816.6811328125,0.0,0.0,8845.066417212349,8845.066417212349,0.0,-419641.0408365419,-419641.0408365419,62724.751633679036,62724.751633679036,62624.751633679036,0.0,100.0,0.0,0.0,62724.751633679036,42063.00408365419,1,0.0,100.0
778,29280.894547786356,0.0,-292808.94547786354,0.0,10.0,0.0,-0.0,0.1,0.295000625,29.500062500000002,0.0,0.0,100.0,1.0,0.11,-11.0,-711.5312308095826,711.5312308095826,0.0,-711.5312308095826,711.5312308095826,0.0,-58348.89973960352,58348.89973960352,0.0,0.0,16902.3413671875,16902.3413671875,0.0,0.0,13488.726286248831,13488.726286248831,0.0,-292819.94547786354,-292819.94547786354,59771.96220122269,59771.96220122268,59671.96220122269,0.0,100.0,0.0,0.0,59771.96220122268,29380.894547786353,1,0.0,100.0
779,24559.98216115147,0.0,-245599.82161151472,0.0,10.0,0.0,-0.0,0.1,0.29084058,29.084058000000002,0.0,0.0,100.0,1.0,0.11,-11.0,-715.9009388234309,715.9009388234309,0.0,-715.9009388234309,715.9009388234309,0.0,-58381.44641555889,58381.44641555889,0.0,0.0,20006.08989257813,20006.08989257813,0.0,0.0,15147.176239476148,15147.176239476148,0.0,-245610.82161151472,-245610.82161151472,59813.24829320575,59813.24829320575,59713.24829320575,0.0,100.0,0.0,0.0,59813.24829320575,24659.98216115147,1,0.0,100.0
780,20672.832151751463,0.0,-206728.32151751465,0.0,10.0,0.0,-0.0,0.1,0.285709021,28.5709021,0.0,0.0,100.0,1.0,0.11,-11.0,-713.8230552049524,713.8230552049524,0.0,-713.8230552049524,713.8230552049524,0.0,-55400.84591967776,55400.84591967776,0.0,0.0,19968.69533203125,19968.69533203125,0.0,0.0,16086.96454630496,16086.96454630496,0.0,-206739.32151751465,-206739.32151751465,56828.49203008768,56828.49203008767,56728.49203008768,0.0,100.0,0.0,0.0,56828.49203008767,20772.832151751456,1,0.0,100.0
781,27440.884476341154,0.0,-274408.84476341156,0.0,10.0,0.0,-0.0,0.1,0.276512286,27.6512286,0.0,0.0,100.0,1.0,0.11,-11.0,-698.2967496378582,698.2967496378582,0.0,-698.2967496378582,698.2967496378582,0.0,-58424.625733271954,58424.625733271954,0.0,0.0,18211.150986328124,18211.150986328124,0.0,0.0,14069.183769878391,14069.183769878391,0.0,-274419.84476341156,-274419.84476341156,59821.21923254767,59821.21923254767,59721.21923254767,0.0,100.0,0.0,0.0,59821.21923254767,27540.884476341154,1,0.0,100.0
782,32316.365624332702,0.0,-323163.656243327,0.0,10.0,0.0,-0.0,0.1,0.282147172,28.2147172,0.0,0.0,100.0,1.0,0.08,-8.0,-699.0032145866829,699.0032145866829,0.0,-699.0032145866829,699.0032145866829,0.0,-58354.38372428995,58354.38372428995,0.0,0.0,15256.980703125,15256.980703125,0.0,0.0,12079.043826005614,12079.043826005614,0.0,-323171.656243327,-323171.656243327,59752.39015346332,59752.39015346332,59652.39015346332,0.0,100.0,0.0,0.0,59752.39015346332,32416.365624332706,1,0.0,100.0
783,42505.070156545495,0.0,-425050.70156545495,0.0,10.0,0.0,-0.0,0.1,0.292384555,29.2384555,0.0,0.0,100.0,1.0,0.08,-8.0,-690.1096597249445,690.1096597249445,0.0,-690.1096597249445,690.1096597249445,0.0,-58257.64242376758,58257.64242376758,0.0,0.0,9348.64013671875,9348.64013671875,0.0,0.0,7684.151449953229,7684.151449953229,0.0,-425058.70156545495,-425058.70156545495,59637.86174321747,59637.86174321747,59537.86174321747,0.0,100.0,0.0,0.0,59637.86174321747,42605.070156545495,1,0.0,100.0
784,56994.01802889224,0.0,-569940.1802889224,0.0,10.0,0.0,-0.0,0.1,0.267102446,26.7102446,0.0,0.0,100.0,1.0,0.08,-8.0,-685.3523391029198,685.3523391029198,0.0,-685.3523391029198,685.3523391029198,0.0,-61698.4677588201,61698.4677588201,0.0,0.0,2879.381162109375,2879.381162109375,0.0,0.0,3095.7732460243224,3095.7732460243224,0.0,-569948.1802889224,-569948.1802889224,63069.17243702594,63069.17243702594,62969.17243702594,0.0,100.0,0.0,0.0,63069.17243702594,57094.01802889224,1,0.0,100.0
785,57886.16774185805,0.0,-578861.6774185805,0.0,10.0,0.0,-0.0,0.1,0.259986716,25.9986716,0.0,0.0,100.0,1.0,0.11,-11.0,-509.4726866494632,509.4726866494632,0.0,-509.4726866494632,509.4726866494632,0.0,-57464.75735452732,57464.75735452732,0.0,0.0,0.0,0.0,0.0,0.0,497.5349859681946,497.5349859681946,0.0,-578872.6774185805,-578872.6774185805,58483.70272782625,58483.70272782625,58383.70272782625,0.0,100.0,0.0,0.0,58483.70272782625,57986.16774185805,1,0.0,100.0
786,46404.625649064954,0.0,-464046.25649064954,0.0,10.0,0.0,-0.0,0.1,0.23433708,23.433708,0.0,0.0,100.0,1.0,0.11,-11.0,-540.9676992712504,540.9676992712504,0.0,-540.9676992712504,540.9676992712504,0.0,-45422.69025052245,45422.69025052245,0.0,0.0,0.0,0.0,0.0,0.0,0.0,0.0,0.0,-464057.25649064954,-464057.25649064954,46504.625649064954,46504.625649064954,46404.625649064954,0.0,100.0,0.0,0.0,46504.625649064954,46504.625649064954,1,0.0,100.0
787,44939.24247435805,0.0,-449392.4247435805,0.0,10.0,0.0,-0.0,0.1,0.211254685,21.1254685,0.0,0.0,100.0,1.0,0.11,-11.0,-542.7492242705385,542.7492242705385,0.0,-542.7492242705385,542.7492242705385,0.0,-43953.74402581697,43953.74402581697,0.0,0.0,0.0,0.0,0.0,0.0,0.0,0.0,0.0,-449403.4247435805,-449403.4247435805,45039.24247435805,45039.24247435805,44939.24247435805,0.0,100.0,0.0,0.0,45039.24247435805,45039.24247435805,1,0.0,100.0
788,35911.66291336417,0.0,-359116.6291336417,0.0,10.0,0.0,-0.0,0.1,0.205419204,20.5419204,0.0,0.0,100.0,1.0,0.11,-11.0,-542.6795464128178,542.6795464128178,0.0,-542.6795464128178,542.6795464128178,0.0,-34926.30382053853,34926.30382053853,0.0,0.0,0.0,0.0,0.0,0.0,0.0,0.0,0.0,-359127.6291336417,-359127.6291336417,36011.66291336417,36011.66291336417,35911.66291336417,0.0,100.0,0.0,0.0,36011.66291336417,36011.66291336417,1,0.0,100.0
789,33824.81757678989,0.0,-338248.17576789885,0.0,10.0,0.0,-0.0,0.1,0.201541307,20.1541307,0.0,0.0,100.0,1.0,0.11,-11.0,-232.1659767254839,232.1659767254839,0.0,-232.1659767254839,232.1659767254839,0.0,-33460.48562333892,33460.48562333892,0.0,0.0,0.0,0.0,0.0,0.0,0.0,0.0,0.0,-338259.17576789885,-338259.17576789885,33924.81757678989,33924.81757678989,33824.81757678989,0.0,100.0,0.0,0.0,33924.81757678989,33924.81757678989,1,0.0,100.0
790,21485.434335386733,0.0,-214854.34335386733,0.0,10.0,0.0,-0.0,0.1,0.214015041,21.4015041,0.0,0.0,100.0,1.0,0.11,-11.0,-231.70896538608784,231.70896538608784,0.0,-231.70896538608784,231.70896538608784,0.0,-21122.01640461456,21122.01640461456,0.0,0.0,0.0,0.0,0.0,0.0,0.0,0.0,0.0,-214865.34335386733,-214865.34335386733,21585.434335386733,21585.434335386733,21485.434335386733,0.0,100.0,0.0,0.0,21585.434335386733,21585.434335386733,1,0.0,100.0
791,18507.52904203898,0.0,-185075.2904203898,0.0,10.0,0.0,-0.0,0.1,0.245777507,24.5777507,0.0,0.0,100.0,1.0,0.11,-11.0,-235.0454911532861,235.0454911532861,0.0,-235.0454911532861,235.0454911532861,0.0,-18137.438059732405,18137.438059732405,0.0,0.0,0.0,0.0,0.0,0.0,0.0,0.0,0.0,-185086.2904203898,-185086.2904203898,18607.52904203898,18607.52904203898,18507.52904203898,0.0,100.0,0.0,0.0,18607.52904203898,18607.52904203898,1,0.0,100.0
792,17878.955604254883,0.0,-178789.55604254882,0.0,10.0,0.0,-0.0,0.1,0.25552357,25.552356999999997,0.0,0.0,100.0,1.0,0.08,-8.0,-231.82719715435937,231.82719715435937,0.0,-231.82719715435937,231.82719715435937,0.0,-17515.301209946163,17515.301209946163,0.0,0.0,0.0,0.0,0.0,0.0,0.0,0.0,0.0,-178797.55604254882,-178797.55604254882,17978.955604254883,17978.955604254883,17878.955604254883,0.0,100.0,0.0,0.0,17978.955604254883,17978.955604254883,1,0.0,100.0
793,17855.80492289805,0.0,-178558.0492289805,0.0,10.0,0.0,-0.0,0.1,0.256215554,25.621555400000002,0.0,0.0,100.0,1.0,0.08,-8.0,-231.8183828909223,231.8183828909223,0.0,-231.8183828909223,231.8183828909223,0.0,-17492.168157116204,17492.168157116204,0.0,0.0,0.0,0.0,0.0,0.0,0.0,0.0,0.0,-178566.0492289805,-178566.0492289805,17955.80492289805,17955.80492289805,17855.80492289805,0.0,100.0,0.0,0.0,17955.80492289805,17955.80492289805,1,0.0,100.0
794,17879.673035353604,0.0,-178796.73035353603,0.0,10.0,0.0,-0.0,0.1,0.257687693,25.7687693,0.0,0.0,100.0,1.0,0.08,-8.0,-231.78447845633264,231.78447845633264,0.0,-231.78447845633264,231.78447845633264,0.0,-17516.104078440938,17516.104078440938,0.0,0.0,0.0,0.0,0.0,0.0,0.0,0.0,0.0,-178804.73035353603,-178804.73035353603,17979.673035353604,17979.673035353604,17879.673035353604,0.0,100.0,0.0,0.0,17979.673035353604,17979.673035353604,1,0.0,100.0
795,17890.026385022127,0.0,-178900.26385022126,0.0,10.0,0.0,-0.0,0.1,0.26089678,26.089678,0.0,0.0,100.0,1.0,0.08,-8.0,-248.67725699491595,248.67725699491595,0.0,-248.67725699491595,248.67725699491595,0.0,-17492.671871032297,17492.671871032297,0.0,0.0,0.0,0.0,0.0,0.0,0.0,0.0,0.0,-178908.26385022126,-178908.26385022126,17990.026385022127,17990.026385022127,17890.026385022127,0.0,100.0,0.0,0.0,17990.026385022127,17990.026385022127,1,0.0,100.0
796,18681.728846101563,0.0,-186817.28846101562,0.0,10.0,0.0,-0.0,0.1,0.250460133,25.0460133,0.0,0.0,100.0,1.0,0.08,-8.0,-262.9180012543361,262.9180012543361,0.0,-262.9180012543361,262.9180012543361,0.0,-18255.89284359289,18255.89284359289,0.0,0.0,0.0,0.0,0.0,0.0,0.0,0.0,0.0,-186825.28846101562,-186825.28846101562,18781.728846101563,18781.728846101563,18681.728846101563,0.0,100.0,0.0,0.0,18781.728846101563,18781.728846101563,1,0.0,100.0
797,21628.66009327005,0.0,-216286.6009327005,0.0,10.0,0.0,-0.0,0.1,0.242148761,24.214876099999998,0.0,0.0,100.0,1.0,0.11,-11.0,-255.90098264701496,255.90098264701496,0.0,-255.90098264701496,255.90098264701496,0.0,-21216.85812797602,21216.85812797602,0.0,0.0,0.0,0.0,0.0,0.0,0.0,0.0,0.0,-216297.6009327005,-216297.6009327005,21728.66009327005,21728.66009327005,21628.66009327005,0.0,100.0,0.0,0.0,21728.66009327005,21728.66009327005,1,0.0,100.0
798,26329.545032530863,0.0,-263295.4503253086,0.0,10.0,0.0,-0.0,0.1,0.243325737,24.332573699999998,0.0,0.0,100.0,1.0,0.11,-11.0,-274.79308038032644,274.79308038032644,0.0,-274.79308038032644,274.79308038032644,0.0,-25879.95887177021,25879.95887177021,0.0,0.0,0.0,0.0,0.0,0.0,0.0,0.0,0.0,-263306.4503253086,-263306.4503253086,26429.545032530863,26429.545032530863,26329.545032530863,0.0,100.0,0.0,0.0,26429.545032530863,26429.545032530863,1,0.0,100.0
799,29065.936007232638,0.0,-290659.3600723264,0.0,10.0,0.0,-0.0,0.1,0.247931833,24.7931833,0.0,0.0,100.0,1.0,0.11,-11.0,-512.8732441030115,512.8732441030115,0.0,-512.8732441030115,512.8732441030115,0.0,-30335.126131313948,30335.126131313948,0.0,0.0,1420.99330078125,1420.99330078125,0.0,0.0,773.9433115060806,773.9433115060806,0.0,-290670.3600723264,-290670.3600723264,31360.87261951997,31360.87261951997,31260.87261951997,0.0,100.0,0.0,0.0,31360.87261951997,29165.936007232638,1,0.0,100.0
800,54106.46397254941,0.0,-541064.6397254941,0.0,10.0,0.0,-0.0,0.1,0.253705421,25.370542099999998,0.0,0.0,100.0,1.0,0.11,-11.0,-695.8229520024396,695.8229520024396,0.0,-695.8229520024396,695.8229520024396,0.0,-63448.05741134264,63448.05741134264,0.0,0.0,7067.571943359375,7067.571943359375,0.0,0.0,3565.6673994387284,3565.6673994387284,0.0,-541075.6397254941,-541075.6397254941,64839.70331534752,64839.70331534752,64739.70331534752,0.0,100.0,0.0,0.0,64839.70331534752,54206.46397254942,1,0.0,100.0
801,40065.970299834495,0.0,-400659.70299834496,0.0,10.0,0.0,-0.0,0.1,0.260191034,26.0191034,0.0,0.0,100.0,1.0,0.11,-11.0,-695.3904582294633,695.3904582294633,0.0,-695.3904582294633,695.3904582294633,0.0,-61210.74803223878,61210.74803223878,0.0,0.0,13424.647236328125,13424.647236328125,0.0,0.0,9010.91141253508,9010.91141253508,0.0,-400670.70299834496,-400670.70299834496,62601.5289486977,62601.528948697705,62501.5289486977,0.0,100.0,0.0,0.0,62601.528948697705,40165.9702998345,1,0.0,100.0
802,28117.060567124514,0.0,-281170.60567124514,0.0,10.0,0.0,-0.0,0.1,0.26138715,26.138715,0.0,0.0,100.0,1.0,0.11,-11.0,-710.3688528261936,710.3688528261936,0.0,-710.3688528261936,710.3688528261936,0.0,-58232.78623935523,58232.78623935523,0.0,0.0,18472.91291015625,18472.91291015625,0.0,0.0,12963.55046772685,12963.55046772685,0.0,-281181.60567124514,-281181.60567124514,59653.52394500761,59653.52394500761,59553.52394500761,0.0,100.0,0.0,0.0,59653.52394500761,28217.060567124514,1,0.0,100.0
803,23164.2192400371,0.0,-231642.192400371,0.0,10.0,0.0,-0.0,0.1,0.257419863,25.741986300000004,0.0,0.0,100.0,1.0,0.11,-11.0,-714.6225155975656,714.6225155975656,0.0,-714.6225155975656,714.6225155975656,0.0,-58217.3997846667,58217.3997846667,0.0,0.0,20903.559345703125,20903.559345703125,0.0,0.0,15478.866230121612,15478.866230121612,0.0,-231653.192400371,-231653.192400371,59646.64481586184,59646.64481586183,59546.64481586184,0.0,100.0,0.0,0.0,59646.64481586183,23264.21924003709,1,0.0,100.0
804,25064.000322677588,0.0,-250640.00322677588,0.0,10.0,0.0,-0.0,0.1,0.251179873,25.1179873,0.0,0.0,100.0,1.0,0.11,-11.0,-715.5457368565259,715.5457368565259,0.0,-715.5457368565259,715.5457368565259,0.0,-55200.12728449132,55200.12728449132,0.0,0.0,21240.110390625,21240.110390625,0.0,0.0,10227.10804490178,10227.10804490178,0.0,-250651.00322677588,-250651.00322677588,56631.21875820437,56631.21875820437,56531.21875820437,0.0,100.0,0.0,0.0,56631.21875820437,25164.000322677588,1,0.0,100.0
805,27119.51297223181,0.0,-271195.1297223181,0.0,10.0,0.0,-0.0,0.1,0.241766598,24.1766598,0.0,0.0,100.0,1.0,0.11,-11.0,-704.1706034623242,704.1706034623242,0.0,-704.1706034623242,704.1706034623242,0.0,-58206.99414488577,58206.99414488577,0.0,0.0,17276.28697265625,17276.28697265625,0.0,0.0,15119.53540692236,15119.53540692236,0.0,-271206.1297223181,-271206.1297223181,59615.33535181042,59615.33535181042,59515.33535181042,0.0,100.0,0.0,0.0,59615.33535181042,27219.51297223181,1,0.0,100.0
806,34569.9301923147,0.0,-345699.301923147,0.0,10.0,0.0,-0.0,0.1,0.239116458,23.9116458,0.0,0.0,100.0,1.0,0.08,-8.0,-705.6957944320441,705.6957944320441,0.0,-705.6957944320441,705.6957944320441,0.0,-58202.89998956643,58202.89998956643,0.0,0.0,13611.6200390625,13611.6200390625,0.0,0.0,11332.741347053325,11332.741347053325,0.0,-345707.301923147,-345707.301923147,59614.29157843052,59614.29157843052,59514.29157843052,0.0,100.0,0.0,0.0,59614.29157843052,34669.9301923147,1,0.0,100.0
807,47112.554390904304,0.0,-471125.5439090431,0.0,10.0,0.0,-0.0,0.1,0.243092872,24.3092872,0.0,0.0,100.0,1.0,0.08,-8.0,-692.6404190833193,692.6404190833193,0.0,-692.6404190833193,692.6404190833193,0.0,-58203.66379505124,58203.66379505124,0.0,0.0,4001.217978515625,4001.217978515625,0.0,0.0,8375.172263797944,8375.172263797944,0.0,-471133.5439090431,-471133.5439090431,59588.94463321788,59588.94463321788,59488.94463321788,0.0,100.0,0.0,0.0,59588.94463321788,47212.554390904304,1,0.0,100.0
808,57965.755064628705,0.0,-579657.550646287,0.0,10.0,0.0,-0.0,0.1,0.248733513,24.8733513,0.0,0.0,100.0,1.0,0.08,-8.0,-685.6457206796025,685.6457206796025,0.0,-685.6457206796025,685.6457206796025,0.0,-61676.2316497728,61676.2316497728,0.0,0.0,1720.14978515625,1720.14978515625,0.0,0.0,3261.6182413470538,3261.6182413470538,0.0,-579665.550646287,-579665.550646287,63047.52309113201,63047.52309113201,62947.52309113201,0.0,100.0,0.0,0.0,63047.52309113201,58065.755064628705,1,0.0,100.0
809,57857.794974521734,0.0,-578577.9497452173,0.0,10.0,0.0,-0.0,0.1,0.233574228,23.3574228,0.0,0.0,100.0,1.0,0.11,-11.0,-509.3451503994831,509.3451503994831,0.0,-509.3451503994831,509.3451503994831,0.0,-57436.63965969096,57436.63965969096,0.0,0.0,0.0,0.0,0.0,0.0,497.5349859681946,497.5349859681946,0.0,-578588.9497452173,-578588.9497452173,58455.32996048993,58455.32996048993,58355.32996048993,0.0,100.0,0.0,0.0,58455.32996048993,57957.794974521734,1,0.0,100.0
810,46365.68741399491,0.0,-463656.8741399491,0.0,10.0,0.0,-0.0,0.1,0.234167988,23.4167988,0.0,0.0,100.0,1.0,0.11,-11.0,-539.4184488607384,539.4184488607384,0.0,-539.4184488607384,539.4184488607384,0.0,-45386.85051627343,45386.85051627343,0.0,0.0,0.0,0.0,0.0,0.0,0.0,0.0,0.0,-463667.8741399491,-463667.8741399491,46465.68741399491,46465.68741399491,46365.68741399491,0.0,100.0,0.0,0.0,46465.68741399491,46465.68741399491,1,0.0,100.0
811,44890.691914797135,0.0,-448906.9191479713,0.0,10.0,0.0,-0.0,0.1,0.215097613,21.5097613,0.0,0.0,100.0,1.0,0.11,-11.0,-539.5774287884998,539.5774287884998,0.0,-539.5774287884998,539.5774287884998,0.0,-43911.537057220135,43911.537057220135,0.0,0.0,0.0,0.0,0.0,0.0,0.0,0.0,0.0,-448917.9191479713,-448917.9191479713,44990.691914797135,44990.691914797135,44890.691914797135,0.0,100.0,0.0,0.0,44990.691914797135,44990.691914797135,1,0.0,100.0
812,35855.44861986011,0.0,-358554.4861986011,0.0,10.0,0.0,-0.0,0.1,0.215123167,21.5123167,0.0,0.0,100.0,1.0,0.11,-11.0,-539.654074557518,539.654074557518,0.0,-539.654074557518,539.654074557518,0.0,-34876.14047074507,34876.14047074507,0.0,0.0,0.0,0.0,0.0,0.0,0.0,0.0,0.0,-358565.4861986011,-358565.4861986011,35955.44861986011,35955.44861986011,35855.44861986011,0.0,100.0,0.0,0.0,35955.44861986011,35955.44861986011,1,0.0,100.0
813,33764.8077547867,0.0,-337648.07754786697,0.0,10.0,0.0,-0.0,0.1,0.2135159089999999,21.35159089999999,0.0,0.0,100.0,1.0,0.11,-11.0,-231.9398846778314,231.9398846778314,0.0,-231.9398846778314,231.9398846778314,0.0,-33400.92798543104,33400.92798543104,0.0,0.0,0.0,0.0,0.0,0.0,0.0,0.0,0.0,-337659.07754786697,-337659.07754786697,33864.8077547867,33864.8077547867,33764.8077547867,0.0,100.0,0.0,0.0,33864.8077547867,33864.8077547867,1,0.0,100.0
814,21486.275848104542,0.0,-214862.75848104543,0.0,10.0,0.0,-0.0,0.1,0.2270465039999999,22.70465039999999,0.0,0.0,100.0,1.0,0.11,-11.0,-232.12970965305533,232.12970965305533,0.0,-232.12970965305533,232.12970965305533,0.0,-21122.01642879843,21122.01642879843,0.0,0.0,0.0,0.0,0.0,0.0,0.0,0.0,0.0,-214873.75848104543,-214873.75848104543,21586.275848104542,21586.275848104542,21486.275848104542,0.0,100.0,0.0,0.0,21586.275848104542,21586.275848104542,1,0.0,100.0
815,18508.030604452717,0.0,-185080.30604452715,0.0,10.0,0.0,-0.0,0.1,0.229120361,22.912036099999998,0.0,0.0,100.0,1.0,0.11,-11.0,-235.29626026821657,235.29626026821657,0.0,-235.29626026821657,235.29626026821657,0.0,-18137.438083916284,18137.438083916284,0.0,0.0,0.0,0.0,0.0,0.0,0.0,0.0,0.0,-185091.30604452715,-185091.30604452715,18608.030604452717,18608.030604452717,18508.030604452717,0.0,100.0,0.0,0.0,18608.030604452717,18608.030604452717,1,0.0,100.0
816,14749.652807160715,0.0,-147496.52807160714,0.0,10.0,0.0,-0.0,0.1,0.232511551,23.251155100000002,0.0,0.0,100.0,1.0,0.08,-8.0,-232.26014767218453,232.26014767218453,0.0,-232.26014767218453,232.26014767218453,0.0,-14385.132511816346,14385.132511816346,0.0,0.0,0.0,0.0,0.0,0.0,0.0,0.0,0.0,-147504.52807160714,-147504.52807160714,14849.652807160715,14849.652807160715,14749.652807160715,0.0,100.0,0.0,0.0,14849.652807160715,14849.652807160715,1,0.0,100.0
817,14773.010851749135,0.0,-147730.10851749135,0.0,10.0,0.0,-0.0,0.1,0.2392870389999999,23.928703899999988,0.0,0.0,100.0,1.0,0.08,-8.0,-232.2607840437868,232.2607840437868,0.0,-232.2607840437868,232.2607840437868,0.0,-14408.489283661562,14408.489283661562,0.0,0.0,0.0,0.0,0.0,0.0,0.0,0.0,0.0,-147738.10851749135,-147738.10851749135,14873.010851749135,14873.010851749135,14773.010851749135,0.0,100.0,0.0,0.0,14873.010851749135,14873.010851749135,1,0.0,100.0
818,14866.418946043987,0.0,-148664.18946043987,0.0,10.0,0.0,-0.0,0.1,0.2372376689999999,23.72376689999999,0.0,0.0,100.0,1.0,0.08,-8.0,-232.2411846854833,232.2411846854833,0.0,-232.2411846854833,232.2411846854833,0.0,-14501.93657667302,14501.93657667302,0.0,0.0,0.0,0.0,0.0,0.0,0.0,0.0,0.0,-148672.18946043987,-148672.18946043987,14966.418946043987,14966.418946043987,14866.418946043987,0.0,100.0,0.0,0.0,14966.418946043987,14966.418946043987,1,0.0,100.0
819,14843.145975856189,0.0,-148431.4597585619,0.0,10.0,0.0,-0.0,0.1,0.236999447,23.6999447,0.0,0.0,100.0,1.0,0.08,-8.0,-232.20865358173253,232.20865358173253,0.0,-232.20865358173253,232.20865358173253,0.0,-14478.728668692724,14478.728668692724,0.0,0.0,0.0,0.0,0.0,0.0,0.0,0.0,0.0,-148439.4597585619,-148439.4597585619,14943.145975856189,14943.145975856189,14843.145975856189,0.0,100.0,0.0,0.0,14943.145975856189,14943.145975856189,1,0.0,100.0
820,15607.30975557756,0.0,-156073.0975557756,0.0,10.0,0.0,-0.0,0.1,0.233594682,23.3594682,0.0,0.0,100.0,1.0,0.08,-8.0,-233.0773559662646,233.0773559662646,0.0,-233.0773559662646,233.0773559662646,0.0,-15241.15504364503,15241.15504364503,0.0,0.0,0.0,0.0,0.0,0.0,0.0,0.0,0.0,-156081.0975557756,-156081.0975557756,15707.30975557756,15707.30975557756,15607.30975557756,0.0,100.0,0.0,0.0,15707.30975557756,15707.30975557756,1,0.0,100.0
821,17061.97773622335,0.0,-170619.7773622335,0.0,10.0,0.0,-0.0,0.1,0.225804482,22.5804482,0.0,0.0,100.0,1.0,0.11,-11.0,-233.02021072527023,233.02021072527023,0.0,-233.02021072527023,233.02021072527023,0.0,-16695.93731477281,16695.93731477281,0.0,0.0,0.0,0.0,0.0,0.0,0.0,0.0,0.0,-170630.7773622335,-170630.7773622335,17161.97773622335,17161.97773622335,17061.97773622335,0.0,100.0,0.0,0.0,17161.97773622335,17161.97773622335,1,0.0,100.0
822,26235.084813559126,0.0,-262350.84813559125,0.0,10.0,0.0,-0.0,0.1,0.216497051,21.6497051,0.0,0.0,100.0,1.0,0.11,-11.0,-233.079815425978,233.079815425978,0.0,-233.079815425978,233.079815425978,0.0,-25868.92518270717,25868.92518270717,0.0,0.0,0.0,0.0,0.0,0.0,0.0,0.0,0.0,-262361.84813559125,-262361.84813559125,26335.084813559126,26335.084813559126,26235.084813559126,0.0,100.0,0.0,0.0,26335.084813559126,26335.084813559126,1,0.0,100.0
823,23246.33965762354,0.0,-232463.3965762354,0.0,10.0,0.0,-0.0,0.1,0.215753548,21.5753548,0.0,0.0,100.0,1.0,0.11,-11.0,-202.9406486335255,202.9406486335255,0.0,-202.9406486335255,202.9406486335255,0.0,-24255.812624079525,24255.812624079525,0.0,0.0,486.129287109375,486.129287109375,0.0,0.0,829.2249766136578,829.2249766136578,0.0,-232474.3965762354,-232474.3965762354,24661.69392134657,24661.693921346574,24561.69392134657,0.0,100.0,0.0,0.0,24661.693921346574,23346.339657623543,1,0.0,100.0
824,33475.67004594405,0.0,-334756.7004594405,0.0,10.0,0.0,-0.0,0.1,0.219783383,21.9783383,0.0,0.0,100.0,1.0,0.11,-11.0,-196.97515637781663,196.97515637781663,0.0,-196.97515637781663,196.97515637781663,0.0,-39304.89527096467,39304.89527096467,0.0,0.0,1645.3606640624998,1645.3606640624998,0.0,0.0,4477.814873713752,4477.814873713752,0.0,-334767.7004594405,-334767.7004594405,39698.8455837203,39698.8455837203,39598.8455837203,0.0,100.0,0.0,0.0,39698.8455837203,33575.67004594405,1,0.0,100.0
825,25942.25828906944,0.0,-259422.58289069438,0.0,10.0,0.0,-0.0,0.1,0.22788317,22.788317,0.0,0.0,100.0,1.0,0.11,-11.0,-197.0281081521321,197.0281081521321,0.0,-197.0281081521321,197.0281081521321,0.0,-37079.97457341378,37079.97457341378,0.0,0.0,3028.9594042968747,3028.9594042968747,0.0,0.0,8402.813096351732,8402.813096351732,0.0,-259433.58289069438,-259433.58289069438,37474.03078971805,37474.03078971805,37374.03078971805,0.0,100.0,0.0,0.0,37474.03078971805,26042.25828906944,1,0.0,100.0
826,18622.83537171327,0.0,-186228.3537171327,0.0,10.0,0.0,-0.0,0.1,0.2301820839999999,23.01820839999999,0.0,0.0,100.0,1.0,0.11,-11.0,-197.0284806276402,197.0284806276402,0.0,-197.0284806276402,197.0284806276402,0.0,-34117.95386829132,34117.95386829132,0.0,0.0,4898.687431640625,4898.687431640625,0.0,0.0,10890.488026192705,10890.488026192705,0.0,-186239.3537171327,-186239.3537171327,34512.0108295466,34512.0108295466,34412.0108295466,0.0,100.0,0.0,0.0,34512.0108295466,18722.83537171327,1,0.0,100.0
827,17394.767191931845,0.0,-173947.67191931844,0.0,10.0,0.0,-0.0,0.1,0.244370804,24.4370804,0.0,0.0,100.0,1.0,0.11,-11.0,-199.9052534566198,199.9052534566198,0.0,-199.9052534566198,199.9052534566198,0.0,-34111.67123519693,34111.67123519693,0.0,0.0,5683.973203125,5683.973203125,0.0,0.0,11332.741347053325,11332.741347053325,0.0,-173958.67191931844,-173958.67191931844,34511.48174211017,34511.48174211017,34411.48174211017,0.0,100.0,0.0,0.0,34511.48174211017,17494.767191931845,1,0.0,100.0
828,18280.439736979482,0.0,-182804.39736979484,0.0,10.0,0.0,-0.0,0.1,0.241158486,24.1158486,0.0,0.0,100.0,1.0,0.11,-11.0,-197.0650026838641,197.0650026838641,0.0,-197.0650026838641,197.0650026838641,0.0,-34107.17518009055,34107.17518009055,0.0,0.0,4898.687431640625,4898.687431640625,0.0,0.0,11222.178016838168,11222.178016838168,0.0,-182815.39736979484,-182815.39736979484,34501.30518545827,34501.30518545827,34401.30518545827,0.0,100.0,0.0,0.0,34501.30518545827,18380.439736979482,1,0.0,100.0
829,20391.804341009607,0.0,-203918.04341009608,0.0,10.0,0.0,-0.0,0.1,0.237274715,23.7274715,0.0,0.0,100.0,1.0,0.11,-11.0,-197.2874187221068,197.2874187221068,0.0,-197.2874187221068,197.2874187221068,0.0,-34101.156544261285,34101.156544261285,0.0,0.0,4412.55814453125,4412.55814453125,0.0,0.0,9591.368896164642,9591.368896164642,0.0,-203929.04341009608,-203929.04341009608,34495.7313817055,34495.7313817055,34395.7313817055,0.0,100.0,0.0,0.0,34495.7313817055,20491.804341009603,1,0.0,100.0
830,9007.882362009364,0.0,-90078.82362009364,0.0,10.0,0.0,-0.0,0.1,0.238516824,23.851682399999998,0.0,0.0,100.0,1.0,0.08,-8.0,-197.38704165248632,197.38704165248632,0.0,-197.38704165248632,197.38704165248632,0.0,-19035.97515491025,19035.97515491025,0.0,0.0,3440.2995703125,3440.2995703125,0.0,0.0,6882.567305893359,6882.567305893359,0.0,-90086.82362009364,-90086.82362009364,19430.749238215223,19430.749238215223,19330.749238215223,0.0,100.0,0.0,0.0,19430.749238215223,9107.882362009364,1,0.0,100.0
831,12387.31596423388,0.0,-123873.1596423388,0.0,10.0,0.0,-0.0,0.1,0.240274655,24.0274655,0.0,0.0,100.0,1.0,0.08,-8.0,-197.3403365208984,197.3403365208984,0.0,-197.3403365208984,197.3403365208984,0.0,-19038.491160999587,19038.491160999587,0.0,0.0,2468.04099609375,2468.04099609375,0.0,0.0,4477.814873713752,4477.814873713752,0.0,-123881.1596423388,-123881.1596423388,19433.17183404138,19433.171834041383,19333.17183404138,0.0,100.0,0.0,0.0,19433.171834041383,12487.315964233881,1,0.0,100.0
832,18371.247367672444,0.0,-183712.47367672445,0.0,10.0,0.0,-0.0,0.1,0.228688914,22.8688914,0.0,0.0,100.0,1.0,0.08,-8.0,-196.88263613110152,196.88263613110152,0.0,-196.88263613110152,196.88263613110152,0.0,-22517.775930816068,22517.775930816068,0.0,0.0,2505.435556640625,2505.435556640625,0.0,0.0,1934.8582787652008,1934.8582787652008,0.0,-183720.47367672445,-183720.47367672445,22911.541203078268,22911.54120307827,22811.541203078268,0.0,100.0,0.0,0.0,22911.54120307827,18471.247367672448,1,0.0,100.0
833,22696.32268671643,0.0,-226963.2268671643,0.0,10.0,0.0,-0.0,0.1,0.2182758119999999,21.82758119999999,0.0,0.0,100.0,1.0,0.11,-11.0,-202.78768182952848,202.78768182952848,0.0,-202.78768182952848,202.78768182952848,0.0,-22805.359811364204,22805.359811364204,0.0,0.0,0.0,0.0,0.0,0.0,414.6124883068289,414.6124883068289,0.0,-226974.2268671643,-226974.2268671643,23210.93517502326,23210.93517502326,23110.93517502326,0.0,100.0,0.0,0.0,23210.93517502326,22796.32268671643,1,0.0,100.0
834,21400.998075964682,0.0,-214009.98075964683,0.0,10.0,0.0,-0.0,0.1,0.215378827,21.5378827,0.0,0.0,100.0,1.0,0.11,-11.0,-232.625352752966,232.625352752966,0.0,-232.625352752966,232.625352752966,0.0,-21035.74737045875,21035.74737045875,0.0,0.0,0.0,0.0,0.0,0.0,0.0,0.0,0.0,-214020.98075964683,-214020.98075964683,21500.998075964682,21500.998075964682,21400.998075964682,0.0,100.0,0.0,0.0,21500.998075964682,21500.998075964682,1,0.0,100.0
835,19924.808346865433,0.0,-199248.08346865434,0.0,10.0,0.0,-0.0,0.1,0.205808526,20.5808526,0.0,0.0,100.0,1.0,0.11,-11.0,-233.4808587428048,233.4808587428048,0.0,-233.4808587428048,233.4808587428048,0.0,-19557.846629379823,19557.846629379823,0.0,0.0,0.0,0.0,0.0,0.0,0.0,0.0,0.0,-199259.08346865434,-199259.08346865434,20024.808346865433,20024.808346865433,19924.808346865433,0.0,100.0,0.0,0.0,20024.808346865433,20024.808346865433,1,0.0,100.0
836,19924.622490854323,0.0,-199246.22490854323,0.0,10.0,0.0,-0.0,0.1,0.207157858,20.7157858,0.0,0.0,100.0,1.0,0.11,-11.0,-233.38792166829688,233.38792166829688,0.0,-233.38792166829688,233.38792166829688,0.0,-19557.84664751773,19557.84664751773,0.0,0.0,0.0,0.0,0.0,0.0,0.0,0.0,0.0,-199257.22490854323,-199257.22490854323,20024.622490854323,20024.622490854323,19924.622490854323,0.0,100.0,0.0,0.0,20024.622490854323,20024.622490854323,1,0.0,100.0
837,18445.74718011136,0.0,-184457.4718011136,0.0,10.0,0.0,-0.0,0.1,0.209682654,20.9682654,0.0,0.0,100.0,1.0,0.11,-11.0,-232.86987191966847,232.86987191966847,0.0,-232.86987191966847,232.86987191966847,0.0,-18080.007436272022,18080.007436272022,0.0,0.0,0.0,0.0,0.0,0.0,0.0,0.0,0.0,-184468.4718011136,-184468.4718011136,18545.74718011136,18545.74718011136,18445.74718011136,0.0,100.0,0.0,0.0,18545.74718011136,18545.74718011136,1,0.0,100.0
838,16989.715653953164,0.0,-169897.15653953166,0.0,10.0,0.0,-0.0,0.1,0.228071918,22.807191800000002,0.0,0.0,100.0,1.0,0.11,-11.0,-232.2009909295525,232.2009909295525,0.0,-232.2009909295525,232.2009909295525,0.0,-16625.31367209406,16625.31367209406,0.0,0.0,0.0,0.0,0.0,0.0,0.0,0.0,0.0,-169908.15653953166,-169908.15653953166,17089.715653953164,17089.715653953164,16989.715653953164,0.0,100.0,0.0,0.0,17089.715653953164,17089.715653953164,1,0.0,100.0
839,15610.992250265874,0.0,-156109.92250265874,0.0,10.0,0.0,-0.0,0.1,0.226962223,22.6962223,0.0,0.0,100.0,1.0,0.11,-11.0,-235.1161855988463,235.1161855988463,0.0,-235.1161855988463,235.1161855988463,0.0,-15240.75987906818,15240.75987906818,0.0,0.0,0.0,0.0,0.0,0.0,0.0,0.0,0.0,-156120.92250265874,-156120.92250265874,15710.992250265874,15710.992250265874,15610.992250265874,0.0,100.0,0.0,0.0,15710.992250265874,15710.992250265874,1,0.0,100.0
840,14842.929806011045,0.0,-148429.29806011045,0.0,10.0,0.0,-0.0,0.1,0.22021408,22.021408,0.0,0.0,100.0,1.0,0.08,-8.0,-232.16503683362373,232.16503683362373,0.0,-232.16503683362373,232.16503683362373,0.0,-14478.599732343797,14478.599732343797,0.0,0.0,0.0,0.0,0.0,0.0,0.0,0.0,0.0,-148437.29806011045,-148437.29806011045,14942.929806011045,14942.929806011045,14842.929806011045,0.0,100.0,0.0,0.0,14942.929806011045,14942.929806011045,1,0.0,100.0
841,14866.389955849121,0.0,-148663.89955849122,0.0,10.0,0.0,-0.0,0.1,0.221584871,22.1584871,0.0,0.0,100.0,1.0,0.08,-8.0,-232.15799528079697,232.15799528079697,0.0,-232.15799528079697,232.15799528079697,0.0,-14502.073965287527,14502.073965287527,0.0,0.0,0.0,0.0,0.0,0.0,0.0,0.0,0.0,-148671.89955849122,-148671.89955849122,14966.389955849121,14966.389955849121,14866.389955849121,0.0,100.0,0.0,0.0,14966.389955849121,14966.389955849121,1,0.0,100.0
842,14843.187142709661,0.0,-148431.8714270966,0.0,10.0,0.0,-0.0,0.1,0.224276012,22.427601199999998,0.0,0.0,100.0,1.0,0.08,-8.0,-232.14537638632424,232.14537638632424,0.0,-232.14537638632424,232.14537638632424,0.0,-14478.896389937012,14478.896389937012,0.0,0.0,0.0,0.0,0.0,0.0,0.0,0.0,0.0,-148439.8714270966,-148439.8714270966,14943.187142709661,14943.187142709661,14843.187142709661,0.0,100.0,0.0,0.0,14943.187142709661,14943.187142709661,1,0.0,100.0
843,14866.66740273124,0.0,-148666.6740273124,0.0,10.0,0.0,-0.0,0.1,0.227519303,22.7519303,0.0,0.0,100.0,1.0,0.08,-8.0,-232.12721391652045,232.12721391652045,0.0,-232.12721391652045,232.12721391652045,0.0,-14502.4129748982,14502.4129748982,0.0,0.0,0.0,0.0,0.0,0.0,0.0,0.0,0.0,-148674.6740273124,-148674.6740273124,14966.66740273124,14966.66740273124,14866.66740273124,0.0,100.0,0.0,0.0,14966.66740273124,14966.66740273124,1,0.0,100.0
844,15584.32324252865,0.0,-155843.2324252865,0.0,10.0,0.0,-0.0,0.1,0.221256271,22.1256271,0.0,0.0,100.0,1.0,0.08,-8.0,-233.0160183883192,233.0160183883192,0.0,-233.0160183883192,233.0160183883192,0.0,-15218.291205752012,15218.291205752012,0.0,0.0,0.0,0.0,0.0,0.0,0.0,0.0,0.0,-155851.2324252865,-155851.2324252865,15684.32324252865,15684.32324252865,15584.32324252865,0.0,100.0,0.0,0.0,15684.32324252865,15684.32324252865,1,0.0,100.0
845,17085.53739394393,0.0,-170855.3739394393,0.0,10.0,0.0,-0.0,0.1,0.200886951,20.088695100000002,0.0,0.0,100.0,1.0,0.11,-11.0,-232.95131451380504,232.95131451380504,0.0,-232.95131451380504,232.95131451380504,0.0,-16719.63476491632,16719.63476491632,0.0,0.0,0.0,0.0,0.0,0.0,0.0,0.0,0.0,-170866.3739394393,-170866.3739394393,17185.53739394393,17185.53739394393,17085.53739394393,0.0,100.0,0.0,0.0,17185.53739394393,17185.53739394393,1,0.0,100.0
846,19501.757166723666,0.0,-195017.57166723665,0.0,10.0,0.0,-0.0,0.1,0.202059242,20.2059242,0.0,0.0,100.0,1.0,0.11,-11.0,-232.9909459999224,232.9909459999224,0.0,-232.9909459999224,232.9909459999224,0.0,-19135.775274723823,19135.775274723823,0.0,0.0,0.0,0.0,0.0,0.0,0.0,0.0,0.0,-195028.57166723665,-195028.57166723665,19601.757166723666,19601.757166723666,19501.757166723666,0.0,100.0,0.0,0.0,19601.757166723666,19601.757166723666,1,0.0,100.0
847,16064.081276040639,0.0,-160640.81276040638,0.0,10.0,0.0,-0.0,0.1,0.197647529,19.764752899999998,0.0,0.0,100.0,1.0,0.11,-11.0,-202.8146596506556,202.8146596506556,0.0,-202.8146596506556,202.8146596506556,0.0,-18054.198171248725,18054.198171248725,0.0,0.0,1383.5987402343749,1383.5987402343749,0.0,0.0,912.1474742750236,912.1474742750236,0.0,-160651.81276040638,-160651.81276040638,18459.827490550037,18459.827490550037,18359.827490550037,0.0,100.0,0.0,0.0,18459.827490550037,16164.081276040637,1,0.0,100.0
848,7182.637830321323,0.0,-71826.37830321323,0.0,10.0,0.0,-0.0,0.1,0.195568623,19.5568623,0.0,0.0,100.0,1.0,0.11,-11.0,-196.8345407227546,196.8345407227546,0.0,-196.8345407227546,196.8345407227546,0.0,-18031.14877650093,18031.14877650093,0.0,0.0,6581.442656249999,6581.442656249999,0.0,0.0,4560.737371375118,4560.737371375118,0.0,-71837.37830321323,-71837.37830321323,18424.81785794644,18424.81785794644,18324.81785794644,0.0,100.0,0.0,0.0,18424.81785794644,7282.637830321324,1,0.0,100.0
849,0.0,0.0,-0.0,55.55555555555556,10.0,0.0,-0.0,0.1,0.201051673,0.0,0.0,100.0,0.0,1.0,0.11,0.0,-196.87848228858635,196.87848228858635,0.0,-196.87848228858635,196.87848228858635,0.0,-15837.344471955324,15837.344471955324,0.0,0.0,11854.075693359377,11854.075693359377,0.0,4201.921788268521,8734.503086997194,4532.581298728674,0.0,0.0,0.0,16386.65699208805,16386.65699208805,16386.65699208805,0.0,0.0,155.55555555555293,0.0,16231.101436532497,-4357.477343824072,1,-55.55555555555556,-100.0
850,0.0,0.0,-0.0,44.44444444444444,60.0,0.0,-0.0,0.6,0.216994741,0.0,0.0,100.0,0.0,1.0,0.11,0.0,-196.80717661833265,196.80717661833265,0.0,-196.80717661833265,196.80717661833265,0.0,-12858.365293527564,12858.365293527564,0.0,4216.413926369449,17612.838017578124,13396.424091208675,0.0,11996.121328344248,11996.121328344248,0.0,0.0,0.0,0.0,13396.424091208675,13396.424091208675,13396.424091208675,0.0,0.0,144.44444444444525,0.0,13251.97964676423,-16356.979699158142,1,-44.44444444444444,-100.0
851,0.0,0.0,-0.0,0.0,100.0,-0.0,-0.0,1.0,0.224874265,0.0,0.0,100.0,0.0,1.0,0.11,0.0,-199.7012534911977,199.7012534911977,0.0,-199.7012534911977,199.7012534911977,0.0,-12881.5176390467,12881.5176390467,0.0,6625.169746549034,20006.08989257813,13380.920146029095,0.0,12493.656314312444,12493.656314312444,0.0,0.0,0.0,0.0,13380.920146029095,13380.920146029095,13380.920146029095,0.0,0.0,100.0,0.0,13280.920146029095,-19218.82606086148,1,-0.0,-100.0
852,0.0,0.0,-0.0,0.0,100.0,-0.0,-0.0,1.0,0.227610305,0.0,0.0,100.0,0.0,1.0,0.11,0.0,-196.72285171147385,196.72285171147385,0.0,-196.72285171147385,196.72285171147385,0.0,-12858.122287869091,12858.122287869091,0.0,5719.657887614212,19071.22587890625,13351.567991292039,0.0,12051.402993451826,12051.402993451826,0.0,0.0,0.0,0.0,13351.567991292039,13351.567991292039,13351.567991292039,0.0,0.0,100.0,0.0,13251.567991292039,-17871.060881066038,1,-0.0,-100.0
853,0.0,0.0,-0.0,0.0,100.0,-0.0,-0.0,1.0,0.234484768,0.0,0.0,100.0,0.0,1.0,0.11,0.0,-196.8710070038884,196.8710070038884,0.0,-196.8710070038884,196.8710070038884,0.0,-12881.45430751453,12881.45430751453,0.0,3975.8797722276904,17351.076093749998,13375.196321522308,0.0,8541.017259120676,8541.017259120676,0.0,0.0,0.0,0.0,13375.196321522308,13375.196321522308,13375.196321522308,0.0,0.0,100.0,0.0,13275.196321522308,-12616.897031348366,1,-0.0,-100.0
854,0.0,0.0,-0.0,0.0,100.0,-0.0,-0.0,1.0,0.245141113,0.0,0.0,100.0,0.0,1.0,0.08,0.0,-196.92495080491943,196.92495080491943,0.0,-196.92495080491943,196.92495080491943,0.0,-12858.176350929774,12858.176350929774,0.0,0.0,11517.5246484375,11517.5246484375,0.0,5296.833194775343,7131.334798877457,1834.5016041021136,0.0,0.0,0.0,13352.026252539614,13352.026252539614,13352.026252539614,0.0,0.0,100.0,0.0,13252.026252539614,-5396.833194775343,1,-0.0,-100.0
855,4052.8734589936166,0.0,-40528.73458993617,0.0,100.0,45.0,-0.0,1.0,0.2435100039999999,24.35100039999999,0.0,0.0,100.0,1.0,0.08,-8.0,-196.8732782174424,196.8732782174424,0.0,-196.8732782174424,196.8732782174424,0.0,-12881.472723538109,12881.472723538109,0.0,0.0,4599.5309472656245,4599.5309472656245,0.0,0.0,4477.814873713752,4477.814873713752,0.0,-40536.73458993617,-40536.73458993617,13275.219279972993,13275.219279972993,13130.219279972993,0.0,145.0,0.0,0.0,13275.219279972993,4197.8734589936175,1,45.0,100.0
856,11431.865872933744,0.0,-114318.65872933745,0.0,50.0,36.0,-0.0,0.5,0.2171470539999999,21.71470539999999,0.0,0.0,100.0,1.0,0.08,-8.0,-196.4496319302752,196.4496319302752,0.0,-196.4496319302752,196.4496319302752,0.0,-16330.681388026584,16330.681388026584,0.0,0.0,2281.068193359375,2281.068193359375,0.0,0.0,2874.6465855940137,2874.6465855940137,0.0,-114326.65872933745,-114326.65872933745,16723.580651887132,16723.580651887132,16587.580651887132,0.0,136.0,0.0,0.0,16723.580651887132,11567.865872933744,1,36.0,100.0
857,20933.443123064917,0.0,-209334.43123064918,0.0,10.0,0.0,-0.0,0.1,0.206984713,20.698471299999998,0.0,0.0,100.0,1.0,0.11,-11.0,-202.41435563620496,202.41435563620496,0.0,-202.41435563620496,202.41435563620496,0.0,-21153.79023031449,21153.79023031449,0.0,0.0,0.0,0.0,0.0,0.0,525.1758185219833,525.1758185219833,0.0,-209345.43123064918,-209345.43123064918,21558.6189415869,21558.6189415869,21458.6189415869,0.0,100.0,0.0,0.0,21558.6189415869,21033.443123064917,1,0.0,100.0
858,21495.211834903355,0.0,-214952.11834903355,0.0,10.0,0.0,-0.0,0.1,0.203276993,20.3276993,0.0,0.0,100.0,1.0,0.11,-11.0,-232.28934507411148,232.28934507411148,0.0,-232.28934507411148,232.28934507411148,0.0,-21130.63314475513,21130.63314475513,0.0,0.0,0.0,0.0,0.0,0.0,0.0,0.0,0.0,-214963.11834903355,-214963.11834903355,21595.211834903355,21595.211834903355,21495.211834903355,0.0,100.0,0.0,0.0,21595.211834903355,21595.211834903355,1,0.0,100.0
859,20042.641224565625,0.0,-200426.41224565625,0.0,10.0,0.0,-0.0,0.1,0.198314265,19.8314265,0.0,0.0,100.0,1.0,0.11,-11.0,-233.163983635378,233.163983635378,0.0,-233.163983635378,233.163983635378,0.0,-19676.313257294867,19676.313257294867,0.0,0.0,0.0,0.0,0.0,0.0,0.0,0.0,0.0,-200437.41224565625,-200437.41224565625,20142.641224565625,20142.641224565625,20042.641224565625,0.0,100.0,0.0,0.0,20142.641224565625,20142.641224565625,1,0.0,100.0
860,20019.64377486061,0.0,-200196.4377486061,0.0,10.0,0.0,-0.0,0.1,0.205284258,20.5284258,0.0,0.0,100.0,1.0,0.11,-11.0,-233.0951009388071,233.0951009388071,0.0,-233.0951009388071,233.0951009388071,0.0,-19653.453572983,19653.453572983,0.0,0.0,0.0,0.0,0.0,0.0,0.0,0.0,0.0,-200207.4377486061,-200207.4377486061,20119.64377486061,20119.64377486061,20019.64377486061,0.0,100.0,0.0,0.0,20119.64377486061,20119.64377486061,1,0.0,100.0
861,19259.714529923836,0.0,-192597.14529923836,0.0,10.0,0.0,-0.0,0.1,0.204713863,20.4713863,0.0,0.0,100.0,1.0,0.11,-11.0,-232.6059968301271,232.6059968301271,0.0,-232.6059968301271,232.6059968301271,0.0,-18894.502536263582,18894.502536263582,0.0,0.0,0.0,0.0,0.0,0.0,0.0,0.0,0.0,-192608.14529923836,-192608.14529923836,19359.714529923836,19359.714529923836,19259.714529923836,0.0,100.0,0.0,0.0,19359.714529923836,19359.714529923836,1,0.0,100.0
862,18221.844564418574,0.0,-182218.44564418573,0.0,10.0,0.0,-0.0,0.1,0.207912244,20.7912244,0.0,0.0,100.0,1.0,0.11,-11.0,-231.9494927216397,231.9494927216397,0.0,-231.9494927216397,231.9494927216397,0.0,-17857.945578975294,17857.945578975294,0.0,0.0,0.0,0.0,0.0,0.0,0.0,0.0,0.0,-182229.44564418573,-182229.44564418573,18321.844564418574,18321.844564418574,18221.844564418574,0.0,100.0,0.0,0.0,18321.844564418574,18321.844564418574,1,0.0,100.0
863,16541.93764464024,0.0,-165419.3764464024,0.0,10.0,0.0,-0.0,0.1,0.228441392,22.8441392,0.0,0.0,100.0,1.0,0.11,-11.0,-234.9359357797931,234.9359357797931,0.0,-234.9359357797931,234.9359357797931,0.0,-16172.065773080652,16172.065773080652,0.0,0.0,0.0,0.0,0.0,0.0,0.0,0.0,0.0,-165430.3764464024,-165430.3764464024,16641.93764464024,16641.93764464024,16541.93764464024,0.0,100.0,0.0,0.0,16641.93764464024,16641.93764464024,1,0.0,100.0
864,19019.609588639516,0.0,-190196.09588639517,0.0,10.0,0.0,-0.0,0.1,0.217103708,21.7103708,0.0,0.0,100.0,1.0,0.08,-8.0,-231.94922012245576,231.94922012245576,0.0,-231.94922012245576,231.94922012245576,0.0,-18655.711148394603,18655.711148394603,0.0,0.0,0.0,0.0,0.0,0.0,0.0,0.0,0.0,-190204.09588639517,-190204.09588639517,19119.609588639516,19119.609588639516,19019.609588639516,0.0,100.0,0.0,0.0,19119.609588639516,19119.609588639516,1,0.0,100.0
865,18810.991063935555,0.0,-188109.91063935554,0.0,10.0,0.0,-0.0,0.1,0.22700854,22.700854,0.0,0.0,100.0,1.0,0.08,-8.0,-231.95716964186607,231.95716964186607,0.0,-231.95716964186607,231.95716964186607,0.0,-18447.076724651823,18447.076724651823,0.0,0.0,0.0,0.0,0.0,0.0,0.0,0.0,0.0,-188117.91063935554,-188117.91063935554,18910.991063935555,18910.991063935555,18810.991063935555,0.0,100.0,0.0,0.0,18910.991063935555,18910.991063935555,1,0.0,100.0
866,19021.636288638863,0.0,-190216.36288638864,0.0,10.0,0.0,-0.0,0.1,0.23175531,23.175531,0.0,0.0,100.0,1.0,0.08,-8.0,-231.95201954661567,231.95201954661567,0.0,-231.95201954661567,231.95201954661567,0.0,-18657.732249545632,18657.732249545632,0.0,0.0,0.0,0.0,0.0,0.0,0.0,0.0,0.0,-190224.36288638864,-190224.36288638864,19121.636288638863,19121.636288638863,19021.636288638863,0.0,100.0,0.0,0.0,19121.636288638863,19121.636288638863,1,0.0,100.0
867,18814.133179122815,0.0,-188141.33179122815,0.0,10.0,0.0,-0.0,0.1,0.2334348489999999,23.34348489999999,0.0,0.0,100.0,1.0,0.08,-8.0,-231.946713423375,231.946713423375,0.0,-231.946713423375,231.946713423375,0.0,-18450.239752276066,18450.239752276066,0.0,0.0,0.0,0.0,0.0,0.0,0.0,0.0,0.0,-188149.33179122815,-188149.33179122815,18914.133179122815,18914.133179122815,18814.133179122815,0.0,100.0,0.0,0.0,18914.133179122815,18914.133179122815,1,0.0,100.0
868,19766.484307552964,0.0,-197664.84307552964,0.0,10.0,0.0,-0.0,0.1,0.222553933,22.2553933,0.0,0.0,100.0,1.0,0.08,-8.0,-232.83813421971303,232.83813421971303,0.0,-232.83813421971303,232.83813421971303,0.0,-19400.808039113537,19400.808039113537,0.0,0.0,0.0,0.0,0.0,0.0,0.0,0.0,0.0,-197672.84307552964,-197672.84307552964,19866.484307552964,19866.484307552964,19766.484307552964,0.0,100.0,0.0,0.0,19866.484307552964,19866.484307552964,1,0.0,100.0
869,22541.902389626932,0.0,-225419.02389626933,0.0,10.0,0.0,-0.0,0.1,0.19950366,19.950366,0.0,0.0,100.0,1.0,0.11,-11.0,-232.77618876441625,232.77618876441625,0.0,-232.77618876441625,232.77618876441625,0.0,-22176.3500120981,22176.3500120981,0.0,0.0,0.0,0.0,0.0,0.0,0.0,0.0,0.0,-225430.02389626933,-225430.02389626933,22641.902389626932,22641.902389626932,22541.902389626932,0.0,100.0,0.0,0.0,22641.902389626932,22641.902389626932,1,0.0,100.0
870,25881.64331662409,0.0,-258816.4331662409,0.0,10.0,0.0,-0.0,0.1,0.177923711,17.7923711,0.0,0.0,100.0,1.0,0.11,-11.0,-272.22320075867856,272.22320075867856,0.0,-272.22320075867856,272.22320075867856,0.0,-25437.19691510673,25437.19691510673,0.0,0.0,0.0,0.0,0.0,0.0,0.0,0.0,0.0,-258827.4331662409,-258827.4331662409,25981.64331662409,25981.64331662409,25881.64331662409,0.0,100.0,0.0,0.0,25981.64331662409,25981.64331662409,1,0.0,100.0
871,29192.288348344206,0.0,-291922.88348344207,0.0,10.0,0.0,-0.0,0.1,0.174401775,17.4401775,0.0,0.0,100.0,1.0,0.11,-11.0,-512.5130868143331,512.5130868143331,0.0,-512.5130868143331,512.5130868143331,0.0,-30426.424577881466,30426.424577881466,0.0,0.0,1495.782421875,1495.782421875,0.0,0.0,663.3799812909263,663.3799812909263,0.0,-291933.88348344207,-291933.88348344207,31451.450751510132,31451.450751510132,31351.450751510132,0.0,100.0,0.0,0.0,31451.450751510132,29292.288348344206,1,0.0,100.0
872,54894.29612321186,0.0,-548942.9612321187,0.0,10.0,0.0,-0.0,0.1,0.1711699069999999,17.116990699999988,0.0,0.0,100.0,1.0,0.11,-11.0,-695.6235654696226,695.6235654696226,0.0,-695.6235654696226,695.6235654696226,0.0,-63520.86739152316,63520.86739152316,0.0,0.0,7291.939306640625,7291.939306640625,0.0,0.0,2625.8790926099164,2625.8790926099164,0.0,-548953.9612321187,-548953.9612321187,64912.114522462405,64912.114522462405,64812.114522462405,0.0,100.0,0.0,0.0,64912.114522462405,54994.29612321187,1,0.0,100.0
873,44759.76704603625,0.0,-447597.6704603625,0.0,10.0,0.0,-0.0,0.1,0.175801883,17.5801883,0.0,0.0,100.0,1.0,0.11,-11.0,-694.8548474865905,694.8548474865905,0.0,-694.8548474865905,694.8548474865905,0.0,-61296.07836914546,61296.07836914546,0.0,0.0,13873.381962890624,13873.381962890624,0.0,0.0,3952.639055191768,3952.639055191768,0.0,-447608.6704603625,-447608.6704603625,62685.78806411864,62685.78806411864,62585.78806411864,0.0,100.0,0.0,0.0,62685.78806411864,44859.76704603625,1,0.0,100.0
874,33554.526298696015,0.0,-335545.2629869601,0.0,10.0,0.0,-0.0,0.1,0.191644814,19.1644814,0.0,0.0,100.0,1.0,0.11,-11.0,-711.1124519346132,711.1124519346132,0.0,-711.1124519346132,711.1124519346132,0.0,-58319.46930755919,58319.46930755919,0.0,0.0,18098.9673046875,18098.9673046875,0.0,0.0,7988.200608044903,7988.200608044903,0.0,-335556.2629869601,-335556.2629869601,59741.69421142842,59741.69421142842,59641.69421142842,0.0,100.0,0.0,0.0,59741.69421142842,33654.526298696015,1,0.0,100.0
875,29989.372635706502,0.0,-299893.726357065,0.0,10.0,0.0,-0.0,0.1,0.19918736,19.918736,0.0,0.0,100.0,1.0,0.11,-11.0,-713.9288044411057,713.9288044411057,0.0,-713.9288044411057,713.9288044411057,0.0,-58299.86203448698,58299.86203448698,0.0,0.0,15182.19158203125,15182.19158203125,0.0,0.0,14456.155425631434,14456.155425631434,0.0,-299904.726357065,-299904.726357065,59727.719643369186,59727.719643369186,59627.719643369186,0.0,100.0,0.0,0.0,59727.719643369186,30089.372635706502,1,0.0,100.0
876,20005.852339387457,0.0,-200058.52339387458,0.0,10.0,0.0,-0.0,0.1,0.224172672,22.417267199999998,0.0,0.0,100.0,1.0,0.11,-11.0,-710.4553330867228,710.4553330867228,0.0,-710.4553330867228,710.4553330867228,0.0,-55303.14031117881,55303.14031117881,0.0,0.0,20641.797421875,20641.797421875,0.0,0.0,15976.401216089806,15976.401216089806,0.0,-200069.52339387458,-200069.52339387458,56724.05097735226,56724.05097735226,56624.05097735226,0.0,100.0,0.0,0.0,56724.05097735226,20105.852339387457,1,0.0,100.0
877,33429.870979937754,0.0,-334298.70979937754,0.0,10.0,0.0,-0.0,0.1,0.215963265,21.5963265,0.0,0.0,100.0,1.0,0.11,-11.0,-693.5201868189472,693.5201868189472,0.0,-693.5201868189472,693.5201868189472,0.0,-58326.29488082081,58326.29488082081,0.0,0.0,10732.238876953124,10732.238876953124,0.0,0.0,15451.225397567823,15451.225397567823,0.0,-334309.70979937754,-334309.70979937754,59713.3352544587,59713.3352544587,59613.3352544587,0.0,100.0,0.0,0.0,59713.3352544587,33529.870979937754,1,0.0,100.0
878,37302.86547323362,0.0,-373028.65473233623,0.0,10.0,0.0,-0.0,0.1,0.226130477,22.6130477,0.0,0.0,100.0,1.0,0.08,-8.0,-693.5709890137574,693.5709890137574,0.0,-693.5709890137574,693.5709890137574,0.0,-58275.8415179548,58275.8415179548,0.0,0.0,10208.715029296874,10208.715029296874,0.0,0.0,12051.402993451826,12051.402993451826,0.0,-373036.65473233623,-373036.65473233623,59662.98349598232,59662.98349598232,59562.98349598232,0.0,100.0,0.0,0.0,59662.98349598232,37402.86547323362,1,0.0,100.0
879,44960.20685810435,0.0,-449602.0685810435,0.0,10.0,0.0,-0.0,0.1,0.228197801,22.8197801,0.0,0.0,100.0,1.0,0.08,-8.0,-685.2847064713096,685.2847064713096,0.0,-685.2847064713096,685.2847064713096,0.0,-58247.938249478335,58247.938249478335,0.0,0.0,5796.156884765624,5796.156884765624,0.0,0.0,8762.143919550983,8762.143919550983,0.0,-449610.0685810435,-449610.0685810435,59618.50766242096,59618.507662420954,59518.50766242096,0.0,100.0,0.0,0.0,59618.507662420954,45060.20685810434,1,0.0,100.0
880,57986.9978616392,0.0,-579869.978616392,0.0,10.0,0.0,-0.0,0.1,0.217366308,21.7366308,0.0,0.0,100.0,1.0,0.08,-8.0,-684.5066636296232,684.5066636296232,0.0,-684.5066636296232,684.5066636296232,0.0,-61738.79909229588,61738.79909229588,0.0,0.0,1234.020498046875,1234.020498046875,0.0,0.0,3786.794059869037,3786.794059869037,0.0,-579877.978616392,-579877.978616392,63107.81241955511,63107.81241955512,63007.81241955511,0.0,100.0,0.0,0.0,63107.81241955512,58086.99786163921,1,0.0,100.0
881,57740.1231534576,0.0,-577401.231534576,0.0,10.0,0.0,-0.0,0.1,0.200625391,20.0625391,0.0,0.0,100.0,1.0,0.11,-11.0,-509.4248765602008,509.4248765602008,0.0,-509.4248765602008,509.4248765602008,0.0,-57512.29421418191,57512.29421418191,0.0,0.0,0.0,0.0,0.0,0.0,691.0208138447148,691.0208138447148,0.0,-577412.231534576,-577412.231534576,58531.14396730231,58531.14396730231,58431.14396730231,0.0,100.0,0.0,0.0,58531.14396730231,57840.1231534576,1,0.0,100.0
882,46458.1216239765,0.0,-464581.216239765,0.0,10.0,0.0,-0.0,0.1,0.203820355,20.3820355,0.0,0.0,100.0,1.0,0.11,-11.0,-539.3390762630452,539.3390762630452,0.0,-539.3390762630452,539.3390762630452,0.0,-45479.44347145041,45479.44347145041,0.0,0.0,0.0,0.0,0.0,0.0,0.0,0.0,0.0,-464592.216239765,-464592.216239765,46558.1216239765,46558.1216239765,46458.1216239765,0.0,100.0,0.0,0.0,46558.1216239765,46558.1216239765,1,0.0,100.0
883,45004.24455328856,0.0,-450042.4455328856,0.0,10.0,0.0,-0.0,0.1,0.195438141,19.543814100000002,0.0,0.0,100.0,1.0,0.11,-11.0,-540.2808468190475,540.2808468190475,0.0,-540.2808468190475,540.2808468190475,0.0,-44023.682859650464,44023.682859650464,0.0,0.0,0.0,0.0,0.0,0.0,0.0,0.0,0.0,-450053.4455328856,-450053.4455328856,45104.24455328856,45104.24455328856,45004.24455328856,0.0,100.0,0.0,0.0,45104.24455328856,45104.24455328856,1,0.0,100.0
884,35991.28475531359,0.0,-359912.8475531359,0.0,10.0,0.0,-0.0,0.1,0.199091515,19.9091515,0.0,0.0,100.0,1.0,0.11,-11.0,-540.2267089976916,540.2267089976916,0.0,-540.2267089976916,540.2267089976916,0.0,-35010.8313373182,35010.8313373182,0.0,0.0,0.0,0.0,0.0,0.0,0.0,0.0,0.0,-359923.8475531359,-359923.8475531359,36091.28475531359,36091.28475531359,35991.28475531359,0.0,100.0,0.0,0.0,36091.28475531359,36091.28475531359,1,0.0,100.0
885,33911.105236081625,0.0,-339111.0523608163,0.0,10.0,0.0,-0.0,0.1,0.196574318,19.6574318,0.0,0.0,100.0,1.0,0.11,-11.0,-232.8312951392502,232.8312951392502,0.0,-232.8312951392502,232.8312951392502,0.0,-33545.44264580312,33545.44264580312,0.0,0.0,0.0,0.0,0.0,0.0,0.0,0.0,0.0,-339122.0523608163,-339122.0523608163,34011.105236081625,34011.105236081625,33911.105236081625,0.0,100.0,0.0,0.0,34011.105236081625,34011.105236081625,1,0.0,100.0
886,21486.67571007936,0.0,-214866.7571007936,0.0,10.0,0.0,-0.0,0.1,0.1865424739999999,18.65424739999999,0.0,0.0,100.0,1.0,0.11,-11.0,-232.3296013416586,232.3296013416586,0.0,-232.3296013416586,232.3296013416586,0.0,-21122.01650739604,21122.01650739604,0.0,0.0,0.0,0.0,0.0,0.0,0.0,0.0,0.0,-214877.7571007936,-214877.7571007936,21586.67571007936,21586.67571007936,21486.67571007936,0.0,100.0,0.0,0.0,21586.67571007936,21586.67571007936,1,0.0,100.0
887,18578.247055597534,0.0,-185782.47055597533,0.0,10.0,0.0,-0.0,0.1,0.177187433,17.7187433,0.0,0.0,100.0,1.0,0.11,-11.0,-235.3704344852476,235.3704344852476,0.0,-235.3704344852476,235.3704344852476,0.0,-18207.50618662704,18207.50618662704,0.0,0.0,0.0,0.0,0.0,0.0,0.0,0.0,0.0,-185793.47055597533,-185793.47055597533,18678.247055597534,18678.247055597534,18578.247055597534,0.0,100.0,0.0,0.0,18678.247055597534,18678.247055597534,1,0.0,100.0
888,17880.568976435436,0.0,-178805.68976435435,0.0,10.0,0.0,-0.0,0.1,0.180395169,18.0395169,0.0,0.0,100.0,1.0,0.08,-8.0,-232.396031775302,232.396031775302,0.0,-232.396031775302,232.396031775302,0.0,-17515.77691288483,17515.77691288483,0.0,0.0,0.0,0.0,0.0,0.0,0.0,0.0,0.0,-178813.68976435435,-178813.68976435435,17980.568976435436,17980.568976435436,17880.568976435436,0.0,100.0,0.0,0.0,17980.568976435436,17980.568976435436,1,0.0,100.0
889,17857.377840910118,0.0,-178573.77840910119,0.0,10.0,0.0,-0.0,0.1,0.182985669,18.298566899999997,0.0,0.0,100.0,1.0,0.08,-8.0,-232.37852613772984,232.37852613772984,0.0,-232.37852613772984,232.37852613772984,0.0,-17492.620788634656,17492.620788634656,0.0,0.0,0.0,0.0,0.0,0.0,0.0,0.0,0.0,-178581.77840910119,-178581.77840910119,17957.377840910118,17957.377840910118,17857.377840910118,0.0,100.0,0.0,0.0,17957.377840910118,17957.377840910118,1,0.0,100.0
890,17881.76723225036,0.0,-178817.6723225036,0.0,10.0,0.0,-0.0,0.1,0.17949883,17.949883,0.0,0.0,100.0,1.0,0.08,-8.0,-232.3620892228525,232.3620892228525,0.0,-232.3620892228525,232.3620892228525,0.0,-17517.043053804657,17517.043053804657,0.0,0.0,0.0,0.0,0.0,0.0,0.0,0.0,0.0,-178825.6723225036,-178825.6723225036,17981.76723225036,17981.76723225036,17881.76723225036,0.0,100.0,0.0,0.0,17981.76723225036,17981.76723225036,1,0.0,100.0
891,19016.986040746015,0.0,-190169.86040746013,0.0,10.0,0.0,-0.0,0.1,0.186780267,18.6780267,0.0,0.0,100.0,1.0,0.08,-8.0,-232.34834373850603,232.34834373850603,0.0,-232.34834373850603,232.34834373850603,0.0,-18652.289353269003,18652.289353269003,0.0,0.0,0.0,0.0,0.0,0.0,0.0,0.0,0.0,-190177.86040746013,-190177.86040746013,19116.986040746015,19116.986040746015,19016.986040746015,0.0,100.0,0.0,0.0,19116.986040746015,19116.986040746015,1,0.0,100.0
892,19558.599218980547,0.0,-195585.9921898055,0.0,10.0,0.0,-0.0,0.1,0.187960933,18.7960933,0.0,0.0,100.0,1.0,0.08,-8.0,-236.7614806727215,236.7614806727215,0.0,-236.7614806727215,236.7614806727215,0.0,-19185.076257635104,19185.076257635104,0.0,0.0,0.0,0.0,0.0,0.0,0.0,0.0,0.0,-195593.9921898055,-195593.9921898055,19658.599218980547,19658.599218980547,19558.599218980547,0.0,100.0,0.0,0.0,19658.599218980547,19658.599218980547,1,0.0,100.0
893,22751.09487867748,0.0,-227510.9487867748,0.0,10.0,0.0,-0.0,0.1,0.167372258,16.7372258,0.0,0.0,100.0,1.0,0.11,-11.0,-236.0483512491736,236.0483512491736,0.0,-236.0483512491736,236.0483512491736,0.0,-22378.99817617913,22378.99817617913,0.0,0.0,0.0,0.0,0.0,0.0,0.0,0.0,0.0,-227521.9487867748,-227521.9487867748,22851.09487867748,22851.09487867748,22751.09487867748,0.0,100.0,0.0,0.0,22851.09487867748,22851.09487867748,1,0.0,100.0
894,25833.851202416696,0.0,-258338.51202416696,0.0,10.0,0.0,-0.0,0.1,0.1655315809999999,16.55315809999999,0.0,0.0,100.0,1.0,0.11,-11.0,-270.51477309457994,270.51477309457994,0.0,-270.51477309457994,270.51477309457994,0.0,-25392.821656227537,25392.821656227537,0.0,0.0,0.0,0.0,0.0,0.0,0.0,0.0,0.0,-258349.51202416696,-258349.51202416696,25933.851202416696,25933.851202416696,25833.851202416696,0.0,100.0,0.0,0.0,25933.851202416696,25933.851202416696,1,0.0,100.0
895,29619.016425613816,0.0,-296190.16425613814,0.0,10.0,0.0,-0.0,0.1,0.1639674119999999,16.39674119999999,0.0,0.0,100.0,1.0,0.11,-11.0,-510.0358782371684,510.0358782371684,0.0,-510.0358782371684,510.0358782371684,0.0,-30414.23340001932,30414.23340001932,0.0,0.0,1383.5987402343749,1383.5987402343749,0.0,0.0,331.6899906454631,331.6899906454631,0.0,-296201.16425613814,-296201.16425613814,31434.305156493654,31434.305156493654,31334.305156493654,0.0,100.0,0.0,0.0,31434.305156493654,29719.016425613816,1,0.0,100.0
896,55767.37403108942,0.0,-557673.7403108942,0.0,10.0,0.0,-0.0,0.1,0.1554168709999999,15.54168709999999,0.0,0.0,100.0,1.0,0.11,-11.0,-693.388128728014,693.388128728014,0.0,-693.388128728014,693.388128728014,0.0,-63525.31523002152,63525.31523002152,0.0,0.0,6805.81001953125,6805.81001953125,0.0,0.0,2238.907436856876,2238.907436856876,0.0,-557684.7403108942,-557684.7403108942,64912.09148747755,64912.09148747755,64812.09148747755,0.0,100.0,0.0,0.0,64912.09148747755,55867.37403108942,1,0.0,100.0
897,45796.44986713888,0.0,-457964.4986713888,0.0,10.0,0.0,-0.0,0.1,0.15634698,15.634698,0.0,0.0,100.0,1.0,0.11,-11.0,-693.466922235499,693.466922235499,0.0,-693.466922235499,693.466922235499,0.0,-61291.76166772898,61291.76166772898,0.0,0.0,12414.9941015625,12414.9941015625,0.0,0.0,4367.251543498597,4367.251543498597,0.0,-457975.4986713888,-457975.4986713888,62678.69551219998,62678.69551219998,62578.69551219998,0.0,100.0,0.0,0.0,62678.69551219998,45896.44986713888,1,0.0,100.0
898,37139.5780039226,0.0,-371395.780039226,0.0,10.0,0.0,-0.0,0.1,0.163508263,16.350826299999998,0.0,0.0,100.0,1.0,0.11,-11.0,-711.924503355075,711.924503355075,0.0,-711.924503355075,711.924503355075,0.0,-58317.78529340048,58317.78529340048,0.0,0.0,16752.763124999998,16752.763124999998,0.0,0.0,5749.293171188027,5749.293171188027,0.0,-371406.780039226,-371406.780039226,59741.63430011063,59741.63430011063,59641.63430011063,0.0,100.0,0.0,0.0,59741.63430011063,37239.57800392261,1,0.0,100.0
899,32698.257789725958,0.0,-326982.57789725956,0.0,10.0,0.0,-0.0,0.1,0.1669166269999999,16.69166269999999,0.0,0.0,100.0,1.0,0.11,-11.0,-728.9845351961918,728.9845351961918,0.0,-728.9845351961918,728.9845351961918,0.0,-58300.55757492839,58300.55757492839,0.0,0.0,18585.096591796875,18585.096591796875,0.0,0.0,8375.172263797944,8375.172263797944,0.0,-326993.57789725956,-326993.57789725956,59758.52664532077,59758.52664532077,59658.52664532077,0.0,100.0,0.0,0.0,59758.52664532077,32798.257789725954,1,0.0,100.0
900,31716.482362356408,0.0,-317164.8236235641,0.0,10.0,0.0,-0.0,0.1,0.1872994939999999,18.729949399999988,0.0,0.0,100.0,1.0,0.11,-11.0,-753.9926165459367,753.9926165459367,0.0,-753.9926165459367,753.9926165459367,0.0,-55311.191166697296,55311.191166697296,0.0,0.0,17650.232578125,17650.232578125,0.0,0.0,7352.461459307765,7352.461459307765,0.0,-317175.8236235641,-317175.8236235641,56819.17639978917,56819.17639978917,56719.17639978917,0.0,100.0,0.0,0.0,56819.17639978917,31816.482362356404,1,0.0,100.0
901,37928.81192917998,0.0,-379288.11929179984,0.0,10.0,0.0,-0.0,0.1,0.1883902139999999,18.83902139999999,0.0,0.0,100.0,1.0,0.11,-11.0,-769.0922460208739,769.0922460208739,0.0,-769.0922460208739,769.0922460208739,0.0,-58345.66536349135,58345.66536349135,0.0,0.0,14696.062294921874,14696.062294921874,0.0,0.0,7158.975631431245,7158.975631431245,0.0,-379299.11929179984,-379299.11929179984,59883.8498555331,59883.8498555331,59783.8498555331,0.0,100.0,0.0,0.0,59883.8498555331,38028.81192917998,1,0.0,100.0
902,41088.39213606522,0.0,-410883.9213606522,0.0,10.0,0.0,-0.0,0.1,0.200227401,20.0227401,0.0,0.0,100.0,1.0,0.08,-8.0,-792.9546660143933,792.9546660143933,0.0,-792.9546660143933,792.9546660143933,0.0,-58301.731242742295,58301.731242742295,0.0,0.0,11816.6811328125,11816.6811328125,0.0,0.0,6882.567305893359,6882.567305893359,0.0,-410891.9213606522,-410891.9213606522,59887.640574771074,59887.64057477108,59787.640574771074,0.0,100.0,0.0,0.0,59887.64057477108,41188.392136065224,1,0.0,100.0
903,46934.71401952557,0.0,-469347.1401952557,0.0,10.0,0.0,-0.0,0.1,0.189432038,18.9432038,0.0,0.0,100.0,1.0,0.08,-8.0,-797.8953649233738,797.8953649233738,0.0,-797.8953649233738,797.8953649233738,0.0,-58234.59735793406,58234.59735793406,0.0,0.0,8152.01419921875,8152.01419921875,0.0,0.0,4643.659869036484,4643.659869036484,0.0,-469355.1401952557,-469355.1401952557,59830.388087780804,59830.388087780804,59730.388087780804,0.0,100.0,0.0,0.0,59830.388087780804,47034.71401952557,1,0.0,100.0
904,57985.809891283214,0.0,-579858.0989128321,0.0,10.0,0.0,-0.0,0.1,0.158441074,15.844107399999999,0.0,0.0,100.0,1.0,0.08,-8.0,-776.3861106270878,776.3861106270878,0.0,-776.3861106270878,776.3861106270878,0.0,-61703.36723125193,61703.36723125193,0.0,0.0,2655.013798828125,2655.013798828125,0.0,0.0,2515.315762394762,2515.315762394762,0.0,-579866.0989128321,-579866.0989128321,63256.139452506104,63256.139452506104,63156.139452506104,0.0,100.0,0.0,0.0,63256.139452506104,58085.80989128322,1,0.0,100.0
905,57962.795424418095,0.0,-579627.9542441809,0.0,10.0,0.0,-0.0,0.1,0.172233695,17.2233695,0.0,0.0,100.0,1.0,0.11,-11.0,-586.3982508006105,586.3982508006105,0.0,-586.3982508006105,586.3982508006105,0.0,-57470.45640644643,57470.45640644643,0.0,0.0,0.0,0.0,0.0,0.0,580.4574836295604,580.4574836295604,0.0,-579638.9542441809,-579638.9542441809,58643.25290804765,58643.25290804765,58543.25290804765,0.0,100.0,0.0,0.0,58643.25290804765,58062.795424418095,1,0.0,100.0
906,46518.61933714098,0.0,-465186.19337140984,0.0,10.0,0.0,-0.0,0.1,0.1812362639999999,18.12362639999999,0.0,0.0,100.0,1.0,0.11,-11.0,-594.7814974794939,594.7814974794939,0.0,-594.7814974794939,594.7814974794939,0.0,-45429.056342182,45429.056342182,0.0,0.0,0.0,0.0,0.0,0.0,0.0,0.0,0.0,-465197.19337140984,-465197.19337140984,46618.61933714098,46618.61933714098,46518.61933714098,0.0,100.0,0.0,0.0,46618.61933714098,46618.61933714098,1,0.0,100.0
907,45009.964224595926,0.0,-450099.64224595926,0.0,10.0,0.0,-0.0,0.1,0.179237253,17.9237253,0.0,0.0,100.0,1.0,0.11,-11.0,-574.8892843872509,574.8892843872509,0.0,-574.8892843872509,574.8892843872509,0.0,-43960.18565582143,43960.18565582143,0.0,0.0,0.0,0.0,0.0,0.0,0.0,0.0,0.0,-450110.64224595926,-450110.64224595926,45109.964224595926,45109.964224595926,45009.964224595926,0.0,100.0,0.0,0.0,45109.964224595926,45109.964224595926,1,0.0,100.0
908,35957.87394774434,0.0,-359578.7394774434,0.0,10.0,0.0,-0.0,0.1,0.185111768,18.5111768,0.0,0.0,100.0,1.0,0.11,-11.0,-559.3208851546104,559.3208851546104,0.0,-559.3208851546104,559.3208851546104,0.0,-34939.232177435115,34939.232177435115,0.0,0.0,0.0,0.0,0.0,0.0,0.0,0.0,0.0,-359589.7394774434,-359589.7394774434,36057.87394774434,36057.87394774434,35957.87394774434,0.0,100.0,0.0,0.0,36057.87394774434,36057.87394774434,1,0.0,100.0
909,33844.72083662005,0.0,-338447.2083662005,0.0,10.0,0.0,-0.0,0.1,0.195805346,19.5805346,0.0,0.0,100.0,1.0,0.11,-11.0,-232.4475739419569,232.4475739419569,0.0,-232.4475739419569,232.4475739419569,0.0,-33479.825688736135,33479.825688736135,0.0,0.0,0.0,0.0,0.0,0.0,0.0,0.0,0.0,-338458.2083662005,-338458.2083662005,33944.72083662005,33944.72083662005,33844.72083662005,0.0,100.0,0.0,0.0,33944.72083662005,33944.72083662005,1,0.0,100.0
910,21487.081826606664,0.0,-214870.81826606664,0.0,10.0,0.0,-0.0,0.1,0.202636811,20.2636811,0.0,0.0,100.0,1.0,0.11,-11.0,-232.53265053635823,232.53265053635823,0.0,-232.53265053635823,232.53265053635823,0.0,-21122.01652553395,21122.01652553395,0.0,0.0,0.0,0.0,0.0,0.0,0.0,0.0,0.0,-214881.81826606664,-214881.81826606664,21587.081826606664,21587.081826606664,21487.081826606664,0.0,100.0,0.0,0.0,21587.081826606664,21587.081826606664,1,0.0,100.0
911,18531.8839153244,0.0,-185318.83915324401,0.0,10.0,0.0,-0.0,0.1,0.204513858,20.4513858,0.0,0.0,100.0,1.0,0.11,-11.0,-235.5435835871999,235.5435835871999,0.0,-235.5435835871999,235.5435835871999,0.0,-18160.79674815,18160.79674815,0.0,0.0,0.0,0.0,0.0,0.0,0.0,0.0,0.0,-185329.83915324401,-185329.83915324401,18631.8839153244,18631.8839153244,18531.8839153244,0.0,100.0,0.0,0.0,18631.8839153244,18631.8839153244,1,0.0,100.0
912,17880.43094315309,0.0,-178804.30943153088,0.0,10.0,0.0,-0.0,0.1,0.1912243619999999,19.12243619999999,0.0,0.0,100.0,1.0,0.08,-8.0,-232.53539552436493,232.53539552436493,0.0,-232.53539552436493,232.53539552436493,0.0,-17515.36015210436,17515.36015210436,0.0,0.0,0.0,0.0,0.0,0.0,0.0,0.0,0.0,-178812.30943153088,-178812.30943153088,17980.43094315309,17980.43094315309,17880.43094315309,0.0,100.0,0.0,0.0,17980.43094315309,17980.43094315309,1,0.0,100.0
913,17857.404900668844,0.0,-178574.04900668844,0.0,10.0,0.0,-0.0,0.1,0.192354085,19.235408500000002,0.0,0.0,100.0,1.0,0.08,-8.0,-232.45351329866648,232.45351329866648,0.0,-232.45351329866648,232.45351329866648,0.0,-17492.497874071512,17492.497874071512,0.0,0.0,0.0,0.0,0.0,0.0,0.0,0.0,0.0,-178582.04900668844,-178582.04900668844,17957.404900668844,17957.404900668844,17857.404900668844,0.0,100.0,0.0,0.0,17957.404900668844,17957.404900668844,1,0.0,100.0
914,17880.861490832005,0.0,-178808.61490832004,0.0,10.0,0.0,-0.0,0.1,0.199431932,19.9431932,0.0,0.0,100.0,1.0,0.08,-8.0,-232.3840780395748,232.3840780395748,0.0,-232.3840780395748,232.3840780395748,0.0,-17516.093334752855,17516.093334752855,0.0,0.0,0.0,0.0,0.0,0.0,0.0,0.0,0.0,-178816.61490832004,-178816.61490832004,17980.861490832005,17980.861490832005,17880.861490832005,0.0,100.0,0.0,0.0,17980.861490832005,17980.861490832005,1,0.0,100.0
915,17857.96412592164,0.0,-178579.6412592164,0.0,10.0,0.0,-0.0,0.1,0.2045821289999999,20.45821289999999,0.0,0.0,100.0,1.0,0.08,-8.0,-232.2830790586407,232.2830790586407,0.0,-232.2830790586407,232.2830790586407,0.0,-17493.397967804358,17493.397967804358,0.0,0.0,0.0,0.0,0.0,0.0,0.0,0.0,0.0,-178587.6412592164,-178587.6412592164,17957.96412592164,17957.96412592164,17857.96412592164,0.0,100.0,0.0,0.0,17957.96412592164,17957.96412592164,1,0.0,100.0
916,19549.29306355884,0.0,-195492.9306355884,0.0,10.0,0.0,-0.0,0.1,0.196675472,19.667547199999998,0.0,0.0,100.0,1.0,0.08,-8.0,-233.11262038416592,233.11262038416592,0.0,-233.11262038416592,233.11262038416592,0.0,-19183.067822790505,19183.067822790505,0.0,0.0,0.0,0.0,0.0,0.0,0.0,0.0,0.0,-195500.9306355884,-195500.9306355884,19649.29306355884,19649.29306355884,19549.29306355884,0.0,100.0,0.0,0.0,19649.29306355884,19649.29306355884,1,0.0,100.0
917,22744.004211870906,0.0,-227440.04211870907,0.0,10.0,0.0,-0.0,0.1,0.16476423,16.476423,0.0,0.0,100.0,1.0,0.11,-11.0,-232.9874269808637,232.9874269808637,0.0,-232.9874269808637,232.9874269808637,0.0,-22378.029357909178,22378.029357909178,0.0,0.0,0.0,0.0,0.0,0.0,0.0,0.0,0.0,-227451.04211870907,-227451.04211870907,22844.004211870906,22844.004211870906,22744.004211870906,0.0,100.0,0.0,0.0,22844.004211870906,22844.004211870906,1,0.0,100.0
918,25825.30259357739,0.0,-258253.0259357739,0.0,10.0,0.0,-0.0,0.1,0.158257181,15.8257181,0.0,0.0,100.0,1.0,0.11,-11.0,-270.32083616046066,270.32083616046066,0.0,-270.32083616046066,270.32083616046066,0.0,-25384.66092125647,25384.66092125647,0.0,0.0,0.0,0.0,0.0,0.0,0.0,0.0,0.0,-258264.0259357739,-258264.0259357739,25925.30259357739,25925.30259357739,25825.30259357739,0.0,100.0,0.0,0.0,25925.30259357739,25925.30259357739,1,0.0,100.0
919,29412.970767153518,0.0,-294129.7076715352,0.0,10.0,0.0,-0.0,0.1,0.154354338,15.4354338,0.0,0.0,100.0,1.0,0.11,-11.0,-510.2032746385829,510.2032746385829,0.0,-510.2032746385829,510.2032746385829,0.0,-30406.231450349387,30406.231450349387,0.0,0.0,1084.4422558593749,1084.4422558593749,0.0,0.0,829.2249766136578,829.2249766136578,0.0,-294140.7076715352,-294140.7076715352,31426.63799962655,31426.637999626553,31326.63799962655,0.0,100.0,0.0,0.0,31426.637999626553,29512.97076715352,1,0.0,100.0
920,54671.704766826304,0.0,-546717.0476682631,0.0,10.0,0.0,-0.0,0.1,0.15194573,15.194573,0.0,0.0,100.0,1.0,0.11,-11.0,-693.4640422659164,693.4640422659164,0.0,-693.4640422659164,693.4640422659164,0.0,-63499.35323171273,63499.35323171273,0.0,0.0,6880.599140625,6880.599140625,0.0,0.0,3233.977408793265,3233.977408793265,0.0,-546728.0476682631,-546728.0476682631,64886.28131624457,64886.28131624457,64786.28131624457,0.0,100.0,0.0,0.0,64886.28131624457,54771.704766826304,1,0.0,100.0
921,45547.29145431132,0.0,-455472.9145431132,0.0,10.0,0.0,-0.0,0.1,0.152932881,15.2932881,0.0,0.0,100.0,1.0,0.11,-11.0,-693.4304412260594,693.4304412260594,0.0,-693.4304412260594,693.4304412260594,0.0,-61247.50450477512,61247.50450477512,0.0,0.0,13200.279873046877,13200.279873046877,0.0,0.0,3786.794059869037,3786.794059869037,0.0,-455483.9145431132,-455483.9145431132,62634.36538722724,62634.36538722724,62534.36538722724,0.0,100.0,0.0,0.0,62634.36538722724,45647.29145431133,1,0.0,100.0
922,32651.27944772748,0.0,-326512.7944772748,0.0,10.0,0.0,-0.0,0.1,0.158366375,15.8366375,0.0,0.0,100.0,1.0,0.11,-11.0,-714.6115300387404,714.6115300387404,0.0,-714.6115300387404,714.6115300387404,0.0,-58270.982783266525,58270.982783266525,0.0,0.0,17799.8108203125,17799.8108203125,0.0,0.0,9149.115575304024,9149.115575304024,0.0,-326523.7944772748,-326523.7944772748,59700.205843344,59700.205843344,59600.205843344,0.0,100.0,0.0,0.0,59700.205843344,32751.27944772748,1,0.0,100.0
923,34180.66679562185,0.0,-341806.66795621853,0.0,10.0,0.0,-0.0,0.1,0.163808955,16.3808955,0.0,0.0,100.0,1.0,0.11,-11.0,-742.6794675617272,742.6794675617272,0.0,-742.6794675617272,742.6794675617272,0.0,-58336.04566953613,58336.04566953613,0.0,0.0,20454.824619140625,20454.824619140625,0.0,0.0,5085.913189897101,5085.913189897101,0.0,-341817.66795621853,-341817.66795621853,59821.404604659576,59821.40460465958,59721.404604659576,0.0,100.0,0.0,0.0,59821.40460465958,34280.66679562186,1,0.0,100.0
924,33089.937640268116,0.0,-330899.37640268117,0.0,10.0,0.0,-0.0,0.1,0.197224747,19.7224747,0.0,0.0,100.0,1.0,0.11,-11.0,-769.5358789120005,769.5358789120005,0.0,-769.5358789120005,769.5358789120005,0.0,-55370.581065223,55370.581065223,0.0,0.0,20043.484453125,20043.484453125,0.0,0.0,3676.2307296538825,3676.2307296538825,0.0,-330910.37640268117,-330910.37640268117,56909.652823047,56909.652823047,56809.652823047,0.0,100.0,0.0,0.0,56909.652823047,33189.93764026812,1,0.0,100.0
925,31539.974162703245,0.0,-315399.74162703246,0.0,10.0,0.0,-0.0,0.1,0.197278924,19.727892399999998,0.0,0.0,100.0,1.0,0.11,-11.0,-786.7017578990315,786.7017578990315,0.0,-786.7017578990315,786.7017578990315,0.0,-58410.43824273437,58410.43824273437,0.0,0.0,19968.69533203125,19968.69533203125,0.0,0.0,8375.172263797944,8375.172263797944,0.0,-315410.74162703246,-315410.74162703246,59983.841758532435,59983.841758532435,59883.841758532435,0.0,100.0,0.0,0.0,59983.841758532435,31639.97416270324,1,0.0,100.0
926,36040.32925034061,0.0,-360403.2925034061,0.0,10.0,0.0,-0.0,0.1,0.199730356,19.9730356,0.0,0.0,100.0,1.0,0.08,-8.0,-813.9355569821812,813.9355569821812,0.0,-813.9355569821812,813.9355569821812,0.0,-58357.57276772163,58357.57276772163,0.0,0.0,15967.477353515624,15967.477353515624,0.0,0.0,7877.637277829748,7877.637277829748,0.0,-360411.2925034061,-360411.2925034061,59985.443881685984,59985.44388168599,59885.443881685984,0.0,100.0,0.0,0.0,59985.44388168599,36140.32925034062,1,0.0,100.0
927,43164.670953851586,0.0,-431646.7095385159,0.0,10.0,0.0,-0.0,0.1,0.162813654,16.2813654,0.0,0.0,100.0,1.0,0.08,-8.0,-812.2643921829869,812.2643921829869,0.0,-812.2643921829869,812.2643921829869,0.0,-58245.29521756647,58245.29521756647,0.0,0.0,9722.5857421875,9722.5857421875,0.0,0.0,6882.567305893359,6882.567305893359,0.0,-431654.7095385159,-431654.7095385159,59869.824001932444,59869.824001932444,59769.824001932444,0.0,100.0,0.0,0.0,59869.824001932444,43264.670953851586,1,0.0,100.0
928,56631.024072308035,0.0,-566310.2407230804,0.0,10.0,0.0,-0.0,0.1,0.167690027,16.769002699999998,0.0,0.0,100.0,1.0,0.08,-8.0,-752.5037237370866,752.5037237370866,0.0,-752.5037237370866,752.5037237370866,0.0,-61160.50415012948,61160.50415012948,0.0,0.0,3253.326767578125,3253.326767578125,0.0,0.0,2681.160757717493,2681.160757717493,0.0,-566318.2407230804,-566318.2407230804,62665.511597603654,62665.511597603654,62565.511597603654,0.0,100.0,0.0,0.0,62665.511597603654,56731.024072308035,1,0.0,100.0
929,57734.55032694027,0.0,-577345.5032694027,0.0,10.0,0.0,-0.0,0.1,0.1768928739999999,17.68928739999999,0.0,0.0,100.0,1.0,0.11,-11.0,-540.8428534475985,540.8428534475985,0.0,-540.8428534475985,540.8428534475985,0.0,-57443.88543388979,57443.88543388979,0.0,0.0,0.0,0.0,0.0,0.0,691.0208138447148,691.0208138447148,0.0,-577356.5032694027,-577356.5032694027,58525.57114078498,58525.57114078498,58425.57114078498,0.0,100.0,0.0,0.0,58525.57114078498,57834.55032694027,1,0.0,100.0
930,46399.33069420094,0.0,-463993.30694200937,0.0,10.0,0.0,-0.0,0.1,0.176830265,17.683026499999997,0.0,0.0,100.0,1.0,0.11,-11.0,-550.3918497203454,550.3918497203454,0.0,-550.3918497203454,550.3918497203454,0.0,-45398.54699476025,45398.54699476025,0.0,0.0,0.0,0.0,0.0,0.0,0.0,0.0,0.0,-464004.30694200937,-464004.30694200937,46499.33069420094,46499.33069420094,46399.33069420094,0.0,100.0,0.0,0.0,46499.33069420094,46499.33069420094,1,0.0,100.0
931,44908.50398297292,0.0,-449085.03982972924,0.0,10.0,0.0,-0.0,0.1,0.175966302,17.5966302,0.0,0.0,100.0,1.0,0.11,-11.0,-540.8345917885239,540.8345917885239,0.0,-540.8345917885239,540.8345917885239,0.0,-43926.834799395874,43926.834799395874,0.0,0.0,0.0,0.0,0.0,0.0,0.0,0.0,0.0,-449096.03982972924,-449096.03982972924,45008.50398297292,45008.50398297292,44908.50398297292,0.0,100.0,0.0,0.0,45008.50398297292,45008.50398297292,1,0.0,100.0
932,35876.14759416556,0.0,-358761.4759416556,0.0,10.0,0.0,-0.0,0.1,0.1776214019999999,17.76214019999999,0.0,0.0,100.0,1.0,0.11,-11.0,-540.2195201618061,540.2195201618061,0.0,-540.2195201618061,540.2195201618061,0.0,-34895.70855384195,34895.70855384195,0.0,0.0,0.0,0.0,0.0,0.0,0.0,0.0,0.0,-358772.4759416556,-358772.4759416556,35976.14759416556,35976.14759416556,35876.14759416556,0.0,100.0,0.0,0.0,35976.14759416556,35976.14759416556,1,0.0,100.0
933,33790.72056751972,0.0,-337907.2056751972,0.0,10.0,0.0,-0.0,0.1,0.183554278,18.355427799999998,0.0,0.0,100.0,1.0,0.11,-11.0,-232.8847117338779,232.8847117338779,0.0,-232.8847117338779,232.8847117338779,0.0,-33424.951144051964,33424.951144051964,0.0,0.0,0.0,0.0,0.0,0.0,0.0,0.0,0.0,-337918.2056751972,-337918.2056751972,33890.72056751972,33890.72056751972,33790.72056751972,0.0,100.0,0.0,0.0,33890.72056751972,33890.72056751972,1,0.0,100.0
934,21486.71146117873,0.0,-214867.11461178728,0.0,10.0,0.0,-0.0,0.1,0.201554398,20.1554398,0.0,0.0,100.0,1.0,0.11,-11.0,-232.34745573045063,232.34745573045063,0.0,-232.34745573045063,232.34745573045063,0.0,-21122.016549717828,21122.016549717828,0.0,0.0,0.0,0.0,0.0,0.0,0.0,0.0,0.0,-214878.11461178728,-214878.11461178728,21586.71146117873,21586.71146117873,21486.71146117873,0.0,100.0,0.0,0.0,21586.71146117873,21586.71146117873,1,0.0,100.0
935,18508.207587367837,0.0,-185082.07587367838,0.0,10.0,0.0,-0.0,0.1,0.196787525,19.678752499999998,0.0,0.0,100.0,1.0,0.11,-11.0,-235.3847063810037,235.3847063810037,0.0,-235.3847063810037,235.3847063810037,0.0,-18137.438174605828,18137.438174605828,0.0,0.0,0.0,0.0,0.0,0.0,0.0,0.0,0.0,-185093.07587367838,-185093.07587367838,18608.207587367837,18608.207587367837,18508.207587367837,0.0,100.0,0.0,0.0,18608.207587367837,18608.207587367837,1,0.0,100.0
936,17763.14342023917,0.0,-177631.43420239168,0.0,10.0,0.0,-0.0,0.1,0.1926906719999999,19.269067199999988,0.0,0.0,100.0,1.0,0.08,-8.0,-232.32779599446133,232.32779599446133,0.0,-232.32779599446133,232.32779599446133,0.0,-17398.487828250247,17398.487828250247,0.0,0.0,0.0,0.0,0.0,0.0,0.0,0.0,0.0,-177639.43420239168,-177639.43420239168,17863.14342023917,17863.14342023917,17763.14342023917,0.0,100.0,0.0,0.0,17863.14342023917,17863.14342023917,1,0.0,100.0
937,17856.369637048592,0.0,-178563.69637048594,0.0,10.0,0.0,-0.0,0.1,0.191670898,19.1670898,0.0,0.0,100.0,1.0,0.08,-8.0,-232.26224595366983,232.26224595366983,0.0,-232.26224595366983,232.26224595366983,0.0,-17491.84514514125,17491.84514514125,0.0,0.0,0.0,0.0,0.0,0.0,0.0,0.0,0.0,-178571.69637048594,-178571.69637048594,17956.369637048592,17956.369637048592,17856.369637048592,0.0,100.0,0.0,0.0,17956.369637048592,17956.369637048592,1,0.0,100.0
938,17879.872765867352,0.0,-178798.72765867354,0.0,10.0,0.0,-0.0,0.1,0.1928653639999999,19.28653639999999,0.0,0.0,100.0,1.0,0.08,-8.0,-232.2348315972724,232.2348315972724,0.0,-232.2348315972724,232.2348315972724,0.0,-17515.403102672808,17515.403102672808,0.0,0.0,0.0,0.0,0.0,0.0,0.0,0.0,0.0,-178806.72765867354,-178806.72765867354,17979.872765867352,17979.872765867352,17879.872765867352,0.0,100.0,0.0,0.0,17979.872765867352,17979.872765867352,1,0.0,100.0
939,17856.828077262122,0.0,-178568.28077262122,0.0,10.0,0.0,-0.0,0.1,0.201662135,20.166213499999998,0.0,0.0,100.0,1.0,0.08,-8.0,-232.24869921776897,232.24869921776897,0.0,-232.24869921776897,232.24869921776897,0.0,-17492.330678826584,17492.330678826584,0.0,0.0,0.0,0.0,0.0,0.0,0.0,0.0,0.0,-178576.28077262122,-178576.28077262122,17956.828077262122,17956.828077262122,17856.828077262122,0.0,100.0,0.0,0.0,17956.828077262122,17956.828077262122,1,0.0,100.0
940,18621.079036880823,0.0,-186210.79036880823,0.0,10.0,0.0,-0.0,0.1,0.197376883,19.737688300000002,0.0,0.0,100.0,1.0,0.08,-8.0,-233.15797461210795,233.15797461210795,0.0,-233.15797461210795,233.15797461210795,0.0,-18254.763087656607,18254.763087656607,0.0,0.0,0.0,0.0,0.0,0.0,0.0,0.0,0.0,-186218.79036880823,-186218.79036880823,18721.079036880823,18721.079036880823,18621.079036880823,0.0,100.0,0.0,0.0,18721.079036880823,18721.079036880823,1,0.0,100.0
941,21582.74123020137,0.0,-215827.4123020137,0.0,10.0,0.0,-0.0,0.1,0.1774662719999999,17.74662719999999,0.0,0.0,100.0,1.0,0.11,-11.0,-233.1359350831508,233.1359350831508,0.0,-233.1359350831508,233.1359350831508,0.0,-21216.469360035066,21216.469360035066,0.0,0.0,0.0,0.0,0.0,0.0,0.0,0.0,0.0,-215838.4123020137,-215838.4123020137,21682.74123020137,21682.74123020137,21582.74123020137,0.0,100.0,0.0,0.0,21682.74123020137,21682.74123020137,1,0.0,100.0
942,25795.472234429188,0.0,-257954.72234429186,0.0,10.0,0.0,-0.0,0.1,0.18377519,18.377519,0.0,0.0,100.0,1.0,0.11,-11.0,-268.98015835224226,268.98015835224226,0.0,-268.98015835224226,268.98015835224226,0.0,-25357.511917724703,25357.511917724703,0.0,0.0,0.0,0.0,0.0,0.0,0.0,0.0,0.0,-257965.72234429186,-257965.72234429186,25895.472234429188,25895.472234429188,25795.472234429188,0.0,100.0,0.0,0.0,25895.472234429188,25895.472234429188,1,0.0,100.0
943,28308.667424775904,0.0,-283086.67424775905,0.0,10.0,0.0,-0.0,0.1,0.183822047,18.3822047,0.0,0.0,100.0,1.0,0.11,-11.0,-509.9609873123212,509.9609873123212,0.0,-509.9609873123212,509.9609873123212,0.0,-30338.08629851824,30338.08629851824,0.0,0.0,1981.9117089843749,1981.9117089843749,0.0,0.0,967.4291393826009,967.4291393826009,0.0,-283097.67424775905,-283097.67424775905,31358.008273142877,31358.00827314288,31258.008273142877,0.0,100.0,0.0,0.0,31358.00827314288,28408.667424775907,1,0.0,100.0
944,51906.17575643472,0.0,-519061.75756434724,0.0,10.0,0.0,-0.0,0.1,0.184424608,18.4424608,0.0,0.0,100.0,1.0,0.11,-11.0,-693.3506271976078,693.3506271976078,0.0,-693.3506271976078,693.3506271976078,0.0,-63447.65045712494,63447.65045712494,0.0,0.0,8488.565244140626,8488.565244140626,0.0,0.0,4339.6107109448085,4339.6107109448085,0.0,-519072.75756434724,-519072.75756434724,64834.351711520154,64834.351711520154,64734.351711520154,0.0,100.0,0.0,0.0,64834.351711520154,52006.17575643472,1,0.0,100.0
945,38879.451688803856,0.0,-388794.51688803855,0.0,10.0,0.0,-0.0,0.1,0.180843052,18.0843052,0.0,0.0,100.0,1.0,0.11,-11.0,-708.4610798852711,708.4610798852711,0.0,-708.4610798852711,708.4610798852711,0.0,-61201.1955210984,61201.1955210984,0.0,0.0,15070.007900390625,15070.007900390625,0.0,0.0,8568.658091674464,8568.658091674464,0.0,-388805.51688803855,-388805.51688803855,62618.11768086895,62618.11768086894,62518.11768086895,0.0,100.0,0.0,0.0,62618.11768086894,38979.45168880385,1,0.0,100.0
946,27546.42146600205,0.0,-275464.21466002055,0.0,10.0,0.0,-0.0,0.1,0.173707042,17.370704200000002,0.0,0.0,100.0,1.0,0.11,-11.0,-746.329153472247,746.329153472247,0.0,-746.329153472247,746.329153472247,0.0,-58229.14314964821,58229.14314964821,0.0,0.0,19968.69533203125,19968.69533203125,0.0,0.0,12106.684658559405,12106.684658559405,0.0,-275475.21466002055,-275475.21466002055,59721.80145659271,59721.80145659271,59621.80145659271,0.0,100.0,0.0,0.0,59721.80145659271,27646.42146600205,1,0.0,100.0
947,25517.870947653537,0.0,-255178.70947653538,0.0,10.0,0.0,-0.0,0.1,0.172510946,17.2510946,0.0,0.0,100.0,1.0,0.11,-11.0,-774.507730279987,774.507730279987,0.0,-774.507730279987,774.507730279987,0.0,-58257.80670485513,58257.80670485513,0.0,0.0,22773.287373046875,22773.287373046875,0.0,0.0,11415.663844714689,11415.663844714689,0.0,-255189.70947653538,-255189.70947653538,59806.8221654151,59806.822165415106,59706.8221654151,0.0,100.0,0.0,0.0,59806.822165415106,25617.870947653544,1,0.0,100.0
948,27997.053522241782,0.0,-279970.5352224178,0.0,10.0,0.0,-0.0,0.1,0.203584687,20.3584687,0.0,0.0,100.0,1.0,0.11,-11.0,-819.1292978096336,819.1292978096336,0.0,-819.1292978096336,819.1292978096336,0.0,-55212.35071760159,55212.35071760159,0.0,0.0,20903.559345703125,20903.559345703125,0.0,0.0,7849.99644527596,7849.99644527596,0.0,-279981.5352224178,-279981.5352224178,56850.60931322086,56850.60931322086,56750.60931322086,0.0,100.0,0.0,0.0,56850.60931322086,28097.05352224178,1,0.0,100.0
949,31623.413178718114,0.0,-316234.13178718113,0.0,10.0,0.0,-0.0,0.1,0.19238245,19.238245000000003,0.0,0.0,100.0,1.0,0.11,-11.0,-820.6213396306994,820.6213396306994,0.0,-820.6213396306994,820.6213396306994,0.0,-58201.76559032545,58201.76559032545,0.0,0.0,17837.205380859374,17837.205380859374,0.0,0.0,10282.389710009356,10282.389710009356,0.0,-316245.13178718113,-316245.13178718113,59843.00826958685,59843.00826958685,59743.00826958685,0.0,100.0,0.0,0.0,59843.00826958685,31723.413178718118,1,0.0,100.0
950,38035.17851271826,0.0,-380351.7851271826,0.0,10.0,0.0,-0.0,0.1,0.175055293,17.5055293,0.0,0.0,100.0,1.0,0.08,-8.0,-824.6112180255046,824.6112180255046,0.0,-824.6112180255046,824.6112180255046,0.0,-58196.40329287033,58196.40329287033,0.0,0.0,12340.20498046875,12340.20498046875,0.0,0.0,9370.242235734331,9370.242235734331,0.0,-380359.7851271826,-380359.7851271826,59845.62572892134,59845.62572892134,59745.62572892134,0.0,100.0,0.0,0.0,59845.62572892134,38135.17851271826,1,0.0,100.0
951,44296.78470812072,0.0,-442967.8470812072,0.0,10.0,0.0,-0.0,0.1,0.174704366,17.4704366,0.0,0.0,100.0,1.0,0.08,-8.0,-819.2657647687192,819.2657647687192,0.0,-819.2657647687192,819.2657647687192,0.0,-58194.421121717925,58194.421121717925,0.0,0.0,8525.9598046875,8525.9598046875,0.0,0.0,6910.208138447148,6910.208138447148,0.0,-442975.8470812072,-442975.8470812072,59832.95265125537,59832.952651255364,59732.95265125537,0.0,100.0,0.0,0.0,59832.952651255364,44396.784708120715,1,0.0,100.0
952,56665.967886368664,0.0,-566659.6788636866,0.0,10.0,0.0,-0.0,0.1,0.177942872,17.7942872,0.0,0.0,100.0,1.0,0.08,-8.0,-780.298977137317,780.298977137317,0.0,-780.298977137317,780.298977137317,0.0,-61152.88350767394,61152.88350767394,0.0,0.0,2879.381162109375,2879.381162109375,0.0,0.0,3068.1324134705337,3068.1324134705337,0.0,-566667.6788636866,-566667.6788636866,62713.48146194857,62713.48146194858,62613.48146194857,0.0,100.0,0.0,0.0,62713.48146194858,56765.96788636867,1,0.0,100.0
953,57809.366527444356,0.0,-578093.6652744436,0.0,10.0,0.0,-0.0,0.1,0.189335533,18.9335533,0.0,0.0,100.0,1.0,0.11,-11.0,-582.8532969526198,582.8532969526198,0.0,-582.8532969526198,582.8532969526198,0.0,-57434.68074738383,57434.68074738383,0.0,0.0,0.0,0.0,0.0,0.0,691.0208138447148,691.0208138447148,0.0,-578104.6652744436,-578104.6652744436,58600.38734128907,58600.38734128907,58500.38734128907,0.0,100.0,0.0,0.0,58600.38734128907,57909.366527444356,1,0.0,100.0
954,46515.67438050567,0.0,-465156.74380505667,0.0,10.0,0.0,-0.0,0.1,0.188260661,18.8260661,0.0,0.0,100.0,1.0,0.11,-11.0,-612.8021926946526,612.8021926946526,0.0,-612.8021926946526,612.8021926946526,0.0,-45390.06999511636,45390.06999511636,0.0,0.0,0.0,0.0,0.0,0.0,0.0,0.0,0.0,-465167.74380505667,-465167.74380505667,46615.67438050567,46615.67438050567,46515.67438050567,0.0,100.0,0.0,0.0,46615.67438050567,46615.67438050567,1,0.0,100.0
955,45044.56252986376,0.0,-450445.6252986376,0.0,10.0,0.0,-0.0,0.1,0.177678052,17.7678052,0.0,0.0,100.0,1.0,0.11,-11.0,-614.7202302605643,614.7202302605643,0.0,-614.7202302605643,614.7202302605643,0.0,-43915.12206934263,43915.12206934263,0.0,0.0,0.0,0.0,0.0,0.0,0.0,0.0,0.0,-450456.6252986376,-450456.6252986376,45144.56252986376,45144.56252986376,45044.56252986376,0.0,100.0,0.0,0.0,45144.56252986376,45144.56252986376,1,0.0,100.0
956,36024.75319291383,0.0,-360247.5319291383,0.0,10.0,0.0,-0.0,0.1,0.176965721,17.6965721,0.0,0.0,100.0,1.0,0.11,-11.0,-622.934037822429,622.934037822429,0.0,-622.934037822429,622.934037822429,0.0,-34878.88511726897,34878.88511726897,0.0,0.0,0.0,0.0,0.0,0.0,0.0,0.0,0.0,-360258.5319291383,-360258.5319291383,36124.75319291383,36124.75319291383,36024.75319291383,0.0,100.0,0.0,0.0,36124.75319291383,36124.75319291383,1,0.0,100.0
957,33767.66827551837,0.0,-337676.6827551837,0.0,10.0,0.0,-0.0,0.1,0.1747769139999999,17.47769139999999,0.0,0.0,100.0,1.0,0.11,-11.0,-233.65640659205047,233.65640659205047,0.0,-233.65640659205047,233.65640659205047,0.0,-33400.35546233427,33400.35546233427,0.0,0.0,0.0,0.0,0.0,0.0,0.0,0.0,0.0,-337687.6827551837,-337687.6827551837,33867.66827551837,33867.66827551837,33767.66827551837,0.0,100.0,0.0,0.0,33867.66827551837,33867.66827551837,1,0.0,100.0
958,21488.05241501716,0.0,-214880.52415017158,0.0,10.0,0.0,-0.0,0.1,0.179083195,17.9083195,0.0,0.0,100.0,1.0,0.11,-11.0,-233.01793264966471,233.01793264966471,0.0,-233.01793264966471,233.01793264966471,0.0,-21122.016549717828,21122.016549717828,0.0,0.0,0.0,0.0,0.0,0.0,0.0,0.0,0.0,-214891.52415017158,-214891.52415017158,21588.05241501716,21588.05241501716,21488.05241501716,0.0,100.0,0.0,0.0,21588.05241501716,21588.05241501716,1,0.0,100.0
959,18509.51116720893,0.0,-185095.1116720893,0.0,10.0,0.0,-0.0,0.1,0.19895657,19.895657,0.0,0.0,100.0,1.0,0.11,-11.0,-236.03648420961056,236.03648420961056,0.0,-236.03648420961056,236.03648420961056,0.0,-18137.438198789707,18137.438198789707,0.0,0.0,0.0,0.0,0.0,0.0,0.0,0.0,0.0,-185106.1116720893,-185106.1116720893,18609.51116720893,18609.51116720893,18509.51116720893,0.0,100.0,0.0,0.0,18609.51116720893,18609.51116720893,1,0.0,100.0
960,17764.603768084264,0.0,-177646.03768084262,0.0,10.0,0.0,-0.0,0.1,0.196867515,19.6867515,0.0,0.0,100.0,1.0,0.08,-8.0,-233.05795782507167,233.05795782507167,0.0,-233.05795782507167,233.05795782507167,0.0,-17398.487852434122,17398.487852434122,0.0,0.0,0.0,0.0,0.0,0.0,0.0,0.0,0.0,-177654.03768084262,-177654.03768084262,17864.603768084264,17864.603768084264,17764.603768084264,0.0,100.0,0.0,0.0,17864.603768084264,17864.603768084264,1,0.0,100.0
961,17764.65632204838,0.0,-177646.5632204838,0.0,10.0,0.0,-0.0,0.1,0.199776659,19.977665899999998,0.0,0.0,100.0,1.0,0.08,-8.0,-233.0842438760824,233.0842438760824,0.0,-233.0842438760824,233.0842438760824,0.0,-17398.487834296215,17398.487834296215,0.0,0.0,0.0,0.0,0.0,0.0,0.0,0.0,0.0,-177654.5632204838,-177654.5632204838,17864.65632204838,17864.65632204838,17764.65632204838,0.0,100.0,0.0,0.0,17864.65632204838,17864.65632204838,1,0.0,100.0
962,17764.76473399085,0.0,-177647.64733990852,0.0,10.0,0.0,-0.0,0.1,0.203977608,20.3977608,0.0,0.0,100.0,1.0,0.08,-8.0,-233.1384528703028,233.1384528703028,0.0,-233.1384528703028,233.1384528703028,0.0,-17398.487828250247,17398.487828250247,0.0,0.0,0.0,0.0,0.0,0.0,0.0,0.0,0.0,-177655.64733990852,-177655.64733990852,17864.76473399085,17864.76473399085,17764.76473399085,0.0,100.0,0.0,0.0,17864.76473399085,17864.76473399085,1,0.0,100.0
963,17764.781488505243,0.0,-177647.81488505244,0.0,10.0,0.0,-0.0,0.1,0.208886767,20.8886767,0.0,0.0,100.0,1.0,0.08,-8.0,-233.14682105854408,233.14682105854408,0.0,-233.14682105854408,233.14682105854408,0.0,-17398.487846388154,17398.487846388154,0.0,0.0,0.0,0.0,0.0,0.0,0.0,0.0,0.0,-177655.81488505244,-177655.81488505244,17864.781488505243,17864.781488505243,17764.781488505243,0.0,100.0,0.0,0.0,17864.781488505243,17864.781488505243,1,0.0,100.0
964,18583.70342102205,0.0,-185837.0342102205,0.0,10.0,0.0,-0.0,0.1,0.213130033,21.3130033,0.0,0.0,100.0,1.0,0.08,-8.0,-238.1313470542516,238.1313470542516,0.0,-238.1313470542516,238.1313470542516,0.0,-18207.440726913548,18207.440726913548,0.0,0.0,0.0,0.0,0.0,0.0,0.0,0.0,0.0,-185845.0342102205,-185845.0342102205,18683.70342102205,18683.70342102205,18583.70342102205,0.0,100.0,0.0,0.0,18683.70342102205,18683.70342102205,1,0.0,100.0
965,21612.91385940683,0.0,-216129.13859406832,0.0,10.0,0.0,-0.0,0.1,0.217002893,21.7002893,0.0,0.0,100.0,1.0,0.11,-11.0,-237.0161900278902,237.0161900278902,0.0,-237.0161900278902,237.0161900278902,0.0,-21238.88147935105,21238.88147935105,0.0,0.0,0.0,0.0,0.0,0.0,0.0,0.0,0.0,-216140.13859406832,-216140.13859406832,21712.91385940683,21712.91385940683,21612.91385940683,0.0,100.0,0.0,0.0,21712.91385940683,21712.91385940683,1,0.0,100.0
966,25854.199781547057,0.0,-258541.99781547056,0.0,10.0,0.0,-0.0,0.1,0.219428643,21.9428643,0.0,0.0,100.0,1.0,0.11,-11.0,-309.6538220290878,309.6538220290878,0.0,-309.6538220290878,309.6538220290878,0.0,-25334.89213748888,25334.89213748888,0.0,0.0,0.0,0.0,0.0,0.0,0.0,0.0,0.0,-258552.99781547056,-258552.99781547056,25954.199781547057,25954.199781547057,25854.199781547057,0.0,100.0,0.0,0.0,25954.199781547057,25954.199781547057,1,0.0,100.0
967,28658.681508439877,0.0,-286586.8150843988,0.0,10.0,0.0,-0.0,0.1,0.219625622,21.9625622,0.0,0.0,100.0,1.0,0.11,-11.0,-549.0737722045935,549.0737722045935,0.0,-549.0737722045935,549.0737722045935,0.0,-30250.543989198413,30250.543989198413,0.0,0.0,1981.9117089843749,1981.9117089843749,0.0,0.0,608.098316183349,608.098316183349,0.0,-286597.8150843988,-286597.8150843988,31348.6915336076,31348.6915336076,31248.6915336076,0.0,100.0,0.0,0.0,31348.6915336076,28758.681508439877,1,0.0,100.0
968,56546.18129994753,0.0,-565461.8129994753,0.0,10.0,0.0,-0.0,0.1,0.220357952,22.0357952,0.0,0.0,100.0,1.0,0.11,-11.0,-750.6784899796197,750.6784899796197,0.0,-750.6784899796197,750.6784899796197,0.0,-63387.989251756815,63387.989251756815,0.0,0.0,6170.102490234375,6170.102490234375,0.0,0.0,2073.0624415341445,2073.0624415341445,0.0,-565472.8129994753,-565472.8129994753,64889.346231716045,64889.34623171605,64789.346231716045,0.0,100.0,0.0,0.0,64889.34623171605,56646.18129994754,1,0.0,100.0
969,47154.10537098347,0.0,-471541.0537098347,0.0,10.0,0.0,-0.0,0.1,0.218005728,21.8005728,0.0,0.0,100.0,1.0,0.11,-11.0,-788.976930103576,788.976930103576,0.0,-788.976930103576,788.976930103576,0.0,-61162.55034810055,61162.55034810055,0.0,0.0,12003.653935546874,12003.653935546874,0.0,0.0,3482.7449017773624,3482.7449017773624,0.0,-471552.0537098347,-471552.0537098347,62740.5042083077,62740.504208307706,62640.5042083077,0.0,100.0,0.0,0.0,62740.504208307706,47254.10537098347,1,0.0,100.0
970,36456.90039596813,0.0,-364569.00395968126,0.0,10.0,0.0,-0.0,0.1,0.2195250439999999,21.952504399999988,0.0,0.0,100.0,1.0,0.11,-11.0,-876.2751806569121,876.2751806569121,0.0,-876.2751806569121,876.2751806569121,0.0,-58252.9606183354,58252.9606183354,0.0,0.0,11480.130087890624,11480.130087890624,0.0,0.0,11968.48049579046,11968.48049579046,0.0,-364580.00395968126,-364580.00395968126,60005.51097964921,60005.51097964922,59905.51097964921,0.0,100.0,0.0,0.0,60005.51097964922,36556.900395968136,1,0.0,100.0
971,24767.893387219025,0.0,-247678.93387219025,0.0,10.0,0.0,-0.0,0.1,0.21513087,21.513087,0.0,0.0,100.0,1.0,0.11,-11.0,-966.7978506781132,966.7978506781132,0.0,-966.7978506781132,966.7978506781132,0.0,-58268.02359550931,58268.02359550931,0.0,0.0,20380.03549804688,20380.03549804688,0.0,0.0,14953.690411599628,14953.690411599628,0.0,-247689.93387219025,-247689.93387219025,60201.61929686553,60201.61929686554,60101.61929686553,0.0,100.0,0.0,0.0,60201.61929686554,24867.893387219032,1,0.0,100.0
972,19333.23914542208,0.0,-193332.3914542208,0.0,10.0,0.0,-0.0,0.1,0.205259114,20.5259114,0.0,0.0,100.0,1.0,0.11,-11.0,-986.1216197842534,986.1216197842534,0.0,-986.1216197842534,986.1216197842534,0.0,-55308.3856070291,55308.3856070291,0.0,0.0,20903.559345703125,20903.559345703125,0.0,0.0,16943.830355472408,16943.830355472408,0.0,-193343.3914542208,-193343.3914542208,57280.62884659761,57280.62884659761,57180.62884659761,0.0,100.0,0.0,0.0,57280.62884659761,19433.239145422078,1,0.0,100.0
973,29634.830823915872,0.0,-296348.3082391587,0.0,10.0,0.0,-0.0,0.1,0.197011898,19.701189799999998,0.0,0.0,100.0,1.0,0.11,-11.0,-973.4286247778743,973.4286247778743,0.0,-973.4286247778743,973.4286247778743,0.0,-58346.47495510439,58346.47495510439,0.0,0.0,17650.232578125,17650.232578125,0.0,0.0,12908.268802619272,12908.268802619272,0.0,-296359.3082391587,-296359.3082391587,60293.332204660146,60293.33220466014,60193.332204660146,0.0,100.0,0.0,0.0,60293.33220466014,29734.830823915865,1,0.0,100.0
974,31445.76483056428,0.0,-314457.64830564277,0.0,10.0,0.0,-0.0,0.1,0.199630895,19.9630895,0.0,0.0,100.0,1.0,0.08,-8.0,-997.1701425353224,997.1701425353224,0.0,-997.1701425353224,997.1701425353224,0.0,-58391.42811194739,58391.42811194739,0.0,0.0,15406.5589453125,15406.5589453125,0.0,0.0,13433.444621141256,13433.444621141256,0.0,-314465.64830564277,-314465.64830564277,60385.76839701804,60385.76839701804,60285.76839701804,0.0,100.0,0.0,0.0,60385.76839701804,31545.76483056428,1,0.0,100.0
975,44192.915420602396,0.0,-441929.15420602396,0.0,10.0,0.0,-0.0,0.1,0.212515289,21.2515289,0.0,0.0,100.0,1.0,0.08,-8.0,-979.3216756101064,979.3216756101064,0.0,-979.3216756101064,979.3216756101064,0.0,-58295.67906991934,58295.67906991934,0.0,0.0,7254.544746093749,7254.544746093749,0.0,0.0,8706.862254443406,8706.862254443406,0.0,-441937.15420602396,-441937.15420602396,60254.32242113955,60254.32242113955,60154.32242113955,0.0,100.0,0.0,0.0,60254.32242113955,44292.915420602396,1,0.0,100.0
976,56948.153677018294,0.0,-569481.5367701829,0.0,10.0,0.0,-0.0,0.1,0.222856355,22.2856355,0.0,0.0,100.0,1.0,0.08,-8.0,-874.096302283519,874.096302283519,0.0,-874.096302283519,874.096302283519,0.0,-61149.96898754056,61149.96898754056,0.0,0.0,1869.72802734375,1869.72802734375,0.0,0.0,3980.279887745557,3980.279887745557,0.0,-569489.5367701829,-569489.5367701829,62898.1615921076,62898.1615921076,62798.1615921076,0.0,100.0,0.0,0.0,62898.1615921076,57048.153677018294,1,0.0,100.0
977,57771.137663839094,0.0,-577711.3766383909,0.0,10.0,0.0,-0.0,0.1,0.2189602889999999,21.89602889999999,0.0,0.0,100.0,1.0,0.11,-11.0,-569.2980224001639,569.2980224001639,0.0,-569.2980224001639,569.2980224001639,0.0,-57423.56243288348,57423.56243288348,0.0,0.0,0.0,0.0,0.0,0.0,691.0208138447148,691.0208138447148,0.0,-577722.3766383909,-577722.3766383909,58562.158477683806,58562.158477683806,58462.158477683806,0.0,100.0,0.0,0.0,58562.158477683806,57871.137663839094,1,0.0,100.0
978,46358.61523145049,0.0,-463586.15231450484,0.0,10.0,0.0,-0.0,0.1,0.205899485,20.5899485,0.0,0.0,100.0,1.0,0.11,-11.0,-542.4769234184693,542.4769234184693,0.0,-542.4769234184693,542.4769234184693,0.0,-45373.66138461355,45373.66138461355,0.0,0.0,0.0,0.0,0.0,0.0,0.0,0.0,0.0,-463597.15231450484,-463597.15231450484,46458.61523145049,46458.61523145049,46358.61523145049,0.0,100.0,0.0,0.0,46458.61523145049,46458.61523145049,1,0.0,100.0
979,44877.673488414446,0.0,-448776.73488414445,0.0,10.0,0.0,-0.0,0.1,0.203788183,20.378818300000002,0.0,0.0,100.0,1.0,0.11,-11.0,-539.7910829492113,539.7910829492113,0.0,-539.7910829492113,539.7910829492113,0.0,-43898.091322516026,43898.091322516026,0.0,0.0,0.0,0.0,0.0,0.0,0.0,0.0,0.0,-448787.73488414445,-448787.73488414445,44977.673488414446,44977.673488414446,44877.673488414446,0.0,100.0,0.0,0.0,44977.673488414446,44977.673488414446,1,0.0,100.0
980,35847.57159335013,0.0,-358475.71593350125,0.0,10.0,0.0,-0.0,0.1,0.213016307,21.3016307,0.0,0.0,100.0,1.0,0.11,-11.0,-541.6367300549317,541.6367300549317,0.0,-541.6367300549317,541.6367300549317,0.0,-34864.29813324026,34864.29813324026,0.0,0.0,0.0,0.0,0.0,0.0,0.0,0.0,0.0,-358486.71593350125,-358486.71593350125,35947.57159335013,35947.57159335013,35847.57159335013,0.0,100.0,0.0,0.0,35947.57159335013,35947.57159335013,1,0.0,100.0
981,33752.26875693353,0.0,-337522.68756933534,0.0,10.0,0.0,-0.0,0.1,0.2173107719999999,21.73107719999999,0.0,0.0,100.0,1.0,0.11,-11.0,-231.7553579595938,231.7553579595938,0.0,-231.7553579595938,231.7553579595938,0.0,-33388.75804101434,33388.75804101434,0.0,0.0,0.0,0.0,0.0,0.0,0.0,0.0,0.0,-337533.68756933534,-337533.68756933534,33852.26875693353,33852.26875693353,33752.26875693353,0.0,100.0,0.0,0.0,33852.26875693353,33852.26875693353,1,0.0,100.0
982,21485.766907098106,0.0,-214857.66907098106,0.0,10.0,0.0,-0.0,0.1,0.224193656,22.4193656,0.0,0.0,100.0,1.0,0.11,-11.0,-231.8751726441704,231.8751726441704,0.0,-231.8751726441704,231.8751726441704,0.0,-21122.016561809767,21122.016561809767,0.0,0.0,0.0,0.0,0.0,0.0,0.0,0.0,0.0,-214868.66907098106,-214868.66907098106,21585.766907098106,21585.766907098106,21485.766907098106,0.0,100.0,0.0,0.0,21585.766907098106,21585.766907098106,1,0.0,100.0
983,18507.728977322367,0.0,-185077.2897732237,0.0,10.0,0.0,-0.0,0.1,0.218986583,21.8986583,0.0,0.0,100.0,1.0,0.11,-11.0,-235.14538019737407,235.14538019737407,0.0,-235.14538019737407,235.14538019737407,0.0,-18137.438216927618,18137.438216927618,0.0,0.0,0.0,0.0,0.0,0.0,0.0,0.0,0.0,-185088.2897732237,-185088.2897732237,18607.728977322367,18607.728977322367,18507.728977322367,0.0,100.0,0.0,0.0,18607.728977322367,18607.728977322367,1,0.0,100.0
984,14749.04506644113,0.0,-147490.4506644113,0.0,10.0,0.0,-0.0,0.1,0.204713653,20.4713653,0.0,0.0,100.0,1.0,0.08,-8.0,-231.9562319676201,231.9562319676201,0.0,-231.9562319676201,231.9562319676201,0.0,-14385.13260250589,14385.13260250589,0.0,0.0,0.0,0.0,0.0,0.0,0.0,0.0,0.0,-147498.4506644113,-147498.4506644113,14849.04506644113,14849.04506644113,14749.04506644113,0.0,100.0,0.0,0.0,14849.04506644113,14849.04506644113,1,0.0,100.0
985,14749.025236262827,0.0,-147490.25236262826,0.0,10.0,0.0,-0.0,0.1,0.2114445519999999,21.14445519999999,0.0,0.0,100.0,1.0,0.08,-8.0,-231.9463199014525,231.9463199014525,0.0,-231.9463199014525,231.9463199014525,0.0,-14385.132596459922,14385.132596459922,0.0,0.0,0.0,0.0,0.0,0.0,0.0,0.0,0.0,-147498.25236262826,-147498.25236262826,14849.025236262827,14849.025236262827,14749.025236262827,0.0,100.0,0.0,0.0,14849.025236262827,14849.025236262827,1,0.0,100.0
986,14748.927706675933,0.0,-147489.27706675933,0.0,10.0,0.0,-0.0,0.1,0.218181431,21.8181431,0.0,0.0,100.0,1.0,0.08,-8.0,-231.8975430160666,231.8975430160666,0.0,-231.8975430160666,231.8975430160666,0.0,-14385.1326206438,14385.1326206438,0.0,0.0,0.0,0.0,0.0,0.0,0.0,0.0,0.0,-147497.27706675933,-147497.27706675933,14848.927706675933,14848.927706675933,14748.927706675933,0.0,100.0,0.0,0.0,14848.927706675933,14848.927706675933,1,0.0,100.0
987,14748.838065897033,0.0,-147488.38065897033,0.0,10.0,0.0,-0.0,0.1,0.224287635,22.428763500000002,0.0,0.0,100.0,1.0,0.08,-8.0,-231.8527286725866,231.8527286725866,0.0,-231.8527286725866,231.8527286725866,0.0,-14385.13260855186,14385.13260855186,0.0,0.0,0.0,0.0,0.0,0.0,0.0,0.0,0.0,-147496.38065897033,-147496.38065897033,14848.838065897033,14848.838065897033,14748.838065897033,0.0,100.0,0.0,0.0,14848.838065897033,14848.838065897033,1,0.0,100.0
988,15659.463159349683,0.0,-156594.63159349683,0.0,10.0,0.0,-0.0,0.1,0.215443973,21.5443973,0.0,0.0,100.0,1.0,0.08,-8.0,-259.3543850109776,259.3543850109776,0.0,-259.3543850109776,259.3543850109776,0.0,-15240.754389327729,15240.754389327729,0.0,0.0,0.0,0.0,0.0,0.0,0.0,0.0,0.0,-156602.63159349683,-156602.63159349683,15759.463159349683,15759.463159349683,15659.463159349683,0.0,100.0,0.0,0.0,15759.463159349683,15759.463159349683,1,0.0,100.0
989,17103.783432870372,0.0,-171037.83432870373,0.0,10.0,0.0,-0.0,0.1,0.206719853,20.6719853,0.0,0.0,100.0,1.0,0.11,-11.0,-254.1223886224369,254.1223886224369,0.0,-254.1223886224369,254.1223886224369,0.0,-16695.5386556255,16695.5386556255,0.0,0.0,0.0,0.0,0.0,0.0,0.0,0.0,0.0,-171048.83432870373,-171048.83432870373,17203.783432870372,17203.783432870372,17103.783432870372,0.0,100.0,0.0,0.0,17203.783432870372,17203.783432870372,1,0.0,100.0
990,25751.68729551476,0.0,-257516.87295514758,0.0,10.0,0.0,-0.0,0.1,0.20016974,20.016974,0.0,0.0,100.0,1.0,0.11,-11.0,-258.28011489144194,258.28011489144194,0.0,-258.28011489144194,258.28011489144194,0.0,-25335.127065731875,25335.127065731875,0.0,0.0,0.0,0.0,0.0,0.0,0.0,0.0,0.0,-257527.87295514758,-257527.87295514758,25851.68729551476,25851.68729551476,25751.68729551476,0.0,100.0,0.0,0.0,25851.68729551476,25851.68729551476,1,0.0,100.0
991,22164.564062800946,0.0,-221645.64062800945,0.0,10.0,0.0,-0.0,0.1,0.190729083,19.072908299999998,0.0,0.0,100.0,1.0,0.11,-11.0,-216.59430308081912,216.59430308081912,0.0,-216.59430308081912,216.59430308081912,0.0,-24242.546055640272,24242.546055640272,0.0,0.0,1720.14978515625,1720.14978515625,0.0,0.0,691.0208138447148,691.0208138447148,0.0,-221656.64062800945,-221656.64062800945,24675.73466180191,24675.73466180191,24575.73466180191,0.0,100.0,0.0,0.0,24675.73466180191,22264.564062800946,1,0.0,100.0
992,29320.2766205443,0.0,-293202.766205443,0.0,10.0,0.0,-0.0,0.1,0.189981116,18.9981116,0.0,0.0,100.0,1.0,0.11,-11.0,-222.367604920066,222.367604920066,0.0,-222.367604920066,222.367604920066,0.0,-39294.97786741751,39294.97786741751,0.0,0.0,7030.1773828125,7030.1773828125,0.0,0.0,3289.2590739008424,3289.2590739008424,0.0,-293213.766205443,-293213.766205443,39739.71307725764,39739.71307725764,39639.71307725764,0.0,100.0,0.0,0.0,39739.71307725764,29420.2766205443,1,0.0,100.0
993,20433.48008549372,0.0,-204334.8008549372,0.0,10.0,0.0,-0.0,0.1,0.187105382,18.7105382,0.0,0.0,100.0,1.0,0.11,-11.0,-217.9864337234963,217.9864337234963,0.0,-217.9864337234963,217.9864337234963,0.0,-37058.62390871484,37058.62390871484,0.0,0.0,12041.04849609375,12041.04849609375,0.0,0.0,4920.068194574369,4920.068194574369,0.0,-204345.8008549372,-204345.8008549372,37494.59677616184,37494.59677616184,37394.59677616184,0.0,100.0,0.0,0.0,37494.59677616184,20533.48008549372,1,0.0,100.0
994,7331.075834314304,0.0,-73310.75834314304,0.0,10.0,0.0,-0.0,0.1,0.1979162619999999,19.79162619999999,0.0,0.0,100.0,1.0,0.11,-11.0,-225.0572437440928,225.0572437440928,0.0,-225.0572437440928,225.0572437440928,0.0,-34092.49203491443,34092.49203491443,0.0,0.0,17575.443457031248,17575.443457031248,0.0,0.0,9536.087231057065,9536.087231057065,0.0,-73321.75834314304,-73321.75834314304,34542.60652240262,34542.60652240262,34442.60652240262,0.0,100.0,0.0,0.0,34542.60652240262,7431.0758343143025,1,0.0,100.0
995,0.0,0.0,-0.0,55.55555555555556,10.0,0.0,-0.0,0.1,0.2206041789999999,0.0,0.0,100.0,0.0,1.0,0.11,0.0,-205.4675526904713,205.4675526904713,0.0,-205.4675526904713,205.4675526904713,0.0,-34090.62095845449,34090.62095845449,0.0,0.0,21763.63423828125,21763.63423828125,0.0,1535.0372119679032,14428.514593077643,12893.47738110974,0.0,0.0,0.0,34657.11161939099,34657.11161939099,34657.11161939099,0.0,0.0,155.55555555555475,0.0,34501.556063835436,-1690.5927675234561,1,-55.55555555555556,-100.0
996,0.0,0.0,-0.0,44.44444444444444,60.0,0.0,-0.0,0.6,0.219039385,0.0,0.0,100.0,0.0,1.0,0.11,0.0,-196.5319322390198,196.5319322390198,0.0,-196.5319322390198,196.5319322390198,0.0,-34100.92551566871,34100.92551566871,0.0,0.0,22212.36896484375,22212.36896484375,0.0,3964.9488446491923,16391.013704396635,12426.064859747443,0.0,0.0,0.0,34638.43382459119,34638.43382459119,34638.43382459119,0.0,0.0,144.44444444444525,0.0,34493.98938014675,-4109.393289093634,1,-44.44444444444444,-100.0
997,2203.290969115973,0.0,-22032.90969115973,0.0,100.0,45.0,-0.0,1.0,0.2121653869999999,21.21653869999999,0.0,0.0,100.0,1.0,0.11,-11.0,-196.7408406215823,196.7408406215823,0.0,-196.7408406215823,196.7408406215823,0.0,-34132.80894875257,34132.80894875257,0.0,0.0,16229.23927734375,16229.23927734375,0.0,0.0,15948.760383536017,15948.760383536017,0.0,-22043.90969115973,-22043.90969115973,34526.29062999574,34526.29062999574,34381.29062999574,0.0,145.0,0.0,0.0,34526.29062999574,2348.290969115973,1,45.0,100.0
998,0.0,0.0,-0.0,55.55555555555556,50.0,0.0,-0.0,0.5,0.214084102,0.0,0.0,100.0,0.0,1.0,0.08,0.0,-196.847392299355,196.847392299355,0.0,-196.847392299355,196.847392299355,0.0,-19023.055733956822,19023.055733956822,0.0,0.0,12228.021298828126,12228.021298828126,0.0,5646.9065249976775,12991.191300280638,7344.28477528296,0.0,0.0,0.0,19572.306074111086,19572.306074111086,19572.306074111086,0.0,0.0,155.55555555555475,0.0,19416.75051855553,-5802.462080553232,1,-55.55555555555556,-100.0
999,4548.914201619851,0.0,-45489.142016198515,0.0,100.0,45.0,-0.0,1.0,0.208661407,20.8661407,0.0,0.0,100.0,1.0,0.08,-8.0,-196.82367307406008,196.82367307406008,0.0,-196.82367307406008,196.82367307406008,0.0,-19024.412655111068,19024.412655111068,0.0,0.0,5796.156884765624,5796.156884765624,0.0,0.0,8927.988914873715,8927.988914873715,0.0,-45497.142016198515,-45497.142016198515,19418.06000125919,19418.06000125919,19273.06000125919,0.0,145.0,0.0,0.0,19418.06000125919,4693.914201619849,1,45.0,100.0
1000,15129.843616979688,0.0,-151298.43616979689,0.0,50.0,36.0,-0.0,0.5,0.204581102,20.4581102,0.0,0.0,100.0,1.0,0.08,-8.0,-196.41172750538823,196.41172750538823,0.0,-196.41172750538823,196.41172750538823,0.0,-21983.06905623341,21983.06905623341,0.0,0.0,2991.56484375,2991.56484375,0.0,0.0,4118.4840505145,4118.4840505145,0.0,-151306.43616979689,-151306.43616979689,22375.892511244187,22375.892511244187,22239.892511244187,0.0,136.0,0.0,0.0,22375.892511244187,15265.843616979686,1,36.0,100.0
1001,22333.2655755869,0.0,-223332.655755869,0.0,10.0,0.0,-0.0,0.1,0.21418209,21.418208999999997,0.0,0.0,100.0,1.0,0.11,-11.0,-196.360679490132,196.360679490132,0.0,-196.360679490132,196.360679490132,0.0,-22786.84669555893,22786.84669555893,0.0,0.0,0.0,0.0,0.0,0.0,746.302478952292,746.302478952292,0.0,-223343.655755869,-223343.655755869,23179.56805453919,23179.56805453919,23079.56805453919,0.0,100.0,0.0,0.0,23179.56805453919,22433.2655755869,1,0.0,100.0
1002,21400.037230971884,0.0,-214000.37230971883,0.0,10.0,0.0,-0.0,0.1,0.223507501,22.3507501,0.0,0.0,100.0,1.0,0.11,-11.0,-232.14484863597767,232.14484863597767,0.0,-232.14484863597767,232.14484863597767,0.0,-21035.74753369993,21035.74753369993,0.0,0.0,0.0,0.0,0.0,0.0,0.0,0.0,0.0,-214011.37230971883,-214011.37230971883,21500.037230971884,21500.037230971884,21400.037230971884,0.0,100.0,0.0,0.0,21500.037230971884,21500.037230971884,1,0.0,100.0
1003,19923.83729279345,0.0,-199238.3729279345,0.0,10.0,0.0,-0.0,0.1,0.2262843769999999,22.62843769999999,0.0,0.0,100.0,1.0,0.11,-11.0,-232.9952652011444,232.9952652011444,0.0,-232.9952652011444,232.9952652011444,0.0,-19557.84676239116,19557.84676239116,0.0,0.0,0.0,0.0,0.0,0.0,0.0,0.0,0.0,-199249.3729279345,-199249.3729279345,20023.83729279345,20023.83729279345,19923.83729279345,0.0,100.0,0.0,0.0,20023.83729279345,20023.83729279345,1,0.0,100.0
1004,19923.661865469276,0.0,-199236.61865469275,0.0,10.0,0.0,-0.0,0.1,0.2265823539999999,22.65823539999999,0.0,0.0,100.0,1.0,0.11,-11.0,-232.90754851607392,232.90754851607392,0.0,-232.90754851607392,232.90754851607392,0.0,-19557.846768437128,19557.846768437128,0.0,0.0,0.0,0.0,0.0,0.0,0.0,0.0,0.0,-199247.61865469275,-199247.61865469275,20023.661865469276,20023.661865469276,19923.661865469276,0.0,100.0,0.0,0.0,20023.661865469276,20023.661865469276,1,0.0,100.0
1005,18453.82309729367,0.0,-184538.2309729367,0.0,10.0,0.0,-0.0,0.1,0.226859633,22.6859633,0.0,0.0,100.0,1.0,0.11,-11.0,-236.90773982128053,236.90773982128053,0.0,-236.90773982128053,236.90773982128053,0.0,-18080.007617651107,18080.007617651107,0.0,0.0,0.0,0.0,0.0,0.0,0.0,0.0,0.0,-184549.2309729367,-184549.2309729367,18553.82309729367,18553.82309729367,18453.82309729367,0.0,100.0,0.0,0.0,18553.82309729367,18553.82309729367,1,0.0,100.0
1006,17020.92254365203,0.0,-170209.2254365203,0.0,10.0,0.0,-0.0,0.1,0.222442909,22.2442909,0.0,0.0,100.0,1.0,0.11,-11.0,-259.4694117408928,259.4694117408928,0.0,-259.4694117408928,259.4694117408928,0.0,-16601.983720170243,16601.983720170243,0.0,0.0,0.0,0.0,0.0,0.0,0.0,0.0,0.0,-170220.2254365203,-170220.2254365203,17120.92254365203,17120.92254365203,17020.92254365203,0.0,100.0,0.0,0.0,17120.92254365203,17120.92254365203,1,0.0,100.0
1007,15535.920320311927,0.0,-155359.20320311928,0.0,10.0,0.0,-0.0,0.1,0.212648496,21.264849599999998,0.0,0.0,100.0,1.0,0.11,-11.0,-255.9186766562718,255.9186766562718,0.0,-255.9186766562718,255.9186766562718,0.0,-15124.082966999384,15124.082966999384,0.0,0.0,0.0,0.0,0.0,0.0,0.0,0.0,0.0,-155370.20320311928,-155370.20320311928,15635.920320311927,15635.920320311927,15535.920320311927,0.0,100.0,0.0,0.0,15635.920320311927,15635.920320311927,1,0.0,100.0
1008,14799.506885535786,0.0,-147995.06885535785,0.0,10.0,0.0,-0.0,0.1,0.202707588,20.2707588,0.0,0.0,100.0,1.0,0.08,-8.0,-257.202531530712,257.202531530712,0.0,-257.202531530712,257.202531530712,0.0,-14385.101822474362,14385.101822474362,0.0,0.0,0.0,0.0,0.0,0.0,0.0,0.0,0.0,-148003.06885535785,-148003.06885535785,14899.506885535786,14899.506885535786,14799.506885535786,0.0,100.0,0.0,0.0,14899.506885535786,14899.506885535786,1,0.0,100.0
1009,14792.55533964565,0.0,-147925.5533964565,0.0,10.0,0.0,-0.0,0.1,0.202460239,20.246023899999997,0.0,0.0,100.0,1.0,0.08,-8.0,-253.72675858564432,253.72675858564432,0.0,-253.72675858564432,253.72675858564432,0.0,-14385.101822474362,14385.101822474362,0.0,0.0,0.0,0.0,0.0,0.0,0.0,0.0,0.0,-147933.5533964565,-147933.5533964565,14892.55533964565,14892.55533964565,14792.55533964565,0.0,100.0,0.0,0.0,14892.55533964565,14892.55533964565,1,0.0,100.0
1010,14810.792831610856,0.0,-148107.92831610856,0.0,10.0,0.0,-0.0,0.1,0.206472512,20.6472512,0.0,0.0,100.0,1.0,0.08,-8.0,-262.8455015452623,262.8455015452623,0.0,-262.8455015452623,262.8455015452623,0.0,-14385.10182852033,14385.10182852033,0.0,0.0,0.0,0.0,0.0,0.0,0.0,0.0,0.0,-148115.92831610856,-148115.92831610856,14910.792831610856,14910.792831610856,14810.792831610856,0.0,100.0,0.0,0.0,14910.792831610856,14910.792831610856,1,0.0,100.0
1011,14798.762151427296,0.0,-147987.62151427296,0.0,10.0,0.0,-0.0,0.1,0.206656406,20.6656406,0.0,0.0,100.0,1.0,0.08,-8.0,-256.83016447646656,256.83016447646656,0.0,-256.83016447646656,256.83016447646656,0.0,-14385.101822474362,14385.101822474362,0.0,0.0,0.0,0.0,0.0,0.0,0.0,0.0,0.0,-147995.62151427296,-147995.62151427296,14898.762151427296,14898.762151427296,14798.762151427296,0.0,100.0,0.0,0.0,14898.762151427296,14898.762151427296,1,0.0,100.0
1012,15602.87099215494,0.0,-156028.7099215494,0.0,10.0,0.0,-0.0,0.1,0.199792371,19.9792371,0.0,0.0,100.0,1.0,0.08,-8.0,-266.0886465895801,266.0886465895801,0.0,-266.0886465895801,266.0886465895801,0.0,-15170.69369897578,15170.69369897578,0.0,0.0,0.0,0.0,0.0,0.0,0.0,0.0,0.0,-156036.7099215494,-156036.7099215494,15702.87099215494,15702.87099215494,15602.87099215494,0.0,100.0,0.0,0.0,15702.87099215494,15702.87099215494,1,0.0,100.0
1013,17119.99617133976,0.0,-171199.9617133976,0.0,10.0,0.0,-0.0,0.1,0.1787925689999999,17.87925689999999,0.0,0.0,100.0,1.0,0.11,-11.0,-262.3130296052111,262.3130296052111,0.0,-262.3130296052111,262.3130296052111,0.0,-16695.370112129338,16695.370112129338,0.0,0.0,0.0,0.0,0.0,0.0,0.0,0.0,0.0,-171210.9617133976,-171210.9617133976,17219.99617133976,17219.99617133976,17119.99617133976,0.0,100.0,0.0,0.0,17219.99617133976,17219.99617133976,1,0.0,100.0
1014,19572.055548022126,0.0,-195720.55548022126,0.0,10.0,0.0,-0.0,0.1,0.176371158,17.6371158,0.0,0.0,100.0,1.0,0.11,-11.0,-268.73655644099813,268.73655644099813,0.0,-268.73655644099813,268.73655644099813,0.0,-19134.58243514013,19134.58243514013,0.0,0.0,0.0,0.0,0.0,0.0,0.0,0.0,0.0,-195731.55548022126,-195731.55548022126,19672.055548022126,19672.055548022126,19572.055548022126,0.0,100.0,0.0,0.0,19672.055548022126,19672.055548022126,1,0.0,100.0
1015,16143.686491262126,0.0,-161436.86491262127,0.0,10.0,0.0,-0.0,0.1,0.172179926,17.217992600000002,0.0,0.0,100.0,1.0,0.11,-11.0,-222.91460185678864,222.91460185678864,0.0,-222.91460185678864,222.91460185678864,0.0,-18052.93661921987,18052.93661921987,0.0,0.0,1757.544345703125,1757.544345703125,0.0,0.0,497.5349859681946,497.5349859681946,0.0,-161447.86491262127,-161447.86491262127,18498.765822933445,18498.765822933445,18398.765822933445,0.0,100.0,0.0,0.0,18498.765822933445,16243.686491262126,1,0.0,100.0
1016,8549.518684022536,0.0,-85495.18684022536,0.0,10.0,0.0,-0.0,0.1,0.173861601,17.3861601,0.0,0.0,100.0,1.0,0.11,-11.0,-225.23008468134967,225.23008468134967,0.0,-225.23008468134967,225.23008468134967,0.0,-18006.31358369522,18006.31358369522,0.0,0.0,7291.939306640625,7291.939306640625,0.0,0.0,2515.315762394762,2515.315762394762,0.0,-85506.18684022536,-85506.18684022536,18456.77375305792,18456.77375305792,18356.77375305792,0.0,100.0,0.0,0.0,18456.77375305792,8649.518684022536,1,0.0,100.0
1017,0.0,0.0,-0.0,55.55555555555556,10.0,0.0,-0.0,0.1,0.174731748,0.0,0.0,100.0,0.0,1.0,0.11,0.0,-214.24656706559705,214.24656706559705,0.0,-214.24656706559705,214.24656706559705,0.0,-15789.416045075828,15789.416045075828,0.0,0.0,13835.98740234375,13835.98740234375,0.0,3764.632489844971,6302.109822263799,2537.477332418828,0.0,0.0,0.0,16373.464734762578,16373.464734762578,16373.464734762578,0.0,0.0,155.55555555555475,0.0,16217.909179207023,-3920.188045400524,1,-55.55555555555556,-100.0
1018,0.0,0.0,-0.0,44.44444444444444,60.0,0.0,-0.0,0.6,0.178252839,0.0,0.0,100.0,0.0,1.0,0.11,0.0,-206.4467148585288,206.4467148585288,0.0,-206.4467148585288,206.4467148585288,0.0,-12763.717597424367,12763.717597424367,0.0,5151.85743857038,18472.91291015625,13321.05547158587,0.0,9259.678905519178,9259.678905519178,0.0,0.0,0.0,0.0,13321.05547158587,13321.05547158587,13321.05547158587,0.0,0.0,144.44444444444525,0.0,13176.611027141425,-14555.980788534001,1,-44.44444444444444,-100.0
1019,0.0,0.0,-0.0,0.0,100.0,-0.0,-0.0,1.0,0.205749987,0.0,0.0,100.0,0.0,1.0,0.11,0.0,-199.5469797174217,199.5469797174217,0.0,-199.5469797174217,199.5469797174217,0.0,-12763.779157487426,12763.779157487426,0.0,8164.2100764371025,21427.083193359373,13262.87311692227,0.0,14843.127081384471,14843.127081384471,0.0,0.0,0.0,0.0,13262.87311692227,13262.87311692227,13262.87311692227,0.0,0.0,100.0,0.0,13162.87311692227,-23107.337157821577,1,-0.0,-100.0
1020,0.0,0.0,-0.0,0.0,100.0,-0.0,-0.0,1.0,0.199641089,0.0,0.0,100.0,0.0,1.0,0.11,0.0,-196.6036454063499,196.6036454063499,0.0,-196.6036454063499,196.6036454063499,0.0,-12763.779193763245,12763.779193763245,0.0,8618.831435345935,21875.81791992188,13256.986484575944,0.0,16446.295369504212,16446.295369504212,0.0,0.0,0.0,0.0,13256.986484575944,13256.986484575944,13256.986484575944,0.0,0.0,100.0,0.0,13156.986484575944,-25165.12680485015,1,-0.0,-100.0
1021,0.0,0.0,-0.0,0.0,100.0,-0.0,-0.0,1.0,0.2046679019999999,0.0,0.0,100.0,0.0,1.0,0.11,0.0,-196.82030828379524,196.82030828379524,0.0,-196.82030828379524,196.82030828379524,0.0,-12763.871533857831,12763.871533857831,0.0,6449.421257777702,19706.933408203124,13257.512150425422,0.0,15534.147895229187,15534.147895229187,0.0,0.0,0.0,0.0,13257.512150425422,13257.512150425422,13257.512150425422,0.0,0.0,100.0,0.0,13157.512150425422,-22083.569153006887,1,-0.0,-100.0
1022,0.0,0.0,-0.0,0.0,100.0,-0.0,-0.0,1.0,0.205333591,0.0,0.0,100.0,0.0,1.0,0.08,0.0,-196.9212315729528,196.9212315729528,0.0,-196.9212315729528,196.9212315729528,0.0,-12763.779175625335,12763.779175625335,0.0,1924.5699432600086,15182.19158203125,13257.621638771241,0.0,12852.987137511696,12852.987137511696,0.0,0.0,0.0,0.0,13257.621638771241,13257.621638771241,13257.621638771241,0.0,0.0,100.0,0.0,13157.621638771241,-14877.557080771705,1,-0.0,-100.0
1023,0.0,0.0,-0.0,0.0,100.0,-0.0,-0.0,1.0,0.2086692339999999,0.0,0.0,100.0,0.0,1.0,0.08,0.0,-196.90198092402747,196.90198092402747,0.0,-196.90198092402747,196.90198092402747,0.0,-12763.717597424367,12763.717597424367,0.0,0.0,9460.823818359377,9460.823818359377,0.0,5601.185327375077,9397.883068288122,3796.697740913045,0.0,0.0,0.0,13257.521559272422,13257.521559272422,13257.521559272422,0.0,0.0,100.0,0.0,13157.521559272422,-5701.185327375077,1,-0.0,-100.0
1024,8382.695168946371,0.0,-83826.95168946372,0.0,100.0,45.0,-0.0,1.0,0.203753687,20.3753687,0.0,0.0,100.0,1.0,0.08,-8.0,-196.4900926367497,196.4900926367497,0.0,-196.4900926367497,196.4900926367497,0.0,-15719.51908562819,15719.51908562819,0.0,0.0,3328.115888671875,3328.115888671875,0.0,0.0,4256.688213283444,4256.688213283444,0.0,-83834.95168946372,-83834.95168946372,16112.499270901691,16112.49927090169,15967.499270901691,0.0,145.0,0.0,0.0,16112.49927090169,8527.695168946371,1,45.0,100.0
1025,20616.15917722618,0.0,-206161.59177226183,0.0,50.0,36.0,-0.0,0.5,0.2091706569999999,20.91706569999999,0.0,0.0,100.0,1.0,0.11,-11.0,-196.45203389938544,196.45203389938544,0.0,-196.45203389938544,196.45203389938544,0.0,-21105.557588379703,21105.557588379703,0.0,0.0,0.0,0.0,0.0,0.0,746.302478952292,746.302478952292,0.0,-206172.59177226183,-206172.59177226183,21498.461656178475,21498.461656178475,21362.461656178475,0.0,136.0,0.0,0.0,21498.461656178475,20752.15917722618,1,36.0,100.0
1026,21516.75766806944,0.0,-215167.57668069442,0.0,10.0,0.0,-0.0,0.1,0.224169261,22.4169261,0.0,0.0,100.0,1.0,0.11,-11.0,-232.2644984221072,232.2644984221072,0.0,-232.2644984221072,232.2644984221072,0.0,-21152.228671225224,21152.228671225224,0.0,0.0,0.0,0.0,0.0,0.0,0.0,0.0,0.0,-215178.57668069442,-215178.57668069442,21616.75766806944,21616.75766806944,21516.75766806944,0.0,100.0,0.0,0.0,21616.75766806944,21616.75766806944,1,0.0,100.0
1027,20017.221905584214,0.0,-200172.21905584214,0.0,10.0,0.0,-0.0,0.1,0.216923614,21.6923614,0.0,0.0,100.0,1.0,0.11,-11.0,-233.08788862968413,233.08788862968413,0.0,-233.08788862968413,233.08788862968413,0.0,-19651.046128324844,19651.046128324844,0.0,0.0,0.0,0.0,0.0,0.0,0.0,0.0,0.0,-200183.21905584214,-200183.21905584214,20117.221905584214,20117.221905584214,20017.221905584214,0.0,100.0,0.0,0.0,20117.221905584214,20117.221905584214,1,0.0,100.0
1028,20040.459308364378,0.0,-200404.59308364376,0.0,10.0,0.0,-0.0,0.1,0.21418678,21.418678,0.0,0.0,100.0,1.0,0.11,-11.0,-232.9900993733855,232.9900993733855,0.0,-232.9900993733855,232.9900993733855,0.0,-19674.479109617605,19674.479109617605,0.0,0.0,0.0,0.0,0.0,0.0,0.0,0.0,0.0,-200415.59308364376,-200415.59308364376,20140.459308364378,20140.459308364378,20040.459308364378,0.0,100.0,0.0,0.0,20140.459308364378,20140.459308364378,1,0.0,100.0
1029,18538.403316549444,0.0,-185384.03316549445,0.0,10.0,0.0,-0.0,0.1,0.21588647,21.588646999999998,0.0,0.0,100.0,1.0,0.11,-11.0,-232.5034896204617,232.5034896204617,0.0,-232.5034896204617,232.5034896204617,0.0,-18173.39633730852,18173.39633730852,0.0,0.0,0.0,0.0,0.0,0.0,0.0,0.0,0.0,-185395.03316549445,-185395.03316549445,18638.403316549444,18638.403316549444,18538.403316549444,0.0,100.0,0.0,0.0,18638.403316549444,18638.403316549444,1,0.0,100.0
1030,17082.539572450507,0.0,-170825.39572450507,0.0,10.0,0.0,-0.0,0.1,0.214672597,21.4672597,0.0,0.0,100.0,1.0,0.11,-11.0,-231.82061238822348,231.82061238822348,0.0,-231.82061238822348,231.82061238822348,0.0,-16718.89834767406,16718.89834767406,0.0,0.0,0.0,0.0,0.0,0.0,0.0,0.0,0.0,-170836.39572450507,-170836.39572450507,17182.539572450507,17182.539572450507,17082.539572450507,0.0,100.0,0.0,0.0,17182.539572450507,17182.539572450507,1,0.0,100.0
1031,15587.324169876772,0.0,-155873.24169876773,0.0,10.0,0.0,-0.0,0.1,0.202092453,20.2092453,0.0,0.0,100.0,1.0,0.11,-11.0,-234.8364468686286,234.8364468686286,0.0,-234.8364468686286,234.8364468686286,0.0,-15217.651276139515,15217.651276139515,0.0,0.0,0.0,0.0,0.0,0.0,0.0,0.0,0.0,-155884.24169876773,-155884.24169876773,15687.324169876772,15687.324169876772,15587.324169876772,0.0,100.0,0.0,0.0,15687.324169876772,15687.324169876772,1,0.0,100.0
1032,17918.56668032549,0.0,-179185.6668032549,0.0,10.0,0.0,-0.0,0.1,0.196013133,19.6013133,0.0,0.0,100.0,1.0,0.08,-8.0,-251.4988169617365,251.4988169617365,0.0,-251.4988169617365,251.4988169617365,0.0,-17515.569046402015,17515.569046402015,0.0,0.0,0.0,0.0,0.0,0.0,0.0,0.0,0.0,-179193.6668032549,-179193.6668032549,18018.56668032549,18018.56668032549,17918.56668032549,0.0,100.0,0.0,0.0,18018.56668032549,18018.56668032549,1,0.0,100.0
1033,17906.90712929993,0.0,-179069.0712929993,0.0,10.0,0.0,-0.0,0.1,0.1983033619999999,19.83033619999999,0.0,0.0,100.0,1.0,0.08,-8.0,-257.3773700362945,257.3773700362945,0.0,-257.3773700362945,257.3773700362945,0.0,-17492.15238922734,17492.15238922734,0.0,0.0,0.0,0.0,0.0,0.0,0.0,0.0,0.0,-179077.0712929993,-179077.0712929993,18006.90712929993,18006.90712929993,17906.90712929993,0.0,100.0,0.0,0.0,18006.90712929993,18006.90712929993,1,0.0,100.0
1034,17919.325796636487,0.0,-179193.25796636488,0.0,10.0,0.0,-0.0,0.1,0.206268087,20.626808699999998,0.0,0.0,100.0,1.0,0.08,-8.0,-251.823387023196,251.823387023196,0.0,-251.823387023196,251.823387023196,0.0,-17515.679022590095,17515.679022590095,0.0,0.0,0.0,0.0,0.0,0.0,0.0,0.0,0.0,-179201.25796636488,-179201.25796636488,18019.325796636487,18019.325796636487,17919.325796636487,0.0,100.0,0.0,0.0,18019.325796636487,18019.325796636487,1,0.0,100.0
1035,17905.437868213383,0.0,-179054.37868213383,0.0,10.0,0.0,-0.0,0.1,0.211814826,21.181482600000002,0.0,0.0,100.0,1.0,0.08,-8.0,-256.58412381718915,256.58412381718915,0.0,-256.58412381718915,256.58412381718915,0.0,-17492.269620579005,17492.269620579005,0.0,0.0,0.0,0.0,0.0,0.0,0.0,0.0,0.0,-179062.37868213383,-179062.37868213383,18005.437868213383,18005.437868213383,17905.437868213383,0.0,100.0,0.0,0.0,18005.437868213383,18005.437868213383,1,0.0,100.0
1036,18659.574806444583,0.0,-186595.74806444583,0.0,10.0,0.0,-0.0,0.1,0.218743847,21.8743847,0.0,0.0,100.0,1.0,0.08,-8.0,-252.34111915088727,252.34111915088727,0.0,-252.34111915088727,252.34111915088727,0.0,-18254.892568142808,18254.892568142808,0.0,0.0,0.0,0.0,0.0,0.0,0.0,0.0,0.0,-186603.74806444583,-186603.74806444583,18759.574806444583,18759.574806444583,18659.574806444583,0.0,100.0,0.0,0.0,18759.574806444583,18759.574806444583,1,0.0,100.0
1037,21629.911078103712,0.0,-216299.11078103713,0.0,10.0,0.0,-0.0,0.1,0.198114205,19.811420499999997,0.0,0.0,100.0,1.0,0.11,-11.0,-256.9046111671562,256.9046111671562,0.0,-256.9046111671562,256.9046111671562,0.0,-21216.1018557694,21216.1018557694,0.0,0.0,0.0,0.0,0.0,0.0,0.0,0.0,0.0,-216310.11078103713,-216310.11078103713,21729.911078103712,21729.911078103712,21629.911078103712,0.0,100.0,0.0,0.0,21729.911078103712,21729.911078103712,1,0.0,100.0
1038,25279.19805367872,0.0,-252791.9805367872,0.0,10.0,0.0,-0.0,0.1,0.184564133,18.456413299999998,0.0,0.0,100.0,1.0,0.11,-11.0,-273.69705232699977,273.69705232699977,0.0,-273.69705232699977,273.69705232699977,0.0,-24831.80394902472,24831.80394902472,0.0,0.0,0.0,0.0,0.0,0.0,0.0,0.0,0.0,-252802.9805367872,-252802.9805367872,25379.19805367872,25379.19805367872,25279.19805367872,0.0,100.0,0.0,0.0,25379.19805367872,25379.19805367872,1,0.0,100.0
1039,28361.27168880122,0.0,-283612.7168880122,0.0,10.0,0.0,-0.0,0.1,0.1848896639999999,18.48896639999999,0.0,0.0,100.0,1.0,0.11,-11.0,-506.91279871888656,506.91279871888656,0.0,-506.91279871888656,506.91279871888656,0.0,-30258.58277696148,30258.58277696148,0.0,0.0,1981.9117089843749,1981.9117089843749,0.0,0.0,829.2249766136578,829.2249766136578,0.0,-283623.7168880122,-283623.7168880122,31272.408374399252,31272.408374399252,31172.408374399252,0.0,100.0,0.0,0.0,31272.408374399252,28461.27168880122,1,0.0,100.0
1040,54227.15225953704,0.0,-542271.5225953704,0.0,10.0,0.0,-0.0,0.1,0.186207165,18.6207165,0.0,0.0,100.0,1.0,0.11,-11.0,-695.8673252080534,695.8673252080534,0.0,-695.8673252080534,695.8673252080534,0.0,-63384.924852035605,63384.924852035605,0.0,0.0,7104.96650390625,7104.96650390625,0.0,0.0,3344.54073900842,3344.54073900842,0.0,-542282.5225953704,-542282.5225953704,64776.659502451716,64776.659502451716,64676.659502451716,0.0,100.0,0.0,0.0,64776.659502451716,54327.15225953705,1,0.0,100.0
1041,44011.99752199413,0.0,-440119.97521994135,0.0,10.0,0.0,-0.0,0.1,0.187086047,18.708604700000002,0.0,0.0,100.0,1.0,0.11,-11.0,-695.5969185332762,695.5969185332762,0.0,-695.5969185332762,695.5969185332762,0.0,-61163.05639576094,61163.05639576094,0.0,0.0,13798.592841796875,13798.592841796875,0.0,0.0,4643.659869036484,4643.659869036484,0.0,-440130.97521994135,-440130.97521994135,62554.25023282749,62554.25023282749,62454.25023282749,0.0,100.0,0.0,0.0,62554.25023282749,44111.99752199413,1,0.0,100.0
1042,34419.57248802062,0.0,-344195.72488020617,0.0,10.0,0.0,-0.0,0.1,0.197036464,19.7036464,0.0,0.0,100.0,1.0,0.11,-11.0,-710.6964588852261,710.6964588852261,0.0,-710.6964588852261,710.6964588852261,0.0,-58201.74644878552,58201.74644878552,0.0,0.0,16341.422958984374,16341.422958984374,0.0,0.0,8762.143919550983,8762.143919550983,0.0,-344206.72488020617,-344206.72488020617,59623.13936655597,59623.13936655597,59523.13936655597,0.0,100.0,0.0,0.0,59623.13936655597,34519.57248802062,1,0.0,100.0
1043,27467.278612948485,0.0,-274672.7861294848,0.0,10.0,0.0,-0.0,0.1,0.227789678,22.7789678,0.0,0.0,100.0,1.0,0.11,-11.0,-713.0446060796011,713.0446060796011,0.0,-713.0446060796011,713.0446060796011,0.0,-58198.74552569976,58198.74552569976,0.0,0.0,18734.674833984376,18734.674833984376,0.0,0.0,13322.8812909261,13322.8812909261,0.0,-274683.7861294848,-274683.7861294848,59624.83473785896,59624.83473785896,59524.83473785896,0.0,100.0,0.0,0.0,59624.83473785896,27567.278612948485,1,0.0,100.0
1044,22028.076724625524,0.0,-220280.76724625524,0.0,10.0,0.0,-0.0,0.1,0.211218763,21.1218763,0.0,0.0,100.0,1.0,0.11,-11.0,-709.8756411938467,709.8756411938467,0.0,-709.8756411938467,709.8756411938467,0.0,-55186.90075246314,55186.90075246314,0.0,0.0,18585.096591796875,18585.096591796875,0.0,0.0,15893.47871842844,15893.47871842844,0.0,-220291.76724625524,-220291.76724625524,56606.652034850835,56606.652034850835,56506.652034850835,0.0,100.0,0.0,0.0,56606.652034850835,22128.07672462552,1,0.0,100.0
1045,30175.662282861922,0.0,-301756.6228286192,0.0,10.0,0.0,-0.0,0.1,0.213239146,21.3239146,0.0,0.0,100.0,1.0,0.11,-11.0,-693.2264688343689,693.2264688343689,0.0,-693.2264688343689,693.2264688343689,0.0,-58197.32861643456,58197.32861643456,0.0,0.0,18472.91291015625,18472.91291015625,0.0,0.0,10835.206361085127,10835.206361085127,0.0,-301767.6228286192,-301767.6228286192,59583.7815541033,59583.7815541033,59483.7815541033,0.0,100.0,0.0,0.0,59583.7815541033,30275.662282861922,1,0.0,100.0
1046,32095.453689111164,0.0,-320954.53689111164,0.0,10.0,0.0,-0.0,0.1,0.22505706,22.505706,0.0,0.0,100.0,1.0,0.08,-8.0,-697.5028872567293,697.5028872567293,0.0,-697.5028872567293,697.5028872567293,0.0,-58194.99481168684,58194.99481168684,0.0,0.0,15481.34806640625,15481.34806640625,0.0,0.0,11913.198830682884,11913.198830682884,0.0,-320962.53689111164,-320962.53689111164,59590.0005862003,59590.0005862003,59490.0005862003,0.0,100.0,0.0,0.0,59590.0005862003,32195.453689111167,1,0.0,100.0
1047,41982.888217477404,0.0,-419828.8821747741,0.0,10.0,0.0,-0.0,0.1,0.219701125,21.9701125,0.0,0.0,100.0,1.0,0.08,-8.0,-690.72963311596,690.72963311596,0.0,-690.72963311596,690.72963311596,0.0,-58194.32934389852,58194.32934389852,0.0,0.0,9946.95310546875,9946.95310546875,0.0,0.0,7545.947287184285,7545.947287184285,0.0,-419836.8821747741,-419836.8821747741,59575.78861013044,59575.78861013044,59475.78861013044,0.0,100.0,0.0,0.0,59575.78861013044,42082.888217477404,1,0.0,100.0
1048,55661.57215313529,0.0,-556615.721531353,0.0,10.0,0.0,-0.0,0.1,0.1884115539999999,18.84115539999999,0.0,0.0,100.0,1.0,0.08,-8.0,-685.2236953010749,685.2236953010749,0.0,-685.2236953010749,685.2236953010749,0.0,-61151.564942151206,61151.564942151206,0.0,0.0,3664.66693359375,3664.66693359375,0.0,0.0,3095.7732460243224,3095.7732460243224,0.0,-556623.721531353,-556623.721531353,62522.012332753366,62522.01233275336,62422.012332753366,0.0,100.0,0.0,0.0,62522.01233275336,55761.57215313529,1,0.0,100.0
1049,57645.7906866268,0.0,-576457.906866268,0.0,10.0,0.0,-0.0,0.1,0.181518511,18.1518511,0.0,0.0,100.0,1.0,0.11,-11.0,-503.20726407670674,503.20726407670674,0.0,-503.20726407670674,503.20726407670674,0.0,-57430.3969723181,57430.3969723181,0.0,0.0,0.0,0.0,0.0,0.0,691.0208138447148,691.0208138447148,0.0,-576468.906866268,-576468.906866268,58436.811500471515,58436.811500471515,58336.811500471515,0.0,100.0,0.0,0.0,58436.811500471515,57745.7906866268,1,0.0,100.0
1050,46358.06511674547,0.0,-463580.6511674547,0.0,10.0,0.0,-0.0,0.1,0.1827278189999999,18.27278189999999,0.0,0.0,100.0,1.0,0.11,-11.0,-539.2249122269096,539.2249122269096,0.0,-539.2249122269096,539.2249122269096,0.0,-45379.61529229165,45379.61529229165,0.0,0.0,0.0,0.0,0.0,0.0,0.0,0.0,0.0,-463591.6511674547,-463591.6511674547,46458.06511674547,46458.06511674547,46358.06511674547,0.0,100.0,0.0,0.0,46458.06511674547,46458.06511674547,1,0.0,100.0
1051,44882.93492208904,0.0,-448829.34922089044,0.0,10.0,0.0,-0.0,0.1,0.1798865919999999,17.98865919999999,0.0,0.0,100.0,1.0,0.11,-11.0,-540.682280603347,540.682280603347,0.0,-540.682280603347,540.682280603347,0.0,-43901.57036088235,43901.57036088235,0.0,0.0,0.0,0.0,0.0,0.0,0.0,0.0,0.0,-448840.34922089044,-448840.34922089044,44982.93492208904,44982.93492208904,44882.93492208904,0.0,100.0,0.0,0.0,44982.93492208904,44982.93492208904,1,0.0,100.0
1052,35848.41928629556,0.0,-358484.1928629556,0.0,10.0,0.0,-0.0,0.1,0.1804269319999999,18.04269319999999,0.0,0.0,100.0,1.0,0.11,-11.0,-542.3231197370696,542.3231197370696,0.0,-542.3231197370696,542.3231197370696,0.0,-34863.77304682142,34863.77304682142,0.0,0.0,0.0,0.0,0.0,0.0,0.0,0.0,0.0,-358495.1928629556,-358495.1928629556,35948.41928629556,35948.41928629556,35848.41928629556,0.0,100.0,0.0,0.0,35948.41928629556,35948.41928629556,1,0.0,100.0
1053,33750.93776445501,0.0,-337509.3776445501,0.0,10.0,0.0,-0.0,0.1,0.1801030639999999,18.01030639999999,0.0,0.0,100.0,1.0,0.11,-11.0,-232.32479334478552,232.32479334478552,0.0,-232.32479334478552,232.32479334478552,0.0,-33386.28817776544,33386.28817776544,0.0,0.0,0.0,0.0,0.0,0.0,0.0,0.0,0.0,-337520.3776445501,-337520.3776445501,33850.93776445501,33850.93776445501,33750.93776445501,0.0,100.0,0.0,0.0,33850.93776445501,33850.93776445501,1,0.0,100.0
1054,21485.7256217106,0.0,-214857.256217106,0.0,10.0,0.0,-0.0,0.1,0.182144228,18.214422799999998,0.0,0.0,100.0,1.0,0.11,-11.0,-231.8545208814656,231.8545208814656,0.0,-231.8545208814656,231.8545208814656,0.0,-21122.01657994767,21122.01657994767,0.0,0.0,0.0,0.0,0.0,0.0,0.0,0.0,0.0,-214868.256217106,-214868.256217106,21585.7256217106,21585.7256217106,21485.7256217106,0.0,100.0,0.0,0.0,21585.7256217106,21585.7256217106,1,0.0,100.0
1055,18507.697220479964,0.0,-185076.97220479965,0.0,10.0,0.0,-0.0,0.1,0.212804854,21.2804854,0.0,0.0,100.0,1.0,0.11,-11.0,-235.1295047991581,235.1295047991581,0.0,-235.1295047991581,235.1295047991581,0.0,-18137.438210881646,18137.438210881646,0.0,0.0,0.0,0.0,0.0,0.0,0.0,0.0,0.0,-185087.97220479965,-185087.97220479965,18607.697220479964,18607.697220479964,18507.697220479964,0.0,100.0,0.0,0.0,18607.697220479964,18607.697220479964,1,0.0,100.0
1056,17762.461651917816,0.0,-177624.61651917815,0.0,10.0,0.0,-0.0,0.1,0.199171478,19.917147800000002,0.0,0.0,100.0,1.0,0.08,-8.0,-231.9868967188612,231.9868967188612,0.0,-231.9868967188612,231.9868967188612,0.0,-17398.487858480094,17398.487858480094,0.0,0.0,0.0,0.0,0.0,0.0,0.0,0.0,0.0,-177632.61651917815,-177632.61651917815,17862.461651917816,17862.461651917816,17762.461651917816,0.0,100.0,0.0,0.0,17862.461651917816,17862.461651917816,1,0.0,100.0
1057,17762.47105535533,0.0,-177624.7105535533,0.0,10.0,0.0,-0.0,0.1,0.207108575,20.7108575,0.0,0.0,100.0,1.0,0.08,-8.0,-231.99159843761805,231.99159843761805,0.0,-231.99159843761805,231.99159843761805,0.0,-17398.487858480094,17398.487858480094,0.0,0.0,0.0,0.0,0.0,0.0,0.0,0.0,0.0,-177632.7105535533,-177632.7105535533,17862.47105535533,17862.47105535533,17762.47105535533,0.0,100.0,0.0,0.0,17862.47105535533,17862.47105535533,1,0.0,100.0
1058,17762.39392399206,0.0,-177623.93923992058,0.0,10.0,0.0,-0.0,0.1,0.207601636,20.760163600000002,0.0,0.0,100.0,1.0,0.08,-8.0,-231.9530418249368,231.9530418249368,0.0,-231.9530418249368,231.9530418249368,0.0,-17398.487840342186,17398.487840342186,0.0,0.0,0.0,0.0,0.0,0.0,0.0,0.0,0.0,-177631.93923992058,-177631.93923992058,17862.39392399206,17862.39392399206,17762.39392399206,0.0,100.0,0.0,0.0,17862.39392399206,17862.39392399206,1,0.0,100.0
1059,17762.32664245447,0.0,-177623.2664245447,0.0,10.0,0.0,-0.0,0.1,0.204763788,20.4763788,0.0,0.0,100.0,1.0,0.08,-8.0,-231.9193950101746,231.9193950101746,0.0,-231.9193950101746,231.9193950101746,0.0,-17398.487852434122,17398.487852434122,0.0,0.0,0.0,0.0,0.0,0.0,0.0,0.0,0.0,-177631.2664245447,-177631.2664245447,17862.32664245447,17862.32664245447,17762.32664245447,0.0,100.0,0.0,0.0,17862.32664245447,17862.32664245447,1,0.0,100.0
1060,18510.126456621096,0.0,-185101.26456621097,0.0,10.0,0.0,-0.0,0.1,0.215052264,21.505226399999998,0.0,0.0,100.0,1.0,0.08,-8.0,-236.344110777786,236.344110777786,0.0,-236.344110777786,236.344110777786,0.0,-18137.438235065525,18137.438235065525,0.0,0.0,0.0,0.0,0.0,0.0,0.0,0.0,0.0,-185109.26456621097,-185109.26456621097,18610.126456621096,18610.126456621096,18510.126456621096,0.0,100.0,0.0,0.0,18610.126456621096,18610.126456621096,1,0.0,100.0
1061,21563.316443801483,0.0,-215633.16443801482,0.0,10.0,0.0,-0.0,0.1,0.226010086,22.6010086,0.0,0.0,100.0,1.0,0.11,-11.0,-235.59465921802968,235.59465921802968,0.0,-235.59465921802968,235.59465921802968,0.0,-21192.127125365423,21192.127125365423,0.0,0.0,0.0,0.0,0.0,0.0,0.0,0.0,0.0,-215644.16443801482,-215644.16443801482,21663.316443801483,21663.316443801483,21563.316443801483,0.0,100.0,0.0,0.0,21663.316443801483,21663.316443801483,1,0.0,100.0
1062,25265.588554844566,0.0,-252655.88554844566,0.0,10.0,0.0,-0.0,0.1,0.228006721,22.8006721,0.0,0.0,100.0,1.0,0.11,-11.0,-273.9658002263284,273.9658002263284,0.0,-273.9658002263284,273.9658002263284,0.0,-24817.65695439191,24817.65695439191,0.0,0.0,0.0,0.0,0.0,0.0,0.0,0.0,0.0,-252666.88554844566,-252666.88554844566,25365.588554844566,25365.588554844566,25265.588554844566,0.0,100.0,0.0,0.0,25365.588554844566,25365.588554844566,1,0.0,100.0
1063,27360.639305798602,0.0,-273606.39305798605,0.0,10.0,0.0,-0.0,0.1,0.219106125,21.910612500000003,0.0,0.0,100.0,1.0,0.11,-11.0,-506.7422005846162,506.7422005846162,0.0,-506.7422005846162,506.7422005846162,0.0,-30243.57621473044,30243.57621473044,0.0,0.0,2580.224677734375,2580.224677734375,0.0,0.0,1216.196632366698,1216.196632366698,0.0,-273617.39305798605,-273617.39305798605,31257.060615899674,31257.060615899674,31157.060615899674,0.0,100.0,0.0,0.0,31257.060615899674,27460.639305798602,1,0.0,100.0
1064,50751.27603670363,0.0,-507512.76036703633,0.0,10.0,0.0,-0.0,0.1,0.218444114,21.8444114,0.0,0.0,100.0,1.0,0.11,-11.0,-695.6489098714184,695.6489098714184,0.0,-695.6489098714184,695.6489098714184,0.0,-63371.03931536066,63371.03931536066,0.0,0.0,8189.408759765624,8189.408759765624,0.0,0.0,5721.652338634239,5721.652338634239,0.0,-507523.76036703633,-507523.76036703633,64762.337135103495,64762.337135103495,64662.337135103495,0.0,100.0,0.0,0.0,64762.337135103495,50851.27603670363,1,0.0,100.0
1065,40332.25566641002,0.0,-403322.5566641002,0.0,10.0,0.0,-0.0,0.1,0.220717577,22.0717577,0.0,0.0,100.0,1.0,0.11,-11.0,-693.8745858421314,693.8745858421314,0.0,-693.8745858421314,693.8745858421314,0.0,-61148.501630704544,61148.501630704544,0.0,0.0,10881.817119140624,10881.817119140624,0.0,0.0,11222.178016838168,11222.178016838168,0.0,-403333.5566641002,-403333.5566641002,62536.25080238881,62536.25080238881,62436.25080238881,0.0,100.0,0.0,0.0,62536.25080238881,40432.25566641001,1,0.0,100.0
1066,29738.678192579646,0.0,-297386.7819257965,0.0,10.0,0.0,-0.0,0.1,0.2259434289999999,22.59434289999999,0.0,0.0,100.0,1.0,0.11,-11.0,-710.0428509809312,710.0428509809312,0.0,-710.0428509809312,710.0428509809312,0.0,-58191.934577638734,58191.934577638734,0.0,0.0,14322.116689453123,14322.116689453123,0.0,0.0,15451.225397567823,15451.225397567823,0.0,-297397.7819257965,-297397.7819257965,59612.02027960059,59612.0202796006,59512.02027960059,0.0,100.0,0.0,0.0,59612.0202796006,29838.678192579653,1,0.0,100.0
1067,20805.927245042945,0.0,-208059.27245042945,0.0,10.0,0.0,-0.0,0.1,0.25184221,25.184221,0.0,0.0,100.0,1.0,0.11,-11.0,-714.6066173955805,714.6066173955805,0.0,-714.6066173955805,714.6066173955805,0.0,-58210.26232401429,58210.26232401429,0.0,0.0,20380.03549804688,20380.03549804688,0.0,0.0,18353.512815715625,18353.512815715625,0.0,-208070.27245042945,-208070.27245042945,59639.475558805454,59639.475558805454,59539.475558805454,0.0,100.0,0.0,0.0,59639.475558805454,20905.92724504295,1,0.0,100.0
1068,17891.314220088105,0.0,-178913.14220088103,0.0,10.0,0.0,-0.0,0.1,0.23699754,23.699754000000002,0.0,0.0,100.0,1.0,0.11,-11.0,-730.248893726786,730.248893726786,0.0,-730.248893726786,730.248893726786,0.0,-55357.07259149176,55357.07259149176,0.0,0.0,19781.72252929688,19781.72252929688,0.0,0.0,19044.53362956034,19044.53362956034,0.0,-178924.14220088103,-178924.14220088103,56817.570378945326,56817.570378945326,56717.570378945326,0.0,100.0,0.0,0.0,56817.570378945326,17991.314220088105,1,0.0,100.0
1069,21207.661264592076,0.0,-212076.61264592077,0.0,10.0,0.0,-0.0,0.1,0.238124103,23.8124103,0.0,0.0,100.0,1.0,0.11,-11.0,-729.8890828880299,729.8890828880299,0.0,-729.8890828880299,729.8890828880299,0.0,-58430.20119952528,58430.20119952528,0.0,0.0,20753.981103515624,20753.981103515624,0.0,0.0,17828.33699719364,17828.33699719364,0.0,-212087.61264592077,-212087.61264592077,59889.97936530134,59889.97936530134,59789.97936530134,0.0,100.0,0.0,0.0,59889.97936530134,21307.661264592076,1,0.0,100.0
1070,26745.42155779883,0.0,-267454.2155779883,0.0,10.0,0.0,-0.0,0.1,0.234088052,23.4088052,0.0,0.0,100.0,1.0,0.08,-8.0,-743.2763601911388,743.2763601911388,0.0,-743.2763601911388,743.2763601911388,0.0,-58385.50607257536,58385.50607257536,0.0,0.0,18211.150986328124,18211.150986328124,0.0,0.0,14815.486248830684,14815.486248830684,0.0,-267462.2155779883,-267462.2155779883,59872.058792957636,59872.058792957636,59772.058792957636,0.0,100.0,0.0,0.0,59872.058792957636,26845.42155779883,1,0.0,100.0
1071,37511.727256865706,0.0,-375117.27256865706,0.0,10.0,0.0,-0.0,0.1,0.232680901,23.2680901,0.0,0.0,100.0,1.0,0.08,-8.0,-750.421697364164,750.421697364164,0.0,-750.421697364164,750.421697364164,0.0,-58286.364177478456,58286.364177478456,0.0,0.0,12003.653935546874,12003.653935546874,0.0,0.0,10171.826379794202,10171.826379794202,0.0,-375125.27256865706,-375125.27256865706,59787.20757220678,59787.20757220678,59687.20757220678,0.0,100.0,0.0,0.0,59787.20757220678,37611.727256865706,1,0.0,100.0
1072,52695.80666235637,0.0,-526958.0666235638,0.0,10.0,0.0,-0.0,0.1,0.215906614,21.5906614,0.0,0.0,100.0,1.0,0.08,-8.0,-723.6159007575353,723.6159007575353,0.0,-723.6159007575353,723.6159007575353,0.0,-61147.82303107012,61147.82303107012,0.0,0.0,4823.898310546875,4823.898310546875,0.0,0.0,4975.349859681946,4975.349859681946,0.0,-526966.0666235638,-526966.0666235638,62595.05483258519,62595.05483258519,62495.05483258519,0.0,100.0,0.0,0.0,62595.05483258519,52795.80666235637,1,0.0,100.0
1073,57509.848728135374,0.0,-575098.4872813537,0.0,10.0,0.0,-0.0,0.1,0.185965578,18.5965578,0.0,0.0,100.0,1.0,0.11,-11.0,-522.1830736093034,522.1830736093034,0.0,-522.1830736093034,522.1830736093034,0.0,-57422.34839008421,57422.34839008421,0.0,0.0,0.0,0.0,0.0,0.0,856.8658091674463,856.8658091674463,0.0,-575109.4872813537,-575109.4872813537,58466.71453730282,58466.71453730282,58366.71453730282,0.0,100.0,0.0,0.0,58466.71453730282,57609.848728135374,1,0.0,100.0
1074,46352.40190082944,0.0,-463524.01900829445,0.0,10.0,0.0,-0.0,0.1,0.183325735,18.3325735,0.0,0.0,100.0,1.0,0.11,-11.0,-540.201400579825,540.201400579825,0.0,-540.201400579825,540.201400579825,0.0,-45371.99909966979,45371.99909966979,0.0,0.0,0.0,0.0,0.0,0.0,0.0,0.0,0.0,-463535.01900829445,-463535.01900829445,46452.40190082944,46452.40190082944,46352.40190082944,0.0,100.0,0.0,0.0,46452.40190082944,46452.40190082944,1,0.0,100.0
1075,44875.2071977794,0.0,-448752.07197779394,0.0,10.0,0.0,-0.0,0.1,0.180074597,18.007459700000002,0.0,0.0,100.0,1.0,0.11,-11.0,-539.747037783137,539.747037783137,0.0,-539.747037783137,539.747037783137,0.0,-43895.71312221312,43895.71312221312,0.0,0.0,0.0,0.0,0.0,0.0,0.0,0.0,0.0,-448763.07197779394,-448763.07197779394,44975.2071977794,44975.2071977794,44875.2071977794,0.0,100.0,0.0,0.0,44975.2071977794,44975.2071977794,1,0.0,100.0
1076,35842.787034526205,0.0,-358427.87034526205,0.0,10.0,0.0,-0.0,0.1,0.178409381,17.8409381,0.0,0.0,100.0,1.0,0.11,-11.0,-541.2997840742046,541.2997840742046,0.0,-541.2997840742046,541.2997840742046,0.0,-34860.18746637779,34860.18746637779,0.0,0.0,0.0,0.0,0.0,0.0,0.0,0.0,0.0,-358438.87034526205,-358438.87034526205,35942.787034526205,35942.787034526205,35842.787034526205,0.0,100.0,0.0,0.0,35942.787034526205,35942.787034526205,1,0.0,100.0
1077,33746.68712896931,0.0,-337466.87128969305,0.0,10.0,0.0,-0.0,0.1,0.191179522,19.117952199999998,0.0,0.0,100.0,1.0,0.11,-11.0,-231.78126450567768,231.78126450567768,0.0,-231.78126450567768,231.78126450567768,0.0,-33383.124599957955,33383.124599957955,0.0,0.0,0.0,0.0,0.0,0.0,0.0,0.0,0.0,-337477.87128969305,-337477.87128969305,33846.68712896931,33846.68712896931,33746.68712896931,0.0,100.0,0.0,0.0,33846.68712896931,33846.68712896931,1,0.0,100.0
1078,21485.892702060653,0.0,-214858.92702060653,0.0,10.0,0.0,-0.0,0.1,0.196911554,19.6911554,0.0,0.0,100.0,1.0,0.11,-11.0,-231.938070125443,231.938070125443,0.0,-231.938070125443,231.938070125443,0.0,-21122.016561809767,21122.016561809767,0.0,0.0,0.0,0.0,0.0,0.0,0.0,0.0,0.0,-214869.92702060653,-214869.92702060653,21585.892702060653,21585.892702060653,21485.892702060653,0.0,100.0,0.0,0.0,21585.892702060653,21585.892702060653,1,0.0,100.0
1079,18507.788391433445,0.0,-185077.88391433447,0.0,10.0,0.0,-0.0,0.1,0.220123861,22.0123861,0.0,0.0,100.0,1.0,0.11,-11.0,-235.1750812069416,235.1750812069416,0.0,-235.1750812069416,235.1750812069416,0.0,-18137.43822901956,18137.43822901956,0.0,0.0,0.0,0.0,0.0,0.0,0.0,0.0,0.0,-185088.88391433447,-185088.88391433447,18607.788391433445,18607.788391433445,18507.788391433445,0.0,100.0,0.0,0.0,18607.788391433445,18607.788391433445,1,0.0,100.0
1080,17762.419506243274,0.0,-177624.19506243273,0.0,10.0,0.0,-0.0,0.1,0.209902029,20.9902029,0.0,0.0,100.0,1.0,0.08,-8.0,-231.96582992755992,231.96582992755992,0.0,-231.96582992755992,231.96582992755992,0.0,-17398.487846388154,17398.487846388154,0.0,0.0,0.0,0.0,0.0,0.0,0.0,0.0,0.0,-177632.19506243273,-177632.19506243273,17862.419506243274,17862.419506243274,17762.419506243274,0.0,100.0,0.0,0.0,17862.419506243274,17862.419506243274,1,0.0,100.0
1081,17762.31069592557,0.0,-177623.1069592557,0.0,10.0,0.0,-0.0,0.1,0.2027988539999999,20.27988539999999,0.0,0.0,100.0,1.0,0.08,-8.0,-231.91142779169223,231.91142779169223,0.0,-231.91142779169223,231.91142779169223,0.0,-17398.487840342186,17398.487840342186,0.0,0.0,0.0,0.0,0.0,0.0,0.0,0.0,0.0,-177631.1069592557,-177631.1069592557,17862.31069592557,17862.31069592557,17762.31069592557,0.0,100.0,0.0,0.0,17862.31069592557,17862.31069592557,1,0.0,100.0
1082,17762.209000843726,0.0,-177622.09000843726,0.0,10.0,0.0,-0.0,0.1,0.2046550369999999,20.46550369999999,0.0,0.0,100.0,1.0,0.08,-8.0,-231.8605772277865,231.8605772277865,0.0,-231.8605772277865,231.8605772277865,0.0,-17398.487846388154,17398.487846388154,0.0,0.0,0.0,0.0,0.0,0.0,0.0,0.0,0.0,-177630.09000843726,-177630.09000843726,17862.209000843726,17862.209000843726,17762.209000843726,0.0,100.0,0.0,0.0,17862.209000843726,17862.209000843726,1,0.0,100.0
1083,17762.118654193364,0.0,-177621.18654193362,0.0,10.0,0.0,-0.0,0.1,0.211021412,21.1021412,0.0,0.0,100.0,1.0,0.08,-8.0,-231.8153978566349,231.8153978566349,0.0,-231.8153978566349,231.8153978566349,0.0,-17398.487858480094,17398.487858480094,0.0,0.0,0.0,0.0,0.0,0.0,0.0,0.0,0.0,-177629.18654193362,-177629.18654193362,17862.118654193364,17862.118654193364,17762.118654193364,0.0,100.0,0.0,0.0,17862.118654193364,17862.118654193364,1,0.0,100.0
1084,18502.798327176977,0.0,-185027.98327176977,0.0,10.0,0.0,-0.0,0.1,0.206602776,20.6602776,0.0,0.0,100.0,1.0,0.08,-8.0,-232.680061170649,232.680061170649,0.0,-232.680061170649,232.680061170649,0.0,-18137.43820483568,18137.43820483568,0.0,0.0,0.0,0.0,0.0,0.0,0.0,0.0,0.0,-185035.98327176977,-185035.98327176977,18602.798327176977,18602.798327176977,18502.798327176977,0.0,100.0,0.0,0.0,18602.798327176977,18602.798327176977,1,0.0,100.0
1085,21506.342529604637,0.0,-215063.42529604636,0.0,10.0,0.0,-0.0,0.1,0.193832898,19.3832898,0.0,0.0,100.0,1.0,0.11,-11.0,-242.1167926892493,242.1167926892493,0.0,-242.1167926892493,242.1167926892493,0.0,-21122.10894422614,21122.10894422614,0.0,0.0,0.0,0.0,0.0,0.0,0.0,0.0,0.0,-215074.42529604636,-215074.42529604636,21606.342529604637,21606.342529604637,21506.342529604637,0.0,100.0,0.0,0.0,21606.342529604637,21606.342529604637,1,0.0,100.0
1086,25251.48633311186,0.0,-252514.8633311186,0.0,10.0,0.0,-0.0,0.1,0.181473026,18.1473026,0.0,0.0,100.0,1.0,0.11,-11.0,-272.6754585373548,272.6754585373548,0.0,-272.6754585373548,272.6754585373548,0.0,-24806.135416037152,24806.135416037152,0.0,0.0,0.0,0.0,0.0,0.0,0.0,0.0,0.0,-252525.8633311186,-252525.8633311186,25351.48633311186,25351.48633311186,25251.48633311186,0.0,100.0,0.0,0.0,25351.48633311186,25351.48633311186,1,0.0,100.0
1087,27518.963272600166,0.0,-275189.63272600167,0.0,10.0,0.0,-0.0,0.1,0.184885255,18.4885255,0.0,0.0,100.0,1.0,0.11,-11.0,-506.7365916942696,506.7365916942696,0.0,-506.7365916942696,506.7365916942696,0.0,-30240.95907770664,30240.95907770664,0.0,0.0,2281.068193359375,2281.068193359375,0.0,0.0,1354.400795135641,1354.400795135641,0.0,-275200.63272600167,-275200.63272600167,31254.432261095182,31254.43226109518,31154.432261095182,0.0,100.0,0.0,0.0,31254.43226109518,27618.963272600162,1,0.0,100.0
1088,52756.52681519811,0.0,-527565.268151981,0.0,10.0,0.0,-0.0,0.1,0.182856359,18.2856359,0.0,0.0,100.0,1.0,0.11,-11.0,-695.4685500503308,695.4685500503308,0.0,-695.4685500503308,695.4685500503308,0.0,-63378.472351377706,63378.472351377706,0.0,0.0,6357.07529296875,6357.07529296875,0.0,0.0,5555.807343311507,5555.807343311507,0.0,-527576.268151981,-527576.268151981,64769.409451478365,64769.409451478365,64669.409451478365,0.0,100.0,0.0,0.0,64769.409451478365,52856.52681519811,1,0.0,100.0
1089,42598.949559903755,0.0,-425989.49559903756,0.0,10.0,0.0,-0.0,0.1,0.17943897,17.943897,0.0,0.0,100.0,1.0,0.11,-11.0,-693.4390547744872,693.4390547744872,0.0,-693.4390547744872,693.4390547744872,0.0,-61159.36690323678,61159.36690323678,0.0,0.0,9012.089091796875,9012.089091796875,0.0,0.0,10835.206361085127,10835.206361085127,0.0,-426000.49559903756,-426000.49559903756,62546.24501278576,62546.24501278576,62446.24501278576,0.0,100.0,0.0,0.0,62546.24501278576,42698.949559903755,1,0.0,100.0
1090,36898.62472877078,0.0,-368986.2472877078,0.0,10.0,0.0,-0.0,0.1,0.181941283,18.194128300000003,0.0,0.0,100.0,1.0,0.11,-11.0,-710.0553106255966,710.0553106255966,0.0,-710.0553106255966,710.0553106255966,0.0,-58202.950485505,58202.950485505,0.0,0.0,8002.43595703125,8002.43595703125,0.0,0.0,14622.000420954166,14622.000420954166,0.0,-368997.2472877078,-368997.2472877078,59623.0611067562,59623.0611067562,59523.0611067562,0.0,100.0,0.0,0.0,59623.0611067562,36998.62472877078,1,0.0,100.0
1091,33528.672113985274,0.0,-335286.7211398528,0.0,10.0,0.0,-0.0,0.1,0.2121010489999999,21.21010489999999,0.0,0.0,100.0,1.0,0.11,-11.0,-725.413976690546,725.413976690546,0.0,-725.413976690546,725.413976690546,0.0,-58200.4193523996,58200.4193523996,0.0,0.0,9161.667333984376,9161.667333984376,0.0,0.0,16860.907857811042,16860.907857811042,0.0,-335297.7211398528,-335297.7211398528,59651.24730578069,59651.24730578069,59551.24730578069,0.0,100.0,0.0,0.0,59651.24730578069,33628.672113985274,1,0.0,100.0
1092,31262.270637245554,0.0,-312622.7063724555,0.0,10.0,0.0,-0.0,0.1,0.199109282,19.9109282,0.0,0.0,100.0,1.0,0.11,-11.0,-737.1760205878888,737.1760205878888,0.0,-737.1760205878888,737.1760205878888,0.0,-55187.0343260708,55187.0343260708,0.0,0.0,7553.70123046875,7553.70123046875,0.0,0.0,17745.414499532275,17745.414499532275,0.0,-312633.7063724555,-312633.7063724555,56661.38636724658,56661.38636724658,56561.38636724658,0.0,100.0,0.0,0.0,56661.38636724658,31362.270637245558,1,0.0,100.0
1093,35674.59594904058,0.0,-356745.9594904058,0.0,10.0,0.0,-0.0,0.1,0.1995974439999999,19.95974439999999,0.0,0.0,100.0,1.0,0.11,-11.0,-742.7698763467967,742.7698763467967,0.0,-742.7698763467967,742.7698763467967,0.0,-58196.40819010576,58196.40819010576,0.0,0.0,6880.599140625,6880.599140625,0.0,0.0,17026.752853133774,17026.752853133774,0.0,-356756.9594904058,-356756.9594904058,59681.94794279935,59681.94794279935,59581.94794279935,0.0,100.0,0.0,0.0,59681.94794279935,35774.59594904058,1,0.0,100.0
1094,39976.35153256883,0.0,-399763.5153256883,0.0,10.0,0.0,-0.0,0.1,0.209597008,20.9597008,0.0,0.0,100.0,1.0,0.08,-8.0,-765.4825658711761,765.4825658711761,0.0,-765.4825658711761,765.4825658711761,0.0,-58194.49306875686,58194.49306875686,0.0,0.0,5497.000400390625,5497.000400390625,0.0,0.0,14152.10626753976,14152.10626753976,0.0,-399771.5153256883,-399771.5153256883,59725.45820049921,59725.45820049921,59625.45820049921,0.0,100.0,0.0,0.0,59725.45820049921,40076.35153256883,1,0.0,100.0
1095,46068.29912632493,0.0,-460682.9912632493,0.0,10.0,0.0,-0.0,0.1,0.211875035,21.1875035,0.0,0.0,100.0,1.0,0.08,-8.0,-761.2827333840913,761.2827333840913,0.0,-761.2827333840913,761.2827333840913,0.0,-58194.444567988256,58194.444567988256,0.0,0.0,3515.08869140625,3515.08869140625,0.0,0.0,10033.62221702526,10033.62221702526,0.0,-460690.9912632493,-460690.9912632493,59717.01003475644,59717.01003475644,59617.01003475644,0.0,100.0,0.0,0.0,59717.01003475644,46168.29912632493,1,0.0,100.0
1096,56492.0195326572,0.0,-564920.195326572,0.0,10.0,0.0,-0.0,0.1,0.202983158,20.2983158,0.0,0.0,100.0,1.0,0.08,-8.0,-746.0493031081654,746.0493031081654,0.0,-746.0493031081654,746.0493031081654,0.0,-61149.95931398911,61149.95931398911,0.0,0.0,1047.0476953125,1047.0476953125,0.0,0.0,5002.990692235735,5002.990692235735,0.0,-564928.195326572,-564928.195326572,62642.057920205436,62642.057920205436,62542.057920205436,0.0,100.0,0.0,0.0,62642.057920205436,56592.0195326572,1,0.0,100.0
1097,56785.73625230724,0.0,-567857.3625230724,0.0,10.0,0.0,-0.0,0.1,0.1888085719999999,18.88085719999999,0.0,0.0,100.0,1.0,0.11,-11.0,-552.7295649226188,552.7295649226188,0.0,-552.7295649226188,552.7295649226188,0.0,-56915.171608592806,56915.171608592806,0.0,0.0,112.183681640625,112.183681640625,0.0,0.0,1022.710804490178,1022.710804490178,0.0,-567868.3625230724,-567868.3625230724,58020.63073843804,58020.63073843804,57920.63073843804,0.0,100.0,0.0,0.0,58020.63073843804,56885.73625230724,1,0.0,100.0
1098,46432.85749483668,0.0,-464328.5749483668,0.0,10.0,0.0,-0.0,0.1,0.186293985,18.6293985,0.0,0.0,100.0,1.0,0.11,-11.0,-571.5671815227856,571.5671815227856,0.0,-571.5671815227856,571.5671815227856,0.0,-45389.72313179111,45389.72313179111,0.0,0.0,0.0,0.0,0.0,0.0,0.0,0.0,0.0,-464339.5749483668,-464339.5749483668,46532.85749483668,46532.85749483668,46432.85749483668,0.0,100.0,0.0,0.0,46532.85749483668,46532.85749483668,1,0.0,100.0
1099,44925.11431392514,0.0,-449251.14313925145,0.0,10.0,0.0,-0.0,0.1,0.184069656,18.4069656,0.0,0.0,100.0,1.0,0.11,-11.0,-553.8871403067242,553.8871403067242,0.0,-553.8871403067242,553.8871403067242,0.0,-43917.340033311695,43917.340033311695,0.0,0.0,0.0,0.0,0.0,0.0,0.0,0.0,0.0,-449262.14313925145,-449262.14313925145,45025.11431392514,45025.11431392514,44925.11431392514,0.0,100.0,0.0,0.0,45025.11431392514,45025.11431392514,1,0.0,100.0
1100,35876.914303142694,0.0,-358769.14303142694,0.0,10.0,0.0,-0.0,0.1,0.185316139,18.5316139,0.0,0.0,100.0,1.0,0.11,-11.0,-545.8464020545409,545.8464020545409,0.0,-545.8464020545409,545.8464020545409,0.0,-34885.221499033614,34885.221499033614,0.0,0.0,0.0,0.0,0.0,0.0,0.0,0.0,0.0,-358780.14303142694,-358780.14303142694,35976.914303142694,35976.914303142694,35876.914303142694,0.0,100.0,0.0,0.0,35976.914303142694,35976.914303142694,1,0.0,100.0
1101,33780.49216852517,0.0,-337804.9216852517,0.0,10.0,0.0,-0.0,0.1,0.195691326,19.5691326,0.0,0.0,100.0,1.0,0.11,-11.0,-233.0753790259357,233.0753790259357,0.0,-233.0753790259357,233.0753790259357,0.0,-33414.341410473295,33414.341410473295,0.0,0.0,0.0,0.0,0.0,0.0,0.0,0.0,0.0,-337815.9216852517,-337815.9216852517,33880.49216852517,33880.49216852517,33780.49216852517,0.0,100.0,0.0,0.0,33880.49216852517,33880.49216852517,1,0.0,100.0
1102,21487.103369869703,0.0,-214871.03369869702,0.0,10.0,0.0,-0.0,0.1,0.196448406,19.6448406,0.0,0.0,100.0,1.0,0.11,-11.0,-232.54339496101645,232.54339496101645,0.0,-232.54339496101645,232.54339496101645,0.0,-21122.01657994767,21122.01657994767,0.0,0.0,0.0,0.0,0.0,0.0,0.0,0.0,0.0,-214882.03369869702,-214882.03369869702,21587.103369869703,21587.103369869703,21487.103369869703,0.0,100.0,0.0,0.0,21587.103369869703,21587.103369869703,1,0.0,100.0
1103,18508.647180057713,0.0,-185086.47180057713,0.0,10.0,0.0,-0.0,0.1,0.2240714489999999,22.407144899999988,0.0,0.0,100.0,1.0,0.11,-11.0,-235.6044845880332,235.6044845880332,0.0,-235.6044845880332,235.6044845880332,0.0,-18137.438210881646,18137.438210881646,0.0,0.0,0.0,0.0,0.0,0.0,0.0,0.0,0.0,-185097.47180057713,-185097.47180057713,18608.647180057713,18608.647180057713,18508.647180057713,0.0,100.0,0.0,0.0,18608.647180057713,18608.647180057713,1,0.0,100.0
1104,17763.805613323166,0.0,-177638.05613323167,0.0,10.0,0.0,-0.0,0.1,0.215559339,21.5559339,0.0,0.0,100.0,1.0,0.08,-8.0,-232.65889253646,232.65889253646,0.0,-232.65889253646,232.65889253646,0.0,-17398.487828250247,17398.487828250247,0.0,0.0,0.0,0.0,0.0,0.0,0.0,0.0,0.0,-177646.05613323167,-177646.05613323167,17863.805613323166,17863.805613323166,17763.805613323166,0.0,100.0,0.0,0.0,17863.805613323166,17863.805613323166,1,0.0,100.0
1105,17833.829312633246,0.0,-178338.29312633246,0.0,10.0,0.0,-0.0,0.1,0.220037611,22.0037611,0.0,0.0,100.0,1.0,0.08,-8.0,-232.6373347318934,232.6373347318934,0.0,-232.6373347318934,232.6373347318934,0.0,-17468.55464316946,17468.55464316946,0.0,0.0,0.0,0.0,0.0,0.0,0.0,0.0,0.0,-178346.29312633246,-178346.29312633246,17933.829312633246,17933.829312633246,17833.829312633246,0.0,100.0,0.0,0.0,17933.829312633246,17933.829312633246,1,0.0,100.0
1106,17857.226456693148,0.0,-178572.26456693147,0.0,10.0,0.0,-0.0,0.1,0.218289335,21.8289335,0.0,0.0,100.0,1.0,0.08,-8.0,-232.5679770056164,232.5679770056164,0.0,-232.5679770056164,232.5679770056164,0.0,-17492.090502681916,17492.090502681916,0.0,0.0,0.0,0.0,0.0,0.0,0.0,0.0,0.0,-178580.26456693147,-178580.26456693147,17957.226456693148,17957.226456693148,17857.226456693148,0.0,100.0,0.0,0.0,17957.226456693148,17957.226456693148,1,0.0,100.0
1107,17880.74733836405,0.0,-178807.4733836405,0.0,10.0,0.0,-0.0,0.1,0.2178270169999999,21.78270169999999,0.0,0.0,100.0,1.0,0.08,-8.0,-232.54060591361747,232.54060591361747,0.0,-232.54060591361747,232.54060591361747,0.0,-17515.666126536817,17515.666126536817,0.0,0.0,0.0,0.0,0.0,0.0,0.0,0.0,0.0,-178815.4733836405,-178815.4733836405,17980.74733836405,17980.74733836405,17880.74733836405,0.0,100.0,0.0,0.0,17980.74733836405,17980.74733836405,1,0.0,100.0
1108,18598.533241642654,0.0,-185985.33241642654,0.0,10.0,0.0,-0.0,0.1,0.2001780269999999,20.01780269999999,0.0,0.0,100.0,1.0,0.08,-8.0,-233.47796383570736,233.47796383570736,0.0,-233.47796383570736,233.47796383570736,0.0,-18231.57731397124,18231.57731397124,0.0,0.0,0.0,0.0,0.0,0.0,0.0,0.0,0.0,-185993.33241642654,-185993.33241642654,18698.533241642654,18698.533241642654,18598.533241642654,0.0,100.0,0.0,0.0,18698.533241642654,18698.533241642654,1,0.0,100.0
1109,21606.510887253422,0.0,-216065.1088725342,0.0,10.0,0.0,-0.0,0.1,0.184425922,18.4425922,0.0,0.0,100.0,1.0,0.11,-11.0,-233.38240805167888,233.38240805167888,0.0,-233.38240805167888,233.38240805167888,0.0,-21239.746071150064,21239.746071150064,0.0,0.0,0.0,0.0,0.0,0.0,0.0,0.0,0.0,-216076.1088725342,-216076.1088725342,21706.510887253422,21706.510887253422,21606.510887253422,0.0,100.0,0.0,0.0,21706.510887253422,21706.510887253422,1,0.0,100.0
1110,25274.030634898685,0.0,-252740.30634898687,0.0,10.0,0.0,-0.0,0.1,0.169660014,16.9660014,0.0,0.0,100.0,1.0,0.11,-11.0,-268.7576608480578,268.7576608480578,0.0,-268.7576608480578,268.7576608480578,0.0,-24836.51531320257,24836.51531320257,0.0,0.0,0.0,0.0,0.0,0.0,0.0,0.0,0.0,-252751.30634898687,-252751.30634898687,25374.030634898685,25374.030634898685,25274.030634898685,0.0,100.0,0.0,0.0,25374.030634898685,25374.030634898685,1,0.0,100.0
1111,28148.804644655498,0.0,-281488.046446555,0.0,10.0,0.0,-0.0,0.1,0.157509848,15.750984800000001,0.0,0.0,100.0,1.0,0.11,-11.0,-503.93658718887616,503.93658718887616,0.0,-503.93658718887616,503.93658718887616,0.0,-30339.850560832223,30339.850560832223,0.0,0.0,2131.489951171875,2131.489951171875,0.0,0.0,967.4291393826009,967.4291393826009,0.0,-281499.046446555,-281499.046446555,31347.723735209973,31347.723735209976,31247.723735209973,0.0,100.0,0.0,0.0,31347.723735209976,28248.8046446555,1,0.0,100.0
1112,56074.28325154658,0.0,-560742.8325154658,0.0,10.0,0.0,-0.0,0.1,0.156773771,15.677377100000001,0.0,0.0,100.0,1.0,0.11,-11.0,-698.1064925625923,698.1064925625923,0.0,-698.1064925625923,698.1064925625923,0.0,-63455.48162024397,63455.48162024397,0.0,0.0,3702.0614941406247,3702.0614941406247,0.0,0.0,4975.349859681946,4975.349859681946,0.0,-560753.8325154658,-560753.8325154658,64851.69460536915,64851.69460536915,64751.69460536915,0.0,100.0,0.0,0.0,64851.69460536915,56174.28325154658,1,0.0,100.0
1113,42573.42041687304,0.0,-425734.2041687304,0.0,10.0,0.0,-0.0,0.1,0.159592981,15.9592981,0.0,0.0,100.0,1.0,0.11,-11.0,-725.6629139305919,725.6629139305919,0.0,-725.6629139305919,725.6629139305919,0.0,-61217.31631321563,61217.31631321563,0.0,0.0,9685.191181640625,9685.191181640625,0.0,0.0,10310.030542563143,10310.030542563143,0.0,-425745.2041687304,-425745.2041687304,62668.64214107681,62668.642141076816,62568.64214107681,0.0,100.0,0.0,0.0,62668.642141076816,42673.42041687305,1,0.0,100.0
1114,30137.399553072508,0.0,-301373.9955307251,0.0,10.0,0.0,-0.0,0.1,0.1612648009999999,16.12648009999999,0.0,0.0,100.0,1.0,0.11,-11.0,-774.7057741101464,774.7057741101464,0.0,-774.7057741101464,774.7057741101464,0.0,-58257.995677682775,58257.995677682775,0.0,0.0,16191.844716796875,16191.844716796875,0.0,0.0,13378.16295603368,13378.16295603368,0.0,-301384.9955307251,-301384.9955307251,59807.407225903065,59807.407225903065,59707.407225903065,0.0,100.0,0.0,0.0,59807.407225903065,30237.399553072508,1,0.0,100.0
1115,27424.227607431392,0.0,-274242.2760743139,0.0,10.0,0.0,-0.0,0.1,0.170620965,17.062096500000003,0.0,0.0,100.0,1.0,0.11,-11.0,-803.9089598260572,803.9089598260572,0.0,-803.9089598260572,803.9089598260572,0.0,-58336.695435941256,58336.695435941256,0.0,0.0,15780.50455078125,15780.50455078125,0.0,0.0,16639.781197380733,16639.781197380733,0.0,-274253.2760743139,-274253.2760743139,59944.51335559337,59944.51335559337,59844.51335559337,0.0,100.0,0.0,0.0,59944.51335559337,27524.22760743139,1,0.0,100.0
1116,31234.262016947298,0.0,-312342.620169473,0.0,10.0,0.0,-0.0,0.1,0.162385162,16.2385162,0.0,0.0,100.0,1.0,0.11,-11.0,-826.9869012940093,826.9869012940093,0.0,-826.9869012940093,826.9869012940093,0.0,-55384.16784635326,55384.16784635326,0.0,0.0,9423.4292578125,9423.4292578125,0.0,0.0,16280.45037418148,16280.45037418148,0.0,-312353.620169473,-312353.620169473,57038.14164894128,57038.14164894128,56938.14164894128,0.0,100.0,0.0,0.0,57038.14164894128,31334.2620169473,1,0.0,100.0
1117,33453.20592324878,0.0,-334532.0592324878,0.0,10.0,0.0,-0.0,0.1,0.16450384,16.450384,0.0,0.0,100.0,1.0,0.11,-11.0,-838.9732070796331,838.9732070796331,0.0,-838.9732070796331,838.9732070796331,0.0,-58427.71347648201,58427.71347648201,0.0,0.0,12676.756025390623,12676.756025390623,0.0,0.0,13875.697942001872,13875.697942001872,0.0,-334543.0592324878,-334543.0592324878,60105.65989064128,60105.65989064128,60005.65989064128,0.0,100.0,0.0,0.0,60105.65989064128,33553.20592324878,1,0.0,100.0
1118,40421.09926537834,0.0,-404210.9926537834,0.0,10.0,0.0,-0.0,0.1,0.213584423,21.3584423,0.0,0.0,100.0,1.0,0.08,-8.0,-860.3424491629801,860.3424491629801,0.0,-860.3424491629801,860.3424491629801,0.0,-58379.56134872516,58379.56134872516,0.0,0.0,6394.469853515625,6394.469853515625,0.0,0.0,13184.677128157158,13184.677128157158,0.0,-404218.9926537834,-404218.9926537834,60100.246247051124,60100.246247051124,60000.246247051124,0.0,100.0,0.0,0.0,60100.246247051124,40521.09926537834,1,0.0,100.0
1119,49465.30314744671,0.0,-494653.03147446713,0.0,10.0,0.0,-0.0,0.1,0.21748103,21.748103,0.0,0.0,100.0,1.0,0.08,-8.0,-861.0200821978091,861.0200821978091,0.0,-861.0200821978091,861.0200821978091,0.0,-58266.90784203876,58266.90784203876,0.0,0.0,4038.6125390625,4038.6125390625,0.0,0.0,6385.032319925164,6385.032319925164,0.0,-494661.03147446713,-494661.03147446713,59988.94800643438,59988.94800643438,59888.94800643438,0.0,100.0,0.0,0.0,59988.94800643438,49565.30314744671,1,0.0,100.0
1120,57485.20362537002,0.0,-574852.0362537003,0.0,10.0,0.0,-0.0,0.1,0.218038347,21.8038347,0.0,0.0,100.0,1.0,0.08,-8.0,-820.6678660142114,820.6678660142114,0.0,-820.6678660142114,820.6678660142114,0.0,-61171.1310905378,61171.1310905378,0.0,0.0,2131.489951171875,2131.489951171875,0.0,0.0,3095.7732460243224,3095.7732460243224,0.0,-574860.0362537003,-574860.0362537003,62812.46682256622,62812.46682256622,62712.46682256622,0.0,100.0,0.0,0.0,62812.46682256622,57585.20362537002,1,0.0,100.0
1121,57111.08818402912,0.0,-571110.8818402912,0.0,10.0,0.0,-0.0,0.1,0.21620985,21.620985,0.0,0.0,100.0,1.0,0.11,-11.0,-594.1668174918185,594.1668174918185,0.0,-594.1668174918185,594.1668174918185,0.0,-56938.14272617144,56938.14272617144,0.0,0.0,224.36736328125,224.36736328125,0.0,0.0,691.0208138447148,691.0208138447148,0.0,-571121.8818402912,-571121.8818402912,58126.47636115508,58126.47636115508,58026.47636115508,0.0,100.0,0.0,0.0,58126.47636115508,57211.08818402912,1,0.0,100.0
1122,46510.61490958626,0.0,-465106.1490958626,0.0,10.0,0.0,-0.0,0.1,0.2116239389999999,21.16239389999999,0.0,0.0,100.0,1.0,0.11,-11.0,-598.0607200529856,598.0607200529856,0.0,-598.0607200529856,598.0607200529856,0.0,-45414.49346948029,45414.49346948029,0.0,0.0,0.0,0.0,0.0,0.0,0.0,0.0,0.0,-465117.1490958626,-465117.1490958626,46610.61490958626,46610.61490958626,46510.61490958626,0.0,100.0,0.0,0.0,46610.61490958626,46610.61490958626,1,0.0,100.0
1123,44983.51300421923,0.0,-449835.1300421923,0.0,10.0,0.0,-0.0,0.1,0.208239387,20.8239387,0.0,0.0,100.0,1.0,0.11,-11.0,-566.8297043639975,566.8297043639975,0.0,-566.8297043639975,566.8297043639975,0.0,-43949.85359549124,43949.85359549124,0.0,0.0,0.0,0.0,0.0,0.0,0.0,0.0,0.0,-449846.1300421923,-449846.1300421923,45083.51300421923,45083.51300421923,44983.51300421923,0.0,100.0,0.0,0.0,45083.51300421923,45083.51300421923,1,0.0,100.0
1124,35928.059376980396,0.0,-359280.593769804,0.0,10.0,0.0,-0.0,0.1,0.210058545,21.0058545,0.0,0.0,100.0,1.0,0.11,-11.0,-548.7254674363812,548.7254674363812,0.0,-548.7254674363812,548.7254674363812,0.0,-34930.60844210764,34930.60844210764,0.0,0.0,0.0,0.0,0.0,0.0,0.0,0.0,0.0,-359291.593769804,-359291.593769804,36028.059376980396,36028.059376980396,35928.059376980396,0.0,100.0,0.0,0.0,36028.059376980396,36028.059376980396,1,0.0,100.0
1125,33836.562439682166,0.0,-338365.62439682166,0.0,10.0,0.0,-0.0,0.1,0.211670336,21.1670336,0.0,0.0,100.0,1.0,0.11,-11.0,-233.07861812349927,233.07861812349927,0.0,-233.07861812349927,233.07861812349927,0.0,-33470.40520343517,33470.40520343517,0.0,0.0,0.0,0.0,0.0,0.0,0.0,0.0,0.0,-338376.62439682166,-338376.62439682166,33936.562439682166,33936.562439682166,33836.562439682166,0.0,100.0,0.0,0.0,33936.562439682166,33936.562439682166,1,0.0,100.0
1126,21487.106656939035,0.0,-214871.06656939036,0.0,10.0,0.0,-0.0,0.1,0.2125934239999999,21.25934239999999,0.0,0.0,100.0,1.0,0.11,-11.0,-232.54504151866595,232.54504151866595,0.0,-232.54504151866595,232.54504151866595,0.0,-21122.016573901703,21122.016573901703,0.0,0.0,0.0,0.0,0.0,0.0,0.0,0.0,0.0,-214882.06656939036,-214882.06656939036,21587.106656939035,21587.106656939035,21487.106656939035,0.0,100.0,0.0,0.0,21587.106656939035,21587.106656939035,1,0.0,100.0
1127,18508.724933190475,0.0,-185087.24933190475,0.0,10.0,0.0,-0.0,0.1,0.2192396469999999,21.92396469999999,0.0,0.0,100.0,1.0,0.11,-11.0,-235.64336417739915,235.64336417739915,0.0,-235.64336417739915,235.64336417739915,0.0,-18137.43820483568,18137.43820483568,0.0,0.0,0.0,0.0,0.0,0.0,0.0,0.0,0.0,-185098.24933190475,-185098.24933190475,18608.724933190475,18608.724933190475,18508.724933190475,0.0,100.0,0.0,0.0,18608.724933190475,18608.724933190475,1,0.0,100.0
1128,17880.55509314994,0.0,-178805.5509314994,0.0,10.0,0.0,-0.0,0.1,0.229273186,22.9273186,0.0,0.0,100.0,1.0,0.08,-8.0,-232.66064788273243,232.66064788273243,0.0,-232.66064788273243,232.66064788273243,0.0,-17515.233797384473,17515.233797384473,0.0,0.0,0.0,0.0,0.0,0.0,0.0,0.0,0.0,-178813.5509314994,-178813.5509314994,17980.55509314994,17980.55509314994,17880.55509314994,0.0,100.0,0.0,0.0,17980.55509314994,17980.55509314994,1,0.0,100.0
1129,17857.35234959449,0.0,-178573.52349594492,0.0,10.0,0.0,-0.0,0.1,0.236035275,23.6035275,0.0,0.0,100.0,1.0,0.08,-8.0,-232.5819178492246,232.5819178492246,0.0,-232.5819178492246,232.5819178492246,0.0,-17492.188513896042,17492.188513896042,0.0,0.0,0.0,0.0,0.0,0.0,0.0,0.0,0.0,-178581.52349594492,-178581.52349594492,17957.35234959449,17957.35234959449,17857.35234959449,0.0,100.0,0.0,0.0,17957.35234959449,17957.35234959449,1,0.0,100.0
1130,17881.539400780177,0.0,-178815.39400780178,0.0,10.0,0.0,-0.0,0.1,0.2471663589999999,24.71663589999999,0.0,0.0,100.0,1.0,0.08,-8.0,-232.5030624995915,232.5030624995915,0.0,-232.5030624995915,232.5030624995915,0.0,-17516.533275780996,17516.533275780996,0.0,0.0,0.0,0.0,0.0,0.0,0.0,0.0,0.0,-178823.39400780178,-178823.39400780178,17981.539400780177,17981.539400780177,17881.539400780177,0.0,100.0,0.0,0.0,17981.539400780177,17981.539400780177,1,0.0,100.0
1131,17858.40750737216,0.0,-178584.07507372161,0.0,10.0,0.0,-0.0,0.1,0.250191386,25.0191386,0.0,0.0,100.0,1.0,0.08,-8.0,-232.4315561143285,232.4315561143285,0.0,-232.4315561143285,232.4315561143285,0.0,-17493.544395143505,17493.544395143505,0.0,0.0,0.0,0.0,0.0,0.0,0.0,0.0,0.0,-178592.07507372161,-178592.07507372161,17958.40750737216,17958.40750737216,17858.40750737216,0.0,100.0,0.0,0.0,17958.40750737216,17958.40750737216,1,0.0,100.0
1132,19187.899401837753,0.0,-191878.99401837753,0.0,10.0,0.0,-0.0,0.1,0.23827437,23.827437,0.0,0.0,100.0,1.0,0.08,-8.0,-236.80595655805885,236.80595655805885,0.0,-236.80595655805885,236.80595655805885,0.0,-18814.287488721635,18814.287488721635,0.0,0.0,0.0,0.0,0.0,0.0,0.0,0.0,0.0,-191886.99401837753,-191886.99401837753,19287.899401837753,19287.899401837753,19187.899401837753,0.0,100.0,0.0,0.0,19287.899401837753,19287.899401837753,1,0.0,100.0
1133,22519.129833375096,0.0,-225191.29833375098,0.0,10.0,0.0,-0.0,0.1,0.235580613,23.5580613,0.0,0.0,100.0,1.0,0.11,-11.0,-236.04763855816825,236.04763855816825,0.0,-236.04763855816825,236.04763855816825,0.0,-22147.03455625876,22147.03455625876,0.0,0.0,0.0,0.0,0.0,0.0,0.0,0.0,0.0,-225202.29833375098,-225202.29833375098,22619.129833375096,22619.129833375096,22519.129833375096,0.0,100.0,0.0,0.0,22619.129833375096,22619.129833375096,1,0.0,100.0
1134,25302.61473413883,0.0,-253026.1473413883,0.0,10.0,0.0,-0.0,0.1,0.221788552,22.1788552,0.0,0.0,100.0,1.0,0.11,-11.0,-271.1177112332921,271.1177112332921,0.0,-271.1177112332921,271.1177112332921,0.0,-24860.379311672248,24860.379311672248,0.0,0.0,0.0,0.0,0.0,0.0,0.0,0.0,0.0,-253037.1473413883,-253037.1473413883,25402.61473413883,25402.61473413883,25302.61473413883,0.0,100.0,0.0,0.0,25402.61473413883,25402.61473413883,1,0.0,100.0
1135,27830.0229018022,0.0,-278300.229018022,0.0,10.0,0.0,-0.0,0.1,0.226763785,22.6763785,0.0,0.0,100.0,1.0,0.11,-11.0,-504.7869376440333,504.7869376440333,0.0,-504.7869376440333,504.7869376440333,0.0,-30664.82937435857,30664.82937435857,0.0,0.0,2804.592041015625,2804.592041015625,0.0,0.0,939.788306828812,939.788306828812,0.0,-278311.229018022,-278311.229018022,31674.40324964664,31674.40324964664,31574.40324964664,0.0,100.0,0.0,0.0,31674.40324964664,27930.0229018022,1,0.0,100.0
1136,54085.49742097565,0.0,-540854.9742097565,0.0,10.0,0.0,-0.0,0.1,0.224407157,22.4407157,0.0,0.0,100.0,1.0,0.11,-11.0,-693.5381206234339,693.5381206234339,0.0,-693.5381206234339,693.5381206234339,0.0,-63696.66314920595,63696.66314920595,0.0,0.0,7553.70123046875,7553.70123046875,0.0,0.0,3344.54073900842,3344.54073900842,0.0,-540865.9742097565,-540865.9742097565,65083.739390452814,65083.73939045282,64983.739390452814,0.0,100.0,0.0,0.0,65083.73939045282,54185.49742097565,1,0.0,100.0
1137,40921.70484694361,0.0,-409217.0484694361,0.0,10.0,0.0,-0.0,0.1,0.22302826,22.302826,0.0,0.0,100.0,1.0,0.11,-11.0,-709.3421171004449,709.3421171004449,0.0,-709.3421171004449,709.3421171004449,0.0,-61376.75639285995,61376.75639285995,0.0,0.0,14808.2459765625,14808.2459765625,0.0,0.0,6965.489803554725,6965.489803554725,0.0,-409228.0484694361,-409228.0484694361,62795.44062706084,62795.44062706084,62695.44062706084,0.0,100.0,0.0,0.0,62795.44062706084,41021.70484694361,1,0.0,100.0
1138,31817.41801462682,0.0,-318174.1801462682,0.0,10.0,0.0,-0.0,0.1,0.2207102819999999,22.07102819999999,0.0,0.0,100.0,1.0,0.11,-11.0,-782.9107258596886,782.9107258596886,0.0,-782.9107258596886,782.9107258596886,0.0,-58368.79331956889,58368.79331956889,0.0,0.0,17126.70873046875,17126.70873046875,0.0,0.0,10890.488026192705,10890.488026192705,0.0,-318185.1801462682,-318185.1801462682,59934.614771288274,59934.61477128827,59834.614771288274,0.0,100.0,0.0,0.0,59934.61477128827,31917.41801462681,1,0.0,100.0
1139,25259.088367846525,0.0,-252590.88367846527,0.0,10.0,0.0,-0.0,0.1,0.229058328,22.9058328,0.0,0.0,100.0,1.0,0.11,-11.0,-834.8353401737404,834.8353401737404,0.0,-834.8353401737404,834.8353401737404,0.0,-58398.715288946434,58398.715288946434,0.0,0.0,21801.028798828123,21801.028798828123,0.0,0.0,12908.268802619272,12908.268802619272,0.0,-252601.88367846527,-252601.88367846527,60068.38596929392,60068.385969293915,59968.38596929392,0.0,100.0,0.0,0.0,60068.385969293915,25359.088367846518,1,0.0,100.0
1140,19097.728551930846,0.0,-190977.28551930847,0.0,10.0,0.0,-0.0,0.1,0.239971956,23.997195599999998,0.0,0.0,100.0,1.0,0.11,-11.0,-876.0896881049119,876.0896881049119,0.0,-876.0896881049119,876.0896881049119,0.0,-55405.059319656655,55405.059319656655,0.0,0.0,22287.1580859375,22287.1580859375,0.0,0.0,15672.35205799813,15672.35205799813,0.0,-190988.28551930847,-190988.28551930847,57157.23869586647,57157.23869586648,57057.23869586647,0.0,100.0,0.0,0.0,57157.23869586648,19197.72855193085,1,0.0,100.0
1141,24423.940901833732,0.0,-244239.40901833732,0.0,10.0,0.0,-0.0,0.1,0.251598182,25.1598182,0.0,0.0,100.0,1.0,0.11,-11.0,-883.3070274464284,883.3070274464284,0.0,-883.3070274464284,883.3070274464284,0.0,-58422.7743666731,58422.7743666731,0.0,0.0,19744.32796875,19744.32796875,0.0,0.0,15921.119550982228,15921.119550982228,0.0,-244250.40901833732,-244250.40901833732,60189.388421565964,60189.38842156596,60089.388421565964,0.0,100.0,0.0,0.0,60189.38842156596,24523.940901833725,1,0.0,100.0
1142,30224.522052699274,0.0,-302245.22052699275,0.0,10.0,0.0,-0.0,0.1,0.243360245,24.3360245,0.0,0.0,100.0,1.0,0.08,-8.0,-919.5906018538158,919.5906018538158,0.0,-919.5906018538158,919.5906018538158,0.0,-58360.95479245881,58360.95479245881,0.0,0.0,17575.443457031248,17575.443457031248,0.0,0.0,12300.170486435924,12300.170486435924,0.0,-302253.22052699275,-302253.22052699275,60200.13599616644,60200.13599616644,60100.13599616644,0.0,100.0,0.0,0.0,60200.13599616644,30324.52205269927,1,0.0,100.0
1143,41527.53112871013,0.0,-415275.3112871013,0.0,10.0,0.0,-0.0,0.1,0.243131297,24.3131297,0.0,0.0,100.0,1.0,0.08,-8.0,-940.8954297751196,940.8954297751196,0.0,-940.8954297751196,940.8954297751196,0.0,-58264.59216915404,58264.59216915404,0.0,0.0,10171.32046875,10171.32046875,0.0,0.0,8347.531431244155,8347.531431244155,0.0,-415283.3112871013,-415283.3112871013,60146.38302870428,60146.38302870428,60046.38302870428,0.0,100.0,0.0,0.0,60146.38302870428,41627.53112871012,1,0.0,100.0
1144,54420.87331066002,0.0,-544208.7331066002,0.0,10.0,0.0,-0.0,0.1,0.232086031,23.2086031,0.0,0.0,100.0,1.0,0.08,-8.0,-885.4959532859825,885.4959532859825,0.0,-885.4959532859825,885.4959532859825,0.0,-61199.62145289791,61199.62145289791,0.0,0.0,4524.741826171875,4524.741826171875,0.0,0.0,3924.99822263798,3924.99822263798,0.0,-544216.7331066002,-544216.7331066002,62970.61335946988,62970.61335946988,62870.61335946988,0.0,100.0,0.0,0.0,62970.61335946988,54520.87331066003,1,0.0,100.0
1145,56950.6312149433,0.0,-569506.312149433,0.0,10.0,0.0,-0.0,0.1,0.2315789089999999,23.157890899999988,0.0,0.0,100.0,1.0,0.11,-11.0,-630.9402327579137,630.9402327579137,0.0,-630.9402327579137,630.9402327579137,0.0,-56964.28049895609,56964.28049895609,0.0,0.0,373.94560546875,373.94560546875,0.0,0.0,801.5841440598691,801.5841440598691,0.0,-569517.312149433,-569517.312149433,58226.16096447192,58226.160964471914,58126.16096447192,0.0,100.0,0.0,0.0,58226.160964471914,57050.63121494329,1,0.0,100.0
1146,46593.54387924101,0.0,-465935.43879241013,0.0,10.0,0.0,-0.0,0.1,0.245173327,24.5173327,0.0,0.0,100.0,1.0,0.11,-11.0,-627.0472243555433,627.0472243555433,0.0,-627.0472243555433,627.0472243555433,0.0,-45439.44943052992,45439.44943052992,0.0,0.0,0.0,0.0,0.0,0.0,0.0,0.0,0.0,-465946.43879241013,-465946.43879241013,46693.54387924101,46693.54387924101,46593.54387924101,0.0,100.0,0.0,0.0,46693.54387924101,46693.54387924101,1,0.0,100.0
1147,45066.75755737727,0.0,-450667.5755737727,0.0,10.0,0.0,-0.0,0.1,0.252119263,25.2119263,0.0,0.0,100.0,1.0,0.11,-11.0,-598.955830331786,598.955830331786,0.0,-598.955830331786,598.955830331786,0.0,-43968.8458967137,43968.8458967137,0.0,0.0,0.0,0.0,0.0,0.0,0.0,0.0,0.0,-450678.5755737727,-450678.5755737727,45166.75755737727,45166.75755737727,45066.75755737727,0.0,100.0,0.0,0.0,45166.75755737727,45166.75755737727,1,0.0,100.0
1148,36011.1009906361,0.0,-360111.009906361,0.0,10.0,0.0,-0.0,0.1,0.247276326,24.7276326,0.0,0.0,100.0,1.0,0.11,-11.0,-585.8903949643666,585.8903949643666,0.0,-585.8903949643666,585.8903949643666,0.0,-34939.32020070736,34939.32020070736,0.0,0.0,0.0,0.0,0.0,0.0,0.0,0.0,0.0,-360122.009906361,-360122.009906361,36111.1009906361,36111.1009906361,36011.1009906361,0.0,100.0,0.0,0.0,36111.1009906361,36111.1009906361,1,0.0,100.0
1149,33840.79370869393,0.0,-338407.9370869393,0.0,10.0,0.0,-0.0,0.1,0.248677616,24.867761599999998,0.0,0.0,100.0,1.0,0.11,-11.0,-232.69205553474268,232.69205553474268,0.0,-232.69205553474268,232.69205553474268,0.0,-33475.40959762444,33475.40959762444,0.0,0.0,0.0,0.0,0.0,0.0,0.0,0.0,0.0,-338418.9370869393,-338418.9370869393,33940.79370869393,33940.79370869393,33840.79370869393,0.0,100.0,0.0,0.0,33940.79370869393,33940.79370869393,1,0.0,100.0
1150,21487.60922355679,0.0,-214876.0922355679,0.0,10.0,0.0,-0.0,0.1,0.249441965,24.9441965,0.0,0.0,100.0,1.0,0.11,-11.0,-232.79633691948047,232.79633691948047,0.0,-232.79633691948047,232.79633691948047,0.0,-21122.016549717828,21122.016549717828,0.0,0.0,0.0,0.0,0.0,0.0,0.0,0.0,0.0,-214887.0922355679,-214887.0922355679,21587.60922355679,21587.60922355679,21487.60922355679,0.0,100.0,0.0,0.0,21587.60922355679,21587.60922355679,1,0.0,100.0
1151,18555.704931148382,0.0,-185557.04931148383,0.0,10.0,0.0,-0.0,0.1,0.24049209,24.049208999999998,0.0,0.0,100.0,1.0,0.11,-11.0,-235.80170626909592,235.80170626909592,0.0,-235.80170626909592,235.80170626909592,0.0,-18184.10151861019,18184.10151861019,0.0,0.0,0.0,0.0,0.0,0.0,0.0,0.0,0.0,-185568.04931148383,-185568.04931148383,18655.704931148382,18655.704931148382,18555.704931148382,0.0,100.0,0.0,0.0,18655.704931148382,18655.704931148382,1,0.0,100.0
1152,14844.318524702128,0.0,-148443.1852470213,0.0,10.0,0.0,-0.0,0.1,0.2439293669999999,24.39293669999999,0.0,0.0,100.0,1.0,0.08,-8.0,-232.8373646657313,232.8373646657313,0.0,-232.8373646657313,232.8373646657313,0.0,-14478.643795370666,14478.643795370666,0.0,0.0,0.0,0.0,0.0,0.0,0.0,0.0,0.0,-148451.1852470213,-148451.1852470213,14944.318524702128,14944.318524702128,14844.318524702128,0.0,100.0,0.0,0.0,14944.318524702128,14944.318524702128,1,0.0,100.0
1153,14868.327162065883,0.0,-148683.27162065884,0.0,10.0,0.0,-0.0,0.1,0.2491178919999999,24.91178919999999,0.0,0.0,100.0,1.0,0.08,-8.0,-232.84513129472973,232.84513129472973,0.0,-232.84513129472973,232.84513129472973,0.0,-14502.636899476423,14502.636899476423,0.0,0.0,0.0,0.0,0.0,0.0,0.0,0.0,0.0,-148691.27162065884,-148691.27162065884,14968.327162065883,14968.327162065883,14868.327162065883,0.0,100.0,0.0,0.0,14968.327162065883,14968.327162065883,1,0.0,100.0
1154,14844.953201077402,0.0,-148449.532010774,0.0,10.0,0.0,-0.0,0.1,0.253757976,25.3757976,0.0,0.0,100.0,1.0,0.08,-8.0,-232.7927336729227,232.7927336729227,0.0,-232.7927336729227,232.7927336729227,0.0,-14479.367733731557,14479.367733731557,0.0,0.0,0.0,0.0,0.0,0.0,0.0,0.0,0.0,-148457.532010774,-148457.532010774,14944.953201077402,14944.953201077402,14844.953201077402,0.0,100.0,0.0,0.0,14944.953201077402,14944.953201077402,1,0.0,100.0
1155,14869.55140393935,0.0,-148695.51403939349,0.0,10.0,0.0,-0.0,0.1,0.271059129,27.1059129,0.0,0.0,100.0,1.0,0.08,-8.0,-232.7616543533448,232.7616543533448,0.0,-232.7616543533448,232.7616543533448,0.0,-14504.02809523266,14504.02809523266,0.0,0.0,0.0,0.0,0.0,0.0,0.0,0.0,0.0,-148703.51403939349,-148703.51403939349,14969.55140393935,14969.55140393935,14869.55140393935,0.0,100.0,0.0,0.0,14969.55140393935,14969.55140393935,1,0.0,100.0
1156,15586.953725611396,0.0,-155869.53725611395,0.0,10.0,0.0,-0.0,0.1,0.273388753,27.338875299999998,0.0,0.0,100.0,1.0,0.08,-8.0,-233.72776937633128,233.72776937633128,0.0,-233.72776937633128,233.72776937633128,0.0,-15219.498186858733,15219.498186858733,0.0,0.0,0.0,0.0,0.0,0.0,0.0,0.0,0.0,-155877.53725611395,-155877.53725611395,15686.953725611396,15686.953725611396,15586.953725611396,0.0,100.0,0.0,0.0,15686.953725611396,15686.953725611396,1,0.0,100.0
1157,17785.035841590598,0.0,-177850.35841590597,0.0,10.0,0.0,-0.0,0.1,0.263597362,26.3597362,0.0,0.0,100.0,1.0,0.11,-11.0,-233.69856921284705,233.69856921284705,0.0,-233.69856921284705,233.69856921284705,0.0,-17417.638703164903,17417.638703164903,0.0,0.0,0.0,0.0,0.0,0.0,0.0,0.0,0.0,-177861.35841590597,-177861.35841590597,17885.035841590598,17885.035841590598,17785.035841590598,0.0,100.0,0.0,0.0,17885.035841590598,17885.035841590598,1,0.0,100.0
1158,25222.014006894788,0.0,-252220.14006894786,0.0,10.0,0.0,-0.0,0.1,0.240756278,24.0756278,0.0,0.0,100.0,1.0,0.11,-11.0,-233.7340473167088,233.7340473167088,0.0,-233.7340473167088,233.7340473167088,0.0,-24854.54591226137,24854.54591226137,0.0,0.0,0.0,0.0,0.0,0.0,0.0,0.0,0.0,-252231.14006894786,-252231.14006894786,25322.014006894788,25322.014006894788,25222.014006894788,0.0,100.0,0.0,0.0,25322.014006894788,25322.014006894788,1,0.0,100.0
1159,20239.968244838612,0.0,-202399.68244838613,0.0,10.0,0.0,-0.0,0.1,0.23509488,23.509488,0.0,0.0,100.0,1.0,0.11,-11.0,-197.55110610943177,197.55110610943177,0.0,-197.55110610943177,197.55110610943177,0.0,-24360.75973832273,24360.75973832273,0.0,0.0,2729.802919921875,2729.802919921875,0.0,0.0,1686.0907857811042,1686.0907857811042,0.0,-202410.68244838613,-202410.68244838613,24755.86195054159,24755.86195054159,24655.86195054159,0.0,100.0,0.0,0.0,24755.86195054159,20339.968244838612,1,0.0,100.0
1160,24691.205915897044,0.0,-246912.05915897043,0.0,10.0,0.0,-0.0,0.1,0.22828735,22.828735,0.0,0.0,100.0,1.0,0.11,-11.0,-197.5962504171733,197.5962504171733,0.0,-197.5962504171733,197.5962504171733,0.0,-39389.92803733673,39389.92803733673,0.0,0.0,8525.9598046875,8525.9598046875,0.0,0.0,6467.95481758653,6467.95481758653,0.0,-246923.05915897043,-246923.05915897043,39785.120538171075,39785.120538171075,39685.120538171075,0.0,100.0,0.0,0.0,39785.120538171075,24791.205915897044,1,0.0,100.0
1161,14282.890436997477,0.0,-142828.90436997477,0.0,10.0,0.0,-0.0,0.1,0.220356838,22.0356838,0.0,0.0,100.0,1.0,0.11,-11.0,-197.8407050220123,197.8407050220123,0.0,-197.8407050220123,197.8407050220123,0.0,-37128.52974969192,37128.52974969192,0.0,0.0,11255.762724609374,11255.762724609374,0.0,0.0,11885.557998129094,11885.557998129094,0.0,-142839.90436997477,-142839.90436997477,37524.21115973595,37524.21115973595,37424.21115973595,0.0,100.0,0.0,0.0,37524.21115973595,14382.890436997477,1,0.0,100.0
1162,7811.92503993916,0.0,-78119.2503993916,0.0,10.0,0.0,-0.0,0.1,0.2198305019999999,21.98305019999999,0.0,0.0,100.0,1.0,0.11,-11.0,-197.9709000240946,197.9709000240946,0.0,-197.9709000240946,197.9709000240946,0.0,-34140.0488644068,34140.0488644068,0.0,0.0,11255.762724609374,11255.762724609374,0.0,0.0,15368.302899906455,15368.302899906455,0.0,-78130.2503993916,-78130.2503993916,34535.99066445499,34535.99066445499,34435.99066445499,0.0,100.0,0.0,0.0,34535.99066445499,7911.92503993916,1,0.0,100.0
1163,1150.9639096511673,0.0,-11509.639096511673,0.0,10.0,0.0,-0.0,0.1,0.227974537,22.797453700000002,0.0,0.0,100.0,1.0,0.11,-11.0,-200.90590861632973,200.90590861632973,0.0,-200.90590861632973,200.90590861632973,0.0,-34196.2949554458,34196.2949554458,0.0,0.0,14247.327568359377,14247.327568359377,0.0,0.0,19099.81529466792,19099.81529466792,0.0,-11520.639096511673,-11520.639096511673,34598.10677267846,34598.10677267846,34498.10677267846,0.0,100.0,0.0,0.0,34598.10677267846,1250.9639096511673,1,0.0,100.0
1164,1565.5157517609587,0.0,-15655.157517609587,0.0,10.0,0.0,-0.0,0.1,0.235141241,23.5141241,0.0,0.0,100.0,1.0,0.11,-11.0,-198.09196397863823,198.09196397863823,0.0,-198.09196397863823,198.09196397863823,0.0,-34255.55513164652,34255.55513164652,0.0,0.0,13499.436357421877,13499.436357421877,0.0,0.0,19486.78695042096,19486.78695042096,0.0,-15666.157517609587,-15666.157517609587,34651.7390596038,34651.739059603795,34551.7390596038,0.0,100.0,0.0,0.0,34651.739059603795,1665.515751760955,1,0.0,100.0
1165,0.0,0.0,-0.0,55.55555555555556,10.0,0.0,-0.0,0.1,0.242486423,0.0,0.0,100.0,0.0,1.0,0.11,0.0,-198.28118149492863,198.28118149492863,0.0,-198.28118149492863,198.28118149492863,0.0,-34253.72337817324,34253.72337817324,0.0,0.0,19407.776923828125,19407.776923828125,0.0,3259.497600916773,18657.5619738073,15398.064372890527,0.0,0.0,0.0,34805.84129671865,34805.84129671865,34805.84129671865,0.0,0.0,155.55555555555475,0.0,34650.2857411631,-3415.053156472328,1,-55.55555555555556,-100.0
1166,0.0,0.0,-0.0,44.44444444444444,60.0,0.0,-0.0,0.6,0.255174845,0.0,0.0,100.0,0.0,1.0,0.08,0.0,-198.3703528930963,198.3703528930963,0.0,-198.3703528930963,198.3703528930963,0.0,-19107.233721138626,19107.233721138626,0.0,0.0,16229.23927734375,16229.23927734375,0.0,12419.017459295348,15838.197053320862,3419.1795940255142,0.0,0.0,0.0,19648.418871369264,19648.418871369264,19648.418871369264,0.0,0.0,144.44444444444525,0.0,19503.97442692482,-12563.461903739793,1,-44.44444444444444,-100.0
1167,0.0,0.0,-0.0,0.0,100.0,-0.0,-0.0,1.0,0.258458012,0.0,0.0,100.0,0.0,1.0,0.08,0.0,-198.3032981382828,198.3032981382828,0.0,-198.3032981382828,198.3032981382828,0.0,-19044.66758454499,19044.66758454499,0.0,0.0,9834.769423828126,9834.769423828126,0.0,1709.1590877212602,11415.663844714689,9706.504756993429,0.0,0.0,0.0,19541.274180821554,19541.274180821554,19541.274180821554,0.0,0.0,100.0,0.0,19441.274180821554,-1809.159087721262,1,-0.0,-100.0
1168,12176.852798790602,0.0,-121768.52798790601,0.0,100.0,45.0,-0.0,1.0,0.219249143,21.9249143,0.0,0.0,100.0,1.0,0.08,-8.0,-197.82649844127167,197.82649844127167,0.0,-197.82649844127167,197.82649844127167,0.0,-22010.021293682647,22010.021293682647,0.0,0.0,4113.40166015625,4113.40166015625,0.0,0.0,5970.419831618336,5970.419831618336,0.0,-121776.52798790601,-121776.52798790601,22405.674290565188,22405.674290565188,22260.674290565188,0.0,145.0,0.0,0.0,22405.674290565188,12321.852798790602,1,45.0,100.0
1169,21063.686099209357,0.0,-210636.86099209357,0.0,50.0,36.0,-0.0,0.5,0.204249,20.4249,0.0,0.0,100.0,1.0,0.11,-11.0,-197.7735559976728,197.7735559976728,0.0,-197.7735559976728,197.7735559976728,0.0,-22311.35872738809,22311.35872738809,0.0,0.0,373.94560546875,373.94560546875,0.0,0.0,1133.2741347053322,1133.2741347053322,0.0,-210647.86099209357,-210647.86099209357,22706.90583938344,22706.90583938344,22570.90583938344,0.0,136.0,0.0,0.0,22706.90583938344,21199.686099209357,1,36.0,100.0
1170,21402.86946617949,0.0,-214028.6946617949,0.0,10.0,0.0,-0.0,0.1,0.1881384069999999,18.81384069999999,0.0,0.0,100.0,1.0,0.11,-11.0,-233.56099344664327,233.56099344664327,0.0,-233.56099344664327,233.56099344664327,0.0,-21035.747479286205,21035.747479286205,0.0,0.0,0.0,0.0,0.0,0.0,0.0,0.0,0.0,-214039.6946617949,-214039.6946617949,21502.86946617949,21502.86946617949,21402.86946617949,0.0,100.0,0.0,0.0,21502.86946617949,21502.86946617949,1,0.0,100.0
1171,19926.980689131335,0.0,-199269.80689131335,0.0,10.0,0.0,-0.0,0.1,0.178491385,17.8491385,0.0,0.0,100.0,1.0,0.11,-11.0,-234.56696941605804,234.56696941605804,0.0,-234.56696941605804,234.56696941605804,0.0,-19557.846750299217,19557.846750299217,0.0,0.0,0.0,0.0,0.0,0.0,0.0,0.0,0.0,-199280.80689131335,-199280.80689131335,20026.980689131335,20026.980689131335,19926.980689131335,0.0,100.0,0.0,0.0,20026.980689131335,20026.980689131335,1,0.0,100.0
1172,19926.57932285891,0.0,-199265.79322858911,0.0,10.0,0.0,-0.0,0.1,0.171287949,17.1287949,0.0,0.0,100.0,1.0,0.11,-11.0,-234.36628930283115,234.36628930283115,0.0,-234.36628930283115,234.36628930283115,0.0,-19557.84674425325,19557.84674425325,0.0,0.0,0.0,0.0,0.0,0.0,0.0,0.0,0.0,-199276.79322858911,-199276.79322858911,20026.57932285891,20026.57932285891,19926.57932285891,0.0,100.0,0.0,0.0,20026.57932285891,20026.57932285891,1,0.0,100.0
1173,18563.9510117489,0.0,-185639.510117489,0.0,10.0,0.0,-0.0,0.1,0.18274166,18.274166,0.0,0.0,100.0,1.0,0.11,-11.0,-233.67397875804969,233.67397875804969,0.0,-233.67397875804969,233.67397875804969,0.0,-18196.6030542328,18196.6030542328,0.0,0.0,0.0,0.0,0.0,0.0,0.0,0.0,0.0,-185650.510117489,-185650.510117489,18663.9510117489,18663.9510117489,18563.9510117489,0.0,100.0,0.0,0.0,18663.9510117489,18663.9510117489,1,0.0,100.0
1174,17061.19137981372,0.0,-170611.91379813722,0.0,10.0,0.0,-0.0,0.1,0.210157784,21.0157784,0.0,0.0,100.0,1.0,0.11,-11.0,-232.9044790450785,232.9044790450785,0.0,-232.9044790450785,232.9044790450785,0.0,-16695.382421723563,16695.382421723563,0.0,0.0,0.0,0.0,0.0,0.0,0.0,0.0,0.0,-170622.91379813722,-170622.91379813722,17161.19137981372,17161.19137981372,17061.19137981372,0.0,100.0,0.0,0.0,17161.19137981372,17161.19137981372,1,0.0,100.0
1175,15612.670862249119,0.0,-156126.7086224912,0.0,10.0,0.0,-0.0,0.1,0.207244097,20.7244097,0.0,0.0,100.0,1.0,0.11,-11.0,-235.76070254002587,235.76070254002587,0.0,-235.76070254002587,235.76070254002587,0.0,-15241.149457169067,15241.149457169067,0.0,0.0,0.0,0.0,0.0,0.0,0.0,0.0,0.0,-156137.7086224912,-156137.7086224912,15712.670862249119,15712.670862249119,15612.670862249119,0.0,100.0,0.0,0.0,15712.670862249119,15712.670862249119,1,0.0,100.0
1176,14844.64259583539,0.0,-148446.4259583539,0.0,10.0,0.0,-0.0,0.1,0.232237426,23.2237426,0.0,0.0,100.0,1.0,0.08,-8.0,-232.86959024081867,232.86959024081867,0.0,-232.86959024081867,232.86959024081867,0.0,-14478.903415353752,14478.903415353752,0.0,0.0,0.0,0.0,0.0,0.0,0.0,0.0,0.0,-148454.4259583539,-148454.4259583539,14944.64259583539,14944.64259583539,14844.64259583539,0.0,100.0,0.0,0.0,14944.64259583539,14944.64259583539,1,0.0,100.0
1177,14868.472305634683,0.0,-148684.72305634682,0.0,10.0,0.0,-0.0,0.1,0.2305274939999999,23.05274939999999,0.0,0.0,100.0,1.0,0.08,-8.0,-232.8546647764896,232.8546647764896,0.0,-232.8546647764896,232.8546647764896,0.0,-14502.762976081704,14502.762976081704,0.0,0.0,0.0,0.0,0.0,0.0,0.0,0.0,0.0,-148692.72305634682,-148692.72305634682,14968.472305634683,14968.472305634683,14868.472305634683,0.0,100.0,0.0,0.0,14968.472305634683,14968.472305634683,1,0.0,100.0
1178,14845.052120905191,0.0,-148450.52120905192,0.0,10.0,0.0,-0.0,0.1,0.233013849,23.3013849,0.0,0.0,100.0,1.0,0.08,-8.0,-232.86424323816087,232.86424323816087,0.0,-232.86424323816087,232.86424323816087,0.0,-14479.323634428869,14479.323634428869,0.0,0.0,0.0,0.0,0.0,0.0,0.0,0.0,0.0,-148458.52120905192,-148458.52120905192,14945.052120905191,14945.052120905191,14845.052120905191,0.0,100.0,0.0,0.0,14945.052120905191,14945.052120905191,1,0.0,100.0
1179,14869.525595020225,0.0,-148695.25595020223,0.0,10.0,0.0,-0.0,0.1,0.236683495,23.668349499999998,0.0,0.0,100.0,1.0,0.08,-8.0,-232.87105683698087,232.87105683698087,0.0,-232.87105683698087,232.87105683698087,0.0,-14503.783481346263,14503.783481346263,0.0,0.0,0.0,0.0,0.0,0.0,0.0,0.0,0.0,-148703.25595020223,-148703.25595020223,14969.525595020225,14969.525595020225,14869.525595020225,0.0,100.0,0.0,0.0,14969.525595020225,14969.525595020225,1,0.0,100.0
1180,16235.084612917151,0.0,-162350.84612917152,0.0,10.0,0.0,-0.0,0.1,0.226231605,22.6231605,0.0,0.0,100.0,1.0,0.08,-8.0,-233.89084812466965,233.89084812466965,0.0,-233.89084812466965,233.89084812466965,0.0,-15867.302916667812,15867.302916667812,0.0,0.0,0.0,0.0,0.0,0.0,0.0,0.0,0.0,-162358.84612917152,-162358.84612917152,16335.084612917151,16335.084612917151,16235.084612917151,0.0,100.0,0.0,0.0,16335.084612917151,16335.084612917151,1,0.0,100.0
1181,17783.918101321877,0.0,-177839.18101321877,0.0,10.0,0.0,-0.0,0.1,0.228519098,22.8519098,0.0,0.0,100.0,1.0,0.11,-11.0,-233.81887005704272,233.81887005704272,0.0,-233.81887005704272,233.81887005704272,0.0,-17416.28036120779,17416.28036120779,0.0,0.0,0.0,0.0,0.0,0.0,0.0,0.0,0.0,-177850.18101321877,-177850.18101321877,17883.918101321877,17883.918101321877,17783.918101321877,0.0,100.0,0.0,0.0,17883.918101321877,17883.918101321877,1,0.0,100.0
1182,19914.149115425433,0.0,-199141.49115425433,0.0,10.0,0.0,-0.0,0.1,0.213037091,21.303709100000003,0.0,0.0,100.0,1.0,0.11,-11.0,-233.84592068286364,233.84592068286364,0.0,-233.84592068286364,233.84592068286364,0.0,-19546.457274059707,19546.457274059707,0.0,0.0,0.0,0.0,0.0,0.0,0.0,0.0,0.0,-199152.49115425433,-199152.49115425433,20014.149115425433,20014.149115425433,19914.149115425433,0.0,100.0,0.0,0.0,20014.149115425433,20014.149115425433,1,0.0,100.0
1183,15197.662703277916,0.0,-151976.62703277916,0.0,10.0,0.0,-0.0,0.1,0.211829331,21.1829331,0.0,0.0,100.0,1.0,0.11,-11.0,-197.68367768266512,197.68367768266512,0.0,-197.68367768266512,197.68367768266512,0.0,-18287.34487255777,18287.34487255777,0.0,0.0,2804.592041015625,2804.592041015625,0.0,0.0,580.4574836295604,580.4574836295604,0.0,-151987.62703277916,-151987.62703277916,18682.7122279231,18682.7122279231,18582.7122279231,0.0,100.0,0.0,0.0,18682.7122279231,15297.662703277914,1,0.0,100.0
1184,6383.326478788973,0.0,-63833.264787889726,0.0,10.0,0.0,-0.0,0.1,0.2211501669999999,22.11501669999999,0.0,0.0,100.0,1.0,0.11,-11.0,-197.72635529206576,197.72635529206576,0.0,-197.72635529206576,197.72635529206576,0.0,-18031.51146212878,18031.51146212878,0.0,0.0,9124.2727734375,9124.2727734375,0.0,0.0,2819.3649204864364,2819.3649204864364,0.0,-63844.264787889726,-63844.264787889726,18426.96417271291,18426.96417271291,18326.96417271291,0.0,100.0,0.0,0.0,18426.96417271291,6483.326478788973,1,0.0,100.0
1185,0.0,0.0,-0.0,55.55555555555556,10.0,0.0,-0.0,0.1,0.228076271,0.0,0.0,100.0,0.0,1.0,0.11,0.0,-197.84939484800148,197.84939484800148,0.0,-197.84939484800148,197.84939484800148,0.0,-15838.428248292355,15838.428248292355,0.0,0.0,15144.797021484375,15144.797021484375,0.0,3481.696794638313,4726.5823666978495,1244.8855720595366,0.0,0.0,0.0,16389.682593543912,16389.682593543912,16389.682593543912,0.0,0.0,155.55555555555293,0.0,16234.127037988359,-3637.252350193865,1,-55.55555555555556,-100.0
1186,0.0,0.0,-0.0,44.44444444444444,60.0,0.0,-0.0,0.6,0.236978833,0.0,0.0,100.0,0.0,1.0,0.11,0.0,-197.91148223060927,197.91148223060927,0.0,-197.91148223060927,197.91148223060927,0.0,-12858.17098210872,12858.17098210872,0.0,5448.420124610617,18846.858515625,13398.438391014384,0.0,11001.05135640786,11001.05135640786,0.0,0.0,0.0,0.0,13398.438391014384,13398.438391014384,13398.438391014384,0.0,0.0,144.44444444444525,0.0,13253.993946569939,-16593.915925462923,1,-44.44444444444444,-100.0
1187,0.0,0.0,-0.0,0.0,100.0,-0.0,-0.0,1.0,0.255541921,0.0,0.0,100.0,0.0,1.0,0.11,0.0,-200.84358905369544,200.84358905369544,0.0,-200.84358905369544,200.84358905369544,0.0,-12881.578745662033,12881.578745662033,0.0,6809.796771543075,20193.0626953125,13383.265923769424,0.0,13184.677128157158,13184.677128157158,0.0,0.0,0.0,0.0,13383.265923769424,13383.265923769424,13383.265923769424,0.0,0.0,100.0,0.0,13283.265923769424,-20094.473899700235,1,-0.0,-100.0
1188,0.0,0.0,-0.0,0.0,100.0,-0.0,-0.0,1.0,0.252960678,0.0,0.0,100.0,0.0,1.0,0.11,0.0,-198.1075806691406,198.1075806691406,0.0,-198.1075806691406,198.1075806691406,0.0,-12857.73462029462,12857.73462029462,0.0,9531.521273054599,22885.4710546875,13353.9497816329,0.0,14456.155425631434,14456.155425631434,0.0,0.0,0.0,0.0,13353.9497816329,13353.9497816329,13353.9497816329,0.0,0.0,100.0,0.0,13253.9497816329,-24087.67669868603,1,-0.0,-100.0
1189,0.0,0.0,-0.0,0.0,100.0,-0.0,-0.0,1.0,0.25161909,0.0,0.0,100.0,0.0,1.0,0.11,0.0,-198.4025083832055,198.4025083832055,0.0,-198.4025083832055,198.4025083832055,0.0,-12881.2739622856,12881.2739622856,0.0,5880.119702588612,19258.198681640624,13378.078979052012,0.0,16584.499532273156,16584.499532273156,0.0,0.0,0.0,0.0,13378.078979052012,13378.078979052012,13378.078979052012,0.0,0.0,100.0,0.0,13278.078979052012,-22564.61923486177,1,-0.0,-100.0
1190,0.0,0.0,-0.0,0.0,100.0,-0.0,-0.0,1.0,0.260006968,0.0,0.0,100.0,0.0,1.0,0.08,0.0,-222.1691830912836,222.1691830912836,0.0,-222.1691830912836,222.1691830912836,0.0,-12857.655805034155,12857.655805034155,0.0,1630.6191686270267,15032.613339843749,13401.994171216722,0.0,14152.10626753976,14152.10626753976,0.0,0.0,0.0,0.0,13401.994171216722,13401.994171216722,13401.994171216722,0.0,0.0,100.0,0.0,13301.994171216722,-15882.725436166786,1,-0.0,-100.0
1191,0.0,0.0,-0.0,0.0,100.0,-0.0,-0.0,1.0,0.267571326,0.0,0.0,100.0,0.0,1.0,0.08,0.0,-248.1239735820931,248.1239735820931,0.0,-248.1239735820931,248.1239735820931,0.0,-12881.236888399657,12881.236888399657,0.0,0.0,10881.817119140624,10881.817119140624,0.0,8433.02447253843,11028.692188961648,2595.6677164232187,0.0,0.0,0.0,13477.484835563842,13477.484835563842,13477.484835563842,0.0,0.0,100.0,0.0,13377.484835563842,-8533.02447253843,1,-0.0,-100.0
1192,6550.2948239736525,0.0,-65502.94823973652,0.0,100.0,45.0,-0.0,1.0,0.270291456,27.0291456,0.0,0.0,100.0,1.0,0.08,-8.0,-198.2212913914529,198.2212913914529,0.0,-198.2212913914529,198.2212913914529,0.0,-15813.59032875433,15813.59032875433,0.0,0.0,4262.97990234375,4262.97990234375,0.0,0.0,5251.758185219833,5251.758185219833,0.0,-65510.94823973652,-65510.94823973652,16210.032911537235,16210.032911537235,16065.032911537235,0.0,145.0,0.0,0.0,16210.032911537235,6695.2948239736525,1,45.0,100.0
1193,19417.454883225782,0.0,-194174.54883225783,0.0,50.0,36.0,-0.0,0.5,0.2741294019999999,27.41294019999999,0.0,0.0,100.0,1.0,0.11,-11.0,-198.0705350885898,198.0705350885898,0.0,-198.0705350885898,198.0705350885898,0.0,-20636.892720668897,20636.892720668897,0.0,0.0,373.94560546875,373.94560546875,0.0,0.0,1105.6333021515436,1105.6333021515436,0.0,-194185.54883225783,-194185.54883225783,21033.033790846075,21033.033790846075,20897.033790846075,0.0,136.0,0.0,0.0,21033.033790846075,19553.454883225782,1,36.0,100.0
1194,21497.49126406808,0.0,-214974.91264068082,0.0,10.0,0.0,-0.0,0.1,0.258953128,25.8953128,0.0,0.0,100.0,1.0,0.11,-11.0,-233.8075071272215,233.8075071272215,0.0,-233.8075071272215,233.8075071272215,0.0,-21129.87624981364,21129.87624981364,0.0,0.0,0.0,0.0,0.0,0.0,0.0,0.0,0.0,-214985.91264068082,-214985.91264068082,21597.49126406808,21597.49126406808,21497.49126406808,0.0,100.0,0.0,0.0,21597.49126406808,21597.49126406808,1,0.0,100.0
1195,20045.398732482205,0.0,-200453.98732482205,0.0,10.0,0.0,-0.0,0.1,0.273778969,27.3778969,0.0,0.0,100.0,1.0,0.11,-11.0,-234.8212512319387,234.8212512319387,0.0,-234.8212512319387,234.8212512319387,0.0,-19675.756230018327,19675.756230018327,0.0,0.0,0.0,0.0,0.0,0.0,0.0,0.0,0.0,-200464.98732482205,-200464.98732482205,20145.398732482205,20145.398732482205,20045.398732482205,0.0,100.0,0.0,0.0,20145.398732482205,20145.398732482205,1,0.0,100.0
1196,20021.543970734252,0.0,-200215.43970734254,0.0,10.0,0.0,-0.0,0.1,0.280815625,28.0815625,0.0,0.0,100.0,1.0,0.11,-11.0,-234.64216582772664,234.64216582772664,0.0,-234.64216582772664,234.64216582772664,0.0,-19652.2596390788,19652.2596390788,0.0,0.0,0.0,0.0,0.0,0.0,0.0,0.0,0.0,-200226.43970734254,-200226.43970734254,20121.543970734252,20121.543970734252,20021.543970734252,0.0,100.0,0.0,0.0,20121.543970734252,20121.543970734252,1,0.0,100.0
1197,18566.525211365006,0.0,-185665.25211365006,0.0,10.0,0.0,-0.0,0.1,0.285106957,28.5106957,0.0,0.0,100.0,1.0,0.11,-11.0,-233.9727076302826,233.9727076302826,0.0,-233.9727076302826,233.9727076302826,0.0,-18198.57979610444,18198.57979610444,0.0,0.0,0.0,0.0,0.0,0.0,0.0,0.0,0.0,-185676.25211365006,-185676.25211365006,18666.525211365006,18666.525211365006,18566.525211365006,0.0,100.0,0.0,0.0,18666.525211365006,18666.525211365006,1,0.0,100.0
1198,17063.094276816235,0.0,-170630.94276816235,0.0,10.0,0.0,-0.0,0.1,0.296091943,29.609194300000002,0.0,0.0,100.0,1.0,0.11,-11.0,-233.0983977780244,233.0983977780244,0.0,-233.0983977780244,233.0983977780244,0.0,-16696.897481260185,16696.897481260185,0.0,0.0,0.0,0.0,0.0,0.0,0.0,0.0,0.0,-170641.94276816235,-170641.94276816235,17163.094276816235,17163.094276816235,17063.094276816235,0.0,100.0,0.0,0.0,17163.094276816235,17163.094276816235,1,0.0,100.0
1199,15614.958750655234,0.0,-156149.58750655234,0.0,10.0,0.0,-0.0,0.1,0.284206828,28.4206828,0.0,0.0,100.0,1.0,0.11,-11.0,-235.8770586250713,235.8770586250713,0.0,-235.8770586250713,235.8770586250713,0.0,-15243.204633405092,15243.204633405092,0.0,0.0,0.0,0.0,0.0,0.0,0.0,0.0,0.0,-156160.58750655234,-156160.58750655234,15714.958750655234,15714.958750655234,15614.958750655234,0.0,100.0,0.0,0.0,15714.958750655234,15714.958750655234,1,0.0,100.0
1200,14846.243272716401,0.0,-148462.432727164,0.0,10.0,0.0,-0.0,0.1,0.274774808,27.4774808,0.0,0.0,100.0,1.0,0.08,-8.0,-232.93598121766533,232.93598121766533,0.0,-232.93598121766533,232.93598121766533,0.0,-14480.37131028107,14480.37131028107,0.0,0.0,0.0,0.0,0.0,0.0,0.0,0.0,0.0,-148470.432727164,-148470.432727164,14946.243272716401,14946.243272716401,14846.243272716401,0.0,100.0,0.0,0.0,14946.243272716401,14946.243272716401,1,0.0,100.0
1201,15984.101650859055,0.0,-159841.01650859055,0.0,10.0,0.0,-0.0,0.1,0.273072,27.307199999999998,0.0,0.0,100.0,1.0,0.08,-8.0,-232.868252308124,232.868252308124,0.0,-232.868252308124,232.868252308124,0.0,-15618.365146242806,15618.365146242806,0.0,0.0,0.0,0.0,0.0,0.0,0.0,0.0,0.0,-159849.01650859055,-159849.01650859055,16084.101650859055,16084.101650859055,15984.101650859055,0.0,100.0,0.0,0.0,16084.101650859055,16084.101650859055,1,0.0,100.0
1202,15774.80635817839,0.0,-157748.0635817839,0.0,10.0,0.0,-0.0,0.1,0.272437928,27.2437928,0.0,0.0,100.0,1.0,0.08,-8.0,-232.85428807496183,232.85428807496183,0.0,-232.85428807496183,232.85428807496183,0.0,-15409.097782028466,15409.097782028466,0.0,0.0,0.0,0.0,0.0,0.0,0.0,0.0,0.0,-157756.0635817839,-157756.0635817839,15874.80635817839,15874.80635817839,15774.80635817839,0.0,100.0,0.0,0.0,15874.80635817839,15874.80635817839,1,0.0,100.0
1203,16031.417042348166,0.0,-160314.17042348167,0.0,10.0,0.0,-0.0,0.1,0.2778348419999999,27.783484199999993,0.0,0.0,100.0,1.0,0.08,-8.0,-232.8348310623872,232.8348310623872,0.0,-232.8348310623872,232.8348310623872,0.0,-15665.747380223393,15665.747380223393,0.0,0.0,0.0,0.0,0.0,0.0,0.0,0.0,0.0,-160322.17042348167,-160322.17042348167,16131.417042348166,16131.417042348166,16031.417042348166,0.0,100.0,0.0,0.0,16131.417042348166,16131.417042348166,1,0.0,100.0
1204,16516.43234776586,0.0,-165164.32347765862,0.0,10.0,0.0,-0.0,0.1,0.278628718,27.8628718,0.0,0.0,100.0,1.0,0.08,-8.0,-233.8125286008461,233.8125286008461,0.0,-233.8125286008461,233.8125286008461,0.0,-16148.80729056417,16148.80729056417,0.0,0.0,0.0,0.0,0.0,0.0,0.0,0.0,0.0,-165172.32347765862,-165172.32347765862,16616.43234776586,16616.43234776586,16516.43234776586,0.0,100.0,0.0,0.0,16616.43234776586,16616.43234776586,1,0.0,100.0
1205,18251.8963366966,0.0,-182518.96336696603,0.0,10.0,0.0,-0.0,0.1,0.2660008,26.60008,0.0,0.0,100.0,1.0,0.11,-11.0,-233.73619564096057,233.73619564096057,0.0,-233.73619564096057,233.73619564096057,0.0,-17884.42394541468,17884.42394541468,0.0,0.0,0.0,0.0,0.0,0.0,0.0,0.0,0.0,-182529.96336696603,-182529.96336696603,18351.8963366966,18351.8963366966,18251.8963366966,0.0,100.0,0.0,0.0,18351.8963366966,18351.8963366966,1,0.0,100.0
1206,19401.062967613274,0.0,-194010.62967613275,0.0,10.0,0.0,-0.0,0.1,0.250329888,25.0329888,0.0,0.0,100.0,1.0,0.11,-11.0,-233.7647841194917,233.7647841194917,0.0,-233.7647841194917,233.7647841194917,0.0,-19033.53339937429,19033.53339937429,0.0,0.0,0.0,0.0,0.0,0.0,0.0,0.0,0.0,-194021.62967613275,-194021.62967613275,19501.062967613274,19501.062967613274,19401.062967613274,0.0,100.0,0.0,0.0,19501.062967613274,19501.062967613274,1,0.0,100.0
1207,16297.580570195934,0.0,-162975.80570195935,0.0,10.0,0.0,-0.0,0.1,0.25315596,25.315596000000003,0.0,0.0,100.0,1.0,0.11,-11.0,-197.60749878420629,197.60749878420629,0.0,-197.60749878420629,197.60749878420629,0.0,-19218.329399099035,19218.329399099035,0.0,0.0,2580.224677734375,2580.224677734375,0.0,0.0,635.7391487371376,635.7391487371376,0.0,-162986.80570195935,-162986.80570195935,19613.544396667447,19613.544396667447,19513.544396667447,0.0,100.0,0.0,0.0,19613.544396667447,16397.580570195933,1,0.0,100.0
1208,6955.3317733348795,0.0,-69553.3177333488,0.0,10.0,0.0,-0.0,0.1,0.25372406,25.372405999999998,0.0,0.0,100.0,1.0,0.11,-11.0,-197.64611786666217,197.64611786666217,0.0,-197.64611786666217,197.64611786666217,0.0,-18959.767351873805,18959.767351873805,0.0,0.0,8899.90541015625,8899.90541015625,0.0,0.0,3399.822404115997,3399.822404115997,0.0,-69564.3177333488,-69564.3177333488,19355.059587607127,19355.059587607127,19255.059587607127,0.0,100.0,0.0,0.0,19355.059587607127,7055.3317733348795,1,0.0,100.0
1209,1367.5128055748028,0.0,-13675.128055748028,0.0,10.0,0.0,-0.0,0.1,0.2521360119999999,25.213601199999992,0.0,0.0,100.0,1.0,0.11,-11.0,-197.78646857958563,197.78646857958563,0.0,-197.78646857958563,197.78646857958563,0.0,-15839.803537102418,15839.803537102418,0.0,0.0,9460.823818359377,9460.823818359377,0.0,0.0,5307.03985032741,5307.03985032741,0.0,-13686.128055748028,-13686.128055748028,16235.37647426159,16235.37647426159,16135.37647426159,0.0,100.0,0.0,0.0,16235.37647426159,1467.5128055748028,1,0.0,100.0
1210,0.0,0.0,-0.0,55.55555555555556,10.0,0.0,-0.0,0.1,0.250144624,0.0,0.0,100.0,0.0,1.0,0.11,0.0,-197.8419144167648,197.8419144167648,0.0,-197.8419144167648,197.8419144167648,0.0,-12858.942713859758,12858.942713859758,0.0,351.0161830011566,13761.19828125,13410.182098248843,0.0,7463.024789522919,7463.024789522919,0.0,0.0,0.0,0.0,13410.182098248843,13410.182098248843,13410.182098248843,0.0,0.0,155.55555555555475,0.0,13254.626542693288,-7969.59652807963,1,-55.55555555555556,-100.0
1211,0.0,0.0,-0.0,44.44444444444444,60.0,0.0,-0.0,0.6,0.260804981,0.0,0.0,100.0,0.0,1.0,0.11,0.0,-200.7684280820129,200.7684280820129,0.0,-200.7684280820129,200.7684280820129,0.0,-12882.596602791882,12882.596602791882,0.0,295.22581730277125,13723.803720703125,13428.577903400354,0.0,6744.363143124417,6744.363143124417,0.0,0.0,0.0,0.0,13428.577903400354,13428.577903400354,13428.577903400354,0.0,0.0,144.44444444444525,0.0,13284.133458955908,-7184.033404871632,1,-44.44444444444444,-100.0
1212,0.0,0.0,-0.0,0.0,100.0,-0.0,-0.0,1.0,0.249855573,0.0,0.0,100.0,0.0,1.0,0.11,0.0,-198.00697633985703,198.00697633985703,0.0,-198.00697633985703,198.00697633985703,0.0,-12858.481557524088,12858.481557524088,0.0,11625.070935108697,24979.5664453125,13354.495510203802,0.0,5528.166510757718,5528.166510757718,0.0,0.0,0.0,0.0,13354.495510203802,13354.495510203802,13354.495510203802,0.0,0.0,100.0,0.0,13254.495510203802,-17253.237445866413,1,-0.0,-100.0
1213,0.0,0.0,-0.0,0.0,100.0,-0.0,-0.0,1.0,0.247783476,0.0,0.0,100.0,0.0,1.0,0.11,0.0,-198.2819025961314,198.2819025961314,0.0,-198.2819025961314,198.2819025961314,0.0,-12882.30894160152,12882.30894160152,0.0,8272.57780984684,21651.450556640622,13378.872746793782,0.0,8955.629747427503,8955.629747427503,0.0,0.0,0.0,0.0,13378.872746793782,13378.872746793782,13378.872746793782,0.0,0.0,100.0,0.0,13278.872746793782,-17328.207557274345,1,-0.0,-100.0
1214,0.0,0.0,-0.0,0.0,100.0,-0.0,-0.0,1.0,0.245004763,0.0,0.0,100.0,0.0,1.0,0.08,0.0,-198.4116524016953,198.4116524016953,0.0,-198.4116524016953,198.4116524016953,0.0,-12858.308050286838,12858.308050286838,0.0,2051.4275902222707,15406.5589453125,13355.131355090229,0.0,6882.567305893359,6882.567305893359,0.0,0.0,0.0,0.0,13355.131355090229,13355.131355090229,13355.131355090229,0.0,0.0,100.0,0.0,13255.131355090229,-9033.994896115631,1,-0.0,-100.0
1215,0.0,0.0,-0.0,0.0,100.0,-0.0,-0.0,1.0,0.243916048,0.0,0.0,100.0,0.0,1.0,0.08,0.0,-198.39828834699748,198.39828834699748,0.0,-198.39828834699748,198.39828834699748,0.0,-12882.07341480752,12882.07341480752,0.0,0.0,11480.130087890624,11480.130087890624,0.0,975.9066819831228,2874.6465855940137,1898.739903610891,0.0,0.0,0.0,13378.869991501515,13378.869991501515,13378.869991501515,0.0,0.0,100.0,0.0,13278.869991501515,-1075.9066819831223,1,-0.0,-100.0
1216,10662.36333967294,0.0,-106623.6333967294,0.0,100.0,45.0,-0.0,1.0,0.247402681,24.7402681,0.0,0.0,100.0,1.0,0.08,-8.0,-198.0082632255825,198.0082632255825,0.0,-198.0082632255825,198.0082632255825,0.0,-15814.177114293529,15814.177114293529,0.0,0.0,2804.592041015625,2804.592041015625,0.0,0.0,2598.238260056128,2598.238260056128,0.0,-106631.6333967294,-106631.6333967294,16210.193640744694,16210.193640744694,16065.193640744694,0.0,145.0,0.0,0.0,16210.193640744694,10807.36333967294,1,45.0,100.0
1217,20174.570059062054,0.0,-201745.70059062054,0.0,50.0,36.0,-0.0,0.5,0.252287192,25.2287192,0.0,0.0,100.0,1.0,0.11,-11.0,-198.01803855281943,198.01803855281943,0.0,-198.01803855281943,198.01803855281943,0.0,-21194.114036558043,21194.114036558043,0.0,0.0,560.918408203125,560.918408203125,0.0,0.0,718.6616463985034,718.6616463985034,0.0,-201756.70059062054,-201756.70059062054,21590.150113663683,21590.150113663683,21454.150113663683,0.0,136.0,0.0,0.0,21590.150113663683,20310.570059062054,1,36.0,100.0
1218,22379.931078870177,0.0,-223799.31078870175,0.0,10.0,0.0,-0.0,0.1,0.263316192,26.3316192,0.0,0.0,100.0,1.0,0.11,-11.0,-233.8549765407272,233.8549765407272,0.0,-233.8549765407272,233.8549765407272,0.0,-22012.22112578872,22012.22112578872,0.0,0.0,0.0,0.0,0.0,0.0,0.0,0.0,0.0,-223810.31078870175,-223810.31078870175,22479.931078870177,22479.931078870177,22379.931078870177,0.0,100.0,0.0,0.0,22479.931078870177,22479.931078870177,1,0.0,100.0
1219,21206.920740230547,0.0,-212069.20740230547,0.0,10.0,0.0,-0.0,0.1,0.2692039989999999,26.920399899999992,0.0,0.0,100.0,1.0,0.11,-11.0,-234.92270699956364,234.92270699956364,0.0,-234.92270699956364,234.92270699956364,0.0,-20837.07532623142,20837.07532623142,0.0,0.0,0.0,0.0,0.0,0.0,0.0,0.0,0.0,-212080.20740230547,-212080.20740230547,21306.920740230547,21306.920740230547,21206.920740230547,0.0,100.0,0.0,0.0,21306.920740230547,21306.920740230547,1,0.0,100.0
1220,20951.06676233529,0.0,-209510.6676233529,0.0,10.0,0.0,-0.0,0.1,0.272593094,27.2593094,0.0,0.0,100.0,1.0,0.11,-11.0,-234.6550523840535,234.6550523840535,0.0,-234.6550523840535,234.6550523840535,0.0,-20581.75665756718,20581.75665756718,0.0,0.0,0.0,0.0,0.0,0.0,0.0,0.0,0.0,-209521.6676233529,-209521.6676233529,21051.06676233529,21051.06676233529,20951.06676233529,0.0,100.0,0.0,0.0,21051.06676233529,21051.06676233529,1,0.0,100.0
1221,19728.00115450121,0.0,-197280.0115450121,0.0,10.0,0.0,-0.0,0.1,0.279273769,27.9273769,0.0,0.0,100.0,1.0,0.11,-11.0,-233.94309566001883,233.94309566001883,0.0,-233.94309566001883,233.94309566001883,0.0,-19360.11496318117,19360.11496318117,0.0,0.0,0.0,0.0,0.0,0.0,0.0,0.0,0.0,-197291.0115450121,-197291.0115450121,19828.00115450121,19828.00115450121,19728.00115450121,0.0,100.0,0.0,0.0,19828.00115450121,19828.00115450121,1,0.0,100.0
1222,17993.226667803356,0.0,-179932.26667803357,0.0,10.0,0.0,-0.0,0.1,0.275241307,27.5241307,0.0,0.0,100.0,1.0,0.11,-11.0,-233.15320828964585,233.15320828964585,0.0,-233.15320828964585,233.15320828964585,0.0,-17626.920251224063,17626.920251224063,0.0,0.0,0.0,0.0,0.0,0.0,0.0,0.0,0.0,-179943.26667803357,-179943.26667803357,18093.226667803356,18093.226667803356,17993.226667803356,0.0,100.0,0.0,0.0,18093.226667803356,18093.226667803356,1,0.0,100.0
1223,16777.288135033752,0.0,-167772.88135033753,0.0,10.0,0.0,-0.0,0.1,0.268294127,26.8294127,0.0,0.0,100.0,1.0,0.11,-11.0,-236.00757024388807,236.00757024388807,0.0,-236.00757024388807,236.00757024388807,0.0,-16405.272994545976,16405.272994545976,0.0,0.0,0.0,0.0,0.0,0.0,0.0,0.0,0.0,-167783.88135033753,-167783.88135033753,16877.288135033752,16877.288135033752,16777.288135033752,0.0,100.0,0.0,0.0,16877.288135033752,16877.288135033752,1,0.0,100.0
1224,18789.97684869152,0.0,-187899.7684869152,0.0,10.0,0.0,-0.0,0.1,0.262402141,26.2402141,0.0,0.0,100.0,1.0,0.08,-8.0,-233.13131675505755,233.13131675505755,0.0,-233.13131675505755,233.13131675505755,0.0,-18423.714215181404,18423.714215181404,0.0,0.0,0.0,0.0,0.0,0.0,0.0,0.0,0.0,-187907.7684869152,-187907.7684869152,18889.97684869152,18889.97684869152,18789.97684869152,0.0,100.0,0.0,0.0,18889.97684869152,18889.97684869152,1,0.0,100.0
1225,19046.339159477935,0.0,-190463.39159477936,0.0,10.0,0.0,-0.0,0.1,0.2652772,26.52772,0.0,0.0,100.0,1.0,0.08,-8.0,-233.1456602839376,233.1456602839376,0.0,-233.1456602839376,233.1456602839376,0.0,-18680.04783891006,18680.04783891006,0.0,0.0,0.0,0.0,0.0,0.0,0.0,0.0,0.0,-190471.39159477936,-190471.39159477936,19146.339159477935,19146.339159477935,19046.339159477935,0.0,100.0,0.0,0.0,19146.339159477935,19146.339159477935,1,0.0,100.0
1226,18790.79240363296,0.0,-187907.9240363296,0.0,10.0,0.0,-0.0,0.1,0.269972357,26.9972357,0.0,0.0,100.0,1.0,0.08,-8.0,-233.15389340691948,233.15389340691948,0.0,-233.15389340691948,233.15389340691948,0.0,-18424.48461681912,18424.48461681912,0.0,0.0,0.0,0.0,0.0,0.0,0.0,0.0,0.0,-187915.9240363296,-187915.9240363296,18890.79240363296,18890.79240363296,18790.79240363296,0.0,100.0,0.0,0.0,18890.79240363296,18890.79240363296,1,0.0,100.0
1227,19046.980173072287,0.0,-190469.80173072286,0.0,10.0,0.0,-0.0,0.1,0.272831078,27.2831078,0.0,0.0,100.0,1.0,0.08,-8.0,-233.1471001013618,233.1471001013618,0.0,-233.1471001013618,233.1471001013618,0.0,-18680.685972869564,18680.685972869564,0.0,0.0,0.0,0.0,0.0,0.0,0.0,0.0,0.0,-190477.80173072286,-190477.80173072286,19146.980173072287,19146.980173072287,19046.980173072287,0.0,100.0,0.0,0.0,19146.980173072287,19146.980173072287,1,0.0,100.0
1228,19540.814711904364,0.0,-195408.14711904363,0.0,10.0,0.0,-0.0,0.1,0.27408962,27.408962,0.0,0.0,100.0,1.0,0.08,-8.0,-238.54973483412152,238.54973483412152,0.0,-238.54973483412152,238.54973483412152,0.0,-19163.71524223612,19163.71524223612,0.0,0.0,0.0,0.0,0.0,0.0,0.0,0.0,0.0,-195416.14711904363,-195416.14711904363,19640.814711904364,19640.814711904364,19540.814711904364,0.0,100.0,0.0,0.0,19640.814711904364,19640.814711904364,1,0.0,100.0
1229,22779.830192124427,0.0,-227798.30192124427,0.0,10.0,0.0,-0.0,0.1,0.266433092,26.643309199999997,0.0,0.0,100.0,1.0,0.11,-11.0,-237.72343482377417,237.72343482377417,0.0,-237.72343482377417,237.72343482377417,0.0,-22404.38332247688,22404.38332247688,0.0,0.0,0.0,0.0,0.0,0.0,0.0,0.0,0.0,-227809.30192124427,-227809.30192124427,22879.830192124427,22879.830192124427,22779.830192124427,0.0,100.0,0.0,0.0,22879.830192124427,22879.830192124427,1,0.0,100.0
1230,25081.78588285582,0.0,-250817.8588285582,0.0,10.0,0.0,-0.0,0.1,0.247932569,24.7932569,0.0,0.0,100.0,1.0,0.11,-11.0,-383.6110586872522,383.6110586872522,0.0,-383.6110586872522,383.6110586872522,0.0,-24414.563765481314,24414.563765481314,0.0,0.0,0.0,0.0,0.0,0.0,0.0,0.0,0.0,-250828.8588285582,-250828.8588285582,25181.78588285582,25181.78588285582,25081.78588285582,0.0,100.0,0.0,0.0,25181.78588285582,25181.78588285582,1,0.0,100.0
1231,28934.087237890006,0.0,-289340.87237890007,0.0,10.0,0.0,-0.0,0.1,0.2402437469999999,24.02437469999999,0.0,0.0,100.0,1.0,0.11,-11.0,-617.2985549337998,617.2985549337998,0.0,-617.2985549337998,617.2985549337998,0.0,-30324.49637952973,30324.49637952973,0.0,0.0,1308.809619140625,1308.809619140625,0.0,0.0,1216.196632366698,1216.196632366698,0.0,-289351.87237890007,-289351.87237890007,31559.093489397328,31559.093489397328,31459.093489397328,0.0,100.0,0.0,0.0,31559.093489397328,29034.087237890006,1,0.0,100.0
1232,58490.70919146044,0.0,-584907.0919146044,0.0,10.0,0.0,-0.0,0.1,0.234346151,23.434615100000002,0.0,0.0,100.0,1.0,0.11,-11.0,-829.0341948069788,829.0341948069788,0.0,-829.0341948069788,829.0341948069788,0.0,-63426.458003360014,63426.458003360014,0.0,0.0,3066.35396484375,3066.35396484375,0.0,0.0,3427.463236669785,3427.463236669785,0.0,-584918.0919146044,-584918.0919146044,65084.526392973974,65084.526392973974,64984.526392973974,0.0,100.0,0.0,0.0,65084.526392973974,58590.70919146044,1,0.0,100.0
1233,54897.901081741176,0.0,-548979.0108174118,0.0,10.0,0.0,-0.0,0.1,0.231828332,23.1828332,0.0,0.0,100.0,1.0,0.11,-11.0,-870.1451798356255,870.1451798356255,0.0,-870.1451798356255,870.1451798356255,0.0,-61195.20100264209,61195.20100264209,0.0,0.0,4150.796220703125,4150.796220703125,0.0,0.0,3786.794059869037,3786.794059869037,0.0,-548990.0108174118,-548990.0108174118,62935.49136231334,62935.49136231334,62835.49136231334,0.0,100.0,0.0,0.0,62935.49136231334,54997.901081741176,1,0.0,100.0
1234,46195.55947731041,0.0,-461955.59477310407,0.0,10.0,0.0,-0.0,0.1,0.241311642,24.1311642,0.0,0.0,100.0,1.0,0.11,-11.0,-911.641069472574,911.641069472574,0.0,-911.641069472574,911.641069472574,0.0,-58233.88667233867,58233.88667233867,0.0,0.0,5497.000400390625,5497.000400390625,0.0,0.0,8264.60893358279,8264.60893358279,0.0,-461966.59477310407,-461966.59477310407,60057.168811283824,60057.16881128382,59957.168811283824,0.0,100.0,0.0,0.0,60057.16881128382,46295.5594773104,1,0.0,100.0
1235,43302.838467209476,0.0,-433028.3846720948,0.0,10.0,0.0,-0.0,0.1,0.256450915,25.6450915,0.0,0.0,100.0,1.0,0.11,-11.0,-949.0213189745436,949.0213189745436,0.0,-949.0213189745436,949.0213189745436,0.0,-58245.07043446056,58245.07043446056,0.0,0.0,6319.680732421874,6319.680732421874,0.0,0.0,10420.5938727783,10420.5938727783,0.0,-433039.3846720948,-433039.3846720948,60143.11307240965,60143.11307240965,60043.11307240965,0.0,100.0,0.0,0.0,60143.11307240965,43402.838467209476,1,0.0,100.0
1236,43210.46056596231,0.0,-432104.6056596231,0.0,10.0,0.0,-0.0,0.1,0.251930963,25.1930963,0.0,0.0,100.0,1.0,0.11,-11.0,-974.0183461449476,974.0183461449476,0.0,-974.0183461449476,974.0183461449476,0.0,-55227.98865439805,55227.98865439805,0.0,0.0,7591.095791015625,7591.095791015625,0.0,0.0,6274.468989710011,6274.468989710011,0.0,-432115.6056596231,-432115.6056596231,57176.02534668795,57176.025346687944,57076.02534668795,0.0,100.0,0.0,0.0,57176.025346687944,43310.460565962305,1,0.0,100.0
1237,41071.450093682724,0.0,-410714.5009368273,0.0,10.0,0.0,-0.0,0.1,0.244969374,24.4969374,0.0,0.0,100.0,1.0,0.11,-11.0,-1012.5397251201628,1012.5397251201628,0.0,-1012.5397251201628,1012.5397251201628,0.0,-58216.57694028817,58216.57694028817,0.0,0.0,6880.599140625,6880.599140625,0.0,0.0,12189.607156220767,12189.607156220767,0.0,-410725.5009368273,-410725.5009368273,60241.65639052849,60241.65639052849,60141.65639052849,0.0,100.0,0.0,0.0,60241.65639052849,41171.450093682724,1,0.0,100.0
1238,43677.858088216424,0.0,-436778.58088216424,0.0,10.0,0.0,-0.0,0.1,0.250631899,25.063189899999998,0.0,0.0,100.0,1.0,0.08,-8.0,-1008.6213765001744,1008.6213765001744,0.0,-1008.6213765001744,1008.6213765001744,0.0,-58211.5188034746,58211.5188034746,0.0,0.0,5422.211279296875,5422.211279296875,0.0,0.0,11028.692188961648,11028.692188961648,0.0,-436786.58088216424,-436786.58088216424,60228.76155647494,60228.76155647495,60128.76155647494,0.0,100.0,0.0,0.0,60228.76155647495,43777.858088216424,1,0.0,100.0
1239,49824.729099382486,0.0,-498247.29099382483,0.0,10.0,0.0,-0.0,0.1,0.250610573,25.0610573,0.0,0.0,100.0,1.0,0.08,-8.0,-982.3964232721536,982.3964232721536,0.0,-982.3964232721536,982.3964232721536,0.0,-58209.63435937576,58209.63435937576,0.0,0.0,3477.694130859375,3477.694130859375,0.0,0.0,6772.003975678205,6772.003975678205,0.0,-498255.29099382483,-498255.29099382483,60174.42720592007,60174.42720592007,60074.42720592007,0.0,100.0,0.0,0.0,60174.42720592007,49924.729099382486,1,0.0,100.0
1240,57251.167127887304,0.0,-572511.671278873,0.0,10.0,0.0,-0.0,0.1,0.256806625,25.6806625,0.0,0.0,100.0,1.0,0.08,-8.0,-915.8248196538502,915.8248196538502,0.0,-915.8248196538502,915.8248196538502,0.0,-61169.52655065024,61169.52655065024,0.0,0.0,2056.700830078125,2056.700830078125,0.0,0.0,3593.308231992517,3593.308231992517,0.0,-572519.671278873,-572519.671278873,63001.17618995794,63001.17618995794,62901.17618995794,0.0,100.0,0.0,0.0,63001.17618995794,57351.167127887304,1,0.0,100.0
1241,57257.40193956949,0.0,-572574.019395695,0.0,10.0,0.0,-0.0,0.1,0.2587362589999999,25.87362589999999,0.0,0.0,100.0,1.0,0.11,-11.0,-672.407252823266,672.407252823266,0.0,-672.407252823266,672.407252823266,0.0,-56937.72933904202,56937.72933904202,0.0,0.0,261.76192382812496,261.76192382812496,0.0,0.0,663.3799812909263,663.3799812909263,0.0,-572585.019395695,-572585.019395695,58282.543844688546,58282.543844688546,58182.543844688546,0.0,100.0,0.0,0.0,58282.543844688546,57357.40193956949,1,0.0,100.0
1242,46694.97830393678,0.0,-466949.7830393678,0.0,10.0,0.0,-0.0,0.1,0.221598878,22.1598878,0.0,0.0,100.0,1.0,0.11,-11.0,-690.060775138822,690.060775138822,0.0,-690.060775138822,690.060775138822,0.0,-45414.856753659136,45414.856753659136,0.0,0.0,0.0,0.0,0.0,0.0,0.0,0.0,0.0,-466960.7830393678,-466960.7830393678,46794.97830393678,46794.97830393678,46694.97830393678,0.0,100.0,0.0,0.0,46794.97830393678,46794.97830393678,1,0.0,100.0
1243,45215.02892215212,0.0,-452150.28922152123,0.0,10.0,0.0,-0.0,0.1,0.210838537,21.0838537,0.0,0.0,100.0,1.0,0.11,-11.0,-684.66053007369,684.66053007369,0.0,-684.66053007369,684.66053007369,0.0,-43945.70786200475,43945.70786200475,0.0,0.0,0.0,0.0,0.0,0.0,0.0,0.0,0.0,-452161.28922152123,-452161.28922152123,45315.02892215212,45315.02892215212,45215.02892215212,0.0,100.0,0.0,0.0,45315.02892215212,45315.02892215212,1,0.0,100.0
1244,36202.55208578338,0.0,-362025.52085783385,0.0,10.0,0.0,-0.0,0.1,0.203000509,20.3000509,0.0,0.0,100.0,1.0,0.11,-11.0,-690.3033298340454,690.3033298340454,0.0,-690.3033298340454,690.3033298340454,0.0,-34921.94542611529,34921.94542611529,0.0,0.0,0.0,0.0,0.0,0.0,0.0,0.0,0.0,-362036.52085783385,-362036.52085783385,36302.55208578338,36302.55208578338,36202.55208578338,0.0,100.0,0.0,0.0,36302.55208578338,36302.55208578338,1,0.0,100.0
1245,33826.753416544845,0.0,-338267.53416544845,0.0,10.0,0.0,-0.0,0.1,0.206203175,20.6203175,0.0,0.0,100.0,1.0,0.11,-11.0,-233.40117078363048,233.40117078363048,0.0,-233.40117078363048,233.40117078363048,0.0,-33459.95107497759,33459.95107497759,0.0,0.0,0.0,0.0,0.0,0.0,0.0,0.0,0.0,-338278.53416544845,-338278.53416544845,33926.753416544845,33926.753416544845,33826.753416544845,0.0,100.0,0.0,0.0,33926.753416544845,33926.753416544845,1,0.0,100.0
1246,21488.525822498123,0.0,-214885.25822498123,0.0,10.0,0.0,-0.0,0.1,0.207185033,20.7185033,0.0,0.0,100.0,1.0,0.11,-11.0,-233.2546635970112,233.2546635970112,0.0,-233.2546635970112,233.2546635970112,0.0,-21122.0164953041,21122.0164953041,0.0,0.0,0.0,0.0,0.0,0.0,0.0,0.0,0.0,-214896.25822498123,-214896.25822498123,21588.525822498123,21588.525822498123,21488.525822498123,0.0,100.0,0.0,0.0,21588.525822498123,21588.525822498123,1,0.0,100.0
1247,18509.586225104562,0.0,-185095.86225104562,0.0,10.0,0.0,-0.0,0.1,0.241926928,24.1926928,0.0,0.0,100.0,1.0,0.11,-11.0,-236.074034318321,236.074034318321,0.0,-236.074034318321,236.074034318321,0.0,-18137.43815646792,18137.43815646792,0.0,0.0,0.0,0.0,0.0,0.0,0.0,0.0,0.0,-185106.86225104562,-185106.86225104562,18609.586225104562,18609.586225104562,18509.586225104562,0.0,100.0,0.0,0.0,18609.586225104562,18609.586225104562,1,0.0,100.0
1248,17857.975958218958,0.0,-178579.75958218958,0.0,10.0,0.0,-0.0,0.1,0.245997121,24.5997121,0.0,0.0,100.0,1.0,0.08,-8.0,-233.0683811559252,233.0683811559252,0.0,-233.0683811559252,233.0683811559252,0.0,-17491.83919590711,17491.83919590711,0.0,0.0,0.0,0.0,0.0,0.0,0.0,0.0,0.0,-178587.75958218958,-178587.75958218958,17957.975958218958,17957.975958218958,17857.975958218958,0.0,100.0,0.0,0.0,17957.975958218958,17957.975958218958,1,0.0,100.0
1249,17881.362376025827,0.0,-178813.62376025826,0.0,10.0,0.0,-0.0,0.1,0.24873501,24.873501,0.0,0.0,100.0,1.0,0.08,-8.0,-232.9553167635584,232.9553167635584,0.0,-232.9553167635584,232.9553167635584,0.0,-17515.45174249871,17515.45174249871,0.0,0.0,0.0,0.0,0.0,0.0,0.0,0.0,0.0,-178821.62376025826,-178821.62376025826,17981.362376025827,17981.362376025827,17881.362376025827,0.0,100.0,0.0,0.0,17981.362376025827,17981.362376025827,1,0.0,100.0
1250,17858.240831904895,0.0,-178582.40831904896,0.0,10.0,0.0,-0.0,0.1,0.235281816,23.5281816,0.0,0.0,100.0,1.0,0.08,-8.0,-232.8544927649401,232.8544927649401,0.0,-232.8544927649401,232.8544927649401,0.0,-17492.531846375015,17492.531846375015,0.0,0.0,0.0,0.0,0.0,0.0,0.0,0.0,0.0,-178590.40831904896,-178590.40831904896,17958.240831904895,17958.240831904895,17858.240831904895,0.0,100.0,0.0,0.0,17958.240831904895,17958.240831904895,1,0.0,100.0
1251,18484.349605672898,0.0,-184843.496056729,0.0,10.0,0.0,-0.0,0.1,0.227368643,22.7368643,0.0,0.0,100.0,1.0,0.08,-8.0,-232.8278300542434,232.8278300542434,0.0,-232.8278300542434,232.8278300542434,0.0,-18118.69394556441,18118.69394556441,0.0,0.0,0.0,0.0,0.0,0.0,0.0,0.0,0.0,-184851.496056729,-184851.496056729,18584.349605672898,18584.349605672898,18484.349605672898,0.0,100.0,0.0,0.0,18584.349605672898,18584.349605672898,1,0.0,100.0
1252,19527.648027137788,0.0,-195276.4802713779,0.0,10.0,0.0,-0.0,0.1,0.196362861,19.6362861,0.0,0.0,100.0,1.0,0.08,-8.0,-233.7575139850315,233.7575139850315,0.0,-233.7575139850315,233.7575139850315,0.0,-19160.132999167723,19160.132999167723,0.0,0.0,0.0,0.0,0.0,0.0,0.0,0.0,0.0,-195284.4802713779,-195284.4802713779,19627.648027137788,19627.648027137788,19527.648027137788,0.0,100.0,0.0,0.0,19627.648027137788,19627.648027137788,1,0.0,100.0
1253,22768.59186098745,0.0,-227685.9186098745,0.0,10.0,0.0,-0.0,0.1,0.16693264,16.693264,0.0,0.0,100.0,1.0,0.11,-11.0,-233.62457064760025,233.62457064760025,0.0,-233.62457064760025,233.62457064760025,0.0,-22401.34271969225,22401.34271969225,0.0,0.0,0.0,0.0,0.0,0.0,0.0,0.0,0.0,-227696.9186098745,-227696.9186098745,22868.59186098745,22868.59186098745,22768.59186098745,0.0,100.0,0.0,0.0,22868.59186098745,22868.59186098745,1,0.0,100.0
1254,24786.8434163312,0.0,-247868.43416331202,0.0,10.0,0.0,-0.0,0.1,0.162691943,16.269194300000002,0.0,0.0,100.0,1.0,0.11,-11.0,-263.921639439928,263.921639439928,0.0,-263.921639439928,263.921639439928,0.0,-24359.000137451345,24359.000137451345,0.0,0.0,0.0,0.0,0.0,0.0,0.0,0.0,0.0,-247879.43416331202,-247879.43416331202,24886.8434163312,24886.8434163312,24786.8434163312,0.0,100.0,0.0,0.0,24886.8434163312,24886.8434163312,1,0.0,100.0
1255,26651.281403343968,0.0,-266512.8140334397,0.0,10.0,0.0,-0.0,0.1,0.162263394,16.2263394,0.0,0.0,100.0,1.0,0.11,-11.0,-503.7392705688191,503.7392705688191,0.0,-503.7392705688191,503.7392705688191,0.0,-30437.725244872665,30437.725244872665,0.0,0.0,2841.9866015625,2841.9866015625,0.0,0.0,1851.935781103836,1851.935781103836,0.0,-266523.8140334397,-266523.8140334397,31445.203786010305,31445.203786010305,31345.203786010305,0.0,100.0,0.0,0.0,31445.203786010305,26751.281403343968,1,0.0,100.0
1256,48026.43790400168,0.0,-480264.3790400168,0.0,10.0,0.0,-0.0,0.1,0.163206841,16.320684099999998,0.0,0.0,100.0,1.0,0.11,-11.0,-694.5841148643622,694.5841148643622,0.0,-694.5841148643622,694.5841148643622,0.0,-63498.4823702432,63498.4823702432,0.0,0.0,10320.8987109375,10320.8987109375,0.0,0.0,6440.313985032742,6440.313985032742,0.0,-480275.3790400168,-480275.3790400168,64887.65059997192,64887.65059997192,64787.65059997192,0.0,100.0,0.0,0.0,64887.65059997192,48126.43790400168,1,0.0,100.0
1257,33630.86762011386,0.0,-336308.6762011386,0.0,10.0,0.0,-0.0,0.1,0.164169547,16.4169547,0.0,0.0,100.0,1.0,0.11,-11.0,-711.042443526846,711.042443526846,0.0,-711.042443526846,711.042443526846,0.0,-61238.12696399664,61238.12696399664,0.0,0.0,17126.70873046875,17126.70873046875,0.0,0.0,11802.635500467728,11802.635500467728,0.0,-336319.6762011386,-336319.6762011386,62660.211851050335,62660.211851050335,62560.211851050335,0.0,100.0,0.0,0.0,62660.211851050335,33730.86762011386,1,0.0,100.0
1258,21203.59026416532,0.0,-212035.9026416532,0.0,10.0,0.0,-0.0,0.1,0.165143733,16.5143733,0.0,0.0,100.0,1.0,0.11,-11.0,-756.9790466749807,756.9790466749807,0.0,-756.9790466749807,756.9790466749807,0.0,-58248.297652144654,58248.297652144654,0.0,0.0,22399.341767578124,22399.341767578124,0.0,0.0,16059.323713751171,16059.323713751171,0.0,-212046.9026416532,-212046.9026416532,59762.25574549462,59762.255745494615,59662.25574549462,0.0,100.0,0.0,0.0,59762.255745494615,21303.590264165316,1,0.0,100.0
1259,20584.14962779149,0.0,-205841.49627791488,0.0,10.0,0.0,-0.0,0.1,0.183067748,18.3067748,0.0,0.0,100.0,1.0,0.11,-11.0,-797.5473300346298,797.5473300346298,0.0,-797.5473300346298,797.5473300346298,0.0,-58227.209086276365,58227.209086276365,0.0,0.0,25428.301171875,25428.301171875,0.0,0.0,13709.85294667914,13709.85294667914,0.0,-205852.49627791488,-205852.49627791488,59822.30374634563,59822.30374634563,59722.30374634563,0.0,100.0,0.0,0.0,59822.30374634563,20684.149627791485,1,0.0,100.0
1260,11407.755554358264,0.0,-114077.55554358264,0.0,10.0,0.0,-0.0,0.1,0.225771847,22.5771847,0.0,0.0,100.0,1.0,0.11,-11.0,-833.485980071053,833.485980071053,0.0,-833.485980071053,833.485980071053,0.0,-55204.66968195514,55204.66968195514,0.0,0.0,24605.62083984375,24605.62083984375,0.0,0.0,20758.26524789524,20758.26524789524,0.0,-114088.55554358264,-114088.55554358264,56871.64164209725,56871.64164209725,56771.64164209725,0.0,100.0,0.0,0.0,56871.64164209725,11507.755554358264,1,0.0,100.0
1261,22716.81855294282,0.0,-227168.18552942818,0.0,10.0,0.0,-0.0,0.1,0.2253852489999999,22.53852489999999,0.0,0.0,100.0,1.0,0.11,-11.0,-850.6971121962902,850.6971121962902,0.0,-850.6971121962902,850.6971121962902,0.0,-58208.31493532533,58208.31493532533,0.0,0.0,22249.763525390623,22249.763525390623,0.0,0.0,14843.127081384471,14843.127081384471,0.0,-227179.18552942818,-227179.18552942818,59909.70915971791,59909.70915971791,59809.70915971791,0.0,100.0,0.0,0.0,59909.70915971791,22816.818552942816,1,0.0,100.0
1262,28293.007722278202,0.0,-282930.077222782,0.0,10.0,0.0,-0.0,0.1,0.233244055,23.3244055,0.0,0.0,100.0,1.0,0.08,-8.0,-884.7341057229052,884.7341057229052,0.0,-884.7341057229052,884.7341057229052,0.0,-58203.13134464137,58203.13134464137,0.0,0.0,17538.048896484375,17538.048896484375,0.0,0.0,14041.542937324604,14041.542937324604,0.0,-282938.077222782,-282938.077222782,59972.59955608718,59972.59955608718,59872.59955608718,0.0,100.0,0.0,0.0,59972.59955608718,28393.007722278202,1,0.0,100.0
1263,39594.13499253987,0.0,-395941.3499253987,0.0,10.0,0.0,-0.0,0.1,0.241006858,24.1006858,0.0,0.0,100.0,1.0,0.08,-8.0,-884.7683389920285,884.7683389920285,0.0,-884.7683389920285,884.7683389920285,0.0,-58199.342589387365,58199.342589387365,0.0,0.0,12452.388662109375,12452.388662109375,0.0,0.0,7822.355612722172,7822.355612722172,0.0,-395949.3499253987,-395949.3499253987,59968.87926737142,59968.87926737142,59868.87926737142,0.0,100.0,0.0,0.0,59968.87926737142,39694.13499253987,1,0.0,100.0
1264,54330.94855993065,0.0,-543309.4855993065,0.0,10.0,0.0,-0.0,0.1,0.241222515,24.1222515,0.0,0.0,100.0,1.0,0.08,-8.0,-809.2522678548825,809.2522678548825,0.0,-809.2522678548825,809.2522678548825,0.0,-61154.82982622627,61154.82982622627,0.0,0.0,5384.81671875,5384.81671875,0.0,0.0,2957.569083255379,2957.569083255379,0.0,-543317.4855993065,-543317.4855993065,62773.33436193603,62773.33436193603,62673.33436193603,0.0,100.0,0.0,0.0,62773.33436193603,54430.94855993065,1,0.0,100.0
1265,56410.566716645524,0.0,-564105.6671664552,0.0,10.0,0.0,-0.0,0.1,0.242831837,24.2831837,0.0,0.0,100.0,1.0,0.11,-11.0,-568.4537143161734,568.4537143161734,0.0,-568.4537143161734,568.4537143161734,0.0,-56919.89394015961,56919.89394015961,0.0,0.0,523.5238476562499,523.5238476562499,0.0,0.0,1022.710804490178,1022.710804490178,0.0,-564116.6671664552,-564116.6671664552,58056.80136879195,58056.80136879195,57956.80136879195,0.0,100.0,0.0,0.0,58056.80136879195,56510.566716645524,1,0.0,100.0
1266,46415.459134266865,0.0,-464154.59134266863,0.0,10.0,0.0,-0.0,0.1,0.242595525,24.2595525,0.0,0.0,100.0,1.0,0.11,-11.0,-562.9004680949446,562.9004680949446,0.0,-562.9004680949446,562.9004680949446,0.0,-45389.65819807698,45389.65819807698,0.0,0.0,0.0,0.0,0.0,0.0,0.0,0.0,0.0,-464165.59134266863,-464165.59134266863,46515.459134266865,46515.459134266865,46415.459134266865,0.0,100.0,0.0,0.0,46515.459134266865,46515.459134266865,1,0.0,100.0
1267,44903.4021602148,0.0,-449034.02160214796,0.0,10.0,0.0,-0.0,0.1,0.239220995,23.922099499999998,0.0,0.0,100.0,1.0,0.11,-11.0,-545.3489280002649,545.3489280002649,0.0,-545.3489280002649,545.3489280002649,0.0,-43912.70430421427,43912.70430421427,0.0,0.0,0.0,0.0,0.0,0.0,0.0,0.0,0.0,-449045.02160214796,-449045.02160214796,45003.4021602148,45003.4021602148,44903.4021602148,0.0,100.0,0.0,0.0,45003.4021602148,45003.4021602148,1,0.0,100.0
1268,35859.66501233309,0.0,-358596.6501233309,0.0,10.0,0.0,-0.0,0.1,0.2381956969999999,23.81956969999999,0.0,0.0,100.0,1.0,0.11,-11.0,-540.1847412758973,540.1847412758973,0.0,-540.1847412758973,540.1847412758973,0.0,-34879.295529781295,34879.295529781295,0.0,0.0,0.0,0.0,0.0,0.0,0.0,0.0,0.0,-358607.6501233309,-358607.6501233309,35959.66501233309,35959.66501233309,35859.66501233309,0.0,100.0,0.0,0.0,35959.66501233309,35959.66501233309,1,0.0,100.0
1269,33771.65383459466,0.0,-337716.5383459466,0.0,10.0,0.0,-0.0,0.1,0.23685026,23.685026,0.0,0.0,100.0,1.0,0.11,-11.0,-232.7122959090858,232.7122959090858,0.0,-232.7122959090858,232.7122959090858,0.0,-33406.22924277649,33406.22924277649,0.0,0.0,0.0,0.0,0.0,0.0,0.0,0.0,0.0,-337727.5383459466,-337727.5383459466,33871.65383459466,33871.65383459466,33771.65383459466,0.0,100.0,0.0,0.0,33871.65383459466,33871.65383459466,1,0.0,100.0
1270,21486.498985242313,0.0,-214864.98985242314,0.0,10.0,0.0,-0.0,0.1,0.23796266,23.796266,0.0,0.0,100.0,1.0,0.11,-11.0,-232.24124799209343,232.24124799209343,0.0,-232.24124799209343,232.24124799209343,0.0,-21122.016489258127,21122.016489258127,0.0,0.0,0.0,0.0,0.0,0.0,0.0,0.0,0.0,-214875.98985242314,-214875.98985242314,21586.498985242313,21586.498985242313,21486.498985242313,0.0,100.0,0.0,0.0,21586.498985242313,21586.498985242313,1,0.0,100.0
1271,18508.244271896365,0.0,-185082.44271896366,0.0,10.0,0.0,-0.0,0.1,0.235664884,23.5664884,0.0,0.0,100.0,1.0,0.11,-11.0,-235.4030607372016,235.4030607372016,0.0,-235.4030607372016,235.4030607372016,0.0,-18137.43815042196,18137.43815042196,0.0,0.0,0.0,0.0,0.0,0.0,0.0,0.0,0.0,-185093.44271896366,-185093.44271896366,18608.244271896365,18608.244271896365,18508.244271896365,0.0,100.0,0.0,0.0,18608.244271896365,18608.244271896365,1,0.0,100.0
1272,17763.226904254156,0.0,-177632.26904254156,0.0,10.0,0.0,-0.0,0.1,0.229262401,22.9262401,0.0,0.0,100.0,1.0,0.08,-8.0,-232.3695803237426,232.3695803237426,0.0,-232.3695803237426,232.3695803237426,0.0,-17398.48774360667,17398.48774360667,0.0,0.0,0.0,0.0,0.0,0.0,0.0,0.0,0.0,-177640.26904254156,-177640.26904254156,17863.226904254156,17863.226904254156,17763.226904254156,0.0,100.0,0.0,0.0,17863.226904254156,17863.226904254156,1,0.0,100.0
1273,17763.263818870277,0.0,-177632.63818870275,0.0,10.0,0.0,-0.0,0.1,0.231190178,23.119017799999998,0.0,0.0,100.0,1.0,0.08,-8.0,-232.3880436777723,232.3880436777723,0.0,-232.3880436777723,232.3880436777723,0.0,-17398.48773151473,17398.48773151473,0.0,0.0,0.0,0.0,0.0,0.0,0.0,0.0,0.0,-177640.63818870275,-177640.63818870275,17863.263818870277,17863.263818870277,17763.263818870277,0.0,100.0,0.0,0.0,17863.263818870277,17863.263818870277,1,0.0,100.0
1274,17763.226567867016,0.0,-177632.26567867014,0.0,10.0,0.0,-0.0,0.1,0.2388627739999999,23.88627739999999,0.0,0.0,100.0,1.0,0.08,-8.0,-232.36940910718687,232.36940910718687,0.0,-232.36940910718687,232.36940910718687,0.0,-17398.487749652642,17398.487749652642,0.0,0.0,0.0,0.0,0.0,0.0,0.0,0.0,0.0,-177640.26567867014,-177640.26567867014,17863.226567867016,17863.226567867016,17763.226567867016,0.0,100.0,0.0,0.0,17863.226567867016,17863.226567867016,1,0.0,100.0
1275,17763.18960827132,0.0,-177631.8960827132,0.0,10.0,0.0,-0.0,0.1,0.240114383,24.0114383,0.0,0.0,100.0,1.0,0.08,-8.0,-232.35092930933843,232.35092930933843,0.0,-232.35092930933843,232.35092930933843,0.0,-17398.487749652642,17398.487749652642,0.0,0.0,0.0,0.0,0.0,0.0,0.0,0.0,0.0,-177639.8960827132,-177639.8960827132,17863.18960827132,17863.18960827132,17763.18960827132,0.0,100.0,0.0,0.0,17863.18960827132,17863.18960827132,1,0.0,100.0
1276,18597.27942304105,0.0,-185972.7942304105,0.0,10.0,0.0,-0.0,0.1,0.24035505,24.035504999999997,0.0,0.0,100.0,1.0,0.08,-8.0,-233.206950538832,233.206950538832,0.0,-233.206950538832,233.206950538832,0.0,-18230.865521963387,18230.865521963387,0.0,0.0,0.0,0.0,0.0,0.0,0.0,0.0,0.0,-185980.7942304105,-185980.7942304105,18697.27942304105,18697.27942304105,18597.27942304105,0.0,100.0,0.0,0.0,18697.27942304105,18697.27942304105,1,0.0,100.0
1277,21605.073819509136,0.0,-216050.73819509137,0.0,10.0,0.0,-0.0,0.1,0.237276501,23.7276501,0.0,0.0,100.0,1.0,0.11,-11.0,-233.0469861158752,233.0469861158752,0.0,-233.0469861158752,233.0469861158752,0.0,-21238.979847277387,21238.979847277387,0.0,0.0,0.0,0.0,0.0,0.0,0.0,0.0,0.0,-216061.73819509137,-216061.73819509137,21705.073819509136,21705.073819509136,21605.073819509136,0.0,100.0,0.0,0.0,21705.073819509136,21705.073819509136,1,0.0,100.0
1278,24744.005848301338,0.0,-247440.0584830134,0.0,10.0,0.0,-0.0,0.1,0.240004529,24.0004529,0.0,0.0,100.0,1.0,0.11,-11.0,-264.21907456438385,264.21907456438385,0.0,-264.21907456438385,264.21907456438385,0.0,-24315.56769917257,24315.56769917257,0.0,0.0,0.0,0.0,0.0,0.0,0.0,0.0,0.0,-247451.0584830134,-247451.0584830134,24844.005848301338,24844.005848301338,24744.005848301338,0.0,100.0,0.0,0.0,24844.005848301338,24844.005848301338,1,0.0,100.0
1279,28144.65574737337,0.0,-281446.5574737337,0.0,10.0,0.0,-0.0,0.1,0.224802596,22.4802596,0.0,0.0,100.0,1.0,0.11,-11.0,-503.9847454017319,503.9847454017319,0.0,-503.9847454017319,503.9847454017319,0.0,-30268.98122203851,30268.98122203851,0.0,0.0,1346.2041796875,1346.2041796875,0.0,0.0,1686.0907857811042,1686.0907857811042,0.0,-281457.5574737337,-281457.5574737337,31276.950712841975,31276.950712841975,31176.950712841975,0.0,100.0,0.0,0.0,31276.950712841975,28244.65574737337,1,0.0,100.0
1280,56990.02585141011,0.0,-569900.258514101,0.0,10.0,0.0,-0.0,0.1,0.221956828,22.1956828,0.0,0.0,100.0,1.0,0.11,-11.0,-697.7986718067249,697.7986718067249,0.0,-697.7986718067249,697.7986718067249,0.0,-63388.17558854166,63388.17558854166,0.0,0.0,3215.93220703125,3215.93220703125,0.0,0.0,4477.814873713752,4477.814873713752,0.0,-569911.258514101,-569911.258514101,64783.77293215511,64783.77293215511,64683.77293215511,0.0,100.0,0.0,0.0,64783.77293215511,57090.02585141011,1,0.0,100.0
1281,49234.17951092109,0.0,-492341.7951092109,0.0,10.0,0.0,-0.0,0.1,0.225987788,22.598778799999998,0.0,0.0,100.0,1.0,0.11,-11.0,-733.6149375712984,733.6149375712984,0.0,-733.6149375712984,733.6149375712984,0.0,-61157.044464912025,61157.044464912025,0.0,0.0,5384.81671875,5384.81671875,0.0,0.0,7905.278110383537,7905.278110383537,0.0,-492352.7951092109,-492352.7951092109,62624.274340054624,62624.274340054624,62524.274340054624,0.0,100.0,0.0,0.0,62624.274340054624,49334.17951092109,1,0.0,100.0
1282,41866.5780548426,0.0,-418665.780548426,0.0,10.0,0.0,-0.0,0.1,0.226038142,22.6038142,0.0,0.0,100.0,1.0,0.11,-11.0,-799.09169458072,799.09169458072,0.0,-799.09169458072,799.09169458072,0.0,-58196.38384903191,58196.38384903191,0.0,0.0,6992.782822265624,6992.782822265624,0.0,0.0,10835.206361085127,10835.206361085127,0.0,-418676.780548426,-418676.780548426,59794.56723819335,59794.56723819335,59694.56723819335,0.0,100.0,0.0,0.0,59794.56723819335,41966.5780548426,1,0.0,100.0
1283,37605.57468504633,0.0,-376055.7468504633,0.0,10.0,0.0,-0.0,0.1,0.229937837,22.9937837,0.0,0.0,100.0,1.0,0.11,-11.0,-868.6881650222125,868.6881650222125,0.0,-868.6881650222125,868.6881650222125,0.0,-58195.90934924119,58195.90934924119,0.0,0.0,7965.041396484375,7965.041396484375,0.0,0.0,14262.669597754912,14262.669597754912,0.0,-376066.7468504633,-376066.7468504633,59933.28567928562,59933.28567928562,59833.28567928562,0.0,100.0,0.0,0.0,59933.28567928562,37705.57468504633,1,0.0,100.0
1284,33878.277132239695,0.0,-338782.77132239693,0.0,10.0,0.0,-0.0,0.1,0.2292073419999999,22.92073419999999,0.0,0.0,100.0,1.0,0.11,-11.0,-935.120904984384,935.120904984384,0.0,-935.120904984384,935.120904984384,0.0,-55184.47874911004,55184.47874911004,0.0,0.0,8039.830517578125,8039.830517578125,0.0,0.0,15036.612909260994,15036.612909260994,0.0,-338793.77132239693,-338793.77132239693,57054.720559078814,57054.720559078814,56954.720559078814,0.0,100.0,0.0,0.0,57054.720559078814,33978.277132239695,1,0.0,100.0
1285,35373.03855034467,0.0,-353730.3855034467,0.0,10.0,0.0,-0.0,0.1,0.231569873,23.1569873,0.0,0.0,100.0,1.0,0.11,-11.0,-958.83612183699,958.83612183699,0.0,-958.83612183699,958.83612183699,0.0,-58197.615080522926,58197.615080522926,0.0,0.0,7366.728427734375,7366.728427734375,0.0,0.0,17275.520346117868,17275.520346117868,0.0,-353741.3855034467,-353741.3855034467,60115.28732419691,60115.28732419691,60015.28732419691,0.0,100.0,0.0,0.0,60115.28732419691,35473.03855034466,1,0.0,100.0
1286,39157.30474249297,0.0,-391573.0474249297,0.0,10.0,0.0,-0.0,0.1,0.227802338,22.780233799999998,0.0,0.0,100.0,1.0,0.08,-8.0,-1001.8177188682262,1001.8177188682262,0.0,-1001.8177188682262,1001.8177188682262,0.0,-58198.62278042376,58198.62278042376,0.0,0.0,5908.34056640625,5908.34056640625,0.0,0.0,15036.612909260994,15036.612909260994,0.0,-391581.0474249297,-391581.0474249297,60202.25821816021,60202.25821816021,60102.25821816021,0.0,100.0,0.0,0.0,60202.25821816021,39257.30474249297,1,0.0,100.0
1287,45580.46027456319,0.0,-455804.60274563194,0.0,10.0,0.0,-0.0,0.1,0.240015647,24.0015647,0.0,0.0,100.0,1.0,0.08,-8.0,-1019.853702650664,1019.853702650664,0.0,-1019.853702650664,1019.853702650664,0.0,-58199.148531899256,58199.148531899256,0.0,0.0,3889.034296875,3889.034296875,0.0,0.0,10669.361365762396,10669.361365762396,0.0,-455812.60274563194,-455812.60274563194,60238.855937200584,60238.855937200584,60138.855937200584,0.0,100.0,0.0,0.0,60238.855937200584,45680.460274563186,1,0.0,100.0
1288,55969.94322054532,0.0,-559699.4322054532,0.0,10.0,0.0,-0.0,0.1,0.246839761,24.6839761,0.0,0.0,100.0,1.0,0.08,-8.0,-947.671854685829,947.671854685829,0.0,-947.671854685829,947.671854685829,0.0,-61156.26120954283,61156.26120954283,0.0,0.0,1757.544345703125,1757.544345703125,0.0,0.0,5224.117352666044,5224.117352666044,0.0,-559707.4322054532,-559707.4322054532,63051.60491891449,63051.60491891448,62951.60491891449,0.0,100.0,0.0,0.0,63051.60491891448,56069.94322054531,1,0.0,100.0
1289,56018.57182309568,0.0,-560185.7182309568,0.0,10.0,0.0,-0.0,0.1,0.252444835,25.244483499999998,0.0,0.0,100.0,1.0,0.11,-11.0,-648.7217239674347,648.7217239674347,0.0,-648.7217239674347,648.7217239674347,0.0,-56401.51688500317,56401.51688500317,0.0,0.0,336.551044921875,336.551044921875,0.0,0.0,1243.8374649204866,1243.8374649204866,0.0,-560196.7182309568,-560196.7182309568,57698.96033293804,57698.96033293804,57598.96033293804,0.0,100.0,0.0,0.0,57698.96033293804,56118.57182309568,1,0.0,100.0
1290,46502.3008106703,0.0,-465023.008106703,0.0,10.0,0.0,-0.0,0.1,0.259178664,25.9178664,0.0,0.0,100.0,1.0,0.11,-11.0,-608.6693765097874,608.6693765097874,0.0,-608.6693765097874,608.6693765097874,0.0,-45384.96205765072,45384.96205765072,0.0,0.0,0.0,0.0,0.0,0.0,0.0,0.0,0.0,-465034.008106703,-465034.008106703,46602.3008106703,46602.3008106703,46502.3008106703,0.0,100.0,0.0,0.0,46602.3008106703,46602.3008106703,1,0.0,100.0
1291,44982.24956650723,0.0,-449822.4956650723,0.0,10.0,0.0,-0.0,0.1,0.2629836339999999,26.298363399999992,0.0,0.0,100.0,1.0,0.11,-11.0,-587.1180804317598,587.1180804317598,0.0,-587.1180804317598,587.1180804317598,0.0,-43908.01340564371,43908.01340564371,0.0,0.0,0.0,0.0,0.0,0.0,0.0,0.0,0.0,-449833.4956650723,-449833.4956650723,45082.24956650723,45082.24956650723,44982.24956650723,0.0,100.0,0.0,0.0,45082.24956650723,45082.24956650723,1,0.0,100.0
1292,35959.22523311444,0.0,-359592.2523311444,0.0,10.0,0.0,-0.0,0.1,0.2698955739999999,26.989557399999992,0.0,0.0,100.0,1.0,0.11,-11.0,-594.0076827494785,594.0076827494785,0.0,-594.0076827494785,594.0076827494785,0.0,-34871.209867615486,34871.209867615486,0.0,0.0,0.0,0.0,0.0,0.0,0.0,0.0,0.0,-359603.2523311444,-359603.2523311444,36059.22523311444,36059.22523311444,35959.22523311444,0.0,100.0,0.0,0.0,36059.22523311444,36059.22523311444,1,0.0,100.0
1293,33763.084567509795,0.0,-337630.84567509795,0.0,10.0,0.0,-0.0,0.1,0.255137933,25.5137933,0.0,0.0,100.0,1.0,0.11,-11.0,-233.4283594454772,233.4283594454772,0.0,-233.4283594454772,233.4283594454772,0.0,-33396.227848618844,33396.227848618844,0.0,0.0,0.0,0.0,0.0,0.0,0.0,0.0,0.0,-337641.84567509795,-337641.84567509795,33863.084567509795,33863.084567509795,33763.084567509795,0.0,100.0,0.0,0.0,33863.084567509795,33863.084567509795,1,0.0,100.0
1294,21487.426169922528,0.0,-214874.2616992253,0.0,10.0,0.0,-0.0,0.1,0.272762089,27.2762089,0.0,0.0,100.0,1.0,0.11,-11.0,-232.7048524241392,232.7048524241392,0.0,-232.7048524241392,232.7048524241392,0.0,-21122.016465074248,21122.016465074248,0.0,0.0,0.0,0.0,0.0,0.0,0.0,0.0,0.0,-214885.2616992253,-214885.2616992253,21587.426169922528,21587.426169922528,21487.426169922528,0.0,100.0,0.0,0.0,21587.426169922528,21587.426169922528,1,0.0,100.0
1295,18508.960395099788,0.0,-185089.60395099787,0.0,10.0,0.0,-0.0,0.1,0.269308388,26.9308388,0.0,0.0,100.0,1.0,0.11,-11.0,-235.7611344308588,235.7611344308588,0.0,-235.7611344308588,235.7611344308588,0.0,-18137.43812623807,18137.43812623807,0.0,0.0,0.0,0.0,0.0,0.0,0.0,0.0,0.0,-185100.60395099787,-185100.60395099787,18608.960395099788,18608.960395099788,18508.960395099788,0.0,100.0,0.0,0.0,18608.960395099788,18608.960395099788,1,0.0,100.0
1296,17764.014338734643,0.0,-177640.14338734644,0.0,10.0,0.0,-0.0,0.1,0.258561238,25.856123800000002,0.0,0.0,100.0,1.0,0.08,-8.0,-232.7633096559259,232.7633096559259,0.0,-232.7633096559259,232.7633096559259,0.0,-17398.487719422792,17398.487719422792,0.0,0.0,0.0,0.0,0.0,0.0,0.0,0.0,0.0,-177648.14338734644,-177648.14338734644,17864.014338734643,17864.014338734643,17764.014338734643,0.0,100.0,0.0,0.0,17864.014338734643,17864.014338734643,1,0.0,100.0
1297,17763.86324702842,0.0,-177638.6324702842,0.0,10.0,0.0,-0.0,0.1,0.260663352,26.0663352,0.0,0.0,100.0,1.0,0.08,-8.0,-232.68776984878488,232.68776984878488,0.0,-232.68776984878488,232.68776984878488,0.0,-17398.487707330853,17398.487707330853,0.0,0.0,0.0,0.0,0.0,0.0,0.0,0.0,0.0,-177646.6324702842,-177646.6324702842,17863.86324702842,17863.86324702842,17763.86324702842,0.0,100.0,0.0,0.0,17863.86324702842,17863.86324702842,1,0.0,100.0
1298,17763.649061392778,0.0,-177636.49061392777,0.0,10.0,0.0,-0.0,0.1,0.2634071189999999,26.34071189999999,0.0,0.0,100.0,1.0,0.08,-8.0,-232.58066493902285,232.58066493902285,0.0,-232.58066493902285,232.58066493902285,0.0,-17398.48773151473,17398.48773151473,0.0,0.0,0.0,0.0,0.0,0.0,0.0,0.0,0.0,-177644.49061392777,-177644.49061392777,17863.649061392778,17863.649061392778,17763.649061392778,0.0,100.0,0.0,0.0,17863.649061392778,17863.649061392778,1,0.0,100.0
1299,17763.482421972054,0.0,-177634.82421972055,0.0,10.0,0.0,-0.0,0.1,0.2540369719999999,25.403697199999993,0.0,0.0,100.0,1.0,0.08,-8.0,-232.4973482516478,232.4973482516478,0.0,-232.4973482516478,232.4973482516478,0.0,-17398.48772546876,17398.48772546876,0.0,0.0,0.0,0.0,0.0,0.0,0.0,0.0,0.0,-177642.82421972055,-177642.82421972055,17863.482421972054,17863.482421972054,17763.482421972054,0.0,100.0,0.0,0.0,17863.482421972054,17863.482421972054,1,0.0,100.0
1300,18581.213680153112,0.0,-185812.13680153113,0.0,10.0,0.0,-0.0,0.1,0.254287881,25.4287881,0.0,0.0,100.0,1.0,0.08,-8.0,-236.8787377786153,236.8787377786153,0.0,-236.8787377786153,236.8787377786153,0.0,-18207.45620459588,18207.45620459588,0.0,0.0,0.0,0.0,0.0,0.0,0.0,0.0,0.0,-185820.13680153113,-185820.13680153113,18681.213680153112,18681.213680153112,18581.213680153112,0.0,100.0,0.0,0.0,18681.213680153112,18681.213680153112,1,0.0,100.0
1301,21587.806185867033,0.0,-215878.06185867032,0.0,10.0,0.0,-0.0,0.1,0.249717806,24.9717806,0.0,0.0,100.0,1.0,0.11,-11.0,-236.1327585006516,236.1327585006516,0.0,-236.1327585006516,236.1327585006516,0.0,-21215.54066886573,21215.54066886573,0.0,0.0,0.0,0.0,0.0,0.0,0.0,0.0,0.0,-215889.06185867032,-215889.06185867032,21687.806185867033,21687.806185867033,21587.806185867033,0.0,100.0,0.0,0.0,21687.806185867033,21687.806185867033,1,0.0,100.0
1302,24736.02915338994,0.0,-247360.2915338994,0.0,10.0,0.0,-0.0,0.1,0.2425318669999999,24.25318669999999,0.0,0.0,100.0,1.0,0.11,-11.0,-264.81288286896887,264.81288286896887,0.0,-264.81288286896887,264.81288286896887,0.0,-24306.403387652,24306.403387652,0.0,0.0,0.0,0.0,0.0,0.0,0.0,0.0,0.0,-247371.2915338994,-247371.2915338994,24836.02915338994,24836.02915338994,24736.02915338994,0.0,100.0,0.0,0.0,24836.02915338994,24836.02915338994,1,0.0,100.0
1303,27620.70866301273,0.0,-276207.0866301273,0.0,10.0,0.0,-0.0,0.1,0.237994876,23.7994876,0.0,0.0,100.0,1.0,0.11,-11.0,-504.00172270317273,504.00172270317273,0.0,-504.00172270317273,504.00172270317273,0.0,-30253.90924846174,30253.90924846174,0.0,0.0,1495.782421875,1495.782421875,0.0,0.0,2045.421608980356,2045.421608980356,0.0,-276218.0866301273,-276218.0866301273,31261.912693868086,31261.912693868086,31161.912693868086,0.0,100.0,0.0,0.0,31261.912693868086,27720.70866301273,1,0.0,100.0
1304,53917.46984981408,0.0,-539174.6984981408,0.0,10.0,0.0,-0.0,0.1,0.227020571,22.7020571,0.0,0.0,100.0,1.0,0.11,-11.0,-713.61192159295,713.61192159295,0.0,-713.61192159295,713.61192159295,0.0,-63387.868090524855,63387.868090524855,0.0,0.0,3776.850615234375,3776.850615234375,0.0,0.0,7020.771468662302,7020.771468662302,0.0,-539185.6984981408,-539185.6984981408,64815.091933710755,64815.091933710755,64715.091933710755,0.0,100.0,0.0,0.0,64815.091933710755,54017.46984981408,1,0.0,100.0
1305,41383.505049497515,0.0,-413835.0504949752,0.0,10.0,0.0,-0.0,0.1,0.221295524,22.129552399999998,0.0,0.0,100.0,1.0,0.11,-11.0,-759.9847687926267,759.9847687926267,0.0,-759.9847687926267,759.9847687926267,0.0,-61170.02957532579,61170.02957532579,0.0,0.0,10620.0551953125,10620.0551953125,0.0,0.0,10586.438868101031,10586.438868101031,0.0,-413846.0504949752,-413846.0504949752,62689.99911291104,62689.99911291104,62589.99911291104,0.0,100.0,0.0,0.0,62689.99911291104,41483.505049497515,1,0.0,100.0
1306,29446.659012226166,0.0,-294466.59012226167,0.0,10.0,0.0,-0.0,0.1,0.218672921,21.8672921,0.0,0.0,100.0,1.0,0.11,-11.0,-814.2067130432032,814.2067130432032,0.0,-814.2067130432032,814.2067130432032,0.0,-58211.87081796601,58211.87081796601,0.0,0.0,14621.273173828124,14621.273173828124,0.0,0.0,15672.35205799813,15672.35205799813,0.0,-294477.59012226167,-294477.59012226167,59840.284244052425,59840.28424405242,59740.284244052425,0.0,100.0,0.0,0.0,59840.28424405242,29546.659012226162,1,0.0,100.0
1307,27190.157691865475,0.0,-271901.5769186547,0.0,10.0,0.0,-0.0,0.1,0.226836736,22.683673600000002,0.0,0.0,100.0,1.0,0.11,-11.0,-863.0003167299454,863.0003167299454,0.0,-863.0003167299454,863.0003167299454,0.0,-58208.71531152803,58208.71531152803,0.0,0.0,17911.994501953126,17911.994501953126,0.0,0.0,14732.563751169318,14732.563751169318,0.0,-271912.5769186547,-271912.5769186547,59934.71594498792,59934.71594498792,59834.71594498792,0.0,100.0,0.0,0.0,59934.71594498792,27290.157691865475,1,0.0,100.0
1308,27386.992907950953,0.0,-273869.9290795095,0.0,10.0,0.0,-0.0,0.1,0.21065389,21.065389,0.0,0.0,100.0,1.0,0.11,-11.0,-911.1857706753112,911.1857706753112,0.0,-911.1857706753112,911.1857706753112,0.0,-55195.48764969749,55195.48764969749,0.0,0.0,18585.096591796875,18585.096591796875,0.0,0.0,10945.769691300282,10945.769691300282,0.0,-273880.9290795095,-273880.9290795095,57017.85919104811,57017.85919104811,56917.85919104811,0.0,100.0,0.0,0.0,57017.85919104811,27486.992907950953,1,0.0,100.0
1309,29941.043343242243,0.0,-299410.43343242246,0.0,10.0,0.0,-0.0,0.1,0.255603855,25.5603855,0.0,0.0,100.0,1.0,0.11,-11.0,-943.9723029994914,943.9723029994914,0.0,-943.9723029994914,943.9723029994914,0.0,-58204.34302346651,58204.34302346651,0.0,0.0,16977.13048828125,16977.13048828125,0.0,0.0,13074.113797942004,13074.113797942004,0.0,-299421.43343242246,-299421.43343242246,60092.2876294655,60092.28762946549,59992.2876294655,0.0,100.0,0.0,0.0,60092.28762946549,30041.043343242236,1,0.0,100.0
1310,34503.987670996044,0.0,-345039.87670996046,0.0,10.0,0.0,-0.0,0.1,0.250094203,25.009420300000002,0.0,0.0,100.0,1.0,0.08,-8.0,-988.6478016521102,988.6478016521102,0.0,-988.6478016521102,988.6478016521102,0.0,-58201.80507050732,58201.80507050732,0.0,0.0,15817.899111328124,15817.899111328124,0.0,0.0,9757.213891487372,9757.213891487372,0.0,-345047.87670996046,-345047.87670996046,60179.10067381154,60179.10067381154,60079.10067381154,0.0,100.0,0.0,0.0,60179.10067381154,34603.987670996044,1,0.0,100.0
1311,39050.63831338197,0.0,-390506.3831338197,0.0,10.0,0.0,-0.0,0.1,0.247898137,24.7898137,0.0,0.0,100.0,1.0,0.08,-8.0,-968.4846772732468,968.4846772732468,0.0,-968.4846772732468,968.4846772732468,0.0,-58200.53023548312,58200.53023548312,0.0,0.0,13275.068994140624,13275.068994140624,0.0,0.0,7711.792282507017,7711.792282507017,0.0,-390514.3831338197,-390514.3831338197,60137.499590029605,60137.49959002961,60037.499590029605,0.0,100.0,0.0,0.0,60137.49959002961,39150.638313381976,1,0.0,100.0
1312,55500.689078812335,0.0,-555006.8907881234,0.0,10.0,0.0,-0.0,0.1,0.251062406,25.106240600000003,0.0,0.0,100.0,1.0,0.08,-8.0,-892.0098457261244,892.0098457261244,0.0,-892.0098457261244,892.0098457261244,0.0,-61155.97831862252,61155.97831862252,0.0,0.0,2916.77572265625,2916.77572265625,0.0,0.0,4422.533208606174,4422.533208606174,0.0,-555014.8907881234,-555014.8907881234,62939.998010074756,62939.99801007476,62839.998010074756,0.0,100.0,0.0,0.0,62939.99801007476,55600.68907881234,1,0.0,100.0
1313,55555.58118686361,0.0,-555555.811868636,0.0,10.0,0.0,-0.0,0.1,0.21533877,21.533877,0.0,0.0,100.0,1.0,0.11,-11.0,-641.8517651092536,641.8517651092536,0.0,-641.8517651092536,641.8517651092536,0.0,-56399.38054162449,56399.38054162449,0.0,0.0,673.10208984375,673.10208984375,0.0,0.0,1354.400795135641,1354.400795135641,0.0,-555566.811868636,-555566.811868636,57683.084071843,57683.084071843,57583.084071843,0.0,100.0,0.0,0.0,57683.084071843,55655.58118686361,1,0.0,100.0
1314,46572.44439366397,0.0,-465724.4439366397,0.0,10.0,0.0,-0.0,0.1,0.205061213,20.5061213,0.0,0.0,100.0,1.0,0.11,-11.0,-645.4151126028719,645.4151126028719,0.0,-645.4151126028719,645.4151126028719,0.0,-45381.61416845823,45381.61416845823,0.0,0.0,0.0,0.0,0.0,0.0,0.0,0.0,0.0,-465735.4439366397,-465735.4439366397,46672.44439366397,46672.44439366397,46572.44439366397,0.0,100.0,0.0,0.0,46672.44439366397,46672.44439366397,1,0.0,100.0
1315,45062.70815107511,0.0,-450627.0815107511,0.0,10.0,0.0,-0.0,0.1,0.196797064,19.6797064,0.0,0.0,100.0,1.0,0.11,-11.0,-629.6021536170041,629.6021536170041,0.0,-629.6021536170041,629.6021536170041,0.0,-43903.5038438411,43903.5038438411,0.0,0.0,0.0,0.0,0.0,0.0,0.0,0.0,0.0,-450638.0815107511,-450638.0815107511,45162.70815107511,45162.70815107511,45062.70815107511,0.0,100.0,0.0,0.0,45162.70815107511,45162.70815107511,1,0.0,100.0
1316,36001.33013522135,0.0,-360013.30135221354,0.0,10.0,0.0,-0.0,0.1,0.17758753,17.758753,0.0,0.0,100.0,1.0,0.11,-11.0,-618.0526257840103,618.0526257840103,0.0,-618.0526257840103,618.0526257840103,0.0,-34865.22488365333,34865.22488365333,0.0,0.0,0.0,0.0,0.0,0.0,0.0,0.0,0.0,-360024.30135221354,-360024.30135221354,36101.33013522135,36101.33013522135,36001.33013522135,0.0,100.0,0.0,0.0,36101.33013522135,36101.33013522135,1,0.0,100.0
1317,33752.98196642598,0.0,-337529.8196642598,0.0,10.0,0.0,-0.0,0.1,0.15303794,15.303794000000002,0.0,0.0,100.0,1.0,0.11,-11.0,-232.9434770048345,232.9434770048345,0.0,-232.9434770048345,232.9434770048345,0.0,-33387.09501241631,33387.09501241631,0.0,0.0,0.0,0.0,0.0,0.0,0.0,0.0,0.0,-337540.8196642598,-337540.8196642598,33852.98196642598,33852.98196642598,33752.98196642598,0.0,100.0,0.0,0.0,33852.98196642598,33852.98196642598,1,0.0,100.0
1318,21488.101147678793,0.0,-214881.01147678794,0.0,10.0,0.0,-0.0,0.1,0.178688483,17.8688483,0.0,0.0,100.0,1.0,0.11,-11.0,-233.0423533942103,233.0423533942103,0.0,-233.0423533942103,233.0423533942103,0.0,-21122.016440890373,21122.016440890373,0.0,0.0,0.0,0.0,0.0,0.0,0.0,0.0,0.0,-214892.01147678794,-214892.01147678794,21588.101147678793,21588.101147678793,21488.101147678793,0.0,100.0,0.0,0.0,21588.101147678793,21588.101147678793,1,0.0,100.0
1319,18509.537126269122,0.0,-185095.37126269122,0.0,10.0,0.0,-0.0,0.1,0.210098248,21.009824799999997,0.0,0.0,100.0,1.0,0.11,-11.0,-236.04951210746364,236.04951210746364,0.0,-236.04951210746364,236.04951210746364,0.0,-18137.438102054195,18137.438102054195,0.0,0.0,0.0,0.0,0.0,0.0,0.0,0.0,0.0,-185106.37126269122,-185106.37126269122,18609.537126269122,18609.537126269122,18509.537126269122,0.0,100.0,0.0,0.0,18609.537126269122,18609.537126269122,1,0.0,100.0
1320,14751.253073725475,0.0,-147512.53073725474,0.0,10.0,0.0,-0.0,0.1,0.205401325,20.5401325,0.0,0.0,100.0,1.0,0.08,-8.0,-233.06030816142783,233.06030816142783,0.0,-233.06030816142783,233.06030816142783,0.0,-14385.132457402618,14385.132457402618,0.0,0.0,0.0,0.0,0.0,0.0,0.0,0.0,0.0,-147520.53073725474,-147520.53073725474,14851.253073725475,14851.253073725475,14751.253073725475,0.0,100.0,0.0,0.0,14851.253073725475,14851.253073725475,1,0.0,100.0
1321,14751.220181945933,0.0,-147512.20181945933,0.0,10.0,0.0,-0.0,0.1,0.215858975,21.5858975,0.0,0.0,100.0,1.0,0.08,-8.0,-233.0438683176261,233.0438683176261,0.0,-233.0438683176261,233.0438683176261,0.0,-14385.13244531068,14385.13244531068,0.0,0.0,0.0,0.0,0.0,0.0,0.0,0.0,0.0,-147520.20181945933,-147520.20181945933,14851.220181945933,14851.220181945933,14751.220181945933,0.0,100.0,0.0,0.0,14851.220181945933,14851.220181945933,1,0.0,100.0
1322,14751.20498760567,0.0,-147512.0498760567,0.0,10.0,0.0,-0.0,0.1,0.222436023,22.243602300000003,0.0,0.0,100.0,1.0,0.08,-8.0,-233.0362590555549,233.0362590555549,0.0,-233.0362590555549,233.0362590555549,0.0,-14385.13246949456,14385.13246949456,0.0,0.0,0.0,0.0,0.0,0.0,0.0,0.0,0.0,-147520.0498760567,-147520.0498760567,14851.20498760567,14851.20498760567,14751.20498760567,0.0,100.0,0.0,0.0,14851.20498760567,14851.20498760567,1,0.0,100.0
1323,14751.232601484751,0.0,-147512.32601484752,0.0,10.0,0.0,-0.0,0.1,0.226844901,22.684490099999998,0.0,0.0,100.0,1.0,0.08,-8.0,-233.05006901808133,233.05006901808133,0.0,-233.05006901808133,233.05006901808133,0.0,-14385.132463448588,14385.132463448588,0.0,0.0,0.0,0.0,0.0,0.0,0.0,0.0,0.0,-147520.32601484752,-147520.32601484752,14851.232601484751,14851.232601484751,14751.232601484751,0.0,100.0,0.0,0.0,14851.232601484751,14851.232601484751,1,0.0,100.0
1324,15492.222522925698,0.0,-154922.225229257,0.0,10.0,0.0,-0.0,0.1,0.233045886,23.304588600000002,0.0,0.0,100.0,1.0,0.08,-8.0,-234.06985051479404,234.06985051479404,0.0,-234.06985051479404,234.06985051479404,0.0,-15124.08282189611,15124.08282189611,0.0,0.0,0.0,0.0,0.0,0.0,0.0,0.0,0.0,-154930.225229257,-154930.225229257,15592.222522925698,15592.222522925698,15492.222522925698,0.0,100.0,0.0,0.0,15592.222522925698,15592.222522925698,1,0.0,100.0
1325,16970.009609349112,0.0,-169700.09609349113,0.0,10.0,0.0,-0.0,0.1,0.244606905,24.460690500000002,0.0,0.0,100.0,1.0,0.11,-11.0,-233.96687430063847,233.96687430063847,0.0,-233.96687430063847,233.96687430063847,0.0,-16602.075860747835,16602.075860747835,0.0,0.0,0.0,0.0,0.0,0.0,0.0,0.0,0.0,-169711.09609349113,-169711.09609349113,17070.009609349112,17070.009609349112,16970.009609349112,0.0,100.0,0.0,0.0,17070.009609349112,17070.009609349112,1,0.0,100.0
1326,24653.260901505248,0.0,-246532.60901505247,0.0,10.0,0.0,-0.0,0.1,0.2219911769999999,22.19911769999999,0.0,0.0,100.0,1.0,0.11,-11.0,-228.00392656897776,228.00392656897776,0.0,-228.00392656897776,228.00392656897776,0.0,-24297.253048367293,24297.253048367293,0.0,0.0,0.0,0.0,0.0,0.0,0.0,0.0,0.0,-246543.60901505247,-246543.60901505247,24753.260901505248,24753.260901505248,24653.260901505248,0.0,100.0,0.0,0.0,24753.260901505248,24753.260901505248,1,0.0,100.0
1327,18202.867895555606,0.0,-182028.67895555607,0.0,10.0,0.0,-0.0,0.1,0.224530026,22.453002599999998,0.0,0.0,100.0,1.0,0.11,-11.0,-197.7698739212051,197.7698739212051,0.0,-197.7698739212051,197.7698739212051,0.0,-24215.729659037304,24215.729659037304,0.0,0.0,4262.97990234375,4262.97990234375,0.0,0.0,2045.421608980356,2045.421608980356,0.0,-182039.67895555607,-182039.67895555607,24611.269406879714,24611.269406879714,24511.269406879714,0.0,100.0,0.0,0.0,24611.269406879714,18302.86789555561,1,0.0,100.0
1328,20927.309304757473,0.0,-209273.09304757474,0.0,10.0,0.0,-0.0,0.1,0.23075894,23.075893999999998,0.0,0.0,100.0,1.0,0.11,-11.0,-197.7199006538596,197.7199006538596,0.0,-197.7199006538596,197.7199006538596,0.0,-39270.97522277162,39270.97522277162,0.0,0.0,11480.130087890624,11480.130087890624,0.0,0.0,7158.975631431245,7158.975631431245,0.0,-209284.09304757474,-209284.09304757474,39666.41502407934,39666.415024079346,39566.41502407934,0.0,100.0,0.0,0.0,39666.415024079346,21027.309304757477,1,0.0,100.0
1329,6192.946329707071,0.0,-61929.4632970707,0.0,10.0,0.0,-0.0,0.1,0.235640103,23.5640103,0.0,0.0,100.0,1.0,0.11,-11.0,-197.7316256405862,197.7316256405862,0.0,-197.7316256405862,197.7316256405862,0.0,-37049.4047542035,37049.4047542035,0.0,0.0,18547.70203125,18547.70203125,0.0,0.0,12604.2196445276,12604.2196445276,0.0,-61940.4632970707,-61940.4632970707,37444.86800548467,37444.86800548467,37344.86800548467,0.0,100.0,0.0,0.0,37444.86800548467,6292.946329707069,1,0.0,100.0
1330,0.0,0.0,-0.0,55.55555555555556,10.0,0.0,-0.0,0.1,0.233395343,0.0,0.0,100.0,0.0,1.0,0.11,0.0,-197.6683233819529,197.6683233819529,0.0,-197.6683233819529,197.6683233819529,0.0,-34090.20042498896,34090.20042498896,0.0,0.0,21913.21248046875,21913.21248046875,0.0,4105.386878417583,16833.267025257253,12727.88014683967,0.0,0.0,0.0,34641.09262730842,34641.09262730842,34641.09262730842,0.0,0.0,155.55555555555475,0.0,34485.537071752864,-4260.942433973141,1,-55.55555555555556,-100.0
1331,0.0,0.0,-0.0,44.44444444444444,60.0,0.0,-0.0,0.6,0.252625225,0.0,0.0,100.0,0.0,1.0,0.11,0.0,-200.4839124852049,200.4839124852049,0.0,-200.4839124852049,200.4839124852049,0.0,-34088.639863484685,34088.639863484685,0.0,0.0,24530.83171875,24530.83171875,0.0,9770.538192024462,19873.758606174,10103.220414149539,0.0,0.0,0.0,34634.05213289954,34634.05213289954,34634.05213289954,0.0,0.0,144.44444444444525,0.0,34489.60768845509,-9914.982636468907,1,-44.44444444444444,-100.0
1332,0.0,0.0,-0.0,0.0,100.0,-0.0,-0.0,1.0,0.236031641,0.0,0.0,100.0,0.0,1.0,0.11,0.0,-197.60742213006893,197.60742213006893,0.0,-197.60742213006893,197.60742213006893,0.0,-34088.04984939769,34088.04984939769,0.0,0.0,24530.83171875,24530.83171875,0.0,10595.268942772247,20647.70191768008,10052.432974907832,0.0,0.0,0.0,34583.26469365783,34583.26469365783,34583.26469365783,0.0,0.0,100.0,0.0,34483.26469365783,-10695.268942772243,1,-0.0,-100.0
1333,0.0,0.0,-0.0,0.0,100.0,-0.0,-0.0,1.0,0.245897053,0.0,0.0,100.0,0.0,1.0,0.11,0.0,-197.74335351439552,197.74335351439552,0.0,-197.74335351439552,197.74335351439552,0.0,-34087.47765882926,34087.47765882926,0.0,0.0,22773.287373046875,22773.287373046875,0.0,7096.652473980223,18906.3294667914,11809.676992811179,0.0,0.0,0.0,34582.96436585805,34582.96436585805,34582.96436585805,0.0,0.0,100.0,0.0,34482.96436585805,-7196.652473980219,1,-0.0,-100.0
1334,0.0,0.0,-0.0,0.0,100.0,-0.0,-0.0,1.0,0.251339685,0.0,0.0,100.0,0.0,1.0,0.08,0.0,-197.78181393282907,197.78181393282907,0.0,-197.78181393282907,197.78181393282907,0.0,-19025.87497565436,19025.87497565436,0.0,0.0,16378.817519531249,16378.817519531249,0.0,12280.96348102527,15423.584565014036,3142.6210839887663,0.0,0.0,0.0,19521.438603520015,19521.438603520015,19521.438603520015,0.0,0.0,100.0,0.0,19421.438603520015,-12380.963481025268,1,-0.0,-100.0
1335,0.0,0.0,-0.0,0.0,100.0,-0.0,-0.0,1.0,0.256242272,0.0,0.0,100.0,0.0,1.0,0.08,0.0,-197.73130902385176,197.73130902385176,0.0,-197.73130902385176,197.73130902385176,0.0,-19029.56932913812,19029.56932913812,0.0,0.0,13013.3070703125,13013.3070703125,0.0,4406.403981873167,10918.128858746491,6511.724876873324,0.0,0.0,0.0,19525.031947185824,19525.031947185824,19525.031947185824,0.0,0.0,100.0,0.0,19425.031947185824,-4506.403981873169,1,-0.0,-100.0
1336,11570.716289071972,0.0,-115707.16289071972,0.0,100.0,45.0,-0.0,1.0,0.235361297,23.5361297,0.0,0.0,100.0,1.0,0.08,-8.0,-197.29634311310363,197.29634311310363,0.0,-197.29634311310363,197.29634311310363,0.0,-21988.58004222033,21988.58004222033,0.0,0.0,5609.18408203125,5609.18408203125,0.0,0.0,5058.272357343312,5058.272357343312,0.0,-115715.16289071972,-115715.16289071972,22383.172728446534,22383.172728446534,22238.172728446534,0.0,145.0,0.0,0.0,22383.172728446534,11715.716289071972,1,45.0,100.0
1337,20246.453870973546,0.0,-202464.53870973547,0.0,50.0,36.0,-0.0,0.5,0.204571383,20.4571383,0.0,0.0,100.0,1.0,0.11,-11.0,-197.2719742523628,197.2719742523628,0.0,-197.2719742523628,197.2719742523628,0.0,-21756.89158647103,21756.89158647103,0.0,0.0,635.707529296875,635.707529296875,0.0,0.0,1133.2741347053322,1133.2741347053322,0.0,-202475.53870973547,-202475.53870973547,22151.435534975753,22151.435534975753,22015.435534975753,0.0,136.0,0.0,0.0,22151.435534975753,20382.453870973546,1,36.0,100.0
1338,21390.114322037065,0.0,-213901.14322037064,0.0,10.0,0.0,-0.0,0.1,0.174033541,17.4033541,0.0,0.0,100.0,1.0,0.11,-11.0,-227.1835120649717,227.1835120649717,0.0,-227.1835120649717,227.1835120649717,0.0,-21035.74729790712,21035.74729790712,0.0,0.0,0.0,0.0,0.0,0.0,0.0,0.0,0.0,-213912.14322037064,-213912.14322037064,21490.114322037065,21490.114322037065,21390.114322037065,0.0,100.0,0.0,0.0,21490.114322037065,21490.114322037065,1,0.0,100.0
1339,19926.192825380982,0.0,-199261.9282538098,0.0,10.0,0.0,-0.0,0.1,0.172755729,17.2755729,0.0,0.0,100.0,1.0,0.11,-11.0,-234.17313125341008,234.17313125341008,0.0,-234.17313125341008,234.17313125341008,0.0,-19557.84656287416,19557.84656287416,0.0,0.0,0.0,0.0,0.0,0.0,0.0,0.0,0.0,-199272.9282538098,-199272.9282538098,20026.192825380982,20026.192825380982,19926.192825380982,0.0,100.0,0.0,0.0,20026.192825380982,20026.192825380982,1,0.0,100.0
1340,19926.038572758054,0.0,-199260.38572758055,0.0,10.0,0.0,-0.0,0.1,0.179265586,17.9265586,0.0,0.0,100.0,1.0,0.11,-11.0,-234.09600191896303,234.09600191896303,0.0,-234.09600191896303,234.09600191896303,0.0,-19557.84656892013,19557.84656892013,0.0,0.0,0.0,0.0,0.0,0.0,0.0,0.0,0.0,-199271.38572758055,-199271.38572758055,20026.038572758054,20026.038572758054,19926.038572758054,0.0,100.0,0.0,0.0,20026.038572758054,20026.038572758054,1,0.0,100.0
1341,18447.080601155732,0.0,-184470.80601155732,0.0,10.0,0.0,-0.0,0.1,0.18408788,18.408788,0.0,0.0,100.0,1.0,0.11,-11.0,-233.5366217406616,233.5366217406616,0.0,-233.5366217406616,233.5366217406616,0.0,-18080.00735767441,18080.00735767441,0.0,0.0,0.0,0.0,0.0,0.0,0.0,0.0,0.0,-184481.80601155732,-184481.80601155732,18547.080601155732,18547.080601155732,18447.080601155732,0.0,100.0,0.0,0.0,18547.080601155732,18547.080601155732,1,0.0,100.0
1342,16967.588547145773,0.0,-169675.88547145773,0.0,10.0,0.0,-0.0,0.1,0.195583806,19.5583806,0.0,0.0,100.0,1.0,0.11,-11.0,-232.8024830164155,232.8024830164155,0.0,-232.8024830164155,232.8024830164155,0.0,-16601.98358111294,16601.98358111294,0.0,0.0,0.0,0.0,0.0,0.0,0.0,0.0,0.0,-169686.88547145773,-169686.88547145773,17067.588547145773,17067.588547145773,16967.588547145773,0.0,100.0,0.0,0.0,17067.588547145773,17067.588547145773,1,0.0,100.0
1343,15495.413621860987,0.0,-154954.13621860987,0.0,10.0,0.0,-0.0,0.1,0.200750063,20.075006300000002,0.0,0.0,100.0,1.0,0.11,-11.0,-235.6653999824381,235.6653999824381,0.0,-235.6653999824381,235.6653999824381,0.0,-15124.08282189611,15124.08282189611,0.0,0.0,0.0,0.0,0.0,0.0,0.0,0.0,0.0,-154965.13621860987,-154965.13621860987,15595.413621860987,15595.413621860987,15495.413621860987,0.0,100.0,0.0,0.0,15595.413621860987,15595.413621860987,1,0.0,100.0
1344,14750.658748626896,0.0,-147506.58748626895,0.0,10.0,0.0,-0.0,0.1,0.201802875,20.1802875,0.0,0.0,100.0,1.0,0.08,-8.0,-232.7785356279049,232.7785356279049,0.0,-232.7785356279049,232.7785356279049,0.0,-14385.101677371087,14385.101677371087,0.0,0.0,0.0,0.0,0.0,0.0,0.0,0.0,0.0,-147514.58748626895,-147514.58748626895,14850.658748626896,14850.658748626896,14750.658748626896,0.0,100.0,0.0,0.0,14850.658748626896,14850.658748626896,1,0.0,100.0
1345,14750.595097889181,0.0,-147505.9509788918,0.0,10.0,0.0,-0.0,0.1,0.221997222,22.1997222,0.0,0.0,100.0,1.0,0.08,-8.0,-232.7467132820325,232.7467132820325,0.0,-232.7467132820325,232.7467132820325,0.0,-14385.101671325116,14385.101671325116,0.0,0.0,0.0,0.0,0.0,0.0,0.0,0.0,0.0,-147513.9509788918,-147513.9509788918,14850.595097889181,14850.595097889181,14750.595097889181,0.0,100.0,0.0,0.0,14850.595097889181,14850.595097889181,1,0.0,100.0
1346,14750.585004501503,0.0,-147505.85004501505,0.0,10.0,0.0,-0.0,0.1,0.2301105819999999,23.01105819999999,0.0,0.0,100.0,1.0,0.08,-8.0,-232.7416635652076,232.7416635652076,0.0,-232.7416635652076,232.7416635652076,0.0,-14385.101677371087,14385.101677371087,0.0,0.0,0.0,0.0,0.0,0.0,0.0,0.0,0.0,-147513.85004501505,-147513.85004501505,14850.585004501503,14850.585004501503,14750.585004501503,0.0,100.0,0.0,0.0,14850.585004501503,14850.585004501503,1,0.0,100.0
1347,14750.60161978788,0.0,-147506.0161978788,0.0,10.0,0.0,-0.0,0.1,0.228554905,22.855490500000002,0.0,0.0,100.0,1.0,0.08,-8.0,-232.7499712083961,232.7499712083961,0.0,-232.7499712083961,232.7499712083961,0.0,-14385.101677371087,14385.101677371087,0.0,0.0,0.0,0.0,0.0,0.0,0.0,0.0,0.0,-147514.0161978788,-147514.0161978788,14850.60161978788,14850.60161978788,14750.60161978788,0.0,100.0,0.0,0.0,14850.60161978788,14850.60161978788,1,0.0,100.0
1348,15491.548459301992,0.0,-154915.4845930199,0.0,10.0,0.0,-0.0,0.1,0.224636333,22.463633299999998,0.0,0.0,100.0,1.0,0.08,-8.0,-233.748205695721,233.748205695721,0.0,-233.748205695721,233.748205695721,0.0,-15124.05204791055,15124.05204791055,0.0,0.0,0.0,0.0,0.0,0.0,0.0,0.0,0.0,-154923.4845930199,-154923.4845930199,15591.548459301992,15591.548459301992,15491.548459301992,0.0,100.0,0.0,0.0,15591.548459301992,15591.548459301992,1,0.0,100.0
1349,17039.442006941885,0.0,-170394.42006941885,0.0,10.0,0.0,-0.0,0.1,0.210107716,21.010771599999998,0.0,0.0,100.0,1.0,0.11,-11.0,-233.70133449411605,233.70133449411605,0.0,-233.70133449411605,233.70133449411605,0.0,-16672.039337953654,16672.039337953654,0.0,0.0,0.0,0.0,0.0,0.0,0.0,0.0,0.0,-170405.42006941885,-170405.42006941885,17139.442006941885,17139.442006941885,17039.442006941885,0.0,100.0,0.0,0.0,17139.442006941885,17139.442006941885,1,0.0,100.0
1350,18433.64867640529,0.0,-184336.48676405288,0.0,10.0,0.0,-0.0,0.1,0.2121257869999999,21.21257869999999,0.0,0.0,100.0,1.0,0.11,-11.0,-227.76986148683568,227.76986148683568,0.0,-227.76986148683568,227.76986148683568,0.0,-18078.10895343162,18078.10895343162,0.0,0.0,0.0,0.0,0.0,0.0,0.0,0.0,0.0,-184347.48676405288,-184347.48676405288,18533.64867640529,18533.64867640529,18433.64867640529,0.0,100.0,0.0,0.0,18533.64867640529,18533.64867640529,1,0.0,100.0
1351,14270.859058279791,0.0,-142708.59058279791,0.0,10.0,0.0,-0.0,0.1,0.218013717,21.8013717,0.0,0.0,100.0,1.0,0.11,-11.0,-197.5948712703273,197.5948712703273,0.0,-197.5948712703273,197.5948712703273,0.0,-18006.274955995075,18006.274955995075,0.0,0.0,1570.57154296875,1570.57154296875,0.0,0.0,2460.0340972871845,2460.0340972871845,0.0,-142719.59058279791,-142719.59058279791,18401.464698535725,18401.46469853573,18301.464698535725,0.0,100.0,0.0,0.0,18401.46469853573,14370.859058279795,1,0.0,100.0
1352,6814.574007942843,0.0,-68145.74007942843,0.0,10.0,0.0,-0.0,0.1,0.2268209789999999,22.682097899999988,0.0,0.0,100.0,1.0,0.11,-11.0,-197.66503039217915,197.66503039217915,0.0,-197.66503039217915,197.66503039217915,0.0,-17936.37004609733,17936.37004609733,0.0,0.0,3290.721328125,3290.721328125,0.0,0.0,8126.404770813846,8126.404770813846,0.0,-68156.74007942843,-68156.74007942843,18331.70010688169,18331.70010688169,18231.70010688169,0.0,100.0,0.0,0.0,18331.70010688169,6914.574007942843,1,0.0,100.0
1353,0.0,0.0,-0.0,55.55555555555556,10.0,0.0,-0.0,0.1,0.241512658,0.0,0.0,100.0,0.0,1.0,0.11,0.0,-197.78785555084417,197.78785555084417,0.0,-197.78785555084417,197.78785555084417,0.0,-15719.518934478949,15719.518934478949,0.0,0.0,6020.524248046875,6020.524248046875,0.0,3238.600333159515,13488.726286248831,10250.125953089317,0.0,0.0,0.0,16270.650201136192,16270.650201136192,16270.650201136192,0.0,0.0,155.55555555555475,0.0,16115.094645580637,-3394.1558887150713,1,-55.55555555555556,-100.0
1354,0.0,0.0,-0.0,44.44444444444444,60.0,0.0,-0.0,0.6,0.244768542,0.0,0.0,100.0,0.0,1.0,0.11,0.0,-197.89125081040672,197.89125081040672,0.0,-197.89125081040672,197.89125081040672,0.0,-12763.71745836707,12763.71745836707,0.0,0.0,7628.4903515625,7628.4903515625,0.0,11130.172139833638,16805.626192703465,5675.454052869828,0.0,0.0,0.0,13303.944404432328,13303.944404432328,13303.944404432328,0.0,0.0,144.44444444444525,0.0,13159.499959987883,-11274.616584278083,1,-44.44444444444444,-100.0
1355,0.0,0.0,-0.0,0.0,100.0,-0.0,-0.0,1.0,0.247763621,0.0,0.0,100.0,0.0,1.0,0.11,0.0,-200.8050121059101,200.8050121059101,0.0,-200.8050121059101,200.8050121059101,0.0,-12763.77895797043,12763.77895797043,0.0,0.0,8563.354365234374,8563.354365234374,0.0,11578.415757233604,16280.45037418148,4702.034616947876,0.0,0.0,0.0,13265.38898218225,13265.38898218225,13265.38898218225,0.0,0.0,100.0,0.0,13165.38898218225,-11678.415757233606,1,-0.0,-100.0
1356,0.0,0.0,-0.0,0.0,100.0,-0.0,-0.0,1.0,0.244788795,0.0,0.0,100.0,0.0,1.0,0.11,0.0,-197.96032890808107,197.96032890808107,0.0,-197.96032890808107,197.96032890808107,0.0,-12763.778951924458,12763.778951924458,0.0,0.0,8638.143486328125,8638.143486328125,0.0,13593.752529534182,18215.30865294668,4621.556123412496,0.0,0.0,0.0,13259.69960974062,13259.69960974062,13259.69960974062,0.0,0.0,100.0,0.0,13159.69960974062,-13693.752529534182,1,-0.0,-100.0
1357,0.0,0.0,-0.0,0.0,100.0,-0.0,-0.0,1.0,0.247234213,0.0,0.0,100.0,0.0,1.0,0.11,0.0,-198.13928334752785,198.13928334752785,0.0,-198.13928334752785,198.13928334752785,0.0,-12763.871231559351,12763.871231559351,0.0,0.0,9797.37486328125,9797.37486328125,0.0,12043.732127702244,15506.5070626754,3462.7749349731566,0.0,0.0,0.0,13260.149798254406,13260.149798254406,13260.149798254406,0.0,0.0,100.0,0.0,13160.149798254406,-12143.732127702246,1,-0.0,-100.0
1358,0.0,0.0,-0.0,0.0,100.0,-0.0,-0.0,1.0,0.246542177,0.0,0.0,100.0,0.0,1.0,0.08,0.0,-198.209875992042,198.209875992042,0.0,-198.209875992042,198.209875992042,0.0,-12763.77893983252,12763.77893983252,0.0,0.0,8002.43595703125,8002.43595703125,0.0,8949.625197861982,14207.387932647336,5257.762734785354,0.0,0.0,0.0,13260.198691816604,13260.198691816604,13260.198691816604,0.0,0.0,100.0,0.0,13160.198691816604,-9049.62519786198,1,-0.0,-100.0
1359,0.0,0.0,-0.0,0.0,100.0,-0.0,-0.0,1.0,0.24862931,0.0,0.0,100.0,0.0,1.0,0.08,0.0,-198.1741903111193,198.1741903111193,0.0,-198.1741903111193,198.1741903111193,0.0,-12763.717452321098,12763.717452321098,0.0,0.0,5534.3949609375,5534.3949609375,0.0,3413.5846471709656,11139.255519176802,7725.670872005837,0.0,0.0,0.0,13260.065832943337,13260.065832943337,13260.065832943337,0.0,0.0,100.0,0.0,13160.065832943337,-3513.5846471709647,1,-0.0,-100.0
1360,8346.141731465577,0.0,-83461.41731465577,0.0,100.0,45.0,-0.0,1.0,0.248463538,24.846353800000003,0.0,0.0,100.0,1.0,0.08,-8.0,-197.75252489740825,197.75252489740825,0.0,-197.75252489740825,197.75252489740825,0.0,-15719.518934478949,15719.518934478949,0.0,0.0,2206.279072265625,2206.279072265625,0.0,0.0,5417.603180542564,5417.603180542564,0.0,-83469.41731465577,-83469.41731465577,16115.023984273766,16115.023984273765,15970.023984273766,0.0,145.0,0.0,0.0,16115.023984273765,8491.141731465576,1,45.0,100.0
1361,18561.242123096778,0.0,-185612.42123096777,0.0,50.0,36.0,-0.0,0.5,0.2335413139999999,23.35413139999999,0.0,0.0,100.0,1.0,0.11,-11.0,-197.6938328077213,197.6938328077213,0.0,-197.6938328077213,197.6938328077213,0.0,-20002.560025531937,20002.560025531937,0.0,0.0,373.94560546875,373.94560546875,0.0,0.0,1326.7599625818525,1326.7599625818525,0.0,-185623.42123096777,-185623.42123096777,20397.94769114738,20397.94769114738,20261.94769114738,0.0,136.0,0.0,0.0,20397.94769114738,18697.242123096778,1,36.0,100.0
1362,21483.787657968966,0.0,-214837.87657968965,0.0,10.0,0.0,-0.0,0.1,0.1946906289999999,19.46906289999999,0.0,0.0,100.0,1.0,0.11,-11.0,-227.5112017238767,227.5112017238767,0.0,-227.5112017238767,227.5112017238767,0.0,-21128.76525452121,21128.76525452121,0.0,0.0,0.0,0.0,0.0,0.0,0.0,0.0,0.0,-214848.87657968965,-214848.87657968965,21583.787657968966,21583.787657968966,21483.787657968966,0.0,100.0,0.0,0.0,21583.787657968966,21583.787657968966,1,0.0,100.0
1363,20043.141484876767,0.0,-200431.4148487677,0.0,10.0,0.0,-0.0,0.1,0.183536448,18.353644799999998,0.0,0.0,100.0,1.0,0.11,-11.0,-234.4620465968627,234.4620465968627,0.0,-234.4620465968627,234.4620465968627,0.0,-19674.217391683043,19674.217391683043,0.0,0.0,0.0,0.0,0.0,0.0,0.0,0.0,0.0,-200442.4148487677,-200442.4148487677,20143.141484876767,20143.141484876767,20043.141484876767,0.0,100.0,0.0,0.0,20143.141484876767,20143.141484876767,1,0.0,100.0
1364,20019.621060573856,0.0,-200196.21060573857,0.0,10.0,0.0,-0.0,0.1,0.19744613,19.744613,0.0,0.0,100.0,1.0,0.11,-11.0,-234.308079858054,234.308079858054,0.0,-234.308079858054,234.308079858054,0.0,-19651.004900857748,19651.004900857748,0.0,0.0,0.0,0.0,0.0,0.0,0.0,0.0,0.0,-200207.21060573857,-200207.21060573857,20119.621060573856,20119.621060573856,20019.621060573856,0.0,100.0,0.0,0.0,20119.621060573856,20119.621060573856,1,0.0,100.0
1365,18563.841309987296,0.0,-185638.41309987297,0.0,10.0,0.0,-0.0,0.1,0.211116694,21.1116694,0.0,0.0,100.0,1.0,0.11,-11.0,-233.6538287201053,233.6538287201053,0.0,-233.6538287201053,233.6538287201053,0.0,-18196.533652547085,18196.533652547085,0.0,0.0,0.0,0.0,0.0,0.0,0.0,0.0,0.0,-185649.41309987297,-185649.41309987297,18663.841309987296,18663.841309987296,18563.841309987296,0.0,100.0,0.0,0.0,18663.841309987296,18663.841309987296,1,0.0,100.0
1366,17061.061791643875,0.0,-170610.61791643876,0.0,10.0,0.0,-0.0,0.1,0.224614086,22.4614086,0.0,0.0,100.0,1.0,0.11,-11.0,-232.8729740690925,232.8729740690925,0.0,-232.8729740690925,232.8729740690925,0.0,-16695.31584350569,16695.31584350569,0.0,0.0,0.0,0.0,0.0,0.0,0.0,0.0,0.0,-170621.61791643876,-170621.61791643876,17161.061791643875,17161.061791643875,17061.061791643875,0.0,100.0,0.0,0.0,17161.061791643875,17161.061791643875,1,0.0,100.0
1367,15612.37787340732,0.0,-156123.77873407322,0.0,10.0,0.0,-0.0,0.1,0.222416532,22.241653200000002,0.0,0.0,100.0,1.0,0.11,-11.0,-235.7610526301828,235.7610526301828,0.0,-235.7610526301828,235.7610526301828,0.0,-15240.855768146956,15240.855768146956,0.0,0.0,0.0,0.0,0.0,0.0,0.0,0.0,0.0,-156134.77873407322,-156134.77873407322,15712.37787340732,15712.37787340732,15612.37787340732,0.0,100.0,0.0,0.0,15712.37787340732,15712.37787340732,1,0.0,100.0
1368,17857.79695381138,0.0,-178577.9695381138,0.0,10.0,0.0,-0.0,0.1,0.228450871,22.8450871,0.0,0.0,100.0,1.0,0.08,-8.0,-232.8864602599405,232.8864602599405,0.0,-232.8864602599405,232.8864602599405,0.0,-17492.0240332915,17492.0240332915,0.0,0.0,0.0,0.0,0.0,0.0,0.0,0.0,0.0,-178585.9695381138,-178585.9695381138,17957.79695381138,17957.79695381138,17857.79695381138,0.0,100.0,0.0,0.0,17957.79695381138,17957.79695381138,1,0.0,100.0
1369,17881.197525311567,0.0,-178811.97525311567,0.0,10.0,0.0,-0.0,0.1,0.2247948789999999,22.479487899999988,0.0,0.0,100.0,1.0,0.08,-8.0,-232.89655835465328,232.89655835465328,0.0,-232.89655835465328,232.89655835465328,0.0,-17515.40440860226,17515.40440860226,0.0,0.0,0.0,0.0,0.0,0.0,0.0,0.0,0.0,-178819.97525311567,-178819.97525311567,17981.197525311567,17981.197525311567,17881.197525311567,0.0,100.0,0.0,0.0,17981.197525311567,17981.197525311567,1,0.0,100.0
1370,17857.88536195443,0.0,-178578.8536195443,0.0,10.0,0.0,-0.0,0.1,0.2240397639999999,22.40397639999999,0.0,0.0,100.0,1.0,0.08,-8.0,-232.88418896270304,232.88418896270304,0.0,-232.88418896270304,232.88418896270304,0.0,-17492.116984029024,17492.116984029024,0.0,0.0,0.0,0.0,0.0,0.0,0.0,0.0,0.0,-178586.8536195443,-178586.8536195443,17957.88536195443,17957.88536195443,17857.88536195443,0.0,100.0,0.0,0.0,17957.88536195443,17957.88536195443,1,0.0,100.0
1371,17881.331480955214,0.0,-178813.31480955213,0.0,10.0,0.0,-0.0,0.1,0.227070181,22.707018100000003,0.0,0.0,100.0,1.0,0.08,-8.0,-232.8819972066856,232.8819972066856,0.0,-232.8819972066856,232.8819972066856,0.0,-17515.567486541844,17515.567486541844,0.0,0.0,0.0,0.0,0.0,0.0,0.0,0.0,0.0,-178821.31480955213,-178821.31480955213,17981.331480955214,17981.331480955214,17881.331480955214,0.0,100.0,0.0,0.0,17981.331480955214,17981.331480955214,1,0.0,100.0
1372,18599.113237724778,0.0,-185991.1323772478,0.0,10.0,0.0,-0.0,0.1,0.222008238,22.2008238,0.0,0.0,100.0,1.0,0.08,-8.0,-233.92713109697385,233.92713109697385,0.0,-233.92713109697385,233.92713109697385,0.0,-18231.25897553083,18231.25897553083,0.0,0.0,0.0,0.0,0.0,0.0,0.0,0.0,0.0,-185999.1323772478,-185999.1323772478,18699.113237724778,18699.113237724778,18599.113237724778,0.0,100.0,0.0,0.0,18699.113237724778,18699.113237724778,1,0.0,100.0
1373,21607.045734820353,0.0,-216070.45734820352,0.0,10.0,0.0,-0.0,0.1,0.225724406,22.5724406,0.0,0.0,100.0,1.0,0.11,-11.0,-233.85584220527304,233.85584220527304,0.0,-233.85584220527304,233.85584220527304,0.0,-21239.334050409805,21239.334050409805,0.0,0.0,0.0,0.0,0.0,0.0,0.0,0.0,0.0,-216081.45734820352,-216081.45734820352,21707.045734820353,21707.045734820353,21607.045734820353,0.0,100.0,0.0,0.0,21707.045734820353,21707.045734820353,1,0.0,100.0
1374,24367.60538489014,0.0,-243676.05384890139,0.0,10.0,0.0,-0.0,0.1,0.203529362,20.3529362,0.0,0.0,100.0,1.0,0.11,-11.0,-335.0762907918293,335.0762907918293,0.0,-335.0762907918293,335.0762907918293,0.0,-23797.45280330648,23797.45280330648,0.0,0.0,0.0,0.0,0.0,0.0,0.0,0.0,0.0,-243687.05384890139,-243687.05384890139,24467.60538489014,24467.60538489014,24367.60538489014,0.0,100.0,0.0,0.0,24467.60538489014,24467.60538489014,1,0.0,100.0
1375,27498.51925706648,0.0,-274985.1925706648,0.0,10.0,0.0,-0.0,0.1,0.201657478,20.1657478,0.0,0.0,100.0,1.0,0.11,-11.0,-577.8152246946144,577.8152246946144,0.0,-577.8152246946144,577.8152246946144,0.0,-30250.747436077407,30250.747436077407,0.0,0.0,1458.387861328125,1458.387861328125,0.0,0.0,2349.4707670720304,2349.4707670720304,0.0,-274996.1925706648,-274996.1925706648,31406.377885466634,31406.377885466634,31306.377885466634,0.0,100.0,0.0,0.0,31406.377885466634,27598.51925706648,1,0.0,100.0
1376,53620.44929623073,0.0,-536204.4929623073,0.0,10.0,0.0,-0.0,0.1,0.200851978,20.0851978,0.0,0.0,100.0,1.0,0.11,-11.0,-778.6705001569171,778.6705001569171,0.0,-778.6705001569171,778.6705001569171,0.0,-63373.72251669493,63373.72251669493,0.0,0.0,3664.66693359375,3664.66693359375,0.0,0.0,7545.947287184285,7545.947287184285,0.0,-536215.4929623073,-536215.4929623073,64931.06351700876,64931.06351700876,64831.06351700876,0.0,100.0,0.0,0.0,64931.06351700876,53720.44929623073,1,0.0,100.0
1377,45413.84319299308,0.0,-454138.4319299308,0.0,10.0,0.0,-0.0,0.1,0.200075315,20.0075315,0.0,0.0,100.0,1.0,0.11,-11.0,-824.9134759169812,824.9134759169812,0.0,-824.9134759169812,824.9134759169812,0.0,-61155.55038489011,61155.55038489011,0.0,0.0,4936.0819921875,4936.0819921875,0.0,0.0,12355.4521515435,12355.4521515435,0.0,-454149.4319299308,-454149.4319299308,62805.37733672408,62805.37733672408,62705.37733672408,0.0,100.0,0.0,0.0,62805.37733672408,45513.84319299308,1,0.0,100.0
1378,37366.92235369068,0.0,-373669.22353690676,0.0,10.0,0.0,-0.0,0.1,0.197784908,19.7784908,0.0,0.0,100.0,1.0,0.11,-11.0,-890.8428366947415,890.8428366947415,0.0,-890.8428366947415,890.8428366947415,0.0,-58197.61585440704,58197.61585440704,0.0,0.0,5347.422158203125,5347.422158203125,0.0,0.0,17164.957015902717,17164.957015902717,0.0,-373680.22353690676,-373680.22353690676,59979.30152779652,59979.301527796524,59879.30152779652,0.0,100.0,0.0,0.0,59979.301527796524,37466.92235369068,1,0.0,100.0
1379,33391.74291890816,0.0,-333917.4291890816,0.0,10.0,0.0,-0.0,0.1,0.24082676,24.082676,0.0,0.0,100.0,1.0,0.11,-11.0,-935.6496779438892,935.6496779438892,0.0,-935.6496779438892,935.6496779438892,0.0,-58195.99350309288,58195.99350309288,0.0,0.0,5983.1296875,5983.1296875,0.0,0.0,20592.4202525725,20592.4202525725,0.0,-333928.4291890816,-333928.4291890816,60067.29285898066,60067.29285898066,59967.29285898066,0.0,100.0,0.0,0.0,60067.29285898066,33491.74291890816,1,0.0,100.0
1380,30379.46462011927,0.0,-303794.6462011927,0.0,10.0,0.0,-0.0,0.1,0.224637737,22.4637737,0.0,0.0,100.0,1.0,0.11,-11.0,-963.8728200110044,963.8728200110044,0.0,-963.8728200110044,963.8728200110044,0.0,-55184.17093670281,55184.17093670281,0.0,0.0,6095.313369140625,6095.313369140625,0.0,0.0,20537.138587464924,20537.138587464924,0.0,-303805.6462011927,-303805.6462011927,57111.91657672482,57111.91657672482,57011.91657672482,0.0,100.0,0.0,0.0,57111.91657672482,30479.46462011927,1,0.0,100.0
1381,35806.395115147825,0.0,-358063.9511514782,0.0,10.0,0.0,-0.0,0.1,0.227116817,22.7116817,0.0,0.0,100.0,1.0,0.11,-11.0,-956.541535047434,956.541535047434,0.0,-956.541535047434,956.541535047434,0.0,-58195.02270779084,58195.02270779084,0.0,0.0,5571.789521484375,5571.789521484375,0.0,0.0,18629.92114125351,18629.92114125351,0.0,-358074.9511514782,-358074.9511514782,60108.10577788571,60108.10577788571,60008.10577788571,0.0,100.0,0.0,0.0,60108.10577788571,35906.395115147825,1,0.0,100.0
1382,40554.74407026026,0.0,-405547.4407026026,0.0,10.0,0.0,-0.0,0.1,0.242060823,24.206082300000002,0.0,0.0,100.0,1.0,0.08,-8.0,-974.6884882462537,974.6884882462537,0.0,-974.6884882462537,974.6884882462537,0.0,-58193.553059532336,58193.553059532336,0.0,0.0,4562.13638671875,4562.13638671875,0.0,0.0,14926.04957904584,14926.04957904584,0.0,-405555.4407026026,-405555.4407026026,60142.93003602485,60142.930036024845,60042.93003602485,0.0,100.0,0.0,0.0,60142.930036024845,40654.744070260254,1,0.0,100.0
1383,47196.19056775593,0.0,-471961.9056775593,0.0,10.0,0.0,-0.0,0.1,0.242461767,24.2461767,0.0,0.0,100.0,1.0,0.08,-8.0,-971.8799371392772,971.8799371392772,0.0,-971.8799371392772,971.8799371392772,0.0,-58193.8856543692,58193.8856543692,0.0,0.0,3028.9594042968747,3028.9594042968747,0.0,0.0,9812.49555659495,9812.49555659495,0.0,-471969.9056775593,-471969.9056775593,60137.64552864776,60137.64552864776,60037.64552864776,0.0,100.0,0.0,0.0,60137.64552864776,47296.19056775593,1,0.0,100.0
1384,55485.413115965486,0.0,-554854.1311596548,0.0,10.0,0.0,-0.0,0.1,0.247378877,24.737887699999998,0.0,0.0,100.0,1.0,0.08,-8.0,-899.0581518158693,899.0581518158693,0.0,-899.0581518158693,899.0581518158693,0.0,-61151.069112179546,61151.069112179546,0.0,0.0,1420.99330078125,1420.99330078125,0.0,0.0,5942.778999064547,5942.778999064547,0.0,-554862.1311596548,-554862.1311596548,62949.185415811284,62949.185415811284,62849.185415811284,0.0,100.0,0.0,0.0,62949.185415811284,55585.413115965486,1,0.0,100.0
1385,56003.10251019286,0.0,-560031.0251019286,0.0,10.0,0.0,-0.0,0.1,0.2484638139999999,24.846381399999988,0.0,0.0,100.0,1.0,0.11,-11.0,-647.775110225624,647.775110225624,0.0,-647.775110225624,647.775110225624,0.0,-56396.0741761516,56396.0741761516,0.0,0.0,261.76192382812496,261.76192382812496,0.0,0.0,1326.7599625818525,1326.7599625818525,0.0,-560042.0251019286,-560042.0251019286,57691.62439660284,57691.62439660284,57591.62439660284,0.0,100.0,0.0,0.0,57691.62439660284,56103.10251019286,1,0.0,100.0
1386,46584.85599438825,0.0,-465848.5599438825,0.0,10.0,0.0,-0.0,0.1,0.239590047,23.9590047,0.0,0.0,100.0,1.0,0.11,-11.0,-652.8773531265241,652.8773531265241,0.0,-652.8773531265241,652.8773531265241,0.0,-45379.1012881352,45379.1012881352,0.0,0.0,0.0,0.0,0.0,0.0,0.0,0.0,0.0,-465859.5599438825,-465859.5599438825,46684.85599438825,46684.85599438825,46584.85599438825,0.0,100.0,0.0,0.0,46684.85599438825,46684.85599438825,1,0.0,100.0
1387,45091.87938727856,0.0,-450918.79387278564,0.0,10.0,0.0,-0.0,0.1,0.24316474,24.316474,0.0,0.0,100.0,1.0,0.11,-11.0,-645.3759528828019,645.3759528828019,0.0,-645.3759528828019,645.3759528828019,0.0,-43901.12748151296,43901.12748151296,0.0,0.0,0.0,0.0,0.0,0.0,0.0,0.0,0.0,-450929.79387278564,-450929.79387278564,45191.87938727856,45191.87938727856,45091.87938727856,0.0,100.0,0.0,0.0,45191.87938727856,45191.87938727856,1,0.0,100.0
1388,36032.181838520955,0.0,-360321.81838520954,0.0,10.0,0.0,-0.0,0.1,0.249559826,24.955982600000002,0.0,0.0,100.0,1.0,0.11,-11.0,-634.5205516951236,634.5205516951236,0.0,-634.5205516951236,634.5205516951236,0.0,-34863.140735130706,34863.140735130706,0.0,0.0,0.0,0.0,0.0,0.0,0.0,0.0,0.0,-360332.81838520954,-360332.81838520954,36132.181838520955,36132.181838520955,36032.181838520955,0.0,100.0,0.0,0.0,36132.181838520955,36132.181838520955,1,0.0,100.0
1389,33753.02002680256,0.0,-337530.20026802557,0.0,10.0,0.0,-0.0,0.1,0.246308549,24.6308549,0.0,0.0,100.0,1.0,0.11,-11.0,-233.8284774732244,233.8284774732244,0.0,-233.8284774732244,233.8284774732244,0.0,-33385.36307185611,33385.36307185611,0.0,0.0,0.0,0.0,0.0,0.0,0.0,0.0,0.0,-337541.20026802557,-337541.20026802557,33853.02002680256,33853.02002680256,33753.02002680256,0.0,100.0,0.0,0.0,33853.02002680256,33853.02002680256,1,0.0,100.0
1390,21488.417003208866,0.0,-214884.17003208864,0.0,10.0,0.0,-0.0,0.1,0.2506204939999999,25.062049399999992,0.0,0.0,100.0,1.0,0.11,-11.0,-233.20032045805053,233.20032045805053,0.0,-233.20032045805053,233.20032045805053,0.0,-21122.016362292765,21122.016362292765,0.0,0.0,0.0,0.0,0.0,0.0,0.0,0.0,0.0,-214895.17003208864,-214895.17003208864,21588.417003208866,21588.417003208866,21488.417003208866,0.0,100.0,0.0,0.0,21588.417003208866,21588.417003208866,1,0.0,100.0
1391,18509.824207899328,0.0,-185098.2420789933,0.0,10.0,0.0,-0.0,0.1,0.25096408,25.096407999999997,0.0,0.0,100.0,1.0,0.11,-11.0,-236.193101290324,236.193101290324,0.0,-236.193101290324,236.193101290324,0.0,-18137.43800531868,18137.43800531868,0.0,0.0,0.0,0.0,0.0,0.0,0.0,0.0,0.0,-185109.2420789933,-185109.2420789933,18609.824207899328,18609.824207899328,18509.824207899328,0.0,100.0,0.0,0.0,18609.824207899328,18609.824207899328,1,0.0,100.0
1392,17764.96696740209,0.0,-177649.6696740209,0.0,10.0,0.0,-0.0,0.1,0.23730872,23.730872,0.0,0.0,100.0,1.0,0.08,-8.0,-233.23967235740704,233.23967235740704,0.0,-233.23967235740704,233.23967235740704,0.0,-17398.487622687277,17398.487622687277,0.0,0.0,0.0,0.0,0.0,0.0,0.0,0.0,0.0,-177657.6696740209,-177657.6696740209,17864.96696740209,17864.96696740209,17764.96696740209,0.0,100.0,0.0,0.0,17864.96696740209,17864.96696740209,1,0.0,100.0
1393,17764.907633355426,0.0,-177649.07633355426,0.0,10.0,0.0,-0.0,0.1,0.233829393,23.3829393,0.0,0.0,100.0,1.0,0.08,-8.0,-233.2100144030292,233.2100144030292,0.0,-233.2100144030292,233.2100144030292,0.0,-17398.487604549366,17398.487604549366,0.0,0.0,0.0,0.0,0.0,0.0,0.0,0.0,0.0,-177657.07633355426,-177657.07633355426,17864.907633355426,17864.907633355426,17764.907633355426,0.0,100.0,0.0,0.0,17864.907633355426,17864.907633355426,1,0.0,100.0
1394,17764.88025816327,0.0,-177648.80258163268,0.0,10.0,0.0,-0.0,0.1,0.232704701,23.2704701,0.0,0.0,100.0,1.0,0.08,-8.0,-233.1963328529195,233.1963328529195,0.0,-233.1963328529195,233.1963328529195,0.0,-17398.48759245743,17398.48759245743,0.0,0.0,0.0,0.0,0.0,0.0,0.0,0.0,0.0,-177656.80258163268,-177656.80258163268,17864.88025816327,17864.88025816327,17764.88025816327,0.0,100.0,0.0,0.0,17864.88025816327,17864.88025816327,1,0.0,100.0
1395,17764.874994111433,0.0,-177648.74994111434,0.0,10.0,0.0,-0.0,0.1,0.236833577,23.6833577,0.0,0.0,100.0,1.0,0.08,-8.0,-233.1936917580477,233.1936917580477,0.0,-233.1936917580477,233.1936917580477,0.0,-17398.487610595337,17398.487610595337,0.0,0.0,0.0,0.0,0.0,0.0,0.0,0.0,0.0,-177656.74994111434,-177656.74994111434,17864.874994111433,17864.874994111433,17764.874994111433,0.0,100.0,0.0,0.0,17864.874994111433,17864.874994111433,1,0.0,100.0
1396,18514.48591528923,0.0,-185144.8591528923,0.0,10.0,0.0,-0.0,0.1,0.2421481039999999,24.21481039999999,0.0,0.0,100.0,1.0,0.08,-8.0,-238.5239670772154,238.5239670772154,0.0,-238.5239670772154,238.5239670772154,0.0,-18137.4379811348,18137.4379811348,0.0,0.0,0.0,0.0,0.0,0.0,0.0,0.0,0.0,-185152.8591528923,-185152.8591528923,18614.48591528923,18614.48591528923,18514.48591528923,0.0,100.0,0.0,0.0,18614.48591528923,18614.48591528923,1,0.0,100.0
1397,21497.522194622277,0.0,-214975.22194622277,0.0,10.0,0.0,-0.0,0.1,0.247091085,24.7091085,0.0,0.0,100.0,1.0,0.11,-11.0,-237.7068156461117,237.7068156461117,0.0,-237.7068156461117,237.7068156461117,0.0,-21122.108563330054,21122.108563330054,0.0,0.0,0.0,0.0,0.0,0.0,0.0,0.0,0.0,-214986.22194622277,-214986.22194622277,21597.522194622277,21597.522194622277,21497.522194622277,0.0,100.0,0.0,0.0,21597.522194622277,21597.522194622277,1,0.0,100.0
1398,24294.680501296894,0.0,-242946.80501296895,0.0,10.0,0.0,-0.0,0.1,0.225912681,22.5912681,0.0,0.0,100.0,1.0,0.11,-11.0,-366.9320340601794,366.9320340601794,0.0,-366.9320340601794,366.9320340601794,0.0,-23773.00011481716,23773.00011481716,0.0,0.0,112.183681640625,112.183681640625,0.0,0.0,0.0,0.0,0.0,-242957.80501296895,-242957.80501296895,24506.86418293752,24506.86418293752,24406.86418293752,0.0,100.0,0.0,0.0,24506.86418293752,24394.680501296894,1,0.0,100.0
1399,28306.964387246706,0.0,-283069.64387246704,0.0,10.0,0.0,-0.0,0.1,0.2181339219999999,21.81339219999999,0.0,0.0,100.0,1.0,0.11,-11.0,-610.2422181515952,610.2422181515952,0.0,-610.2422181515952,610.2422181515952,0.0,-30235.04166954735,30235.04166954735,0.0,0.0,1196.6259375,1196.6259375,0.0,0.0,1851.935781103836,1851.935781103836,0.0,-283080.64387246704,-283080.64387246704,31455.526105850542,31455.526105850542,31355.526105850542,0.0,100.0,0.0,0.0,31455.526105850542,28406.964387246706,1,0.0,100.0
1400,57116.28059419337,0.0,-571162.8059419336,0.0,10.0,0.0,-0.0,0.1,0.210897327,21.0897327,0.0,0.0,100.0,1.0,0.11,-11.0,-825.442215403064,825.442215403064,0.0,-825.442215403064,825.442215403064,0.0,-63368.11784236218,63368.11784236218,0.0,0.0,2468.04099609375,2468.04099609375,0.0,0.0,5334.680682881198,5334.680682881198,0.0,-571173.8059419336,-571173.8059419336,65019.00227316831,65019.00227316831,64919.00227316831,0.0,100.0,0.0,0.0,65019.00227316831,57216.28059419336,1,0.0,100.0
1401,53720.65859701939,0.0,-537206.585970194,0.0,10.0,0.0,-0.0,0.1,0.2124837239999999,21.24837239999999,0.0,0.0,100.0,1.0,0.11,-11.0,-866.3917606258183,866.3917606258183,0.0,-866.3917606258183,866.3917606258183,0.0,-61147.36541162669,61147.36541162669,0.0,0.0,4001.217978515625,4001.217978515625,0.0,0.0,5058.272357343312,5058.272357343312,0.0,-537217.585970194,-537217.585970194,62880.14893287833,62880.14893287833,62780.14893287833,0.0,100.0,0.0,0.0,62880.14893287833,53820.65859701939,1,0.0,100.0
1402,42254.394800894996,0.0,-422543.94800895,0.0,10.0,0.0,-0.0,0.1,0.21022176,21.022176,0.0,0.0,100.0,1.0,0.11,-11.0,-913.6216412494412,913.6216412494412,0.0,-913.6216412494412,913.6216412494412,0.0,-58208.8980207311,58208.8980207311,0.0,0.0,5160.44935546875,5160.44935546875,0.0,0.0,12521.297146866233,12521.297146866233,0.0,-422554.94800895,-422554.94800895,60036.141303229975,60036.14130322998,59936.141303229975,0.0,100.0,0.0,0.0,60036.14130322998,42354.394800894996,1,0.0,100.0
1403,40552.55226374863,0.0,-405525.5226374863,0.0,10.0,0.0,-0.0,0.1,0.24373748,24.373748,0.0,0.0,100.0,1.0,0.11,-11.0,-958.166490205376,958.166490205376,0.0,-958.166490205376,958.166490205376,0.0,-58313.71429414493,58313.71429414493,0.0,0.0,6917.993701171875,6917.993701171875,0.0,0.0,12659.501309635174,12659.501309635174,0.0,-405536.5226374863,-405536.5226374863,60230.047274555676,60230.047274555676,60130.047274555676,0.0,100.0,0.0,0.0,60230.047274555676,40652.55226374863,1,0.0,100.0
1404,32317.929649519363,0.0,-323179.2964951936,0.0,10.0,0.0,-0.0,0.1,0.232917607,23.2917607,0.0,0.0,100.0,1.0,0.11,-11.0,-970.8482699415684,970.8482699415684,0.0,-970.8482699415684,970.8482699415684,0.0,-55365.69226392762,55365.69226392762,0.0,0.0,5983.1296875,5983.1296875,0.0,0.0,18906.3294667914,18906.3294667914,0.0,-323190.2964951936,-323190.2964951936,57307.38880381077,57307.38880381076,57207.38880381077,0.0,100.0,0.0,0.0,57307.38880381076,32417.92964951936,1,0.0,100.0
1405,38255.95827496186,0.0,-382559.58274961857,0.0,10.0,0.0,-0.0,0.1,0.232180483,23.2180483,0.0,0.0,100.0,1.0,0.11,-11.0,-977.0467460878748,977.0467460878748,0.0,-977.0467460878748,977.0467460878748,0.0,-58408.57559435614,58408.57559435614,0.0,0.0,5422.211279296875,5422.211279296875,0.0,0.0,16584.499532273156,16584.499532273156,0.0,-382570.58274961857,-382570.58274961857,60362.66908653189,60362.66908653189,60262.66908653189,0.0,100.0,0.0,0.0,60362.66908653189,38355.95827496186,1,0.0,100.0
1406,40776.00486735941,0.0,-407760.0486735941,0.0,10.0,0.0,-0.0,0.1,0.245591762,24.5591762,0.0,0.0,100.0,1.0,0.08,-8.0,-984.372875307555,984.372875307555,0.0,-984.372875307555,984.372875307555,0.0,-58364.56354710415,58364.56354710415,0.0,0.0,4337.7690234375,4337.7690234375,0.0,0.0,15119.53540692236,15119.53540692236,0.0,-407768.0486735941,-407768.0486735941,60333.309297719265,60333.309297719265,60233.309297719265,0.0,100.0,0.0,0.0,60333.309297719265,40876.00486735941,1,0.0,100.0
1407,45461.843733465954,0.0,-454618.4373346595,0.0,10.0,0.0,-0.0,0.1,0.249718587,24.9718587,0.0,0.0,100.0,1.0,0.08,-8.0,-983.9882502023304,983.9882502023304,0.0,-983.9882502023304,983.9882502023304,0.0,-58248.24306308461,58248.24306308461,0.0,0.0,2879.381162109375,2879.381162109375,0.0,0.0,11774.99466791394,11774.99466791394,0.0,-454626.4373346595,-454626.4373346595,60216.21956348927,60216.21956348927,60116.21956348927,0.0,100.0,0.0,0.0,60216.21956348927,45561.843733465954,1,0.0,100.0
1408,55317.52397346258,0.0,-553175.2397346258,0.0,10.0,0.0,-0.0,0.1,0.244149316,24.4149316,0.0,0.0,100.0,1.0,0.08,-8.0,-956.8310563016744,956.8310563016744,0.0,-956.8310563016744,956.8310563016744,0.0,-61144.04248624291,61144.04248624291,0.0,0.0,1420.99330078125,1420.99330078125,0.0,0.0,6219.187324602433,6219.187324602433,0.0,-553183.2397346258,-553183.2397346258,63057.70459884626,63057.70459884626,62957.70459884626,0.0,100.0,0.0,0.0,63057.70459884626,55417.52397346258,1,0.0,100.0
1409,55592.09786478427,0.0,-555920.9786478428,0.0,10.0,0.0,-0.0,0.1,0.2415325489999999,24.15325489999999,0.0,0.0,100.0,1.0,0.11,-11.0,-696.018297456333,696.018297456333,0.0,-696.018297456333,696.018297456333,0.0,-56389.35884510072,56389.35884510072,0.0,0.0,486.129287109375,486.129287109375,0.0,0.0,1603.1682881197382,1603.1682881197382,0.0,-555931.9786478428,-555931.9786478428,57781.39544001338,57781.39544001339,57681.39544001338,0.0,100.0,0.0,0.0,57781.39544001339,55692.09786478427,1,0.0,100.0
1410,46663.46206124027,0.0,-466634.62061240274,0.0,10.0,0.0,-0.0,0.1,0.233262162,23.3262162,0.0,0.0,100.0,1.0,0.11,-11.0,-694.994335003633,694.994335003633,0.0,-694.994335003633,694.994335003633,0.0,-45373.473391233005,45373.473391233005,0.0,0.0,0.0,0.0,0.0,0.0,0.0,0.0,0.0,-466645.62061240274,-466645.62061240274,46763.46206124027,46763.46206124027,46663.46206124027,0.0,100.0,0.0,0.0,46763.46206124027,46763.46206124027,1,0.0,100.0
1411,45159.97356332469,0.0,-451599.7356332469,0.0,10.0,0.0,-0.0,0.1,0.2218477439999999,22.18477439999999,0.0,0.0,100.0,1.0,0.11,-11.0,-680.5501456844511,680.5501456844511,0.0,-680.5501456844511,680.5501456844511,0.0,-43898.87327195579,43898.87327195579,0.0,0.0,0.0,0.0,0.0,0.0,0.0,0.0,0.0,-451610.7356332469,-451610.7356332469,45259.97356332469,45259.97356332469,45159.97356332469,0.0,100.0,0.0,0.0,45259.97356332469,45259.97356332469,1,0.0,100.0
1412,36103.85877388614,0.0,-361038.5877388614,0.0,10.0,0.0,-0.0,0.1,0.224483563,22.4483563,0.0,0.0,100.0,1.0,0.11,-11.0,-669.526117528666,669.526117528666,0.0,-669.526117528666,669.526117528666,0.0,-34864.80653882881,34864.80653882881,0.0,0.0,0.0,0.0,0.0,0.0,0.0,0.0,0.0,-361049.5877388614,-361049.5877388614,36203.85877388614,36203.85877388614,36103.85877388614,0.0,100.0,0.0,0.0,36203.85877388614,36203.85877388614,1,0.0,100.0
1413,33754.39103585635,0.0,-337543.91035856353,0.0,10.0,0.0,-0.0,0.1,0.222668012,22.2668012,0.0,0.0,100.0,1.0,0.11,-11.0,-233.2835576460473,233.2835576460473,0.0,-233.2835576460473,233.2835576460473,0.0,-33387.82392056426,33387.82392056426,0.0,0.0,0.0,0.0,0.0,0.0,0.0,0.0,0.0,-337554.91035856353,-337554.91035856353,33854.39103585635,33854.39103585635,33754.39103585635,0.0,100.0,0.0,0.0,33854.39103585635,33854.39103585635,1,0.0,100.0
1414,21488.738519490336,0.0,-214887.38519490336,0.0,10.0,0.0,-0.0,0.1,0.229561843,22.9561843,0.0,0.0,100.0,1.0,0.11,-11.0,-233.36108464475288,233.36108464475288,0.0,-233.36108464475288,233.36108464475288,0.0,-21122.01635020083,21122.01635020083,0.0,0.0,0.0,0.0,0.0,0.0,0.0,0.0,0.0,-214898.38519490336,-214898.38519490336,21588.738519490336,21588.738519490336,21488.738519490336,0.0,100.0,0.0,0.0,21588.738519490336,21588.738519490336,1,0.0,100.0
1415,18510.086956818417,0.0,-185100.86956818416,0.0,10.0,0.0,-0.0,0.1,0.244475892,24.4475892,0.0,0.0,100.0,1.0,0.11,-11.0,-236.32449388777744,236.32449388777744,0.0,-236.32449388777744,236.32449388777744,0.0,-18137.43796904286,18137.43796904286,0.0,0.0,0.0,0.0,0.0,0.0,0.0,0.0,0.0,-185111.86956818416,-185111.86956818416,18610.086956818417,18610.086956818417,18510.086956818417,0.0,100.0,0.0,0.0,18610.086956818417,18610.086956818417,1,0.0,100.0
1416,17765.12500024288,0.0,-177651.25000242877,0.0,10.0,0.0,-0.0,0.1,0.241011795,24.1011795,0.0,0.0,100.0,1.0,0.08,-8.0,-233.3187190076493,233.3187190076493,0.0,-233.3187190076493,233.3187190076493,0.0,-17398.48756222758,17398.48756222758,0.0,0.0,0.0,0.0,0.0,0.0,0.0,0.0,0.0,-177659.25000242877,-177659.25000242877,17865.12500024288,17865.12500024288,17765.12500024288,0.0,100.0,0.0,0.0,17865.12500024288,17865.12500024288,1,0.0,100.0
1417,17765.003454228543,0.0,-177650.03454228543,0.0,10.0,0.0,-0.0,0.1,0.241399709,24.139970899999998,0.0,0.0,100.0,1.0,0.08,-8.0,-233.2579339085412,233.2579339085412,0.0,-233.2579339085412,233.2579339085412,0.0,-17398.487586411462,17398.487586411462,0.0,0.0,0.0,0.0,0.0,0.0,0.0,0.0,0.0,-177658.03454228543,-177658.03454228543,17865.003454228543,17865.003454228543,17765.003454228543,0.0,100.0,0.0,0.0,17865.003454228543,17865.003454228543,1,0.0,100.0
1418,17764.905826921346,0.0,-177649.05826921345,0.0,10.0,0.0,-0.0,0.1,0.24321829,24.321829,0.0,0.0,100.0,1.0,0.08,-8.0,-233.20912932389825,233.20912932389825,0.0,-233.20912932389825,233.20912932389825,0.0,-17398.487568273547,17398.487568273547,0.0,0.0,0.0,0.0,0.0,0.0,0.0,0.0,0.0,-177657.05826921345,-177657.05826921345,17864.905826921346,17864.905826921346,17764.905826921346,0.0,100.0,0.0,0.0,17864.905826921346,17864.905826921346,1,0.0,100.0
1419,17764.80809134838,0.0,-177648.0809134838,0.0,10.0,0.0,-0.0,0.1,0.242275275,24.2275275,0.0,0.0,100.0,1.0,0.08,-8.0,-233.16026758338649,233.16026758338649,0.0,-233.16026758338649,233.16026758338649,0.0,-17398.487556181608,17398.487556181608,0.0,0.0,0.0,0.0,0.0,0.0,0.0,0.0,0.0,-177656.0809134838,-177656.0809134838,17864.80809134838,17864.80809134838,17764.80809134838,0.0,100.0,0.0,0.0,17864.80809134838,17864.80809134838,1,0.0,100.0
1420,18505.792522331303,0.0,-185057.92522331304,0.0,10.0,0.0,-0.0,0.1,0.244393883,24.4393883,0.0,0.0,100.0,1.0,0.08,-8.0,-234.17728873616,234.17728873616,0.0,-234.17728873616,234.17728873616,0.0,-18137.437944858983,18137.437944858983,0.0,0.0,0.0,0.0,0.0,0.0,0.0,0.0,0.0,-185065.92522331304,-185065.92522331304,18605.792522331303,18605.792522331303,18505.792522331303,0.0,100.0,0.0,0.0,18605.792522331303,18605.792522331303,1,0.0,100.0
1421,21490.236883125544,0.0,-214902.36883125544,0.0,10.0,0.0,-0.0,0.1,0.226067245,22.6067245,0.0,0.0,100.0,1.0,0.11,-11.0,-234.06418710461065,234.06418710461065,0.0,-234.06418710461065,234.06418710461065,0.0,-21122.108508916324,21122.108508916324,0.0,0.0,0.0,0.0,0.0,0.0,0.0,0.0,0.0,-214913.36883125544,-214913.36883125544,21590.236883125544,21590.236883125544,21490.236883125544,0.0,100.0,0.0,0.0,21590.236883125544,21590.236883125544,1,0.0,100.0
1422,24356.764771313232,0.0,-243567.64771313232,0.0,10.0,0.0,-0.0,0.1,0.2241185989999999,22.41185989999999,0.0,0.0,100.0,1.0,0.11,-11.0,-343.31719404310985,343.31719404310985,0.0,-343.31719404310985,343.31719404310985,0.0,-23770.130383227013,23770.130383227013,0.0,0.0,0.0,0.0,0.0,0.0,0.0,0.0,0.0,-243578.64771313232,-243578.64771313232,24456.764771313232,24456.764771313232,24356.764771313232,0.0,100.0,0.0,0.0,24456.764771313232,24456.764771313232,1,0.0,100.0
1423,25188.89768284509,0.0,-251888.97682845092,0.0,10.0,0.0,-0.0,0.1,0.2075083439999999,20.75083439999999,0.0,0.0,100.0,1.0,0.11,-11.0,-590.5717430515818,590.5717430515818,0.0,-590.5717430515818,590.5717430515818,0.0,-30229.119666451134,30229.119666451134,0.0,0.0,5347.422158203125,5347.422158203125,0.0,0.0,773.9433115060806,773.9433115060806,0.0,-251899.97682845092,-251899.97682845092,31410.263152554297,31410.263152554297,31310.263152554297,0.0,100.0,0.0,0.0,31410.263152554297,25288.89768284509,1,0.0,100.0
1424,50671.61655091519,0.0,-506716.1655091519,0.0,10.0,0.0,-0.0,0.1,0.199405295,19.9405295,0.0,0.0,100.0,1.0,0.11,-11.0,-799.7206037018541,799.7206037018541,0.0,-799.7206037018541,799.7206037018541,0.0,-63365.93645650954,63365.93645650954,0.0,0.0,12452.388662109375,12452.388662109375,0.0,0.0,1741.3724508886812,1741.3724508886812,0.0,-506727.1655091519,-506727.1655091519,64965.37766391325,64965.37766391325,64865.37766391325,0.0,100.0,0.0,0.0,64965.37766391325,50771.61655091519,1,0.0,100.0
1425,40884.2800207771,0.0,-408842.800207771,0.0,10.0,0.0,-0.0,0.1,0.201601288,20.1601288,0.0,0.0,100.0,1.0,0.11,-11.0,-833.8439364822062,833.8439364822062,0.0,-833.8439364822062,833.8439364822062,0.0,-61148.66057924685,61148.66057924685,0.0,0.0,18846.858515625,18846.858515625,0.0,0.0,2985.209915809168,2985.209915809168,0.0,-408853.800207771,-408853.800207771,62816.34845221127,62816.34845221126,62716.34845221127,0.0,100.0,0.0,0.0,62816.34845221126,40984.28002077709,1,0.0,100.0
1426,29173.550793538037,0.0,-291735.5079353804,0.0,10.0,0.0,-0.0,0.1,0.200613548,20.0613548,0.0,0.0,100.0,1.0,0.11,-11.0,-882.8459733125959,882.8459733125959,0.0,-882.8459733125959,882.8459733125959,0.0,-58191.25376517941,58191.25376517941,0.0,0.0,23745.545947265626,23745.545947265626,0.0,0.0,6937.848971000936,6937.848971000936,0.0,-291746.5079353804,-291746.5079353804,59956.9457118046,59956.945711804605,59856.9457118046,0.0,100.0,0.0,0.0,59956.945711804605,29273.550793538045,1,0.0,100.0
1427,12806.303028156828,0.0,-128063.03028156828,0.0,10.0,0.0,-0.0,0.1,0.216877357,21.687735699999998,0.0,0.0,100.0,1.0,0.11,-11.0,-950.5354942593582,950.5354942593582,0.0,-950.5354942593582,950.5354942593582,0.0,-58190.045895315154,58190.045895315154,0.0,0.0,26924.08359375,26924.08359375,0.0,0.0,20260.73026192704,20260.73026192704,0.0,-128074.03028156828,-128074.03028156828,60091.11688383387,60091.11688383387,59991.11688383387,0.0,100.0,0.0,0.0,60091.11688383387,12906.303028156828,1,0.0,100.0
1428,10425.953016308878,0.0,-104259.53016308878,0.0,10.0,0.0,-0.0,0.1,0.24426647,24.426647000000003,0.0,0.0,100.0,1.0,0.11,-11.0,-952.1958835454532,952.1958835454532,0.0,-952.1958835454532,952.1958835454532,0.0,-55182.041655016685,55182.041655016685,0.0,0.0,26437.954306640622,26437.954306640622,0.0,0.0,20122.52609915809,20122.52609915809,0.0,-104270.53016308878,-104270.53016308878,57086.43342210759,57086.43342210759,56986.43342210759,0.0,100.0,0.0,0.0,57086.43342210759,10525.953016308878,1,0.0,100.0
1429,15641.856699792632,0.0,-156418.56699792633,0.0,10.0,0.0,-0.0,0.1,0.2511401239999999,25.11401239999999,0.0,0.0,100.0,1.0,0.11,-11.0,-956.6497357933628,956.6497357933628,0.0,-956.6497357933628,956.6497357933628,0.0,-58265.6494399601,58265.6494399601,0.0,0.0,24867.382763671874,24867.382763671874,0.0,0.0,19569.70944808232,19569.70944808232,0.0,-156429.56699792633,-156429.56699792633,60178.948911546824,60178.948911546824,60078.948911546824,0.0,100.0,0.0,0.0,60178.948911546824,15741.856699792632,1,0.0,100.0
1430,23119.684853948984,0.0,-231196.84853948985,0.0,10.0,0.0,-0.0,0.1,0.258575067,25.8575067,0.0,0.0,100.0,1.0,0.08,-8.0,-975.4081559497218,975.4081559497218,0.0,-975.4081559497218,975.4081559497218,0.0,-58262.66475634883,58262.66475634883,0.0,0.0,20492.219179687498,20492.219179687498,0.0,0.0,16501.57703461179,16501.57703461179,0.0,-231204.84853948985,-231204.84853948985,60213.48106824828,60213.48106824827,60113.48106824828,0.0,100.0,0.0,0.0,60213.48106824827,23219.68485394898,1,0.0,100.0
1431,37655.41242757512,0.0,-376554.1242757512,0.0,10.0,0.0,-0.0,0.1,0.26030387,26.030386999999997,0.0,0.0,100.0,1.0,0.08,-8.0,-949.513117610046,949.513117610046,0.0,-949.513117610046,949.513117610046,0.0,-58205.87649902671,58205.87649902671,0.0,0.0,11293.15728515625,11293.15728515625,0.0,0.0,11056.333021515436,11056.333021515436,0.0,-376562.1242757512,-376562.1242757512,60104.9027342468,60104.9027342468,60004.9027342468,0.0,100.0,0.0,0.0,60104.9027342468,37755.41242757512,1,0.0,100.0
1432,53138.74501634978,0.0,-531387.4501634978,0.0,10.0,0.0,-0.0,0.1,0.256337907,25.6337907,0.0,0.0,100.0,1.0,0.08,-8.0,-870.2817919856808,870.2817919856808,0.0,-870.2817919856808,870.2817919856808,0.0,-61142.99030614332,61142.99030614332,0.0,0.0,4337.7690234375,4337.7690234375,0.0,0.0,5307.03985032741,5307.03985032741,0.0,-531395.4501634978,-531395.4501634978,62883.55389011469,62883.55389011469,62783.55389011469,0.0,100.0,0.0,0.0,62883.55389011469,53238.74501634978,1,0.0,100.0
1433,54953.144312350705,0.0,-549531.4431235071,0.0,10.0,0.0,-0.0,0.1,0.250610367,25.0610367,0.0,0.0,100.0,1.0,0.11,-11.0,-623.7653678421237,623.7653678421237,0.0,-623.7653678421237,623.7653678421237,0.0,-56387.553464147095,56387.553464147095,0.0,0.0,785.285771484375,785.285771484375,0.0,0.0,1796.6541159962585,1796.6541159962585,0.0,-549542.4431235071,-549542.4431235071,57635.08419983134,57635.08419983134,57535.08419983134,0.0,100.0,0.0,0.0,57635.08419983134,55053.144312350705,1,0.0,100.0
1434,46531.54990268156,0.0,-465315.4990268156,0.0,10.0,0.0,-0.0,0.1,0.250584441,25.0584441,0.0,0.0,100.0,1.0,0.11,-11.0,-630.3636622616796,630.3636622616796,0.0,-630.3636622616796,630.3636622616796,0.0,-45370.8225781582,45370.8225781582,0.0,0.0,0.0,0.0,0.0,0.0,0.0,0.0,0.0,-465326.4990268156,-465326.4990268156,46631.54990268156,46631.54990268156,46531.54990268156,0.0,100.0,0.0,0.0,46631.54990268156,46631.54990268156,1,0.0,100.0
1435,45052.9310015011,0.0,-450529.310015011,0.0,10.0,0.0,-0.0,0.1,0.252585958,25.2585958,0.0,0.0,100.0,1.0,0.11,-11.0,-629.4733742477983,629.4733742477983,0.0,-629.4733742477983,629.4733742477983,0.0,-43893.9842530055,43893.9842530055,0.0,0.0,0.0,0.0,0.0,0.0,0.0,0.0,0.0,-450540.310015011,-450540.310015011,45152.9310015011,45152.9310015011,45052.9310015011,0.0,100.0,0.0,0.0,45152.9310015011,45152.9310015011,1,0.0,100.0
1436,36011.39991877294,0.0,-360113.99918772944,0.0,10.0,0.0,-0.0,0.1,0.261006792,26.1006792,0.0,0.0,100.0,1.0,0.11,-11.0,-626.9646981430391,626.9646981430391,0.0,-626.9646981430391,626.9646981430391,0.0,-34857.47052248687,34857.47052248687,0.0,0.0,0.0,0.0,0.0,0.0,0.0,0.0,0.0,-360124.99918772944,-360124.99918772944,36111.39991877294,36111.39991877294,36011.39991877294,0.0,100.0,0.0,0.0,36111.39991877294,36111.39991877294,1,0.0,100.0
1437,33748.59956435475,0.0,-337485.9956435475,0.0,10.0,0.0,-0.0,0.1,0.263030892,26.303089200000002,0.0,0.0,100.0,1.0,0.11,-11.0,-233.75520933989688,233.75520933989688,0.0,-233.75520933989688,233.75520933989688,0.0,-33381.08914567496,33381.08914567496,0.0,0.0,0.0,0.0,0.0,0.0,0.0,0.0,0.0,-337496.9956435475,-337496.9956435475,33848.59956435475,33848.59956435475,33748.59956435475,0.0,100.0,0.0,0.0,33848.59956435475,33848.59956435475,1,0.0,100.0
1438,21488.310510027906,0.0,-214883.10510027906,0.0,10.0,0.0,-0.0,0.1,0.270106872,27.0106872,0.0,0.0,100.0,1.0,0.11,-11.0,-233.1471101433885,233.1471101433885,0.0,-233.1471101433885,233.1471101433885,0.0,-21122.01628974113,21122.01628974113,0.0,0.0,0.0,0.0,0.0,0.0,0.0,0.0,0.0,-214894.10510027906,-214894.10510027906,21588.310510027906,21588.310510027906,21488.310510027906,0.0,100.0,0.0,0.0,21588.310510027906,21588.310510027906,1,0.0,100.0
1439,18509.73502723472,0.0,-185097.35027234722,0.0,10.0,0.0,-0.0,0.1,0.270844734,27.084473399999997,0.0,0.0,100.0,1.0,0.11,-11.0,-236.14853816487943,236.14853816487943,0.0,-236.14853816487943,236.14853816487943,0.0,-18137.43795090496,18137.43795090496,0.0,0.0,0.0,0.0,0.0,0.0,0.0,0.0,0.0,-185108.35027234722,-185108.35027234722,18609.73502723472,18609.73502723472,18509.73502723472,0.0,100.0,0.0,0.0,18609.73502723472,18609.73502723472,1,0.0,100.0
1440,17764.85950878537,0.0,-177648.59508785367,0.0,10.0,0.0,-0.0,0.1,0.261067941,26.106794100000002,0.0,0.0,100.0,1.0,0.08,-8.0,-233.1859883938176,233.1859883938176,0.0,-233.1859883938176,233.1859883938176,0.0,-17398.487531997733,17398.487531997733,0.0,0.0,0.0,0.0,0.0,0.0,0.0,0.0,0.0,-177656.59508785367,-177656.59508785367,17864.85950878537,17864.85950878537,17764.85950878537,0.0,100.0,0.0,0.0,17864.85950878537,17864.85950878537,1,0.0,100.0
1441,17764.813019850582,0.0,-177648.13019850582,0.0,10.0,0.0,-0.0,0.1,0.261847488,26.1847488,0.0,0.0,100.0,1.0,0.08,-8.0,-233.16274997239407,233.16274997239407,0.0,-233.16274997239407,233.16274997239407,0.0,-17398.487519905793,17398.487519905793,0.0,0.0,0.0,0.0,0.0,0.0,0.0,0.0,0.0,-177656.13019850582,-177656.13019850582,17864.813019850582,17864.813019850582,17764.813019850582,0.0,100.0,0.0,0.0,17864.813019850582,17864.813019850582,1,0.0,100.0
1442,17764.777918426826,0.0,-177647.77918426826,0.0,10.0,0.0,-0.0,0.1,0.255039354,25.5039354,0.0,0.0,100.0,1.0,0.08,-8.0,-233.1451901915613,233.1451901915613,0.0,-233.1451901915613,233.1451901915613,0.0,-17398.487538043704,17398.487538043704,0.0,0.0,0.0,0.0,0.0,0.0,0.0,0.0,0.0,-177655.77918426826,-177655.77918426826,17864.777918426826,17864.777918426826,17764.777918426826,0.0,100.0,0.0,0.0,17864.777918426826,17864.777918426826,1,0.0,100.0
1443,17764.710677768995,0.0,-177647.10677768994,0.0,10.0,0.0,-0.0,0.1,0.251933986,25.1933986,0.0,0.0,100.0,1.0,0.08,-8.0,-233.1115698626446,233.1115698626446,0.0,-233.1115698626446,233.1115698626446,0.0,-17398.487538043704,17398.487538043704,0.0,0.0,0.0,0.0,0.0,0.0,0.0,0.0,0.0,-177655.10677768994,-177655.10677768994,17864.710677768995,17864.710677768995,17764.710677768995,0.0,100.0,0.0,0.0,17864.710677768995,17864.710677768995,1,0.0,100.0
1444,18505.703100406994,0.0,-185057.03100406996,0.0,10.0,0.0,-0.0,0.1,0.254833467,25.4833467,0.0,0.0,100.0,1.0,0.08,-8.0,-234.13260498086925,234.13260498086925,0.0,-234.13260498086925,234.13260498086925,0.0,-18137.437890445257,18137.437890445257,0.0,0.0,0.0,0.0,0.0,0.0,0.0,0.0,0.0,-185065.03100406996,-185065.03100406996,18605.703100406994,18605.703100406994,18505.703100406994,0.0,100.0,0.0,0.0,18605.703100406994,18605.703100406994,1,0.0,100.0
1445,21490.260405738332,0.0,-214902.60405738332,0.0,10.0,0.0,-0.0,0.1,0.264232559,26.423255899999997,0.0,0.0,100.0,1.0,0.11,-11.0,-234.07598468682207,234.07598468682207,0.0,-234.07598468682207,234.07598468682207,0.0,-21122.108436364688,21122.108436364688,0.0,0.0,0.0,0.0,0.0,0.0,0.0,0.0,0.0,-214913.60405738332,-214913.60405738332,21590.260405738332,21590.260405738332,21490.260405738332,0.0,100.0,0.0,0.0,21590.260405738332,21590.260405738332,1,0.0,100.0
1446,24373.04085868278,0.0,-243730.4085868278,0.0,10.0,0.0,-0.0,0.1,0.259218128,25.921812799999998,0.0,0.0,100.0,1.0,0.11,-11.0,-351.15779415861715,351.15779415861715,0.0,-351.15779415861715,351.15779415861715,0.0,-23770.725270365547,23770.725270365547,0.0,0.0,0.0,0.0,0.0,0.0,0.0,0.0,0.0,-243741.4085868278,-243741.4085868278,24473.04085868278,24473.04085868278,24373.04085868278,0.0,100.0,0.0,0.0,24473.04085868278,24473.04085868278,1,0.0,100.0
1447,27150.963456726797,0.0,-271509.63456726796,0.0,10.0,0.0,-0.0,0.1,0.249021976,24.9021976,0.0,0.0,100.0,1.0,0.11,-11.0,-598.3206796726213,598.3206796726213,0.0,-598.3206796726213,598.3206796726213,0.0,-30232.88562839952,30232.88562839952,0.0,0.0,1607.966103515625,1607.966103515625,0.0,0.0,2570.597427502339,2570.597427502339,0.0,-271520.63456726796,-271520.63456726796,31429.52698774476,31429.52698774476,31329.52698774476,0.0,100.0,0.0,0.0,31429.52698774476,27250.963456726797,1,0.0,100.0
1448,53376.93104508792,0.0,-533769.3104508792,0.0,10.0,0.0,-0.0,0.1,0.2414297,24.14297,0.0,0.0,100.0,1.0,0.11,-11.0,-807.2808966665889,807.2808966665889,0.0,-807.2808966665889,807.2808966665889,0.0,-63367.2472831911,63367.2472831911,0.0,0.0,4262.97990234375,4262.97990234375,0.0,0.0,7241.898129092611,7241.898129092611,0.0,-533780.3104508792,-533780.3104508792,64981.80907652428,64981.80907652428,64881.80907652428,0.0,100.0,0.0,0.0,64981.80907652428,53476.93104508792,1,0.0,100.0
1449,44257.16138533342,0.0,-442571.6138533342,0.0,10.0,0.0,-0.0,0.1,0.240236668,24.023666799999997,0.0,0.0,100.0,1.0,0.11,-11.0,-827.6104216125494,827.6104216125494,0.0,-827.6104216125494,827.6104216125494,0.0,-61146.1930376503,61146.1930376503,0.0,0.0,6282.286171875,6282.286171875,0.0,0.0,12161.96632366698,12161.96632366698,0.0,-442582.6138533342,-442582.6138533342,62801.4138808754,62801.4138808754,62701.4138808754,0.0,100.0,0.0,0.0,62801.4138808754,44357.16138533342,1,0.0,100.0
1450,31071.81689318578,0.0,-310718.1689318578,0.0,10.0,0.0,-0.0,0.1,0.245401383,24.5401383,0.0,0.0,100.0,1.0,0.11,-11.0,-851.4713671018105,851.4713671018105,0.0,-851.4713671018105,851.4713671018105,0.0,-58190.24425753367,58190.24425753367,0.0,0.0,14209.9330078125,14209.9330078125,0.0,0.0,14511.437090739011,14511.437090739011,0.0,-310729.1689318578,-310729.1689318578,59893.18699173729,59893.18699173729,59793.18699173729,0.0,100.0,0.0,0.0,59893.18699173729,31171.81689318578,1,0.0,100.0
1451,25361.605800134854,0.0,-253616.05800134855,0.0,10.0,0.0,-0.0,0.1,0.256143352,25.6143352,0.0,0.0,100.0,1.0,0.11,-11.0,-866.4447879663849,866.4447879663849,0.0,-866.4447879663849,866.4447879663849,0.0,-58189.59414650827,58189.59414650827,0.0,0.0,14808.2459765625,14808.2459765625,0.0,0.0,19652.631945743688,19652.631945743688,0.0,-253627.05800134855,-253627.05800134855,59922.483722441044,59922.483722441044,59822.483722441044,0.0,100.0,0.0,0.0,59922.483722441044,25461.605800134857,1,0.0,100.0
1452,13699.557419937795,0.0,-136995.57419937797,0.0,10.0,0.0,-0.0,0.1,0.250836333,25.083633300000002,0.0,0.0,100.0,1.0,0.11,-11.0,-874.5787358922599,874.5787358922599,0.0,-874.5787358922599,874.5787358922599,0.0,-55177.09380878163,55177.09380878163,0.0,0.0,22810.68193359375,22810.68193359375,0.0,0.0,20316.01192703461,20316.01192703461,0.0,-137006.57419937797,-137006.57419937797,56926.25128056616,56926.25128056615,56826.25128056616,0.0,100.0,0.0,0.0,56926.25128056615,13799.557419937788,1,0.0,100.0
1453,18146.00710125105,0.0,-181460.07101251048,0.0,10.0,0.0,-0.0,0.1,0.251713103,25.1713103,0.0,0.0,100.0,1.0,0.11,-11.0,-867.3259402464481,867.3259402464481,0.0,-867.3259402464481,867.3259402464481,0.0,-58189.35170917096,58189.35170917096,0.0,0.0,22661.10369140625,22661.10369140625,0.0,0.0,19016.892797006552,19016.892797006552,0.0,-181471.07101251048,-181471.07101251048,59924.003589663844,59924.00358966385,59824.003589663844,0.0,100.0,0.0,0.0,59924.00358966385,18246.007101251053,1,0.0,100.0
1454,23407.56146985871,0.0,-234075.6146985871,0.0,10.0,0.0,-0.0,0.1,0.249080451,24.908045100000002,0.0,0.0,100.0,1.0,0.08,-8.0,-875.0061755968662,875.0061755968662,0.0,-875.0061755968662,875.0061755968662,0.0,-58188.77495389541,58188.77495389541,0.0,0.0,20454.824619140625,20454.824619140625,0.0,0.0,15976.401216089806,15976.401216089806,0.0,-234083.6146985871,-234083.6146985871,59938.78730508914,59938.78730508914,59838.78730508914,0.0,100.0,0.0,0.0,59938.78730508914,23507.56146985871,1,0.0,100.0
1455,39997.61736857794,0.0,-399976.17368577945,0.0,10.0,0.0,-0.0,0.1,0.248916836,24.8916836,0.0,0.0,100.0,1.0,0.08,-8.0,-854.2303871671936,854.2303871671936,0.0,-854.2303871671936,854.2303871671936,0.0,-58189.3037585856,58189.3037585856,0.0,0.0,8937.299970703125,8937.299970703125,0.0,0.0,10862.847193638916,10862.847193638916,0.0,-399984.17368577945,-399984.17368577945,59897.76453291999,59897.76453291999,59797.76453291999,0.0,100.0,0.0,0.0,59897.76453291999,40097.61736857795,1,0.0,100.0
1456,55011.73607576972,0.0,-550117.3607576971,0.0,10.0,0.0,-0.0,0.1,0.255842283,25.5842283,0.0,0.0,100.0,1.0,0.08,-8.0,-794.9043631616609,794.9043631616609,0.0,-794.9043631616609,794.9043631616609,0.0,-61145.80960225459,61145.80960225459,0.0,0.0,2206.279072265625,2206.279072265625,0.0,0.0,5417.603180542564,5417.603180542564,0.0,-550125.3607576971,-550125.3607576971,62735.618328577904,62735.61832857791,62635.618328577904,0.0,100.0,0.0,0.0,62735.61832857791,55111.736075769724,1,0.0,100.0
1457,55079.37076646916,0.0,-550793.7076646916,0.0,10.0,0.0,-0.0,0.1,0.228028408,22.8028408,0.0,0.0,100.0,1.0,0.11,-11.0,-588.8030283310592,588.8030283310592,0.0,-588.8030283310592,588.8030283310592,0.0,-56390.21876941116,56390.21876941116,0.0,0.0,785.285771484375,785.285771484375,0.0,0.0,1603.1682881197382,1603.1682881197382,0.0,-550804.7076646916,-550804.7076646916,57567.82482607327,57567.82482607328,57467.82482607327,0.0,100.0,0.0,0.0,57567.82482607328,55179.37076646917,1,0.0,100.0
1458,46516.15203355664,0.0,-465161.52033556637,0.0,10.0,0.0,-0.0,0.1,0.191238451,19.1238451,0.0,0.0,100.0,1.0,0.11,-11.0,-621.607722915834,621.607722915834,0.0,-621.607722915834,621.607722915834,0.0,-45372.93658772497,45372.93658772497,0.0,0.0,0.0,0.0,0.0,0.0,0.0,0.0,0.0,-465172.52033556637,-465172.52033556637,46616.15203355664,46616.15203355664,46516.15203355664,0.0,100.0,0.0,0.0,46616.15203355664,46616.15203355664,1,0.0,100.0
1459,45043.29239617752,0.0,-450432.92396177526,0.0,10.0,0.0,-0.0,0.1,0.174660385,17.4660385,0.0,0.0,100.0,1.0,0.11,-11.0,-623.5823962572507,623.5823962572507,0.0,-623.5823962572507,623.5823962572507,0.0,-43896.12760366302,43896.12760366302,0.0,0.0,0.0,0.0,0.0,0.0,0.0,0.0,0.0,-450443.92396177526,-450443.92396177526,45143.29239617752,45143.29239617752,45043.29239617752,0.0,100.0,0.0,0.0,45143.29239617752,45143.29239617752,1,0.0,100.0
1460,35999.9206067401,0.0,-359999.20606740104,0.0,10.0,0.0,-0.0,0.1,0.166862178,16.6862178,0.0,0.0,100.0,1.0,0.11,-11.0,-620.2004709474646,620.2004709474646,0.0,-620.2004709474646,620.2004709474646,0.0,-34859.519664845175,34859.519664845175,0.0,0.0,0.0,0.0,0.0,0.0,0.0,0.0,0.0,-360010.20606740104,-360010.20606740104,36099.9206067401,36099.9206067401,35999.9206067401,0.0,100.0,0.0,0.0,36099.9206067401,36099.9206067401,1,0.0,100.0
1461,33750.089283310415,0.0,-337500.8928331041,0.0,10.0,0.0,-0.0,0.1,0.1707096839999999,17.070968399999987,0.0,0.0,100.0,1.0,0.11,-11.0,-233.6750992808656,233.6750992808656,0.0,-233.6750992808656,233.6750992808656,0.0,-33382.73908474868,33382.73908474868,0.0,0.0,0.0,0.0,0.0,0.0,0.0,0.0,0.0,-337511.8928331041,-337511.8928331041,33850.089283310415,33850.089283310415,33750.089283310415,0.0,100.0,0.0,0.0,33850.089283310415,33850.089283310415,1,0.0,100.0
1462,21488.016401158107,0.0,-214880.16401158107,0.0,10.0,0.0,-0.0,0.1,0.183801252,18.3801252,0.0,0.0,100.0,1.0,0.11,-11.0,-233.00006780042813,233.00006780042813,0.0,-233.00006780042813,233.00006780042813,0.0,-21122.01626555725,21122.01626555725,0.0,0.0,0.0,0.0,0.0,0.0,0.0,0.0,0.0,-214891.16401158107,-214891.16401158107,21588.016401158107,21588.016401158107,21488.016401158107,0.0,100.0,0.0,0.0,21588.016401158107,21588.016401158107,1,0.0,100.0
1463,18509.253737288964,0.0,-185092.53737288964,0.0,10.0,0.0,-0.0,0.1,0.207004513,20.7004513,0.0,0.0,100.0,1.0,0.11,-11.0,-235.9079234218532,235.9079234218532,0.0,-235.9079234218532,235.9079234218532,0.0,-18137.437890445257,18137.437890445257,0.0,0.0,0.0,0.0,0.0,0.0,0.0,0.0,0.0,-185103.53737288964,-185103.53737288964,18609.253737288964,18609.253737288964,18509.253737288964,0.0,100.0,0.0,0.0,18609.253737288964,18609.253737288964,1,0.0,100.0
1464,17764.369209530232,0.0,-177643.69209530234,0.0,10.0,0.0,-0.0,0.1,0.234668817,23.466881700000002,0.0,0.0,100.0,1.0,0.08,-8.0,-232.9408599271433,232.9408599271433,0.0,-232.9408599271433,232.9408599271433,0.0,-17398.487489675947,17398.487489675947,0.0,0.0,0.0,0.0,0.0,0.0,0.0,0.0,0.0,-177651.69209530234,-177651.69209530234,17864.369209530232,17864.369209530232,17764.369209530232,0.0,100.0,0.0,0.0,17864.369209530232,17864.369209530232,1,0.0,100.0
1465,17764.40053257783,0.0,-177644.0053257783,0.0,10.0,0.0,-0.0,0.1,0.2599447,25.994469999999996,0.0,0.0,100.0,1.0,0.08,-8.0,-232.9565154049739,232.9565154049739,0.0,-232.9565154049739,232.9565154049739,0.0,-17398.487501767882,17398.487501767882,0.0,0.0,0.0,0.0,0.0,0.0,0.0,0.0,0.0,-177652.0053257783,-177652.0053257783,17864.40053257783,17864.40053257783,17764.40053257783,0.0,100.0,0.0,0.0,17864.40053257783,17864.40053257783,1,0.0,100.0
1466,17764.42366967989,0.0,-177644.2366967989,0.0,10.0,0.0,-0.0,0.1,0.258226238,25.8226238,0.0,0.0,100.0,1.0,0.08,-8.0,-232.96809302495828,232.96809302495828,0.0,-232.96809302495828,232.96809302495828,0.0,-17398.487483629975,17398.487483629975,0.0,0.0,0.0,0.0,0.0,0.0,0.0,0.0,0.0,-177652.2366967989,-177652.2366967989,17864.42366967989,17864.42366967989,17764.42366967989,0.0,100.0,0.0,0.0,17864.42366967989,17864.42366967989,1,0.0,100.0
1467,17764.351749333167,0.0,-177643.5174933317,0.0,10.0,0.0,-0.0,0.1,0.243926976,24.392697599999998,0.0,0.0,100.0,1.0,0.08,-8.0,-232.9321358745797,232.9321358745797,0.0,-232.9321358745797,232.9321358745797,0.0,-17398.487477584007,17398.487477584007,0.0,0.0,0.0,0.0,0.0,0.0,0.0,0.0,0.0,-177651.5174933317,-177651.5174933317,17864.351749333167,17864.351749333167,17764.351749333167,0.0,100.0,0.0,0.0,17864.351749333167,17864.351749333167,1,0.0,100.0
1468,18513.39641987019,0.0,-185133.9641987019,0.0,10.0,0.0,-0.0,0.1,0.2352756989999999,23.52756989999999,0.0,0.0,100.0,1.0,0.08,-8.0,-237.97927378142464,237.97927378142464,0.0,-237.97927378142464,237.97927378142464,0.0,-18137.437872307342,18137.437872307342,0.0,0.0,0.0,0.0,0.0,0.0,0.0,0.0,0.0,-185141.9641987019,-185141.9641987019,18613.39641987019,18613.39641987019,18513.39641987019,0.0,100.0,0.0,0.0,18613.39641987019,18613.39641987019,1,0.0,100.0
1469,21566.223004107775,0.0,-215662.23004107774,0.0,10.0,0.0,-0.0,0.1,0.219399597,21.9399597,0.0,0.0,100.0,1.0,0.11,-11.0,-237.052129228146,237.052129228146,0.0,-237.052129228146,237.052129228146,0.0,-21192.11874565148,21192.11874565148,0.0,0.0,0.0,0.0,0.0,0.0,0.0,0.0,0.0,-215673.23004107774,-215673.23004107774,21666.223004107775,21666.223004107775,21566.223004107775,0.0,100.0,0.0,0.0,21666.223004107775,21666.223004107775,1,0.0,100.0
1470,24034.68287380889,0.0,-240346.82873808892,0.0,10.0,0.0,-0.0,0.1,0.225412728,22.5412728,0.0,0.0,100.0,1.0,0.11,-11.0,-271.6337995648912,271.6337995648912,0.0,-271.6337995648912,271.6337995648912,0.0,-23778.38807741348,23778.38807741348,0.0,0.0,186.972802734375,186.972802734375,0.0,0.0,0.0,0.0,0.0,-240357.82873808892,-240357.82873808892,24321.655676543265,24321.655676543265,24221.655676543265,0.0,100.0,0.0,0.0,24321.655676543265,24134.68287380889,1,0.0,100.0
1471,22398.605098440086,0.0,-223986.05098440085,0.0,10.0,0.0,-0.0,0.1,0.224025225,22.4025225,0.0,0.0,100.0,1.0,0.11,-11.0,-503.8698190084004,503.8698190084004,0.0,-503.8698190084004,503.8698190084004,0.0,-30246.21177986976,30246.21177986976,0.0,0.0,5908.34056640625,5908.34056640625,0.0,0.0,2847.005753040225,2847.005753040225,0.0,-223997.05098440085,-223997.05098440085,31253.95141788656,31253.95141788656,31153.95141788656,0.0,100.0,0.0,0.0,31253.95141788656,22498.605098440086,1,0.0,100.0
1472,46773.994861377396,0.0,-467739.948613774,0.0,10.0,0.0,-0.0,0.1,0.22106638,22.106638,0.0,0.0,100.0,1.0,0.11,-11.0,-693.3833671336728,693.3833671336728,0.0,-693.3833671336728,693.3833671336728,0.0,-63373.45510345695,63373.45510345695,0.0,0.0,12938.517949218747,12938.517949218747,0.0,0.0,4947.709027128158,4947.709027128158,0.0,-467750.948613774,-467750.948613774,64760.2218377243,64760.2218377243,64660.2218377243,0.0,100.0,0.0,0.0,64760.2218377243,46873.99486137739,1,0.0,100.0
1473,34453.77854401253,0.0,-344537.78544012527,0.0,10.0,0.0,-0.0,0.1,0.221093793,22.1093793,0.0,0.0,100.0,1.0,0.11,-11.0,-693.5605561848203,693.5605561848203,0.0,-693.5605561848203,693.5605561848203,0.0,-61151.22582371309,61151.22582371309,0.0,0.0,19332.987802734373,19332.987802734373,0.0,0.0,8651.580589335828,8651.580589335828,0.0,-344548.78544012527,-344548.78544012527,62538.34693608273,62538.34693608273,62438.34693608273,0.0,100.0,0.0,0.0,62538.34693608273,34553.77854401253,1,0.0,100.0
1474,20045.10787287174,0.0,-200451.0787287174,0.0,10.0,0.0,-0.0,0.1,0.223258231,22.3258231,0.0,0.0,100.0,1.0,0.11,-11.0,-711.6651998145192,711.6651998145192,0.0,-711.6651998145192,711.6651998145192,0.0,-58238.8331098628,58238.8331098628,0.0,0.0,24231.675234375,24231.675234375,0.0,0.0,15285.380402245091,15285.380402245091,0.0,-200462.0787287174,-200462.0787287174,59662.16350949183,59662.16350949184,59562.16350949183,0.0,100.0,0.0,0.0,59662.16350949184,20145.107872871748,1,0.0,100.0
1475,14703.594698123245,0.0,-147035.94698123244,0.0,10.0,0.0,-0.0,0.1,0.217204671,21.7204671,0.0,0.0,100.0,1.0,0.11,-11.0,-727.7304864797075,727.7304864797075,0.0,-727.7304864797075,727.7304864797075,0.0,-58347.66983822583,58347.66983822583,0.0,0.0,27447.60744140625,27447.60744140625,0.0,0.0,17551.928671655754,17551.928671655754,0.0,-147046.94698123244,-147046.94698123244,59803.13081118524,59803.13081118525,59703.13081118524,0.0,100.0,0.0,0.0,59803.13081118525,14803.594698123248,1,0.0,100.0
1476,9338.416587516953,0.0,-93384.16587516954,0.0,10.0,0.0,-0.0,0.1,0.201622848,20.1622848,0.0,0.0,100.0,1.0,0.11,-11.0,-731.1821519914635,731.1821519914635,0.0,-731.1821519914635,731.1821519914635,0.0,-55326.7111345338,55326.7111345338,0.0,0.0,26924.08359375,26924.08359375,0.0,0.0,20426.57525724977,20426.57525724977,0.0,-93395.16587516954,-93395.16587516954,56789.075438516724,56789.075438516724,56689.075438516724,0.0,100.0,0.0,0.0,56789.075438516724,9438.416587516956,1,0.0,100.0
1477,16034.993902534596,0.0,-160349.93902534596,0.0,10.0,0.0,-0.0,0.1,0.242208425,24.2208425,0.0,0.0,100.0,1.0,0.11,-11.0,-720.5743804882673,720.5743804882673,0.0,-720.5743804882673,720.5743804882673,0.0,-58355.34207094045,58355.34207094045,0.0,0.0,25390.90661132813,25390.90661132813,0.0,0.0,18270.59031805426,18270.59031805426,0.0,-160360.93902534596,-160360.93902534596,59796.490831916984,59796.490831916984,59696.490831916984,0.0,100.0,0.0,0.0,59796.490831916984,16134.993902534596,1,0.0,100.0
1478,26444.02560664244,0.0,-264440.2560664244,0.0,10.0,0.0,-0.0,0.1,0.233765628,23.376562800000002,0.0,0.0,100.0,1.0,0.08,-8.0,-728.4347840244296,728.4347840244296,0.0,-728.4347840244296,728.4347840244296,0.0,-58320.14705471189,58320.14705471189,0.0,0.0,21015.74302734375,21015.74302734375,0.0,0.0,12217.247988774558,12217.247988774558,0.0,-264448.2560664244,-264448.2560664244,59777.01662276075,59777.01662276075,59677.01662276075,0.0,100.0,0.0,0.0,59777.01662276075,26544.02560664244,1,0.0,100.0
1479,37739.549986130296,0.0,-377395.49986130296,0.0,10.0,0.0,-0.0,0.1,0.231336469,23.1336469,0.0,0.0,100.0,1.0,0.08,-8.0,-721.3535162371963,721.3535162371963,0.0,-721.3535162371963,721.3535162371963,0.0,-58229.35405725375,58229.35405725375,0.0,0.0,9946.95310546875,9946.95310546875,0.0,0.0,11885.557998129094,11885.557998129094,0.0,-377403.49986130296,-377403.49986130296,59672.061089728144,59672.061089728144,59572.061089728144,0.0,100.0,0.0,0.0,59672.061089728144,37839.549986130296,1,0.0,100.0
1480,49958.12736848732,0.0,-499581.27368487325,0.0,10.0,0.0,-0.0,0.1,0.241381571,24.138157099999997,0.0,0.0,100.0,1.0,0.08,-8.0,-712.2025469911805,712.2025469911805,0.0,-712.2025469911805,712.2025469911805,0.0,-61148.15858238615,61148.15858238615,0.0,0.0,7179.755625,7179.755625,0.0,0.0,5334.680682881198,5334.680682881198,0.0,-499589.27368487325,-499589.27368487325,62572.56367636852,62572.56367636852,62472.56367636852,0.0,100.0,0.0,0.0,62572.56367636852,50058.127368487316,1,0.0,100.0
1481,54593.6797076595,0.0,-545936.797076595,0.0,10.0,0.0,-0.0,0.1,0.271947907,27.1947907,0.0,0.0,100.0,1.0,0.11,-11.0,-536.2541978696984,536.2541978696984,0.0,-536.2541978696984,536.2541978696984,0.0,-55882.79528817384,55882.79528817384,0.0,0.0,934.864013671875,934.864013671875,0.0,0.0,1326.7599625818525,1326.7599625818525,0.0,-545947.797076595,-545947.797076595,56955.30368391323,56955.30368391323,56855.30368391323,0.0,100.0,0.0,0.0,56955.30368391323,54693.6797076595,1,0.0,100.0
1482,46397.12643761523,0.0,-463971.2643761523,0.0,10.0,0.0,-0.0,0.1,0.276089338,27.608933800000003,0.0,0.0,100.0,1.0,0.11,-11.0,-554.3565251385647,554.3565251385647,0.0,-554.3565251385647,554.3565251385647,0.0,-45388.4133873381,45388.4133873381,0.0,0.0,0.0,0.0,0.0,0.0,0.0,0.0,0.0,-463982.2643761523,-463982.2643761523,46497.12643761523,46497.12643761523,46397.12643761523,0.0,100.0,0.0,0.0,46497.12643761523,46497.12643761523,1,0.0,100.0
1483,44911.634184148876,0.0,-449116.3418414887,0.0,10.0,0.0,-0.0,0.1,0.274114189,27.4114189,0.0,0.0,100.0,1.0,0.11,-11.0,-546.4777986693797,546.4777986693797,0.0,-546.4777986693797,546.4777986693797,0.0,-43918.678586810114,43918.678586810114,0.0,0.0,0.0,0.0,0.0,0.0,0.0,0.0,0.0,-449127.3418414887,-449127.3418414887,45011.634184148876,45011.634184148876,44911.634184148876,0.0,100.0,0.0,0.0,45011.634184148876,45011.634184148876,1,0.0,100.0
1484,35865.237650916715,0.0,-358652.37650916714,0.0,10.0,0.0,-0.0,0.1,0.278137261,27.813726100000004,0.0,0.0,100.0,1.0,0.11,-11.0,-539.3269007240525,539.3269007240525,0.0,-539.3269007240525,539.3269007240525,0.0,-34886.58384946861,34886.58384946861,0.0,0.0,0.0,0.0,0.0,0.0,0.0,0.0,0.0,-358663.37650916714,-358663.37650916714,35965.237650916715,35965.237650916715,35865.237650916715,0.0,100.0,0.0,0.0,35965.237650916715,35965.237650916715,1,0.0,100.0
1485,33778.172505411385,0.0,-337781.72505411383,0.0,10.0,0.0,-0.0,0.1,0.278913325,27.891332499999997,0.0,0.0,100.0,1.0,0.11,-11.0,-232.1124858617001,232.1124858617001,0.0,-232.1124858617001,232.1124858617001,0.0,-33413.947533687984,33413.947533687984,0.0,0.0,0.0,0.0,0.0,0.0,0.0,0.0,0.0,-337792.72505411383,-337792.72505411383,33878.172505411385,33878.172505411385,33778.172505411385,0.0,100.0,0.0,0.0,33878.172505411385,33878.172505411385,1,0.0,100.0
1486,21486.49840040673,0.0,-214864.98400406732,0.0,10.0,0.0,-0.0,0.1,0.280210146,28.0210146,0.0,0.0,100.0,1.0,0.11,-11.0,-232.2410976545849,232.2410976545849,0.0,-232.2410976545849,232.2410976545849,0.0,-21122.01620509756,21122.01620509756,0.0,0.0,0.0,0.0,0.0,0.0,0.0,0.0,0.0,-214875.98400406732,-214875.98400406732,21586.49840040673,21586.49840040673,21486.49840040673,0.0,100.0,0.0,0.0,21586.49840040673,21586.49840040673,1,0.0,100.0
1487,18508.137595454427,0.0,-185081.3759545443,0.0,10.0,0.0,-0.0,0.1,0.298618483,29.8618483,0.0,0.0,100.0,1.0,0.11,-11.0,-235.3498676195104,235.3498676195104,0.0,-235.3498676195104,235.3498676195104,0.0,-18137.437860215407,18137.437860215407,0.0,0.0,0.0,0.0,0.0,0.0,0.0,0.0,0.0,-185092.3759545443,-185092.3759545443,18608.137595454427,18608.137595454427,18508.137595454427,0.0,100.0,0.0,0.0,18608.137595454427,18608.137595454427,1,0.0,100.0
1488,14749.739075458823,0.0,-147497.39075458824,0.0,10.0,0.0,-0.0,0.1,0.28867604,28.867604000000004,0.0,0.0,100.0,1.0,0.08,-8.0,-232.30342692451163,232.30342692451163,0.0,-232.30342692451163,232.30342692451163,0.0,-14385.1322216098,14385.1322216098,0.0,0.0,0.0,0.0,0.0,0.0,0.0,0.0,0.0,-147505.39075458824,-147505.39075458824,14849.739075458823,14849.739075458823,14749.739075458823,0.0,100.0,0.0,0.0,14849.739075458823,14849.739075458823,1,0.0,100.0
1489,14819.655383818132,0.0,-148196.5538381813,0.0,10.0,0.0,-0.0,0.1,0.291444453,29.1444453,0.0,0.0,100.0,1.0,0.08,-8.0,-232.2665474139779,232.2665474139779,0.0,-232.2665474139779,232.2665474139779,0.0,-14455.122288990176,14455.122288990176,0.0,0.0,0.0,0.0,0.0,0.0,0.0,0.0,0.0,-148204.5538381813,-148204.5538381813,14919.655383818132,14919.655383818132,14819.655383818132,0.0,100.0,0.0,0.0,14919.655383818132,14919.655383818132,1,0.0,100.0
1490,14866.458037885463,0.0,-148664.58037885462,0.0,10.0,0.0,-0.0,0.1,0.295346653,29.5346653,0.0,0.0,100.0,1.0,0.08,-8.0,-232.21477821383527,232.21477821383527,0.0,-232.21477821383527,232.21477821383527,0.0,-14502.028481457792,14502.028481457792,0.0,0.0,0.0,0.0,0.0,0.0,0.0,0.0,0.0,-148672.58037885462,-148672.58037885462,14966.458037885463,14966.458037885463,14866.458037885463,0.0,100.0,0.0,0.0,14966.458037885463,14966.458037885463,1,0.0,100.0
1491,14843.163607339373,0.0,-148431.63607339372,0.0,10.0,0.0,-0.0,0.1,0.297537509,29.753750899999996,0.0,0.0,100.0,1.0,0.08,-8.0,-232.1782642330745,232.1782642330745,0.0,-232.1782642330745,232.1782642330745,0.0,-14478.807078873224,14478.807078873224,0.0,0.0,0.0,0.0,0.0,0.0,0.0,0.0,0.0,-148439.63607339372,-148439.63607339372,14943.163607339373,14943.163607339373,14843.163607339373,0.0,100.0,0.0,0.0,14943.163607339373,14943.163607339373,1,0.0,100.0
1492,15607.612839076031,0.0,-156076.1283907603,0.0,10.0,0.0,-0.0,0.1,0.28121148,28.121148,0.0,0.0,100.0,1.0,0.08,-8.0,-233.05054463357231,233.05054463357231,0.0,-233.05054463357231,233.05054463357231,0.0,-15241.511749808888,15241.511749808888,0.0,0.0,0.0,0.0,0.0,0.0,0.0,0.0,0.0,-156084.1283907603,-156084.1283907603,15707.612839076031,15707.612839076031,15607.612839076031,0.0,100.0,0.0,0.0,15707.612839076031,15707.612839076031,1,0.0,100.0
1493,17062.07230361699,0.0,-170620.72303616992,0.0,10.0,0.0,-0.0,0.1,0.273602393,27.3602393,0.0,0.0,100.0,1.0,0.11,-11.0,-232.97138768840315,232.97138768840315,0.0,-232.97138768840315,232.97138768840315,0.0,-16696.129528240184,16696.129528240184,0.0,0.0,0.0,0.0,0.0,0.0,0.0,0.0,0.0,-170631.72303616992,-170631.72303616992,17162.07230361699,17162.07230361699,17062.07230361699,0.0,100.0,0.0,0.0,17162.07230361699,17162.07230361699,1,0.0,100.0
1494,24065.39257082439,0.0,-240653.9257082439,0.0,10.0,0.0,-0.0,0.1,0.258996646,25.8996646,0.0,0.0,100.0,1.0,0.11,-11.0,-221.05402003970613,221.05402003970613,0.0,-221.05402003970613,221.05402003970613,0.0,-23798.073651838728,23798.073651838728,0.0,0.0,74.78912109375,74.78912109375,0.0,0.0,0.0,0.0,0.0,-240664.9257082439,-240664.9257082439,24240.18169191814,24240.18169191814,24140.18169191814,0.0,100.0,0.0,0.0,24240.18169191814,24165.39257082439,1,0.0,100.0
1495,19829.01617035284,0.0,-198290.1617035284,0.0,10.0,0.0,-0.0,0.1,0.255614458,25.561445799999998,0.0,0.0,100.0,1.0,0.11,-11.0,-196.8897842967788,196.8897842967788,0.0,-196.8897842967788,196.8897842967788,0.0,-24287.64973294387,24287.64973294387,0.0,0.0,3702.0614941406247,3702.0614941406247,0.0,0.0,1050.3516370439663,1050.3516370439663,0.0,-198301.1617035284,-198301.1617035284,24681.42930153743,24681.429301537428,24581.42930153743,0.0,100.0,0.0,0.0,24681.429301537428,19929.016170352836,1,0.0,100.0
1496,34885.41625992239,0.0,-348854.1625992239,0.0,10.0,0.0,-0.0,0.1,0.257346826,25.734682599999996,0.0,0.0,100.0,1.0,0.11,-11.0,-196.9256386419087,196.9256386419087,0.0,-196.9256386419087,196.9256386419087,0.0,-39318.020871575376,39318.020871575376,0.0,0.0,2542.8301171875,2542.8301171875,0.0,0.0,2183.6257717492986,2183.6257717492986,0.0,-348865.1625992239,-348865.1625992239,39711.87214885919,39711.87214885919,39611.87214885919,0.0,100.0,0.0,0.0,39711.87214885919,34985.41625992239,1,0.0,100.0
1497,25103.836812127935,0.0,-251038.36812127935,0.0,10.0,0.0,-0.0,0.1,0.259162545,25.9162545,0.0,0.0,100.0,1.0,0.11,-11.0,-197.0909169706769,197.0909169706769,0.0,-197.0909169706769,197.0909169706769,0.0,-37078.754212576205,37078.754212576205,0.0,0.0,3589.8778125,3589.8778125,0.0,0.0,8679.221421889617,8679.221421889617,0.0,-251049.36812127935,-251049.36812127935,37472.936046517556,37472.936046517556,37372.936046517556,0.0,100.0,0.0,0.0,37472.936046517556,25203.836812127938,1,0.0,100.0
1498,18063.34409248381,0.0,-180633.4409248381,0.0,10.0,0.0,-0.0,0.1,0.275261376,27.5261376,0.0,0.0,100.0,1.0,0.11,-11.0,-197.16412719498365,197.16412719498365,0.0,-197.16412719498365,197.16412719498365,0.0,-34115.900620719614,34115.900620719614,0.0,0.0,4599.5309472656245,4599.5309472656245,0.0,0.0,11747.35383536015,11747.35383536015,0.0,-180644.4409248381,-180644.4409248381,34510.22887510959,34510.228875109584,34410.22887510959,0.0,100.0,0.0,0.0,34510.228875109584,18163.344092483807,1,0.0,100.0
1499,10857.704008750581,0.0,-108577.04008750581,0.0,10.0,0.0,-0.0,0.1,0.290285475,29.028547500000002,0.0,0.0,100.0,1.0,0.11,-11.0,-200.0825793303816,200.0825793303816,0.0,-200.0825793303816,200.0825793303816,0.0,-34190.19772805696,34190.19772805696,0.0,0.0,5085.660234375,5085.660234375,0.0,0.0,18546.998643592146,18546.998643592146,0.0,-108588.04008750581,-108588.04008750581,34590.362886717725,34590.362886717725,34490.362886717725,0.0,100.0,0.0,0.0,34590.362886717725,10957.704008750581,1,0.0,100.0
1500,10430.787599436939,0.0,-104307.87599436939,0.0,10.0,0.0,-0.0,0.1,0.296407477,29.6407477,0.0,0.0,100.0,1.0,0.11,-11.0,-197.3220464336716,197.3220464336716,0.0,-197.3220464336716,197.3220464336716,0.0,-34263.065048213735,34263.065048213735,0.0,0.0,5497.000400390625,5497.000400390625,0.0,0.0,18629.92114125351,18629.92114125351,0.0,-104318.87599436939,-104318.87599436939,34657.709141081075,34657.709141081075,34557.709141081075,0.0,100.0,0.0,0.0,34657.709141081075,10530.787599436939,1,0.0,100.0
1501,12359.622410495696,0.0,-123596.22410495696,0.0,10.0,0.0,-0.0,0.1,0.314887248,31.4887248,0.0,0.0,100.0,1.0,0.11,-11.0,-197.5520585119836,197.5520585119836,0.0,-197.5520585119836,197.5520585119836,0.0,-34274.500280351625,34274.500280351625,0.0,0.0,4823.898310546875,4823.898310546875,0.0,0.0,17386.083676333023,17386.083676333023,0.0,-123607.22410495696,-123607.22410495696,34669.604397375595,34669.604397375595,34569.604397375595,0.0,100.0,0.0,0.0,34669.604397375595,12459.622410495696,1,0.0,100.0
1502,7121.386702571141,0.0,-71213.8670257114,0.0,10.0,0.0,-0.0,0.1,0.331289897,33.1289897,0.0,0.0,100.0,1.0,0.08,-8.0,-197.6537534890536,197.6537534890536,0.0,-197.6537534890536,197.6537534890536,0.0,-19113.002295662827,19113.002295662827,0.0,0.0,4823.898310546875,4823.898310546875,0.0,0.0,7463.024789522919,7463.024789522919,0.0,-71221.8670257114,-71221.8670257114,19508.309802640935,19508.309802640935,19408.309802640935,0.0,100.0,0.0,0.0,19508.309802640935,7221.386702571141,1,0.0,100.0
1503,4505.774754279155,0.0,-45057.74754279155,0.0,10.0,0.0,-0.0,0.1,0.351372824,35.1372824,0.0,0.0,100.0,1.0,0.08,-8.0,-197.70225940708488,197.70225940708488,0.0,-197.70225940708488,197.70225940708488,0.0,-19025.57190933331,19025.57190933331,0.0,0.0,5721.367763671875,5721.367763671875,0.0,0.0,9093.833910196448,9093.833910196448,0.0,-45065.74754279155,-45065.74754279155,19420.976428147478,19420.976428147478,19320.976428147478,0.0,100.0,0.0,0.0,19420.976428147478,4605.774754279155,1,0.0,100.0
1504,15648.416691856002,0.0,-156484.16691856002,0.0,10.0,0.0,-0.0,0.1,0.3522915379999999,35.22915379999999,0.0,0.0,100.0,1.0,0.08,-8.0,-197.31957848007727,197.31957848007727,0.0,-197.31957848007727,197.31957848007727,0.0,-21980.90622546165,21980.90622546165,0.0,0.0,3365.5104492187497,3365.5104492187497,0.0,0.0,3261.6182413470538,3261.6182413470538,0.0,-156492.16691856002,-156492.16691856002,22375.545382421806,22375.545382421806,22275.545382421806,0.0,100.0,0.0,0.0,22375.545382421806,15748.416691856002,1,0.0,100.0
1505,19405.233217150704,0.0,-194052.33217150703,0.0,10.0,0.0,-0.0,0.1,0.329129546,32.9129546,0.0,0.0,100.0,1.0,0.11,-11.0,-197.2412793750415,197.2412793750415,0.0,-197.2412793750415,197.2412793750415,0.0,-21234.170471885405,21234.170471885405,0.0,0.0,934.864013671875,934.864013671875,0.0,0.0,1188.5557998129095,1188.5557998129095,0.0,-194063.33217150703,-194063.33217150703,21628.65303063549,21628.653030635487,21528.65303063549,0.0,100.0,0.0,0.0,21628.653030635487,19505.2332171507,1,0.0,100.0
1506,21389.745523530815,0.0,-213897.45523530815,0.0,10.0,0.0,-0.0,0.1,0.33561073,33.561073,0.0,0.0,100.0,1.0,0.11,-11.0,-226.999279076016,226.999279076016,0.0,-226.999279076016,226.999279076016,0.0,-21035.746965378785,21035.746965378785,0.0,0.0,0.0,0.0,0.0,0.0,0.0,0.0,0.0,-213908.45523530815,-213908.45523530815,21489.745523530815,21489.745523530815,21389.745523530815,0.0,100.0,0.0,0.0,21489.745523530815,21489.745523530815,1,0.0,100.0
1507,19925.417430819227,0.0,-199254.17430819228,0.0,10.0,0.0,-0.0,0.1,0.329575896,32.9575896,0.0,0.0,100.0,1.0,0.11,-11.0,-233.78560023670067,233.78560023670067,0.0,-233.78560023670067,233.78560023670067,0.0,-19557.846230345825,19557.846230345825,0.0,0.0,0.0,0.0,0.0,0.0,0.0,0.0,0.0,-199265.17430819228,-199265.17430819228,20025.417430819227,20025.417430819227,19925.417430819227,0.0,100.0,0.0,0.0,20025.417430819227,20025.417430819227,1,0.0,100.0
1508,19925.13418340487,0.0,-199251.34183404868,0.0,10.0,0.0,-0.0,0.1,0.318527666,31.8527666,0.0,0.0,100.0,1.0,0.11,-11.0,-233.6439765295221,233.6439765295221,0.0,-233.6439765295221,233.6439765295221,0.0,-19557.846230345825,19557.846230345825,0.0,0.0,0.0,0.0,0.0,0.0,0.0,0.0,0.0,-199262.34183404868,-199262.34183404868,20025.13418340487,20025.13418340487,19925.13418340487,0.0,100.0,0.0,0.0,20025.13418340487,20025.13418340487,1,0.0,100.0
1509,18446.276668328934,0.0,-184462.76668328934,0.0,10.0,0.0,-0.0,0.1,0.318352836,31.835283599999997,0.0,0.0,100.0,1.0,0.11,-11.0,-233.1348820511228,233.1348820511228,0.0,-233.1348820511228,233.1348820511228,0.0,-18080.006904226688,18080.006904226688,0.0,0.0,0.0,0.0,0.0,0.0,0.0,0.0,0.0,-184473.76668328934,-184473.76668328934,18546.276668328934,18546.276668328934,18446.276668328934,0.0,100.0,0.0,0.0,18546.276668328934,18546.276668328934,1,0.0,100.0
1510,16966.850839681043,0.0,-169668.50839681044,0.0,10.0,0.0,-0.0,0.1,0.31603662,31.603662,0.0,0.0,100.0,1.0,0.11,-11.0,-232.4337653183673,232.4337653183673,0.0,-232.4337653183673,232.4337653183673,0.0,-16601.98330904431,16601.98330904431,0.0,0.0,0.0,0.0,0.0,0.0,0.0,0.0,0.0,-169679.50839681044,-169679.50839681044,17066.850839681043,17066.850839681043,16966.850839681043,0.0,100.0,0.0,0.0,17066.850839681043,17066.850839681043,1,0.0,100.0
1511,15494.599304400954,0.0,-154945.99304400955,0.0,10.0,0.0,-0.0,0.1,0.337909886,33.7909886,0.0,0.0,100.0,1.0,0.11,-11.0,-235.25835914883007,235.25835914883007,0.0,-235.25835914883007,235.25835914883007,0.0,-15124.082586103294,15124.082586103294,0.0,0.0,0.0,0.0,0.0,0.0,0.0,0.0,0.0,-154956.99304400955,-154956.99304400955,15594.599304400954,15594.599304400954,15494.599304400954,0.0,100.0,0.0,0.0,15594.599304400954,15594.599304400954,1,0.0,100.0
1512,14819.643485367364,0.0,-148196.43485367362,0.0,10.0,0.0,-0.0,0.1,0.329227618,32.9227618,0.0,0.0,100.0,1.0,0.08,-8.0,-232.3042954342985,232.3042954342985,0.0,-232.3042954342985,232.3042954342985,0.0,-14455.034894498767,14455.034894498767,0.0,0.0,0.0,0.0,0.0,0.0,0.0,0.0,0.0,-148204.43485367362,-148204.43485367362,14919.643485367364,14919.643485367364,14819.643485367364,0.0,100.0,0.0,0.0,14919.643485367364,14919.643485367364,1,0.0,100.0
1513,14842.992584080035,0.0,-148429.92584080034,0.0,10.0,0.0,-0.0,0.1,0.329915323,32.991532299999996,0.0,0.0,100.0,1.0,0.08,-8.0,-232.2747665199641,232.2747665199641,0.0,-232.2747665199641,232.2747665199641,0.0,-14478.443051040107,14478.443051040107,0.0,0.0,0.0,0.0,0.0,0.0,0.0,0.0,0.0,-148437.92584080034,-148437.92584080034,14942.992584080035,14942.992584080035,14842.992584080035,0.0,100.0,0.0,0.0,14942.992584080035,14942.992584080035,1,0.0,100.0
1514,14866.409889468521,0.0,-148664.09889468522,0.0,10.0,0.0,-0.0,0.1,0.345241002,34.5241002,0.0,0.0,100.0,1.0,0.08,-8.0,-232.2448607785767,232.2448607785767,0.0,-232.2448607785767,232.2448607785767,0.0,-14501.920167911368,14501.920167911368,0.0,0.0,0.0,0.0,0.0,0.0,0.0,0.0,0.0,-148672.09889468522,-148672.09889468522,14966.409889468521,14966.409889468521,14866.409889468521,0.0,100.0,0.0,0.0,14966.409889468521,14966.409889468521,1,0.0,100.0
1515,14843.189683373572,0.0,-148431.89683373572,0.0,10.0,0.0,-0.0,0.1,0.357687385,35.768738500000005,0.0,0.0,100.0,1.0,0.08,-8.0,-232.21829145872863,232.21829145872863,0.0,-232.21829145872863,232.21829145872863,0.0,-14478.753100456115,14478.753100456115,0.0,0.0,0.0,0.0,0.0,0.0,0.0,0.0,0.0,-148439.89683373572,-148439.89683373572,14943.189683373572,14943.189683373572,14843.189683373572,0.0,100.0,0.0,0.0,14943.189683373572,14943.189683373572,1,0.0,100.0
1516,15607.341714169295,0.0,-156073.41714169295,0.0,10.0,0.0,-0.0,0.1,0.366766622,36.676662199999996,0.0,0.0,100.0,1.0,0.08,-8.0,-233.08328988354305,233.08328988354305,0.0,-233.08328988354305,233.08328988354305,0.0,-15241.175134402209,15241.175134402209,0.0,0.0,0.0,0.0,0.0,0.0,0.0,0.0,0.0,-156081.41714169295,-156081.41714169295,15707.341714169295,15707.341714169295,15607.341714169295,0.0,100.0,0.0,0.0,15707.341714169295,15707.341714169295,1,0.0,100.0
1517,17062.003991612826,0.0,-170620.03991612827,0.0,10.0,0.0,-0.0,0.1,0.3577486479999999,35.77486479999999,0.0,0.0,100.0,1.0,0.11,-11.0,-232.9987071058061,232.9987071058061,0.0,-232.9987071058061,232.9987071058061,0.0,-16696.006577401215,16696.006577401215,0.0,0.0,0.0,0.0,0.0,0.0,0.0,0.0,0.0,-170631.03991612827,-170631.03991612827,17162.003991612826,17162.003991612826,17062.003991612826,0.0,100.0,0.0,0.0,17162.003991612826,17162.003991612826,1,0.0,100.0
1518,17397.124062186955,0.0,-173971.24062186954,0.0,10.0,0.0,-0.0,0.1,0.353672592,35.3672592,0.0,0.0,100.0,1.0,0.11,-11.0,-221.07438819883944,221.07438819883944,0.0,-221.07438819883944,221.07438819883944,0.0,-17092.36984633615,17092.36984633615,0.0,0.0,37.394560546875,37.394560546875,0.0,0.0,0.0,0.0,0.0,-173982.24062186954,-173982.24062186954,17534.51862273383,17534.51862273383,17434.51862273383,0.0,100.0,0.0,0.0,17534.51862273383,17497.124062186955,1,0.0,100.0
1519,14693.657910473697,0.0,-146936.57910473697,0.0,10.0,0.0,-0.0,0.1,0.350362087,35.036208699999996,0.0,0.0,100.0,1.0,0.11,-11.0,-196.9931395556015,196.9931395556015,0.0,-196.9931395556015,196.9931395556015,0.0,-18030.2795655811,18030.2795655811,0.0,0.0,1944.5171484375,1944.5171484375,0.0,0.0,1686.0907857811042,1686.0907857811042,0.0,-146947.57910473697,-146947.57910473697,18424.2658446923,18424.2658446923,18324.2658446923,0.0,100.0,0.0,0.0,18424.2658446923,14793.657910473697,1,0.0,100.0
1520,9779.08720738074,0.0,-97790.8720738074,0.0,10.0,0.0,-0.0,0.1,0.3631277029999999,36.31277029999999,0.0,0.0,100.0,1.0,0.11,-11.0,-197.2164815105504,197.2164815105504,0.0,-197.2164815105504,197.2164815105504,0.0,-18053.185858273053,18053.185858273053,0.0,0.0,2542.8301171875,2542.8301171875,0.0,0.0,6025.701496725913,6025.701496725913,0.0,-97801.8720738074,-97801.8720738074,18447.618821294152,18447.618821294152,18347.618821294152,0.0,100.0,0.0,0.0,18447.618821294152,9879.08720738074,1,0.0,100.0
1521,5255.244760654406,0.0,-52552.447606544054,0.0,10.0,0.0,-0.0,0.1,0.3776941579999999,37.76941579999999,0.0,0.0,100.0,1.0,0.11,-11.0,-197.53986113158285,197.53986113158285,0.0,-197.53986113158285,197.53986113158285,0.0,-15812.942309634442,15812.942309634442,0.0,0.0,6319.680732421874,6319.680732421874,0.0,0.0,4533.096538821329,4533.096538821329,0.0,-52563.447606544054,-52563.447606544054,16208.02203189761,16208.022031897608,16108.02203189761,0.0,100.0,0.0,0.0,16208.022031897608,5355.244760654405,1,0.0,100.0
1522,2361.9199525552303,0.0,-23619.199525552303,0.0,10.0,0.0,-0.0,0.1,0.38777463,38.777463,0.0,0.0,100.0,1.0,0.11,-11.0,-197.7099131051244,197.7099131051244,0.0,-197.7099131051244,197.7099131051244,0.0,-12880.325724496364,12880.325724496364,0.0,0.0,4898.687431640625,4898.687431640625,0.0,0.0,5915.138166510758,5915.138166510758,0.0,-23630.199525552303,-23630.199525552303,13275.745550706613,13275.745550706613,13175.745550706613,0.0,100.0,0.0,0.0,13275.745550706613,2461.9199525552303,1,0.0,100.0
1523,0.0,0.0,-0.0,55.55555555555556,10.0,0.0,-0.0,0.1,0.3844816339999999,0.0,0.0,100.0,0.0,1.0,0.11,0.0,-200.6211286213264,200.6211286213264,0.0,-200.6211286213264,200.6211286213264,0.0,-12857.092284386204,12857.092284386204,0.0,0.0,5347.422158203125,5347.422158203125,0.0,3542.681733609922,11609.14967259121,8066.467938981287,0.0,0.0,0.0,13413.890097184412,13413.890097184412,13413.890097184412,0.0,0.0,155.55555555555475,0.0,13258.334541628858,-3698.2372891654777,1,-55.55555555555556,-100.0
1524,930.3362067883636,0.0,-9303.362067883636,0.0,60.0,45.0,-0.0,0.6,0.377782094,37.7782094,0.0,0.0,100.0,1.0,0.11,-11.0,-197.8267903713572,197.8267903713572,0.0,-197.8267903713572,197.8267903713572,0.0,-12880.410906162875,12880.410906162875,0.0,0.0,5235.2384765625,5235.2384765625,0.0,0.0,6965.489803554725,6965.489803554725,0.0,-9314.362067883636,-9314.362067883636,13276.06448690559,13276.064486905589,13131.06448690559,0.0,145.0,0.0,0.0,13276.064486905589,1075.3362067883627,1,45.0,100.0
1525,0.0,0.0,-0.0,55.55555555555556,10.0,0.0,-0.0,0.1,0.384910737,0.0,0.0,100.0,0.0,1.0,0.11,0.0,-198.1014128981647,198.1014128981647,0.0,-198.1014128981647,198.1014128981647,0.0,-12857.154878310072,12857.154878310072,0.0,0.0,7778.06859375,7778.06859375,0.0,8244.853276089916,13875.697942001872,5630.844665911956,0.0,0.0,0.0,13408.913259661957,13408.913259661957,13408.913259661957,0.0,0.0,155.55555555555475,0.0,13253.357704106402,-8400.408831645469,1,-55.55555555555556,-100.0
1526,0.0,0.0,-0.0,44.44444444444444,60.0,0.0,-0.0,0.6,0.39738309,0.0,0.0,100.0,0.0,1.0,0.08,0.0,-217.5617091737089,217.5617091737089,0.0,-217.5617091737089,217.5617091737089,0.0,-12880.344672565274,12880.344672565274,0.0,0.0,4823.898310546875,4823.898310546875,0.0,3083.698777996102,11719.713002806362,8636.01422481026,0.0,0.0,0.0,13459.912535357136,13459.912535357136,13459.912535357136,0.0,0.0,144.44444444444525,0.0,13315.468090912691,-3228.143222440547,1,-44.44444444444444,-100.0
1527,0.0,0.0,-0.0,0.0,100.0,-0.0,-0.0,1.0,0.392385582,0.0,0.0,100.0,0.0,1.0,0.08,0.0,-229.17707516997805,229.17707516997805,0.0,-229.17707516997805,229.17707516997805,0.0,-12857.064563615322,12857.064563615322,0.0,0.0,5310.02759765625,5310.02759765625,0.0,1790.0269379572874,9895.418054256315,8105.391116299028,0.0,0.0,0.0,13415.418713955278,13415.418713955278,13415.418713955278,0.0,0.0,100.0,0.0,13315.418713955278,-1890.0269379572874,1,-0.0,-100.0
1528,6545.0624635816075,0.0,-65450.62463581607,0.0,100.0,45.0,-0.0,1.0,0.385003357,38.5003357,0.0,0.0,100.0,1.0,0.08,-8.0,-237.878919624132,237.878919624132,0.0,-237.878919624132,237.878919624132,0.0,-15836.36533926114,15836.36533926114,0.0,0.0,4038.6125390625,4038.6125390625,0.0,0.0,5583.448175865296,5583.448175865296,0.0,-65458.62463581607,-65458.62463581607,16312.123178509404,16312.123178509404,16167.123178509404,0.0,145.0,0.0,0.0,16312.123178509404,6690.0624635816075,1,45.0,100.0
1529,17636.580431998802,0.0,-176365.804319988,0.0,50.0,36.0,-0.0,0.5,0.392749282,39.2749282,0.0,0.0,100.0,1.0,0.11,-11.0,-232.93504877364165,232.93504877364165,0.0,-232.93504877364165,232.93504877364165,0.0,-19579.708390123804,19579.708390123804,0.0,0.0,1084.4422558593749,1084.4422558593749,0.0,0.0,1188.5557998129095,1188.5557998129095,0.0,-176376.804319988,-176376.804319988,20045.578487671086,20045.578487671086,19909.578487671086,0.0,136.0,0.0,0.0,20045.578487671086,17772.580431998802,1,36.0,100.0
1530,21508.06765740942,0.0,-215080.67657409422,0.0,10.0,0.0,-0.0,0.1,0.392125014,39.2125014,0.0,0.0,100.0,1.0,0.11,-11.0,-227.6086607230212,227.6086607230212,0.0,-227.6086607230212,227.6086607230212,0.0,-21152.85033596338,21152.85033596338,0.0,0.0,0.0,0.0,0.0,0.0,0.0,0.0,0.0,-215091.67657409422,-215091.67657409422,21608.06765740942,21608.06765740942,21508.06765740942,0.0,100.0,0.0,0.0,21608.06765740942,21608.06765740942,1,0.0,100.0
1531,20020.721517378395,0.0,-200207.21517378394,0.0,10.0,0.0,-0.0,0.1,0.393086235,39.3086235,0.0,0.0,100.0,1.0,0.11,-11.0,-234.47090973149656,234.47090973149656,0.0,-234.47090973149656,234.47090973149656,0.0,-19651.7796979154,19651.7796979154,0.0,0.0,0.0,0.0,0.0,0.0,0.0,0.0,0.0,-200218.21517378394,-200218.21517378394,20120.721517378395,20120.721517378395,20020.721517378395,0.0,100.0,0.0,0.0,20120.721517378395,20120.721517378395,1,0.0,100.0
1532,20043.88684990542,0.0,-200438.8684990542,0.0,10.0,0.0,-0.0,0.1,0.390404865,39.0404865,0.0,0.0,100.0,1.0,0.11,-11.0,-234.2662356531884,234.2662356531884,0.0,-234.2662356531884,234.2662356531884,0.0,-19675.35437859904,19675.35437859904,0.0,0.0,0.0,0.0,0.0,0.0,0.0,0.0,0.0,-200449.8684990542,-200449.8684990542,20143.88684990542,20143.88684990542,20043.88684990542,0.0,100.0,0.0,0.0,20143.88684990542,20143.88684990542,1,0.0,100.0
1533,18541.457549700925,0.0,-185414.57549700924,0.0,10.0,0.0,-0.0,0.1,0.382870052,38.2870052,0.0,0.0,100.0,1.0,0.11,-11.0,-233.54382099514984,233.54382099514984,0.0,-233.54382099514984,233.54382099514984,0.0,-18174.369907710625,18174.369907710625,0.0,0.0,0.0,0.0,0.0,0.0,0.0,0.0,0.0,-185425.57549700924,-185425.57549700924,18641.457549700925,18641.457549700925,18541.457549700925,0.0,100.0,0.0,0.0,18641.457549700925,18641.457549700925,1,0.0,100.0
1534,17085.27997296097,0.0,-170852.7997296097,0.0,10.0,0.0,-0.0,0.1,0.388661889,38.8661889,0.0,0.0,100.0,1.0,0.11,-11.0,-232.711288651963,232.711288651963,0.0,-232.711288651963,232.711288651963,0.0,-16719.857395657044,16719.857395657044,0.0,0.0,0.0,0.0,0.0,0.0,0.0,0.0,0.0,-170863.7997296097,-170863.7997296097,17185.27997296097,17185.27997296097,17085.27997296097,0.0,100.0,0.0,0.0,17185.27997296097,17185.27997296097,1,0.0,100.0
1535,15589.766990170881,0.0,-155897.6699017088,0.0,10.0,0.0,-0.0,0.1,0.38106807,38.106806999999996,0.0,0.0,100.0,1.0,0.11,-11.0,-235.53739878662032,235.53739878662032,0.0,-235.53739878662032,235.53739878662032,0.0,-15218.69219259764,15218.69219259764,0.0,0.0,0.0,0.0,0.0,0.0,0.0,0.0,0.0,-155908.6699017088,-155908.6699017088,15689.766990170881,15689.766990170881,15589.766990170881,0.0,100.0,0.0,0.0,15689.766990170881,15689.766990170881,1,0.0,100.0
1536,17881.664338986357,0.0,-178816.64338986357,0.0,10.0,0.0,-0.0,0.1,0.3446037979999999,34.46037979999999,0.0,0.0,100.0,1.0,0.08,-8.0,-232.61007226115024,232.61007226115024,0.0,-232.61007226115024,232.61007226115024,0.0,-17516.444194464057,17516.444194464057,0.0,0.0,0.0,0.0,0.0,0.0,0.0,0.0,0.0,-178824.64338986357,-178824.64338986357,17981.664338986357,17981.664338986357,17881.664338986357,0.0,100.0,0.0,0.0,17981.664338986357,17981.664338986357,1,0.0,100.0
1537,17858.25523438908,0.0,-178582.55234389077,0.0,10.0,0.0,-0.0,0.1,0.3304414539999999,33.04414539999999,0.0,0.0,100.0,1.0,0.08,-8.0,-232.53464634732907,232.53464634732907,0.0,-232.53464634732907,232.53464634732907,0.0,-17493.18594169442,17493.18594169442,0.0,0.0,0.0,0.0,0.0,0.0,0.0,0.0,0.0,-178590.55234389077,-178590.55234389077,17958.25523438908,17958.25523438908,17858.25523438908,0.0,100.0,0.0,0.0,17958.25523438908,17958.25523438908,1,0.0,100.0
1538,17881.48684323485,0.0,-178814.86843234848,0.0,10.0,0.0,-0.0,0.1,0.32274024,32.274024000000004,0.0,0.0,100.0,1.0,0.08,-8.0,-232.4426784120841,232.4426784120841,0.0,-232.4426784120841,232.4426784120841,0.0,-17516.60148641068,17516.60148641068,0.0,0.0,0.0,0.0,0.0,0.0,0.0,0.0,0.0,-178822.86843234848,-178822.86843234848,17981.48684323485,17981.48684323485,17881.48684323485,0.0,100.0,0.0,0.0,17981.48684323485,17981.48684323485,1,0.0,100.0
1539,17858.20443776888,0.0,-178582.04437768878,0.0,10.0,0.0,-0.0,0.1,0.326650413,32.6650413,0.0,0.0,100.0,1.0,0.08,-8.0,-232.4281322853148,232.4281322853148,0.0,-232.4281322853148,232.4281322853148,0.0,-17493.34817319825,17493.34817319825,0.0,0.0,0.0,0.0,0.0,0.0,0.0,0.0,0.0,-178590.04437768878,-178590.04437768878,17958.20443776888,17958.20443776888,17858.20443776888,0.0,100.0,0.0,0.0,17958.20443776888,17958.20443776888,1,0.0,100.0
1540,18622.27012881664,0.0,-186222.7012881664,0.0,10.0,0.0,-0.0,0.1,0.341638671,34.1638671,0.0,0.0,100.0,1.0,0.08,-8.0,-233.29623064193905,233.29623064193905,0.0,-233.29623064193905,233.29623064193905,0.0,-18255.67766753276,18255.67766753276,0.0,0.0,0.0,0.0,0.0,0.0,0.0,0.0,0.0,-186230.7012881664,-186230.7012881664,18722.27012881664,18722.27012881664,18622.27012881664,0.0,100.0,0.0,0.0,18722.27012881664,18722.27012881664,1,0.0,100.0
1541,21583.402885778443,0.0,-215834.02885778443,0.0,10.0,0.0,-0.0,0.1,0.366518851,36.6518851,0.0,0.0,100.0,1.0,0.11,-11.0,-233.1800327606564,233.1800327606564,0.0,-233.1800327606564,233.1800327606564,0.0,-21217.04282025713,21217.04282025713,0.0,0.0,0.0,0.0,0.0,0.0,0.0,0.0,0.0,-215845.02885778443,-215845.02885778443,21683.402885778443,21683.402885778443,21583.402885778443,0.0,100.0,0.0,0.0,21683.402885778443,21683.402885778443,1,0.0,100.0
1542,23672.709895129985,0.0,-236727.09895129985,0.0,10.0,0.0,-0.0,0.1,0.383155641,38.315564099999996,0.0,0.0,100.0,1.0,0.11,-11.0,-257.1668678585646,257.1668678585646,0.0,-257.1668678585646,257.1668678585646,0.0,-23295.77071995973,23295.77071995973,0.0,0.0,37.394560546875,37.394560546875,0.0,0.0,0.0,0.0,0.0,-236738.09895129985,-236738.09895129985,23810.10445567686,23810.10445567686,23710.10445567686,0.0,100.0,0.0,0.0,23810.10445567686,23772.709895129985,1,0.0,100.0
1543,26491.65555005291,0.0,-264916.5555005291,0.0,10.0,0.0,-0.0,0.1,0.384000554,38.4000554,0.0,0.0,100.0,1.0,0.11,-11.0,-504.0635602485239,504.0635602485239,0.0,-504.0635602485239,504.0635602485239,0.0,-30267.76032310964,30267.76032310964,0.0,0.0,1533.176982421875,1533.176982421875,0.0,0.0,3151.0549111319,3151.0549111319,0.0,-264927.5555005291,-264927.5555005291,31275.887443606684,31275.887443606687,31175.887443606684,0.0,100.0,0.0,0.0,31275.887443606687,26591.655550052914,1,0.0,100.0
1544,54955.299351998285,0.0,-549552.9935199828,0.0,10.0,0.0,-0.0,0.1,0.381453932,38.1453932,0.0,0.0,100.0,1.0,0.11,-11.0,-695.8836527066812,695.8836527066812,0.0,-695.8836527066812,695.8836527066812,0.0,-63392.97862775745,63392.97862775745,0.0,0.0,2542.8301171875,2542.8301171875,0.0,0.0,7186.616463985034,7186.616463985034,0.0,-549563.9935199828,-549563.9935199828,64784.74593317082,64784.745933170816,64684.74593317082,0.0,100.0,0.0,0.0,64784.745933170816,55055.299351998285,1,0.0,100.0
1545,44871.4472047669,0.0,-448714.472047669,0.0,10.0,0.0,-0.0,0.1,0.358566386,35.856638600000004,0.0,0.0,100.0,1.0,0.11,-11.0,-728.5354118269506,728.5354118269506,0.0,-728.5354118269506,728.5354118269506,0.0,-61168.54528977472,61168.54528977472,0.0,0.0,3889.034296875,3889.034296875,0.0,0.0,13765.134611786718,13765.134611786718,0.0,-448725.472047669,-448725.472047669,62625.616113428616,62625.616113428616,62525.616113428616,0.0,100.0,0.0,0.0,62625.616113428616,44971.4472047669,1,0.0,100.0
1546,37021.19969558119,0.0,-370211.9969558119,0.0,10.0,0.0,-0.0,0.1,0.343028582,34.3028582,0.0,0.0,100.0,1.0,0.11,-11.0,-786.0997488570007,786.0997488570007,0.0,-786.0997488570007,786.0997488570007,0.0,-58207.74853074986,58207.74853074986,0.0,0.0,4636.9255078125,4636.9255078125,0.0,0.0,18021.82282507016,18021.82282507016,0.0,-370222.9969558119,-370222.9969558119,59779.948028463856,59779.948028463856,59679.948028463856,0.0,100.0,0.0,0.0,59779.948028463856,37121.19969558119,1,0.0,100.0
1547,35232.63316079129,0.0,-352326.3316079129,0.0,10.0,0.0,-0.0,0.1,0.349861467,34.9861467,0.0,0.0,100.0,1.0,0.11,-11.0,-829.2921874446286,829.2921874446286,0.0,-829.2921874446286,829.2921874446286,0.0,-58204.20873643443,58204.20873643443,0.0,0.0,5347.422158203125,5347.422158203125,0.0,0.0,19182.737792329284,19182.737792329284,0.0,-352337.3316079129,-352337.3316079129,59862.7931113237,59862.79311132369,59762.7931113237,0.0,100.0,0.0,0.0,59862.79311132369,35332.63316079129,1,0.0,100.0
1548,29973.183205027217,0.0,-299731.83205027215,0.0,10.0,0.0,-0.0,0.1,0.353198236,35.3198236,0.0,0.0,100.0,1.0,0.11,-11.0,-885.9807589051206,885.9807589051206,0.0,-885.9807589051206,885.9807589051206,0.0,-55190.57451337424,55190.57451337424,0.0,0.0,6020.524248046875,6020.524248046875,0.0,0.0,20868.828578110388,20868.828578110388,0.0,-299742.83205027215,-299742.83205027215,56962.536031184485,56962.53603118448,56862.536031184485,0.0,100.0,0.0,0.0,56962.53603118448,30073.183205027213,1,0.0,100.0
1549,34728.55849576222,0.0,-347285.5849576222,0.0,10.0,0.0,-0.0,0.1,0.355877911,35.5877911,0.0,0.0,100.0,1.0,0.11,-11.0,-901.965266252038,901.965266252038,0.0,-901.965266252038,901.965266252038,0.0,-58201.9327613865,58201.9327613865,0.0,0.0,4861.292871093749,4861.292871093749,0.0,0.0,20316.01192703461,20316.01192703461,0.0,-347296.5849576222,-347296.5849576222,60005.86329389058,60005.86329389058,59905.86329389058,0.0,100.0,0.0,0.0,60005.86329389058,34828.55849576222,1,0.0,100.0
1550,38486.46095487299,0.0,-384864.60954872996,0.0,10.0,0.0,-0.0,0.1,0.355723255,35.572325500000005,0.0,0.0,100.0,1.0,0.08,-8.0,-945.560195128861,945.560195128861,0.0,-945.560195128861,945.560195128861,0.0,-58201.33892624668,58201.33892624668,0.0,0.0,3926.428857421875,3926.428857421875,0.0,0.0,17579.569504209543,17579.569504209543,0.0,-384872.60954872996,-384872.60954872996,60092.459316504406,60092.459316504406,59992.459316504406,0.0,100.0,0.0,0.0,60092.459316504406,38586.46095487299,1,0.0,100.0
1551,32702.195214173225,0.0,-327021.95214173227,0.0,10.0,0.0,-0.0,0.1,0.370102236,37.010223599999996,0.0,0.0,100.0,1.0,0.08,-8.0,-971.8223979997842,971.8223979997842,0.0,-971.8223979997842,971.8223979997842,0.0,-58199.499240461206,58199.499240461206,0.0,0.0,14322.116689453123,14322.116689453123,0.0,0.0,13018.832132834426,13018.832132834426,0.0,-327029.95214173227,-327029.95214173227,60143.14403646078,60143.14403646078,60043.14403646078,0.0,100.0,0.0,0.0,60143.14403646078,32802.195214173225,1,0.0,100.0
1552,53626.63418327423,0.0,-536266.3418327423,0.0,10.0,0.0,-0.0,0.1,0.374548756,37.4548756,0.0,0.0,100.0,1.0,0.08,-8.0,-921.8523135583638,921.8523135583638,0.0,-921.8523135583638,921.8523135583638,0.0,-61153.88768277445,61153.88768277445,0.0,0.0,2056.700830078125,2056.700830078125,0.0,0.0,7214.257296538823,7214.257296538823,0.0,-536274.3418327423,-536274.3418327423,62997.59230989118,62997.59230989118,62897.59230989118,0.0,100.0,0.0,0.0,62997.59230989118,53726.63418327423,1,0.0,100.0
1553,53986.28325832804,0.0,-539862.8325832804,0.0,10.0,0.0,-0.0,0.1,0.359195386,35.9195386,0.0,0.0,100.0,1.0,0.11,-11.0,-667.1785703453882,667.1785703453882,0.0,-667.1785703453882,667.1785703453882,0.0,-55881.78998247699,55881.78998247699,0.0,0.0,1084.4422558593749,1084.4422558593749,0.0,0.0,2045.421608980356,2045.421608980356,0.0,-539873.8325832804,-539873.8325832804,57216.14712316777,57216.14712316777,57116.14712316777,0.0,100.0,0.0,0.0,57216.14712316777,54086.28325832804,1,0.0,100.0
1554,46528.611999235916,0.0,-465286.1199923592,0.0,10.0,0.0,-0.0,0.1,0.3483676739999999,34.83676739999999,0.0,0.0,100.0,1.0,0.11,-11.0,-622.7920992140289,622.7920992140289,0.0,-622.7920992140289,622.7920992140289,0.0,-45383.02780080786,45383.02780080786,0.0,0.0,0.0,0.0,0.0,0.0,0.0,0.0,0.0,-465297.1199923592,-465297.1199923592,46628.611999235916,46628.611999235916,46528.611999235916,0.0,100.0,0.0,0.0,46628.611999235916,46628.611999235916,1,0.0,100.0
1555,45005.1048328524,0.0,-450051.048328524,0.0,10.0,0.0,-0.0,0.1,0.332227911,33.2227911,0.0,0.0,100.0,1.0,0.11,-11.0,-599.1207911233007,599.1207911233007,0.0,-599.1207911233007,599.1207911233007,0.0,-43906.8632506058,43906.8632506058,0.0,0.0,0.0,0.0,0.0,0.0,0.0,0.0,0.0,-450062.048328524,-450062.048328524,45105.1048328524,45105.1048328524,45005.1048328524,0.0,100.0,0.0,0.0,45105.1048328524,45105.1048328524,1,0.0,100.0
1556,35954.8996854988,0.0,-359548.996854988,0.0,10.0,0.0,-0.0,0.1,0.318682463,31.868246300000003,0.0,0.0,100.0,1.0,0.11,-11.0,-592.5296361663325,592.5296361663325,0.0,-592.5296361663325,592.5296361663325,0.0,-34869.84041316614,34869.84041316614,0.0,0.0,0.0,0.0,0.0,0.0,0.0,0.0,0.0,-359559.996854988,-359559.996854988,36054.8996854988,36054.8996854988,35954.8996854988,0.0,100.0,0.0,0.0,36054.8996854988,36054.8996854988,1,0.0,100.0
1557,33761.071084923744,0.0,-337610.71084923745,0.0,10.0,0.0,-0.0,0.1,0.3170926189999999,31.70926189999999,0.0,0.0,100.0,1.0,0.11,-11.0,-233.453595644435,233.453595644435,0.0,-233.453595644435,233.453595644435,0.0,-33394.163893634875,33394.163893634875,0.0,0.0,0.0,0.0,0.0,0.0,0.0,0.0,0.0,-337621.71084923745,-337621.71084923745,33861.071084923744,33861.071084923744,33761.071084923744,0.0,100.0,0.0,0.0,33861.071084923744,33861.071084923744,1,0.0,100.0
1558,21487.52924782225,0.0,-214875.29247822252,0.0,10.0,0.0,-0.0,0.1,0.322560894,32.2560894,0.0,0.0,100.0,1.0,0.11,-11.0,-232.75657275308504,232.75657275308504,0.0,-232.75657275308504,232.75657275308504,0.0,-21122.01610231608,21122.01610231608,0.0,0.0,0.0,0.0,0.0,0.0,0.0,0.0,0.0,-214886.29247822252,-214886.29247822252,21587.52924782225,21587.52924782225,21487.52924782225,0.0,100.0,0.0,0.0,21587.52924782225,21587.52924782225,1,0.0,100.0
1559,18508.898633340945,0.0,-185088.98633340944,0.0,10.0,0.0,-0.0,0.1,0.3412612479999999,34.12612479999999,0.0,0.0,100.0,1.0,0.11,-11.0,-235.73045306843184,235.73045306843184,0.0,-235.73045306843184,235.73045306843184,0.0,-18137.43772720408,18137.43772720408,0.0,0.0,0.0,0.0,0.0,0.0,0.0,0.0,0.0,-185099.98633340944,-185099.98633340944,18608.898633340945,18608.898633340945,18508.898633340945,0.0,100.0,0.0,0.0,18608.898633340945,18608.898633340945,1,0.0,100.0
1560,17763.86230049509,0.0,-177638.6230049509,0.0,10.0,0.0,-0.0,0.1,0.332245995,33.224599500000004,0.0,0.0,100.0,1.0,0.08,-8.0,-232.68750214508896,232.68750214508896,0.0,-232.68750214508896,232.68750214508896,0.0,-17398.487296204912,17398.487296204912,0.0,0.0,0.0,0.0,0.0,0.0,0.0,0.0,0.0,-177646.6230049509,-177646.6230049509,17863.86230049509,17863.86230049509,17763.86230049509,0.0,100.0,0.0,0.0,17863.86230049509,17863.86230049509,1,0.0,100.0
1561,17763.865171091446,0.0,-177638.65171091445,0.0,10.0,0.0,-0.0,0.1,0.322882126,32.2882126,0.0,0.0,100.0,1.0,0.08,-8.0,-232.6889253513273,232.6889253513273,0.0,-232.6889253513273,232.6889253513273,0.0,-17398.48732038879,17398.48732038879,0.0,0.0,0.0,0.0,0.0,0.0,0.0,0.0,0.0,-177646.65171091445,-177646.65171091445,17863.865171091446,17863.865171091446,17763.865171091446,0.0,100.0,0.0,0.0,17863.865171091446,17863.865171091446,1,0.0,100.0
1562,17763.92370018666,0.0,-177639.2370018666,0.0,10.0,0.0,-0.0,0.1,0.330689221,33.068922099999995,0.0,0.0,100.0,1.0,0.08,-8.0,-232.71819292191603,232.71819292191603,0.0,-232.71819292191603,232.71819292191603,0.0,-17398.487314342827,17398.487314342827,0.0,0.0,0.0,0.0,0.0,0.0,0.0,0.0,0.0,-177647.2370018666,-177647.2370018666,17863.92370018666,17863.92370018666,17763.92370018666,0.0,100.0,0.0,0.0,17863.92370018666,17863.92370018666,1,0.0,100.0
1563,17763.853183506388,0.0,-177638.53183506388,0.0,10.0,0.0,-0.0,0.1,0.34703233,34.703233,0.0,0.0,100.0,1.0,0.08,-8.0,-232.6829436507384,232.6829436507384,0.0,-232.6829436507384,232.6829436507384,0.0,-17398.487296204912,17398.487296204912,0.0,0.0,0.0,0.0,0.0,0.0,0.0,0.0,0.0,-177646.53183506388,-177646.53183506388,17863.853183506388,17863.853183506388,17763.853183506388,0.0,100.0,0.0,0.0,17863.853183506388,17863.853183506388,1,0.0,100.0
1564,18558.20474045722,0.0,-185582.0474045722,0.0,10.0,0.0,-0.0,0.1,0.374601129,37.4601129,0.0,0.0,100.0,1.0,0.08,-8.0,-237.0402656614505,237.0402656614505,0.0,-237.0402656614505,237.0402656614505,0.0,-18184.12420913432,18184.12420913432,0.0,0.0,0.0,0.0,0.0,0.0,0.0,0.0,0.0,-185590.0474045722,-185590.0474045722,18658.20474045722,18658.20474045722,18558.20474045722,0.0,100.0,0.0,0.0,18658.20474045722,18658.20474045722,1,0.0,100.0
1565,21587.898485148107,0.0,-215878.98485148107,0.0,10.0,0.0,-0.0,0.1,0.376174227,37.617422700000006,0.0,0.0,100.0,1.0,0.11,-11.0,-236.1959366147295,236.1959366147295,0.0,-236.1959366147295,236.1959366147295,0.0,-21215.50661191865,21215.50661191865,0.0,0.0,0.0,0.0,0.0,0.0,0.0,0.0,0.0,-215889.98485148107,-215889.98485148107,21687.898485148107,21687.898485148107,21587.898485148107,0.0,100.0,0.0,0.0,21687.898485148107,21687.898485148107,1,0.0,100.0
1566,23081.595669440612,0.0,-230815.9566944061,0.0,10.0,0.0,-0.0,0.1,0.378328156,37.8328156,0.0,0.0,100.0,1.0,0.11,-11.0,-258.3114496969166,258.3114496969166,0.0,-258.3114496969166,258.3114496969166,0.0,-23269.79876393892,23269.79876393892,0.0,0.0,411.34016601562496,411.34016601562496,0.0,0.0,193.4858278765201,193.4858278765201,0.0,-230826.9566944061,-230826.9566944061,23786.421663332756,23786.421663332756,23686.421663332756,0.0,100.0,0.0,0.0,23786.421663332756,23181.595669440612,1,0.0,100.0
1567,20656.905938171698,0.0,-206569.05938171697,0.0,10.0,0.0,-0.0,0.1,0.384045612,38.404561199999996,0.0,0.0,100.0,1.0,0.11,-11.0,-503.9532481664749,503.9532481664749,0.0,-503.9532481664749,503.9532481664749,0.0,-30250.54764701005,30250.54764701005,0.0,0.0,6880.599140625,6880.599140625,0.0,0.0,3620.9490645463056,3620.9490645463056,0.0,-206580.05938171697,-206580.05938171697,31258.454143343002,31258.454143343002,31158.454143343002,0.0,100.0,0.0,0.0,31258.454143343002,20756.905938171698,1,0.0,100.0
1568,41578.012492271984,0.0,-415780.12492271984,0.0,10.0,0.0,-0.0,0.1,0.377027713,37.7027713,0.0,0.0,100.0,1.0,0.11,-11.0,-693.4232210088403,693.4232210088403,0.0,-693.4232210088403,693.4232210088403,0.0,-63383.59165526629,63383.59165526629,0.0,0.0,13611.6200390625,13611.6200390625,0.0,0.0,9480.805565949488,9480.805565949488,0.0,-415791.12492271984,-415791.12492271984,64770.43809728397,64770.43809728397,64670.43809728397,0.0,100.0,0.0,0.0,64770.43809728397,41678.012492271984,1,0.0,100.0
1569,27337.58380565811,0.0,-273375.8380565811,0.0,10.0,0.0,-0.0,0.1,0.378787437,37.8787437,0.0,0.0,100.0,1.0,0.11,-11.0,-711.5257064396276,711.5257064396276,0.0,-711.5257064396276,711.5257064396276,0.0,-61162.90585111645,61162.90585111645,0.0,0.0,20305.246376953124,20305.246376953124,0.0,0.0,14843.127081384471,14843.127081384471,0.0,-273386.8380565811,-273386.8380565811,62585.957263995704,62585.957263995704,62485.957263995704,0.0,100.0,0.0,0.0,62585.957263995704,27437.583805658112,1,0.0,100.0
1570,14784.313475890784,0.0,-147843.13475890784,0.0,10.0,0.0,-0.0,0.1,0.376452556,37.6452556,0.0,0.0,100.0,1.0,0.11,-11.0,-775.8794828470295,775.8794828470295,0.0,-775.8794828470295,775.8794828470295,0.0,-58203.73504680366,58203.73504680366,0.0,0.0,25577.8794140625,25577.8794140625,0.0,0.0,19293.301122544435,19293.301122544435,0.0,-147854.13475890784,-147854.13475890784,59755.494012497715,59755.49401249772,59655.494012497715,0.0,100.0,0.0,0.0,59755.49401249772,14884.31347589079,1,0.0,100.0
1571,10199.848892644419,0.0,-101998.48892644419,0.0,10.0,0.0,-0.0,0.1,0.369226681,36.9226681,0.0,0.0,100.0,1.0,0.11,-11.0,-839.8914813851756,839.8914813851756,0.0,-839.8914813851756,839.8914813851756,0.0,-58201.46722172283,58201.46722172283,0.0,0.0,27634.580244140623,27634.580244140623,0.0,0.0,21946.82104770814,21946.82104770814,0.0,-102009.48892644419,-102009.48892644419,59881.25018449318,59881.25018449318,59781.25018449318,0.0,100.0,0.0,0.0,59881.25018449318,10299.848892644419,1,0.0,100.0
1572,7144.288404325689,0.0,-71442.8840432569,0.0,10.0,0.0,-0.0,0.1,0.353095056,35.3095056,0.0,0.0,100.0,1.0,0.11,-11.0,-876.7928994370761,876.7928994370761,0.0,-876.7928994370761,876.7928994370761,0.0,-55187.52828179186,55187.52828179186,0.0,0.0,27971.131289062498,27971.131289062498,0.0,0.0,21725.694387277832,21725.694387277832,0.0,-71453.8840432569,-71453.8840432569,56941.114080666026,56941.11408066602,56841.114080666026,0.0,100.0,0.0,0.0,56941.11408066602,7244.288404325685,1,0.0,100.0
1573,14110.230446050187,0.0,-141102.30446050188,0.0,10.0,0.0,-0.0,0.1,0.352905374,35.2905374,0.0,0.0,100.0,1.0,0.11,-11.0,-856.0584577972119,856.0584577972119,0.0,-856.0584577972119,856.0584577972119,0.0,-58198.51904367636,58198.51904367636,0.0,0.0,25577.8794140625,25577.8794140625,0.0,0.0,20122.52609915809,20122.52609915809,0.0,-141113.30446050188,-141113.30446050188,59910.635959270774,59910.63595927078,59810.635959270774,0.0,100.0,0.0,0.0,59910.63595927078,14210.230446050191,1,0.0,100.0
1574,21552.082579975206,0.0,-215520.82579975206,0.0,10.0,0.0,-0.0,0.1,0.368983297,36.8983297,0.0,0.0,100.0,1.0,0.08,-8.0,-863.1176460965899,863.1176460965899,0.0,-863.1176460965899,863.1176460965899,0.0,-58197.57158581722,58197.57158581722,0.0,0.0,21576.66143554688,21576.66143554688,0.0,0.0,16695.06286248831,16695.06286248831,0.0,-215528.82579975206,-215528.82579975206,59923.80687801039,59923.8068780104,59823.80687801039,0.0,100.0,0.0,0.0,59923.8068780104,21652.082579975213,1,0.0,100.0
1575,31933.778519824344,0.0,-319337.78519824345,0.0,10.0,0.0,-0.0,0.1,0.3655581129999999,36.55581129999999,0.0,0.0,100.0,1.0,0.08,-8.0,-861.5715078775287,861.5715078775287,0.0,-861.5715078775287,861.5715078775287,0.0,-58197.8563328502,58197.8563328502,0.0,0.0,15144.797021484375,15144.797021484375,0.0,0.0,12742.42380729654,12742.42380729654,0.0,-319345.78519824345,-319345.78519824345,59920.999348605255,59920.999348605255,59820.999348605255,0.0,100.0,0.0,0.0,59920.999348605255,32033.77851982434,1,0.0,100.0
1576,48119.52025954089,0.0,-481195.2025954089,0.0,10.0,0.0,-0.0,0.1,0.355017146,35.5017146,0.0,0.0,100.0,1.0,0.08,-8.0,-824.2262347546603,824.2262347546603,0.0,-824.2262347546603,824.2262347546603,0.0,-61155.29421715571,61155.29421715571,0.0,0.0,7591.095791015625,7591.095791015625,0.0,0.0,6993.1306361085135,6993.1306361085135,0.0,-481203.2025954089,-481203.2025954089,62803.74668666503,62803.74668666503,62703.74668666503,0.0,100.0,0.0,0.0,62803.74668666503,48219.52025954089,1,0.0,100.0
1577,53919.03082449322,0.0,-539190.3082449322,0.0,10.0,0.0,-0.0,0.1,0.341979675,34.1979675,0.0,0.0,100.0,1.0,0.11,-11.0,-614.0452880704811,614.0452880704811,0.0,-614.0452880704811,614.0452880704811,0.0,-55883.40955264512,55883.40955264512,0.0,0.0,1047.0476953125,1047.0476953125,0.0,0.0,2045.421608980356,2045.421608980356,0.0,-539201.3082449322,-539201.3082449322,57111.50012878607,57111.50012878608,57011.50012878607,0.0,100.0,0.0,0.0,57111.50012878608,54019.030824493224,1,0.0,100.0
1578,46560.06445868167,0.0,-465600.6445868167,0.0,10.0,0.0,-0.0,0.1,0.33172738,33.172738,0.0,0.0,100.0,1.0,0.11,-11.0,-638.4585161590761,638.4585161590761,0.0,-638.4585161590761,638.4585161590761,0.0,-45383.14742636352,45383.14742636352,0.0,0.0,0.0,0.0,0.0,0.0,0.0,0.0,0.0,-465611.6445868167,-465611.6445868167,46660.06445868167,46660.06445868167,46560.06445868167,0.0,100.0,0.0,0.0,46660.06445868167,46660.06445868167,1,0.0,100.0
1579,45092.62957818101,0.0,-450926.2957818101,0.0,10.0,0.0,-0.0,0.1,0.306298876,30.6298876,0.0,0.0,100.0,1.0,0.11,-11.0,-644.0129197238856,644.0129197238856,0.0,-644.0129197238856,644.0129197238856,0.0,-43904.60373873324,43904.60373873324,0.0,0.0,0.0,0.0,0.0,0.0,0.0,0.0,0.0,-450937.2957818101,-450937.2957818101,45192.62957818101,45192.62957818101,45092.62957818101,0.0,100.0,0.0,0.0,45192.62957818101,45192.62957818101,1,0.0,100.0
1580,36058.839484545315,0.0,-360588.39484545315,0.0,10.0,0.0,-0.0,0.1,0.273099268,27.3099268,0.0,0.0,100.0,1.0,0.11,-11.0,-645.4417214632002,645.4417214632002,0.0,-645.4417214632002,645.4417214632002,0.0,-34867.95604161891,34867.95604161891,0.0,0.0,0.0,0.0,0.0,0.0,0.0,0.0,0.0,-360599.39484545315,-360599.39484545315,36158.839484545315,36158.839484545315,36058.839484545315,0.0,100.0,0.0,0.0,36158.839484545315,36158.839484545315,1,0.0,100.0
1581,33758.090883793964,0.0,-337580.9088379396,0.0,10.0,0.0,-0.0,0.1,0.2728750219999999,27.28750219999999,0.0,0.0,100.0,1.0,0.11,-11.0,-233.08706296587803,233.08706296587803,0.0,-233.08706296587803,233.08706296587803,0.0,-33391.91675786221,33391.91675786221,0.0,0.0,0.0,0.0,0.0,0.0,0.0,0.0,0.0,-337591.9088379396,-337591.9088379396,33858.090883793964,33858.090883793964,33758.090883793964,0.0,100.0,0.0,0.0,33858.090883793964,33858.090883793964,1,0.0,100.0
1582,21488.410878481027,0.0,-214884.10878481026,0.0,10.0,0.0,-0.0,0.1,0.288099952,28.8099952,0.0,0.0,100.0,1.0,0.11,-11.0,-233.19741831232548,233.19741831232548,0.0,-233.19741831232548,233.19741831232548,0.0,-21122.016041856376,21122.016041856376,0.0,0.0,0.0,0.0,0.0,0.0,0.0,0.0,0.0,-214895.10878481026,-214895.10878481026,21588.410878481027,21588.410878481027,21488.410878481027,0.0,100.0,0.0,0.0,21588.410878481027,21588.410878481027,1,0.0,100.0
1583,18509.828799499555,0.0,-185098.28799499554,0.0,10.0,0.0,-0.0,0.1,0.319791325,31.979132500000002,0.0,0.0,100.0,1.0,0.11,-11.0,-236.1955603316196,236.1955603316196,0.0,-236.1955603316196,236.1955603316196,0.0,-18137.437678836315,18137.437678836315,0.0,0.0,0.0,0.0,0.0,0.0,0.0,0.0,0.0,-185109.28799499554,-185109.28799499554,18609.828799499555,18609.828799499555,18509.828799499555,0.0,100.0,0.0,0.0,18609.828799499555,18609.828799499555,1,0.0,100.0
1584,17764.95024402802,0.0,-177649.5024402802,0.0,10.0,0.0,-0.0,0.1,0.3526256229999999,35.26256229999999,0.0,0.0,100.0,1.0,0.08,-8.0,-233.23150111841488,233.23150111841488,0.0,-233.23150111841488,233.23150111841488,0.0,-17398.48724179119,17398.48724179119,0.0,0.0,0.0,0.0,0.0,0.0,0.0,0.0,0.0,-177657.5024402802,-177657.5024402802,17864.95024402802,17864.95024402802,17764.95024402802,0.0,100.0,0.0,0.0,17864.95024402802,17864.95024402802,1,0.0,100.0
1585,17764.909887674607,0.0,-177649.09887674608,0.0,10.0,0.0,-0.0,0.1,0.360689205,36.068920500000004,0.0,0.0,100.0,1.0,0.08,-8.0,-233.21131689573784,233.21131689573784,0.0,-233.21131689573784,233.21131689573784,0.0,-17398.48725388313,17398.48725388313,0.0,0.0,0.0,0.0,0.0,0.0,0.0,0.0,0.0,-177657.09887674608,-177657.09887674608,17864.909887674607,17864.909887674607,17764.909887674607,0.0,100.0,0.0,0.0,17864.909887674607,17864.909887674607,1,0.0,100.0
1586,17764.88225959007,0.0,-177648.8225959007,0.0,10.0,0.0,-0.0,0.1,0.364151199,36.4151199,0.0,0.0,100.0,1.0,0.08,-8.0,-233.1974968075011,233.1974968075011,0.0,-233.1974968075011,233.1974968075011,0.0,-17398.48726597507,17398.48726597507,0.0,0.0,0.0,0.0,0.0,0.0,0.0,0.0,0.0,-177656.8225959007,-177656.8225959007,17864.88225959007,17864.88225959007,17764.88225959007,0.0,100.0,0.0,0.0,17864.88225959007,17864.88225959007,1,0.0,100.0
1587,17764.90221301417,0.0,-177649.0221301417,0.0,10.0,0.0,-0.0,0.1,0.360805712,36.0805712,0.0,0.0,100.0,1.0,0.08,-8.0,-233.20748561148963,233.20748561148963,0.0,-233.20748561148963,233.20748561148963,0.0,-17398.48724179119,17398.48724179119,0.0,0.0,0.0,0.0,0.0,0.0,0.0,0.0,0.0,-177657.0221301417,-177657.0221301417,17864.90221301417,17864.90221301417,17764.90221301417,0.0,100.0,0.0,0.0,17864.90221301417,17864.90221301417,1,0.0,100.0
1588,18506.053610474566,0.0,-185060.53610474567,0.0,10.0,0.0,-0.0,0.1,0.349845072,34.984507199999996,0.0,0.0,100.0,1.0,0.08,-8.0,-234.30799604897263,234.30799604897263,0.0,-234.30799604897263,234.30799604897263,0.0,-18137.43761837662,18137.43761837662,0.0,0.0,0.0,0.0,0.0,0.0,0.0,0.0,0.0,-185068.53610474567,-185068.53610474567,18606.053610474566,18606.053610474566,18506.053610474566,0.0,100.0,0.0,0.0,18606.053610474566,18606.053610474566,1,0.0,100.0
1589,21583.929335695095,0.0,-215839.29335695095,0.0,10.0,0.0,-0.0,0.1,0.316741723,31.6741723,0.0,0.0,100.0,1.0,0.11,-11.0,-234.22954514196607,234.22954514196607,0.0,-234.22954514196607,234.22954514196607,0.0,-21215.47024541116,21215.47024541116,0.0,0.0,0.0,0.0,0.0,0.0,0.0,0.0,0.0,-215850.29335695095,-215850.29335695095,21683.929335695095,21683.929335695095,21583.929335695095,0.0,100.0,0.0,0.0,21683.929335695095,21683.929335695095,1,0.0,100.0
1590,23657.63461973835,0.0,-236576.3461973835,0.0,10.0,0.0,-0.0,0.1,0.305858388,30.585838799999998,0.0,0.0,100.0,1.0,0.11,-11.0,-384.3798921954334,384.3798921954334,0.0,-384.3798921954334,384.3798921954334,0.0,-23266.90351231084,23266.90351231084,0.0,0.0,112.183681640625,112.183681640625,0.0,0.0,165.84499532273156,165.84499532273156,0.0,-236587.3461973835,-236587.3461973835,24035.663296701707,24035.663296701707,23935.663296701707,0.0,100.0,0.0,0.0,24035.663296701707,23757.63461973835,1,0.0,100.0
1591,26410.222153592684,0.0,-264102.22153592686,0.0,10.0,0.0,-0.0,0.1,0.295059538,29.5059538,0.0,0.0,100.0,1.0,0.11,-11.0,-635.6054951919783,635.6054951919783,0.0,-635.6054951919783,635.6054951919783,0.0,-30246.76805140009,30246.76805140009,0.0,0.0,2243.6736328125,2243.6736328125,0.0,0.0,2764.083255378859,2764.083255378859,0.0,-264113.22153592686,-264113.22153592686,31517.97904178404,31517.979041784045,31417.97904178404,0.0,100.0,0.0,0.0,31517.979041784045,26510.222153592687,1,0.0,100.0
1592,54187.514659004184,0.0,-541875.1465900418,0.0,10.0,0.0,-0.0,0.1,0.296312456,29.6312456,0.0,0.0,100.0,1.0,0.11,-11.0,-861.9077768582872,861.9077768582872,0.0,-861.9077768582872,861.9077768582872,0.0,-63380.76540628994,63380.76540628994,0.0,0.0,5123.054794921874,5123.054794921874,0.0,0.0,5694.01150608045,5694.01150608045,0.0,-541886.1465900418,-541886.1465900418,65104.58096000651,65104.58096000651,65004.58096000651,0.0,100.0,0.0,0.0,65104.58096000651,54287.514659004184,1,0.0,100.0
1593,41761.015931179514,0.0,-417610.15931179514,0.0,10.0,0.0,-0.0,0.1,0.297390171,29.739017099999998,0.0,0.0,100.0,1.0,0.11,-11.0,-909.1552624100216,909.1552624100216,0.0,-909.1552624100216,909.1552624100216,0.0,-61159.9220441708,61159.9220441708,0.0,0.0,7628.4903515625,7628.4903515625,0.0,0.0,13488.726286248831,13488.726286248831,0.0,-417621.15931179514,-417621.15931179514,62978.23256899085,62978.23256899085,62878.23256899085,0.0,100.0,0.0,0.0,62978.23256899085,41861.015931179514,1,0.0,100.0
1594,32545.413012674646,0.0,-325454.1301267465,0.0,10.0,0.0,-0.0,0.1,0.308268305,30.826830500000003,0.0,0.0,100.0,1.0,0.11,-11.0,-957.5358187085506,957.5358187085506,0.0,-957.5358187085506,957.5358187085506,0.0,-58201.61393926852,58201.61393926852,0.0,0.0,9311.245576171874,9311.245576171874,0.0,0.0,18160.026987839105,18160.026987839105,0.0,-325465.1301267465,-325465.1301267465,60116.685576685624,60116.685576685624,60016.685576685624,0.0,100.0,0.0,0.0,60116.685576685624,32645.413012674646,1,0.0,100.0
1595,31262.67248681924,0.0,-312626.7248681924,0.0,10.0,0.0,-0.0,0.1,0.336335972,33.6335972,0.0,0.0,100.0,1.0,0.11,-11.0,-1037.1121247718625,1037.1121247718625,0.0,-1037.1121247718625,1037.1121247718625,0.0,-58197.075713523765,58197.075713523765,0.0,0.0,8675.538046874999,8675.538046874999,0.0,0.0,20233.08942937325,20233.08942937325,0.0,-312637.7248681924,-312637.7248681924,60271.29996306749,60271.29996306749,60171.29996306749,0.0,100.0,0.0,0.0,60271.29996306749,31362.67248681924,1,0.0,100.0
1596,26308.121466374338,0.0,-263081.2146637434,0.0,10.0,0.0,-0.0,0.1,0.34134646,34.134646000000004,0.0,0.0,100.0,1.0,0.11,-11.0,-967.7278067896676,967.7278067896676,0.0,-967.7278067896676,967.7278067896676,0.0,-55184.39723130115,55184.39723130115,0.0,0.0,9759.980302734377,9759.980302734377,0.0,0.0,20951.75107577176,20951.75107577176,0.0,-263092.2146637434,-263092.2146637434,57119.85284488047,57119.85284488048,57019.85284488047,0.0,100.0,0.0,0.0,57119.85284488048,26408.12146637434,1,0.0,100.0
1597,32296.574163646463,0.0,-322965.7416364646,0.0,10.0,0.0,-0.0,0.1,0.333515692,33.3515692,0.0,0.0,100.0,1.0,0.11,-11.0,-900.3463003262049,900.3463003262049,0.0,-900.3463003262049,900.3463003262049,0.0,-58195.66780066142,58195.66780066142,0.0,0.0,8002.43595703125,8002.43595703125,0.0,0.0,19597.35028063611,19597.35028063611,0.0,-322976.7416364646,-322976.7416364646,59996.360401313825,59996.360401313825,59896.360401313825,0.0,100.0,0.0,0.0,59996.360401313825,32396.574163646466,1,0.0,100.0
1598,36879.28447110091,0.0,-368792.84471100906,0.0,10.0,0.0,-0.0,0.1,0.353671753,35.3671753,0.0,0.0,100.0,1.0,0.08,-8.0,-927.3935704365124,927.3935704365124,0.0,-927.3935704365124,927.3935704365124,0.0,-58194.49097080538,58194.49097080538,0.0,0.0,6955.38826171875,6955.38826171875,0.0,0.0,16114.605378858749,16114.605378858749,0.0,-368800.84471100906,-368800.84471100906,60049.27811167841,60049.27811167841,59949.27811167841,0.0,100.0,0.0,0.0,60049.27811167841,36979.28447110091,1,0.0,100.0
1599,43261.22011612722,0.0,-432612.2011612722,0.0,10.0,0.0,-0.0,0.1,0.3677498179999999,36.77498179999999,0.0,0.0,100.0,1.0,0.08,-8.0,-917.8203540505456,917.8203540505456,0.0,-917.8203540505456,917.8203540505456,0.0,-58195.95756584922,58195.95756584922,0.0,0.0,5945.735126953125,5945.735126953125,0.0,0.0,10724.643030869973,10724.643030869973,0.0,-432620.2011612722,-432620.2011612722,60031.598273950316,60031.59827395031,59931.598273950316,0.0,100.0,0.0,0.0,60031.59827395031,43361.22011612721,1,0.0,100.0
1600,51988.17818107026,0.0,-519881.7818107026,0.0,10.0,0.0,-0.0,0.1,0.364062825,36.406282499999996,0.0,0.0,100.0,1.0,0.08,-8.0,-857.0777339707711,857.0777339707711,0.0,-857.0777339707711,857.0777339707711,0.0,-61153.69445358417,61153.69445358417,0.0,0.0,5085.660234375,5085.660234375,0.0,0.0,5694.01150608045,5694.01150608045,0.0,-519889.7818107026,-519889.7818107026,62867.84992152571,62867.84992152571,62767.84992152571,0.0,100.0,0.0,0.0,62867.84992152571,52088.17818107026,1,0.0,100.0
1601,54630.70666616978,0.0,-546307.0666616978,0.0,10.0,0.0,-0.0,0.1,0.350532146,35.0532146,0.0,0.0,100.0,1.0,0.11,-11.0,-627.3766195690049,627.3766195690049,0.0,-627.3766195690049,627.3766195690049,0.0,-55882.294591196594,55882.294591196594,0.0,0.0,747.8912109375,747.8912109375,0.0,0.0,1658.4499532273155,1658.4499532273155,0.0,-546318.0666616978,-546318.0666616978,57137.047830334595,57137.0478303346,57037.047830334595,0.0,100.0,0.0,0.0,57137.0478303346,54730.70666616979,1,0.0,100.0
1602,46527.39825207157,0.0,-465273.98252071574,0.0,10.0,0.0,-0.0,0.1,0.348247734,34.8247734,0.0,0.0,100.0,1.0,0.11,-11.0,-622.4100268756828,622.4100268756828,0.0,-622.4100268756828,622.4100268756828,0.0,-45382.57819832021,45382.57819832021,0.0,0.0,0.0,0.0,0.0,0.0,0.0,0.0,0.0,-465284.98252071574,-465284.98252071574,46627.39825207157,46627.39825207157,46527.39825207157,0.0,100.0,0.0,0.0,46627.39825207157,46627.39825207157,1,0.0,100.0
1603,45042.73272821563,0.0,-450427.32728215633,0.0,10.0,0.0,-0.0,0.1,0.358331212,35.8331212,0.0,0.0,100.0,1.0,0.11,-11.0,-618.499701416634,618.499701416634,0.0,-618.499701416634,618.499701416634,0.0,-43905.73332538237,43905.73332538237,0.0,0.0,0.0,0.0,0.0,0.0,0.0,0.0,0.0,-450438.32728215633,-450438.32728215633,45142.73272821563,45142.73272821563,45042.73272821563,0.0,100.0,0.0,0.0,45142.73272821563,45142.73272821563,1,0.0,100.0
1604,35979.05764855635,0.0,-359790.57648556354,0.0,10.0,0.0,-0.0,0.1,0.365636565,36.5636565,0.0,0.0,100.0,1.0,0.11,-11.0,-604.3194450123309,604.3194450123309,0.0,-604.3194450123309,604.3194450123309,0.0,-34870.41875853169,34870.41875853169,0.0,0.0,0.0,0.0,0.0,0.0,0.0,0.0,0.0,-359801.57648556354,-359801.57648556354,36079.05764855635,36079.05764855635,35979.05764855635,0.0,100.0,0.0,0.0,36079.05764855635,36079.05764855635,1,0.0,100.0
1605,33760.10897148137,0.0,-337601.08971481374,0.0,10.0,0.0,-0.0,0.1,0.369574443,36.9574443,0.0,0.0,100.0,1.0,0.11,-11.0,-233.54044289919955,233.54044289919955,0.0,-233.54044289919955,233.54044289919955,0.0,-33393.02808568297,33393.02808568297,0.0,0.0,0.0,0.0,0.0,0.0,0.0,0.0,0.0,-337612.08971481374,-337612.08971481374,33860.10897148137,33860.10897148137,33760.10897148137,0.0,100.0,0.0,0.0,33860.10897148137,33860.10897148137,1,0.0,100.0
1606,21487.867391715663,0.0,-214878.67391715664,0.0,10.0,0.0,-0.0,0.1,0.3766181389999999,37.66181389999999,0.0,0.0,100.0,1.0,0.11,-11.0,-232.92570818247856,232.92570818247856,0.0,-232.92570818247856,232.92570818247856,0.0,-21122.015975350707,21122.015975350707,0.0,0.0,0.0,0.0,0.0,0.0,0.0,0.0,0.0,-214889.67391715664,-214889.67391715664,21587.867391715663,21587.867391715663,21487.867391715663,0.0,100.0,0.0,0.0,21587.867391715663,21587.867391715663,1,0.0,100.0
1607,18509.266225937008,0.0,-185092.6622593701,0.0,10.0,0.0,-0.0,0.1,0.366097942,36.6097942,0.0,0.0,100.0,1.0,0.11,-11.0,-235.9142947112376,235.9142947112376,0.0,-235.9142947112376,235.9142947112376,0.0,-18137.437636514533,18137.437636514533,0.0,0.0,0.0,0.0,0.0,0.0,0.0,0.0,0.0,-185103.6622593701,-185103.6622593701,18609.266225937008,18609.266225937008,18509.266225937008,0.0,100.0,0.0,0.0,18609.266225937008,18609.266225937008,1,0.0,100.0
1608,17764.407455433895,0.0,-177644.07455433893,0.0,10.0,0.0,-0.0,0.1,0.3566797,35.66797,0.0,0.0,100.0,1.0,0.08,-8.0,-232.9601279822484,232.9601279822484,0.0,-232.9601279822484,232.9601279822484,0.0,-17398.487199469397,17398.487199469397,0.0,0.0,0.0,0.0,0.0,0.0,0.0,0.0,0.0,-177652.07455433893,-177652.07455433893,17864.407455433895,17864.407455433895,17764.407455433895,0.0,100.0,0.0,0.0,17864.407455433895,17864.407455433895,1,0.0,100.0
1609,17764.327560860358,0.0,-177643.27560860358,0.0,10.0,0.0,-0.0,0.1,0.3353156089999999,33.53156089999999,0.0,0.0,100.0,1.0,0.08,-8.0,-232.9201867414481,232.9201867414481,0.0,-232.9201867414481,232.9201867414481,0.0,-17398.48718737746,17398.48718737746,0.0,0.0,0.0,0.0,0.0,0.0,0.0,0.0,0.0,-177651.27560860358,-177651.27560860358,17864.327560860358,17864.327560860358,17764.327560860358,0.0,100.0,0.0,0.0,17864.327560860358,17864.327560860358,1,0.0,100.0
1610,17764.205068698982,0.0,-177642.05068698982,0.0,10.0,0.0,-0.0,0.1,0.3447419679999999,34.47419679999999,0.0,0.0,100.0,1.0,0.08,-8.0,-232.85893159180543,232.85893159180543,0.0,-232.85893159180543,232.85893159180543,0.0,-17398.487205515372,17398.487205515372,0.0,0.0,0.0,0.0,0.0,0.0,0.0,0.0,0.0,-177650.05068698982,-177650.05068698982,17864.205068698982,17864.205068698982,17764.205068698982,0.0,100.0,0.0,0.0,17864.205068698982,17864.205068698982,1,0.0,100.0
1611,17764.08541629757,0.0,-177640.8541629757,0.0,10.0,0.0,-0.0,0.1,0.353882117,35.3882117,0.0,0.0,100.0,1.0,0.08,-8.0,-232.7991023681168,232.7991023681168,0.0,-232.7991023681168,232.7991023681168,0.0,-17398.487211561336,17398.487211561336,0.0,0.0,0.0,0.0,0.0,0.0,0.0,0.0,0.0,-177648.8541629757,-177648.8541629757,17864.08541629757,17864.08541629757,17764.08541629757,0.0,100.0,0.0,0.0,17864.08541629757,17864.08541629757,1,0.0,100.0
1612,18504.829934078803,0.0,-185048.29934078804,0.0,10.0,0.0,-0.0,0.1,0.359739597,35.9739597,0.0,0.0,100.0,1.0,0.08,-8.0,-233.69618808094216,233.69618808094216,0.0,-233.69618808094216,233.69618808094216,0.0,-18137.43755791692,18137.43755791692,0.0,0.0,0.0,0.0,0.0,0.0,0.0,0.0,0.0,-185056.29934078804,-185056.29934078804,18604.829934078803,18604.829934078803,18504.829934078803,0.0,100.0,0.0,0.0,18604.829934078803,18604.829934078803,1,0.0,100.0
1613,21489.24433367624,0.0,-214892.4433367624,0.0,10.0,0.0,-0.0,0.1,0.327327347,32.7327347,0.0,0.0,100.0,1.0,0.11,-11.0,-233.568211655457,233.568211655457,0.0,-233.568211655457,233.568211655457,0.0,-21122.10791036533,21122.10791036533,0.0,0.0,0.0,0.0,0.0,0.0,0.0,0.0,0.0,-214903.4433367624,-214903.4433367624,21589.24433367624,21589.24433367624,21489.24433367624,0.0,100.0,0.0,0.0,21589.24433367624,21589.24433367624,1,0.0,100.0
1614,23015.092050764357,0.0,-230150.92050764358,0.0,10.0,0.0,-0.0,0.1,0.297196418,29.7196418,0.0,0.0,100.0,1.0,0.11,-11.0,-256.59926547798534,256.59926547798534,0.0,-256.59926547798534,256.59926547798534,0.0,-23263.62153023358,23263.62153023358,0.0,0.0,523.5238476562499,523.5238476562499,0.0,0.0,138.20416276894295,138.20416276894295,0.0,-230161.92050764358,-230161.92050764358,23776.820061189548,23776.82006118955,23676.820061189548,0.0,100.0,0.0,0.0,23776.82006118955,23115.09205076436,1,0.0,100.0
1615,21901.847933958186,0.0,-219018.47933958186,0.0,10.0,0.0,-0.0,0.1,0.282138088,28.213808800000002,0.0,0.0,100.0,1.0,0.11,-11.0,-503.6790205005267,503.6790205005267,0.0,-503.6790205005267,503.6790205005267,0.0,-30242.4152857746,30242.4152857746,0.0,0.0,7478.912109375,7478.912109375,0.0,0.0,1769.01328344247,1769.01328344247,0.0,-219029.47933958186,-219029.47933958186,31249.773326775656,31249.773326775656,31149.773326775656,0.0,100.0,0.0,0.0,31249.773326775656,22001.847933958186,1,0.0,100.0
1616,50241.61336686719,0.0,-502416.1336686719,0.0,10.0,0.0,-0.0,0.1,0.285600531,28.560053099999998,0.0,0.0,100.0,1.0,0.11,-11.0,-702.8631487371817,702.8631487371817,0.0,-702.8631487371817,702.8631487371817,0.0,-63373.58624053883,63373.58624053883,0.0,0.0,11480.130087890624,11480.130087890624,0.0,0.0,2957.569083255379,2957.569083255379,0.0,-502427.1336686719,-502427.1336686719,64779.3125380132,64779.3125380132,64679.3125380132,0.0,100.0,0.0,0.0,64779.3125380132,50341.6133668672,1,0.0,100.0
1617,36747.27846532409,0.0,-367472.7846532409,0.0,10.0,0.0,-0.0,0.1,0.271932086,27.193208600000002,0.0,0.0,100.0,1.0,0.11,-11.0,-732.2831317681706,732.2831317681706,0.0,-732.2831317681706,732.2831317681706,0.0,-61152.67842838314,61152.67842838314,0.0,0.0,21015.74302734375,21015.74302734375,0.0,0.0,4754.223199251638,4754.223199251638,0.0,-367483.7846532409,-367483.7846532409,62617.24469191948,62617.24469191948,62517.24469191948,0.0,100.0,0.0,0.0,62617.24469191948,36847.27846532409,1,0.0,100.0
1618,23487.805926149216,0.0,-234878.05926149216,0.0,10.0,0.0,-0.0,0.1,0.264735846,26.4735846,0.0,0.0,100.0,1.0,0.11,-11.0,-775.6159432448644,775.6159432448644,0.0,-775.6159432448644,775.6159432448644,0.0,-58194.41091612114,58194.41091612114,0.0,0.0,25129.1446875,25129.1446875,0.0,0.0,11028.692188961648,11028.692188961648,0.0,-234889.05926149216,-234889.05926149216,59745.64280261086,59745.64280261087,59645.64280261086,0.0,100.0,0.0,0.0,59745.64280261087,23587.805926149224,1,0.0,100.0
1619,26728.91417667143,0.0,-267289.1417667143,0.0,10.0,0.0,-0.0,0.1,0.259133414,25.9133414,0.0,0.0,100.0,1.0,0.11,-11.0,-815.3360159378853,815.3360159378853,0.0,-815.3360159378853,815.3360159378853,0.0,-58192.567209765846,58192.567209765846,0.0,0.0,14060.354765625,14060.354765625,0.0,0.0,18933.970299345187,18933.970299345187,0.0,-267300.1417667143,-267300.1417667143,59823.23924164162,59823.23924164162,59723.23924164162,0.0,100.0,0.0,0.0,59823.23924164162,26828.91417667143,1,0.0,100.0
1620,30147.852557125785,0.0,-301478.52557125787,0.0,10.0,0.0,-0.0,0.1,0.26452695,26.452695,0.0,0.0,100.0,1.0,0.11,-11.0,-852.0836085506616,852.0836085506616,0.0,-852.0836085506616,852.0836085506616,0.0,-55179.15666339912,55179.15666339912,0.0,0.0,10769.6334375,10769.6334375,0.0,0.0,15865.837885874653,15865.837885874653,0.0,-301489.52557125787,-301489.52557125787,56883.32388050044,56883.32388050044,56783.32388050044,0.0,100.0,0.0,0.0,56883.32388050044,30247.852557125785,1,0.0,100.0
1621,38554.967480238985,0.0,-385549.67480238987,0.0,10.0,0.0,-0.0,0.1,0.267964782,26.796478200000003,0.0,0.0,100.0,1.0,0.11,-11.0,-866.7923818427884,866.7923818427884,0.0,-866.7923818427884,866.7923818427884,0.0,-58189.92442573876,58189.92442573876,0.0,0.0,5347.422158203125,5347.422158203125,0.0,0.0,15921.119550982228,15921.119550982228,0.0,-385560.67480238987,-385560.67480238987,59923.50918942434,59923.50918942434,59823.50918942434,0.0,100.0,0.0,0.0,59923.50918942434,38654.967480238985,1,0.0,100.0
1622,40757.23106982356,0.0,-407572.3106982356,0.0,10.0,0.0,-0.0,0.1,0.260977351,26.0977351,0.0,0.0,100.0,1.0,0.08,-8.0,-899.5604426956334,899.5604426956334,0.0,-899.5604426956334,899.5604426956334,0.0,-58190.23764928883,58190.23764928883,0.0,0.0,4150.796220703125,4150.796220703125,0.0,0.0,14981.331244153416,14981.331244153416,0.0,-407580.3106982356,-407580.3106982356,59989.3585346801,59989.3585346801,59889.3585346801,0.0,100.0,0.0,0.0,59989.3585346801,40857.23106982355,1,0.0,100.0
1623,46324.65846144093,0.0,-463246.5846144093,0.0,10.0,0.0,-0.0,0.1,0.256627395,25.662739499999997,0.0,0.0,100.0,1.0,0.08,-8.0,-900.2220193665567,900.2220193665567,0.0,-900.2220193665567,900.2220193665567,0.0,-58190.68595793898,58190.68595793898,0.0,0.0,6020.524248046875,6020.524248046875,0.0,0.0,7545.947287184285,7545.947287184285,0.0,-463254.5846144093,-463254.5846144093,59991.12999667209,59991.12999667209,59891.12999667209,0.0,100.0,0.0,0.0,59991.12999667209,46424.65846144093,1,0.0,100.0
1624,52530.38663864894,0.0,-525303.8663864894,0.0,10.0,0.0,-0.0,0.1,0.272854969,27.285496900000002,0.0,0.0,100.0,1.0,0.08,-8.0,-833.8645519262478,833.8645519262478,0.0,-833.8645519262478,833.8645519262478,0.0,-61147.32024823336,61147.32024823336,0.0,0.0,3440.2995703125,3440.2995703125,0.0,0.0,6744.363143124417,6744.363143124417,0.0,-525311.8663864894,-525311.8663864894,62815.04935208586,62815.04935208585,62715.04935208586,0.0,100.0,0.0,0.0,62815.04935208585,52630.38663864894,1,0.0,100.0
1625,53548.64707117156,0.0,-535486.4707117156,0.0,10.0,0.0,-0.0,0.1,0.287901353,28.790135300000003,0.0,0.0,100.0,1.0,0.11,-11.0,-592.0263105393973,592.0263105393973,0.0,-592.0263105393973,592.0263105393973,0.0,-55875.72769474679,55875.72769474679,0.0,0.0,1420.99330078125,1420.99330078125,0.0,0.0,1990.1399438727783,1990.1399438727783,0.0,-535497.4707117156,-535497.4707117156,57059.780315825585,57059.780315825585,56959.780315825585,0.0,100.0,0.0,0.0,57059.780315825585,53648.64707117156,1,0.0,100.0
1626,46418.39094210837,0.0,-464183.90942108375,0.0,10.0,0.0,-0.0,0.1,0.280281817,28.028181699999998,0.0,0.0,100.0,1.0,0.11,-11.0,-571.5686756926796,571.5686756926796,0.0,-571.5686756926796,571.5686756926796,0.0,-45375.25359072301,45375.25359072301,0.0,0.0,0.0,0.0,0.0,0.0,0.0,0.0,0.0,-464194.90942108375,-464194.90942108375,46518.39094210837,46518.39094210837,46418.39094210837,0.0,100.0,0.0,0.0,46518.39094210837,46518.39094210837,1,0.0,100.0
1627,44906.7978188004,0.0,-449067.978188004,0.0,10.0,0.0,-0.0,0.1,0.2741496539999999,27.414965399999993,0.0,0.0,100.0,1.0,0.11,-11.0,-554.2836560084326,554.2836560084326,0.0,-554.2836560084326,554.2836560084326,0.0,-43898.23050678353,43898.23050678353,0.0,0.0,0.0,0.0,0.0,0.0,0.0,0.0,0.0,-449078.978188004,-449078.978188004,45006.7978188004,45006.7978188004,44906.7978188004,0.0,100.0,0.0,0.0,45006.7978188004,45006.7978188004,1,0.0,100.0
1628,35841.57252332512,0.0,-358415.7252332512,0.0,10.0,0.0,-0.0,0.1,0.268680935,26.8680935,0.0,0.0,100.0,1.0,0.11,-11.0,-540.128140229068,540.128140229068,0.0,-540.128140229068,540.128140229068,0.0,-34861.31624286698,34861.31624286698,0.0,0.0,0.0,0.0,0.0,0.0,0.0,0.0,0.0,-358426.7252332512,-358426.7252332512,35941.57252332512,35941.57252332512,35841.57252332512,0.0,100.0,0.0,0.0,35941.57252332512,35941.57252332512,1,0.0,100.0
1629,33750.12431259237,0.0,-337501.24312592373,0.0,10.0,0.0,-0.0,0.1,0.265091458,26.5091458,0.0,0.0,100.0,1.0,0.11,-11.0,-232.90455502974743,232.90455502974743,0.0,-232.90455502974743,232.90455502974743,0.0,-33384.315202532875,33384.315202532875,0.0,0.0,0.0,0.0,0.0,0.0,0.0,0.0,0.0,-337512.24312592373,-337512.24312592373,33850.12431259237,33850.12431259237,33750.12431259237,0.0,100.0,0.0,0.0,33850.12431259237,33850.12431259237,1,0.0,100.0
1630,21486.83321622989,0.0,-214868.3321622989,0.0,10.0,0.0,-0.0,0.1,0.27241377,27.241377,0.0,0.0,100.0,1.0,0.11,-11.0,-232.4086385775008,232.4086385775008,0.0,-232.4086385775008,232.4086385775008,0.0,-21122.01593907489,21122.01593907489,0.0,0.0,0.0,0.0,0.0,0.0,0.0,0.0,0.0,-214879.3321622989,-214879.3321622989,21586.83321622989,21586.83321622989,21486.83321622989,0.0,100.0,0.0,0.0,21586.83321622989,21586.83321622989,1,0.0,100.0
1631,18508.415521753457,0.0,-185084.15521753457,0.0,10.0,0.0,-0.0,0.1,0.278972945,27.8972945,0.0,0.0,100.0,1.0,0.11,-11.0,-235.48897889528467,235.48897889528467,0.0,-235.48897889528467,235.48897889528467,0.0,-18137.43756396289,18137.43756396289,0.0,0.0,0.0,0.0,0.0,0.0,0.0,0.0,0.0,-185095.15521753457,-185095.15521753457,18608.415521753457,18608.415521753457,18508.415521753457,0.0,100.0,0.0,0.0,18608.415521753457,18608.415521753457,1,0.0,100.0
1632,17763.295493384114,0.0,-177632.95493384113,0.0,10.0,0.0,-0.0,0.1,0.268052881,26.805288100000002,0.0,0.0,100.0,1.0,0.08,-8.0,-232.4041681182512,232.4041681182512,0.0,-232.4041681182512,232.4041681182512,0.0,-17398.48715714761,17398.48715714761,0.0,0.0,0.0,0.0,0.0,0.0,0.0,0.0,0.0,-177640.95493384113,-177640.95493384113,17863.295493384114,17863.295493384114,17763.295493384114,0.0,100.0,0.0,0.0,17863.295493384114,17863.295493384114,1,0.0,100.0
1633,17763.2293327255,0.0,-177632.293327255,0.0,10.0,0.0,-0.0,0.1,0.2678288889999999,26.78288889999999,0.0,0.0,100.0,1.0,0.08,-8.0,-232.37109081192995,232.37109081192995,0.0,-232.37109081192995,232.37109081192995,0.0,-17398.48715110164,17398.48715110164,0.0,0.0,0.0,0.0,0.0,0.0,0.0,0.0,0.0,-177640.293327255,-177640.293327255,17863.2293327255,17863.2293327255,17763.2293327255,0.0,100.0,0.0,0.0,17863.2293327255,17863.2293327255,1,0.0,100.0
1634,17763.102461132505,0.0,-177631.02461132506,0.0,10.0,0.0,-0.0,0.1,0.274570273,27.457027299999996,0.0,0.0,100.0,1.0,0.08,-8.0,-232.3076610613989,232.3076610613989,0.0,-232.3076610613989,232.3076610613989,0.0,-17398.487139009707,17398.487139009707,0.0,0.0,0.0,0.0,0.0,0.0,0.0,0.0,0.0,-177639.02461132506,-177639.02461132506,17863.102461132505,17863.102461132505,17763.102461132505,0.0,100.0,0.0,0.0,17863.102461132505,17863.102461132505,1,0.0,100.0
1635,17762.992426565877,0.0,-177629.92426565877,0.0,10.0,0.0,-0.0,0.1,0.269774503,26.9774503,0.0,0.0,100.0,1.0,0.08,-8.0,-232.2526407551024,232.2526407551024,0.0,-232.2526407551024,232.2526407551024,0.0,-17398.48714505567,17398.48714505567,0.0,0.0,0.0,0.0,0.0,0.0,0.0,0.0,0.0,-177637.92426565877,-177637.92426565877,17862.992426565877,17862.992426565877,17762.992426565877,0.0,100.0,0.0,0.0,17862.992426565877,17862.992426565877,1,0.0,100.0
1636,18510.72560636204,0.0,-185107.2560636204,0.0,10.0,0.0,-0.0,0.1,0.261522101,26.1522101,0.0,0.0,100.0,1.0,0.08,-8.0,-236.6440393374789,236.6440393374789,0.0,-236.6440393374789,236.6440393374789,0.0,-18137.43752768708,18137.43752768708,0.0,0.0,0.0,0.0,0.0,0.0,0.0,0.0,0.0,-185115.2560636204,-185115.2560636204,18610.72560636204,18610.72560636204,18510.72560636204,0.0,100.0,0.0,0.0,18610.72560636204,18610.72560636204,1,0.0,100.0
1637,21493.91572409243,0.0,-214939.15724092428,0.0,10.0,0.0,-0.0,0.1,0.252909406,25.2909406,0.0,0.0,100.0,1.0,0.11,-11.0,-235.90395523130724,235.90395523130724,0.0,-235.90395523130724,235.90395523130724,0.0,-21122.107813629813,21122.107813629813,0.0,0.0,0.0,0.0,0.0,0.0,0.0,0.0,0.0,-214950.15724092428,-214950.15724092428,21593.91572409243,21593.91572409243,21493.91572409243,0.0,100.0,0.0,0.0,21593.91572409243,21593.91572409243,1,0.0,100.0
1638,22980.295829406754,0.0,-229802.95829406753,0.0,10.0,0.0,-0.0,0.1,0.250233282,25.0233282,0.0,0.0,100.0,1.0,0.11,-11.0,-261.23367307361127,261.23367307361127,0.0,-261.23367307361127,261.23367307361127,0.0,-23256.9510542316,23256.9510542316,0.0,0.0,560.918408203125,560.918408203125,0.0,0.0,138.20416276894295,138.20416276894295,0.0,-229813.95829406753,-229813.95829406753,23779.41840037882,23779.41840037882,23679.41840037882,0.0,100.0,0.0,0.0,23779.41840037882,23080.295829406754,1,0.0,100.0
1639,22697.940713717468,0.0,-226979.40713717468,0.0,10.0,0.0,-0.0,0.1,0.237527638,23.7527638,0.0,0.0,100.0,1.0,0.11,-11.0,-505.0234361603029,505.0234361603029,0.0,-505.0234361603029,505.0234361603029,0.0,-30232.61473872899,30232.61473872899,0.0,0.0,7366.728427734375,7366.728427734375,0.0,0.0,1077.992469597755,1077.992469597755,0.0,-226990.40713717468,-226990.40713717468,31242.661611049596,31242.661611049596,31142.661611049596,0.0,100.0,0.0,0.0,31242.661611049596,22797.940713717464,1,0.0,100.0
1640,55556.511695437,0.0,-555565.11695437,0.0,10.0,0.0,-0.0,0.1,0.237369109,23.736910899999998,0.0,0.0,100.0,1.0,0.11,-11.0,-705.0388534117103,705.0388534117103,0.0,-705.0388534117103,705.0388534117103,0.0,-63369.21288838665,63369.21288838665,0.0,0.0,6469.258974609375,6469.258974609375,0.0,0.0,2653.519925163705,2653.519925163705,0.0,-555576.11695437,-555576.11695437,64779.290595210085,64779.29059521008,64679.290595210085,0.0,100.0,0.0,0.0,64779.29059521008,55656.511695436995,1,0.0,100.0
1641,50281.71906394791,0.0,-502817.1906394791,0.0,10.0,0.0,-0.0,0.1,0.2356725139999999,23.56725139999999,0.0,0.0,100.0,1.0,0.11,-11.0,-746.0976613247202,746.0976613247202,0.0,-746.0976613247202,746.0976613247202,0.0,-61150.26826303863,61150.26826303863,0.0,0.0,8114.619638671875,8114.619638671875,0.0,0.0,4146.124883068289,4146.124883068289,0.0,-502828.1906394791,-502828.1906394791,62642.46358568807,62642.46358568807,62542.46358568807,0.0,100.0,0.0,0.0,62642.46358568807,50381.71906394791,1,0.0,100.0
1642,41342.208203288465,0.0,-413422.08203288465,0.0,10.0,0.0,-0.0,0.1,0.239873196,23.9873196,0.0,0.0,100.0,1.0,0.11,-11.0,-806.4245728791983,806.4245728791983,0.0,-806.4245728791983,806.4245728791983,0.0,-58192.02483187379,58192.02483187379,0.0,0.0,12115.8376171875,12115.8376171875,0.0,0.0,6246.828157156222,6246.828157156222,0.0,-413433.08203288465,-413433.08203288465,59804.87397763219,59804.87397763218,59704.87397763219,0.0,100.0,0.0,0.0,59804.87397763218,41442.20820328846,1,0.0,100.0
1643,23652.03160561656,0.0,-236520.3160561656,0.0,10.0,0.0,-0.0,0.1,0.24357542,24.357542,0.0,0.0,100.0,1.0,0.11,-11.0,-883.9822416080688,883.9822416080688,0.0,-883.9822416080688,883.9822416080688,0.0,-58190.482922185925,58190.482922185925,0.0,0.0,29130.362666015622,29130.362666015622,0.0,0.0,7076.053133769879,7076.053133769879,0.0,-236531.3160561656,-236531.3160561656,59958.44740540206,59958.44740540206,59858.44740540206,0.0,100.0,0.0,0.0,59958.44740540206,23752.03160561656,1,0.0,100.0
1644,22464.623566697883,0.0,-224646.2356669788,0.0,10.0,0.0,-0.0,0.1,0.245812688,24.5812688,0.0,0.0,100.0,1.0,0.11,-11.0,-948.6476442810508,948.6476442810508,0.0,-948.6476442810508,948.6476442810508,0.0,-55177.99442246788,55177.99442246788,0.0,0.0,27185.845517578124,27185.845517578124,0.0,0.0,7324.820626753977,7324.820626753977,0.0,-224657.2356669788,-224657.2356669788,57075.28971102998,57075.28971102998,56975.28971102998,0.0,100.0,0.0,0.0,57075.28971102998,22564.623566697883,1,0.0,100.0
1645,33797.22643430553,0.0,-337972.2643430553,0.0,10.0,0.0,-0.0,0.1,0.253732092,25.3732092,0.0,0.0,100.0,1.0,0.11,-11.0,-980.0388252753722,980.0388252753722,0.0,-980.0388252753722,980.0388252753722,0.0,-58190.09845292939,58190.09845292939,0.0,0.0,19370.38236328125,19370.38236328125,0.0,0.0,6882.567305893359,6882.567305893359,0.0,-337983.2643430553,-337983.2643430553,60150.17610348014,60150.17610348014,60050.17610348014,0.0,100.0,0.0,0.0,60150.17610348014,33897.22643430553,1,0.0,100.0
1646,32017.89594649615,0.0,-320178.95946496155,0.0,10.0,0.0,-0.0,0.1,0.25657758,25.657758,0.0,0.0,100.0,1.0,0.08,-8.0,-1014.1302043266692,1014.1302043266692,0.0,-1014.1302043266692,1014.1302043266692,0.0,-58189.50183664353,58189.50183664353,0.0,0.0,22212.36896484375,22212.36896484375,0.0,0.0,5887.49733395697,5887.49733395697,0.0,-320186.95946496155,-320186.95946496155,60217.76224529687,60217.76224529687,60117.76224529687,0.0,100.0,0.0,0.0,60217.76224529687,32117.89594649615,1,0.0,100.0
1647,42430.97899790904,0.0,-424309.78997909045,0.0,10.0,0.0,-0.0,0.1,0.249396536,24.9396536,0.0,0.0,100.0,1.0,0.08,-8.0,-1015.5376583908264,1015.5376583908264,0.0,-1015.5376583908264,1015.5376583908264,0.0,-58189.37250730657,58189.37250730657,0.0,0.0,13349.858115234374,13349.858115234374,0.0,0.0,4339.6107109448085,4339.6107109448085,0.0,-424317.78997909045,-424317.78997909045,60220.44782408822,60220.44782408822,60120.44782408822,0.0,100.0,0.0,0.0,60220.44782408822,42530.97899790904,1,0.0,100.0
1648,55397.85541681026,0.0,-553978.5541681026,0.0,10.0,0.0,-0.0,0.1,0.243265392,24.3265392,0.0,0.0,100.0,1.0,0.08,-8.0,-951.016893120928,951.016893120928,0.0,-951.016893120928,951.016893120928,0.0,-61146.377016507,61146.377016507,0.0,0.0,5422.211279296875,5422.211279296875,0.0,0.0,2128.3441066417217,2128.3441066417217,0.0,-553986.5541681026,-553986.5541681026,63048.410802748855,63048.410802748855,62948.410802748855,0.0,100.0,0.0,0.0,63048.410802748855,55497.85541681026,1,0.0,100.0
1649,54294.1582615896,0.0,-542941.582615896,0.0,10.0,0.0,-0.0,0.1,0.258338375,25.8338375,0.0,0.0,100.0,1.0,0.11,-11.0,-679.750721275767,679.750721275767,0.0,-679.750721275767,679.750721275767,0.0,-55875.08630805562,55875.08630805562,0.0,0.0,1458.387861328125,1458.387861328125,0.0,0.0,1382.0416276894296,1382.0416276894296,0.0,-542952.582615896,-542952.582615896,57234.58775060715,57234.587750607156,57134.58775060715,0.0,100.0,0.0,0.0,57234.587750607156,54394.158261589604,1,0.0,100.0
1650,46580.98088610108,0.0,-465809.8088610108,0.0,10.0,0.0,-0.0,0.1,0.250473862,25.0473862,0.0,0.0,100.0,1.0,0.11,-11.0,-653.3016358689771,653.3016358689771,0.0,-653.3016358689771,653.3016358689771,0.0,-45374.377614363126,45374.377614363126,0.0,0.0,0.0,0.0,0.0,0.0,0.0,0.0,0.0,-465820.8088610108,-465820.8088610108,46680.98088610108,46680.98088610108,46580.98088610108,0.0,100.0,0.0,0.0,46680.98088610108,46680.98088610108,1,0.0,100.0
1651,45066.651322635305,0.0,-450666.51322635304,0.0,10.0,0.0,-0.0,0.1,0.246549271,24.6549271,0.0,0.0,100.0,1.0,0.11,-11.0,-634.7072354825447,634.7072354825447,0.0,-634.7072354825447,634.7072354825447,0.0,-43897.23685167022,43897.23685167022,0.0,0.0,0.0,0.0,0.0,0.0,0.0,0.0,0.0,-450677.51322635304,-450677.51322635304,45166.651322635305,45166.651322635305,45066.651322635305,0.0,100.0,0.0,0.0,45166.651322635305,45166.651322635305,1,0.0,100.0
1652,36001.75505146055,0.0,-360017.5505146055,0.0,10.0,0.0,-0.0,0.1,0.247721907,24.7721907,0.0,0.0,100.0,1.0,0.11,-11.0,-620.7777435487344,620.7777435487344,0.0,-620.7777435487344,620.7777435487344,0.0,-34860.19956436308,34860.19956436308,0.0,0.0,0.0,0.0,0.0,0.0,0.0,0.0,0.0,-360028.5505146055,-360028.5505146055,36101.75505146055,36101.75505146055,36001.75505146055,0.0,100.0,0.0,0.0,36101.75505146055,36101.75505146055,1,0.0,100.0
1653,33749.47997627597,0.0,-337494.7997627597,0.0,10.0,0.0,-0.0,0.1,0.255566755,25.556675499999997,0.0,0.0,100.0,1.0,0.11,-11.0,-232.94827081734488,232.94827081734488,0.0,-232.94827081734488,232.94827081734488,0.0,-33383.58343464128,33383.58343464128,0.0,0.0,0.0,0.0,0.0,0.0,0.0,0.0,0.0,-337505.7997627597,-337505.7997627597,33849.47997627597,33849.47997627597,33749.47997627597,0.0,100.0,0.0,0.0,33849.47997627597,33849.47997627597,1,0.0,100.0
1654,21488.125440215095,0.0,-214881.25440215095,0.0,10.0,0.0,-0.0,0.1,0.266179874,26.617987399999997,0.0,0.0,100.0,1.0,0.11,-11.0,-233.0547868459227,233.0547868459227,0.0,-233.0547868459227,233.0547868459227,0.0,-21122.01586652325,21122.01586652325,0.0,0.0,0.0,0.0,0.0,0.0,0.0,0.0,0.0,-214892.25440215095,-214892.25440215095,21588.125440215095,21588.125440215095,21488.125440215095,0.0,100.0,0.0,0.0,21588.125440215095,21588.125440215095,1,0.0,100.0
1655,18509.641099756267,0.0,-185096.41099756266,0.0,10.0,0.0,-0.0,0.1,0.2795589069999999,27.95589069999999,0.0,0.0,100.0,1.0,0.11,-11.0,-236.1017890575828,236.1017890575828,0.0,-236.1017890575828,236.1017890575828,0.0,-18137.437521641103,18137.437521641103,0.0,0.0,0.0,0.0,0.0,0.0,0.0,0.0,0.0,-185107.41099756266,-185107.41099756266,18609.641099756267,18609.641099756267,18509.641099756267,0.0,100.0,0.0,0.0,18609.641099756267,18609.641099756267,1,0.0,100.0
1656,14751.334639372588,0.0,-147513.3463937259,0.0,10.0,0.0,-0.0,0.1,0.275358217,27.535821700000003,0.0,0.0,100.0,1.0,0.08,-8.0,-233.10140235242207,233.10140235242207,0.0,-233.10140235242207,233.10140235242207,0.0,-14385.131834667744,14385.131834667744,0.0,0.0,0.0,0.0,0.0,0.0,0.0,0.0,0.0,-147521.3463937259,-147521.3463937259,14851.334639372588,14851.334639372588,14751.334639372588,0.0,100.0,0.0,0.0,14851.334639372588,14851.334639372588,1,0.0,100.0
1657,14751.262944908533,0.0,-147512.62944908533,0.0,10.0,0.0,-0.0,0.1,0.277250585,27.7250585,0.0,0.0,100.0,1.0,0.08,-8.0,-233.0655551203944,233.0655551203944,0.0,-233.0655551203944,233.0655551203944,0.0,-14385.131834667744,14385.131834667744,0.0,0.0,0.0,0.0,0.0,0.0,0.0,0.0,0.0,-147520.62944908533,-147520.62944908533,14851.262944908533,14851.262944908533,14751.262944908533,0.0,100.0,0.0,0.0,14851.262944908533,14851.262944908533,1,0.0,100.0
1658,14751.16227442673,0.0,-147511.62274426728,0.0,10.0,0.0,-0.0,0.1,0.280570549,28.0570549,0.0,0.0,100.0,1.0,0.08,-8.0,-233.01520778755324,233.01520778755324,0.0,-233.01520778755324,233.01520778755324,0.0,-14385.131858851622,14385.131858851622,0.0,0.0,0.0,0.0,0.0,0.0,0.0,0.0,0.0,-147519.62274426728,-147519.62274426728,14851.16227442673,14851.16227442673,14751.16227442673,0.0,100.0,0.0,0.0,14851.16227442673,14851.16227442673,1,0.0,100.0
1659,14751.078506308746,0.0,-147510.78506308747,0.0,10.0,0.0,-0.0,0.1,0.269519685,26.9519685,0.0,0.0,100.0,1.0,0.08,-8.0,-232.97332977453087,232.97332977453087,0.0,-232.97332977453087,232.97332977453087,0.0,-14385.131846759685,14385.131846759685,0.0,0.0,0.0,0.0,0.0,0.0,0.0,0.0,0.0,-147518.78506308747,-147518.78506308747,14851.078506308746,14851.078506308746,14751.078506308746,0.0,100.0,0.0,0.0,14851.078506308746,14851.078506308746,1,0.0,100.0
1660,15492.013003063366,0.0,-154920.13003063365,0.0,10.0,0.0,-0.0,0.1,0.249850915,24.9850915,0.0,0.0,100.0,1.0,0.08,-8.0,-233.965395905095,233.965395905095,0.0,-233.965395905095,233.965395905095,0.0,-15124.082211253177,15124.082211253177,0.0,0.0,0.0,0.0,0.0,0.0,0.0,0.0,0.0,-154928.13003063365,-154928.13003063365,15592.013003063366,15592.013003063366,15492.013003063366,0.0,100.0,0.0,0.0,15592.013003063366,15592.013003063366,1,0.0,100.0
1661,16993.181474308574,0.0,-169931.81474308574,0.0,10.0,0.0,-0.0,0.1,0.200858758,20.0858758,0.0,0.0,100.0,1.0,0.11,-11.0,-233.87908230036763,233.87908230036763,0.0,-233.87908230036763,233.87908230036763,0.0,-16625.42330970784,16625.42330970784,0.0,0.0,0.0,0.0,0.0,0.0,0.0,0.0,0.0,-169942.81474308574,-169942.81474308574,17093.181474308574,17093.181474308574,16993.181474308574,0.0,100.0,0.0,0.0,17093.181474308574,17093.181474308574,1,0.0,100.0
1662,22841.275762450045,0.0,-228412.75762450043,0.0,10.0,0.0,-0.0,0.1,0.193203778,19.3203778,0.0,0.0,100.0,1.0,0.11,-11.0,-221.9386842675676,221.9386842675676,0.0,-221.9386842675676,221.9386842675676,0.0,-22746.16588689901,22746.16588689901,0.0,0.0,0.0,0.0,0.0,0.0,248.7674929840973,248.7674929840973,0.0,-228423.75762450043,-228423.75762450043,23190.043255434142,23190.043255434142,23090.043255434142,0.0,100.0,0.0,0.0,23190.043255434142,22941.275762450045,1,0.0,100.0
1663,13811.78800579185,0.0,-138117.8800579185,0.0,10.0,0.0,-0.0,0.1,0.18496074,18.496074,0.0,0.0,100.0,1.0,0.11,-11.0,-197.8505791376872,197.8505791376872,0.0,-197.8505791376872,197.8505791376872,0.0,-24212.70961254951,24212.70961254951,0.0,0.0,7628.4903515625,7628.4903515625,0.0,0.0,3068.1324134705337,3068.1324134705337,0.0,-138128.8800579185,-138128.8800579185,24608.410770824885,24608.410770824885,24508.410770824885,0.0,100.0,0.0,0.0,24608.410770824885,13911.788005791852,1,0.0,100.0
1664,16465.28519740219,0.0,-164652.8519740219,0.0,10.0,0.0,-0.0,0.1,0.178961547,17.8961547,0.0,0.0,100.0,1.0,0.11,-11.0,-198.03405487414392,198.03405487414392,0.0,-198.03405487414392,198.03405487414392,0.0,-39269.71283035298,39269.71283035298,0.0,0.0,14808.2459765625,14808.2459765625,0.0,0.0,8292.249766136578,8292.249766136578,0.0,-164663.8519740219,-164663.8519740219,39665.78094010127,39665.78094010127,39565.78094010127,0.0,100.0,0.0,0.0,39665.78094010127,16565.28519740219,1,0.0,100.0
1665,2221.0911427191386,0.0,-22210.911427191386,0.0,10.0,0.0,-0.0,0.1,0.19189284,19.189284,0.0,0.0,100.0,1.0,0.11,-11.0,-198.296502782478,198.296502782478,0.0,-198.296502782478,198.296502782478,0.0,-37050.06019777414,37050.06019777414,0.0,0.0,21277.504951171875,21277.504951171875,0.0,0.0,13848.057109448084,13848.057109448084,0.0,-22221.911427191386,-22221.911427191386,37446.6532033391,37446.6532033391,37346.6532033391,0.0,100.0,0.0,0.0,37446.6532033391,2321.0911427191386,1,0.0,100.0
1666,0.0,0.0,-0.0,55.55555555555556,10.0,0.0,-0.0,0.1,0.191193716,0.0,0.0,100.0,0.0,1.0,0.11,0.0,-198.39552934199511,198.39552934199511,0.0,-198.39552934199511,198.39552934199511,0.0,-34092.237028006195,34092.237028006195,0.0,0.0,26624.927109375,26624.927109375,0.0,10416.778780506247,18436.43531337699,8019.656532870744,0.0,0.0,0.0,34644.58364224574,34644.58364224574,34644.58364224574,0.0,0.0,155.55555555555475,0.0,34489.02808669019,-10572.334336061802,1,-55.55555555555556,-100.0
1667,0.0,0.0,-0.0,44.44444444444444,60.0,0.0,-0.0,0.6,0.230233402,0.0,0.0,100.0,0.0,1.0,0.11,0.0,-201.23022281531647,201.23022281531647,0.0,-201.23022281531647,201.23022281531647,0.0,-34091.88095062318,34091.88095062318,0.0,0.0,28569.44425781249,28569.44425781249,0.0,14357.233674364004,20426.57525724977,6069.341582885765,0.0,0.0,0.0,34638.785840698256,34638.785840698256,34638.785840698256,0.0,0.0,144.44444444444525,0.0,34494.34139625381,-14501.67811880845,1,-44.44444444444444,-100.0
1668,0.0,0.0,-0.0,0.0,100.0,-0.0,-0.0,1.0,0.228152214,0.0,0.0,100.0,0.0,1.0,0.11,0.0,-198.37653125004204,198.37653125004204,0.0,-198.37653125004204,198.37653125004204,0.0,-34091.35872999397,34091.35872999397,0.0,0.0,29018.178984375,29018.178984375,0.0,15602.944928083009,21172.877736202063,5569.932808119054,0.0,0.0,0.0,34588.111792494055,34588.111792494055,34588.111792494055,0.0,0.0,100.0,0.0,34488.111792494055,-15702.944928083009,1,-0.0,-100.0
1669,0.0,0.0,-0.0,0.0,100.0,-0.0,-0.0,1.0,0.239864585,0.0,0.0,100.0,0.0,1.0,0.11,0.0,-198.54894833008743,198.54894833008743,0.0,-198.54894833008743,198.54894833008743,0.0,-34090.29274089966,34090.29274089966,0.0,0.0,26325.770625,26325.770625,0.0,10727.631951892927,18989.251964452764,8261.620012559837,0.0,0.0,0.0,34587.39063755984,34587.39063755984,34587.39063755984,0.0,0.0,100.0,0.0,34487.39063755984,-10827.63195189293,1,-0.0,-100.0
1670,0.0,0.0,-0.0,0.0,100.0,-0.0,-0.0,1.0,0.253697187,0.0,0.0,100.0,0.0,1.0,0.08,0.0,-198.55325761480805,198.55325761480805,0.0,-198.55325761480805,198.55325761480805,0.0,-19028.30425835492,19028.30425835492,0.0,3060.903796727962,22586.3145703125,19525.41077358454,0.0,16280.45037418148,16280.45037418148,0.0,0.0,0.0,0.0,19525.41077358454,19525.41077358454,19525.41077358454,0.0,0.0,100.0,0.0,19425.41077358454,-19441.354170909442,1,-0.0,-100.0
1671,0.0,0.0,-0.0,0.0,100.0,-0.0,-0.0,1.0,0.244824471,0.0,0.0,100.0,0.0,1.0,0.08,0.0,-198.491072238756,198.491072238756,0.0,-198.491072238756,198.491072238756,0.0,-19031.29732168013,19031.29732168013,0.0,0.0,15892.688232421877,15892.688232421877,0.0,7752.431778425136,11388.0230121609,3635.591233735764,0.0,0.0,0.0,19528.27946615764,19528.27946615764,19528.27946615764,0.0,0.0,100.0,0.0,19428.27946615764,-7852.431778425136,1,-0.0,-100.0
1672,7662.762211645291,0.0,-76627.62211645291,0.0,100.0,45.0,-0.0,1.0,0.230558323,23.055832300000002,0.0,0.0,100.0,1.0,0.08,-8.0,-198.09678440251943,198.09678440251943,0.0,-198.09678440251943,198.09678440251943,0.0,-21989.250425381982,21989.250425381982,0.0,0.0,8413.776123046875,8413.776123046875,0.0,0.0,6163.905659494856,6163.905659494856,0.0,-76635.62211645291,-76635.62211645291,22385.443994187022,22385.443994187022,22240.443994187022,0.0,145.0,0.0,0.0,22385.443994187022,7807.762211645291,1,45.0,100.0
1673,18077.84418908113,0.0,-180778.44189081131,0.0,50.0,36.0,-0.0,0.5,0.2274083589999999,22.74083589999999,0.0,0.0,100.0,1.0,0.11,-11.0,-197.9782307872912,197.9782307872912,0.0,-197.9782307872912,197.9782307872912,0.0,-21240.395051579133,21240.395051579133,0.0,0.0,1570.57154296875,1570.57154296875,0.0,0.0,1851.935781103836,1851.935781103836,0.0,-180789.44189081131,-180789.44189081131,21636.351513153717,21636.351513153717,21500.351513153717,0.0,136.0,0.0,0.0,21636.351513153717,18213.84418908113,1,36.0,100.0
1674,21379.432841808608,0.0,-213794.32841808608,0.0,10.0,0.0,-0.0,0.1,0.220301486,22.0301486,0.0,0.0,100.0,1.0,0.11,-11.0,-221.84318609966743,221.84318609966743,0.0,-221.84318609966743,221.84318609966743,0.0,-21035.746469609272,21035.746469609272,0.0,0.0,0.0,0.0,0.0,0.0,0.0,0.0,0.0,-213805.32841808608,-213805.32841808608,21479.432841808608,21479.432841808608,21379.432841808608,0.0,100.0,0.0,0.0,21479.432841808608,21479.432841808608,1,0.0,100.0
1675,19927.559981358892,0.0,-199275.59981358892,0.0,10.0,0.0,-0.0,0.1,0.220364696,22.0364696,0.0,0.0,100.0,1.0,0.11,-11.0,-234.8571264142741,234.8571264142741,0.0,-234.8571264142741,234.8571264142741,0.0,-19557.845728530345,19557.845728530345,0.0,0.0,0.0,0.0,0.0,0.0,0.0,0.0,0.0,-199286.59981358892,-199286.59981358892,20027.559981358892,20027.559981358892,19927.559981358892,0.0,100.0,0.0,0.0,20027.559981358892,20027.559981358892,1,0.0,100.0
1676,19927.27971755654,0.0,-199272.79717556539,0.0,10.0,0.0,-0.0,0.1,0.228502395,22.8502395,0.0,0.0,100.0,1.0,0.11,-11.0,-234.71700055906584,234.71700055906584,0.0,-234.71700055906584,234.71700055906584,0.0,-19557.84571643841,19557.84571643841,0.0,0.0,0.0,0.0,0.0,0.0,0.0,0.0,0.0,-199283.79717556539,-199283.79717556539,20027.27971755654,20027.27971755654,19927.27971755654,0.0,100.0,0.0,0.0,20027.27971755654,20027.27971755654,1,0.0,100.0
1677,18448.20449605213,0.0,-184482.0449605213,0.0,10.0,0.0,-0.0,0.1,0.246582495,24.6582495,0.0,0.0,100.0,1.0,0.11,-11.0,-234.09912239508589,234.09912239508589,0.0,-234.09912239508589,234.09912239508589,0.0,-18080.00625126196,18080.00625126196,0.0,0.0,0.0,0.0,0.0,0.0,0.0,0.0,0.0,-184493.0449605213,-184493.0449605213,18548.20449605213,18548.20449605213,18448.20449605213,0.0,100.0,0.0,0.0,18548.20449605213,18548.20449605213,1,0.0,100.0
1678,16968.558486608355,0.0,-169685.58486608355,0.0,10.0,0.0,-0.0,0.1,0.260954979,26.095497899999998,0.0,0.0,100.0,1.0,0.11,-11.0,-233.2877671381273,233.2877671381273,0.0,-233.2877671381273,233.2877671381273,0.0,-16601.982952332102,16601.982952332102,0.0,0.0,0.0,0.0,0.0,0.0,0.0,0.0,0.0,-169696.58486608355,-169696.58486608355,17068.558486608355,17068.558486608355,16968.558486608355,0.0,100.0,0.0,0.0,17068.558486608355,17068.558486608355,1,0.0,100.0
1679,15496.385037647442,0.0,-154963.8503764744,0.0,10.0,0.0,-0.0,0.1,0.280344294,28.0344294,0.0,0.0,100.0,1.0,0.11,-11.0,-236.15141319713229,236.15141319713229,0.0,-236.15141319713229,236.15141319713229,0.0,-15124.082211253177,15124.082211253177,0.0,0.0,0.0,0.0,0.0,0.0,0.0,0.0,0.0,-154974.8503764744,-154974.8503764744,15596.385037647442,15596.385037647442,15496.385037647442,0.0,100.0,0.0,0.0,15596.385037647442,15596.385037647442,1,0.0,100.0
1680,14798.33125015212,0.0,-147983.3125015212,0.0,10.0,0.0,-0.0,0.1,0.28093734,28.093733999999998,0.0,0.0,100.0,1.0,0.08,-8.0,-233.26093777162865,233.26093777162865,0.0,-233.26093777162865,233.26093777162865,0.0,-14431.809374608862,14431.809374608862,0.0,0.0,0.0,0.0,0.0,0.0,0.0,0.0,0.0,-147991.3125015212,-147991.3125015212,14898.33125015212,14898.33125015212,14798.33125015212,0.0,100.0,0.0,0.0,14898.33125015212,14898.33125015212,1,0.0,100.0
1681,14845.064008269712,0.0,-148450.64008269712,0.0,10.0,0.0,-0.0,0.1,0.285807976,28.5807976,0.0,0.0,100.0,1.0,0.08,-8.0,-233.2552819348071,233.2552819348071,0.0,-233.2552819348071,233.2552819348071,0.0,-14478.553444400097,14478.553444400097,0.0,0.0,0.0,0.0,0.0,0.0,0.0,0.0,0.0,-148458.64008269712,-148458.64008269712,14945.064008269712,14945.064008269712,14845.064008269712,0.0,100.0,0.0,0.0,14945.064008269712,14945.064008269712,1,0.0,100.0
1682,14868.570159017834,0.0,-148685.70159017833,0.0,10.0,0.0,-0.0,0.1,0.286368072,28.636807199999996,0.0,0.0,100.0,1.0,0.08,-8.0,-233.23979574881048,233.23979574881048,0.0,-233.23979574881048,233.23979574881048,0.0,-14502.090567520214,14502.090567520214,0.0,0.0,0.0,0.0,0.0,0.0,0.0,0.0,0.0,-148693.70159017833,-148693.70159017833,14968.570159017834,14968.570159017834,14868.570159017834,0.0,100.0,0.0,0.0,14968.570159017834,14968.570159017834,1,0.0,100.0
1683,15586.332354615812,0.0,-155863.32354615812,0.0,10.0,0.0,-0.0,0.1,0.26953833,26.953833,0.0,0.0,100.0,1.0,0.08,-8.0,-234.3089097478797,234.3089097478797,0.0,-234.3089097478797,234.3089097478797,0.0,-15217.714535120052,15217.714535120052,0.0,0.0,0.0,0.0,0.0,0.0,0.0,0.0,0.0,-155871.32354615812,-155871.32354615812,15686.332354615812,15686.332354615812,15586.332354615812,0.0,100.0,0.0,0.0,15686.332354615812,15686.332354615812,1,0.0,100.0
1684,17087.650650577976,0.0,-170876.50650577975,0.0,10.0,0.0,-0.0,0.1,0.239181318,23.9181318,0.0,0.0,100.0,1.0,0.08,-8.0,-234.178037118202,234.178037118202,0.0,-234.178037118202,234.178037118202,0.0,-16719.294576341574,16719.294576341574,0.0,0.0,0.0,0.0,0.0,0.0,0.0,0.0,0.0,-170884.50650577975,-170884.50650577975,17187.650650577976,17187.650650577976,17087.650650577976,0.0,100.0,0.0,0.0,17187.650650577976,17187.650650577976,1,0.0,100.0
1685,20019.91324883138,0.0,-200199.1324883138,0.0,10.0,0.0,-0.0,0.1,0.218677908,21.8677908,0.0,0.0,100.0,1.0,0.11,-11.0,-234.1760472906054,234.1760472906054,0.0,-234.1760472906054,234.1760472906054,0.0,-19651.56115425017,19651.56115425017,0.0,0.0,0.0,0.0,0.0,0.0,0.0,0.0,0.0,-200210.1324883138,-200210.1324883138,20119.91324883138,20119.91324883138,20019.91324883138,0.0,100.0,0.0,0.0,20119.91324883138,20119.91324883138,1,0.0,100.0
1686,18026.04011655816,0.0,-180260.4011655816,0.0,10.0,0.0,-0.0,0.1,0.2033937639999999,20.33937639999999,0.0,0.0,100.0,1.0,0.11,-11.0,-215.8364183525401,215.8364183525401,0.0,-215.8364183525401,215.8364183525401,0.0,-18053.69810305233,18053.69810305233,0.0,0.0,0.0,0.0,0.0,0.0,359.3308231992517,359.3308231992517,0.0,-180271.4011655816,-180271.4011655816,18485.370939757413,18485.370939757413,18385.370939757413,0.0,100.0,0.0,0.0,18485.370939757413,18126.04011655816,1,0.0,100.0
1687,10591.556269344666,0.0,-105915.56269344667,0.0,10.0,0.0,-0.0,0.1,0.2022478439999999,20.22478439999999,0.0,0.0,100.0,1.0,0.11,-11.0,-197.91822135106443,197.91822135106443,0.0,-197.91822135106443,197.91822135106443,0.0,-18030.102170785354,18030.102170785354,0.0,0.0,3477.694130859375,3477.694130859375,0.0,0.0,4256.688213283444,4256.688213283444,0.0,-105926.56269344667,-105926.56269344667,18425.938613487488,18425.938613487484,18325.938613487488,0.0,100.0,0.0,0.0,18425.938613487484,10691.556269344665,1,0.0,100.0
1688,0.0,0.0,-0.0,55.55555555555556,10.0,0.0,-0.0,0.1,0.208856193,0.0,0.0,100.0,0.0,1.0,0.11,0.0,-198.09831037216463,198.09831037216463,0.0,-198.09831037216463,198.09831037216463,0.0,-15836.48338077274,15836.48338077274,0.0,0.0,6693.626337890625,6693.626337890625,0.0,504.85799316599514,10199.46721234799,9694.609219181995,0.0,0.0,0.0,16388.23555707262,16388.23555707262,16388.23555707262,0.0,0.0,155.55555555555293,0.0,16232.680001517068,-660.4135487215481,1,-55.55555555555556,-100.0
1689,0.0,0.0,-0.0,44.44444444444444,60.0,0.0,-0.0,0.6,0.22776385,0.0,0.0,100.0,0.0,1.0,0.11,0.0,-198.18641237816908,198.18641237816908,0.0,-198.18641237816908,198.18641237816908,0.0,-12856.960010662024,12856.960010662024,0.0,7692.754868574684,21090.53214843749,13397.777279862807,0.0,16004.042048643594,16004.042048643594,0.0,0.0,0.0,0.0,13397.777279862807,13397.777279862807,13397.777279862807,0.0,0.0,144.44444444444525,0.0,13253.332835418361,-23841.241361662724,1,-44.44444444444444,-100.0
1690,0.0,0.0,-0.0,0.0,100.0,-0.0,-0.0,1.0,0.250745735,0.0,0.0,100.0,0.0,1.0,0.11,0.0,-201.074422569794,201.074422569794,0.0,-201.074422569794,201.074422569794,0.0,-12880.300621630342,12880.300621630342,0.0,4679.123277370694,18061.572744140623,13382.44946676993,0.0,20537.138587464924,20537.138587464924,0.0,0.0,0.0,0.0,13382.44946676993,13382.44946676993,13382.44946676993,0.0,0.0,100.0,0.0,13282.44946676993,-25316.26186483562,1,-0.0,-100.0
1691,0.0,0.0,-0.0,0.0,100.0,-0.0,-0.0,1.0,0.261095433,0.0,0.0,100.0,0.0,1.0,0.11,0.0,-198.2857183152382,198.2857183152382,0.0,-198.2857183152382,198.2857183152382,0.0,-12856.981371072829,12856.981371072829,0.0,14206.23831534357,27559.791123046874,13353.552807703305,0.0,22693.123526660434,22693.123526660434,0.0,0.0,0.0,0.0,13353.552807703305,13353.552807703305,13353.552807703305,0.0,0.0,100.0,0.0,13253.552807703305,-36999.361842004,1,-0.0,-100.0
1692,0.0,0.0,-0.0,0.0,100.0,-0.0,-0.0,1.0,0.2628025989999999,0.0,0.0,100.0,0.0,1.0,0.11,0.0,-210.4886535048849,210.4886535048849,0.0,-210.4886535048849,210.4886535048849,0.0,-12833.774454631555,12833.774454631555,0.0,0.0,5534.3949609375,5534.3949609375,0.0,15425.583377032384,23245.940177736207,7820.356800703824,0.0,0.0,0.0,13354.751761641324,13354.751761641324,13354.751761641324,0.0,0.0,100.0,0.0,13254.751761641324,-15525.583377032384,1,-0.0,-100.0
1693,0.0,0.0,-0.0,0.0,100.0,-0.0,-0.0,1.0,0.275669173,0.0,0.0,100.0,0.0,1.0,0.11,0.0,-266.25247807150544,266.25247807150544,0.0,-266.25247807150544,266.25247807150544,0.0,-12787.083407994223,12787.083407994223,0.0,0.0,5123.054794921874,5123.054794921874,0.0,13069.82999486322,21366.36356407858,8296.53356921536,0.0,0.0,0.0,13419.588364137235,13419.588364137235,13419.588364137235,0.0,0.0,100.0,0.0,13319.588364137235,-13169.82999486322,1,-0.0,-100.0
1694,0.0,0.0,-0.0,0.0,100.0,-0.0,-0.0,1.0,0.287963786,0.0,0.0,100.0,0.0,1.0,0.08,0.0,-284.61952801881085,284.61952801881085,0.0,-284.61952801881085,284.61952801881085,0.0,-12856.933112143017,12856.933112143017,0.0,0.0,6768.415458984375,6768.415458984375,0.0,11070.580287997376,17828.33699719364,6757.756709196265,0.0,0.0,0.0,13526.17216818064,13526.17216818064,13526.17216818064,0.0,0.0,100.0,0.0,13426.17216818064,-11170.580287997376,1,-0.0,-100.0
1695,0.0,0.0,-0.0,0.0,100.0,-0.0,-0.0,1.0,0.267298653,0.0,0.0,100.0,0.0,1.0,0.08,0.0,-264.4879716296512,264.4879716296512,0.0,-264.4879716296512,264.4879716296512,0.0,-15812.74282891154,15812.74282891154,0.0,0.0,4749.109189453125,4749.109189453125,0.0,2459.4966848220447,14152.10626753976,11692.609582717716,0.0,0.0,0.0,16441.71877217084,16441.71877217084,16441.71877217084,0.0,0.0,99.99999999999818,0.0,16341.718772170841,-2559.4966848220447,1,-0.0,-100.0
1696,3860.090822791317,0.0,-38600.90822791317,0.0,100.0,45.0,-0.0,1.0,0.250681062,25.068106200000003,0.0,0.0,100.0,1.0,0.08,-8.0,-232.46534966820624,232.46534966820624,0.0,-232.46534966820624,232.46534966820624,0.0,-18052.90137121676,18052.90137121676,0.0,0.0,6469.258974609375,6469.258974609375,0.0,0.0,8043.48227315248,8043.48227315248,0.0,-38608.90822791317,-38608.90822791317,18517.832070553173,18517.832070553173,18372.832070553173,0.0,145.0,0.0,0.0,18517.832070553173,4005.090822791317,1,45.0,100.0
1697,15465.35250569362,0.0,-154653.5250569362,0.0,50.0,36.0,-0.0,0.5,0.242676565,24.2676565,0.0,0.0,100.0,1.0,0.11,-11.0,-220.35183132059728,220.35183132059728,0.0,-220.35183132059728,220.35183132059728,0.0,-19062.804048532504,19062.804048532504,0.0,0.0,1607.966103515625,1607.966103515625,0.0,0.0,2294.189101964453,2294.189101964453,0.0,-154664.5250569362,-154664.5250569362,19503.507711173697,19503.507711173697,19367.507711173697,0.0,136.0,0.0,0.0,19503.507711173697,15601.35250569362,1,36.0,100.0
1698,20020.59791976853,0.0,-200205.97919768532,0.0,10.0,0.0,-0.0,0.1,0.2325437669999999,23.25437669999999,0.0,0.0,100.0,1.0,0.11,-11.0,-222.9579537046006,222.9579537046006,0.0,-222.9579537046006,222.9579537046006,0.0,-19674.682012359328,19674.682012359328,0.0,0.0,0.0,0.0,0.0,0.0,0.0,0.0,0.0,-200216.97919768532,-200216.97919768532,20120.59791976853,20120.59791976853,20020.59791976853,0.0,100.0,0.0,0.0,20120.59791976853,20120.59791976853,1,0.0,100.0
1699,20020.61726110544,0.0,-200206.17261105438,0.0,10.0,0.0,-0.0,0.1,0.228948306,22.8948306,0.0,0.0,100.0,1.0,0.11,-11.0,-234.6347950219485,234.6347950219485,0.0,-234.6347950219485,234.6347950219485,0.0,-19651.347671061543,19651.347671061543,0.0,0.0,0.0,0.0,0.0,0.0,0.0,0.0,0.0,-200217.17261105438,-200217.17261105438,20120.61726110544,20120.61726110544,20020.61726110544,0.0,100.0,0.0,0.0,20120.61726110544,20120.61726110544,1,0.0,100.0
1700,18564.877037223025,0.0,-185648.77037223024,0.0,10.0,0.0,-0.0,0.1,0.232661826,23.2661826,0.0,0.0,100.0,1.0,0.11,-11.0,-233.9112712638993,233.9112712638993,0.0,-233.9112712638993,233.9112712638993,0.0,-18197.054494695225,18197.054494695225,0.0,0.0,0.0,0.0,0.0,0.0,0.0,0.0,0.0,-185659.77037223024,-185659.77037223024,18664.877037223025,18664.877037223025,18564.877037223025,0.0,100.0,0.0,0.0,18664.877037223025,18664.877037223025,1,0.0,100.0
1701,17061.786127948704,0.0,-170617.86127948703,0.0,10.0,0.0,-0.0,0.1,0.23382164,23.382164,0.0,0.0,100.0,1.0,0.11,-11.0,-233.0430768803944,233.0430768803944,0.0,-233.0430768803944,233.0430768803944,0.0,-16695.699974187915,16695.699974187915,0.0,0.0,0.0,0.0,0.0,0.0,0.0,0.0,0.0,-170628.86127948703,-170628.86127948703,17161.786127948704,17161.786127948704,17061.786127948704,0.0,100.0,0.0,0.0,17161.786127948704,17161.786127948704,1,0.0,100.0
1702,15612.982038743155,0.0,-156129.82038743157,0.0,10.0,0.0,-0.0,0.1,0.249492905,24.9492905,0.0,0.0,100.0,1.0,0.11,-11.0,-235.7886150227909,235.7886150227909,0.0,-235.7886150227909,235.7886150227909,0.0,-15241.404808697574,15241.404808697574,0.0,0.0,0.0,0.0,0.0,0.0,0.0,0.0,0.0,-156140.82038743157,-156140.82038743157,15712.982038743155,15712.982038743155,15612.982038743155,0.0,100.0,0.0,0.0,15712.982038743155,15712.982038743155,1,0.0,100.0
1703,14844.696092371367,0.0,-148446.96092371366,0.0,10.0,0.0,-0.0,0.1,0.275781465,27.5781465,0.0,0.0,100.0,1.0,0.11,-11.0,-232.82038903796163,232.82038903796163,0.0,-232.82038903796163,232.82038903796163,0.0,-14479.055314295443,14479.055314295443,0.0,0.0,0.0,0.0,0.0,0.0,0.0,0.0,0.0,-148457.96092371366,-148457.96092371366,14944.696092371367,14944.696092371367,14844.696092371367,0.0,100.0,0.0,0.0,14944.696092371367,14944.696092371367,1,0.0,100.0
1704,17881.485380586575,0.0,-178814.85380586574,0.0,10.0,0.0,-0.0,0.1,0.274145649,27.4145649,0.0,0.0,100.0,1.0,0.08,-8.0,-232.7401524493936,232.7401524493936,0.0,-232.7401524493936,232.7401524493936,0.0,-17516.005075687786,17516.005075687786,0.0,0.0,0.0,0.0,0.0,0.0,0.0,0.0,0.0,-178822.85380586574,-178822.85380586574,17981.485380586575,17981.485380586575,17881.485380586575,0.0,100.0,0.0,0.0,17981.485380586575,17981.485380586575,1,0.0,100.0
1705,17857.85390145645,0.0,-178578.53901456448,0.0,10.0,0.0,-0.0,0.1,0.282593425,28.259342500000002,0.0,0.0,100.0,1.0,0.08,-8.0,-232.65597311008065,232.65597311008065,0.0,-232.65597311008065,232.65597311008065,0.0,-17492.541955236287,17492.541955236287,0.0,0.0,0.0,0.0,0.0,0.0,0.0,0.0,0.0,-178586.53901456448,-178586.53901456448,17957.85390145645,17957.85390145645,17857.85390145645,0.0,100.0,0.0,0.0,17957.85390145645,17957.85390145645,1,0.0,100.0
1706,17881.384698150963,0.0,-178813.84698150965,0.0,10.0,0.0,-0.0,0.1,0.293767526,29.3767526,0.0,0.0,100.0,1.0,0.08,-8.0,-232.5592122410027,232.5592122410027,0.0,-232.5592122410027,232.5592122410027,0.0,-17516.266273668956,17516.266273668956,0.0,0.0,0.0,0.0,0.0,0.0,0.0,0.0,0.0,-178821.84698150965,-178821.84698150965,17981.384698150963,17981.384698150963,17881.384698150963,0.0,100.0,0.0,0.0,17981.384698150963,17981.384698150963,1,0.0,100.0
1707,18598.45594508716,0.0,-185984.5594508716,0.0,10.0,0.0,-0.0,0.1,0.287282487,28.728248699999998,0.0,0.0,100.0,1.0,0.08,-8.0,-233.3837289129281,233.3837289129281,0.0,-233.3837289129281,233.3837289129281,0.0,-18231.688487261305,18231.688487261305,0.0,0.0,0.0,0.0,0.0,0.0,0.0,0.0,0.0,-185992.5594508716,-185992.5594508716,18698.45594508716,18698.45594508716,18598.45594508716,0.0,100.0,0.0,0.0,18698.45594508716,18698.45594508716,1,0.0,100.0
1708,21606.627635015848,0.0,-216066.27635015847,0.0,10.0,0.0,-0.0,0.1,0.267475958,26.747595800000003,0.0,0.0,100.0,1.0,0.08,-8.0,-233.259989302204,233.259989302204,0.0,-233.259989302204,233.259989302204,0.0,-21240.10765641144,21240.10765641144,0.0,0.0,0.0,0.0,0.0,0.0,0.0,0.0,0.0,-216074.27635015847,-216074.27635015847,21706.627635015848,21706.627635015848,21606.627635015848,0.0,100.0,0.0,0.0,21706.627635015848,21706.627635015848,1,0.0,100.0
1709,26314.091185151614,0.0,-263140.9118515161,0.0,10.0,0.0,-0.0,0.1,0.248416162,24.8416162,0.0,0.0,100.0,1.0,0.11,-11.0,-268.8758393517459,268.8758393517459,0.0,-268.8758393517459,268.8758393517459,0.0,-25876.339506448123,25876.339506448123,0.0,0.0,0.0,0.0,0.0,0.0,0.0,0.0,0.0,-263151.9118515161,-263151.9118515161,26414.091185151614,26414.091185151614,26314.091185151614,0.0,100.0,0.0,0.0,26414.091185151614,26414.091185151614,1,0.0,100.0
1710,30821.169251238927,0.0,-308211.6925123893,0.0,10.0,0.0,-0.0,0.1,0.25835552,25.835552,0.0,0.0,100.0,1.0,0.11,-11.0,-521.9968216290317,521.9968216290317,0.0,-521.9968216290317,521.9968216290317,0.0,-30264.147263733903,30264.147263733903,0.0,0.0,0.0,0.0,0.0,0.0,386.9716557530403,386.9716557530403,0.0,-308222.6925123893,-308222.6925123893,31308.14090699197,31308.14090699197,31208.14090699197,0.0,100.0,0.0,0.0,31308.14090699197,30921.169251238927,1,0.0,100.0
1711,52231.42612985583,0.0,-522314.26129855827,0.0,10.0,0.0,-0.0,0.1,0.273815632,27.3815632,0.0,0.0,100.0,1.0,0.11,-11.0,-693.43862254892,693.43862254892,0.0,-693.43862254892,693.43862254892,0.0,-63380.89212981396,63380.89212981396,0.0,0.0,8152.01419921875,8152.01419921875,0.0,0.0,4284.329045837232,4284.329045837232,0.0,-522325.26129855827,-522325.26129855827,64767.769374911804,64767.769374911804,64667.769374911804,0.0,100.0,0.0,0.0,64767.769374911804,52331.42612985583,1,0.0,100.0
1712,36825.55815695593,0.0,-368255.5815695593,0.0,10.0,0.0,-0.0,0.1,0.290797846,29.079784600000004,0.0,0.0,100.0,1.0,0.11,-11.0,-693.562346176085,693.562346176085,0.0,-693.562346176085,693.562346176085,0.0,-61152.59299883187,61152.59299883187,0.0,0.0,15331.769824218749,15331.769824218749,0.0,0.0,10282.389710009356,10282.389710009356,0.0,-368266.5815695593,-368266.5815695593,62539.717691184036,62539.717691184036,62439.717691184036,0.0,100.0,0.0,0.0,62539.717691184036,36925.55815695593,1,0.0,100.0
1713,21668.238854779924,0.0,-216682.38854779923,0.0,10.0,0.0,-0.0,0.1,0.298937583,29.893758300000002,0.0,0.0,100.0,1.0,0.11,-11.0,-718.7774024835124,718.7774024835124,0.0,-718.7774024835124,718.7774024835124,0.0,-58192.656913817664,58192.656913817664,0.0,0.0,21913.21248046875,21913.21248046875,0.0,0.0,15948.760383536017,15948.760383536017,0.0,-216693.38854779923,-216693.38854779923,59630.21171878469,59630.21171878469,59530.21171878469,0.0,100.0,0.0,0.0,59630.21171878469,21768.23885477992,1,0.0,100.0
1714,13397.202908923387,0.0,-133972.02908923387,0.0,10.0,0.0,-0.0,0.1,0.297261751,29.726175100000003,0.0,0.0,100.0,1.0,0.11,-11.0,-745.3266094073091,745.3266094073091,0.0,-745.3266094073091,745.3266094073091,0.0,-58225.55475782868,58225.55475782868,0.0,0.0,27036.267275390623,27036.267275390623,0.0,0.0,19182.737792329284,19182.737792329284,0.0,-133983.02908923387,-133983.02908923387,59716.20797664329,59716.207976643294,59616.20797664329,0.0,100.0,0.0,0.0,59716.207976643294,13497.202908923391,1,0.0,100.0
1715,6917.427785574393,0.0,-69174.27785574393,0.0,10.0,0.0,-0.0,0.1,0.278338048,27.8338048,0.0,0.0,100.0,1.0,0.11,-11.0,-773.2191470335773,773.2191470335773,0.0,-773.2191470335773,773.2191470335773,0.0,-55284.82828432436,55284.82828432436,0.0,0.0,29055.57354492188,29055.57354492188,0.0,0.0,20758.26524789524,20758.26524789524,0.0,-69185.27785574393,-69185.27785574393,56831.266578391514,56831.266578391514,56731.266578391514,0.0,100.0,0.0,0.0,56831.266578391514,7017.427785574393,1,0.0,100.0
1716,14580.159007294347,0.0,-145801.59007294348,0.0,10.0,0.0,-0.0,0.1,0.268657204,26.865720399999997,0.0,0.0,100.0,1.0,0.11,-11.0,-803.4367682477456,803.4367682477456,0.0,-803.4367682477456,803.4367682477456,0.0,-60747.374458115424,60747.374458115424,0.0,0.0,29541.70283203125,29541.70283203125,0.0,0.0,18132.38615528532,18132.38615528532,0.0,-145812.59007294348,-145812.59007294348,62354.24799461092,62354.247994610916,62254.24799461092,0.0,100.0,0.0,0.0,62354.247994610916,14680.159007294344,1,0.0,100.0
1717,15033.396780722807,0.0,-150333.96780722807,0.0,10.0,0.0,-0.0,0.1,0.276787676,27.678767599999997,0.0,0.0,100.0,1.0,0.11,-11.0,-852.9187449169049,852.9187449169049,0.0,-852.9187449169049,852.9187449169049,0.0,-59781.527818526905,59781.527818526905,0.0,0.0,26811.899912109373,26811.899912109373,0.0,0.0,19542.068615528533,19542.068615528533,0.0,-150344.96780722807,-150344.96780722807,61487.365308360706,61487.36530836071,61387.365308360706,0.0,100.0,0.0,0.0,61487.36530836071,15133.396780722811,1,0.0,100.0
1718,20659.43665240383,0.0,-206594.3665240383,0.0,10.0,0.0,-0.0,0.1,0.288003629,28.8003629,0.0,0.0,100.0,1.0,0.08,-8.0,-892.7515950095369,892.7515950095369,0.0,-892.7515950095369,892.7515950095369,0.0,-60635.663197662325,60635.663197662325,0.0,0.0,22810.68193359375,22810.68193359375,0.0,0.0,18851.04780168382,18851.04780168382,0.0,-206602.3665240383,-206602.3665240383,62421.1663876814,62421.1663876814,62321.1663876814,0.0,100.0,0.0,0.0,62421.1663876814,20759.436652403827,1,0.0,100.0
1719,34279.246657336495,0.0,-342792.4665733649,0.0,10.0,0.0,-0.0,0.1,0.284102781,28.410278100000003,0.0,0.0,100.0,1.0,0.08,-8.0,-853.6021843352728,853.6021843352728,0.0,-853.6021843352728,853.6021843352728,0.0,-62733.07192232255,62733.07192232255,0.0,0.0,16378.817519531249,16378.817519531249,0.0,0.0,13682.212114125352,13682.212114125352,0.0,-342800.4665733649,-342800.4665733649,64440.2762909931,64440.2762909931,64340.2762909931,0.0,100.0,0.0,0.0,64440.2762909931,34379.246657336495,1,0.0,100.0
1720,38773.39696284783,0.0,-387733.9696284783,0.0,10.0,0.0,-0.0,0.1,0.271618103,27.1618103,0.0,0.0,100.0,1.0,0.08,-8.0,-621.7763318919763,621.7763318919763,0.0,-621.7763318919763,621.7763318919763,0.0,-54321.22378653757,54321.22378653757,0.0,0.0,8675.538046874999,8675.538046874999,0.0,0.0,8015.841440598691,8015.841440598691,0.0,-387741.9696284783,-387741.9696284783,55564.77645032152,55564.77645032152,55464.77645032152,0.0,100.0,0.0,0.0,55564.77645032152,38873.39696284783,1,0.0,100.0
1721,40433.76679890448,0.0,-404337.6679890448,0.0,10.0,0.0,-0.0,0.1,0.2496401419999999,24.96401419999999,0.0,0.0,100.0,1.0,0.11,-11.0,-594.1915125092191,594.1915125092191,0.0,-594.1915125092191,594.1915125092191,0.0,-43304.44099589917,43304.44099589917,0.0,0.0,1720.14978515625,1720.14978515625,0.0,0.0,2238.907436856876,2238.907436856876,0.0,-404348.6679890448,-404348.6679890448,44492.82402091761,44492.82402091761,44392.82402091761,0.0,100.0,0.0,0.0,44492.82402091761,40533.76679890448,1,0.0,100.0
1722,44956.527491396504,0.0,-449565.274913965,0.0,10.0,0.0,-0.0,0.1,0.24392656,24.392656,0.0,0.0,100.0,1.0,0.11,-11.0,-581.2357000897644,581.2357000897644,0.0,-581.2357000897644,581.2357000897644,0.0,-43894.056091216975,43894.056091216975,0.0,0.0,0.0,0.0,0.0,0.0,0.0,0.0,0.0,-449576.274913965,-449576.274913965,45056.527491396504,45056.527491396504,44956.527491396504,0.0,100.0,0.0,0.0,45056.527491396504,45056.527491396504,1,0.0,100.0
1723,35894.891726716945,0.0,-358948.91726716945,0.0,10.0,0.0,-0.0,0.1,0.2339267689999999,23.39267689999999,0.0,0.0,100.0,1.0,0.11,-11.0,-568.7893841226704,568.7893841226704,0.0,-568.7893841226704,568.7893841226704,0.0,-34857.31295847161,34857.31295847161,0.0,0.0,0.0,0.0,0.0,0.0,0.0,0.0,0.0,-358959.91726716945,-358959.91726716945,35994.891726716945,35994.891726716945,35894.891726716945,0.0,100.0,0.0,0.0,35994.891726716945,35994.891726716945,1,0.0,100.0
1724,34510.105796129974,0.0,-345101.0579612997,0.0,10.0,0.0,-0.0,0.1,0.236638347,23.6638347,0.0,0.0,100.0,1.0,0.11,-11.0,-233.11425443112384,233.11425443112384,0.0,-233.11425443112384,233.11425443112384,0.0,-34143.87728726773,34143.87728726773,0.0,0.0,0.0,0.0,0.0,0.0,0.0,0.0,0.0,-345112.0579612997,-345112.0579612997,34610.105796129974,34610.105796129974,34510.105796129974,0.0,100.0,0.0,0.0,34610.105796129974,34610.105796129974,1,0.0,100.0
1725,21487.034479038415,0.0,-214870.34479038414,0.0,10.0,0.0,-0.0,0.1,0.249116653,24.9116653,0.0,0.0,100.0,1.0,0.11,-11.0,-232.50939090115327,232.50939090115327,0.0,-232.50939090115327,232.50939090115327,0.0,-21122.015697236107,21122.015697236107,0.0,0.0,0.0,0.0,0.0,0.0,0.0,0.0,0.0,-214881.34479038414,-214881.34479038414,21587.034479038415,21587.034479038415,21487.034479038415,0.0,100.0,0.0,0.0,21587.034479038415,21587.034479038415,1,0.0,100.0
1726,18508.52407349567,0.0,-185085.24073495672,0.0,10.0,0.0,-0.0,0.1,0.258012275,25.801227500000003,0.0,0.0,100.0,1.0,0.11,-11.0,-235.5433726627968,235.5433726627968,0.0,-235.5433726627968,235.5433726627968,0.0,-18137.43732817008,18137.43732817008,0.0,0.0,0.0,0.0,0.0,0.0,0.0,0.0,0.0,-185096.24073495672,-185096.24073495672,18608.52407349567,18608.52407349567,18508.52407349567,0.0,100.0,0.0,0.0,18608.52407349567,18608.52407349567,1,0.0,100.0
1727,17763.44747237168,0.0,-177634.47472371682,0.0,10.0,0.0,-0.0,0.1,0.267310838,26.7310838,0.0,0.0,100.0,1.0,0.11,-11.0,-232.4802513245636,232.4802513245636,0.0,-232.4802513245636,232.4802513245636,0.0,-17398.486969722555,17398.486969722555,0.0,0.0,0.0,0.0,0.0,0.0,0.0,0.0,0.0,-177645.47472371682,-177645.47472371682,17863.44747237168,17863.44747237168,17763.44747237168,0.0,100.0,0.0,0.0,17863.44747237168,17863.44747237168,1,0.0,100.0
1728,17763.33688919842,0.0,-177633.36889198422,0.0,10.0,0.0,-0.0,0.1,0.270536488,27.0536488,0.0,0.0,100.0,1.0,0.08,-8.0,-232.42498996778383,232.42498996778383,0.0,-232.42498996778383,232.42498996778383,0.0,-17398.486909262854,17398.486909262854,0.0,0.0,0.0,0.0,0.0,0.0,0.0,0.0,0.0,-177641.36889198422,-177641.36889198422,17863.33688919842,17863.33688919842,17763.33688919842,0.0,100.0,0.0,0.0,17863.33688919842,17863.33688919842,1,0.0,100.0
1729,17763.184411567323,0.0,-177631.84411567322,0.0,10.0,0.0,-0.0,0.1,0.273850396,27.3850396,0.0,0.0,100.0,1.0,0.08,-8.0,-232.34876324417272,232.34876324417272,0.0,-232.34876324417272,232.34876324417272,0.0,-17398.48688507898,17398.48688507898,0.0,0.0,0.0,0.0,0.0,0.0,0.0,0.0,0.0,-177639.84411567322,-177639.84411567322,17863.184411567323,17863.184411567323,17763.184411567323,0.0,100.0,0.0,0.0,17863.184411567323,17863.184411567323,1,0.0,100.0
1730,17763.055148444233,0.0,-177630.55148444232,0.0,10.0,0.0,-0.0,0.1,0.280378986,28.0378986,0.0,0.0,100.0,1.0,0.08,-8.0,-232.2841286596429,232.2841286596429,0.0,-232.2841286596429,232.2841286596429,0.0,-17398.486891124947,17398.486891124947,0.0,0.0,0.0,0.0,0.0,0.0,0.0,0.0,0.0,-177638.55148444232,-177638.55148444232,17863.055148444233,17863.055148444233,17763.055148444233,0.0,100.0,0.0,0.0,17863.055148444233,17863.055148444233,1,0.0,100.0
1731,18510.7247843244,0.0,-185107.247843244,0.0,10.0,0.0,-0.0,0.1,0.286475934,28.647593399999998,0.0,0.0,100.0,1.0,0.08,-8.0,-236.6437522610398,236.6437522610398,0.0,-236.6437522610398,236.6437522610398,0.0,-18137.43727980232,18137.43727980232,0.0,0.0,0.0,0.0,0.0,0.0,0.0,0.0,0.0,-185115.247843244,-185115.247843244,18610.7247843244,18610.7247843244,18510.7247843244,0.0,100.0,0.0,0.0,18610.7247843244,18610.7247843244,1,0.0,100.0
1732,21493.868113013366,0.0,-214938.68113013366,0.0,10.0,0.0,-0.0,0.1,0.2707591789999999,27.07591789999999,0.0,0.0,100.0,1.0,0.08,-8.0,-235.88034316280587,235.88034316280587,0.0,-235.88034316280587,235.88034316280587,0.0,-21122.107426687755,21122.107426687755,0.0,0.0,0.0,0.0,0.0,0.0,0.0,0.0,0.0,-214946.68113013366,-214946.68113013366,21593.868113013366,21593.868113013366,21493.868113013366,0.0,100.0,0.0,0.0,21593.868113013366,21593.868113013366,1,0.0,100.0
1733,26284.751357443354,0.0,-262847.5135744335,0.0,10.0,0.0,-0.0,0.1,0.22857555,22.857554999999998,0.0,0.0,100.0,1.0,0.11,-11.0,-273.00916320290406,273.00916320290406,0.0,-273.00916320290406,273.00916320290406,0.0,-25838.733031037547,25838.733031037547,0.0,0.0,0.0,0.0,0.0,0.0,0.0,0.0,0.0,-262858.5135744335,-262858.5135744335,26384.751357443354,26384.751357443354,26284.751357443354,0.0,100.0,0.0,0.0,26384.751357443354,26384.751357443354,1,0.0,100.0
1734,30835.78224332242,0.0,-308357.8224332242,0.0,10.0,0.0,-0.0,0.1,0.220974321,22.0974321,0.0,0.0,100.0,1.0,0.11,-11.0,-524.3786539652375,524.3786539652375,0.0,-524.3786539652375,524.3786539652375,0.0,-30246.3557585912,30246.3557585912,0.0,0.0,0.0,0.0,0.0,0.0,359.3308231992517,359.3308231992517,0.0,-308368.8224332242,-308368.8224332242,31295.113066521673,31295.113066521673,31195.113066521673,0.0,100.0,0.0,0.0,31295.113066521673,30935.78224332242,1,0.0,100.0
1735,52569.04513849928,0.0,-525690.4513849928,0.0,10.0,0.0,-0.0,0.1,0.222415425,22.2415425,0.0,0.0,100.0,1.0,0.11,-11.0,-695.7776168543483,695.7776168543483,0.0,-695.7776168543483,695.7776168543483,0.0,-63385.38386205204,63385.38386205204,0.0,0.0,8376.381562499999,8376.381562499999,0.0,0.0,3731.51239476146,3731.51239476146,0.0,-525701.4513849928,-525701.4513849928,64776.93909576074,64776.93909576074,64676.93909576074,0.0,100.0,0.0,0.0,64776.93909576074,52669.04513849928,1,0.0,100.0
1736,37733.90292435607,0.0,-377339.02924356074,0.0,10.0,0.0,-0.0,0.1,0.218492846,21.8492846,0.0,0.0,100.0,1.0,0.11,-11.0,-695.8517311957949,695.8517311957949,0.0,-695.8517311957949,695.8517311957949,0.0,-61157.2059527616,61157.2059527616,0.0,0.0,15593.531748046877,15593.531748046877,0.0,0.0,9121.474742750235,9121.474742750235,0.0,-377350.02924356074,-377350.02924356074,62548.90941515318,62548.90941515319,62448.90941515318,0.0,100.0,0.0,0.0,62548.90941515319,37833.90292435608,1,0.0,100.0
1737,25022.518214678174,0.0,-250225.18214678174,0.0,10.0,0.0,-0.0,0.1,0.241583021,24.1583021,0.0,0.0,100.0,1.0,0.11,-11.0,-710.7931619289668,710.7931619289668,0.0,-710.7931619289668,710.7931619289668,0.0,-58194.05874443452,58194.05874443452,0.0,0.0,20230.45725585937,20230.45725585937,0.0,0.0,14262.669597754912,14262.669597754912,0.0,-250236.18214678174,-250236.18214678174,59615.645068292455,59615.645068292455,59515.645068292455,0.0,100.0,0.0,0.0,59615.645068292455,25122.518214678174,1,0.0,100.0
1738,18924.800966786737,0.0,-189248.0096678674,0.0,10.0,0.0,-0.0,0.1,0.272098263,27.2098263,0.0,0.0,100.0,1.0,0.11,-11.0,-714.4602594585834,714.4602594585834,0.0,-714.4602594585834,714.4602594585834,0.0,-58192.64376383367,58192.64376383367,0.0,0.0,22436.736328125,22436.736328125,0.0,0.0,18160.026987839105,18160.026987839105,0.0,-189259.0096678674,-189259.0096678674,59621.56428275084,59621.56428275084,59521.56428275084,0.0,100.0,0.0,0.0,59621.56428275084,19024.800966786737,1,0.0,100.0
1739,13337.716090189922,0.0,-133377.16090189922,0.0,10.0,0.0,-0.0,0.1,0.268338458,26.8338458,0.0,0.0,100.0,1.0,0.11,-11.0,-713.3657241525303,713.3657241525303,0.0,-713.3657241525303,713.3657241525303,0.0,-55186.47876191892,55186.47876191892,0.0,0.0,22361.947207031248,22361.947207031248,0.0,0.0,20813.54691300281,20813.54691300281,0.0,-133388.16090189922,-133388.16090189922,56613.21021022397,56613.21021022398,56513.21021022397,0.0,100.0,0.0,0.0,56613.21021022398,13437.716090189926,1,0.0,100.0
1740,13398.120309390637,0.0,-133981.20309390637,0.0,10.0,0.0,-0.0,0.1,0.2514971239999999,25.14971239999999,0.0,0.0,100.0,1.0,0.11,-11.0,-699.3091273574715,699.3091273574715,0.0,-699.3091273574715,699.3091273574715,0.0,-58209.43766584487,58209.43766584487,0.0,0.0,29691.28107421875,29691.28107421875,0.0,0.0,16418.654536950424,16418.654536950424,0.0,-133992.20309390637,-133992.20309390637,59608.05592055981,59608.05592055981,59508.05592055981,0.0,100.0,0.0,0.0,59608.05592055981,13498.120309390637,1,0.0,100.0
1741,24106.397008652373,0.0,-241063.97008652374,0.0,10.0,0.0,-0.0,0.1,0.26866594,26.866594,0.0,0.0,100.0,1.0,0.11,-11.0,-709.3567742752931,709.3567742752931,0.0,-709.3567742752931,709.3567742752931,0.0,-58199.69214921509,58199.69214921509,0.0,0.0,15593.531748046877,15593.531748046877,0.0,0.0,19818.47694106642,19818.47694106642,0.0,-241074.97008652374,-241074.97008652374,59618.40569776567,59618.40569776567,59518.40569776567,0.0,100.0,0.0,0.0,59618.40569776567,24206.397008652377,1,0.0,100.0
1742,34342.01045344143,0.0,-343420.10453441425,0.0,10.0,0.0,-0.0,0.1,0.277920527,27.792052699999996,0.0,0.0,100.0,1.0,0.08,-8.0,-724.2035384040618,724.2035384040618,0.0,-724.2035384040618,724.2035384040618,0.0,-58200.01126153962,58200.01126153962,0.0,0.0,8152.01419921875,8152.01419921875,0.0,0.0,17054.393685687563,17054.393685687563,0.0,-343428.10453441425,-343428.10453441425,59648.418338347736,59648.41833834774,59548.418338347736,0.0,100.0,0.0,0.0,59648.41833834774,34442.01045344143,1,0.0,100.0
1743,38394.26820119556,0.0,-383942.68201195565,0.0,10.0,0.0,-0.0,0.1,0.244130207,24.413020699999997,0.0,0.0,100.0,1.0,0.08,-8.0,-707.2173581380254,707.2173581380254,0.0,-707.2173581380254,707.2173581380254,0.0,-61159.32216306132,61159.32216306132,0.0,0.0,11143.57904296875,11143.57904296875,0.0,0.0,12935.90963517306,12935.90963517306,0.0,-383950.68201195565,-383950.68201195565,62573.75687933737,62573.75687933737,62473.75687933737,0.0,100.0,0.0,0.0,62573.75687933737,38494.26820119556,1,0.0,100.0
1744,43257.269745040525,0.0,-432572.6974504052,0.0,10.0,0.0,-0.0,0.1,0.23284328,23.284328000000002,0.0,0.0,100.0,1.0,0.08,-8.0,-517.4923240929796,517.4923240929796,0.0,-517.4923240929796,517.4923240929796,0.0,-54339.2496576481,54339.2496576481,0.0,0.0,5908.34056640625,5908.34056640625,0.0,0.0,6108.623994387279,6108.623994387279,0.0,-432580.6974504052,-432580.6974504052,55374.234305834056,55374.234305834056,55274.234305834056,0.0,100.0,0.0,0.0,55374.234305834056,43357.269745040525,1,0.0,100.0
1745,40630.47993662284,0.0,-406304.7993662284,0.0,10.0,0.0,-0.0,0.1,0.2189996189999999,21.89996189999999,0.0,0.0,100.0,1.0,0.11,-11.0,-510.3784075847576,510.3784075847576,0.0,-510.3784075847576,510.3784075847576,0.0,-43325.71627340243,43325.71627340243,0.0,0.0,1570.57154296875,1570.57154296875,0.0,0.0,2045.421608980356,2045.421608980356,0.0,-406315.7993662284,-406315.7993662284,44346.47308857195,44346.47308857195,44246.47308857195,0.0,100.0,0.0,0.0,44346.47308857195,40730.47993662284,1,0.0,100.0
1746,44874.86166532216,0.0,-448748.6166532216,0.0,10.0,0.0,-0.0,0.1,0.214384146,21.4384146,0.0,0.0,100.0,1.0,0.11,-11.0,-527.192434039216,527.192434039216,0.0,-527.192434039216,527.192434039216,0.0,-43920.47679724373,43920.47679724373,0.0,0.0,0.0,0.0,0.0,0.0,0.0,0.0,0.0,-448759.6166532216,-448759.6166532216,44974.86166532216,44974.86166532216,44874.86166532216,0.0,100.0,0.0,0.0,44974.86166532216,44974.86166532216,1,0.0,100.0
1747,35870.74440212946,0.0,-358707.4440212946,0.0,10.0,0.0,-0.0,0.1,0.212615928,21.261592800000003,0.0,0.0,100.0,1.0,0.11,-11.0,-539.365064609805,539.365064609805,0.0,-539.365064609805,539.365064609805,0.0,-34892.014272909844,34892.014272909844,0.0,0.0,0.0,0.0,0.0,0.0,0.0,0.0,0.0,-358718.4440212946,-358718.4440212946,35970.74440212946,35970.74440212946,35870.74440212946,0.0,100.0,0.0,0.0,35970.74440212946,35970.74440212946,1,0.0,100.0
1748,33790.53966754407,0.0,-337905.3966754407,0.0,10.0,0.0,-0.0,0.1,0.220741901,22.0741901,0.0,0.0,100.0,1.0,0.11,-11.0,-231.88535601242685,231.88535601242685,0.0,-231.88535601242685,231.88535601242685,0.0,-33426.76895551922,33426.76895551922,0.0,0.0,0.0,0.0,0.0,0.0,0.0,0.0,0.0,-337916.3966754407,-337916.3966754407,33890.53966754407,33890.53966754407,33790.53966754407,0.0,100.0,0.0,0.0,33890.53966754407,33890.53966754407,1,0.0,100.0
1749,21486.104033944415,0.0,-214861.04033944415,0.0,10.0,0.0,-0.0,0.1,0.239945729,23.9945729,0.0,0.0,100.0,1.0,0.11,-11.0,-232.0441955610228,232.0441955610228,0.0,-232.0441955610228,232.0441955610228,0.0,-21122.01564282237,21122.01564282237,0.0,0.0,0.0,0.0,0.0,0.0,0.0,0.0,0.0,-214872.04033944415,-214872.04033944415,21586.104033944415,21586.104033944415,21486.104033944415,0.0,100.0,0.0,0.0,21586.104033944415,21586.104033944415,1,0.0,100.0
1750,18508.035948570287,0.0,-185080.35948570288,0.0,10.0,0.0,-0.0,0.1,0.258218297,25.8218297,0.0,0.0,100.0,1.0,0.11,-11.0,-235.2993464759232,235.2993464759232,0.0,-235.2993464759232,235.2993464759232,0.0,-18137.43725561844,18137.43725561844,0.0,0.0,0.0,0.0,0.0,0.0,0.0,0.0,0.0,-185091.35948570288,-185091.35948570288,18608.035948570287,18608.035948570287,18508.035948570287,0.0,100.0,0.0,0.0,18608.035948570287,18608.035948570287,1,0.0,100.0
1751,17762.78099199299,0.0,-177627.8099199299,0.0,10.0,0.0,-0.0,0.1,0.285108876,28.5108876,0.0,0.0,100.0,1.0,0.11,-11.0,-232.147050434022,232.147050434022,0.0,-232.147050434022,232.147050434022,0.0,-17398.486891124947,17398.486891124947,0.0,0.0,0.0,0.0,0.0,0.0,0.0,0.0,0.0,-177638.8099199299,-177638.8099199299,17862.78099199299,17862.78099199299,17762.78099199299,0.0,100.0,0.0,0.0,17862.78099199299,17862.78099199299,1,0.0,100.0
1752,17809.310134598494,0.0,-178093.10134598493,0.0,10.0,0.0,-0.0,0.1,0.2835363469999999,28.35363469999999,0.0,0.0,100.0,1.0,0.08,-8.0,-232.07986509101912,232.07986509101912,0.0,-232.07986509101912,232.07986509101912,0.0,-17445.150404416458,17445.150404416458,0.0,0.0,0.0,0.0,0.0,0.0,0.0,0.0,0.0,-178101.10134598493,-178101.10134598493,17909.310134598494,17909.310134598494,17809.310134598494,0.0,100.0,0.0,0.0,17909.310134598494,17909.310134598494,1,0.0,100.0
1753,17855.90001573311,0.0,-178559.00015733112,0.0,10.0,0.0,-0.0,0.1,0.281498447,28.1498447,0.0,0.0,100.0,1.0,0.08,-8.0,-232.0048596452255,232.0048596452255,0.0,-232.0048596452255,232.0048596452255,0.0,-17491.89029644266,17491.89029644266,0.0,0.0,0.0,0.0,0.0,0.0,0.0,0.0,0.0,-178567.00015733112,-178567.00015733112,17955.90001573311,17955.90001573311,17855.90001573311,0.0,100.0,0.0,0.0,17955.90001573311,17955.90001573311,1,0.0,100.0
1754,17879.34316491904,0.0,-178793.43164919037,0.0,10.0,0.0,-0.0,0.1,0.29277396,29.277396,0.0,0.0,100.0,1.0,0.08,-8.0,-231.95788174708656,231.95788174708656,0.0,-231.95788174708656,231.95788174708656,0.0,-17515.427401424866,17515.427401424866,0.0,0.0,0.0,0.0,0.0,0.0,0.0,0.0,0.0,-178801.43164919037,-178801.43164919037,17979.34316491904,17979.34316491904,17879.34316491904,0.0,100.0,0.0,0.0,17979.34316491904,17979.34316491904,1,0.0,100.0
1755,18596.71570801673,0.0,-185967.15708016732,0.0,10.0,0.0,-0.0,0.1,0.25621725,25.621725,0.0,0.0,100.0,1.0,0.08,-8.0,-232.82156788821624,232.82156788821624,0.0,-232.82156788821624,232.82156788821624,0.0,-18231.072572240297,18231.072572240297,0.0,0.0,0.0,0.0,0.0,0.0,0.0,0.0,0.0,-185975.15708016732,-185975.15708016732,18696.71570801673,18696.71570801673,18596.71570801673,0.0,100.0,0.0,0.0,18696.71570801673,18696.71570801673,1,0.0,100.0
1756,21604.739694164662,0.0,-216047.3969416466,0.0,10.0,0.0,-0.0,0.1,0.22383799,22.383799,0.0,0.0,100.0,1.0,0.08,-8.0,-232.70483518532663,232.70483518532663,0.0,-232.70483518532663,232.70483518532663,0.0,-21239.33002379401,21239.33002379401,0.0,0.0,0.0,0.0,0.0,0.0,0.0,0.0,0.0,-216055.3969416466,-216055.3969416466,21704.739694164662,21704.739694164662,21604.739694164662,0.0,100.0,0.0,0.0,21704.739694164662,21704.739694164662,1,0.0,100.0
1757,26304.976273555163,0.0,-263049.76273555163,0.0,10.0,0.0,-0.0,0.1,0.188610707,18.8610707,0.0,0.0,100.0,1.0,0.11,-11.0,-272.08095816976095,272.08095816976095,0.0,-272.08095816976095,272.08095816976095,0.0,-25860.81435721564,25860.81435721564,0.0,0.0,0.0,0.0,0.0,0.0,0.0,0.0,0.0,-263060.76273555163,-263060.76273555163,26404.976273555163,26404.976273555163,26304.976273555163,0.0,100.0,0.0,0.0,26404.976273555163,26404.976273555163,1,0.0,100.0
1758,30648.115490476637,0.0,-306481.15490476636,0.0,10.0,0.0,-0.0,0.1,0.169934236,16.9934236,0.0,0.0,100.0,1.0,0.11,-11.0,-524.5776086909051,524.5776086909051,0.0,-524.5776086909051,524.5776086909051,0.0,-30279.41775672439,30279.41775672439,0.0,0.0,0.0,0.0,0.0,0.0,580.4574836295604,580.4574836295604,0.0,-306492.15490476636,-306492.15490476636,31328.5729741062,31328.5729741062,31228.5729741062,0.0,100.0,0.0,0.0,31328.5729741062,30748.115490476637,1,0.0,100.0
1759,52783.943150961815,0.0,-527839.4315096182,0.0,10.0,0.0,-0.0,0.1,0.158077512,15.8077512,0.0,0.0,100.0,1.0,0.11,-11.0,-695.341813396729,695.341813396729,0.0,-695.341813396729,695.341813396729,0.0,-63393.02125184354,63393.02125184354,0.0,0.0,8638.143486328125,8638.143486328125,0.0,0.0,3261.6182413470538,3261.6182413470538,0.0,-527850.4315096182,-527850.4315096182,64783.70487863699,64783.70487863699,64683.70487863699,0.0,100.0,0.0,0.0,64783.70487863699,52883.943150961815,1,0.0,100.0
1760,36893.20060373716,0.0,-368932.0060373716,0.0,10.0,0.0,-0.0,0.1,0.148945469,14.8945469,0.0,0.0,100.0,1.0,0.11,-11.0,-693.4440875035501,693.4440875035501,0.0,-693.4440875035501,693.4440875035501,0.0,-61153.78459899177,61153.78459899177,0.0,0.0,15817.899111328124,15817.899111328124,0.0,0.0,9729.573058933584,9729.573058933584,0.0,-368943.0060373716,-368943.0060373716,62540.67277399887,62540.67277399887,62440.67277399887,0.0,100.0,0.0,0.0,62540.67277399887,36993.20060373716,1,0.0,100.0
1761,22356.460351664944,0.0,-223564.60351664945,0.0,10.0,0.0,-0.0,0.1,0.155773561,15.577356100000001,0.0,0.0,100.0,1.0,0.11,-11.0,-711.9217484924087,711.9217484924087,0.0,-711.9217484924087,711.9217484924087,0.0,-58192.16320598136,58192.16320598136,0.0,0.0,22399.341767578124,22399.341767578124,0.0,0.0,14760.204583723107,14760.204583723107,0.0,-223575.60351664945,-223575.60351664945,59616.00670296617,59616.00670296617,59516.00670296617,0.0,100.0,0.0,0.0,59616.00670296617,22456.460351664944,1,0.0,100.0
1762,13262.420721044135,0.0,-132624.20721044135,0.0,10.0,0.0,-0.0,0.1,0.189688692,18.9688692,0.0,0.0,100.0,1.0,0.11,-11.0,-731.5735684356819,731.5735684356819,0.0,-731.5735684356819,731.5735684356819,0.0,-58227.1900112421,58227.1900112421,0.0,0.0,27559.791123046874,27559.791123046874,0.0,0.0,18768.12530402245,18768.12530402245,0.0,-132635.20721044135,-132635.20721044135,59690.33714811347,59690.33714811346,59590.33714811347,0.0,100.0,0.0,0.0,59690.33714811346,13362.420721044131,1,0.0,100.0
1763,5726.047045679323,0.0,-57260.47045679323,0.0,10.0,0.0,-0.0,0.1,0.230323379,23.032337899999998,0.0,0.0,100.0,1.0,0.11,-11.0,-751.5256194547032,751.5256194547032,0.0,-751.5256194547032,751.5256194547032,0.0,-55305.8513239735,55305.8513239735,0.0,0.0,29616.491953125,29616.491953125,0.0,0.0,21366.36356407858,21366.36356407858,0.0,-57271.47045679323,-57271.47045679323,56808.90256288291,56808.902562882904,56708.90256288291,0.0,100.0,0.0,0.0,56808.902562882904,5826.047045679319,1,0.0,100.0
1764,14816.314541538379,0.0,-148163.1454153838,0.0,10.0,0.0,-0.0,0.1,0.24430192,24.430192,0.0,0.0,100.0,1.0,0.11,-11.0,-762.5733522330028,762.5733522330028,0.0,-762.5733522330028,762.5733522330028,0.0,-58410.0849283595,58410.0849283595,0.0,0.0,30065.226679687497,30065.226679687497,0.0,0.0,14953.690411599628,14953.690411599628,0.0,-148174.1454153838,-148174.1454153838,59935.231632825504,59935.231632825504,59835.231632825504,0.0,100.0,0.0,0.0,59935.231632825504,14916.314541538377,1,0.0,100.0
1765,16584.97389469767,0.0,-165849.7389469767,0.0,10.0,0.0,-0.0,0.1,0.252329827,25.2329827,0.0,0.0,100.0,1.0,0.11,-11.0,-783.1604367542103,783.1604367542103,0.0,-783.1604367542103,783.1604367542103,0.0,-58420.72426905159,58420.72426905159,0.0,0.0,27298.02919921875,27298.02919921875,0.0,0.0,16004.042048643594,16004.042048643594,0.0,-165860.7389469767,-165860.7389469767,59987.04514256002,59987.04514256001,59887.04514256002,0.0,100.0,0.0,0.0,59987.04514256001,16684.973894697665,1,0.0,100.0
1766,25766.343395127988,0.0,-257663.43395127988,0.0,10.0,0.0,-0.0,0.1,0.238920367,23.8920367,0.0,0.0,100.0,1.0,0.08,-8.0,-794.05976678782,794.05976678782,0.0,-794.05976678782,794.05976678782,0.0,-58354.95977823302,58354.95977823302,0.0,0.0,23296.811220703123,23296.811220703123,0.0,0.0,10779.92469597755,10779.92469597755,0.0,-257671.43395127988,-257671.43395127988,59943.07931180866,59943.07931180866,59843.07931180866,0.0,100.0,0.0,0.0,59943.07931180866,25866.343395127988,1,0.0,100.0
1767,37919.140486729186,0.0,-379191.40486729186,0.0,10.0,0.0,-0.0,0.1,0.234546735,23.454673500000002,0.0,0.0,100.0,1.0,0.08,-8.0,-751.884299310199,751.884299310199,0.0,-751.884299310199,751.884299310199,0.0,-61199.43360462063,61199.43360462063,0.0,0.0,16640.579443359373,16640.579443359373,0.0,0.0,8043.48227315248,8043.48227315248,0.0,-379199.40486729186,-379199.40486729186,62703.20220324104,62703.20220324103,62603.20220324104,0.0,100.0,0.0,0.0,62703.20220324103,38019.14048672918,1,0.0,100.0
1768,38801.62021599038,0.0,-388016.20215990377,0.0,10.0,0.0,-0.0,0.1,0.22824464,22.824464,0.0,0.0,100.0,1.0,0.08,-8.0,-543.4650345804891,543.4650345804891,0.0,-543.4650345804891,543.4650345804891,0.0,-54319.06521212846,54319.06521212846,0.0,0.0,9124.2727734375,9124.2727734375,0.0,0.0,7380.102291861554,7380.102291861554,0.0,-388024.20215990377,-388024.20215990377,55405.99528128943,55405.99528128943,55305.99528128943,0.0,100.0,0.0,0.0,55405.99528128943,38901.62021599038,1,0.0,100.0
1769,40784.769674994706,0.0,-407847.69674994703,0.0,10.0,0.0,-0.0,0.1,0.2172095989999999,21.72095989999999,0.0,0.0,100.0,1.0,0.11,-11.0,-528.2243769742421,528.2243769742421,0.0,-528.2243769742421,528.2243769742421,0.0,-43301.217236509714,43301.217236509714,0.0,0.0,1869.72802734375,1869.72802734375,0.0,0.0,1603.1682881197382,1603.1682881197382,0.0,-407858.69674994703,-407858.69674994703,44357.6659904582,44357.6659904582,44257.6659904582,0.0,100.0,0.0,0.0,44357.6659904582,40884.769674994706,1,0.0,100.0
1770,44867.401917555224,0.0,-448674.01917555224,0.0,10.0,0.0,-0.0,0.1,0.22125621,22.125621000000002,0.0,0.0,100.0,1.0,0.11,-11.0,-537.8375543503283,537.8375543503283,0.0,-537.8375543503283,537.8375543503283,0.0,-43891.72680885457,43891.72680885457,0.0,0.0,0.0,0.0,0.0,0.0,0.0,0.0,0.0,-448685.01917555224,-448685.01917555224,44967.401917555224,44967.401917555224,44867.401917555224,0.0,100.0,0.0,0.0,44967.401917555224,44967.401917555224,1,0.0,100.0
1771,35842.452648507235,0.0,-358424.52648507233,0.0,10.0,0.0,-0.0,0.1,0.2236778989999999,22.36778989999999,0.0,0.0,100.0,1.0,0.11,-11.0,-543.9773407082457,543.9773407082457,0.0,-543.9773407082457,543.9773407082457,0.0,-34854.49796709074,34854.49796709074,0.0,0.0,0.0,0.0,0.0,0.0,0.0,0.0,0.0,-358435.52648507233,-358435.52648507233,35942.452648507235,35942.452648507235,35842.452648507235,0.0,100.0,0.0,0.0,35942.452648507235,35942.452648507235,1,0.0,100.0
1772,33743.88827346145,0.0,-337438.88273461454,0.0,10.0,0.0,-0.0,0.1,0.23252093,23.252093,0.0,0.0,100.0,1.0,0.11,-11.0,-232.9963861005364,232.9963861005364,0.0,-232.9963861005364,232.9963861005364,0.0,-33377.89550126038,33377.89550126038,0.0,0.0,0.0,0.0,0.0,0.0,0.0,0.0,0.0,-337449.88273461454,-337449.88273461454,33843.88827346145,33843.88827346145,33743.88827346145,0.0,100.0,0.0,0.0,33843.88827346145,33843.88827346145,1,0.0,100.0
1773,21487.014995899826,0.0,-214870.14995899826,0.0,10.0,0.0,-0.0,0.1,0.231431858,23.143185799999998,0.0,0.0,100.0,1.0,0.11,-11.0,-232.4997249064824,232.4997249064824,0.0,-232.4997249064824,232.4997249064824,0.0,-21122.015546086863,21122.015546086863,0.0,0.0,0.0,0.0,0.0,0.0,0.0,0.0,0.0,-214881.14995899826,-214881.14995899826,21587.014995899826,21587.014995899826,21487.014995899826,0.0,100.0,0.0,0.0,21587.014995899826,21587.014995899826,1,0.0,100.0
1774,18508.631347763538,0.0,-185086.31347763538,0.0,10.0,0.0,-0.0,0.1,0.241951572,24.1951572,0.0,0.0,100.0,1.0,0.11,-11.0,-235.59707327941385,235.59707327941385,0.0,-235.59707327941385,235.59707327941385,0.0,-18137.43720120471,18137.43720120471,0.0,0.0,0.0,0.0,0.0,0.0,0.0,0.0,0.0,-185097.31347763538,-185097.31347763538,18608.631347763538,18608.631347763538,18508.631347763538,0.0,100.0,0.0,0.0,18608.631347763538,18608.631347763538,1,0.0,100.0
1775,17763.68788159191,0.0,-177636.8788159191,0.0,10.0,0.0,-0.0,0.1,0.249951376,24.9951376,0.0,0.0,100.0,1.0,0.11,-11.0,-232.60052848631287,232.60052848631287,0.0,-232.60052848631287,232.60052848631287,0.0,-17398.486824619285,17398.486824619285,0.0,0.0,0.0,0.0,0.0,0.0,0.0,0.0,0.0,-177647.8788159191,-177647.8788159191,17863.68788159191,17863.68788159191,17763.68788159191,0.0,100.0,0.0,0.0,17863.68788159191,17863.68788159191,1,0.0,100.0
1776,17763.73439548782,0.0,-177637.3439548782,0.0,10.0,0.0,-0.0,0.1,0.246555288,24.655528800000003,0.0,0.0,100.0,1.0,0.08,-8.0,-232.6238247330737,232.6238247330737,0.0,-232.6238247330737,232.6238247330737,0.0,-17398.486746021674,17398.486746021674,0.0,0.0,0.0,0.0,0.0,0.0,0.0,0.0,0.0,-177645.3439548782,-177645.3439548782,17863.73439548782,17863.73439548782,17763.73439548782,0.0,100.0,0.0,0.0,17863.73439548782,17863.73439548782,1,0.0,100.0
1777,17763.70615904459,0.0,-177637.06159044587,0.0,10.0,0.0,-0.0,0.1,0.2315754789999999,23.15754789999999,0.0,0.0,100.0,1.0,0.08,-8.0,-232.6096974425025,232.6096974425025,0.0,-232.6096974425025,232.6096974425025,0.0,-17398.486764159585,17398.486764159585,0.0,0.0,0.0,0.0,0.0,0.0,0.0,0.0,0.0,-177645.06159044587,-177645.06159044587,17863.70615904459,17863.70615904459,17763.70615904459,0.0,100.0,0.0,0.0,17863.70615904459,17863.70615904459,1,0.0,100.0
1778,17763.621742169504,0.0,-177636.21742169504,0.0,10.0,0.0,-0.0,0.1,0.228813673,22.8813673,0.0,0.0,100.0,1.0,0.08,-8.0,-232.56748900495907,232.56748900495907,0.0,-232.56748900495907,232.56748900495907,0.0,-17398.486764159585,17398.486764159585,0.0,0.0,0.0,0.0,0.0,0.0,0.0,0.0,0.0,-177644.21742169504,-177644.21742169504,17863.621742169504,17863.621742169504,17763.621742169504,0.0,100.0,0.0,0.0,17863.621742169504,17863.621742169504,1,0.0,100.0
1779,18504.336827711664,0.0,-185043.36827711665,0.0,10.0,0.0,-0.0,0.1,0.2334437439999999,23.34437439999999,0.0,0.0,100.0,1.0,0.08,-8.0,-233.4498555752629,233.4498555752629,0.0,-233.4498555752629,233.4498555752629,0.0,-18137.437116561137,18137.437116561137,0.0,0.0,0.0,0.0,0.0,0.0,0.0,0.0,0.0,-185051.36827711665,-185051.36827711665,18604.336827711664,18604.336827711664,18504.336827711664,0.0,100.0,0.0,0.0,18604.336827711664,18604.336827711664,1,0.0,100.0
1780,21488.85367247477,0.0,-214888.53672474768,0.0,10.0,0.0,-0.0,0.1,0.234767425,23.4767425,0.0,0.0,100.0,1.0,0.08,-8.0,-233.3732347439444,233.3732347439444,0.0,-233.3732347439444,233.3732347439444,0.0,-21122.10720298688,21122.10720298688,0.0,0.0,0.0,0.0,0.0,0.0,0.0,0.0,0.0,-214896.53672474768,-214896.53672474768,21588.85367247477,21588.85367247477,21488.85367247477,0.0,100.0,0.0,0.0,21588.85367247477,21588.85367247477,1,0.0,100.0
1781,26268.382861013346,0.0,-262683.82861013344,0.0,10.0,0.0,-0.0,0.1,0.218452301,21.8452301,0.0,0.0,100.0,1.0,0.11,-11.0,-268.6120227151685,268.6120227151685,0.0,-268.6120227151685,268.6120227151685,0.0,-25831.15881558301,25831.15881558301,0.0,0.0,0.0,0.0,0.0,0.0,0.0,0.0,0.0,-262694.82861013344,-262694.82861013344,26368.382861013346,26368.382861013346,26268.382861013346,0.0,100.0,0.0,0.0,26368.382861013346,26368.382861013346,1,0.0,100.0
1782,30760.307764133286,0.0,-307603.0776413329,0.0,10.0,0.0,-0.0,0.1,0.2052345669999999,20.52345669999999,0.0,0.0,100.0,1.0,0.11,-11.0,-521.6945875873686,521.6945875873686,0.0,-521.6945875873686,521.6945875873686,0.0,-30231.53107726538,30231.53107726538,0.0,0.0,0.0,0.0,0.0,0.0,414.6124883068289,414.6124883068289,0.0,-307614.0776413329,-307614.0776413329,31274.920252440115,31274.920252440115,31174.920252440115,0.0,100.0,0.0,0.0,31274.920252440115,30860.307764133286,1,0.0,100.0
1783,59262.19457020938,0.0,-592621.9457020938,0.0,10.0,0.0,-0.0,0.1,0.19979197,19.979197000000003,0.0,0.0,100.0,1.0,0.11,-11.0,-693.2342974310408,693.2342974310408,0.0,-693.2342974310408,693.2342974310408,0.0,-63368.80254842596,63368.80254842596,0.0,0.0,2767.1974804687497,2767.1974804687497,0.0,0.0,2625.8790926099164,2625.8790926099164,0.0,-592632.9457020938,-592632.9457020938,64755.271143288046,64755.271143288046,64655.271143288046,0.0,100.0,0.0,0.0,64755.271143288046,59362.19457020938,1,0.0,100.0
1784,52906.298097355895,0.0,-529062.980973559,0.0,10.0,0.0,-0.0,0.1,0.199819115,19.9819115,0.0,0.0,100.0,1.0,0.11,-11.0,-693.3493037421683,693.3493037421683,0.0,-693.3493037421683,693.3493037421683,0.0,-61149.01559858517,61149.01559858517,0.0,0.0,3365.5104492187497,3365.5104492187497,0.0,0.0,6163.905659494856,6163.905659494856,0.0,-529073.980973559,-529073.980973559,62535.714206069504,62535.714206069504,62435.714206069504,0.0,100.0,0.0,0.0,62535.714206069504,53006.2980973559,1,0.0,100.0
1785,50937.55217039604,0.0,-509375.5217039604,0.0,10.0,0.0,-0.0,0.1,0.201483993,20.1483993,0.0,0.0,100.0,1.0,0.11,-11.0,-710.1868477863933,710.1868477863933,0.0,-710.1868477863933,710.1868477863933,0.0,-58190.50790413255,58190.50790413255,0.0,0.0,4150.796220703125,4150.796220703125,0.0,0.0,4422.533208606174,4422.533208606174,0.0,-509386.5217039604,-509386.5217039604,59610.88159970534,59610.88159970534,59510.88159970534,0.0,100.0,0.0,0.0,59610.88159970534,51037.55217039604,1,0.0,100.0
1786,40487.16712269,0.0,-404871.6712269,0.0,10.0,0.0,-0.0,0.1,0.200336516,20.0336516,0.0,0.0,100.0,1.0,0.11,-11.0,-725.8614648831012,725.8614648831012,0.0,-725.8614648831012,725.8614648831012,0.0,-58189.44697551485,58189.44697551485,0.0,0.0,5758.76232421875,5758.76232421875,0.0,0.0,13295.240458372313,13295.240458372313,0.0,-404882.6712269,-404882.6712269,59641.16990528106,59641.16990528106,59541.16990528106,0.0,100.0,0.0,0.0,59641.16990528106,40587.16712268999,1,0.0,100.0
1787,36295.30173984164,0.0,-362953.0173984164,0.0,10.0,0.0,-0.0,0.1,0.22834312,22.834312,0.0,0.0,100.0,1.0,0.11,-11.0,-735.6389193560491,735.6389193560491,0.0,-735.6389193560491,735.6389193560491,0.0,-55176.30459208634,55176.30459208634,0.0,0.0,6431.8644140625,6431.8644140625,0.0,0.0,13820.416276894295,13820.416276894295,0.0,-362964.0173984164,-362964.0173984164,56647.58243079844,56647.58243079844,56547.58243079844,0.0,100.0,0.0,0.0,56647.58243079844,36395.30173984164,1,0.0,100.0
1788,42547.84322922456,0.0,-425478.4322922456,0.0,10.0,0.0,-0.0,0.1,0.2494585,24.94585,0.0,0.0,100.0,1.0,0.11,-11.0,-731.4518582348763,731.4518582348763,0.0,-731.4518582348763,731.4518582348763,0.0,-58188.62801264884,58188.62801264884,0.0,0.0,6057.918808593749,6057.918808593749,0.0,0.0,10945.769691300282,10945.769691300282,0.0,-425489.4322922456,-425489.4322922456,59651.53172911859,59651.53172911859,59551.53172911859,0.0,100.0,0.0,0.0,59651.53172911859,42647.84322922456,1,0.0,100.0
1789,39060.597792078166,0.0,-390605.97792078165,0.0,10.0,0.0,-0.0,0.1,0.260068505,26.0068505,0.0,0.0,100.0,1.0,0.11,-11.0,-736.7091839203309,736.7091839203309,0.0,-736.7091839203309,736.7091839203309,0.0,-58188.290847058925,58188.290847058925,0.0,0.0,5160.44935546875,5160.44935546875,0.0,0.0,15340.662067352669,15340.662067352669,0.0,-390616.97792078165,-390616.97792078165,59661.70921489959,59661.70921489959,59561.70921489959,0.0,100.0,0.0,0.0,59661.70921489959,39160.59779207817,1,0.0,100.0
1790,39147.41696248555,0.0,-391474.1696248555,0.0,10.0,0.0,-0.0,0.1,0.248990953,24.8990953,0.0,0.0,100.0,1.0,0.08,-8.0,-723.7565067053048,723.7565067053048,0.0,-723.7565067053048,723.7565067053048,0.0,-58188.863309696,58188.863309696,0.0,0.0,4412.55814453125,4412.55814453125,0.0,0.0,15976.401216089806,15976.401216089806,0.0,-391482.1696248555,-391482.1696248555,59636.376323106604,59636.376323106604,59536.376323106604,0.0,100.0,0.0,0.0,59636.376323106604,39247.41696248555,1,0.0,100.0
1791,50545.827953778964,0.0,-505458.27953778964,0.0,10.0,0.0,-0.0,0.1,0.2377418889999999,23.77418889999999,0.0,0.0,100.0,1.0,0.08,-8.0,-713.351154426998,713.351154426998,0.0,-713.351154426998,713.351154426998,0.0,-61145.16080925057,61145.16080925057,0.0,0.0,3440.2995703125,3440.2995703125,0.0,0.0,8485.735594013098,8485.735594013098,0.0,-505466.27953778964,-505466.27953778964,62571.863118104564,62571.863118104564,62471.863118104564,0.0,100.0,0.0,0.0,62571.863118104564,50645.827953778964,1,0.0,100.0
1792,46334.769935688215,0.0,-463347.69935688213,0.0,10.0,0.0,-0.0,0.1,0.223683982,22.3683982,0.0,0.0,100.0,1.0,0.08,-8.0,-527.7128926190063,527.7128926190063,0.0,-527.7128926190063,527.7128926190063,0.0,-54323.4733406981,54323.4733406981,0.0,0.0,2393.251875,2393.251875,0.0,0.0,6550.877315247896,6550.877315247896,0.0,-463355.69935688213,-463355.69935688213,55378.89912593611,55378.899125936114,55278.89912593611,0.0,100.0,0.0,0.0,55378.899125936114,46434.76993568822,1,0.0,100.0
1793,41248.3179968748,0.0,-412483.179968748,0.0,10.0,0.0,-0.0,0.1,0.218331733,21.8331733,0.0,0.0,100.0,1.0,0.11,-11.0,-520.6292415240956,520.6292415240956,0.0,-520.6292415240956,520.6292415240956,0.0,-43310.12491475621,43310.12491475621,0.0,0.0,598.31296875,598.31296875,0.0,0.0,2404.7524321796072,2404.7524321796072,0.0,-412494.179968748,-412494.179968748,44351.383397804406,44351.383397804406,44251.383397804406,0.0,100.0,0.0,0.0,44351.383397804406,41348.3179968748,1,0.0,100.0
1794,44884.700332535365,0.0,-448847.00332535367,0.0,10.0,0.0,-0.0,0.1,0.213322332,21.3322332,0.0,0.0,100.0,1.0,0.11,-11.0,-540.2710001934208,540.2710001934208,0.0,-540.2710001934208,540.2710001934208,0.0,-43904.15833214852,43904.15833214852,0.0,0.0,0.0,0.0,0.0,0.0,0.0,0.0,0.0,-448858.00332535367,-448858.00332535367,44984.700332535365,44984.700332535365,44884.700332535365,0.0,100.0,0.0,0.0,44984.700332535365,44984.700332535365,1,0.0,100.0
1795,35862.82917001202,0.0,-358628.2917001202,0.0,10.0,0.0,-0.0,0.1,0.2027118789999999,20.27118789999999,0.0,0.0,100.0,1.0,0.11,-11.0,-546.9345280370335,546.9345280370335,0.0,-546.9345280370335,546.9345280370335,0.0,-34868.96011393795,34868.96011393795,0.0,0.0,0.0,0.0,0.0,0.0,0.0,0.0,0.0,-358639.2917001202,-358639.2917001202,35962.82917001202,35962.82917001202,35862.82917001202,0.0,100.0,0.0,0.0,35962.82917001202,35962.82917001202,1,0.0,100.0
1796,33763.47742120331,0.0,-337634.7742120331,0.0,10.0,0.0,-0.0,0.1,0.200338355,20.0338355,0.0,0.0,100.0,1.0,0.11,-11.0,-233.01765908811984,233.01765908811984,0.0,-233.01765908811984,233.01765908811984,0.0,-33397.44210302707,33397.44210302707,0.0,0.0,0.0,0.0,0.0,0.0,0.0,0.0,0.0,-337645.7742120331,-337645.7742120331,33863.47742120331,33863.47742120331,33763.47742120331,0.0,100.0,0.0,0.0,33863.47742120331,33863.47742120331,1,0.0,100.0
1797,21486.997017995443,0.0,-214869.97017995443,0.0,10.0,0.0,-0.0,0.1,0.203357135,20.3357135,0.0,0.0,100.0,1.0,0.11,-11.0,-232.4907601381697,232.4907601381697,0.0,-232.4907601381697,232.4907601381697,0.0,-21122.015497719105,21122.015497719105,0.0,0.0,0.0,0.0,0.0,0.0,0.0,0.0,0.0,-214880.97017995443,-214880.97017995443,21586.997017995443,21586.997017995443,21486.997017995443,0.0,100.0,0.0,0.0,21586.997017995443,21586.997017995443,1,0.0,100.0
1798,18508.540363237615,0.0,-185085.40363237614,0.0,10.0,0.0,-0.0,0.1,0.221702409,22.1702409,0.0,0.0,100.0,1.0,0.11,-11.0,-235.5516172922676,235.5516172922676,0.0,-235.5516172922676,235.5516172922676,0.0,-18137.43712865308,18137.43712865308,0.0,0.0,0.0,0.0,0.0,0.0,0.0,0.0,0.0,-185096.40363237614,-185096.40363237614,18608.540363237615,18608.540363237615,18508.540363237615,0.0,100.0,0.0,0.0,18608.540363237615,18608.540363237615,1,0.0,100.0
1799,17763.59545959136,0.0,-177635.95459591362,0.0,10.0,0.0,-0.0,0.1,0.229968413,22.9968413,0.0,0.0,100.0,1.0,0.11,-11.0,-232.5543477158875,232.5543477158875,0.0,-232.5543477158875,232.5543477158875,0.0,-17398.486764159585,17398.486764159585,0.0,0.0,0.0,0.0,0.0,0.0,0.0,0.0,0.0,-177646.95459591362,-177646.95459591362,17863.59545959136,17863.59545959136,17763.59545959136,0.0,100.0,0.0,0.0,17863.59545959136,17863.59545959136,1,0.0,100.0
1800,17763.60824204702,0.0,-177636.0824204702,0.0,10.0,0.0,-0.0,0.1,0.240740601,24.0740601,0.0,0.0,100.0,1.0,0.08,-8.0,-232.56076917356367,232.56076917356367,0.0,-232.56076917356367,232.56076917356367,0.0,-17398.48670369989,17398.48670369989,0.0,0.0,0.0,0.0,0.0,0.0,0.0,0.0,0.0,-177644.0824204702,-177644.0824204702,17863.60824204702,17863.60824204702,17763.60824204702,0.0,100.0,0.0,0.0,17863.60824204702,17863.60824204702,1,0.0,100.0
1801,17763.603300889186,0.0,-177636.03300889186,0.0,10.0,0.0,-0.0,0.1,0.242867898,24.2867898,0.0,0.0,100.0,1.0,0.08,-8.0,-232.5583076636032,232.5583076636032,0.0,-232.5583076636032,232.5583076636032,0.0,-17398.48668556198,17398.48668556198,0.0,0.0,0.0,0.0,0.0,0.0,0.0,0.0,0.0,-177644.03300889186,-177644.03300889186,17863.603300889186,17863.603300889186,17763.603300889186,0.0,100.0,0.0,0.0,17863.603300889186,17863.603300889186,1,0.0,100.0
1802,17880.43010410877,0.0,-178804.30104108772,0.0,10.0,0.0,-0.0,0.1,0.2409197119999999,24.09197119999999,0.0,0.0,100.0,1.0,0.08,-8.0,-232.56122457947583,232.56122457947583,0.0,-232.56122457947583,232.56122457947583,0.0,-17515.30765494982,17515.30765494982,0.0,0.0,0.0,0.0,0.0,0.0,0.0,0.0,0.0,-178812.30104108772,-178812.30104108772,17980.43010410877,17980.43010410877,17880.43010410877,0.0,100.0,0.0,0.0,17980.43010410877,17980.43010410877,1,0.0,100.0
1803,18605.571486368906,0.0,-186055.71486368906,0.0,10.0,0.0,-0.0,0.1,0.245933888,24.5933888,0.0,0.0,100.0,1.0,0.08,-8.0,-237.26013424672053,237.26013424672053,0.0,-237.26013424672053,237.26013424672053,0.0,-18231.051217875465,18231.051217875465,0.0,0.0,0.0,0.0,0.0,0.0,0.0,0.0,0.0,-186063.71486368906,-186063.71486368906,18705.571486368906,18705.571486368906,18605.571486368906,0.0,100.0,0.0,0.0,18705.571486368906,18705.571486368906,1,0.0,100.0
1804,21612.673616986685,0.0,-216126.73616986687,0.0,10.0,0.0,-0.0,0.1,0.251352057,25.1352057,0.0,0.0,100.0,1.0,0.08,-8.0,-236.6067147559522,236.6067147559522,0.0,-236.6067147559522,236.6067147559522,0.0,-21239.460187474782,21239.460187474782,0.0,0.0,0.0,0.0,0.0,0.0,0.0,0.0,0.0,-216134.73616986687,-216134.73616986687,21712.673616986685,21712.673616986685,21612.673616986685,0.0,100.0,0.0,0.0,21712.673616986685,21712.673616986685,1,0.0,100.0
1805,25823.165942648615,0.0,-258231.65942648615,0.0,10.0,0.0,-0.0,0.1,0.263530456,26.3530456,0.0,0.0,100.0,1.0,0.11,-11.0,-288.1816375815839,288.1816375815839,0.0,-288.1816375815839,288.1816375815839,0.0,-25346.80266748545,25346.80266748545,0.0,0.0,0.0,0.0,0.0,0.0,0.0,0.0,0.0,-258242.65942648615,-258242.65942648615,25923.165942648615,25923.165942648615,25823.165942648615,0.0,100.0,0.0,0.0,25923.165942648615,25923.165942648615,1,0.0,100.0
1806,30837.582474427047,0.0,-308375.8247442705,0.0,10.0,0.0,-0.0,0.1,0.266755346,26.6755346,0.0,0.0,100.0,1.0,0.11,-11.0,-546.977456027634,546.977456027634,0.0,-546.977456027634,546.977456027634,0.0,-30341.162548339973,30341.162548339973,0.0,0.0,0.0,0.0,0.0,0.0,497.5349859681946,497.5349859681946,0.0,-308386.8247442705,-308386.8247442705,31435.117460395242,31435.117460395242,31335.117460395242,0.0,100.0,0.0,0.0,31435.117460395242,30937.582474427047,1,0.0,100.0
1807,56330.78727461574,0.0,-563307.8727461573,0.0,10.0,0.0,-0.0,0.1,0.277101801,27.7101801,0.0,0.0,100.0,1.0,0.11,-11.0,-725.4116080274911,725.4116080274911,0.0,-725.4116080274911,725.4116080274911,0.0,-63441.10980622943,63441.10980622943,0.0,0.0,4038.6125390625,4038.6125390625,0.0,0.0,4422.533208606174,4422.533208606174,0.0,-563318.8727461573,-563318.8727461573,64891.933022284415,64891.933022284415,64791.933022284415,0.0,100.0,0.0,0.0,64891.933022284415,56430.78727461574,1,0.0,100.0
1808,44190.50006972968,0.0,-441905.0006972968,0.0,10.0,0.0,-0.0,0.1,0.283965777,28.396577699999998,0.0,0.0,100.0,1.0,0.11,-11.0,-741.6003647586693,741.6003647586693,0.0,-741.6003647586693,741.6003647586693,0.0,-61192.902990034745,61192.902990034745,0.0,0.0,8600.74892578125,8600.74892578125,0.0,0.0,9784.85472404116,9784.85472404116,0.0,-441916.0006972968,-441916.0006972968,62676.10371955209,62676.103719552084,62576.10371955209,0.0,100.0,0.0,0.0,62676.103719552084,44290.50006972967,1,0.0,100.0
1809,26931.3519078315,0.0,-269313.519078315,0.0,10.0,0.0,-0.0,0.1,0.282662368,28.2662368,0.0,0.0,100.0,1.0,0.11,-11.0,-779.1241411829337,779.1241411829337,0.0,-779.1241411829337,779.1241411829337,0.0,-58220.12345167588,58220.12345167588,0.0,0.0,17351.076093749998,17351.076093749998,0.0,0.0,15395.943732460246,15395.943732460246,0.0,-269324.519078315,-269324.519078315,59778.37173404174,59778.37173404174,59678.37173404174,0.0,100.0,0.0,0.0,59778.37173404174,27031.3519078315,1,0.0,100.0
1810,34671.96777330087,0.0,-346719.67773300875,0.0,10.0,0.0,-0.0,0.1,0.285537499,28.553749899999996,0.0,0.0,100.0,1.0,0.11,-11.0,-794.7489347640199,794.7489347640199,0.0,-794.7489347640199,794.7489347640199,0.0,-58223.1276516772,58223.1276516772,0.0,0.0,6244.891611328125,6244.891611328125,0.0,0.0,18795.766136576243,18795.766136576243,0.0,-346730.67773300875,-346730.67773300875,59812.62552120524,59812.625521205235,59712.62552120524,0.0,100.0,0.0,0.0,59812.625521205235,34771.967773300865,1,0.0,100.0
1811,20419.459430116367,0.0,-204194.59430116368,0.0,10.0,0.0,-0.0,0.1,0.274257437,27.425743699999998,0.0,0.0,100.0,1.0,0.11,-11.0,-801.4379254216603,801.4379254216603,0.0,-801.4379254216603,801.4379254216603,0.0,-55279.8495129545,55279.8495129545,0.0,0.0,13835.98740234375,13835.98740234375,0.0,0.0,22527.278531337703,22527.278531337703,0.0,-204205.59430116368,-204205.59430116368,56882.72536379782,56882.72536379782,56782.72536379782,0.0,100.0,0.0,0.0,56882.72536379782,20519.459430116367,1,0.0,100.0
1812,32410.879355415815,0.0,-324108.7935541581,0.0,10.0,0.0,-0.0,0.1,0.273179988,27.317998799999998,0.0,0.0,100.0,1.0,0.11,-11.0,-785.6337640880439,785.6337640880439,0.0,-785.6337640880439,785.6337640880439,0.0,-58378.54060162181,58378.54060162181,0.0,0.0,5796.156884765624,5796.156884765624,0.0,0.0,21642.771889616462,21642.771889616462,0.0,-324119.7935541581,-324119.7935541581,59949.8081297979,59949.8081297979,59849.8081297979,0.0,100.0,0.0,0.0,59949.8081297979,32510.879355415815,1,0.0,100.0
1813,12145.88013034386,0.0,-121458.8013034386,0.0,10.0,0.0,-0.0,0.1,0.268624368,26.8624368,0.0,0.0,100.0,1.0,0.11,-11.0,-785.7522499614336,785.7522499614336,0.0,-785.7522499614336,785.7522499614336,0.0,-58385.95403660522,58385.95403660522,0.0,0.0,27671.9748046875,27671.9748046875,0.0,0.0,20039.60360149673,20039.60360149673,0.0,-121469.8013034386,-121469.8013034386,59957.45853652809,59957.45853652809,59857.45853652809,0.0,100.0,0.0,0.0,59957.45853652809,12245.88013034386,1,0.0,100.0
1814,18657.497265897106,0.0,-186574.97265897106,0.0,10.0,0.0,-0.0,0.1,0.281464834,28.1464834,0.0,0.0,100.0,1.0,0.08,-8.0,-780.8068882047081,780.8068882047081,0.0,-780.8068882047081,780.8068882047081,0.0,-58319.37973651871,58319.37973651871,0.0,0.0,23820.33506835937,23820.33506835937,0.0,0.0,17303.161178671657,17303.161178671657,0.0,-186582.97265897106,-186582.97265897106,59880.99351292814,59880.99351292813,59780.99351292814,0.0,100.0,0.0,0.0,59880.99351292813,18757.497265897102,1,0.0,100.0
1815,38510.103024339034,0.0,-385101.03024339036,0.0,10.0,0.0,-0.0,0.1,0.285747548,28.5747548,0.0,0.0,100.0,1.0,0.08,-8.0,-755.1045818814691,755.1045818814691,0.0,-755.1045818814691,755.1045818814691,0.0,-61167.723884336985,61167.723884336985,0.0,0.0,16715.368564453125,16715.368564453125,0.0,0.0,7352.461459307765,7352.461459307765,0.0,-385109.03024339036,-385109.03024339036,62677.93304809992,62677.93304809992,62577.93304809992,0.0,100.0,0.0,0.0,62677.93304809992,38610.10302433903,1,0.0,100.0
1816,49964.86585329497,0.0,-499648.6585329497,0.0,10.0,0.0,-0.0,0.1,0.254981839,25.498183899999997,0.0,0.0,100.0,1.0,0.08,-8.0,-573.2988650144873,573.2988650144873,0.0,-573.2988650144873,573.2988650144873,0.0,-54321.130043778016,54321.130043778016,0.0,0.0,2168.8845117187498,2168.8845117187498,0.0,0.0,3233.977408793265,3233.977408793265,0.0,-499656.6585329497,-499656.6585329497,55467.72777380698,55467.72777380699,55367.72777380698,0.0,100.0,0.0,0.0,55467.72777380699,50064.86585329498,1,0.0,100.0
1817,40579.439570341034,0.0,-405794.3957034103,0.0,10.0,0.0,-0.0,0.1,0.226686035,22.6686035,0.0,0.0,100.0,1.0,0.11,-11.0,-550.5782862228582,550.5782862228582,0.0,-550.5782862228582,550.5782862228582,0.0,-43303.18750919384,43303.18750919384,0.0,0.0,2094.095390625,2094.095390625,0.0,0.0,1630.8091206735269,1630.8091206735269,0.0,-405805.3957034103,-405805.3957034103,44404.34408163956,44404.34408163956,44304.34408163956,0.0,100.0,0.0,0.0,44404.34408163956,40679.439570341034,1,0.0,100.0
1818,44922.147756348444,0.0,-449221.47756348446,0.0,10.0,0.0,-0.0,0.1,0.216995671,21.6995671,0.0,0.0,100.0,1.0,0.11,-11.0,-563.568025629621,563.568025629621,0.0,-563.568025629621,563.568025629621,0.0,-43895.0117050892,43895.0117050892,0.0,0.0,0.0,0.0,0.0,0.0,0.0,0.0,0.0,-449232.47756348446,-449232.47756348446,45022.147756348444,45022.147756348444,44922.147756348444,0.0,100.0,0.0,0.0,45022.147756348444,45022.147756348444,1,0.0,100.0
1819,35919.63704189346,0.0,-359196.3704189346,0.0,10.0,0.0,-0.0,0.1,0.204394965,20.4394965,0.0,0.0,100.0,1.0,0.11,-11.0,-579.3026551333221,579.3026551333221,0.0,-579.3026551333221,579.3026551333221,0.0,-34861.03173162682,34861.03173162682,0.0,0.0,0.0,0.0,0.0,0.0,0.0,0.0,0.0,-359207.3704189346,-359207.3704189346,36019.63704189346,36019.63704189346,35919.63704189346,0.0,100.0,0.0,0.0,36019.63704189346,36019.63704189346,1,0.0,100.0
1820,33751.94623922533,0.0,-337519.46239225334,0.0,10.0,0.0,-0.0,0.1,0.194585848,19.4585848,0.0,0.0,100.0,1.0,0.11,-11.0,-232.6363819527656,232.6363819527656,0.0,-232.6363819527656,232.6363819527656,0.0,-33386.6734753198,33386.6734753198,0.0,0.0,0.0,0.0,0.0,0.0,0.0,0.0,0.0,-337530.46239225334,-337530.46239225334,33851.94623922533,33851.94623922533,33751.94623922533,0.0,100.0,0.0,0.0,33851.94623922533,33851.94623922533,1,0.0,100.0
1821,21487.406892942723,0.0,-214874.06892942725,0.0,10.0,0.0,-0.0,0.1,0.198697857,19.8697857,0.0,0.0,100.0,1.0,0.11,-11.0,-232.695745979566,232.695745979566,0.0,-232.695745979566,232.695745979566,0.0,-21122.01540098359,21122.01540098359,0.0,0.0,0.0,0.0,0.0,0.0,0.0,0.0,0.0,-214885.06892942725,-214885.06892942725,21587.406892942723,21587.406892942723,21487.406892942723,0.0,100.0,0.0,0.0,21587.406892942723,21587.406892942723,1,0.0,100.0
1822,18508.674875267152,0.0,-185086.74875267153,0.0,10.0,0.0,-0.0,0.1,0.22372795,22.372795,0.0,0.0,100.0,1.0,0.11,-11.0,-235.61890958285508,235.61890958285508,0.0,-235.61890958285508,235.61890958285508,0.0,-18137.43705610144,18137.43705610144,0.0,0.0,0.0,0.0,0.0,0.0,0.0,0.0,0.0,-185097.74875267153,-185097.74875267153,18608.674875267152,18608.674875267152,18508.674875267152,0.0,100.0,0.0,0.0,18608.674875267152,18608.674875267152,1,0.0,100.0
1823,17763.682960144564,0.0,-177636.82960144564,0.0,10.0,0.0,-0.0,0.1,0.232311406,23.2311406,0.0,0.0,100.0,1.0,0.11,-11.0,-232.5981312453236,232.5981312453236,0.0,-232.5981312453236,232.5981312453236,0.0,-17398.486697653916,17398.486697653916,0.0,0.0,0.0,0.0,0.0,0.0,0.0,0.0,0.0,-177647.82960144564,-177647.82960144564,17863.682960144564,17863.682960144564,17763.682960144564,0.0,100.0,0.0,0.0,17863.682960144564,17863.682960144564,1,0.0,100.0
1824,14773.453597827658,0.0,-147734.53597827657,0.0,10.0,0.0,-0.0,0.1,0.220724544,22.072454399999998,0.0,0.0,100.0,1.0,0.08,-8.0,-232.49922485539287,232.49922485539287,0.0,-232.49922485539287,232.49922485539287,0.0,-14408.455148116873,14408.455148116873,0.0,0.0,0.0,0.0,0.0,0.0,0.0,0.0,0.0,-147742.53597827657,-147742.53597827657,14873.453597827658,14873.453597827658,14773.453597827658,0.0,100.0,0.0,0.0,14873.453597827658,14873.453597827658,1,0.0,100.0
1825,14866.72308614847,0.0,-148667.23086148468,0.0,10.0,0.0,-0.0,0.1,0.215233062,21.5233062,0.0,0.0,100.0,1.0,0.08,-8.0,-232.42052206088263,232.42052206088263,0.0,-232.42052206088263,232.42052206088263,0.0,-14501.882042026704,14501.882042026704,0.0,0.0,0.0,0.0,0.0,0.0,0.0,0.0,0.0,-148675.23086148468,-148675.23086148468,14966.72308614847,14966.72308614847,14866.72308614847,0.0,100.0,0.0,0.0,14966.72308614847,14966.72308614847,1,0.0,100.0
1826,14843.501041461,0.0,-148435.01041461,0.0,10.0,0.0,-0.0,0.1,0.214321895,21.4321895,0.0,0.0,100.0,1.0,0.08,-8.0,-232.34724731655425,232.34724731655425,0.0,-232.34724731655425,232.34724731655425,0.0,-14478.806546827893,14478.806546827893,0.0,0.0,0.0,0.0,0.0,0.0,0.0,0.0,0.0,-148443.01041461,-148443.01041461,14943.501041461,14943.501041461,14843.501041461,0.0,100.0,0.0,0.0,14943.501041461,14943.501041461,1,0.0,100.0
1827,15607.771869500239,0.0,-156077.71869500238,0.0,10.0,0.0,-0.0,0.1,0.214216188,21.4216188,0.0,0.0,100.0,1.0,0.08,-8.0,-233.1987541529313,233.1987541529313,0.0,-233.1987541529313,233.1987541529313,0.0,-15241.374361194376,15241.374361194376,0.0,0.0,0.0,0.0,0.0,0.0,0.0,0.0,0.0,-156085.71869500238,-156085.71869500238,15707.771869500239,15707.771869500239,15607.771869500239,0.0,100.0,0.0,0.0,15707.771869500239,15707.771869500239,1,0.0,100.0
1828,17062.690446173703,0.0,-170626.90446173702,0.0,10.0,0.0,-0.0,0.1,0.238851081,23.8851081,0.0,0.0,100.0,1.0,0.08,-8.0,-233.11853580737844,233.11853580737844,0.0,-233.11853580737844,233.11853580737844,0.0,-16696.453374558947,16696.453374558947,0.0,0.0,0.0,0.0,0.0,0.0,0.0,0.0,0.0,-170634.90446173702,-170634.90446173702,17162.690446173703,17162.690446173703,17062.690446173703,0.0,100.0,0.0,0.0,17162.690446173703,17162.690446173703,1,0.0,100.0
1829,25717.484504596814,0.0,-257174.84504596813,0.0,10.0,0.0,-0.0,0.1,0.26430261,26.430260999999998,0.0,0.0,100.0,1.0,0.11,-11.0,-233.14771283235947,233.14771283235947,0.0,-233.14771283235947,233.14771283235947,0.0,-25351.189078932097,25351.189078932097,0.0,0.0,0.0,0.0,0.0,0.0,0.0,0.0,0.0,-257185.84504596813,-257185.84504596813,25817.484504596814,25817.484504596814,25717.484504596814,0.0,100.0,0.0,0.0,25817.484504596814,25817.484504596814,1,0.0,100.0
1830,24105.438989446484,0.0,-241054.38989446484,0.0,10.0,0.0,-0.0,0.1,0.277634657,27.7634657,0.0,0.0,100.0,1.0,0.11,-11.0,-214.91341312267963,214.91341312267963,0.0,-214.91341312267963,214.91341312267963,0.0,-24300.787981723108,24300.787981723108,0.0,0.0,0.0,0.0,0.0,0.0,525.1758185219833,525.1758185219833,0.0,-241065.38989446484,-241065.38989446484,24730.614807968468,24730.614807968468,24630.614807968468,0.0,100.0,0.0,0.0,24730.614807968468,24205.438989446484,1,0.0,100.0
1831,26444.601120333155,0.0,-264446.0112033315,0.0,10.0,0.0,-0.0,0.1,0.292539604,29.2539604,0.0,0.0,100.0,1.0,0.11,-11.0,-196.9502180923184,196.9502180923184,0.0,-196.9502180923184,196.9502180923184,0.0,-39338.17584299294,39338.17584299294,0.0,0.0,9124.2727734375,9124.2727734375,0.0,0.0,4063.202385406923,4063.202385406923,0.0,-264457.0112033315,-264457.0112033315,39732.07627917758,39732.07627917758,39632.07627917758,0.0,100.0,0.0,0.0,39732.07627917758,26544.601120333155,1,0.0,100.0
1832,14473.746777372715,0.0,-144737.46777372714,0.0,10.0,0.0,-0.0,0.1,0.331085683,33.1085683,0.0,0.0,100.0,1.0,0.11,-11.0,-196.9996828146936,196.9996828146936,0.0,-196.9996828146936,196.9996828146936,0.0,-37094.79584481271,37094.79584481271,0.0,0.0,16640.579443359373,16640.579443359373,0.0,0.0,6274.468989710011,6274.468989710011,0.0,-144748.46777372714,-144748.46777372714,37488.7952104421,37488.7952104421,37388.7952104421,0.0,100.0,0.0,0.0,37488.7952104421,14573.746777372715,1,0.0,100.0
1833,5235.660260462959,0.0,-52356.60260462959,0.0,10.0,0.0,-0.0,0.1,0.33422864,33.422864000000004,0.0,0.0,100.0,1.0,0.11,-11.0,-196.9534962282609,196.9534962282609,0.0,-196.9534962282609,196.9534962282609,0.0,-34121.485343352484,34121.485343352484,0.0,0.0,17238.892412109373,17238.892412109373,0.0,0.0,11940.839663236671,11940.839663236671,0.0,-52367.60260462959,-52367.60260462959,34515.392335809,34515.392335809,34415.392335809,0.0,100.0,0.0,0.0,34515.392335809,5335.660260462959,1,0.0,100.0
1834,0.0,0.0,-0.0,55.55555555555556,10.0,0.0,-0.0,0.1,0.320205902,0.0,0.0,100.0,0.0,1.0,0.11,0.0,-199.8538387400208,199.8538387400208,0.0,-199.8538387400208,199.8538387400208,0.0,-34110.5607598579,34110.5607598579,0.0,0.0,28232.893212890624,28232.893212890624,0.0,3490.1281068072276,9923.058886810104,6432.930780002876,0.0,0.0,0.0,34665.8239928935,34665.8239928935,34665.8239928935,0.0,0.0,155.55555555555475,0.0,34510.268437337945,-3645.6836623627823,1,-55.55555555555556,-100.0
1835,0.0,0.0,-0.0,44.44444444444444,60.0,0.0,-0.0,0.6,0.3142875739999999,0.0,0.0,100.0,0.0,1.0,0.11,0.0,-196.91347364704416,196.91347364704416,0.0,-196.91347364704416,196.91347364704416,0.0,-34109.92070328005,34109.92070328005,0.0,0.0,22137.57984375,22137.57984375,0.0,2194.31066734695,14704.92291861553,12510.61225126858,0.0,0.0,0.0,34648.19209501858,34648.19209501858,34648.19209501858,0.0,0.0,144.44444444444525,0.0,34503.747650574136,-2338.755111791397,1,-44.44444444444444,-100.0
1836,0.0,0.0,-0.0,0.0,100.0,-0.0,-0.0,1.0,0.321052464,0.0,0.0,100.0,0.0,1.0,0.11,0.0,-197.0954506528532,197.0954506528532,0.0,-197.0954506528532,197.0954506528532,0.0,-34147.90826220413,34147.90826220413,0.0,0.0,30401.777724609376,30401.777724609376,0.0,7645.23655922863,11885.557998129094,4240.321438900464,0.0,0.0,0.0,34642.09916350984,34642.09916350984,34642.09916350984,0.0,0.0,100.0,0.0,34542.09916350984,-7745.23655922863,1,-0.0,-100.0
1837,0.0,0.0,-0.0,0.0,100.0,-0.0,-0.0,1.0,0.329376536,0.0,0.0,100.0,0.0,1.0,0.11,0.0,-197.2014773836786,197.2014773836786,0.0,-197.2014773836786,197.2014773836786,0.0,-19059.37919414626,19059.37919414626,0.0,8267.770897961385,27821.553046875,19553.782148913615,0.0,16529.21786716558,16529.21786716558,0.0,0.0,0.0,0.0,19553.782148913615,19553.782148913615,19553.782148913615,0.0,0.0,100.0,0.0,19453.782148913615,-24896.988765126964,1,-0.0,-100.0
1838,0.0,0.0,-0.0,0.0,100.0,-0.0,-0.0,1.0,0.344534886,0.0,0.0,100.0,0.0,1.0,0.08,0.0,-197.20543595061565,197.20543595061565,0.0,-197.20543595061565,197.20543595061565,0.0,-19026.471150584435,19026.471150584435,0.0,0.0,10732.238876953124,10732.238876953124,0.0,5916.279773082986,14704.92291861553,8788.643145532544,0.0,0.0,0.0,19520.882022485668,19520.882022485668,19520.882022485668,0.0,0.0,100.0,0.0,19420.882022485668,-6016.279773082984,1,-0.0,-100.0
1839,0.0,0.0,-0.0,0.0,100.0,-0.0,-0.0,1.0,0.342180797,0.0,0.0,100.0,0.0,1.0,0.08,0.0,-196.81962417072424,196.81962417072424,0.0,-196.81962417072424,196.81962417072424,0.0,-21982.32010569604,21982.32010569604,0.0,0.0,16977.13048828125,16977.13048828125,0.0,7879.3340902774435,13378.16295603368,5498.828865756237,0.0,0.0,0.0,22475.959354037488,22475.959354037488,22475.959354037488,0.0,0.0,100.0,0.0,22375.959354037488,-7979.3340902774435,1,-0.0,-100.0
1840,1648.5629724268802,0.0,-16485.6297242688,0.0,100.0,45.0,-0.0,1.0,0.323504286,32.3504286,0.0,0.0,100.0,1.0,0.08,-8.0,-196.8273641046683,196.8273641046683,0.0,-196.8273641046683,196.8273641046683,0.0,-19686.291023803093,19686.291023803093,0.0,0.0,9386.034697265624,9386.034697265624,0.0,0.0,8900.348082319926,8900.348082319926,0.0,-16493.6297242688,-16493.6297242688,20079.94575201243,20079.94575201243,19934.94575201243,0.0,145.0,0.0,0.0,20079.94575201243,1793.5629724268802,1,45.0,100.0
1841,14247.093082747457,0.0,-142470.93082747457,0.0,50.0,36.0,-0.0,0.5,0.314655738,31.4655738,0.0,0.0,100.0,1.0,0.11,-11.0,-196.8266596564932,196.8266596564932,0.0,-196.8266596564932,196.8266596564932,0.0,-18969.55581907204,18969.55581907204,0.0,0.0,2243.6736328125,2243.6736328125,0.0,0.0,2736.4424228250705,2736.4424228250705,0.0,-142481.93082747457,-142481.93082747457,19363.209138385027,19363.209138385027,19227.209138385027,0.0,136.0,0.0,0.0,19363.209138385027,14383.093082747457,1,36.0,100.0
1842,19901.027914393926,0.0,-199010.27914393926,0.0,10.0,0.0,-0.0,0.1,0.291375589,29.1375589,0.0,0.0,100.0,1.0,0.11,-11.0,-221.5914254601228,221.5914254601228,0.0,-221.5914254601228,221.5914254601228,0.0,-19557.84506347368,19557.84506347368,0.0,0.0,0.0,0.0,0.0,0.0,0.0,0.0,0.0,-199021.27914393926,-199021.27914393926,20001.027914393926,20001.027914393926,19901.027914393926,0.0,100.0,0.0,0.0,20001.027914393926,20001.027914393926,1,0.0,100.0
1843,19924.65681473397,0.0,-199246.5681473397,0.0,10.0,0.0,-0.0,0.1,0.287105161,28.7105161,0.0,0.0,100.0,1.0,0.11,-11.0,-233.4058786531287,233.4058786531287,0.0,-233.4058786531287,233.4058786531287,0.0,-19557.845057427712,19557.845057427712,0.0,0.0,0.0,0.0,0.0,0.0,0.0,0.0,0.0,-199257.5681473397,-199257.5681473397,20024.65681473397,20024.65681473397,19924.65681473397,0.0,100.0,0.0,0.0,20024.65681473397,20024.65681473397,1,0.0,100.0
1844,18445.68815447337,0.0,-184456.8815447337,0.0,10.0,0.0,-0.0,0.1,0.281048088,28.104808799999997,0.0,0.0,100.0,1.0,0.11,-11.0,-232.84137482358065,232.84137482358065,0.0,-232.84137482358065,232.84137482358065,0.0,-18080.00540482621,18080.00540482621,0.0,0.0,0.0,0.0,0.0,0.0,0.0,0.0,0.0,-184467.8815447337,-184467.8815447337,18545.68815447337,18545.68815447337,18445.68815447337,0.0,100.0,0.0,0.0,18545.68815447337,18545.68815447337,1,0.0,100.0
1845,17036.154988454666,0.0,-170361.54988454666,0.0,10.0,0.0,-0.0,0.1,0.284933531,28.4933531,0.0,0.0,100.0,1.0,0.11,-11.0,-232.1354162021119,232.1354162021119,0.0,-232.1354162021119,232.1354162021119,0.0,-16671.88415605044,16671.88415605044,0.0,0.0,0.0,0.0,0.0,0.0,0.0,0.0,0.0,-170372.54988454666,-170372.54988454666,17136.154988454666,17136.154988454666,17036.154988454666,0.0,100.0,0.0,0.0,17136.154988454666,17136.154988454666,1,0.0,100.0
1846,15610.932485915098,0.0,-156109.32485915098,0.0,10.0,0.0,-0.0,0.1,0.296667276,29.666727599999998,0.0,0.0,100.0,1.0,0.11,-11.0,-235.083606920994,235.083606920994,0.0,-235.083606920994,235.083606920994,0.0,-15240.765272073111,15240.765272073111,0.0,0.0,0.0,0.0,0.0,0.0,0.0,0.0,0.0,-156120.32485915098,-156120.32485915098,15710.932485915098,15710.932485915098,15610.932485915098,0.0,100.0,0.0,0.0,15710.932485915098,15710.932485915098,1,0.0,100.0
1847,14842.654748465337,0.0,-148426.54748465336,0.0,10.0,0.0,-0.0,0.1,0.2882883739999999,28.82883739999999,0.0,0.0,100.0,1.0,0.11,-11.0,-232.0061385810132,232.0061385810132,0.0,-232.0061385810132,232.0061385810132,0.0,-14478.64247130331,14478.64247130331,0.0,0.0,0.0,0.0,0.0,0.0,0.0,0.0,0.0,-148437.54748465336,-148437.54748465336,14942.654748465337,14942.654748465337,14842.654748465337,0.0,100.0,0.0,0.0,14942.654748465337,14942.654748465337,1,0.0,100.0
1848,14866.17198597131,0.0,-148661.7198597131,0.0,10.0,0.0,-0.0,0.1,0.269659191,26.9659191,0.0,0.0,100.0,1.0,0.08,-8.0,-231.9497748189073,231.9497748189073,0.0,-231.9497748189073,231.9497748189073,0.0,-14502.272436333496,14502.272436333496,0.0,0.0,0.0,0.0,0.0,0.0,0.0,0.0,0.0,-148669.7198597131,-148669.7198597131,14966.17198597131,14966.17198597131,14866.17198597131,0.0,100.0,0.0,0.0,14966.17198597131,14966.17198597131,1,0.0,100.0
1849,14842.773249039019,0.0,-148427.7324903902,0.0,10.0,0.0,-0.0,0.1,0.2661114089999999,26.61114089999999,0.0,0.0,100.0,1.0,0.08,-8.0,-231.89700861287744,231.89700861287744,0.0,-231.89700861287744,231.89700861287744,0.0,-14478.979231813264,14478.979231813264,0.0,0.0,0.0,0.0,0.0,0.0,0.0,0.0,0.0,-148435.7324903902,-148435.7324903902,14942.773249039019,14942.773249039019,14842.773249039019,0.0,100.0,0.0,0.0,14942.773249039019,14942.773249039019,1,0.0,100.0
1850,14866.691279675539,0.0,-148666.91279675538,0.0,10.0,0.0,-0.0,0.1,0.275273086,27.5273086,0.0,0.0,100.0,1.0,0.08,-8.0,-231.8521139331837,231.8521139331837,0.0,-231.8521139331837,231.8521139331837,0.0,-14502.987051809172,14502.987051809172,0.0,0.0,0.0,0.0,0.0,0.0,0.0,0.0,0.0,-148674.91279675538,-148674.91279675538,14966.691279675539,14966.691279675539,14866.691279675539,0.0,100.0,0.0,0.0,14966.691279675539,14966.691279675539,1,0.0,100.0
1851,15583.943631303326,0.0,-155839.43631303325,0.0,10.0,0.0,-0.0,0.1,0.2889112339999999,28.89112339999999,0.0,0.0,100.0,1.0,0.08,-8.0,-232.71090404233925,232.71090404233925,0.0,-232.71090404233925,232.71090404233925,0.0,-15218.521823218647,15218.521823218647,0.0,0.0,0.0,0.0,0.0,0.0,0.0,0.0,0.0,-155847.43631303325,-155847.43631303325,15683.943631303326,15683.943631303326,15583.943631303326,0.0,100.0,0.0,0.0,15683.943631303326,15683.943631303326,1,0.0,100.0
1852,17086.444213873277,0.0,-170864.44213873276,0.0,10.0,0.0,-0.0,0.1,0.29743639,29.743638999999998,0.0,0.0,100.0,1.0,0.08,-8.0,-232.62053500695865,232.62053500695865,0.0,-232.62053500695865,232.62053500695865,0.0,-16721.20314385936,16721.20314385936,0.0,0.0,0.0,0.0,0.0,0.0,0.0,0.0,0.0,-170872.44213873276,-170872.44213873276,17186.444213873277,17186.444213873277,17086.444213873277,0.0,100.0,0.0,0.0,17186.444213873277,17186.444213873277,1,0.0,100.0
1853,20030.80692234748,0.0,-200308.06922347483,0.0,10.0,0.0,-0.0,0.1,0.282484905,28.248490500000003,0.0,0.0,100.0,1.0,0.11,-11.0,-242.36273309562657,242.36273309562657,0.0,-242.36273309562657,242.36273309562657,0.0,-19646.08145615623,19646.08145615623,0.0,0.0,0.0,0.0,0.0,0.0,0.0,0.0,0.0,-200319.06922347483,-200319.06922347483,20130.80692234748,20130.80692234748,20030.80692234748,0.0,100.0,0.0,0.0,20130.80692234748,20130.80692234748,1,0.0,100.0
1854,18390.551852743312,0.0,-183905.51852743313,0.0,10.0,0.0,-0.0,0.1,0.282677533,28.2677533,0.0,0.0,100.0,1.0,0.11,-11.0,-220.21310335735163,220.21310335735163,0.0,-220.21310335735163,220.21310335735163,0.0,-18658.22396221196,18658.22396221196,0.0,0.0,0.0,0.0,0.0,0.0,608.098316183349,608.098316183349,0.0,-183916.51852743313,-183916.51852743313,19098.650168926662,19098.650168926662,18998.650168926662,0.0,100.0,0.0,0.0,19098.650168926662,18490.551852743312,1,0.0,100.0
1855,9169.855971846944,0.0,-91698.55971846945,0.0,10.0,0.0,-0.0,0.1,0.290649733,29.064973300000002,0.0,0.0,100.0,1.0,0.11,-11.0,-196.6493868799477,196.6493868799477,0.0,-196.6493868799477,196.6493868799477,0.0,-18031.96446245138,18031.96446245138,0.0,0.0,4262.97990234375,4262.97990234375,0.0,0.0,4892.42736202058,4892.42736202058,0.0,-91709.55971846945,-91709.55971846945,18425.263236211274,18425.263236211274,18325.263236211274,0.0,100.0,0.0,0.0,18425.263236211274,9269.855971846944,1,0.0,100.0
1856,0.0,0.0,-0.0,55.55555555555556,10.0,0.0,-0.0,0.1,0.299577906,0.0,0.0,100.0,0.0,1.0,0.11,0.0,-196.9230796406054,196.9230796406054,0.0,-196.9230796406054,196.9230796406054,0.0,-15838.669742458407,15838.669742458407,0.0,0.0,5609.18408203125,5609.18408203125,0.0,305.08647880530043,11083.973854069223,10778.887375263923,0.0,0.0,0.0,16388.071457295173,16388.071457295173,16388.071457295173,0.0,0.0,155.55555555555475,0.0,16232.515901739618,-460.6420343608552,1,-55.55555555555556,-100.0
1857,0.0,0.0,-0.0,44.44444444444444,60.0,0.0,-0.0,0.6,0.302226658,0.0,0.0,100.0,0.0,1.0,0.11,0.0,-197.051636411552,197.051636411552,0.0,-197.051636411552,197.051636411552,0.0,-12858.087463083866,12858.087463083866,0.0,0.0,6880.599140625,6880.599140625,0.0,10013.181827439163,16529.21786716558,6516.036039726416,0.0,0.0,0.0,13396.635180351415,13396.635180351415,13396.635180351415,0.0,0.0,144.44444444444525,0.0,13252.19073590697,-10157.626271883608,1,-44.44444444444444,-100.0
1858,0.0,0.0,-0.0,0.0,100.0,-0.0,-0.0,1.0,0.305029077,0.0,0.0,100.0,0.0,1.0,0.11,0.0,-199.98616892803656,199.98616892803656,0.0,-199.98616892803656,199.98616892803656,0.0,-12881.480553068815,12881.480553068815,0.0,0.0,11405.340966796875,11405.340966796875,0.0,18201.695840137658,20177.80776426567,1976.111924128014,0.0,0.0,0.0,13381.45289092489,13381.45289092489,13381.45289092489,0.0,0.0,100.0,0.0,13281.45289092489,-18301.695840137654,1,-0.0,-100.0
1859,0.0,0.0,-0.0,0.0,100.0,-0.0,-0.0,1.0,0.29903048,0.0,0.0,100.0,0.0,1.0,0.11,0.0,-197.1530721788071,197.1530721788071,0.0,-197.1530721788071,197.1530721788071,0.0,-12857.39243654988,12857.39243654988,0.0,5981.289221826879,19332.987802734373,13351.698580907494,0.0,18878.68863423761,18878.68863423761,0.0,0.0,0.0,0.0,13351.698580907494,13351.698580907494,13351.698580907494,0.0,0.0,100.0,0.0,13251.698580907494,-24959.977856064488,1,-0.0,-100.0
1860,0.0,0.0,-0.0,0.0,100.0,-0.0,-0.0,1.0,0.292209082,0.0,0.0,100.0,0.0,1.0,0.11,0.0,-197.38545174860425,197.38545174860425,0.0,-197.38545174860425,197.38545174860425,0.0,-12880.746626766051,12880.746626766051,0.0,0.0,13275.068994140624,13275.068994140624,0.0,22786.16081841432,22886.609354536955,100.44853612263614,0.0,0.0,0.0,13375.51753026326,13375.51753026326,13375.51753026326,0.0,0.0,100.0,0.0,13275.51753026326,-22886.160818414322,1,-0.0,-100.0
1861,0.0,0.0,-0.0,0.0,100.0,-0.0,-0.0,1.0,0.3030820589999999,0.0,0.0,100.0,0.0,1.0,0.11,0.0,-197.55952475885744,197.55952475885744,0.0,-197.55952475885744,197.55952475885744,0.0,-12857.17814924729,12857.17814924729,0.0,0.0,5422.211279296875,5422.211279296875,0.0,12911.10182608847,20841.1877455566,7930.085919468129,0.0,0.0,0.0,13352.297198765003,13352.297198765003,13352.297198765003,0.0,0.0,100.0,0.0,13252.297198765003,-13011.101826088472,1,-0.0,-100.0
1862,0.0,0.0,-0.0,0.0,100.0,-0.0,-0.0,1.0,0.3130671319999999,0.0,0.0,100.0,0.0,1.0,0.08,0.0,-197.65962058501248,197.65962058501248,0.0,-197.65962058501248,197.65962058501248,0.0,-12880.321788570116,12880.321788570116,0.0,9883.775630416108,23259.41666015625,13375.641029740142,0.0,19320.941955098224,19320.941955098224,0.0,0.0,0.0,0.0,13375.641029740142,13375.641029740142,13375.641029740142,0.0,0.0,100.0,0.0,13275.641029740142,-29304.717585514332,1,-0.0,-100.0
1863,0.0,0.0,-0.0,0.0,100.0,-0.0,-0.0,1.0,0.2951292219999999,0.0,0.0,100.0,0.0,1.0,0.08,0.0,-197.3161661157108,197.3161661157108,0.0,-197.3161661157108,197.3161661157108,0.0,-15812.80382669942,15812.80382669942,0.0,1043.6399348191553,17351.076093749998,16307.436158930843,0.0,14317.95126286249,14317.95126286249,0.0,0.0,0.0,0.0,16307.436158930843,16307.436158930843,16307.436158930843,0.0,0.0,100.0,0.0,16207.436158930843,-15461.591197681646,1,-0.0,-100.0
1864,133.46984504977627,0.0,-1334.6984504977627,0.0,100.0,45.0,-0.0,1.0,0.2781934,27.819339999999997,0.0,0.0,100.0,1.0,0.08,-8.0,-197.3543532236501,197.3543532236501,0.0,-197.3543532236501,197.3543532236501,0.0,-18053.067562830725,18053.067562830725,0.0,0.0,9573.0075,9573.0075,0.0,0.0,8596.298924228251,8596.298924228251,0.0,-1342.6984504977627,-1342.6984504977627,18447.776269278023,18447.776269278027,18302.776269278023,0.0,145.0,0.0,0.0,18447.776269278027,278.4698450497781,1,45.0,100.0
1865,14463.503736835193,0.0,-144635.03736835194,0.0,50.0,36.0,-0.0,0.5,0.26177008,26.177008,0.0,0.0,100.0,1.0,0.11,-11.0,-197.3464250017049,197.3464250017049,0.0,-197.3464250017049,197.3464250017049,0.0,-19062.989532835643,19062.989532835643,0.0,0.0,2094.095390625,2094.095390625,0.0,0.0,2764.083255378859,2764.083255378859,0.0,-144646.03736835194,-144646.03736835194,19457.68238283905,19457.68238283905,19321.68238283905,0.0,136.0,0.0,0.0,19457.68238283905,14599.503736835191,1,36.0,100.0
1866,20019.27610576736,0.0,-200192.7610576736,0.0,10.0,0.0,-0.0,0.1,0.246785699,24.6785699,0.0,0.0,100.0,1.0,0.11,-11.0,-222.06727869611447,222.06727869611447,0.0,-222.06727869611447,222.06727869611447,0.0,-19675.14154837513,19675.14154837513,0.0,0.0,0.0,0.0,0.0,0.0,0.0,0.0,0.0,-200203.7610576736,-200203.7610576736,20119.27610576736,20119.27610576736,20019.27610576736,0.0,100.0,0.0,0.0,20119.27610576736,20119.27610576736,1,0.0,100.0
1867,20019.304084062012,0.0,-200193.04084062012,0.0,10.0,0.0,-0.0,0.1,0.2314723789999999,23.14723789999999,0.0,0.0,100.0,1.0,0.11,-11.0,-233.74803945833688,233.74803945833688,0.0,-233.74803945833688,233.74803945833688,0.0,-19651.80800514534,19651.80800514534,0.0,0.0,0.0,0.0,0.0,0.0,0.0,0.0,0.0,-200204.04084062012,-200204.04084062012,20119.304084062012,20119.304084062012,20019.304084062012,0.0,100.0,0.0,0.0,20119.304084062012,20119.304084062012,1,0.0,100.0
1868,18564.20574673928,0.0,-185642.05746739282,0.0,10.0,0.0,-0.0,0.1,0.223475919,22.3475919,0.0,0.0,100.0,1.0,0.11,-11.0,-233.11183062060536,233.11183062060536,0.0,-233.11183062060536,233.11183062060536,0.0,-18197.98208549807,18197.98208549807,0.0,0.0,0.0,0.0,0.0,0.0,0.0,0.0,0.0,-185653.05746739282,-185653.05746739282,18664.20574673928,18664.20574673928,18564.20574673928,0.0,100.0,0.0,0.0,18664.20574673928,18664.20574673928,1,0.0,100.0
1869,17061.397324382608,0.0,-170613.97324382607,0.0,10.0,0.0,-0.0,0.1,0.2242260519999999,22.42260519999999,0.0,0.0,100.0,1.0,0.11,-11.0,-232.404891855486,232.404891855486,0.0,-232.404891855486,232.404891855486,0.0,-16696.587540671637,16696.587540671637,0.0,0.0,0.0,0.0,0.0,0.0,0.0,0.0,0.0,-170624.97324382607,-170624.97324382607,17161.397324382608,17161.397324382608,17061.397324382608,0.0,100.0,0.0,0.0,17161.397324382608,17161.397324382608,1,0.0,100.0
1870,15613.47522520491,0.0,-156134.7522520491,0.0,10.0,0.0,-0.0,0.1,0.25633194,25.633194,0.0,0.0,100.0,1.0,0.11,-11.0,-235.2691385532148,235.2691385532148,0.0,-235.2691385532148,235.2691385532148,0.0,-15242.93694809848,15242.93694809848,0.0,0.0,0.0,0.0,0.0,0.0,0.0,0.0,0.0,-156145.7522520491,-156145.7522520491,15713.47522520491,15713.47522520491,15613.47522520491,0.0,100.0,0.0,0.0,15713.47522520491,15713.47522520491,1,0.0,100.0
1871,14844.814018807667,0.0,-148448.14018807668,0.0,10.0,0.0,-0.0,0.1,0.275772583,27.5772583,0.0,0.0,100.0,1.0,0.11,-11.0,-232.29534786295656,232.29534786295656,0.0,-232.29534786295656,232.29534786295656,0.0,-14480.223323081753,14480.223323081753,0.0,0.0,0.0,0.0,0.0,0.0,0.0,0.0,0.0,-148459.14018807668,-148459.14018807668,14944.814018807667,14944.814018807667,14844.814018807667,0.0,100.0,0.0,0.0,14944.814018807667,14944.814018807667,1,0.0,100.0
1872,17882.650774417358,0.0,-178826.50774417358,0.0,10.0,0.0,-0.0,0.1,0.295431459,29.5431459,0.0,0.0,100.0,1.0,0.08,-8.0,-232.29663972785363,232.29663972785363,0.0,-232.29663972785363,232.29663972785363,0.0,-17518.05749496165,17518.05749496165,0.0,0.0,0.0,0.0,0.0,0.0,0.0,0.0,0.0,-178834.50774417358,-178834.50774417358,17982.650774417358,17982.650774417358,17882.650774417358,0.0,100.0,0.0,0.0,17982.650774417358,17982.650774417358,1,0.0,100.0
1873,17858.579136453758,0.0,-178585.79136453758,0.0,10.0,0.0,-0.0,0.1,0.288341654,28.8341654,0.0,0.0,100.0,1.0,0.08,-8.0,-232.26796836076025,232.26796836076025,0.0,-232.26796836076025,232.26796836076025,0.0,-17494.043199732238,17494.043199732238,0.0,0.0,0.0,0.0,0.0,0.0,0.0,0.0,0.0,-178593.79136453758,-178593.79136453758,17958.579136453758,17958.579136453758,17858.579136453758,0.0,100.0,0.0,0.0,17958.579136453758,17958.579136453758,1,0.0,100.0
1874,17883.102417966493,0.0,-178831.02417966494,0.0,10.0,0.0,-0.0,0.1,0.305419444,30.5419444,0.0,0.0,100.0,1.0,0.08,-8.0,-232.21105174324103,232.21105174324103,0.0,-232.21105174324103,232.21105174324103,0.0,-17518.68031448001,17518.68031448001,0.0,0.0,0.0,0.0,0.0,0.0,0.0,0.0,0.0,-178839.02417966494,-178839.02417966494,17983.102417966493,17983.102417966493,17883.102417966493,0.0,100.0,0.0,0.0,17983.102417966493,17983.102417966493,1,0.0,100.0
1875,18599.679609960778,0.0,-185996.79609960777,0.0,10.0,0.0,-0.0,0.1,0.312699574,31.2699574,0.0,0.0,100.0,1.0,0.08,-8.0,-233.06437924090605,233.06437924090605,0.0,-233.06437924090605,233.06437924090605,0.0,-18233.550851478965,18233.550851478965,0.0,0.0,0.0,0.0,0.0,0.0,0.0,0.0,0.0,-186004.79609960777,-186004.79609960777,18699.679609960778,18699.679609960778,18599.679609960778,0.0,100.0,0.0,0.0,18699.679609960778,18699.679609960778,1,0.0,100.0
1876,22025.654299852744,0.0,-220256.54299852744,0.0,10.0,0.0,-0.0,0.1,0.316153823,31.6153823,0.0,0.0,100.0,1.0,0.08,-8.0,-232.9654387499264,232.9654387499264,0.0,-232.9654387499264,232.9654387499264,0.0,-21659.72342235289,21659.72342235289,0.0,0.0,0.0,0.0,0.0,0.0,0.0,0.0,0.0,-220264.54299852744,-220264.54299852744,22125.654299852744,22125.654299852744,22025.654299852744,0.0,100.0,0.0,0.0,22125.654299852744,22125.654299852744,1,0.0,100.0
1877,25822.737336769354,0.0,-258227.37336769354,0.0,10.0,0.0,-0.0,0.1,0.304601976,30.4601976,0.0,0.0,100.0,1.0,0.11,-11.0,-271.41960033133705,271.41960033133705,0.0,-271.41960033133705,271.41960033133705,0.0,-25379.89813610668,25379.89813610668,0.0,0.0,0.0,0.0,0.0,0.0,0.0,0.0,0.0,-258238.37336769354,-258238.37336769354,25922.737336769354,25922.737336769354,25822.737336769354,0.0,100.0,0.0,0.0,25922.737336769354,25922.737336769354,1,0.0,100.0
1878,30474.97556779117,0.0,-304749.7556779117,0.0,10.0,0.0,-0.0,0.1,0.305516218,30.5516218,0.0,0.0,100.0,1.0,0.11,-11.0,-523.8006512249409,523.8006512249409,0.0,-523.8006512249409,523.8006512249409,0.0,-30301.31757684737,30301.31757684737,0.0,0.0,0.0,0.0,0.0,0.0,773.9433115060806,773.9433115060806,0.0,-304760.7556779117,-304760.7556779117,31348.918879297253,31348.918879297253,31248.918879297253,0.0,100.0,0.0,0.0,31348.918879297253,30574.97556779117,1,0.0,100.0
1879,49518.080488187436,0.0,-495180.80488187436,0.0,10.0,0.0,-0.0,0.1,0.312093878,31.2093878,0.0,0.0,100.0,1.0,0.11,-11.0,-693.6257013227256,693.6257013227256,0.0,-693.6257013227256,693.6257013227256,0.0,-63406.79221739346,63406.79221739346,0.0,0.0,9647.79662109375,9647.79662109375,0.0,0.0,5528.166510757718,5528.166510757718,0.0,-495191.80488187436,-495191.80488187436,64794.04362003891,64794.04362003891,64694.04362003891,0.0,100.0,0.0,0.0,64794.04362003891,49618.080488187436,1,0.0,100.0
1880,34264.793118816655,0.0,-342647.93118816655,0.0,10.0,0.0,-0.0,0.1,0.3209955989999999,32.09955989999999,0.0,0.0,100.0,1.0,0.11,-11.0,-698.736423878364,698.736423878364,0.0,-698.736423878364,698.736423878364,0.0,-61169.90109847055,61169.90109847055,0.0,0.0,16565.790322265624,16565.790322265624,0.0,0.0,11636.790505144996,11636.790505144996,0.0,-342658.93118816655,-342658.93118816655,62567.37394622728,62567.37394622728,62467.37394622728,0.0,100.0,0.0,0.0,62567.37394622728,34364.793118816655,1,0.0,100.0
1881,23969.642716557868,0.0,-239696.42716557867,0.0,10.0,0.0,-0.0,0.1,0.334596012,33.4596012,0.0,0.0,100.0,1.0,0.11,-11.0,-743.0112147015325,743.0112147015325,0.0,-743.0112147015325,743.0112147015325,0.0,-58208.49578236974,58208.49578236974,0.0,0.0,18211.150986328124,18211.150986328124,0.0,0.0,17413.72450888681,17413.72450888681,0.0,-239707.42716557867,-239707.42716557867,59694.518211772796,59694.5182117728,59594.518211772796,0.0,100.0,0.0,0.0,59694.5182117728,24069.64271655787,1,0.0,100.0
1882,11893.945125828046,0.0,-118939.45125828046,0.0,10.0,0.0,-0.0,0.1,0.334763533,33.4763533,0.0,0.0,100.0,1.0,0.11,-11.0,-775.7149936123532,775.7149936123532,0.0,-775.7149936123532,775.7149936123532,0.0,-58204.54577505899,58204.54577505899,0.0,0.0,26699.716230468748,26699.716230468748,0.0,0.0,21062.31440598691,21062.31440598691,0.0,-118950.45125828046,-118950.45125828046,59755.975762283706,59755.9757622837,59655.975762283706,0.0,100.0,0.0,0.0,59755.9757622837,11993.945125828039,1,0.0,100.0
1883,2614.5752086759167,0.0,-26145.752086759167,0.0,10.0,0.0,-0.0,0.1,0.321034104,32.1034104,0.0,0.0,100.0,1.0,0.11,-11.0,-797.1830488203075,797.1830488203075,0.0,-797.1830488203075,797.1830488203075,0.0,-55185.78020453865,55185.78020453865,0.0,0.0,30626.145087890625,30626.145087890625,0.0,0.0,23439.426005612724,23439.426005612724,0.0,-26156.752086759167,-26156.752086759167,56780.146302179266,56780.146302179266,56680.146302179266,0.0,100.0,0.0,0.0,56780.146302179266,2714.5752086759167,1,0.0,100.0
1884,4693.435152621787,0.0,-46934.35152621787,0.0,10.0,0.0,-0.0,0.1,0.314947006,31.494700599999998,0.0,0.0,100.0,1.0,0.11,-11.0,-814.0580132218893,814.0580132218893,0.0,-814.0580132218893,814.0580132218893,0.0,-58195.047036772754,58195.047036772754,0.0,0.0,31037.48525390625,31037.48525390625,0.0,0.0,23992.242656688497,23992.242656688497,0.0,-46945.35152621787,-46945.35152621787,59823.16306321653,59823.16306321653,59723.16306321653,0.0,100.0,0.0,0.0,59823.16306321653,4793.435152621787,1,0.0,100.0
1885,9037.437928964231,0.0,-90374.37928964231,0.0,10.0,0.0,-0.0,0.1,0.31936131,31.936131,0.0,0.0,100.0,1.0,0.11,-11.0,-861.0624344455437,861.0624344455437,0.0,-861.0624344455437,861.0624344455437,0.0,-58194.99226028765,58194.99226028765,0.0,0.0,28307.682333984376,28307.682333984376,0.0,0.0,22471.996866230125,22471.996866230125,0.0,-90385.37928964231,-90385.37928964231,59917.11712917873,59917.11712917873,59817.11712917873,0.0,100.0,0.0,0.0,59917.11712917873,9137.437928964231,1,0.0,100.0
1886,16324.635426674377,0.0,-163246.35426674376,0.0,10.0,0.0,-0.0,0.1,0.329014634,32.9014634,0.0,0.0,100.0,1.0,0.08,-8.0,-890.4652912183622,890.4652912183622,0.0,-890.4652912183622,890.4652912183622,0.0,-58197.94238513634,58197.94238513634,0.0,0.0,24343.858916015623,24343.858916015623,0.0,0.0,19210.37862488307,19210.37862488307,0.0,-163254.35426674376,-163254.35426674376,59978.87296757307,59978.872967573065,59878.87296757307,0.0,100.0,0.0,0.0,59978.872967573065,16424.635426674373,1,0.0,100.0
1887,30356.86393612367,0.0,-303568.6393612367,0.0,10.0,0.0,-0.0,0.1,0.34053306,34.053306,0.0,0.0,100.0,1.0,0.08,-8.0,-858.1295827132831,858.1295827132831,0.0,-858.1295827132831,858.1295827132831,0.0,-61155.93460626189,61155.93460626189,0.0,0.0,17351.076093749998,17351.076093749998,0.0,0.0,15064.253741814782,15064.253741814782,0.0,-303576.6393612367,-303576.6393612367,62872.19377168845,62872.19377168846,62772.19377168845,0.0,100.0,0.0,0.0,62872.19377168846,30456.86393612368,1,0.0,100.0
1888,37303.73159411926,0.0,-373037.31594119256,0.0,10.0,0.0,-0.0,0.1,0.325291988,32.529198799999996,0.0,0.0,100.0,1.0,0.08,-8.0,-629.8024301244401,629.8024301244401,0.0,-629.8024301244401,629.8024301244401,0.0,-54336.212936376,54336.212936376,0.0,0.0,9236.456455078123,9236.456455078123,0.0,0.0,8955.629747427503,8955.629747427503,0.0,-373045.31594119256,-373045.31594119256,55595.817796624884,55595.817796624884,55495.817796624884,0.0,100.0,0.0,0.0,55595.817796624884,37403.73159411926,1,0.0,100.0
1889,38755.018698937325,0.0,-387550.18698937324,0.0,10.0,0.0,-0.0,0.1,0.323376976,32.3376976,0.0,0.0,100.0,1.0,0.11,-11.0,-605.5632454221194,605.5632454221194,0.0,-605.5632454221194,605.5632454221194,0.0,-42806.12001218862,42806.12001218862,0.0,0.0,2094.095390625,2094.095390625,0.0,0.0,3068.1324134705337,3068.1324134705337,0.0,-387561.18698937324,-387561.18698937324,44017.24650303286,44017.24650303286,43917.24650303286,0.0,100.0,0.0,0.0,44017.24650303286,38855.018698937325,1,0.0,100.0
1890,45020.56304808008,0.0,-450205.6304808008,0.0,10.0,0.0,-0.0,0.1,0.319361376,31.9361376,0.0,0.0,100.0,1.0,0.11,-11.0,-602.3585020503789,602.3585020503789,0.0,-602.3585020503789,602.3585020503789,0.0,-43915.84604397933,43915.84604397933,0.0,0.0,0.0,0.0,0.0,0.0,0.0,0.0,0.0,-450216.6304808008,-450216.6304808008,45120.56304808008,45120.56304808008,45020.56304808008,0.0,100.0,0.0,0.0,45120.56304808008,45120.56304808008,1,0.0,100.0
1891,35960.424885233006,0.0,-359604.24885233,0.0,10.0,0.0,-0.0,0.1,0.307957115,30.7957115,0.0,0.0,100.0,1.0,0.11,-11.0,-588.7533596300161,588.7533596300161,0.0,-588.7533596300161,588.7533596300161,0.0,-34882.91816597297,34882.91816597297,0.0,0.0,0.0,0.0,0.0,0.0,0.0,0.0,0.0,-359615.24885233,-359615.24885233,36060.424885233006,36060.424885233006,35960.424885233006,0.0,100.0,0.0,0.0,36060.424885233006,36060.424885233006,1,0.0,100.0
1892,33772.37156683844,0.0,-337723.7156683844,0.0,10.0,0.0,-0.0,0.1,0.303474415,30.3474415,0.0,0.0,100.0,1.0,0.11,-11.0,-233.4105918365328,233.4105918365328,0.0,-233.4105918365328,233.4105918365328,0.0,-33405.55038316538,33405.55038316538,0.0,0.0,0.0,0.0,0.0,0.0,0.0,0.0,0.0,-337734.7156683844,-337734.7156683844,33872.37156683844,33872.37156683844,33772.37156683844,0.0,100.0,0.0,0.0,33872.37156683844,33872.37156683844,1,0.0,100.0
1893,21487.614520198324,0.0,-214876.14520198322,0.0,10.0,0.0,-0.0,0.1,0.314022066,31.4022066,0.0,0.0,100.0,1.0,0.11,-11.0,-232.79965936586603,232.79965936586603,0.0,-232.79965936586603,232.79965936586603,0.0,-21122.01520146659,21122.01520146659,0.0,0.0,0.0,0.0,0.0,0.0,0.0,0.0,0.0,-214887.14520198322,-214887.14520198322,21587.614520198324,21587.614520198324,21487.614520198324,0.0,100.0,0.0,0.0,21587.614520198324,21587.614520198324,1,0.0,100.0
1894,18509.003377604517,0.0,-185090.03377604517,0.0,10.0,0.0,-0.0,0.1,0.338369725,33.8369725,0.0,0.0,100.0,1.0,0.11,-11.0,-235.7832786479447,235.7832786479447,0.0,-235.7832786479447,235.7832786479447,0.0,-18137.436820308627,18137.436820308627,0.0,0.0,0.0,0.0,0.0,0.0,0.0,0.0,0.0,-185101.03377604517,-185101.03377604517,18609.003377604517,18609.003377604517,18509.003377604517,0.0,100.0,0.0,0.0,18609.003377604517,18609.003377604517,1,0.0,100.0
1895,17763.984762846365,0.0,-177639.84762846364,0.0,10.0,0.0,-0.0,0.1,0.342332686,34.2332686,0.0,0.0,100.0,1.0,0.11,-11.0,-232.7491595615857,232.7491595615857,0.0,-232.7491595615857,232.7491595615857,0.0,-17398.48644372319,17398.48644372319,0.0,0.0,0.0,0.0,0.0,0.0,0.0,0.0,0.0,-177650.84762846364,-177650.84762846364,17863.984762846365,17863.984762846365,17763.984762846365,0.0,100.0,0.0,0.0,17863.984762846365,17863.984762846365,1,0.0,100.0
1896,17763.958550438558,0.0,-177639.58550438558,0.0,10.0,0.0,-0.0,0.1,0.337890047,33.7890047,0.0,0.0,100.0,1.0,0.08,-8.0,-232.73608358752963,232.73608358752963,0.0,-232.73608358752963,232.73608358752963,0.0,-17398.4863832635,17398.4863832635,0.0,0.0,0.0,0.0,0.0,0.0,0.0,0.0,0.0,-177647.58550438558,-177647.58550438558,17863.958550438558,17863.958550438558,17763.958550438558,0.0,100.0,0.0,0.0,17863.958550438558,17863.958550438558,1,0.0,100.0
1897,17763.817221297497,0.0,-177638.17221297498,0.0,10.0,0.0,-0.0,0.1,0.326064891,32.606489100000005,0.0,0.0,100.0,1.0,0.08,-8.0,-232.66541901699907,232.66541901699907,0.0,-232.66541901699907,232.66541901699907,0.0,-17398.4863832635,17398.4863832635,0.0,0.0,0.0,0.0,0.0,0.0,0.0,0.0,0.0,-177646.17221297498,-177646.17221297498,17863.817221297497,17863.817221297497,17763.817221297497,0.0,100.0,0.0,0.0,17863.817221297497,17863.817221297497,1,0.0,100.0
1898,17833.772781440846,0.0,-178337.72781440846,0.0,10.0,0.0,-0.0,0.1,0.327609579,32.7609579,0.0,0.0,100.0,1.0,0.08,-8.0,-232.6272100676516,232.6272100676516,0.0,-232.6272100676516,232.6272100676516,0.0,-17468.51836130554,17468.51836130554,0.0,0.0,0.0,0.0,0.0,0.0,0.0,0.0,0.0,-178345.72781440846,-178345.72781440846,17933.772781440846,17933.772781440846,17833.772781440846,0.0,100.0,0.0,0.0,17933.772781440846,17933.772781440846,1,0.0,100.0
1899,18604.92710700032,0.0,-186049.2710700032,0.0,10.0,0.0,-0.0,0.1,0.304092211,30.4092211,0.0,0.0,100.0,1.0,0.08,-8.0,-237.0150185836303,237.0150185836303,0.0,-237.0150185836303,237.0150185836303,0.0,-18230.89706983306,18230.89706983306,0.0,0.0,0.0,0.0,0.0,0.0,0.0,0.0,0.0,-186057.2710700032,-186057.2710700032,18704.92710700032,18704.92710700032,18604.92710700032,0.0,100.0,0.0,0.0,18704.92710700032,18704.92710700032,1,0.0,100.0
1900,21611.360928492148,0.0,-216113.6092849215,0.0,10.0,0.0,-0.0,0.1,0.279177188,27.917718800000003,0.0,0.0,100.0,1.0,0.08,-8.0,-236.18647166980207,236.18647166980207,0.0,-236.18647166980207,236.18647166980207,0.0,-21238.987985152544,21238.987985152544,0.0,0.0,0.0,0.0,0.0,0.0,0.0,0.0,0.0,-216121.6092849215,-216121.6092849215,21711.360928492148,21711.360928492148,21611.360928492148,0.0,100.0,0.0,0.0,21711.360928492148,21711.360928492148,1,0.0,100.0
1901,25782.64916283252,0.0,-257826.4916283252,0.0,10.0,0.0,-0.0,0.1,0.28318884,28.318884,0.0,0.0,100.0,1.0,0.11,-11.0,-270.6825254440003,270.6825254440003,0.0,-270.6825254440003,270.6825254440003,0.0,-25341.28411194452,25341.28411194452,0.0,0.0,0.0,0.0,0.0,0.0,0.0,0.0,0.0,-257837.4916283252,-257837.4916283252,25882.64916283252,25882.64916283252,25782.64916283252,0.0,100.0,0.0,0.0,25882.64916283252,25882.64916283252,1,0.0,100.0
1902,28591.27880541871,0.0,-285912.7880541871,0.0,10.0,0.0,-0.0,0.1,0.2788788989999999,27.88788989999999,0.0,0.0,100.0,1.0,0.11,-11.0,-516.386945071729,516.386945071729,0.0,-516.386945071729,516.386945071729,0.0,-30269.64274785462,30269.64274785462,0.0,0.0,2168.8845117187498,2168.8845117187498,0.0,0.0,442.2533208606175,442.2533208606175,0.0,-285923.7880541871,-285923.7880541871,31302.416637998078,31302.416637998078,31202.416637998078,0.0,100.0,0.0,0.0,31302.416637998078,28691.27880541871,1,0.0,100.0
1903,53649.99996328041,0.0,-536499.9996328041,0.0,10.0,0.0,-0.0,0.1,0.274842196,27.4842196,0.0,0.0,100.0,1.0,0.11,-11.0,-693.429702300259,693.429702300259,0.0,-693.429702300259,693.429702300259,0.0,-63396.25112975427,63396.25112975427,0.0,0.0,9236.456455078123,9236.456455078123,0.0,0.0,1796.6541159962585,1796.6541159962585,0.0,-536510.9996328041,-536510.9996328041,64783.11053435479,64783.11053435479,64683.11053435479,0.0,100.0,0.0,0.0,64783.11053435479,53749.99996328041,1,0.0,100.0
1904,42087.58489535314,0.0,-420875.84895353136,0.0,10.0,0.0,-0.0,0.1,0.269433173,26.943317300000004,0.0,0.0,100.0,1.0,0.11,-11.0,-720.4170943156811,720.4170943156811,0.0,-720.4170943156811,720.4170943156811,0.0,-61170.85188765898,61170.85188765898,0.0,0.0,17051.919609375,17051.919609375,0.0,0.0,3372.1815715622083,3372.1815715622083,0.0,-420886.84895353136,-420886.84895353136,62611.686076290345,62611.686076290345,62511.686076290345,0.0,100.0,0.0,0.0,62611.686076290345,42187.58489535314,1,0.0,100.0
1905,42430.53003395085,0.0,-424305.30033950845,0.0,10.0,0.0,-0.0,0.1,0.27393144,27.393144000000003,0.0,0.0,100.0,1.0,0.11,-11.0,-774.967622467643,774.967622467643,0.0,-774.967622467643,774.967622467643,0.0,-58207.061920205626,58207.061920205626,0.0,0.0,5534.3949609375,5534.3949609375,0.0,0.0,11692.072170252572,11692.072170252572,0.0,-424316.30033950845,-424316.30033950845,59756.997165140914,59756.997165140914,59656.997165140914,0.0,100.0,0.0,0.0,59756.997165140914,42530.53003395084,1,0.0,100.0
1906,21694.98262871388,0.0,-216949.8262871388,0.0,10.0,0.0,-0.0,0.1,0.299315136,29.9315136,0.0,0.0,100.0,1.0,0.11,-11.0,-811.5058124627744,811.5058124627744,0.0,-811.5058124627744,811.5058124627744,0.0,-58202.808229884926,58202.808229884926,0.0,0.0,26587.532548828123,26587.532548828123,0.0,0.0,11443.304677268476,11443.304677268476,0.0,-216960.8262871388,-216960.8262871388,59825.81985481048,59825.81985481048,59725.81985481048,0.0,100.0,0.0,0.0,59825.81985481048,21794.98262871388,1,0.0,100.0
1907,18435.46836123476,0.0,-184354.6836123476,0.0,10.0,0.0,-0.0,0.1,0.330696198,33.0696198,0.0,0.0,100.0,1.0,0.11,-11.0,-849.198066479998,849.198066479998,0.0,-849.198066479998,849.198066479998,0.0,-55188.66803776195,55188.66803776195,0.0,0.0,17538.048896484375,17538.048896484375,0.0,0.0,20813.54691300281,20813.54691300281,0.0,-184365.6836123476,-184365.6836123476,56887.06417072195,56887.06417072195,56787.06417072195,0.0,100.0,0.0,0.0,56887.06417072195,18535.468361234758,1,0.0,100.0
1908,11547.124922650928,0.0,-115471.24922650927,0.0,10.0,0.0,-0.0,0.1,0.340406756,34.0406756,0.0,0.0,100.0,1.0,0.11,-11.0,-863.5104872533507,863.5104872533507,0.0,-863.5104872533507,863.5104872533507,0.0,-58199.17702655425,58199.17702655425,0.0,0.0,26774.5053515625,26774.5053515625,0.0,0.0,21504.567726847523,21504.567726847523,0.0,-115482.24922650927,-115482.24922650927,59926.198001060955,59926.198001060955,59826.198001060955,0.0,100.0,0.0,0.0,59926.198001060955,11647.124922650932,1,0.0,100.0
1909,31427.771686526143,0.0,-314277.71686526143,0.0,10.0,0.0,-0.0,0.1,0.346168292,34.6168292,0.0,0.0,100.0,1.0,0.11,-11.0,-908.104666410344,908.104666410344,0.0,-908.104666410344,908.104666410344,0.0,-58194.23488166858,58194.23488166858,0.0,0.0,7890.252275390625,7890.252275390625,0.0,0.0,20592.4202525725,20592.4202525725,0.0,-314288.71686526143,-314288.71686526143,60010.44421448927,60010.44421448927,59910.44421448927,0.0,100.0,0.0,0.0,60010.44421448927,31527.77168652614,1,0.0,100.0
1910,31058.19865963421,0.0,-310581.9865963421,0.0,10.0,0.0,-0.0,0.1,0.343639406,34.3639406,0.0,0.0,100.0,1.0,0.08,-8.0,-947.5581350093762,947.5581350093762,0.0,-947.5581350093762,947.5581350093762,0.0,-58192.74281495457,58192.74281495457,0.0,0.0,10769.6334375,10769.6334375,0.0,0.0,18160.026987839105,18160.026987839105,0.0,-310589.9865963421,-310589.9865963421,60087.859084973315,60087.859084973315,59987.859084973315,0.0,100.0,0.0,0.0,60087.859084973315,31158.19865963421,1,0.0,100.0
1911,34082.61633064935,0.0,-340826.1633064935,0.0,10.0,0.0,-0.0,0.1,0.336057764,33.605776399999996,0.0,0.0,100.0,1.0,0.08,-8.0,-915.916907131055,915.916907131055,0.0,-915.916907131055,915.916907131055,0.0,-61148.46722913718,61148.46722913718,0.0,0.0,16304.0283984375,16304.0283984375,0.0,0.0,12493.656314312444,12493.656314312444,0.0,-340834.1633064935,-340834.1633064935,62980.30104339929,62980.30104339929,62880.30104339929,0.0,100.0,0.0,0.0,62980.30104339929,34182.61633064935,1,0.0,100.0
1912,40250.281234236674,0.0,-402502.8123423667,0.0,10.0,0.0,-0.0,0.1,0.327451333,32.7451333,0.0,0.0,100.0,1.0,0.08,-8.0,-693.0833197433302,693.0833197433302,0.0,-693.0833197433302,693.0833197433302,0.0,-54327.05052933586,54327.05052933586,0.0,0.0,9834.769423828126,9834.769423828126,0.0,0.0,5528.166510757718,5528.166510757718,0.0,-402510.8123423667,-402510.8123423667,55713.21716882252,55713.21716882252,55613.21716882252,0.0,100.0,0.0,0.0,55713.21716882252,40350.28123423668,1,0.0,100.0
1913,39772.08200202128,0.0,-397720.8200202128,0.0,10.0,0.0,-0.0,0.1,0.32044911,32.044911,0.0,0.0,100.0,1.0,0.11,-11.0,-670.8585333849175,670.8585333849175,0.0,-670.8585333849175,670.8585333849175,0.0,-42795.060047341445,42795.060047341445,0.0,0.0,2468.04099609375,2468.04099609375,0.0,0.0,1796.6541159962585,1796.6541159962585,0.0,-397731.8200202128,-397731.8200202128,44136.77711411129,44136.77711411128,44036.77711411129,0.0,100.0,0.0,0.0,44136.77711411128,39872.08200202127,1,0.0,100.0
1914,45112.03276005267,0.0,-451120.32760052674,0.0,10.0,0.0,-0.0,0.1,0.320218257,32.0218257,0.0,0.0,100.0,1.0,0.11,-11.0,-655.2915383623481,655.2915383623481,0.0,-655.2915383623481,655.2915383623481,0.0,-43901.44968332798,43901.44968332798,0.0,0.0,0.0,0.0,0.0,0.0,0.0,0.0,0.0,-451131.32760052674,-451131.32760052674,45212.03276005267,45212.03276005267,45112.03276005267,0.0,100.0,0.0,0.0,45212.03276005267,45212.03276005267,1,0.0,100.0
1915,36018.166949189865,0.0,-360181.6694918986,0.0,10.0,0.0,-0.0,0.1,0.300536994,30.0536994,0.0,0.0,100.0,1.0,0.11,-11.0,-626.9958380495117,626.9958380495117,0.0,-626.9958380495117,626.9958380495117,0.0,-34864.17527309084,34864.17527309084,0.0,0.0,0.0,0.0,0.0,0.0,0.0,0.0,0.0,-360192.6694918986,-360192.6694918986,36118.166949189865,36118.166949189865,36018.166949189865,0.0,100.0,0.0,0.0,36118.166949189865,36118.166949189865,1,0.0,100.0
1916,33753.545327626896,0.0,-337535.45327626896,0.0,10.0,0.0,-0.0,0.1,0.295093232,29.509323199999997,0.0,0.0,100.0,1.0,0.11,-11.0,-232.95571292151288,232.95571292151288,0.0,-232.95571292151288,232.95571292151288,0.0,-33387.63390178387,33387.63390178387,0.0,0.0,0.0,0.0,0.0,0.0,0.0,0.0,0.0,-337546.45327626896,-337546.45327626896,33853.545327626896,33853.545327626896,33753.545327626896,0.0,100.0,0.0,0.0,33853.545327626896,33853.545327626896,1,0.0,100.0
1917,21488.077593995953,0.0,-214880.77593995954,0.0,10.0,0.0,-0.0,0.1,0.297548065,29.754806499999997,0.0,0.0,100.0,1.0,0.11,-11.0,-233.0312506784067,233.0312506784067,0.0,-233.0312506784067,233.0312506784067,0.0,-21122.01509263914,21122.01509263914,0.0,0.0,0.0,0.0,0.0,0.0,0.0,0.0,0.0,-214891.77593995954,-214891.77593995954,21588.077593995953,21588.077593995953,21488.077593995953,0.0,100.0,0.0,0.0,21588.077593995953,21588.077593995953,1,0.0,100.0
1918,18509.471159563527,0.0,-185094.71159563528,0.0,10.0,0.0,-0.0,0.1,0.301373931,30.137393099999997,0.0,0.0,100.0,1.0,0.11,-11.0,-236.01720590327,236.01720590327,0.0,-236.01720590327,236.01720590327,0.0,-18137.436747756987,18137.436747756987,0.0,0.0,0.0,0.0,0.0,0.0,0.0,0.0,0.0,-185105.71159563528,-185105.71159563528,18609.471159563527,18609.471159563527,18509.471159563527,0.0,100.0,0.0,0.0,18609.471159563527,18609.471159563527,1,0.0,100.0
1919,17764.489355673973,0.0,-177644.89355673973,0.0,10.0,0.0,-0.0,0.1,0.3509204939999999,35.09204939999999,0.0,0.0,100.0,1.0,0.11,-11.0,-233.001483182254,233.001483182254,0.0,-233.001483182254,233.001483182254,0.0,-17398.486389309466,17398.486389309466,0.0,0.0,0.0,0.0,0.0,0.0,0.0,0.0,0.0,-177655.89355673973,-177655.89355673973,17864.489355673973,17864.489355673973,17764.489355673973,0.0,100.0,0.0,0.0,17864.489355673973,17864.489355673973,1,0.0,100.0
1920,17764.435152456932,0.0,-177644.35152456933,0.0,10.0,0.0,-0.0,0.1,0.337973141,33.797314099999994,0.0,0.0,100.0,1.0,0.08,-8.0,-232.9744359874589,232.9744359874589,0.0,-232.9744359874589,232.9744359874589,0.0,-17398.486280482015,17398.486280482015,0.0,0.0,0.0,0.0,0.0,0.0,0.0,0.0,0.0,-177652.35152456933,-177652.35152456933,17864.435152456932,17864.435152456932,17764.435152456932,0.0,100.0,0.0,0.0,17864.435152456932,17864.435152456932,1,0.0,100.0
1921,17764.355223782008,0.0,-177643.55223782008,0.0,10.0,0.0,-0.0,0.1,0.332725611,33.2725611,0.0,0.0,100.0,1.0,0.08,-8.0,-232.9344716499972,232.9344716499972,0.0,-232.9344716499972,232.9344716499972,0.0,-17398.486280482015,17398.486280482015,0.0,0.0,0.0,0.0,0.0,0.0,0.0,0.0,0.0,-177651.55223782008,-177651.55223782008,17864.355223782008,17864.355223782008,17764.355223782008,0.0,100.0,0.0,0.0,17864.355223782008,17864.355223782008,1,0.0,100.0
1922,17764.225810676562,0.0,-177642.25810676563,0.0,10.0,0.0,-0.0,0.1,0.339539663,33.9539663,0.0,0.0,100.0,1.0,0.08,-8.0,-232.86975300533527,232.86975300533527,0.0,-232.86975300533527,232.86975300533527,0.0,-17398.48630466589,17398.48630466589,0.0,0.0,0.0,0.0,0.0,0.0,0.0,0.0,0.0,-177650.25810676563,-177650.25810676563,17864.225810676562,17864.225810676562,17764.225810676562,0.0,100.0,0.0,0.0,17864.225810676562,17864.225810676562,1,0.0,100.0
1923,18504.98068787483,0.0,-185049.80687874832,0.0,10.0,0.0,-0.0,0.1,0.328626116,32.8626116,0.0,0.0,100.0,1.0,0.08,-8.0,-233.77200935772404,233.77200935772404,0.0,-233.77200935772404,233.77200935772404,0.0,-18137.436669159382,18137.436669159382,0.0,0.0,0.0,0.0,0.0,0.0,0.0,0.0,0.0,-185057.80687874832,-185057.80687874832,18604.98068787483,18604.98068787483,18504.98068787483,0.0,100.0,0.0,0.0,18604.98068787483,18604.98068787483,1,0.0,100.0
1924,21512.58398643123,0.0,-215125.8398643123,0.0,10.0,0.0,-0.0,0.1,0.320874686,32.0874686,0.0,0.0,100.0,1.0,0.08,-8.0,-233.56139939557391,233.56139939557391,0.0,-233.56139939557391,233.56139939557391,0.0,-21145.46118764008,21145.46118764008,0.0,0.0,0.0,0.0,0.0,0.0,0.0,0.0,0.0,-215133.8398643123,-215133.8398643123,21612.58398643123,21612.58398643123,21512.58398643123,0.0,100.0,0.0,0.0,21612.58398643123,21612.58398643123,1,0.0,100.0
1925,25771.4016181709,0.0,-257714.016181709,0.0,10.0,0.0,-0.0,0.1,0.316357376,31.635737600000002,0.0,0.0,100.0,1.0,0.11,-11.0,-268.68189112034645,268.68189112034645,0.0,-268.68189112034645,268.68189112034645,0.0,-25334.03783593021,25334.03783593021,0.0,0.0,0.0,0.0,0.0,0.0,0.0,0.0,0.0,-257725.016181709,-257725.016181709,25871.4016181709,25871.4016181709,25771.4016181709,0.0,100.0,0.0,0.0,25871.4016181709,25871.4016181709,1,0.0,100.0
1926,27144.658905505137,0.0,-271446.5890550514,0.0,10.0,0.0,-0.0,0.1,0.309342216,30.9342216,0.0,0.0,100.0,1.0,0.11,-11.0,-515.8412241000278,515.8412241000278,0.0,-515.8412241000278,515.8412241000278,0.0,-30248.379912956905,30248.379912956905,0.0,0.0,3178.537646484375,3178.537646484375,0.0,0.0,856.8658091674463,856.8658091674463,0.0,-271457.5890550514,-271457.5890550514,31280.062361156957,31280.06236115696,31180.062361156957,0.0,100.0,0.0,0.0,31280.06236115696,27244.65890550514,1,0.0,100.0
1927,50236.81125384728,0.0,-502368.11253847275,0.0,10.0,0.0,-0.0,0.1,0.313976028,31.3976028,0.0,0.0,100.0,1.0,0.11,-11.0,-709.03662776845,709.03662776845,0.0,-709.03662776845,709.03662776845,0.0,-63374.38751289761,63374.38751289761,0.0,0.0,10171.32046875,10171.32046875,0.0,0.0,4284.329045837232,4284.329045837232,0.0,-502379.11253847275,-502379.11253847275,64792.46076843451,64792.46076843451,64692.46076843451,0.0,100.0,0.0,0.0,64792.46076843451,50336.81125384728,1,0.0,100.0
1928,36852.126819340214,0.0,-368521.26819340215,0.0,10.0,0.0,-0.0,0.1,0.325457503,32.545750299999995,0.0,0.0,100.0,1.0,0.11,-11.0,-752.3157273730883,752.3157273730883,0.0,-752.3157273730883,752.3157273730883,0.0,-61149.34359243913,61149.34359243913,0.0,0.0,17575.443457031248,17575.443457031248,0.0,0.0,8126.404770813846,8126.404770813846,0.0,-368532.26819340215,-368532.26819340215,62653.975047185304,62653.975047185304,62553.975047185304,0.0,100.0,0.0,0.0,62653.975047185304,36952.12681934021,1,0.0,100.0
1929,21634.25407096602,0.0,-216342.5407096602,0.0,10.0,0.0,-0.0,0.1,0.340399138,34.0399138,0.0,0.0,100.0,1.0,0.11,-11.0,-807.6565391789031,807.6565391789031,0.0,-807.6565391789031,807.6565391789031,0.0,-58190.53995986368,58190.53995986368,0.0,0.0,24306.46435546875,24306.46435546875,0.0,0.0,13765.134611786718,13765.134611786718,0.0,-216353.5407096602,-216353.5407096602,59805.853038221496,59805.85303822149,59705.853038221496,0.0,100.0,0.0,0.0,59805.85303822149,21734.254070966017,1,0.0,100.0
1930,15772.123866952026,0.0,-157721.23866952027,0.0,10.0,0.0,-0.0,0.1,0.348928561,34.8928561,0.0,0.0,100.0,1.0,0.11,-11.0,-847.3926778594389,847.3926778594389,0.0,-847.3926778594389,847.3926778594389,0.0,-58196.387815188005,58196.387815188005,0.0,0.0,28457.26057617188,28457.26057617188,0.0,0.0,15561.788727782978,15561.788727782978,0.0,-157732.23866952027,-157732.23866952027,59891.173170906884,59891.173170906884,59791.173170906884,0.0,100.0,0.0,0.0,59891.173170906884,15872.123866952024,1,0.0,100.0
1931,13079.840808622463,0.0,-130798.40808622463,0.0,10.0,0.0,-0.0,0.1,0.314473858,31.4473858,0.0,0.0,100.0,1.0,0.11,-11.0,-872.0255765380102,872.0255765380102,0.0,-872.0255765380102,872.0255765380102,0.0,-55230.31349901873,55230.31349901873,0.0,0.0,31411.430859375,31411.430859375,0.0,0.0,12383.09298409729,12383.09298409729,0.0,-130809.40808622463,-130809.40808622463,56974.36465209475,56974.36465209475,56874.36465209475,0.0,100.0,0.0,0.0,56974.36465209475,13179.840808622466,1,0.0,100.0
1932,9351.03245781111,0.0,-93510.3245781111,0.0,10.0,0.0,-0.0,0.1,0.311011231,31.1011231,0.0,0.0,100.0,1.0,0.11,-11.0,-872.6332174833653,872.6332174833653,0.0,-872.6332174833653,872.6332174833653,0.0,-58311.30875396722,58311.30875396722,0.0,0.0,31561.0091015625,31561.0091015625,0.0,0.0,19044.53362956034,19044.53362956034,0.0,-93521.3245781111,-93521.3245781111,60056.57518893395,60056.57518893395,59956.57518893395,0.0,100.0,0.0,0.0,60056.57518893395,9451.03245781111,1,0.0,100.0
1933,9960.112153427279,0.0,-99601.1215342728,0.0,10.0,0.0,-0.0,0.1,0.315240542,31.524054200000002,0.0,0.0,100.0,1.0,0.11,-11.0,-886.1591458863737,886.1591458863737,0.0,-886.1591458863737,886.1591458863737,0.0,-58311.385235483394,58311.385235483394,0.0,0.0,28905.995302734373,28905.995302734373,0.0,0.0,21117.59607109449,21117.59607109449,0.0,-99612.1215342728,-99612.1215342728,60083.70352725615,60083.70352725614,59983.70352725615,0.0,100.0,0.0,0.0,60083.70352725614,10060.112153427275,1,0.0,100.0
1934,23565.10621760464,0.0,-235651.0621760464,0.0,10.0,0.0,-0.0,0.1,0.328862532,32.8862532,0.0,0.0,100.0,1.0,0.08,-8.0,-911.1939586928564,911.1939586928564,0.0,-911.1939586928564,911.1939586928564,0.0,-58249.3859085452,58249.3859085452,0.0,0.0,23857.72962890625,23857.72962890625,0.0,0.0,12548.93797942002,12548.93797942002,0.0,-235659.0621760464,-235659.0621760464,60071.77382593091,60071.77382593091,59971.77382593091,0.0,100.0,0.0,0.0,60071.77382593091,23665.10621760464,1,0.0,100.0
1935,30101.10015352763,0.0,-301011.0015352763,0.0,10.0,0.0,-0.0,0.1,0.314644956,31.4644956,0.0,0.0,100.0,1.0,0.08,-8.0,-854.5355300492664,854.5355300492664,0.0,-854.5355300492664,854.5355300492664,0.0,-61144.72072311916,61144.72072311916,0.0,0.0,17837.205380859374,17837.205380859374,0.0,0.0,14815.486248830684,14815.486248830684,0.0,-301019.0015352763,-301019.0015352763,62853.79178321769,62853.79178321769,62753.79178321769,0.0,100.0,0.0,0.0,62853.79178321769,30201.10015352763,1,0.0,100.0
1936,37126.49692136626,0.0,-371264.9692136626,0.0,10.0,0.0,-0.0,0.1,0.31303549,31.303549000000004,0.0,0.0,100.0,1.0,0.08,-8.0,-628.5740044759932,628.5740044759932,0.0,-628.5740044759932,628.5740044759932,0.0,-54320.73546566023,54320.73546566023,0.0,0.0,10059.136787109375,10059.136787109375,0.0,0.0,8292.249766136578,8292.249766136578,0.0,-371272.9692136626,-371272.9692136626,55577.883474612216,55577.883474612216,55477.883474612216,0.0,100.0,0.0,0.0,55577.883474612216,37226.49692136626,1,0.0,100.0
1937,38426.55852815377,0.0,-384265.58528153773,0.0,10.0,0.0,-0.0,0.1,0.301990226,30.199022599999996,0.0,0.0,100.0,1.0,0.11,-11.0,-615.9440947367866,615.9440947367866,0.0,-615.9440947367866,615.9440947367866,0.0,-42786.93616255546,42786.93616255546,0.0,0.0,2617.61923828125,2617.61923828125,0.0,0.0,2874.6465855940137,2874.6465855940137,0.0,-384276.58528153773,-384276.58528153773,44018.824352029034,44018.824352029034,43918.824352029034,0.0,100.0,0.0,0.0,44018.824352029034,38526.55852815377,1,0.0,100.0
1938,45034.49827433082,0.0,-450344.9827433082,0.0,10.0,0.0,-0.0,0.1,0.289846349,28.9846349,0.0,0.0,100.0,1.0,0.11,-11.0,-619.6145538348513,619.6145538348513,0.0,-619.6145538348513,619.6145538348513,0.0,-43895.26916666112,43895.26916666112,0.0,0.0,0.0,0.0,0.0,0.0,0.0,0.0,0.0,-450355.9827433082,-450355.9827433082,45134.49827433082,45134.49827433082,45034.49827433082,0.0,100.0,0.0,0.0,45134.49827433082,45134.49827433082,1,0.0,100.0
1939,35985.34627300437,0.0,-359853.4627300437,0.0,10.0,0.0,-0.0,0.1,0.2778351619999999,27.78351619999999,0.0,0.0,100.0,1.0,0.11,-11.0,-612.4338586857091,612.4338586857091,0.0,-612.4338586857091,612.4338586857091,0.0,-34860.47855563295,34860.47855563295,0.0,0.0,0.0,0.0,0.0,0.0,0.0,0.0,0.0,-359864.4627300437,-359864.4627300437,36085.34627300437,36085.34627300437,35985.34627300437,0.0,100.0,0.0,0.0,36085.34627300437,36085.34627300437,1,0.0,100.0
1940,33752.18133275894,0.0,-337521.8133275894,0.0,10.0,0.0,-0.0,0.1,0.254469516,25.446951600000002,0.0,0.0,100.0,1.0,0.11,-11.0,-233.6625170397905,233.6625170397905,0.0,-233.6625170397905,233.6625170397905,0.0,-33384.85629867936,33384.85629867936,0.0,0.0,0.0,0.0,0.0,0.0,0.0,0.0,0.0,-337532.8133275894,-337532.8133275894,33852.18133275894,33852.18133275894,33752.18133275894,0.0,100.0,0.0,0.0,33852.18133275894,33852.18133275894,1,0.0,100.0
1941,21488.14700080464,0.0,-214881.47000804642,0.0,10.0,0.0,-0.0,0.1,0.24961303,24.961303,0.0,0.0,100.0,1.0,0.11,-11.0,-233.0659903585696,233.0659903585696,0.0,-233.0659903585696,233.0659903585696,0.0,-21122.015020087503,21122.015020087503,0.0,0.0,0.0,0.0,0.0,0.0,0.0,0.0,0.0,-214892.47000804642,-214892.47000804642,21588.14700080464,21588.14700080464,21488.14700080464,0.0,100.0,0.0,0.0,21588.14700080464,21588.14700080464,1,0.0,100.0
1942,18509.623239595978,0.0,-185096.23239595979,0.0,10.0,0.0,-0.0,0.1,0.257977983,25.797798300000004,0.0,0.0,100.0,1.0,0.11,-11.0,-236.09328521829696,236.09328521829696,0.0,-236.09328521829696,236.09328521829696,0.0,-18137.436669159382,18137.436669159382,0.0,0.0,0.0,0.0,0.0,0.0,0.0,0.0,0.0,-185107.23239595979,-185107.23239595979,18609.623239595978,18609.623239595978,18509.623239595978,0.0,100.0,0.0,0.0,18609.623239595978,18609.623239595978,1,0.0,100.0
1943,17764.730916504457,0.0,-177647.30916504457,0.0,10.0,0.0,-0.0,0.1,0.295873818,29.587381800000003,0.0,0.0,100.0,1.0,0.11,-11.0,-233.12231801122104,233.12231801122104,0.0,-233.12231801122104,233.12231801122104,0.0,-17398.486280482015,17398.486280482015,0.0,0.0,0.0,0.0,0.0,0.0,0.0,0.0,0.0,-177658.30916504457,-177658.30916504457,17864.730916504457,17864.730916504457,17764.730916504457,0.0,100.0,0.0,0.0,17864.730916504457,17864.730916504457,1,0.0,100.0
1944,17764.672023221083,0.0,-177646.72023221082,0.0,10.0,0.0,-0.0,0.1,0.301497787,30.149778700000002,0.0,0.0,100.0,1.0,0.08,-8.0,-233.09291671430967,233.09291671430967,0.0,-233.09291671430967,233.09291671430967,0.0,-17398.486189792464,17398.486189792464,0.0,0.0,0.0,0.0,0.0,0.0,0.0,0.0,0.0,-177654.72023221082,-177654.72023221082,17864.672023221083,17864.672023221083,17764.672023221083,0.0,100.0,0.0,0.0,17864.672023221083,17864.672023221083,1,0.0,100.0
1945,17764.62866626791,0.0,-177646.28666267908,0.0,10.0,0.0,-0.0,0.1,0.311237198,31.1237198,0.0,0.0,100.0,1.0,0.08,-8.0,-233.07122614578137,233.07122614578137,0.0,-233.07122614578137,233.07122614578137,0.0,-17398.486213976346,17398.486213976346,0.0,0.0,0.0,0.0,0.0,0.0,0.0,0.0,0.0,-177654.28666267908,-177654.28666267908,17864.62866626791,17864.62866626791,17764.62866626791,0.0,100.0,0.0,0.0,17864.62866626791,17864.62866626791,1,0.0,100.0
1946,17764.59132323416,0.0,-177645.91323234158,0.0,10.0,0.0,-0.0,0.1,0.305483289,30.548328899999998,0.0,0.0,100.0,1.0,0.08,-8.0,-233.052554628906,233.052554628906,0.0,-233.052554628906,233.052554628906,0.0,-17398.486213976346,17398.486213976346,0.0,0.0,0.0,0.0,0.0,0.0,0.0,0.0,0.0,-177653.91323234158,-177653.91323234158,17864.59132323416,17864.59132323416,17764.59132323416,0.0,100.0,0.0,0.0,17864.59132323416,17864.59132323416,1,0.0,100.0
1947,18505.58149283903,0.0,-185055.8149283903,0.0,10.0,0.0,-0.0,0.1,0.313088077,31.308807700000003,0.0,0.0,100.0,1.0,0.08,-8.0,-234.0724662535484,234.0724662535484,0.0,-234.0724662535484,234.0724662535484,0.0,-18137.43656033193,18137.43656033193,0.0,0.0,0.0,0.0,0.0,0.0,0.0,0.0,0.0,-185063.8149283903,-185063.8149283903,18605.58149283903,18605.58149283903,18505.58149283903,0.0,100.0,0.0,0.0,18605.58149283903,18605.58149283903,1,0.0,100.0
1948,21490.146125796426,0.0,-214901.46125796426,0.0,10.0,0.0,-0.0,0.1,0.310995368,31.0995368,0.0,0.0,100.0,1.0,0.08,-8.0,-234.0199057835412,234.0199057835412,0.0,-234.0199057835412,234.0199057835412,0.0,-21122.106314229342,21122.106314229342,0.0,0.0,0.0,0.0,0.0,0.0,0.0,0.0,0.0,-214909.46125796426,-214909.46125796426,21590.146125796426,21590.146125796426,21490.146125796426,0.0,100.0,0.0,0.0,21590.146125796426,21590.146125796426,1,0.0,100.0
1949,25414.233318162154,0.0,-254142.33318162154,0.0,10.0,0.0,-0.0,0.1,0.299713342,29.9713342,0.0,0.0,100.0,1.0,0.11,-11.0,-352.95517166866864,352.95517166866864,0.0,-352.95517166866864,352.95517166866864,0.0,-24808.322974824816,24808.322974824816,0.0,0.0,0.0,0.0,0.0,0.0,0.0,0.0,0.0,-254153.33318162154,-254153.33318162154,25514.233318162154,25514.233318162154,25414.233318162154,0.0,100.0,0.0,0.0,25514.233318162154,25514.233318162154,1,0.0,100.0
1950,27504.422357772477,0.0,-275044.22357772477,0.0,10.0,0.0,-0.0,0.1,0.300564525,30.056452500000002,0.0,0.0,100.0,1.0,0.11,-11.0,-601.554349520776,601.554349520776,0.0,-601.554349520776,601.554349520776,0.0,-30251.36466307384,30251.36466307384,0.0,0.0,3103.7485253906248,3103.7485253906248,0.0,0.0,746.302478952292,746.302478952292,0.0,-275055.22357772477,-275055.22357772477,31454.473362115394,31454.473362115394,31354.473362115394,0.0,100.0,0.0,0.0,31454.473362115394,27604.422357772477,1,0.0,100.0
1951,52320.91630750477,0.0,-523209.16307504766,0.0,10.0,0.0,-0.0,0.1,0.308189541,30.818954100000003,0.0,0.0,100.0,1.0,0.11,-11.0,-787.334397633096,787.334397633096,0.0,-787.334397633096,787.334397633096,0.0,-63380.03317890463,63380.03317890463,0.0,0.0,10433.082392578124,10433.082392578124,0.0,0.0,2100.703274087933,2100.703274087933,0.0,-523220.16307504766,-523220.16307504766,64954.70197417083,64954.70197417082,64854.70197417083,0.0,100.0,0.0,0.0,64954.70197417082,52420.91630750476,1,0.0,100.0
1952,40513.82659953419,0.0,-405138.26599534194,0.0,10.0,0.0,-0.0,0.1,0.312821196,31.2821196,0.0,0.0,100.0,1.0,0.11,-11.0,-819.5072541722735,819.5072541722735,0.0,-819.5072541722735,819.5072541722735,0.0,-61151.62818299382,61151.62818299382,0.0,0.0,17837.205380859374,17837.205380859374,0.0,0.0,4339.6107109448085,4339.6107109448085,0.0,-405149.26599534194,-405149.26599534194,62790.64269133838,62790.64269133837,62690.64269133838,0.0,100.0,0.0,0.0,62790.64269133837,40613.826599534186,1,0.0,100.0
1953,28642.160670286834,0.0,-286421.60670286836,0.0,10.0,0.0,-0.0,0.1,0.31141746,31.141745999999998,0.0,0.0,100.0,1.0,0.11,-11.0,-867.625295573782,867.625295573782,0.0,-867.625295573782,867.625295573782,0.0,-58191.049066784704,58191.049066784704,0.0,0.0,24605.62083984375,24605.62083984375,0.0,0.0,6578.518147801685,6578.518147801685,0.0,-286432.60670286836,-286432.60670286836,59926.299657932264,59926.29965793227,59826.299657932264,0.0,100.0,0.0,0.0,59926.29965793227,28742.160670286838,1,0.0,100.0
1954,22894.176680289052,0.0,-228941.76680289052,0.0,10.0,0.0,-0.0,0.1,0.30764204,30.764204,0.0,0.0,100.0,1.0,0.11,-11.0,-912.362227998594,912.362227998594,0.0,-912.362227998594,912.362227998594,0.0,-58190.47821842153,58190.47821842153,0.0,0.0,28756.417060546875,28756.417060546875,0.0,0.0,8264.60893358279,8264.60893358279,0.0,-228952.76680289052,-228952.76680289052,60015.20267441872,60015.20267441872,59915.20267441872,0.0,100.0,0.0,0.0,60015.20267441872,22994.17668028905,1,0.0,100.0
1955,15967.824971270033,0.0,-159678.24971270032,0.0,10.0,0.0,-0.0,0.1,0.307366737,30.7366737,0.0,0.0,100.0,1.0,0.11,-11.0,-948.8785213544404,948.8785213544404,0.0,-948.8785213544404,948.8785213544404,0.0,-55177.72873837721,55177.72873837721,0.0,0.0,31747.98190429688,31747.98190429688,0.0,0.0,9259.678905519178,9259.678905519178,0.0,-159689.24971270032,-159689.24971270032,57075.48578108609,57075.48578108609,56975.48578108609,0.0,100.0,0.0,0.0,57075.48578108609,16067.824971270034,1,0.0,100.0
1956,8477.146107210858,0.0,-84771.46107210858,0.0,10.0,0.0,-0.0,0.1,0.287325838,28.7325838,0.0,0.0,100.0,1.0,0.11,-11.0,-943.9212849011064,943.9212849011064,0.0,-943.9212849011064,943.9212849011064,0.0,-58202.10106908983,58202.10106908983,0.0,0.0,31860.1655859375,31860.1655859375,0.0,0.0,19652.631945743688,19652.631945743688,0.0,-84782.46107210858,-84782.46107210858,60089.943638892044,60089.943638892044,59989.943638892044,0.0,100.0,0.0,0.0,60089.943638892044,8577.146107210858,1,0.0,100.0
1957,16760.54697604799,0.0,-167605.4697604799,0.0,10.0,0.0,-0.0,0.1,0.291902476,29.190247600000003,0.0,0.0,100.0,1.0,0.11,-11.0,-973.3445039752088,973.3445039752088,0.0,-973.3445039752088,973.3445039752088,0.0,-58188.193525085335,58188.193525085335,0.0,0.0,29205.15178710937,29205.15178710937,0.0,0.0,14069.183769878391,14069.183769878391,0.0,-167616.4697604799,-167616.4697604799,60134.88253303575,60134.88253303575,60034.88253303575,0.0,100.0,0.0,0.0,60134.88253303575,16860.54697604799,1,0.0,100.0
1958,28364.398067141716,0.0,-283643.98067141714,0.0,10.0,0.0,-0.0,0.1,0.313408602,31.340860199999998,0.0,0.0,100.0,1.0,0.08,-8.0,-985.2792134090752,985.2792134090752,0.0,-985.2792134090752,985.2792134090752,0.0,-58186.91931279602,58186.91931279602,0.0,0.0,24119.491552734373,24119.491552734373,0.0,0.0,7573.588119738074,7573.588119738074,0.0,-283651.98067141714,-283651.98067141714,60157.47773961416,60157.477739614165,60057.47773961416,0.0,100.0,0.0,0.0,60157.477739614165,28464.39806714172,1,0.0,100.0
1959,38042.11244248917,0.0,-380421.12442489166,0.0,10.0,0.0,-0.0,0.1,0.291349563,29.1349563,0.0,0.0,100.0,1.0,0.08,-8.0,-939.0918729876032,939.0918729876032,0.0,-939.0918729876032,939.0918729876032,0.0,-61143.03335344728,61143.03335344728,0.0,0.0,18024.17818359375,18024.17818359375,0.0,0.0,6854.92647333957,6854.92647333957,0.0,-380429.12442489166,-380429.12442489166,63021.21709942249,63021.21709942249,62921.21709942249,0.0,100.0,0.0,0.0,63021.21709942249,38142.11244248917,1,0.0,100.0
1960,42310.85701279677,0.0,-423108.5701279677,0.0,10.0,0.0,-0.0,0.1,0.274813537,27.4813537,0.0,0.0,100.0,1.0,0.08,-8.0,-696.3541304457643,696.3541304457643,0.0,-696.3541304457643,696.3541304457643,0.0,-54321.016675800965,54321.016675800965,0.0,0.0,10096.53134765625,10096.53134765625,0.0,0.0,3206.3365762394765,3206.3365762394765,0.0,-423116.5701279677,-423116.5701279677,55713.724936692495,55713.724936692495,55613.724936692495,0.0,100.0,0.0,0.0,55713.724936692495,42410.85701279677,1,0.0,100.0
1961,39745.506197677685,0.0,-397455.06197677687,0.0,10.0,0.0,-0.0,0.1,0.258419754,25.8419754,0.0,0.0,100.0,1.0,0.11,-11.0,-671.0409413610404,671.0409413610404,0.0,-671.0409413610404,671.0409413610404,0.0,-42789.24723445726,42789.24723445726,0.0,0.0,2655.013798828125,2655.013798828125,0.0,0.0,1630.8091206735269,1630.8091206735269,0.0,-397466.06197677687,-397466.06197677687,44131.32911717934,44131.32911717934,44031.32911717934,0.0,100.0,0.0,0.0,44131.32911717934,39845.506197677685,1,0.0,100.0
1962,45127.04008038592,0.0,-451270.40080385923,0.0,10.0,0.0,-0.0,0.1,0.244366198,24.4366198,0.0,0.0,100.0,1.0,0.11,-11.0,-664.0582741421817,664.0582741421817,0.0,-664.0582741421817,664.0582741421817,0.0,-43898.92353210156,43898.92353210156,0.0,0.0,0.0,0.0,0.0,0.0,0.0,0.0,0.0,-451281.40080385923,-451281.40080385923,45227.04008038592,45227.04008038592,45127.04008038592,0.0,100.0,0.0,0.0,45227.04008038592,45227.04008038592,1,0.0,100.0
1963,36090.2970210911,0.0,-360902.970210911,0.0,10.0,0.0,-0.0,0.1,0.2437244139999999,24.37244139999999,0.0,0.0,100.0,1.0,0.11,-11.0,-662.5160142375274,662.5160142375274,0.0,-662.5160142375274,662.5160142375274,0.0,-34865.264992616045,34865.264992616045,0.0,0.0,0.0,0.0,0.0,0.0,0.0,0.0,0.0,-360913.970210911,-360913.970210911,36190.2970210911,36190.2970210911,36090.2970210911,0.0,100.0,0.0,0.0,36190.2970210911,36190.2970210911,1,0.0,100.0
1964,33758.01036064309,0.0,-337580.10360643093,0.0,10.0,0.0,-0.0,0.1,0.2315387119999999,23.15387119999999,0.0,0.0,100.0,1.0,0.11,-11.0,-234.0172097504148,234.0172097504148,0.0,-234.0172097504148,234.0172097504148,0.0,-33389.975941142264,33389.975941142264,0.0,0.0,0.0,0.0,0.0,0.0,0.0,0.0,0.0,-337591.10360643093,-337591.10360643093,33858.01036064309,33858.01036064309,33758.01036064309,0.0,100.0,0.0,0.0,33858.01036064309,33858.01036064309,1,0.0,100.0
1965,21488.68591644345,0.0,-214886.85916443449,0.0,10.0,0.0,-0.0,0.1,0.233156077,23.315607699999997,0.0,0.0,100.0,1.0,0.11,-11.0,-233.33548747677585,233.33548747677585,0.0,-233.33548747677585,233.33548747677585,0.0,-21122.0149414899,21122.0149414899,0.0,0.0,0.0,0.0,0.0,0.0,0.0,0.0,0.0,-214897.85916443449,-214897.85916443449,21588.68591644345,21588.68591644345,21488.68591644345,0.0,100.0,0.0,0.0,21588.68591644345,21588.68591644345,1,0.0,100.0
1966,18509.965696517793,0.0,-185099.6569651779,0.0,10.0,0.0,-0.0,0.1,0.2323025269999999,23.23025269999999,0.0,0.0,100.0,1.0,0.11,-11.0,-236.26455600099115,236.26455600099115,0.0,-236.26455600099115,236.26455600099115,0.0,-18137.43658451581,18137.43658451581,0.0,0.0,0.0,0.0,0.0,0.0,0.0,0.0,0.0,-185110.6569651779,-185110.6569651779,18609.965696517793,18609.965696517793,18509.965696517793,0.0,100.0,0.0,0.0,18609.965696517793,18609.965696517793,1,0.0,100.0
1967,17765.054635339126,0.0,-177650.54635339126,0.0,10.0,0.0,-0.0,0.1,0.278235804,27.823580399999997,0.0,0.0,100.0,1.0,0.11,-11.0,-233.28421975034303,233.28421975034303,0.0,-233.28421975034303,233.28421975034303,0.0,-17398.48619583844,17398.48619583844,0.0,0.0,0.0,0.0,0.0,0.0,0.0,0.0,0.0,-177661.54635339126,-177661.54635339126,17865.054635339126,17865.054635339126,17765.054635339126,0.0,100.0,0.0,0.0,17865.054635339126,17865.054635339126,1,0.0,100.0
1968,17765.035291322783,0.0,-177650.35291322783,0.0,10.0,0.0,-0.0,0.1,0.30017231,30.017231,0.0,0.0,100.0,1.0,0.08,-8.0,-233.2745930869435,233.2745930869435,0.0,-233.2745930869435,233.2745930869435,0.0,-17398.486105148895,17398.486105148895,0.0,0.0,0.0,0.0,0.0,0.0,0.0,0.0,0.0,-177658.35291322783,-177658.35291322783,17865.035291322783,17865.035291322783,17765.035291322783,0.0,100.0,0.0,0.0,17865.035291322783,17865.035291322783,1,0.0,100.0
1969,17765.02129892943,0.0,-177650.21298929432,0.0,10.0,0.0,-0.0,0.1,0.29707549,29.707549,0.0,0.0,100.0,1.0,0.08,-8.0,-233.26758479833023,233.26758479833023,0.0,-233.26758479833023,233.26758479833023,0.0,-17398.48612933277,17398.48612933277,0.0,0.0,0.0,0.0,0.0,0.0,0.0,0.0,0.0,-177658.21298929432,-177658.21298929432,17865.02129892943,17865.02129892943,17765.02129892943,0.0,100.0,0.0,0.0,17865.02129892943,17865.02129892943,1,0.0,100.0
1970,17764.985987376935,0.0,-177649.85987376934,0.0,10.0,0.0,-0.0,0.1,0.303333502,30.333350199999998,0.0,0.0,100.0,1.0,0.08,-8.0,-233.24993204506657,233.24993204506657,0.0,-233.24993204506657,233.24993204506657,0.0,-17398.486123286802,17398.486123286802,0.0,0.0,0.0,0.0,0.0,0.0,0.0,0.0,0.0,-177657.85987376934,-177657.85987376934,17864.985987376935,17864.985987376935,17764.985987376935,0.0,100.0,0.0,0.0,17864.985987376935,17864.985987376935,1,0.0,100.0
1971,18514.70209052148,0.0,-185147.02090521483,0.0,10.0,0.0,-0.0,0.1,0.317355266,31.735526600000004,0.0,0.0,100.0,1.0,0.08,-8.0,-238.6328074165635,238.6328074165635,0.0,-238.6328074165635,238.6328074165635,0.0,-18137.436475688355,18137.436475688355,0.0,0.0,0.0,0.0,0.0,0.0,0.0,0.0,0.0,-185155.02090521483,-185155.02090521483,18614.70209052148,18614.70209052148,18514.70209052148,0.0,100.0,0.0,0.0,18614.70209052148,18614.70209052148,1,0.0,100.0
1972,21497.812449951984,0.0,-214978.12449951982,0.0,10.0,0.0,-0.0,0.1,0.322934751,32.2934751,0.0,0.0,100.0,1.0,0.08,-8.0,-237.85313738997067,237.85313738997067,0.0,-237.85313738997067,237.85313738997067,0.0,-21122.10617517204,21122.10617517204,0.0,0.0,0.0,0.0,0.0,0.0,0.0,0.0,0.0,-214986.12449951982,-214986.12449951982,21597.812449951984,21597.812449951984,21497.812449951984,0.0,100.0,0.0,0.0,21597.812449951984,21597.812449951984,1,0.0,100.0
1973,25520.178776290435,0.0,-255201.78776290437,0.0,10.0,0.0,-0.0,0.1,0.321016356,32.1016356,0.0,0.0,100.0,1.0,0.11,-11.0,-405.5161278773062,405.5161278773062,0.0,-405.5161278773062,405.5161278773062,0.0,-24809.14652053582,24809.14652053582,0.0,0.0,0.0,0.0,0.0,0.0,0.0,0.0,0.0,-255212.78776290437,-255212.78776290437,25620.178776290435,25620.178776290435,25520.178776290435,0.0,100.0,0.0,0.0,25620.178776290435,25620.178776290435,1,0.0,100.0
1974,27723.80645800427,0.0,-277238.06458004273,0.0,10.0,0.0,-0.0,0.1,0.321572445,32.1572445,0.0,0.0,100.0,1.0,0.11,-11.0,-658.7875185012289,658.7875185012289,0.0,-658.7875185012289,658.7875185012289,0.0,-30244.098743704104,30244.098743704104,0.0,0.0,2991.56484375,2991.56484375,0.0,0.0,746.302478952292,746.302478952292,0.0,-277249.06458004273,-277249.06458004273,31561.673780706562,31561.673780706562,31461.673780706562,0.0,100.0,0.0,0.0,31561.673780706562,27823.80645800427,1,0.0,100.0
1975,51754.681010806824,0.0,-517546.8101080682,0.0,10.0,0.0,-0.0,0.1,0.32115603,32.115603,0.0,0.0,100.0,1.0,0.11,-11.0,-873.2355181625892,873.2355181625892,0.0,-873.2355181625892,873.2355181625892,0.0,-63373.65171839023,63373.65171839023,0.0,0.0,10694.84431640625,10694.84431640625,0.0,0.0,2570.597427502339,2570.597427502339,0.0,-517557.8101080682,-517557.8101080682,65120.12275471541,65120.12275471541,65020.12275471541,0.0,100.0,0.0,0.0,65120.12275471541,51854.681010806824,1,0.0,100.0
1976,36379.05870582888,0.0,-363790.5870582888,0.0,10.0,0.0,-0.0,0.1,0.333042771,33.3042771,0.0,0.0,100.0,1.0,0.11,-11.0,-902.3685758032474,902.3685758032474,0.0,-902.3685758032474,902.3685758032474,0.0,-61148.46112270783,61148.46112270783,0.0,0.0,18098.9673046875,18098.9673046875,0.0,0.0,8375.172263797944,8375.172263797944,0.0,-363801.5870582888,-363801.5870582888,62953.19827431432,62953.19827431432,62853.19827431432,0.0,100.0,0.0,0.0,62953.19827431432,36479.05870582888,1,0.0,100.0
1977,26961.581598032364,0.0,-269615.81598032365,0.0,10.0,0.0,-0.0,0.1,0.358952587,35.8952587,0.0,0.0,100.0,1.0,0.11,-11.0,-946.5270803752978,946.5270803752978,0.0,-946.5270803752978,946.5270803752978,0.0,-58189.95580432128,58189.95580432128,0.0,0.0,24867.382763671874,24867.382763671874,0.0,0.0,8154.045603367635,8154.045603367635,0.0,-269626.81598032365,-269626.81598032365,60083.00996507188,60083.00996507188,59983.00996507188,0.0,100.0,0.0,0.0,60083.00996507188,27061.581598032368,1,0.0,100.0
1978,22991.64425641911,0.0,-229916.4425641911,0.0,10.0,0.0,-0.0,0.1,0.380503484,38.0503484,0.0,0.0,100.0,1.0,0.11,-11.0,-1034.9387239056332,1034.9387239056332,0.0,-1034.9387239056332,1034.9387239056332,0.0,-58239.51933346497,58239.51933346497,0.0,0.0,28980.784423828125,28980.784423828125,0.0,0.0,8236.968101029,8236.968101029,0.0,-229927.4425641911,-229927.4425641911,60309.396781276235,60309.396781276235,60209.396781276235,0.0,100.0,0.0,0.0,60309.396781276235,23091.64425641911,1,0.0,100.0
1979,16206.379032545212,0.0,-162063.7903254521,0.0,10.0,0.0,-0.0,0.1,0.371454965,37.1454965,0.0,0.0,100.0,1.0,0.11,-11.0,-1098.9835552685915,1098.9835552685915,0.0,-1098.9835552685915,1098.9835552685915,0.0,-55303.045534558456,55303.045534558456,0.0,0.0,31934.954707031247,31934.954707031247,0.0,0.0,9259.678905519178,9259.678905519178,0.0,-162074.7903254521,-162074.7903254521,57501.01264509564,57501.01264509564,57401.01264509564,0.0,100.0,0.0,0.0,57501.01264509564,16306.379032545214,1,0.0,100.0
1980,20689.82002565985,0.0,-206898.2002565985,0.0,10.0,0.0,-0.0,0.1,0.347757832,34.7757832,0.0,0.0,100.0,1.0,0.11,-11.0,-1080.821015589033,1080.821015589033,0.0,-1080.821015589033,1080.821015589033,0.0,-58387.10866566067,58387.10866566067,0.0,0.0,32047.138388671872,32047.138388671872,0.0,0.0,7711.792282507017,7711.792282507017,0.0,-206909.2002565985,-206909.2002565985,60548.75069683874,60548.75069683874,60448.75069683874,0.0,100.0,0.0,0.0,60548.75069683874,20789.82002565985,1,0.0,100.0
1981,24163.66427944942,0.0,-241636.64279449417,0.0,10.0,0.0,-0.0,0.1,0.3492049679999999,34.92049679999999,0.0,0.0,100.0,1.0,0.11,-11.0,-1096.5541814673384,1096.5541814673384,0.0,-1096.5541814673384,1096.5541814673384,0.0,-58377.78131852231,58377.78131852231,0.0,0.0,29092.96810546875,29092.96810546875,0.0,0.0,7214.257296538823,7214.257296538823,0.0,-241647.64279449417,-241647.64279449417,60570.88968145699,60570.88968145699,60470.88968145699,0.0,100.0,0.0,0.0,60570.88968145699,24263.66427944942,1,0.0,100.0
1982,28203.942417703136,0.0,-282039.4241770314,0.0,10.0,0.0,-0.0,0.1,0.3465376779999999,34.65376779999999,0.0,0.0,100.0,1.0,0.08,-8.0,-1096.4743707862292,1096.4743707862292,0.0,-1096.4743707862292,1096.4743707862292,0.0,-58299.95636370559,58299.95636370559,0.0,0.0,24643.015400390625,24643.015400390625,0.0,0.0,7545.947287184285,7545.947287184285,0.0,-282047.4241770314,-282047.4241770314,60492.90510527804,60492.90510527805,60392.90510527804,0.0,100.0,0.0,0.0,60492.90510527805,28303.94241770314,1,0.0,100.0
1983,41439.81510724477,0.0,-414398.1510724477,0.0,10.0,0.0,-0.0,0.1,0.307817631,30.7817631,0.0,0.0,100.0,1.0,0.08,-8.0,-1042.7057445431424,1042.7057445431424,0.0,-1042.7057445431424,1042.7057445431424,0.0,-61161.35717598853,61161.35717598853,0.0,0.0,17201.4978515625,17201.4978515625,0.0,0.0,4505.45570626754,4505.45570626754,0.0,-414406.1510724477,-414406.1510724477,63246.768665074815,63246.768665074815,63146.768665074815,0.0,100.0,0.0,0.0,63246.768665074815,41539.81510724477,1,0.0,100.0
1984,42800.3471519816,0.0,-428003.471519816,0.0,10.0,0.0,-0.0,0.1,0.273524648,27.3524648,0.0,0.0,100.0,1.0,0.08,-8.0,-782.5460751824662,782.5460751824662,0.0,-782.5460751824662,782.5460751824662,0.0,-54319.427365710966,54319.427365710966,0.0,0.0,10358.293271484376,10358.293271484376,0.0,0.0,2625.8790926099164,2625.8790926099164,0.0,-428011.471519816,-428011.471519816,55884.51951607589,55884.519516075896,55784.51951607589,0.0,100.0,0.0,0.0,55884.519516075896,42900.34715198161,1,0.0,100.0
1985,39954.889484452506,0.0,-399548.894844525,0.0,10.0,0.0,-0.0,0.1,0.243550736,24.355073599999997,0.0,0.0,100.0,1.0,0.11,-11.0,-746.6718238266282,746.6718238266282,0.0,-746.6718238266282,746.6718238266282,0.0,-42785.57406605118,42785.57406605118,0.0,0.0,2841.9866015625,2841.9866015625,0.0,0.0,1382.0416276894296,1382.0416276894296,0.0,-399559.894844525,-399559.894844525,44278.91771370443,44278.91771370444,44178.91771370443,0.0,100.0,0.0,0.0,44278.91771370444,40054.889484452506,1,0.0,100.0
1986,45265.02158891131,0.0,-452650.2158891131,0.0,10.0,0.0,-0.0,0.1,0.226988797,22.6988797,0.0,0.0,100.0,1.0,0.11,-11.0,-736.1294711065658,736.1294711065658,0.0,-736.1294711065658,736.1294711065658,0.0,-43892.762646698175,43892.762646698175,0.0,0.0,0.0,0.0,0.0,0.0,0.0,0.0,0.0,-452661.2158891131,-452661.2158891131,45365.02158891131,45365.02158891131,45265.02158891131,0.0,100.0,0.0,0.0,45365.02158891131,45365.02158891131,1,0.0,100.0
1987,36212.645148557895,0.0,-362126.45148557896,0.0,10.0,0.0,-0.0,0.1,0.221158421,22.1158421,0.0,0.0,100.0,1.0,0.11,-11.0,-728.4686068257103,728.4686068257103,0.0,-728.4686068257103,728.4686068257103,0.0,-34855.70793490647,34855.70793490647,0.0,0.0,0.0,0.0,0.0,0.0,0.0,0.0,0.0,-362137.45148557896,-362137.45148557896,36312.645148557895,36312.645148557895,36212.645148557895,0.0,100.0,0.0,0.0,36312.645148557895,36312.645148557895,1,0.0,100.0
1988,33746.077424556075,0.0,-337460.77424556075,0.0,10.0,0.0,-0.0,0.1,0.219788344,21.9788344,0.0,0.0,100.0,1.0,0.11,-11.0,-233.5018877091388,233.5018877091388,0.0,-233.5018877091388,233.5018877091388,0.0,-33379.0736491378,33379.0736491378,0.0,0.0,0.0,0.0,0.0,0.0,0.0,0.0,0.0,-337471.77424556075,-337471.77424556075,33846.077424556075,33846.077424556075,33746.077424556075,0.0,100.0,0.0,0.0,33846.077424556075,33846.077424556075,1,0.0,100.0
1989,21489.14620343204,0.0,-214891.4620343204,0.0,10.0,0.0,-0.0,0.1,0.217570331,21.7570331,0.0,0.0,100.0,1.0,0.11,-11.0,-233.5656823618161,233.5656823618161,0.0,-233.5656823618161,233.5656823618161,0.0,-21122.01483870841,21122.01483870841,0.0,0.0,0.0,0.0,0.0,0.0,0.0,0.0,0.0,-214902.4620343204,-214902.4620343204,21589.14620343204,21589.14620343204,21489.14620343204,0.0,100.0,0.0,0.0,21589.14620343204,21589.14620343204,1,0.0,100.0
1990,18510.433842626142,0.0,-185104.3384262614,0.0,10.0,0.0,-0.0,0.1,0.2202930169999999,22.02930169999999,0.0,0.0,100.0,1.0,0.11,-11.0,-236.49867137695043,236.49867137695043,0.0,-236.49867137695043,236.49867137695043,0.0,-18137.43649987224,18137.43649987224,0.0,0.0,0.0,0.0,0.0,0.0,0.0,0.0,0.0,-185115.3384262614,-185115.3384262614,18610.433842626142,18610.433842626142,18510.433842626142,0.0,100.0,0.0,0.0,18610.433842626142,18610.433842626142,1,0.0,100.0
1991,17765.497922514736,0.0,-177654.97922514737,0.0,10.0,0.0,-0.0,0.1,0.273955488,27.395548800000004,0.0,0.0,100.0,1.0,0.11,-11.0,-233.5059026369508,233.5059026369508,0.0,-233.5059026369508,233.5059026369508,0.0,-17398.486117240835,17398.486117240835,0.0,0.0,0.0,0.0,0.0,0.0,0.0,0.0,0.0,-177665.97922514737,-177665.97922514737,17865.497922514736,17865.497922514736,17765.497922514736,0.0,100.0,0.0,0.0,17865.497922514736,17865.497922514736,1,0.0,100.0
1992,14752.09223971065,0.0,-147520.9223971065,0.0,10.0,0.0,-0.0,0.1,0.303054359,30.3054359,0.0,0.0,100.0,1.0,0.08,-8.0,-233.48073154379955,233.48073154379955,0.0,-233.48073154379955,233.48073154379955,0.0,-14385.130776623051,14385.130776623051,0.0,0.0,0.0,0.0,0.0,0.0,0.0,0.0,0.0,-147528.9223971065,-147528.9223971065,14852.09223971065,14852.09223971065,14752.09223971065,0.0,100.0,0.0,0.0,14852.09223971065,14852.09223971065,1,0.0,100.0
1993,14752.077019972763,0.0,-147520.77019972762,0.0,10.0,0.0,-0.0,0.1,0.334091822,33.4091822,0.0,0.0,100.0,1.0,0.08,-8.0,-233.4731156288856,233.4731156288856,0.0,-233.4731156288856,233.4731156288856,0.0,-14385.130788714992,14385.130788714992,0.0,0.0,0.0,0.0,0.0,0.0,0.0,0.0,0.0,-147528.77019972762,-147528.77019972762,14852.077019972763,14852.077019972763,14752.077019972763,0.0,100.0,0.0,0.0,14852.077019972763,14852.077019972763,1,0.0,100.0
1994,14752.03936090773,0.0,-147520.3936090773,0.0,10.0,0.0,-0.0,0.1,0.343142906,34.3142906,0.0,0.0,100.0,1.0,0.08,-8.0,-233.45428005039847,233.45428005039847,0.0,-233.45428005039847,233.45428005039847,0.0,-14385.130800806932,14385.130800806932,0.0,0.0,0.0,0.0,0.0,0.0,0.0,0.0,0.0,-147528.3936090773,-147528.3936090773,14852.03936090773,14852.03936090773,14752.03936090773,0.0,100.0,0.0,0.0,14852.03936090773,14852.03936090773,1,0.0,100.0
1995,15493.21415162555,0.0,-154932.1415162555,0.0,10.0,0.0,-0.0,0.1,0.312794018,31.279401800000002,0.0,0.0,100.0,1.0,0.08,-8.0,-234.5664961855484,234.5664961855484,0.0,-234.5664961855484,234.5664961855484,0.0,-15124.081159254454,15124.081159254454,0.0,0.0,0.0,0.0,0.0,0.0,0.0,0.0,0.0,-154940.1415162555,-154940.1415162555,15593.21415162555,15593.21415162555,15493.21415162555,0.0,100.0,0.0,0.0,15593.21415162555,15593.21415162555,1,0.0,100.0
1996,16971.032063311948,0.0,-169710.3206331195,0.0,10.0,0.0,-0.0,0.1,0.291583143,29.1583143,0.0,0.0,100.0,1.0,0.08,-8.0,-234.4794313953798,234.4794313953798,0.0,-234.4794313953798,234.4794313953798,0.0,-16602.07320052119,16602.07320052119,0.0,0.0,0.0,0.0,0.0,0.0,0.0,0.0,0.0,-169718.3206331195,-169718.3206331195,17071.032063311948,17071.032063311948,16971.032063311948,0.0,100.0,0.0,0.0,17071.032063311948,17071.032063311948,1,0.0,100.0
1997,25169.984626642283,0.0,-251699.84626642283,0.0,10.0,0.0,-0.0,0.1,0.263810444,26.381044399999997,0.0,0.0,100.0,1.0,0.11,-11.0,-234.45017913888185,234.45017913888185,0.0,-234.45017913888185,234.45017913888185,0.0,-24801.08426836452,24801.08426836452,0.0,0.0,0.0,0.0,0.0,0.0,0.0,0.0,0.0,-251710.84626642283,-251710.84626642283,25269.984626642283,25269.984626642283,25169.984626642283,0.0,100.0,0.0,0.0,25269.984626642283,25269.984626642283,1,0.0,100.0
1998,21751.692342962386,0.0,-217516.92342962386,0.0,10.0,0.0,-0.0,0.1,0.240371867,24.0371867,0.0,0.0,100.0,1.0,0.11,-11.0,-210.1704506323154,210.1704506323154,0.0,-210.1704506323154,210.1704506323154,0.0,-24211.60659189106,24211.60659189106,0.0,0.0,1757.544345703125,1757.544345703125,0.0,0.0,1022.710804490178,1022.710804490178,0.0,-217527.92342962386,-217527.92342962386,24631.94749315569,24631.94749315569,24531.94749315569,0.0,100.0,0.0,0.0,24631.94749315569,21851.692342962386,1,0.0,100.0
1999,26315.02809132268,0.0,-263150.28091322683,0.0,10.0,0.0,-0.0,0.1,0.2371530319999999,23.71530319999999,0.0,0.0,100.0,1.0,0.11,-11.0,-198.2460335226956,198.2460335226956,0.0,-198.2460335226956,198.2460335226956,0.0,-39266.21714138622,39266.21714138622,0.0,0.0,8189.408759765624,8189.408759765624,0.0,0.0,5058.272357343312,5058.272357343312,0.0,-263161.28091322683,-263161.28091322683,39662.70920843162,39662.70920843162,39562.70920843162,0.0,100.0,0.0,0.0,39662.70920843162,26415.02809132268,1,0.0,100.0
2000,25501.148909948828,0.0,-255011.48909948827,0.0,10.0,0.0,-0.0,0.1,0.239616402,23.9616402,0.0,0.0,100.0,1.0,0.11,-11.0,-198.4286622978812,198.4286622978812,0.0,-198.4286622978812,198.4286622978812,0.0,-37045.75228115157,37045.75228115157,0.0,0.0,3963.8234179687497,3963.8234179687497,0.0,0.0,7877.637277829748,7877.637277829748,0.0,-255022.48909948827,-255022.48909948827,37442.609605747326,37442.609605747326,37342.609605747326,0.0,100.0,0.0,0.0,37442.609605747326,25601.148909948828,1,0.0,100.0
2001,14297.152823208691,0.0,-142971.52823208692,0.0,10.0,0.0,-0.0,0.1,0.264054661,26.4054661,0.0,0.0,100.0,1.0,0.11,-11.0,-198.5205191013636,198.5205191013636,0.0,-198.5205191013636,198.5205191013636,0.0,-34089.88304181176,34089.88304181176,0.0,0.0,4749.109189453125,4749.109189453125,0.0,0.0,15340.662067352669,15340.662067352669,0.0,-142982.52823208692,-142982.52823208692,34486.92408001448,34486.92408001448,34386.92408001448,0.0,100.0,0.0,0.0,34486.92408001448,14397.15282320869,1,0.0,100.0
2002,11425.488488054682,0.0,-114254.88488054682,0.0,10.0,0.0,-0.0,0.1,0.303836283,30.383628299999998,0.0,0.0,100.0,1.0,0.11,-11.0,-201.3958097690396,201.3958097690396,0.0,-201.3958097690396,201.3958097690396,0.0,-34088.70344290161,34088.70344290161,0.0,0.0,5497.000400390625,5497.000400390625,0.0,0.0,17469.00617399439,17469.00617399439,0.0,-114265.88488054682,-114265.88488054682,34491.495062439695,34491.495062439695,34391.495062439695,0.0,100.0,0.0,0.0,34491.495062439695,11525.488488054682,1,0.0,100.0
2003,6916.365210280368,0.0,-69163.65210280368,0.0,10.0,0.0,-0.0,0.1,0.323256504,32.3256504,0.0,0.0,100.0,1.0,0.11,-11.0,-198.6254417950336,198.6254417950336,0.0,-198.6254417950336,198.6254417950336,0.0,-34090.450129581805,34090.450129581805,0.0,0.0,8039.830517578125,8039.830517578125,0.0,0.0,19431.50528531338,19431.50528531338,0.0,-69174.65210280368,-69174.65210280368,34487.70101317187,34487.70101317187,34387.70101317187,0.0,100.0,0.0,0.0,34487.70101317187,7016.365210280368,1,0.0,100.0
2004,1166.8332995262317,0.0,-11668.332995262317,0.0,10.0,0.0,-0.0,0.1,0.353195545,35.3195545,0.0,0.0,100.0,1.0,0.11,-11.0,-242.20449715652063,242.20449715652063,0.0,-242.20449715652063,242.20449715652063,0.0,-34094.01429520092,34094.01429520092,0.0,0.0,9872.163984375,9872.163984375,0.0,0.0,23439.426005612724,23439.426005612724,0.0,-11679.332995262317,-11679.332995262317,34578.42328951396,34578.42328951396,34478.42328951396,0.0,100.0,0.0,0.0,34578.42328951396,1266.8332995262317,1,0.0,100.0
2005,1427.7383705734628,0.0,-14277.383705734628,0.0,10.0,0.0,-0.0,0.1,0.369267611,36.9267611,0.0,0.0,100.0,1.0,0.11,-11.0,-240.03342754679664,240.03342754679664,0.0,-240.03342754679664,240.03342754679664,0.0,-19033.403937026003,19033.403937026003,0.0,0.0,6431.8644140625,6431.8644140625,0.0,0.0,11553.868007483632,11553.868007483632,0.0,-14288.383705734628,-14288.383705734628,19513.470792119595,19513.470792119595,19413.470792119595,0.0,100.0,0.0,0.0,19513.470792119595,1527.738370573461,1,0.0,100.0
2006,4074.8986153828755,0.0,-40748.98615382875,0.0,10.0,0.0,-0.0,0.1,0.3602852139999999,36.02852139999999,0.0,0.0,100.0,1.0,0.08,-8.0,-226.6849621330568,226.6849621330568,0.0,-226.6849621330568,226.6849621330568,0.0,-19032.67661896807,19032.67661896807,0.0,0.0,4973.476552734375,4973.476552734375,0.0,0.0,10337.671375116934,10337.671375116934,0.0,-40756.98615382875,-40756.98615382875,19486.046543234184,19486.046543234184,19386.046543234184,0.0,100.0,0.0,0.0,19486.046543234184,4174.8986153828755,1,0.0,100.0
2007,6293.6389596305635,0.0,-62936.389596305635,0.0,10.0,0.0,-0.0,0.1,0.326556539,32.6556539,0.0,0.0,100.0,1.0,0.08,-8.0,-263.34708768395905,263.34708768395905,0.0,-263.34708768395905,263.34708768395905,0.0,-21989.46220360717,21989.46220360717,0.0,0.0,4375.163583984375,4375.163583984375,0.0,0.0,11747.35383536015,11747.35383536015,0.0,-62944.389596305635,-62944.389596305635,22516.156378975087,22516.156378975087,22416.156378975087,0.0,100.0,0.0,0.0,22516.156378975087,6393.638959630562,1,0.0,100.0
2008,3649.7290713191105,0.0,-36497.290713191105,0.0,10.0,0.0,-0.0,0.1,0.298241297,29.8241297,0.0,0.0,100.0,1.0,0.08,-8.0,-271.8459793050281,271.8459793050281,0.0,-271.8459793050281,271.8459793050281,0.0,-19692.58831232793,19692.58831232793,0.0,0.0,7890.252275390625,7890.252275390625,0.0,0.0,8596.298924228251,8596.298924228251,0.0,-36505.290713191105,-36505.290713191105,20236.280270937987,20236.280270937987,20136.280270937987,0.0,100.0,0.0,0.0,20236.280270937987,3749.7290713191105,1,0.0,100.0
2009,13087.645676722337,0.0,-130876.45676722337,0.0,10.0,0.0,-0.0,0.1,0.298824435,29.8824435,0.0,0.0,100.0,1.0,0.11,-11.0,-254.0866869579551,254.0866869579551,0.0,-254.0866869579551,254.0866869579551,0.0,-18453.00750649599,18453.00750649599,0.0,0.0,2954.170283203125,2954.170283203125,0.0,0.0,2819.3649204864364,2819.3649204864364,0.0,-130887.45676722337,-130887.45676722337,18961.1808804119,18961.1808804119,18861.1808804119,0.0,100.0,0.0,0.0,18961.1808804119,13187.645676722337,1,0.0,100.0
2010,19992.45447559071,0.0,-199924.54475590712,0.0,10.0,0.0,-0.0,0.1,0.308506946,30.8506946,0.0,0.0,100.0,1.0,0.11,-11.0,-267.30512323042075,267.30512323042075,0.0,-267.30512323042075,267.30512323042075,0.0,-19557.84422912987,19557.84422912987,0.0,0.0,0.0,0.0,0.0,0.0,0.0,0.0,0.0,-199935.54475590712,-199935.54475590712,20092.45447559071,20092.45447559071,19992.45447559071,0.0,100.0,0.0,0.0,20092.45447559071,20092.45447559071,1,0.0,100.0
2011,19928.305876806327,0.0,-199283.05876806326,0.0,10.0,0.0,-0.0,0.1,0.32945465,32.945465,0.0,0.0,100.0,1.0,0.11,-11.0,-235.2308208152444,235.2308208152444,0.0,-235.2308208152444,235.2308208152444,0.0,-19557.84423517584,19557.84423517584,0.0,0.0,0.0,0.0,0.0,0.0,0.0,0.0,0.0,-199294.05876806326,-199294.05876806326,20028.305876806327,20028.305876806327,19928.305876806327,0.0,100.0,0.0,0.0,20028.305876806327,20028.305876806327,1,0.0,100.0
2012,18448.96026276029,0.0,-184489.6026276029,0.0,10.0,0.0,-0.0,0.1,0.350750907,35.0750907,0.0,0.0,100.0,1.0,0.11,-11.0,-234.4779549663998,234.4779549663998,0.0,-234.4779549663998,234.4779549663998,0.0,-18080.00435282749,18080.00435282749,0.0,0.0,0.0,0.0,0.0,0.0,0.0,0.0,0.0,-184500.6026276029,-184500.6026276029,18548.96026276029,18548.96026276029,18448.96026276029,0.0,100.0,0.0,0.0,18548.96026276029,18548.96026276029,1,0.0,100.0
2013,16969.053018544935,0.0,-169690.53018544934,0.0,10.0,0.0,-0.0,0.1,0.355461924,35.546192399999995,0.0,0.0,100.0,1.0,0.11,-11.0,-233.53555305980865,233.53555305980865,0.0,-233.53555305980865,233.53555305980865,0.0,-16601.98191242532,16601.98191242532,0.0,0.0,0.0,0.0,0.0,0.0,0.0,0.0,0.0,-169701.53018544934,-169701.53018544934,17069.053018544935,17069.053018544935,16969.053018544935,0.0,100.0,0.0,0.0,17069.053018544935,17069.053018544935,1,0.0,100.0
2014,15496.659943827679,0.0,-154966.59943827678,0.0,10.0,0.0,-0.0,0.1,0.337636465,33.7636465,0.0,0.0,100.0,1.0,0.11,-11.0,-236.28938926362648,236.28938926362648,0.0,-236.28938926362648,236.28938926362648,0.0,-15124.081165300426,15124.081165300426,0.0,0.0,0.0,0.0,0.0,0.0,0.0,0.0,0.0,-154977.59943827678,-154977.59943827678,15596.659943827679,15596.659943827679,15496.659943827679,0.0,100.0,0.0,0.0,15596.659943827679,15596.659943827679,1,0.0,100.0
2015,14751.85060402824,0.0,-147518.5060402824,0.0,10.0,0.0,-0.0,0.1,0.315389878,31.5389878,0.0,0.0,100.0,1.0,0.11,-11.0,-233.3599137025944,233.3599137025944,0.0,-233.3599137025944,233.3599137025944,0.0,-14385.130776623051,14385.130776623051,0.0,0.0,0.0,0.0,0.0,0.0,0.0,0.0,0.0,-147529.5060402824,-147529.5060402824,14851.85060402824,14851.85060402824,14751.85060402824,0.0,100.0,0.0,0.0,14851.85060402824,14851.85060402824,1,0.0,100.0
2016,14845.1660895782,0.0,-148451.660895782,0.0,10.0,0.0,-0.0,0.1,0.305934986,30.593498600000004,0.0,0.0,100.0,1.0,0.08,-8.0,-233.31891332086656,233.31891332086656,0.0,-233.31891332086656,233.31891332086656,0.0,-14478.528262936468,14478.528262936468,0.0,0.0,0.0,0.0,0.0,0.0,0.0,0.0,0.0,-148459.660895782,-148459.660895782,14945.1660895782,14945.1660895782,14845.1660895782,0.0,100.0,0.0,0.0,14945.1660895782,14945.1660895782,1,0.0,100.0
2017,14868.620542595596,0.0,-148686.20542595597,0.0,10.0,0.0,-0.0,0.1,0.307885017,30.788501699999998,0.0,0.0,100.0,1.0,0.08,-8.0,-233.31961287355364,233.31961287355364,0.0,-233.31961287355364,233.31961287355364,0.0,-14501.981316848489,14501.981316848489,0.0,0.0,0.0,0.0,0.0,0.0,0.0,0.0,0.0,-148694.20542595597,-148694.20542595597,14968.620542595596,14968.620542595596,14868.620542595596,0.0,100.0,0.0,0.0,14968.620542595596,14968.620542595596,1,0.0,100.0
2018,14845.347730786345,0.0,-148453.47730786345,0.0,10.0,0.0,-0.0,0.1,0.305156642,30.515664199999996,0.0,0.0,100.0,1.0,0.08,-8.0,-233.29599109775967,233.29599109775967,0.0,-233.29599109775967,233.29599109775967,0.0,-14478.755748590826,14478.755748590826,0.0,0.0,0.0,0.0,0.0,0.0,0.0,0.0,0.0,-148461.47730786345,-148461.47730786345,14945.347730786345,14945.347730786345,14845.347730786345,0.0,100.0,0.0,0.0,14945.347730786345,14945.347730786345,1,0.0,100.0
2019,15609.797513455898,0.0,-156097.97513455898,0.0,10.0,0.0,-0.0,0.1,0.313999357,31.399935699999997,0.0,0.0,100.0,1.0,0.08,-8.0,-234.3587682850698,234.3587682850698,0.0,-234.3587682850698,234.3587682850698,0.0,-15241.079976885758,15241.079976885758,0.0,0.0,0.0,0.0,0.0,0.0,0.0,0.0,0.0,-156105.97513455898,-156105.97513455898,15709.797513455898,15709.797513455898,15609.797513455898,0.0,100.0,0.0,0.0,15709.797513455898,15709.797513455898,1,0.0,100.0
2020,17064.338385397812,0.0,-170643.38385397813,0.0,10.0,0.0,-0.0,0.1,0.306969214,30.6969214,0.0,0.0,100.0,1.0,0.08,-8.0,-234.27562323266824,234.27562323266824,0.0,-234.27562323266824,234.27562323266824,0.0,-16695.787138932476,16695.787138932476,0.0,0.0,0.0,0.0,0.0,0.0,0.0,0.0,0.0,-170651.38385397813,-170651.38385397813,17164.338385397812,17164.338385397812,17064.338385397812,0.0,100.0,0.0,0.0,17164.338385397812,17164.338385397812,1,0.0,100.0
2021,19010.38882029471,0.0,-190103.8882029471,0.0,10.0,0.0,-0.0,0.1,0.288310968,28.8310968,0.0,0.0,100.0,1.0,0.11,-11.0,-234.2835964345249,234.2835964345249,0.0,-234.2835964345249,234.2835964345249,0.0,-18641.82162742566,18641.82162742566,0.0,0.0,0.0,0.0,0.0,0.0,0.0,0.0,0.0,-190114.8882029471,-190114.8882029471,19110.38882029471,19110.38882029471,19010.38882029471,0.0,100.0,0.0,0.0,19110.38882029471,19110.38882029471,1,0.0,100.0
2022,14314.830736308273,0.0,-143148.30736308274,0.0,10.0,0.0,-0.0,0.1,0.27896529,27.896528999999997,0.0,0.0,100.0,1.0,0.11,-11.0,-210.0578303904225,210.0578303904225,0.0,-210.0578303904225,210.0578303904225,0.0,-18030.11853117925,18030.11853117925,0.0,0.0,3178.537646484375,3178.537646484375,0.0,0.0,856.8658091674463,856.8658091674463,0.0,-143159.30736308274,-143159.30736308274,18450.234191960095,18450.234191960095,18350.234191960095,0.0,100.0,0.0,0.0,18450.234191960095,14414.830736308275,1,0.0,100.0
2023,2378.5117294067113,0.0,-23785.117294067113,0.0,10.0,0.0,-0.0,0.1,0.279135981,27.913598099999998,0.0,0.0,100.0,1.0,0.11,-11.0,-198.13152186506807,198.13152186506807,0.0,-198.13152186506807,198.13152186506807,0.0,-18053.21969756524,18053.21969756524,0.0,0.0,11106.184482421875,11106.184482421875,0.0,0.0,4864.786529466792,4864.786529466792,0.0,-23796.117294067113,-23796.117294067113,18449.48274129538,18449.48274129538,18349.48274129538,0.0,100.0,0.0,0.0,18449.48274129538,2478.5117294067113,1,0.0,100.0
2024,0.0,0.0,-0.0,55.55555555555556,10.0,0.0,-0.0,0.1,0.284051522,0.0,0.0,100.0,0.0,1.0,0.11,0.0,-198.2508779637573,198.2508779637573,0.0,-198.2508779637573,198.2508779637573,0.0,-15812.80068884117,15812.80068884117,0.0,1846.2929860038857,18211.150986328124,16364.858000324239,0.0,9563.728063610852,9563.728063610852,0.0,0.0,0.0,0.0,16364.858000324239,16364.858000324239,16364.858000324239,0.0,0.0,155.55555555555475,0.0,16209.302444768684,-11565.576605170292,1,-55.55555555555556,-100.0
2025,0.0,0.0,-0.0,44.44444444444444,60.0,0.0,-0.0,0.6,0.306578748,0.0,0.0,100.0,0.0,1.0,0.11,0.0,-198.29338510975427,198.29338510975427,0.0,-198.29338510975427,198.29338510975427,0.0,-12810.281847986034,12810.281847986034,0.0,0.0,5571.789521484375,5571.789521484375,0.0,6731.913549573398,14511.437090739011,7779.523541165613,0.0,0.0,0.0,13351.313062649988,13351.313062649988,13351.313062649988,0.0,0.0,144.44444444444525,0.0,13206.868618205543,-6876.357994017842,1,-44.44444444444444,-100.0
2026,0.0,0.0,-0.0,0.0,100.0,-0.0,-0.0,1.0,0.332342997,0.0,0.0,100.0,0.0,1.0,0.11,0.0,-201.2306457101672,201.2306457101672,0.0,-201.2306457101672,201.2306457101672,0.0,-12763.776890248804,12763.776890248804,0.0,0.0,6581.442656249999,6581.442656249999,0.0,13575.934736507903,20260.73026192704,6684.795525419138,0.0,0.0,0.0,13266.238181669138,13266.238181669138,13266.238181669138,0.0,0.0,100.0,0.0,13166.238181669138,-13675.934736507905,1,-0.0,-100.0
2027,0.0,0.0,-0.0,0.0,100.0,-0.0,-0.0,1.0,0.367909507,0.0,0.0,100.0,0.0,1.0,0.11,0.0,-198.49406660375985,198.49406660375985,0.0,-198.49406660375985,198.49406660375985,0.0,-12763.776890248804,12763.776890248804,0.0,13850.291373028047,27111.05639648437,13260.765023456324,0.0,22831.327689429378,22831.327689429378,0.0,0.0,0.0,0.0,13260.765023456324,13260.765023456324,13260.765023456324,0.0,0.0,100.0,0.0,13160.765023456324,-36781.61906245742,1,-0.0,-100.0
2028,0.0,0.0,-0.0,0.0,100.0,-0.0,-0.0,1.0,0.357770325,0.0,0.0,100.0,0.0,1.0,0.11,0.0,-255.4311731629691,255.4311731629691,0.0,-255.4311731629691,255.4311731629691,0.0,-12763.868099747067,12763.868099747067,0.0,18448.040579317618,31822.771025390623,13374.730446073005,0.0,23356.50350795136,23356.50350795136,0.0,0.0,0.0,0.0,13374.730446073005,13374.730446073005,13374.730446073005,0.0,0.0,100.0,0.0,13274.730446073005,-41904.54408726898,1,-0.0,-100.0
2029,0.0,0.0,-0.0,0.0,100.0,-0.0,-0.0,1.0,0.357738733,0.0,0.0,100.0,0.0,1.0,0.11,0.0,-307.992448833582,307.992448833582,0.0,-307.992448833582,307.992448833582,0.0,-12763.776896294776,12763.776896294776,0.0,6264.56617478806,19744.32796875,13479.76179396194,0.0,21808.6168849392,21808.6168849392,0.0,0.0,0.0,0.0,13479.76179396194,13479.76179396194,13479.76179396194,0.0,0.0,100.0,0.0,13379.76179396194,-28173.183059727264,1,-0.0,-100.0
2030,0.0,0.0,-0.0,0.0,100.0,-0.0,-0.0,1.0,0.363207634,0.0,0.0,100.0,0.0,1.0,0.08,0.0,-300.42564202452496,300.42564202452496,0.0,-300.42564202452496,300.42564202452496,0.0,-12763.716067794045,12763.716067794045,0.0,4933.556437219397,18398.12378906249,13464.567351843094,0.0,19016.892797006552,19016.892797006552,0.0,0.0,0.0,0.0,13464.567351843094,13464.567351843094,13464.567351843094,0.0,0.0,100.0,0.0,13364.567351843094,-24050.449234225955,1,-0.0,-100.0
2031,0.0,0.0,-0.0,0.0,100.0,-0.0,-0.0,1.0,0.375185,0.0,0.0,100.0,0.0,1.0,0.08,0.0,-305.1616822529717,305.1616822529717,0.0,-305.1616822529717,305.1616822529717,0.0,-15719.517549951895,15719.517549951895,0.0,0.0,14471.694931640624,14471.694931640624,0.0,11834.629461523293,13792.775444340508,1958.1459828172156,0.0,0.0,0.0,16429.84091445784,16429.84091445784,16429.84091445784,0.0,0.0,100.00000000000182,0.0,16329.840914457838,-11934.629461523293,1,-0.0,-100.0
2032,9.094947017729282e-13,0.0,-9.094947017729282e-12,0.0,100.0,0.0,-0.0,1.0,0.381023414,30.106771885194004,0.0,0.0,79.01554282224242,1.0,0.08,-6.321243425779394,-297.4057086398593,297.4057086398593,0.0,-297.4057086398593,297.4057086398593,0.0,-17936.368661570283,17936.368661570283,0.0,0.0,10657.449755859374,10657.449755859374,0.0,0.0,7794.714780168383,7794.714780168383,0.0,-6.321243425788489,-6.321243425788489,18531.18007885,18531.18007885,18452.164536027758,0.0,79.01554282224242,0.0,0.0,18531.18007885,79.01554282224242,1,0.0,79.01554282224242
2033,13295.680300366486,0.0,-132956.80300366486,0.0,100.0,45.0,-0.0,1.0,0.37253423,37.253423000000005,0.0,0.0,100.0,1.0,0.11,-11.0,-274.15303414944714,274.15303414944714,0.0,-274.15303414944714,274.15303414944714,0.0,-18452.91615189446,18452.91615189446,0.0,0.0,2879.381162109375,2879.381162109375,0.0,0.0,2681.160757717493,2681.160757717493,0.0,-132967.80300366486,-132967.80300366486,19001.222220193355,19001.222220193355,18856.222220193355,0.0,145.0,0.0,0.0,19001.222220193355,13440.680300366486,1,45.0,100.0
2034,19764.29296109646,0.0,-197642.9296109646,0.0,50.0,36.0,-0.0,0.5,0.354525252,35.452525200000004,0.0,0.0,100.0,1.0,0.11,-11.0,-240.3721186225605,240.3721186225605,0.0,-240.3721186225605,240.3721186225605,0.0,-19557.75288662028,19557.75288662028,0.0,0.0,0.0,0.0,0.0,0.0,138.20416276894295,138.20416276894295,0.0,-197653.9296109646,-197653.9296109646,20038.497123865403,20038.497123865403,19902.497123865403,0.0,136.0,0.0,0.0,20038.497123865403,19900.29296109646,1,36.0,100.0
2035,19971.849996120036,0.0,-199718.49996120034,0.0,10.0,0.0,-0.0,0.1,0.343447491,34.3447491,0.0,0.0,100.0,1.0,0.11,-11.0,-257.0485547498766,257.0485547498766,0.0,-257.0485547498766,257.0485547498766,0.0,-19557.75288662028,19557.75288662028,0.0,0.0,0.0,0.0,0.0,0.0,0.0,0.0,0.0,-199729.49996120034,-199729.49996120034,20071.849996120036,20071.849996120036,19971.849996120036,0.0,100.0,0.0,0.0,20071.849996120036,20071.849996120036,1,0.0,100.0
2036,18518.879167665935,0.0,-185188.79167665934,0.0,10.0,0.0,-0.0,0.1,0.339186906,33.9186906,0.0,0.0,100.0,1.0,0.11,-11.0,-234.53826583079555,234.53826583079555,0.0,-234.53826583079555,234.53826583079555,0.0,-18149.802636004344,18149.802636004344,0.0,0.0,0.0,0.0,0.0,0.0,0.0,0.0,0.0,-185199.79167665934,-185199.79167665934,18618.879167665935,18618.879167665935,18518.879167665935,0.0,100.0,0.0,0.0,18618.879167665935,18618.879167665935,1,0.0,100.0
2037,17062.30049467177,0.0,-170623.0049467177,0.0,10.0,0.0,-0.0,0.1,0.332121488,33.2121488,0.0,0.0,100.0,1.0,0.11,-11.0,-233.5621414176657,233.5621414176657,0.0,-233.5621414176657,233.5621414176657,0.0,-16695.17621183644,16695.17621183644,0.0,0.0,0.0,0.0,0.0,0.0,0.0,0.0,0.0,-170634.0049467177,-170634.0049467177,17162.30049467177,17162.30049467177,17062.30049467177,0.0,100.0,0.0,0.0,17162.30049467177,17162.30049467177,1,0.0,100.0
2038,15613.196796678962,0.0,-156131.9679667896,0.0,10.0,0.0,-0.0,0.1,0.322320538,32.232053799999996,0.0,0.0,100.0,1.0,0.11,-11.0,-236.256119150392,236.256119150392,0.0,-236.256119150392,236.256119150392,0.0,-15240.684558378178,15240.684558378178,0.0,0.0,0.0,0.0,0.0,0.0,0.0,0.0,0.0,-156142.9679667896,-156142.9679667896,15713.196796678962,15713.196796678962,15613.196796678962,0.0,100.0,0.0,0.0,15713.196796678962,15713.196796678962,1,0.0,100.0
2039,14845.21188077917,0.0,-148452.1188077917,0.0,10.0,0.0,-0.0,0.1,0.3595757739999999,35.95757739999999,0.0,0.0,100.0,1.0,0.11,-11.0,-233.3338403333414,233.3338403333414,0.0,-233.3338403333414,233.3338403333414,0.0,-14478.544200112488,14478.544200112488,0.0,0.0,0.0,0.0,0.0,0.0,0.0,0.0,0.0,-148463.1188077917,-148463.1188077917,14945.21188077917,14945.21188077917,14845.21188077917,0.0,100.0,0.0,0.0,14945.21188077917,14945.21188077917,1,0.0,100.0
2040,17881.90427154431,0.0,-178819.0427154431,0.0,10.0,0.0,-0.0,0.1,0.374161365,37.4161365,0.0,0.0,100.0,1.0,0.08,-8.0,-233.28929980245687,233.28929980245687,0.0,-233.28929980245687,233.28929980245687,0.0,-17515.325671939398,17515.325671939398,0.0,0.0,0.0,0.0,0.0,0.0,0.0,0.0,0.0,-178827.0427154431,-178827.0427154431,17981.90427154431,17981.90427154431,17881.90427154431,0.0,100.0,0.0,0.0,17981.90427154431,17981.90427154431,1,0.0,100.0
2041,17858.54452349065,0.0,-178585.4452349065,0.0,10.0,0.0,-0.0,0.1,0.3686907889999999,36.86907889999999,0.0,0.0,100.0,1.0,0.08,-8.0,-233.22877885049363,233.22877885049363,0.0,-233.22877885049363,233.22877885049363,0.0,-17492.086965789666,17492.086965789666,0.0,0.0,0.0,0.0,0.0,0.0,0.0,0.0,0.0,-178593.4452349065,-178593.4452349065,17958.54452349065,17958.54452349065,17858.54452349065,0.0,100.0,0.0,0.0,17958.54452349065,17958.54452349065,1,0.0,100.0
2042,17881.76221996412,0.0,-178817.6221996412,0.0,10.0,0.0,-0.0,0.1,0.3745713229999999,37.45713229999999,0.0,0.0,100.0,1.0,0.08,-8.0,-233.146076065686,233.146076065686,0.0,-233.146076065686,233.146076065686,0.0,-17515.470067832746,17515.470067832746,0.0,0.0,0.0,0.0,0.0,0.0,0.0,0.0,0.0,-178825.6221996412,-178825.6221996412,17981.76221996412,17981.76221996412,17881.76221996412,0.0,100.0,0.0,0.0,17981.76221996412,17981.76221996412,1,0.0,100.0
2043,18599.26517389419,0.0,-185992.6517389419,0.0,10.0,0.0,-0.0,0.1,0.388753037,38.8753037,0.0,0.0,100.0,1.0,0.08,-8.0,-234.07402142875463,234.07402142875463,0.0,-234.07402142875463,234.07402142875463,0.0,-18231.11713103668,18231.11713103668,0.0,0.0,0.0,0.0,0.0,0.0,0.0,0.0,0.0,-186000.6517389419,-186000.6517389419,18699.26517389419,18699.26517389419,18599.26517389419,0.0,100.0,0.0,0.0,18699.26517389419,18699.26517389419,1,0.0,100.0
2044,21606.931546928026,0.0,-216069.31546928026,0.0,10.0,0.0,-0.0,0.1,0.375836069,37.5836069,0.0,0.0,100.0,1.0,0.08,-8.0,-233.8920224560121,233.8920224560121,0.0,-233.8920224560121,233.8920224560121,0.0,-21239.147502016003,21239.147502016003,0.0,0.0,0.0,0.0,0.0,0.0,0.0,0.0,0.0,-216077.31546928026,-216077.31546928026,21706.931546928026,21706.931546928026,21606.931546928026,0.0,100.0,0.0,0.0,21706.931546928026,21706.931546928026,1,0.0,100.0
2045,25327.128921539686,0.0,-253271.28921539686,0.0,10.0,0.0,-0.0,0.1,0.346421692,34.6421692,0.0,0.0,100.0,1.0,0.11,-11.0,-303.32113900733685,303.32113900733685,0.0,-303.32113900733685,303.32113900733685,0.0,-24820.48664352501,24820.48664352501,0.0,0.0,0.0,0.0,0.0,0.0,0.0,0.0,0.0,-253282.28921539686,-253282.28921539686,25427.128921539686,25427.128921539686,25327.128921539686,0.0,100.0,0.0,0.0,25427.128921539686,25427.128921539686,1,0.0,100.0
2046,29545.735916687972,0.0,-295457.35916687973,0.0,10.0,0.0,-0.0,0.1,0.3449168039999999,34.49168039999999,0.0,0.0,100.0,1.0,0.11,-11.0,-551.4092836004176,551.4092836004176,0.0,-551.4092836004176,551.4092836004176,0.0,-30245.211649522946,30245.211649522946,0.0,0.0,1121.83681640625,1121.83681640625,0.0,0.0,580.4574836295604,580.4574836295604,0.0,-295468.35916687973,-295468.35916687973,31348.030216723782,31348.030216723782,31248.030216723782,0.0,100.0,0.0,0.0,31348.030216723782,29645.735916687972,1,0.0,100.0
2047,58792.920294032665,0.0,-587929.2029403266,0.0,10.0,0.0,-0.0,0.1,0.356974649,35.6974649,0.0,0.0,100.0,1.0,0.11,-11.0,-745.2326470000302,745.2326470000302,0.0,-745.2326470000302,745.2326470000302,0.0,-63377.54616928578,63377.54616928578,0.0,0.0,4150.796220703125,4150.796220703125,0.0,0.0,1824.2949485500471,1824.2949485500471,0.0,-587940.2029403266,-587940.2029403266,64868.01146328584,64868.01146328584,64768.01146328584,0.0,100.0,0.0,0.0,64868.01146328584,58892.920294032665,1,0.0,100.0
2048,55823.58778485367,0.0,-558235.8778485367,0.0,10.0,0.0,-0.0,0.1,0.375530412,37.553041199999996,0.0,0.0,100.0,1.0,0.11,-11.0,-782.301303709842,782.301303709842,0.0,-782.301303709842,782.301303709842,0.0,-61156.81991759893,61156.81991759893,0.0,0.0,3702.0614941406247,3702.0614941406247,0.0,0.0,3095.7732460243224,3095.7732460243224,0.0,-558246.8778485367,-558246.8778485367,62721.422525018614,62721.422525018614,62621.422525018614,0.0,100.0,0.0,0.0,62721.422525018614,55923.58778485367,1,0.0,100.0
2049,36941.6186064989,0.0,-369416.186064989,0.0,10.0,0.0,-0.0,0.1,0.38880462,38.880462,0.0,0.0,100.0,1.0,0.11,-11.0,-847.9160076220386,847.9160076220386,0.0,-847.9160076220386,847.9160076220386,0.0,-58197.98913257374,58197.98913257374,0.0,0.0,5272.633037109375,5272.633037109375,0.0,0.0,17579.569504209543,17579.569504209543,0.0,-369427.186064989,-369427.186064989,59893.82114781782,59893.82114781782,59793.82114781782,0.0,100.0,0.0,0.0,59893.82114781782,37041.6186064989,1,0.0,100.0
2050,31759.019588424006,0.0,-317590.19588424003,0.0,10.0,0.0,-0.0,0.1,0.395007354,39.500735399999996,0.0,0.0,100.0,1.0,0.11,-11.0,-910.1308955169936,910.1308955169936,0.0,-910.1308955169936,910.1308955169936,0.0,-58196.28497929009,58196.28497929009,0.0,0.0,7067.571943359375,7067.571943359375,0.0,0.0,21089.955238540697,21089.955238540697,0.0,-317601.19588424003,-317601.19588424003,60016.54677032407,60016.54677032408,59916.54677032407,0.0,100.0,0.0,0.0,60016.54677032408,31859.01958842401,1,0.0,100.0
2051,17886.622388447344,0.0,-178866.22388447344,0.0,10.0,0.0,-0.0,0.1,0.363962988,36.3962988,0.0,0.0,100.0,1.0,0.11,-11.0,-967.5230891959102,967.5230891959102,0.0,-967.5230891959102,967.5230891959102,0.0,-55183.72321451172,55183.72321451172,0.0,0.0,15443.953505859374,15443.953505859374,0.0,0.0,23688.193498596826,23688.193498596826,0.0,-178877.22388447344,-178877.22388447344,57118.769392903545,57118.769392903545,57018.769392903545,0.0,100.0,0.0,0.0,57118.769392903545,17986.622388447344,1,0.0,100.0
2052,3806.224160045116,0.0,-38062.24160045116,0.0,10.0,0.0,-0.0,0.1,0.34907449,34.907449,0.0,0.0,100.0,1.0,0.11,-11.0,-1004.9014553994502,1004.9014553994502,0.0,-1004.9014553994502,1004.9014553994502,0.0,-58194.323515583776,58194.323515583776,0.0,0.0,32084.53294921875,32084.53294921875,0.0,0.0,24213.36931711881,24213.36931711881,0.0,-38073.24160045116,-38073.24160045116,60204.126426382674,60204.126426382674,60104.126426382674,0.0,100.0,0.0,0.0,60204.126426382674,3906.224160045116,1,0.0,100.0
2053,12030.418136839347,0.0,-120304.18136839347,0.0,10.0,0.0,-0.0,0.1,0.3650552589999999,36.50552589999999,0.0,0.0,100.0,1.0,0.11,-11.0,-1039.1192363701246,1039.1192363701246,0.0,-1039.1192363701246,1039.1192363701246,0.0,-58193.11181862071,58193.11181862071,0.0,0.0,25503.09029296875,25503.09029296875,0.0,0.0,22637.841861552857,22637.841861552857,0.0,-120315.18136839347,-120315.18136839347,60271.350291360955,60271.350291360955,60171.350291360955,0.0,100.0,0.0,0.0,60271.350291360955,12130.418136839347,1,0.0,100.0
2054,34227.44614002784,0.0,-342274.4614002784,0.0,10.0,0.0,-0.0,0.1,0.3719678489999999,37.19678489999999,0.0,0.0,100.0,1.0,0.08,-8.0,-1052.75573167161,1052.75573167161,0.0,-1052.75573167161,1052.75573167161,0.0,-58192.59538398446,58192.59538398446,0.0,0.0,6843.204580078125,6843.204580078125,0.0,0.0,19127.456127221707,19127.456127221707,0.0,-342282.4614002784,-342282.4614002784,60298.10684732767,60298.106847327675,60198.10684732767,0.0,100.0,0.0,0.0,60298.106847327675,34327.446140027845,1,0.0,100.0
2055,30482.041497943454,0.0,-304820.4149794345,0.0,10.0,0.0,-0.0,0.1,0.371184144,37.1184144,0.0,0.0,100.0,1.0,0.08,-8.0,-993.2182953878332,993.2182953878332,0.0,-993.2182953878332,993.2182953878332,0.0,-61147.45531519551,61147.45531519551,0.0,0.0,18510.307470703123,18510.307470703123,0.0,0.0,14041.542937324604,14041.542937324604,0.0,-304828.4149794345,-304828.4149794345,63133.89190597118,63133.89190597118,63033.89190597118,0.0,100.0,0.0,0.0,63133.89190597118,30582.04149794345,1,0.0,100.0
2056,36460.06738274728,0.0,-364600.6738274728,0.0,10.0,0.0,-0.0,0.1,0.340383331,34.0383331,0.0,0.0,100.0,1.0,0.08,-8.0,-740.7602889705281,740.7602889705281,0.0,-740.7602889705281,740.7602889705281,0.0,-54325.78245975171,54325.78245975171,0.0,0.0,10844.42255859375,10844.42255859375,0.0,0.0,8402.813096351732,8402.813096351732,0.0,-364608.6738274728,-364608.6738274728,55807.30303769276,55807.30303769276,55707.30303769276,0.0,100.0,0.0,0.0,55807.30303769276,36560.06738274728,1,0.0,100.0
2057,38167.974693415796,0.0,-381679.74693415797,0.0,10.0,0.0,-0.0,0.1,0.32382855,32.382855,0.0,0.0,100.0,1.0,0.11,-11.0,-708.0051350509557,708.0051350509557,0.0,-708.0051350509557,708.0051350509557,0.0,-42792.964973751645,42792.964973751645,0.0,0.0,3066.35396484375,3066.35396484375,0.0,0.0,2874.6465855940137,2874.6465855940137,0.0,-381690.74693415797,-381690.74693415797,44208.97524385356,44208.97524385356,44108.97524385356,0.0,100.0,0.0,0.0,44208.97524385356,38267.974693415796,1,0.0,100.0
2058,45012.05764434475,0.0,-450120.5764434475,0.0,10.0,0.0,-0.0,0.1,0.299781429,29.978142899999998,0.0,0.0,100.0,1.0,0.11,-11.0,-675.6374929008747,675.6374929008747,0.0,-675.6374929008747,675.6374929008747,0.0,-43898.98682131194,43898.98682131194,0.0,0.0,0.0,0.0,0.0,0.0,138.20416276894295,138.20416276894295,0.0,-450131.5764434475,-450131.5764434475,45250.26180711369,45250.26180711369,45150.26180711369,0.0,100.0,0.0,0.0,45250.26180711369,45112.05764434475,1,0.0,100.0
2059,36087.53040401641,0.0,-360875.3040401641,0.0,10.0,0.0,-0.0,0.1,0.29319258,29.319257999999998,0.0,0.0,100.0,1.0,0.11,-11.0,-662.9648279776111,662.9648279776111,0.0,-662.9648279776111,662.9648279776111,0.0,-34861.60074806119,34861.60074806119,0.0,0.0,0.0,0.0,0.0,0.0,0.0,0.0,0.0,-360886.3040401641,-360886.3040401641,36187.53040401641,36187.53040401641,36087.53040401641,0.0,100.0,0.0,0.0,36187.53040401641,36187.53040401641,1,0.0,100.0
2060,33752.1652067966,0.0,-337521.652067966,0.0,10.0,0.0,-0.0,0.1,0.287347665,28.7347665,0.0,0.0,100.0,1.0,0.11,-11.0,-234.04171957610583,234.04171957610583,0.0,-234.04171957610583,234.04171957610583,0.0,-33384.081767644384,33384.081767644384,0.0,0.0,0.0,0.0,0.0,0.0,0.0,0.0,0.0,-337532.652067966,-337532.652067966,33852.1652067966,33852.1652067966,33752.1652067966,0.0,100.0,0.0,0.0,33852.1652067966,33852.1652067966,1,0.0,100.0
2061,21488.797413746408,0.0,-214887.97413746407,0.0,10.0,0.0,-0.0,0.1,0.2902050439999999,29.020504399999993,0.0,0.0,100.0,1.0,0.11,-11.0,-233.3914295992844,233.3914295992844,0.0,-233.3914295992844,233.3914295992844,0.0,-21122.01455454784,21122.01455454784,0.0,0.0,0.0,0.0,0.0,0.0,0.0,0.0,0.0,-214898.97413746407,-214898.97413746407,21588.797413746408,21588.797413746408,21488.797413746408,0.0,100.0,0.0,0.0,21588.797413746408,21588.797413746408,1,0.0,100.0
2062,18510.237048408373,0.0,-185102.37048408372,0.0,10.0,0.0,-0.0,0.1,0.290122512,29.0122512,0.0,0.0,100.0,1.0,0.11,-11.0,-236.40041332537064,236.40041332537064,0.0,-236.40041332537064,236.40041332537064,0.0,-18137.43622175763,18137.43622175763,0.0,0.0,0.0,0.0,0.0,0.0,0.0,0.0,0.0,-185113.37048408372,-185113.37048408372,18610.237048408373,18610.237048408373,18510.237048408373,0.0,100.0,0.0,0.0,18610.237048408373,18610.237048408373,1,0.0,100.0
2063,17765.305799972997,0.0,-177653.05799972996,0.0,10.0,0.0,-0.0,0.1,0.330704521,33.0704521,0.0,0.0,100.0,1.0,0.11,-11.0,-233.40997437741416,233.40997437741416,0.0,-233.40997437741416,233.40997437741416,0.0,-17398.485851218167,17398.485851218167,0.0,0.0,0.0,0.0,0.0,0.0,0.0,0.0,0.0,-177664.05799972996,-177664.05799972996,17865.305799972997,17865.305799972997,17765.305799972997,0.0,100.0,0.0,0.0,17865.305799972997,17865.305799972997,1,0.0,100.0
2064,17765.245772610746,0.0,-177652.45772610744,0.0,10.0,0.0,-0.0,0.1,0.343761926,34.376192599999996,0.0,0.0,100.0,1.0,0.08,-8.0,-233.38001813300065,233.38001813300065,0.0,-233.38001813300065,233.38001813300065,0.0,-17398.485736344745,17398.485736344745,0.0,0.0,0.0,0.0,0.0,0.0,0.0,0.0,0.0,-177660.45772610744,-177660.45772610744,17865.245772610746,17865.245772610746,17765.245772610746,0.0,100.0,0.0,0.0,17865.245772610746,17865.245772610746,1,0.0,100.0
2065,17765.198436003044,0.0,-177651.98436003044,0.0,10.0,0.0,-0.0,0.1,0.331035711,33.1035711,0.0,0.0,100.0,1.0,0.08,-8.0,-233.3563498291496,233.3563498291496,0.0,-233.3563498291496,233.3563498291496,0.0,-17398.485736344745,17398.485736344745,0.0,0.0,0.0,0.0,0.0,0.0,0.0,0.0,0.0,-177659.98436003044,-177659.98436003044,17865.198436003044,17865.198436003044,17765.198436003044,0.0,100.0,0.0,0.0,17865.198436003044,17865.198436003044,1,0.0,100.0
2066,17765.20134272994,0.0,-177652.0134272994,0.0,10.0,0.0,-0.0,0.1,0.336675314,33.6675314,0.0,0.0,100.0,1.0,0.08,-8.0,-233.35779412364408,233.35779412364408,0.0,-233.35779412364408,233.35779412364408,0.0,-17398.485754482652,17398.485754482652,0.0,0.0,0.0,0.0,0.0,0.0,0.0,0.0,0.0,-177660.0134272994,-177660.0134272994,17865.20134272994,17865.20134272994,17765.20134272994,0.0,100.0,0.0,0.0,17865.20134272994,17865.20134272994,1,0.0,100.0
2067,18514.954471140358,0.0,-185149.54471140358,0.0,10.0,0.0,-0.0,0.1,0.352948415,35.294841500000004,0.0,0.0,100.0,1.0,0.08,-8.0,-238.7591730591193,238.7591730591193,0.0,-238.7591730591193,238.7591730591193,0.0,-18137.43612502212,18137.43612502212,0.0,0.0,0.0,0.0,0.0,0.0,0.0,0.0,0.0,-185157.54471140358,-185157.54471140358,18614.954471140358,18614.954471140358,18514.954471140358,0.0,100.0,0.0,0.0,18614.954471140358,18614.954471140358,1,0.0,100.0
2068,21498.002396745353,0.0,-214980.0239674535,0.0,10.0,0.0,-0.0,0.1,0.35190115,35.190115,0.0,0.0,100.0,1.0,0.08,-8.0,-237.94841308513696,237.94841308513696,0.0,-237.94841308513696,237.94841308513696,0.0,-21122.10557057508,21122.10557057508,0.0,0.0,0.0,0.0,0.0,0.0,0.0,0.0,0.0,-214988.0239674535,-214988.0239674535,21598.002396745353,21598.002396745353,21498.002396745353,0.0,100.0,0.0,0.0,21598.002396745353,21598.002396745353,1,0.0,100.0
2069,24998.980488582758,0.0,-249989.8048858276,0.0,10.0,0.0,-0.0,0.1,0.3444474629999999,34.44474629999999,0.0,0.0,100.0,1.0,0.11,-11.0,-401.0721246818466,401.0721246818466,0.0,-401.0721246818466,401.0721246818466,0.0,-24296.836239219065,24296.836239219065,0.0,0.0,0.0,0.0,0.0,0.0,0.0,0.0,0.0,-250000.8048858276,-250000.8048858276,25098.980488582758,25098.980488582758,24998.980488582758,0.0,100.0,0.0,0.0,25098.980488582758,25098.980488582758,1,0.0,100.0
2070,28087.236507937912,0.0,-280872.3650793791,0.0,10.0,0.0,-0.0,0.1,0.348676363,34.8676363,0.0,0.0,100.0,1.0,0.11,-11.0,-644.3238049715769,644.3238049715769,0.0,-644.3238049715769,644.3238049715769,0.0,-30244.65513010786,30244.65513010786,0.0,0.0,2019.3062695312497,2019.3062695312497,0.0,0.0,1326.7599625818525,1326.7599625818525,0.0,-280883.3650793791,-280883.3650793791,31533.302740051015,31533.302740051015,31433.302740051015,0.0,100.0,0.0,0.0,31533.302740051015,28187.236507937912,1,0.0,100.0
2071,52219.42128713564,0.0,-522194.2128713564,0.0,10.0,0.0,-0.0,0.1,0.354064189,35.4064189,0.0,0.0,100.0,1.0,0.11,-11.0,-861.6123927341073,861.6123927341073,0.0,-861.6123927341073,861.6123927341073,0.0,-63370.806001391546,63370.806001391546,0.0,0.0,6693.626337890625,6693.626337890625,0.0,0.0,6080.98316183349,6080.98316183349,0.0,-522205.2128713564,-522205.2128713564,65094.03078685976,65094.03078685976,64994.03078685976,0.0,100.0,0.0,0.0,65094.03078685976,52319.42128713564,1,0.0,100.0
2072,46292.59362071478,0.0,-462925.93620714784,0.0,10.0,0.0,-0.0,0.1,0.370482363,37.0482363,0.0,0.0,100.0,1.0,0.11,-11.0,-892.3656426831132,892.3656426831132,0.0,-892.3656426831132,892.3656426831132,0.0,-61148.16970697032,61148.16970697032,0.0,0.0,5870.946005859375,5870.946005859375,0.0,0.0,10669.361365762396,10669.361365762396,0.0,-462936.93620714784,-462936.93620714784,62932.90099233655,62932.90099233655,62832.90099233655,0.0,100.0,0.0,0.0,62932.90099233655,46392.59362071478,1,0.0,100.0
2073,29358.85130110811,0.0,-293588.5130110811,0.0,10.0,0.0,-0.0,0.1,0.378998951,37.899895099999995,0.0,0.0,100.0,1.0,0.11,-11.0,-942.9263794711678,942.9263794711678,0.0,-942.9263794711678,942.9263794711678,0.0,-58189.9906714283,58189.9906714283,0.0,0.0,18510.307470703123,18510.307470703123,0.0,0.0,12106.684658559405,12106.684658559405,0.0,-293599.5130110811,-293599.5130110811,60075.84343037064,60075.84343037063,59975.84343037064,0.0,100.0,0.0,0.0,60075.84343037063,29458.8513011081,1,0.0,100.0
2074,13475.336558194154,0.0,-134753.36558194156,0.0,10.0,0.0,-0.0,0.1,0.382066636,38.2066636,0.0,0.0,100.0,1.0,0.11,-11.0,-1014.032509214371,1014.032509214371,0.0,-1014.032509214371,1014.032509214371,0.0,-58197.029371166325,58197.029371166325,0.0,0.0,29429.519150390624,29429.519150390624,0.0,0.0,17220.23868101029,17220.23868101029,0.0,-134764.36558194156,-134764.36558194156,60225.09438959507,60225.09438959507,60125.09438959507,0.0,100.0,0.0,0.0,60225.09438959507,13575.336558194154,1,0.0,100.0
2075,5569.608515230149,0.0,-55696.08515230149,0.0,10.0,0.0,-0.0,0.1,0.359486732,35.948673199999995,0.0,0.0,100.0,1.0,0.11,-11.0,-1033.2346099614838,1033.2346099614838,0.0,-1033.2346099614838,1033.2346099614838,0.0,-55244.48212008501,55244.48212008501,0.0,0.0,29915.6484375,29915.6484375,0.0,0.0,21725.694387277832,21725.694387277832,0.0,-55707.08515230149,-55707.08515230149,57310.95134000799,57310.95134000798,57210.95134000799,0.0,100.0,0.0,0.0,57310.95134000798,5669.608515230146,1,0.0,100.0
2076,4028.726283855125,0.0,-40287.26283855125,0.0,10.0,0.0,-0.0,0.1,0.350291544,35.0291544,0.0,0.0,100.0,1.0,0.11,-11.0,-1022.9322261147616,1022.9322261147616,0.0,-1022.9322261147616,1022.9322261147616,0.0,-58328.723135706525,58328.723135706525,0.0,0.0,32308.9003125,32308.9003125,0.0,0.0,23936.96099158092,23936.96099158092,0.0,-40298.26283855125,-40298.26283855125,60374.58758793605,60374.58758793605,60274.58758793605,0.0,100.0,0.0,0.0,60374.58758793605,4128.726283855125,1,0.0,100.0
2077,20236.33235268977,0.0,-202363.3235268977,0.0,10.0,0.0,-0.0,0.1,0.363410906,36.3410906,0.0,0.0,100.0,1.0,0.11,-11.0,-1063.309892141436,1063.309892141436,0.0,-1063.309892141436,1063.309892141436,0.0,-58302.680828782766,58302.680828782766,0.0,0.0,17538.048896484375,17538.048896484375,0.0,0.0,22554.91936389149,22554.91936389149,0.0,-202374.3235268977,-202374.3235268977,60429.30061306564,60429.300613065636,60329.30061306564,0.0,100.0,0.0,0.0,60429.300613065636,20336.332352689766,1,0.0,100.0
2078,29536.54926856031,0.0,-295365.4926856031,0.0,10.0,0.0,-0.0,0.1,0.372618167,37.2618167,0.0,0.0,100.0,1.0,0.08,-8.0,-1084.8603451076358,1084.8603451076358,0.0,-1084.8603451076358,1084.8603451076358,0.0,-58238.57619847411,58238.57619847411,0.0,0.0,12639.361464843749,12639.361464843749,0.0,0.0,18132.38615528532,18132.38615528532,0.0,-295373.4926856031,-295373.4926856031,60408.29688868938,60408.29688868938,60308.29688868938,0.0,100.0,0.0,0.0,60408.29688868938,29636.54926856031,1,0.0,100.0
2079,39555.35660339991,0.0,-395553.5660339991,0.0,10.0,0.0,-0.0,0.1,0.372500468,37.2500468,0.0,0.0,100.0,1.0,0.08,-8.0,-1017.7307922579982,1017.7307922579982,0.0,-1017.7307922579982,1017.7307922579982,0.0,-61143.389581979536,61143.389581979536,0.0,0.0,9647.79662109375,9647.79662109375,0.0,0.0,13875.697942001872,13875.697942001872,0.0,-395561.5660339991,-395561.5660339991,63178.85116649553,63178.85116649553,63078.85116649553,0.0,100.0,0.0,0.0,63178.85116649553,39655.35660339991,1,0.0,100.0
2080,38986.23552871414,0.0,-389862.3552871414,0.0,10.0,0.0,-0.0,0.1,0.320247258,32.0247258,0.0,0.0,100.0,1.0,0.08,-8.0,-770.0706360826013,770.0706360826013,0.0,-770.0706360826013,770.0706360826013,0.0,-54318.83912913905,54318.83912913905,0.0,0.0,7291.939306640625,7291.939306640625,0.0,0.0,9480.805565949488,9480.805565949488,0.0,-389870.3552871414,-389870.3552871414,55858.98040130425,55858.98040130425,55758.98040130425,0.0,100.0,0.0,0.0,55858.98040130425,39086.23552871414,1,0.0,100.0
2081,37583.395999568624,0.0,-375833.95999568625,0.0,10.0,0.0,-0.0,0.1,0.293748343,29.374834300000003,0.0,0.0,100.0,1.0,0.11,-11.0,-737.2811028661002,737.2811028661002,0.0,-737.2811028661002,737.2811028661002,0.0,-42783.95314158585,42783.95314158585,0.0,0.0,2954.170283203125,2954.170283203125,0.0,0.0,3620.9490645463056,3620.9490645463056,0.0,-375844.95999568625,-375844.95999568625,44258.515347318054,44258.515347318054,44158.515347318054,0.0,100.0,0.0,0.0,44258.515347318054,37683.395999568624,1,0.0,100.0
2082,45038.15050612314,0.0,-450381.5050612314,0.0,10.0,0.0,-0.0,0.1,0.2923634969999999,29.23634969999999,0.0,0.0,100.0,1.0,0.11,-11.0,-734.1554915018291,734.1554915018291,0.0,-734.1554915018291,734.1554915018291,0.0,-43890.96618354979,43890.96618354979,0.0,0.0,0.0,0.0,0.0,0.0,221.1266604303088,221.1266604303088,0.0,-450392.5050612314,-450392.5050612314,45359.277166553446,45359.277166553446,45259.277166553446,0.0,100.0,0.0,0.0,45359.277166553446,45138.15050612314,1,0.0,100.0
2083,36234.15660264363,0.0,-362341.5660264363,0.0,10.0,0.0,-0.0,0.1,0.290514332,29.051433199999998,0.0,0.0,100.0,1.0,0.11,-11.0,-740.2209877828318,740.2209877828318,0.0,-740.2209877828318,740.2209877828318,0.0,-34853.71462707796,34853.71462707796,0.0,0.0,0.0,0.0,0.0,0.0,0.0,0.0,0.0,-362352.5660264363,-362352.5660264363,36334.15660264363,36334.15660264363,36234.15660264363,0.0,100.0,0.0,0.0,36334.15660264363,36334.15660264363,1,0.0,100.0
2084,33744.40550003102,0.0,-337444.0550003102,0.0,10.0,0.0,-0.0,0.1,0.292166382,29.2166382,0.0,0.0,100.0,1.0,0.11,-11.0,-233.5433981839827,233.5433981839827,0.0,-233.5433981839827,233.5433981839827,0.0,-33377.318703663055,33377.318703663055,0.0,0.0,0.0,0.0,0.0,0.0,0.0,0.0,0.0,-337455.0550003102,-337455.0550003102,33844.40550003102,33844.40550003102,33744.40550003102,0.0,100.0,0.0,0.0,33844.40550003102,33844.40550003102,1,0.0,100.0
2085,21489.266716403672,0.0,-214892.6671640367,0.0,10.0,0.0,-0.0,0.1,0.300649142,30.064914199999997,0.0,0.0,100.0,1.0,0.11,-11.0,-233.62612929567408,233.62612929567408,0.0,-233.62612929567408,233.62612929567408,0.0,-21122.014457812325,21122.014457812325,0.0,0.0,0.0,0.0,0.0,0.0,0.0,0.0,0.0,-214903.6671640367,-214903.6671640367,21589.266716403672,21589.266716403672,21489.266716403672,0.0,100.0,0.0,0.0,21589.266716403672,21589.266716403672,1,0.0,100.0
2086,18510.54287034367,0.0,-185105.4287034367,0.0,10.0,0.0,-0.0,0.1,0.309304039,30.930403899999998,0.0,0.0,100.0,1.0,0.11,-11.0,-236.5533787067472,236.5533787067472,0.0,-236.5533787067472,236.5533787067472,0.0,-18137.436112930176,18137.436112930176,0.0,0.0,0.0,0.0,0.0,0.0,0.0,0.0,0.0,-185116.4287034367,-185116.4287034367,18610.54287034367,18610.54287034367,18510.54287034367,0.0,100.0,0.0,0.0,18610.54287034367,18610.54287034367,1,0.0,100.0
2087,17765.62465633313,0.0,-177656.24656333128,0.0,10.0,0.0,-0.0,0.1,0.338665567,33.8665567,0.0,0.0,100.0,1.0,0.11,-11.0,-233.56945092523904,233.56945092523904,0.0,-233.56945092523904,233.56945092523904,0.0,-17398.485754482652,17398.485754482652,0.0,0.0,0.0,0.0,0.0,0.0,0.0,0.0,0.0,-177667.24656333128,-177667.24656333128,17865.62465633313,17865.62465633313,17765.62465633313,0.0,100.0,0.0,0.0,17865.62465633313,17865.62465633313,1,0.0,100.0
2088,17765.533519797023,0.0,-177655.33519797024,0.0,10.0,0.0,-0.0,0.1,0.353793807,35.3793807,0.0,0.0,100.0,1.0,0.08,-8.0,-233.5239370709137,233.5239370709137,0.0,-233.5239370709137,233.5239370709137,0.0,-17398.485645655197,17398.485645655197,0.0,0.0,0.0,0.0,0.0,0.0,0.0,0.0,0.0,-177663.33519797024,-177663.33519797024,17865.533519797023,17865.533519797023,17765.533519797023,0.0,100.0,0.0,0.0,17865.533519797023,17865.533519797023,1,0.0,100.0
2089,17765.500778480517,0.0,-177655.00778480517,0.0,10.0,0.0,-0.0,0.1,0.353710761,35.371076099999996,0.0,0.0,100.0,1.0,0.08,-8.0,-233.5075724586289,233.5075724586289,0.0,-233.5075724586289,233.5075724586289,0.0,-17398.485633563258,17398.485633563258,0.0,0.0,0.0,0.0,0.0,0.0,0.0,0.0,0.0,-177663.00778480517,-177663.00778480517,17865.500778480517,17865.500778480517,17765.500778480517,0.0,100.0,0.0,0.0,17865.500778480517,17865.500778480517,1,0.0,100.0
2090,17765.49067624313,0.0,-177654.90676243132,0.0,10.0,0.0,-0.0,0.1,0.347969132,34.7969132,0.0,0.0,100.0,1.0,0.08,-8.0,-233.5025152939676,233.5025152939676,0.0,-233.5025152939676,233.5025152939676,0.0,-17398.485645655197,17398.485645655197,0.0,0.0,0.0,0.0,0.0,0.0,0.0,0.0,0.0,-177662.90676243132,-177662.90676243132,17865.49067624313,17865.49067624313,17765.49067624313,0.0,100.0,0.0,0.0,17865.49067624313,17865.49067624313,1,0.0,100.0
2091,18506.637519246746,0.0,-185066.37519246747,0.0,10.0,0.0,-0.0,0.1,0.359992465,35.9992465,0.0,0.0,100.0,1.0,0.08,-8.0,-234.60074548007265,234.60074548007265,0.0,-234.60074548007265,234.60074548007265,0.0,-18137.4360282866,18137.4360282866,0.0,0.0,0.0,0.0,0.0,0.0,0.0,0.0,0.0,-185074.37519246747,-185074.37519246747,18606.637519246746,18606.637519246746,18506.637519246746,0.0,100.0,0.0,0.0,18606.637519246746,18606.637519246746,1,0.0,100.0
2092,21491.09504690675,0.0,-214910.9504690675,0.0,10.0,0.0,-0.0,0.1,0.333806481,33.3806481,0.0,0.0,100.0,1.0,0.08,-8.0,-234.49481071747533,234.49481071747533,0.0,-234.49481071747533,234.49481071747533,0.0,-21122.1054254718,21122.1054254718,0.0,0.0,0.0,0.0,0.0,0.0,0.0,0.0,0.0,-214918.9504690675,-214918.9504690675,21591.09504690675,21591.09504690675,21491.09504690675,0.0,100.0,0.0,0.0,21591.09504690675,21591.09504690675,1,0.0,100.0
2093,25004.712290534993,0.0,-250047.12290534994,0.0,10.0,0.0,-0.0,0.1,0.333633969,33.3633969,0.0,0.0,100.0,1.0,0.11,-11.0,-414.12733157557295,414.12733157557295,0.0,-414.12733157557295,414.12733157557295,0.0,-24276.457627383847,24276.457627383847,0.0,0.0,0.0,0.0,0.0,0.0,0.0,0.0,0.0,-250058.12290534994,-250058.12290534994,25104.712290534993,25104.712290534993,25004.712290534993,0.0,100.0,0.0,0.0,25104.712290534993,25104.712290534993,1,0.0,100.0
2094,26227.87199115373,0.0,-262278.7199115373,0.0,10.0,0.0,-0.0,0.1,0.329679383,32.9679383,0.0,0.0,100.0,1.0,0.11,-11.0,-654.6279696043723,654.6279696043723,0.0,-654.6279696043723,654.6279696043723,0.0,-30227.89728625969,30227.89728625969,0.0,0.0,4076.007099609375,4076.007099609375,0.0,0.0,1133.2741347053322,1133.2741347053322,0.0,-262289.7199115373,-262289.7199115373,31537.153225468435,31537.153225468435,31437.153225468435,0.0,100.0,0.0,0.0,31537.153225468435,26327.871991153726,1,0.0,100.0
2095,47996.37299753689,0.0,-479963.72997536894,0.0,10.0,0.0,-0.0,0.1,0.331128583,33.1128583,0.0,0.0,100.0,1.0,0.11,-11.0,-895.0190030537477,895.0190030537477,0.0,-895.0190030537477,895.0190030537477,0.0,-63366.64093289411,63366.64093289411,0.0,0.0,11891.47025390625,11891.47025390625,0.0,0.0,5168.835687558467,5168.835687558467,0.0,-479974.72997536894,-479974.72997536894,65156.678939001606,65156.678939001606,65056.678939001606,0.0,100.0,0.0,0.0,65156.678939001606,48096.37299753689,1,0.0,100.0
2096,35140.60992720435,0.0,-351406.0992720435,0.0,10.0,0.0,-0.0,0.1,0.3300557389999999,33.00557389999999,0.0,0.0,100.0,1.0,0.11,-11.0,-931.1647640336324,931.1647640336324,0.0,-931.1647640336324,931.1647640336324,0.0,-61146.61480449365,61146.61480449365,0.0,0.0,19033.83131835937,19033.83131835937,0.0,0.0,8734.503086997194,8734.503086997194,0.0,-351417.0992720435,-351417.0992720435,63008.94433256092,63008.94433256092,62908.94433256092,0.0,100.0,0.0,0.0,63008.94433256092,35240.60992720435,1,0.0,100.0
2097,19356.724085283542,0.0,-193567.2408528354,0.0,10.0,0.0,-0.0,0.1,0.3518638739999999,35.186387399999994,0.0,0.0,100.0,1.0,0.11,-11.0,-988.289187488206,988.289187488206,0.0,-988.289187488206,988.289187488206,0.0,-58689.71029952969,58689.71029952969,0.0,0.0,25951.82501953125,25951.82501953125,0.0,0.0,15257.739569691304,15257.739569691304,0.0,-193578.2408528354,-193578.2408528354,60666.2886745061,60666.2886745061,60566.2886745061,0.0,100.0,0.0,0.0,60666.2886745061,19456.72408528354,1,0.0,100.0
2098,21906.370629874556,0.0,-219063.70629874556,0.0,10.0,0.0,-0.0,0.1,0.368702645,36.8702645,0.0,0.0,100.0,1.0,0.11,-11.0,-1064.0703007657664,1064.0703007657664,0.0,-1064.0703007657664,1064.0703007657664,0.0,-67262.88463983742,67262.88463983742,0.0,0.0,29915.6484375,29915.6484375,0.0,0.0,17469.00617399439,17469.00617399439,0.0,-219074.70629874556,-219074.70629874556,69391.02524136894,69391.02524136894,69291.02524136894,0.0,100.0,0.0,0.0,69391.02524136894,22006.370629874553,1,0.0,100.0
2099,34804.7648898794,0.0,-348047.64889879397,0.0,10.0,0.0,-0.0,0.1,0.339862015,33.9862015,0.0,0.0,100.0,1.0,0.11,-11.0,-1125.4474279781596,1125.4474279781596,0.0,-1125.4474279781596,1125.4474279781596,0.0,-77973.43748324964,77973.43748324964,0.0,0.0,33019.39696289063,33019.39696289063,0.0,0.0,12300.170486435924,12300.170486435924,0.0,-348058.64889879397,-348058.64889879397,80224.33233920595,80224.33233920595,80124.33233920595,0.0,100.0,0.0,0.0,80224.33233920595,34904.7648898794,1,0.0,100.0
2100,36739.45507530122,0.0,-367394.55075301224,0.0,10.0,0.0,-0.0,0.1,0.329634006,32.9634006,0.0,0.0,100.0,1.0,0.11,-11.0,-1086.356113357454,1086.356113357454,0.0,-1086.356113357454,1086.356113357454,0.0,-84732.40012059688,84732.40012059688,0.0,0.0,33094.18608398437,33094.18608398437,0.0,0.0,16971.471188026197,16971.471188026197,0.0,-367405.55075301224,-367405.55075301224,86905.11234731179,86905.11234731179,86805.11234731179,0.0,100.0,0.0,0.0,86905.11234731179,36839.45507530122,1,0.0,100.0
2101,43503.21793515276,0.0,-435032.1793515276,0.0,10.0,0.0,-0.0,0.1,0.335402374,33.5402374,0.0,0.0,100.0,1.0,0.11,-11.0,-1085.0857584816483,1085.0857584816483,0.0,-1085.0857584816483,1085.0857584816483,0.0,-87024.28761653854,87024.28761653854,0.0,0.0,30140.01580078125,30140.01580078125,0.0,0.0,15451.225397567823,15451.225397567823,0.0,-435043.1793515276,-435043.1793515276,89194.45913350183,89194.45913350183,89094.45913350183,0.0,100.0,0.0,0.0,89194.45913350183,43603.21793515276,1,0.0,100.0
2102,56328.33681680114,0.0,-563283.3681680113,0.0,10.0,0.0,-0.0,0.1,0.358034212,35.8034212,0.0,0.0,100.0,1.0,0.08,-8.0,-881.060097605227,881.060097605227,0.0,-881.060097605227,881.060097605227,0.0,-87829.08985425007,87829.08985425007,0.0,0.0,25091.750126953124,25091.750126953124,0.0,0.0,8071.123105706269,8071.123105706269,0.0,-563291.3681680113,-563291.3681680113,89591.21004946053,89591.21004946053,89491.21004946053,0.0,100.0,0.0,0.0,89591.21004946053,56428.33681680114,1,0.0,100.0
2103,68128.54483669436,0.0,-681285.4483669436,0.0,10.0,0.0,-0.0,0.1,0.339022952,33.9022952,0.0,0.0,100.0,1.0,0.08,-8.0,-702.5632101354621,702.5632101354621,0.0,-702.5632101354621,702.5632101354621,0.0,-90907.3887155585,90907.3887155585,0.0,0.0,19108.620439453123,19108.620439453123,0.0,0.0,4975.349859681946,4975.349859681946,0.0,-681293.4483669436,-681293.4483669436,92312.51513582942,92312.51513582942,92212.51513582942,0.0,100.0,0.0,0.0,92312.51513582942,68228.54483669435,1,0.0,100.0
2104,70477.51740319029,0.0,-704775.1740319028,0.0,10.0,0.0,-0.0,0.1,0.30482756,30.482756,0.0,0.0,100.0,1.0,0.08,-8.0,-504.02444571757417,504.02444571757417,0.0,-504.02444571757417,504.02444571757417,0.0,-83706.39084710067,83706.39084710067,0.0,0.0,11068.789921875,11068.789921875,0.0,0.0,3068.1324134705337,3068.1324134705337,0.0,-704783.1740319028,-704783.1740319028,84714.43973853582,84714.43973853582,84614.43973853582,0.0,100.0,0.0,0.0,84714.43973853582,70577.51740319029,1,0.0,100.0
2105,66700.14177025207,0.0,-667001.4177025207,0.0,10.0,0.0,-0.0,0.1,0.291777736,29.177773600000002,0.0,0.0,100.0,1.0,0.11,-11.0,-503.561013297078,503.561013297078,0.0,-503.561013297078,503.561013297078,0.0,-70272.29687159583,70272.29687159583,0.0,0.0,3290.721328125,3290.721328125,0.0,0.0,1188.5557998129095,1188.5557998129095,0.0,-667012.4177025207,-667012.4177025207,71279.41889818998,71279.41889818998,71179.41889818998,0.0,100.0,0.0,0.0,71279.41889818998,66800.14177025207,1,0.0,100.0
2106,71183.85847159475,0.0,-711838.5847159475,0.0,10.0,0.0,-0.0,0.1,0.284522275,28.4522275,0.0,0.0,100.0,1.0,0.11,-11.0,-522.390890841978,522.390890841978,0.0,-522.390890841978,522.390890841978,0.0,-70404.92168523352,70404.92168523352,0.0,0.0,0.0,0.0,0.0,0.0,165.84499532273156,165.84499532273156,0.0,-711849.5847159475,-711849.5847159475,71449.70346691748,71449.70346691748,71349.70346691748,0.0,100.0,0.0,0.0,71449.70346691748,71283.85847159475,1,0.0,100.0
2107,61702.370790692694,0.0,-617023.707906927,0.0,10.0,0.0,-0.0,0.1,0.275905926,27.5905926,0.0,0.0,100.0,1.0,0.11,-11.0,-540.2446725098408,540.2446725098408,0.0,-540.2446725098408,540.2446725098408,0.0,-60721.88144567301,60721.88144567301,0.0,0.0,0.0,0.0,0.0,0.0,0.0,0.0,0.0,-617034.707906927,-617034.707906927,61802.370790692694,61802.370790692694,61702.370790692694,0.0,100.0,0.0,0.0,61802.370790692694,61802.370790692694,1,0.0,100.0
2108,59266.681858154494,0.0,-592666.8185815449,0.0,10.0,0.0,-0.0,0.1,0.279036154,27.9036154,0.0,0.0,100.0,1.0,0.11,-11.0,-232.97931009434123,232.97931009434123,0.0,-232.97931009434123,232.97931009434123,0.0,-58900.72323796581,58900.72323796581,0.0,0.0,0.0,0.0,0.0,0.0,0.0,0.0,0.0,-592677.8185815449,-592677.8185815449,59366.681858154494,59366.681858154494,59266.681858154494,0.0,100.0,0.0,0.0,59366.681858154494,59366.681858154494,1,0.0,100.0
2109,21486.996208073837,0.0,-214869.96208073836,0.0,10.0,0.0,-0.0,0.1,0.301560085,30.1560085,0.0,0.0,100.0,1.0,0.11,-11.0,-232.49090838358927,232.49090838358927,0.0,-232.49090838358927,232.49090838358927,0.0,-21122.014391306657,21122.014391306657,0.0,0.0,0.0,0.0,0.0,0.0,0.0,0.0,0.0,-214880.96208073836,-214880.96208073836,21586.996208073837,21586.996208073837,21486.996208073837,0.0,100.0,0.0,0.0,21586.996208073837,21586.996208073837,1,0.0,100.0
2110,18508.45989339116,0.0,-185084.5989339116,0.0,10.0,0.0,-0.0,0.1,0.3357373329999999,33.573733299999994,0.0,0.0,100.0,1.0,0.11,-11.0,-235.5119416212326,235.5119416212326,0.0,-235.5119416212326,235.5119416212326,0.0,-18137.436010148693,18137.436010148693,0.0,0.0,0.0,0.0,0.0,0.0,0.0,0.0,0.0,-185095.5989339116,-185095.5989339116,18608.45989339116,18608.45989339116,18508.45989339116,0.0,100.0,0.0,0.0,18608.45989339116,18608.45989339116,1,0.0,100.0
2111,17763.595109595244,0.0,-177635.95109595245,0.0,10.0,0.0,-0.0,0.1,0.369099827,36.9099827,0.0,0.0,100.0,1.0,0.11,-11.0,-232.55473801599308,232.55473801599308,0.0,-232.55473801599308,232.55473801599308,0.0,-17398.485633563258,17398.485633563258,0.0,0.0,0.0,0.0,0.0,0.0,0.0,0.0,0.0,-177646.95109595245,-177646.95109595245,17863.595109595244,17863.595109595244,17763.595109595244,0.0,100.0,0.0,0.0,17863.595109595244,17863.595109595244,1,0.0,100.0
2112,17763.56502247209,0.0,-177635.65022472088,0.0,10.0,0.0,-0.0,0.1,0.378530807,37.8530807,0.0,0.0,100.0,1.0,0.08,-8.0,-232.539736776204,232.539736776204,0.0,-232.539736776204,232.539736776204,0.0,-17398.48554891968,17398.48554891968,0.0,0.0,0.0,0.0,0.0,0.0,0.0,0.0,0.0,-177643.65022472088,-177643.65022472088,17863.56502247209,17863.56502247209,17763.56502247209,0.0,100.0,0.0,0.0,17863.56502247209,17863.56502247209,1,0.0,100.0
2113,17763.48541643879,0.0,-177634.8541643879,0.0,10.0,0.0,-0.0,0.1,0.38345635,38.345635,0.0,0.0,100.0,1.0,0.08,-8.0,-232.4999277135805,232.4999277135805,0.0,-232.4999277135805,232.4999277135805,0.0,-17398.48556101163,17398.48556101163,0.0,0.0,0.0,0.0,0.0,0.0,0.0,0.0,0.0,-177642.8541643879,-177642.8541643879,17863.48541643879,17863.48541643879,17763.48541643879,0.0,100.0,0.0,0.0,17863.48541643879,17863.48541643879,1,0.0,100.0
2114,17763.41546351388,0.0,-177634.1546351388,0.0,10.0,0.0,-0.0,0.1,0.377725187,37.7725187,0.0,0.0,100.0,1.0,0.08,-8.0,-232.4649633430696,232.4649633430696,0.0,-232.4649633430696,232.4649633430696,0.0,-17398.485536827742,17398.485536827742,0.0,0.0,0.0,0.0,0.0,0.0,0.0,0.0,0.0,-177642.1546351388,-177642.1546351388,17863.41546351388,17863.41546351388,17763.41546351388,0.0,100.0,0.0,0.0,17863.41546351388,17863.41546351388,1,0.0,100.0
2115,18504.114595413368,0.0,-185041.14595413368,0.0,10.0,0.0,-0.0,0.1,0.3731712029999999,37.31712029999999,0.0,0.0,100.0,1.0,0.08,-8.0,-233.339347046066,233.339347046066,0.0,-233.339347046066,233.339347046066,0.0,-18137.435901321234,18137.435901321234,0.0,0.0,0.0,0.0,0.0,0.0,0.0,0.0,0.0,-185049.14595413368,-185049.14595413368,18604.114595413368,18604.114595413368,18504.114595413368,0.0,100.0,0.0,0.0,18604.114595413368,18604.114595413368,1,0.0,100.0
2116,21488.604118393825,0.0,-214886.04118393824,0.0,10.0,0.0,-0.0,0.1,0.343954577,34.3954577,0.0,0.0,100.0,1.0,0.08,-8.0,-233.24942203563404,233.24942203563404,0.0,-233.24942203563404,233.24942203563404,0.0,-21122.105274322555,21122.105274322555,0.0,0.0,0.0,0.0,0.0,0.0,0.0,0.0,0.0,-214894.04118393824,-214894.04118393824,21588.604118393825,21588.604118393825,21488.604118393825,0.0,100.0,0.0,0.0,21588.604118393825,21588.604118393825,1,0.0,100.0
2117,30055.512308702277,0.0,-300555.12308702274,0.0,10.0,0.0,-0.0,0.1,0.313436261,31.343626099999998,0.0,0.0,100.0,1.0,0.11,-11.0,-268.90078592191617,268.90078592191617,0.0,-268.90078592191617,268.90078592191617,0.0,-29617.710736858444,29617.710736858444,0.0,0.0,0.0,0.0,0.0,0.0,0.0,0.0,0.0,-300566.12308702274,-300566.12308702274,30155.512308702277,30155.512308702277,30055.512308702277,0.0,100.0,0.0,0.0,30155.512308702277,30155.512308702277,1,0.0,100.0
2118,32257.971556220786,0.0,-322579.71556220786,0.0,10.0,0.0,-0.0,0.1,0.297141016,29.7141016,0.0,0.0,100.0,1.0,0.11,-11.0,-509.9956837699273,509.9956837699273,0.0,-509.9956837699273,509.9956837699273,0.0,-34747.461462469226,34747.461462469226,0.0,0.0,1944.5171484375,1944.5171484375,0.0,0.0,1464.9641253507953,1464.9641253507953,0.0,-322590.71556220786,-322590.71556220786,35767.45283000908,35767.45283000908,35667.45283000908,0.0,100.0,0.0,0.0,35767.45283000908,32357.971556220786,1,0.0,100.0
2119,64167.60773965009,0.0,-641676.0773965009,0.0,10.0,0.0,-0.0,0.1,0.288041304,28.8041304,0.0,0.0,100.0,1.0,0.11,-11.0,-693.5314363993915,693.5314363993915,0.0,-693.5314363993915,693.5314363993915,0.0,-74474.82680165092,74474.82680165092,0.0,0.0,4711.71462890625,4711.71462890625,0.0,0.0,6882.567305893359,6882.567305893359,0.0,-641687.0773965009,-641687.0773965009,75861.8896744497,75861.8896744497,75761.8896744497,0.0,100.0,0.0,0.0,75861.8896744497,64267.60773965009,1,0.0,100.0
2120,67340.52444787255,0.0,-673405.2444787255,0.0,10.0,0.0,-0.0,0.1,0.280008942,28.000894199999998,0.0,0.0,100.0,1.0,0.11,-11.0,-693.7034379068975,693.7034379068975,0.0,-693.7034379068975,693.7034379068975,0.0,-85173.77609917594,85173.77609917594,0.0,0.0,5908.34056640625,5908.34056640625,0.0,0.0,13212.317960710949,13212.317960710949,0.0,-673416.2444787255,-673416.2444787255,86561.18297498976,86561.18297498974,86461.18297498976,0.0,100.0,0.0,0.0,86561.18297498974,67440.52444787254,1,0.0,100.0
2121,62979.73752306693,0.0,-629797.3752306693,0.0,10.0,0.0,-0.0,0.1,0.2771691089999999,27.71691089999999,0.0,0.0,100.0,1.0,0.11,-11.0,-710.4421014612525,710.4421014612525,0.0,-710.4421014612525,710.4421014612525,0.0,-85546.76109679755,85546.76109679755,0.0,0.0,5534.3949609375,5534.3949609375,0.0,0.0,18353.512815715625,18353.512815715625,0.0,-629808.3752306693,-629808.3752306693,86967.64529972005,86967.64529972005,86867.64529972005,0.0,100.0,0.0,0.0,86967.64529972005,63079.73752306693,1,0.0,100.0
2122,55150.578463087324,0.0,-551505.7846308732,0.0,10.0,0.0,-0.0,0.1,0.272712568,27.2712568,0.0,0.0,100.0,1.0,0.11,-11.0,-713.3933560443318,713.3933560443318,0.0,-713.3933560443318,713.3933560443318,0.0,-87123.94442268732,87123.94442268732,0.0,0.0,10994.00080078125,10994.00080078125,0.0,0.0,22306.1518709074,22306.1518709074,0.0,-551516.7846308732,-551516.7846308732,88550.73113477597,88550.73113477598,88450.73113477597,0.0,100.0,0.0,0.0,88550.73113477598,55250.57846308733,1,0.0,100.0
2123,51806.20734772798,0.0,-518062.07347727974,0.0,10.0,0.0,-0.0,0.1,0.309553532,30.9553532,0.0,0.0,100.0,1.0,0.11,-11.0,-710.8922357278512,710.8922357278512,0.0,-710.8922357278512,710.8922357278512,0.0,-85473.74893939165,85473.74893939165,0.0,0.0,14396.905810546874,14396.905810546874,0.0,0.0,20592.4202525725,20592.4202525725,0.0,-518073.07347727974,-518073.07347727974,86895.53341084736,86895.53341084735,86795.53341084736,0.0,100.0,0.0,0.0,86895.53341084735,51906.20734772797,1,0.0,100.0
2124,52955.470300614856,0.0,-529554.7030061486,0.0,10.0,0.0,-0.0,0.1,0.3414466679999999,34.14466679999999,0.0,0.0,100.0,1.0,0.11,-11.0,-695.4350615648566,695.4350615648566,0.0,-695.4350615648566,695.4350615648566,0.0,-88819.63328835285,88819.63328835285,0.0,0.0,15070.007900390625,15070.007900390625,0.0,0.0,22085.025210477084,22085.025210477084,0.0,-529565.7030061486,-529565.7030061486,90210.50341148255,90210.50341148257,90110.50341148255,0.0,100.0,0.0,0.0,90210.50341148257,53055.47030061486,1,0.0,100.0
2125,49882.43343602121,0.0,-498824.3343602121,0.0,10.0,0.0,-0.0,0.1,0.3431565589999999,34.31565589999999,0.0,0.0,100.0,1.0,0.11,-11.0,-696.3044144635119,696.3044144635119,0.0,-696.3044144635119,696.3044144635119,0.0,-87401.65570032348,87401.65570032348,0.0,0.0,15593.531748046877,15593.531748046877,0.0,0.0,23218.29934518242,23218.29934518242,0.0,-498835.3343602121,-498835.3343602121,88794.2645292505,88794.2645292505,88694.2645292505,0.0,100.0,0.0,0.0,88794.2645292505,49982.43343602121,1,0.0,100.0
2126,56543.76191481239,0.0,-565437.6191481239,0.0,10.0,0.0,-0.0,0.1,0.325577489,32.5577489,0.0,0.0,100.0,1.0,0.08,-8.0,-688.2145397377024,688.2145397377024,0.0,-688.2145397377024,688.2145397377024,0.0,-86622.81026138683,86622.81026138683,0.0,0.0,12228.021298828126,12228.021298828126,0.0,0.0,19127.456127221707,19127.456127221707,0.0,-565445.6191481239,-565445.6191481239,87999.23934086223,87999.23934086223,87899.23934086223,0.0,100.0,0.0,0.0,87999.23934086223,56643.7619148124,1,0.0,100.0
2127,65747.12195408969,0.0,-657471.2195408968,0.0,10.0,0.0,-0.0,0.1,0.285177417,28.5177417,0.0,0.0,100.0,1.0,0.08,-8.0,-684.6394995592102,684.6394995592102,0.0,-684.6394995592102,684.6394995592102,0.0,-89261.47335556286,89261.47335556286,0.0,0.0,8862.510849609374,8862.510849609374,0.0,0.0,15921.119550982228,15921.119550982228,0.0,-657479.2195408968,-657479.2195408968,90630.75235468129,90630.75235468129,90530.75235468129,0.0,100.0,0.0,0.0,90630.75235468129,65847.12195408969,0,0.0,100.0
2128,61642.67280279727,0.0,-616426.7280279727,0.0,10.0,0.0,-0.0,0.1,0.268833558,26.883355799999997,0.0,0.0,100.0,1.0,0.08,-8.0,-503.544373658786,503.544373658786,0.0,-503.544373658786,503.544373658786,0.0,-77550.61616233336,77550.61616233336,0.0,0.0,7030.1773828125,7030.1773828125,0.0,0.0,9784.85472404116,9784.85472404116,0.0,-616434.7280279727,-616434.7280279727,78557.70490965093,78557.70490965093,78457.70490965093,0.0,100.0,0.0,0.0,78557.70490965093,61742.67280279727,1,0.0,100.0
2129,48646.14903369534,0.0,-486461.49033695343,0.0,10.0,0.0,-0.0,0.1,0.263741984,26.374198399999997,0.0,0.0,100.0,1.0,0.11,-11.0,-503.536349242593,503.536349242593,0.0,-503.536349242593,503.536349242593,0.0,-54912.50865170959,54912.50865170959,0.0,0.0,3552.483251953125,3552.483251953125,0.0,0.0,3620.9490645463056,3620.9490645463056,0.0,-486472.49033695343,-486472.49033695343,55919.58135019477,55919.58135019478,55819.58135019477,0.0,100.0,0.0,0.0,55919.58135019478,48746.14903369534,1,0.0,100.0
2130,49784.00812013854,0.0,-497840.0812013854,0.0,10.0,0.0,-0.0,0.1,0.267249235,26.724923499999996,0.0,0.0,100.0,1.0,0.11,-11.0,-522.4214269715934,522.4214269715934,0.0,-522.4214269715934,522.4214269715934,0.0,-49087.93275917945,49087.93275917945,0.0,0.0,0.0,0.0,0.0,0.0,248.7674929840973,248.7674929840973,0.0,-497851.0812013854,-497851.0812013854,50132.775613122634,50132.775613122634,50032.775613122634,0.0,100.0,0.0,0.0,50132.775613122634,49884.00812013854,1,0.0,100.0
2131,39645.06757706802,0.0,-396450.6757706802,0.0,10.0,0.0,-0.0,0.1,0.270579968,27.0579968,0.0,0.0,100.0,1.0,0.11,-11.0,-540.3202981763104,540.3202981763104,0.0,-540.3202981763104,540.3202981763104,0.0,-38664.4269807154,38664.4269807154,0.0,0.0,0.0,0.0,0.0,0.0,0.0,0.0,0.0,-396461.6757706802,-396461.6757706802,39745.06757706802,39745.06757706802,39645.06757706802,0.0,100.0,0.0,0.0,39745.06757706802,39745.06757706802,1,0.0,100.0
2132,40099.47649369653,0.0,-400994.7649369653,0.0,10.0,0.0,-0.0,0.1,0.285548707,28.554870700000002,0.0,0.0,100.0,1.0,0.11,-11.0,-233.1180129106783,233.1180129106783,0.0,-233.1180129106783,233.1180129106783,0.0,-39733.24046787517,39733.24046787517,0.0,0.0,0.0,0.0,0.0,0.0,0.0,0.0,0.0,-401005.7649369653,-401005.7649369653,40199.47649369653,40199.47649369653,40099.47649369653,0.0,100.0,0.0,0.0,40199.47649369653,40199.47649369653,1,0.0,100.0
2133,21487.220666412948,0.0,-214872.20666412948,0.0,10.0,0.0,-0.0,0.1,0.305254679,30.5254679,0.0,0.0,100.0,1.0,0.11,-11.0,-232.60320405880992,232.60320405880992,0.0,-232.60320405880992,232.60320405880992,0.0,-21122.014258295327,21122.014258295327,0.0,0.0,0.0,0.0,0.0,0.0,0.0,0.0,0.0,-214883.20666412948,-214883.20666412948,21587.220666412948,21587.220666412948,21487.220666412948,0.0,100.0,0.0,0.0,21587.220666412948,21587.220666412948,1,0.0,100.0
2134,18508.789559219163,0.0,-185087.89559219163,0.0,10.0,0.0,-0.0,0.1,0.326862046,32.6862046,0.0,0.0,100.0,1.0,0.11,-11.0,-235.67682592597703,235.67682592597703,0.0,-235.67682592597703,235.67682592597703,0.0,-18137.43590736721,18137.43590736721,0.0,0.0,0.0,0.0,0.0,0.0,0.0,0.0,0.0,-185098.89559219163,-185098.89559219163,18608.789559219163,18608.789559219163,18508.789559219163,0.0,100.0,0.0,0.0,18608.789559219163,18608.789559219163,1,0.0,100.0
2135,17763.93354110771,0.0,-177639.33541107713,0.0,10.0,0.0,-0.0,0.1,0.353659846,35.3659846,0.0,0.0,100.0,1.0,0.11,-11.0,-232.7239930710301,232.7239930710301,0.0,-232.7239930710301,232.7239930710301,0.0,-17398.485554965653,17398.485554965653,0.0,0.0,0.0,0.0,0.0,0.0,0.0,0.0,0.0,-177650.33541107713,-177650.33541107713,17863.93354110771,17863.93354110771,17763.93354110771,0.0,100.0,0.0,0.0,17863.93354110771,17863.93354110771,1,0.0,100.0
2136,17763.898937562957,0.0,-177638.98937562958,0.0,10.0,0.0,-0.0,0.1,0.353013582,35.301358199999996,0.0,0.0,100.0,1.0,0.08,-8.0,-232.70674873536183,232.70674873536183,0.0,-232.70674873536183,232.70674873536183,0.0,-17398.485440092234,17398.485440092234,0.0,0.0,0.0,0.0,0.0,0.0,0.0,0.0,0.0,-177646.98937562958,-177646.98937562958,17863.898937562957,17863.898937562957,17763.898937562957,0.0,100.0,0.0,0.0,17863.898937562957,17863.898937562957,1,0.0,100.0
2137,17763.87530963675,0.0,-177638.75309636752,0.0,10.0,0.0,-0.0,0.1,0.35842726,35.842726,0.0,0.0,100.0,1.0,0.08,-8.0,-232.69494081823115,232.69494081823115,0.0,-232.69494081823115,232.69494081823115,0.0,-17398.485428000287,17398.485428000287,0.0,0.0,0.0,0.0,0.0,0.0,0.0,0.0,0.0,-177646.75309636752,-177646.75309636752,17863.87530963675,17863.87530963675,17763.87530963675,0.0,100.0,0.0,0.0,17863.87530963675,17863.87530963675,1,0.0,100.0
2138,17763.890133111578,0.0,-177638.90133111578,0.0,10.0,0.0,-0.0,0.1,0.346815666,34.681566600000004,0.0,0.0,100.0,1.0,0.08,-8.0,-232.70234953266024,232.70234953266024,0.0,-232.70234953266024,232.70234953266024,0.0,-17398.48543404626,17398.48543404626,0.0,0.0,0.0,0.0,0.0,0.0,0.0,0.0,0.0,-177646.90133111578,-177646.90133111578,17863.890133111578,17863.890133111578,17763.890133111578,0.0,100.0,0.0,0.0,17863.890133111578,17863.890133111578,1,0.0,100.0
2139,18512.671887488945,0.0,-185126.71887488946,0.0,10.0,0.0,-0.0,0.1,0.340064332,34.006433200000004,0.0,0.0,100.0,1.0,0.08,-8.0,-237.61802935966912,237.61802935966912,0.0,-237.61802935966912,237.61802935966912,0.0,-18137.435828769605,18137.435828769605,0.0,0.0,0.0,0.0,0.0,0.0,0.0,0.0,0.0,-185134.71887488946,-185134.71887488946,18612.671887488945,18612.671887488945,18512.671887488945,0.0,100.0,0.0,0.0,18612.671887488945,18612.671887488945,1,0.0,100.0
2140,21496.078609086133,0.0,-214960.78609086134,0.0,10.0,0.0,-0.0,0.1,0.339224546,33.9224546,0.0,0.0,100.0,1.0,0.08,-8.0,-236.9867550483475,236.9867550483475,0.0,-236.9867550483475,236.9867550483475,0.0,-21122.10509898944,21122.10509898944,0.0,0.0,0.0,0.0,0.0,0.0,0.0,0.0,0.0,-214968.78609086134,-214968.78609086134,21596.078609086133,21596.078609086133,21496.078609086133,0.0,100.0,0.0,0.0,21596.078609086133,21596.078609086133,1,0.0,100.0
2141,31033.482538961976,0.0,-310334.82538961974,0.0,10.0,0.0,-0.0,0.1,0.3209675589999999,32.09675589999999,0.0,0.0,100.0,1.0,0.11,-11.0,-343.70629617674297,343.70629617674297,0.0,-343.70629617674297,343.70629617674297,0.0,-30446.06994660849,30446.06994660849,0.0,0.0,0.0,0.0,0.0,0.0,0.0,0.0,0.0,-310345.82538961974,-310345.82538961974,31133.482538961976,31133.482538961976,31033.482538961976,0.0,100.0,0.0,0.0,31133.482538961976,31133.482538961976,1,0.0,100.0
2142,36703.15534130182,0.0,-367031.5534130182,0.0,10.0,0.0,-0.0,0.1,0.314442661,31.4442661,0.0,0.0,100.0,1.0,0.11,-11.0,-600.4769295940312,600.4769295940312,0.0,-600.4769295940312,600.4769295940312,0.0,-39385.6283613708,39385.6283613708,0.0,0.0,2318.46275390625,2318.46275390625,0.0,0.0,1464.9641253507953,1464.9641253507953,0.0,-367042.5534130182,-367042.5534130182,40586.58222055886,40586.58222055886,40486.58222055886,0.0,100.0,0.0,0.0,40586.58222055886,36803.15534130182,1,0.0,100.0
2143,67395.71304146865,0.0,-673957.1304146865,0.0,10.0,0.0,-0.0,0.1,0.304531624,30.4531624,0.0,0.0,100.0,1.0,0.11,-11.0,-786.9365007342942,786.9365007342942,0.0,-786.9365007342942,786.9365007342942,0.0,-75555.33807322694,75555.33807322694,0.0,0.0,2916.77572265625,2916.77572265625,0.0,0.0,6716.722310570628,6716.722310570628,0.0,-673968.1304146865,-673968.1304146865,77129.21107469553,77129.21107469553,77029.21107469553,0.0,100.0,0.0,0.0,77129.21107469553,67495.71304146865,1,0.0,100.0
2144,60962.905587542205,0.0,-609629.0558754221,0.0,10.0,0.0,-0.0,0.1,0.291747493,29.174749300000002,0.0,0.0,100.0,1.0,0.11,-11.0,-807.153262925266,807.153262925266,0.0,-807.153262925266,807.153262925266,0.0,-79739.86304518055,79739.86304518055,0.0,0.0,7217.150185546875,7217.150185546875,0.0,0.0,13074.113797942004,13074.113797942004,0.0,-609640.0558754221,-609640.0558754221,81354.16957103109,81354.16957103109,81254.16957103109,0.0,100.0,0.0,0.0,81354.16957103109,61062.905587542205,1,0.0,100.0
2145,59172.43672392989,0.0,-591724.3672392989,0.0,10.0,0.0,-0.0,0.1,0.288956194,28.8956194,0.0,0.0,100.0,1.0,0.11,-11.0,-853.5119265990216,853.5119265990216,0.0,-853.5119265990216,853.5119265990216,0.0,-84053.0527811055,84053.0527811055,0.0,0.0,8189.408759765624,8189.408759765624,0.0,0.0,18298.231150608048,18298.231150608048,0.0,-591735.3672392989,-591735.3672392989,85760.07663430356,85760.07663430355,85660.07663430356,0.0,100.0,0.0,0.0,85760.07663430355,59272.43672392987,1,0.0,100.0
2146,52598.71440735282,0.0,-525987.1440735282,0.0,10.0,0.0,-0.0,0.1,0.294271425,29.4271425,0.0,0.0,100.0,1.0,0.11,-11.0,-892.1228331714615,892.1228331714615,0.0,-892.1228331714615,892.1228331714615,0.0,-85266.56178172772,85266.56178172772,0.0,0.0,11741.89201171875,11741.89201171875,0.0,0.0,22610.20102899907,22610.20102899907,0.0,-525998.1440735282,-525998.1440735282,87050.80744807064,87050.80744807064,86950.80744807064,0.0,100.0,0.0,0.0,87050.80744807064,52698.714407352825,1,0.0,100.0
2147,45652.94742448142,0.0,-456529.4742448142,0.0,10.0,0.0,-0.0,0.1,0.30236706,30.236706,0.0,0.0,100.0,1.0,0.11,-11.0,-912.6237131694572,912.6237131694572,0.0,-912.6237131694572,912.6237131694572,0.0,-83022.51568093235,83022.51568093235,0.0,0.0,14135.14388671875,14135.14388671875,0.0,0.0,24959.6717960711,24959.6717960711,0.0,-456540.4742448142,-456540.4742448142,84847.76310727127,84847.76310727127,84747.76310727127,0.0,100.0,0.0,0.0,84847.76310727127,45752.94742448142,1,0.0,100.0
2148,54141.781561632364,0.0,-541417.8156163236,0.0,10.0,0.0,-0.0,0.1,0.291115025,29.111502500000004,0.0,0.0,100.0,1.0,0.11,-11.0,-912.3245837877248,912.3245837877248,0.0,-912.3245837877248,912.3245837877248,0.0,-86366.08188420725,86366.08188420725,0.0,0.0,9984.347666015625,9984.347666015625,0.0,0.0,23964.60182413471,23964.60182413471,0.0,-541428.8156163236,-541428.8156163236,88190.7310517827,88190.7310517827,88090.7310517827,0.0,100.0,0.0,0.0,88190.7310517827,54241.781561632364,1,0.0,100.0
2149,59279.35472865631,0.0,-592793.5472865631,0.0,10.0,0.0,-0.0,0.1,0.321863484,32.1863484,0.0,0.0,100.0,1.0,0.11,-11.0,-931.4313497172388,931.4313497172388,0.0,-931.4313497172388,931.4313497172388,0.0,-86560.1462042686,86560.1462042686,0.0,0.0,7179.755625,7179.755625,0.0,0.0,21863.89855004677,21863.89855004677,0.0,-592804.5472865631,-592804.5472865631,88423.00890370308,88423.00890370308,88323.00890370308,0.0,100.0,0.0,0.0,88423.00890370308,59379.35472865631,1,0.0,100.0
2150,61903.58563310576,0.0,-619035.8563310576,0.0,10.0,0.0,-0.0,0.1,0.359224401,35.9224401,0.0,0.0,100.0,1.0,0.08,-8.0,-927.241742105454,927.241742105454,0.0,-927.241742105454,927.241742105454,0.0,-86245.00420755985,86245.00420755985,0.0,0.0,5945.735126953125,5945.735126953125,0.0,0.0,20150.166931711883,20150.166931711883,0.0,-619043.8563310576,-619043.8563310576,88099.48769177077,88099.48769177076,87999.48769177077,0.0,100.0,0.0,0.0,88099.48769177076,62003.58563310575,0,0.0,100.0
2151,72162.60963771457,0.0,-721626.0963771457,0.0,10.0,0.0,-0.0,0.1,0.366123567,36.6123567,0.0,0.0,100.0,1.0,0.08,-8.0,-877.1037273615314,877.1037273615314,0.0,-877.1037273615314,877.1037273615314,0.0,-88713.73577186328,88713.73577186328,0.0,0.0,4412.55814453125,4412.55814453125,0.0,0.0,13792.775444340508,13792.775444340508,0.0,-721634.0963771457,-721634.0963771457,90467.94322658633,90467.94322658634,90367.94322658633,0.0,100.0,0.0,0.0,90467.94322658634,72262.60963771459,0,0.0,100.0
2152,71903.07749316875,0.0,-719030.7749316875,0.0,10.0,0.0,-0.0,0.1,0.36924226,36.924226,0.0,0.0,100.0,1.0,0.08,-8.0,-644.6474527984066,644.6474527984066,0.0,-644.6474527984066,644.6474527984066,0.0,-81394.4231744321,81394.4231744321,0.0,0.0,2056.700830078125,2056.700830078125,0.0,0.0,8623.93975678204,8623.93975678204,0.0,-719038.7749316875,-719038.7749316875,82683.71808002892,82683.71808002892,82583.71808002892,0.0,100.0,0.0,0.0,82683.71808002892,72003.07749316876,1,0.0,100.0
2153,65016.24172822523,0.0,-650162.4172822523,0.0,10.0,0.0,-0.0,0.1,0.35371648,35.371648,0.0,0.0,100.0,1.0,0.11,-11.0,-632.1473621965903,632.1473621965903,0.0,-632.1473621965903,632.1473621965903,0.0,-68680.8960852969,68680.8960852969,0.0,0.0,1346.2041796875,1346.2041796875,0.0,0.0,3482.7449017773624,3482.7449017773624,0.0,-650173.4172822523,-650173.4172822523,69945.19080969009,69945.19080969009,69845.19080969009,0.0,100.0,0.0,0.0,69945.19080969009,65116.24172822523,1,0.0,100.0
2154,57361.64688867761,0.0,-573616.4688867761,0.0,10.0,0.0,-0.0,0.1,0.349528689,34.9528689,0.0,0.0,100.0,1.0,0.11,-11.0,-648.7297379231832,648.7297379231832,0.0,-648.7297379231832,648.7297379231832,0.0,-56385.31407326156,56385.31407326156,0.0,0.0,0.0,0.0,0.0,0.0,221.1266604303088,221.1266604303088,0.0,-573627.4688867761,-573627.4688867761,57682.77354910792,57682.77354910792,57582.77354910792,0.0,100.0,0.0,0.0,57682.77354910792,57461.64688867761,1,0.0,100.0
2155,36070.35452558515,0.0,-360703.54525585147,0.0,10.0,0.0,-0.0,0.1,0.347673158,34.7673158,0.0,0.0,100.0,1.0,0.11,-11.0,-661.1369962641456,661.1369962641456,0.0,-661.1369962641456,661.1369962641456,0.0,-34848.08053305686,34848.08053305686,0.0,0.0,0.0,0.0,0.0,0.0,0.0,0.0,0.0,-360714.54525585147,-360714.54525585147,36170.35452558515,36170.35452558515,36070.35452558515,0.0,100.0,0.0,0.0,36170.35452558515,36170.35452558515,1,0.0,100.0
2156,35263.275433546565,0.0,-352632.75433546567,0.0,10.0,0.0,-0.0,0.1,0.343389946,34.3389946,0.0,0.0,100.0,1.0,0.11,-11.0,-233.20611625561963,233.20611625561963,0.0,-233.20611625561963,233.20611625561963,0.0,-34896.863201035325,34896.863201035325,0.0,0.0,0.0,0.0,0.0,0.0,0.0,0.0,0.0,-352643.75433546567,-352643.75433546567,35363.275433546565,35363.275433546565,35263.275433546565,0.0,100.0,0.0,0.0,35363.275433546565,35363.275433546565,1,0.0,100.0
2157,21488.61579305513,0.0,-214886.1579305513,0.0,10.0,0.0,-0.0,0.1,0.353436276,35.3436276,0.0,0.0,100.0,1.0,0.11,-11.0,-233.3008157476605,233.3008157476605,0.0,-233.3008157476605,233.3008157476605,0.0,-21122.01416155981,21122.01416155981,0.0,0.0,0.0,0.0,0.0,0.0,0.0,0.0,0.0,-214897.1579305513,-214897.1579305513,21588.61579305513,21588.61579305513,21488.61579305513,0.0,100.0,0.0,0.0,21588.61579305513,21588.61579305513,1,0.0,100.0
2158,18509.95176743205,0.0,-185099.5176743205,0.0,10.0,0.0,-0.0,0.1,0.357834881,35.7834881,0.0,0.0,100.0,1.0,0.11,-11.0,-236.2579753771913,236.2579753771913,0.0,-236.2579753771913,236.2579753771913,0.0,-18137.435816677666,18137.435816677666,0.0,0.0,0.0,0.0,0.0,0.0,0.0,0.0,0.0,-185110.5176743205,-185110.5176743205,18609.95176743205,18609.95176743205,18509.95176743205,0.0,100.0,0.0,0.0,18609.95176743205,18609.95176743205,1,0.0,100.0
2159,17765.03339164044,0.0,-177650.3339164044,0.0,10.0,0.0,-0.0,0.1,0.368090502,36.8090502,0.0,0.0,100.0,1.0,0.11,-11.0,-233.27396972813423,233.27396972813423,0.0,-233.27396972813423,233.27396972813423,0.0,-17398.485452184173,17398.485452184173,0.0,0.0,0.0,0.0,0.0,0.0,0.0,0.0,0.0,-177661.3339164044,-177661.3339164044,17865.03339164044,17865.03339164044,17765.03339164044,0.0,100.0,0.0,0.0,17865.03339164044,17865.03339164044,1,0.0,100.0
2160,14751.576284747534,0.0,-147515.76284747536,0.0,10.0,0.0,-0.0,0.1,0.384724777,38.4724777,0.0,0.0,100.0,1.0,0.08,-8.0,-233.22309263654125,233.22309263654125,0.0,-233.22309263654125,233.22309263654125,0.0,-14385.130099474452,14385.130099474452,0.0,0.0,0.0,0.0,0.0,0.0,0.0,0.0,0.0,-147523.76284747536,-147523.76284747536,14851.576284747534,14851.576284747534,14751.576284747534,0.0,100.0,0.0,0.0,14851.576284747534,14851.576284747534,1,0.0,100.0
2161,14751.499819191387,0.0,-147514.99819191388,0.0,10.0,0.0,-0.0,0.1,0.375582669,37.5582669,0.0,0.0,100.0,1.0,0.08,-8.0,-233.18486590443808,233.18486590443808,0.0,-233.18486590443808,233.18486590443808,0.0,-14385.130087382511,14385.130087382511,0.0,0.0,0.0,0.0,0.0,0.0,0.0,0.0,0.0,-147522.99819191388,-147522.99819191388,14851.499819191387,14851.499819191387,14751.499819191387,0.0,100.0,0.0,0.0,14851.499819191387,14851.499819191387,1,0.0,100.0
2162,14751.445474462107,0.0,-147514.45474462106,0.0,10.0,0.0,-0.0,0.1,0.381109627,38.1109627,0.0,0.0,100.0,1.0,0.08,-8.0,-233.157687493827,233.157687493827,0.0,-233.157687493827,233.157687493827,0.0,-14385.130099474452,14385.130099474452,0.0,0.0,0.0,0.0,0.0,0.0,0.0,0.0,0.0,-147522.45474462106,-147522.45474462106,14851.445474462107,14851.445474462107,14751.445474462107,0.0,100.0,0.0,0.0,14851.445474462107,14851.445474462107,1,0.0,100.0
2163,15492.447885254714,0.0,-154924.47885254715,0.0,10.0,0.0,-0.0,0.1,0.386844141,38.6844141,0.0,0.0,100.0,1.0,0.08,-8.0,-234.18370157442985,234.18370157442985,0.0,-234.18370157442985,234.18370157442985,0.0,-15124.080482105855,15124.080482105855,0.0,0.0,0.0,0.0,0.0,0.0,0.0,0.0,0.0,-154932.47885254715,-154932.47885254715,15592.447885254714,15592.447885254714,15492.447885254714,0.0,100.0,0.0,0.0,15592.447885254714,15592.447885254714,1,0.0,100.0
2164,16970.31551814521,0.0,-169703.1551814521,0.0,10.0,0.0,-0.0,0.1,0.370804165,37.0804165,0.0,0.0,100.0,1.0,0.08,-8.0,-234.1217241101729,234.1217241101729,0.0,-234.1217241101729,234.1217241101729,0.0,-16602.072069924863,16602.072069924863,0.0,0.0,0.0,0.0,0.0,0.0,0.0,0.0,0.0,-169711.1551814521,-169711.1551814521,17070.31551814521,17070.31551814521,16970.31551814521,0.0,100.0,0.0,0.0,17070.31551814521,17070.31551814521,1,0.0,100.0
2165,24692.125750681516,0.0,-246921.25750681516,0.0,10.0,0.0,-0.0,0.1,0.349835589,34.9835589,0.0,0.0,100.0,1.0,0.11,-11.0,-234.1069892769845,234.1069892769845,0.0,-234.1069892769845,234.1069892769845,0.0,-24323.911772127547,24323.911772127547,0.0,0.0,0.0,0.0,0.0,0.0,0.0,0.0,0.0,-246932.25750681516,-246932.25750681516,24792.125750681516,24792.125750681516,24692.125750681516,0.0,100.0,0.0,0.0,24792.125750681516,24792.125750681516,1,0.0,100.0
2166,19922.499885715457,0.0,-199224.99885715457,0.0,10.0,0.0,-0.0,0.1,0.3506547579999999,35.06547579999999,0.0,0.0,100.0,1.0,0.11,-11.0,-203.8888212744608,203.8888212744608,0.0,-203.8888212744608,203.8888212744608,0.0,-24201.32199846866,24201.32199846866,0.0,0.0,3066.35396484375,3066.35396484375,0.0,0.0,1520.2457904583723,1520.2457904583723,0.0,-199235.99885715457,-199235.99885715457,24609.09964101758,24609.09964101758,24509.09964101758,0.0,100.0,0.0,0.0,24609.09964101758,20022.499885715457,1,0.0,100.0
2167,29588.893822635517,0.0,-295888.9382263552,0.0,10.0,0.0,-0.0,0.1,0.362572602,36.257260200000005,0.0,0.0,100.0,1.0,0.11,-11.0,-197.96262815562628,197.96262815562628,0.0,-197.96262815562628,197.96262815562628,0.0,-39263.01764447302,39263.01764447302,0.0,0.0,3253.326767578125,3253.326767578125,0.0,0.0,6716.722310570628,6716.722310570628,0.0,-295899.9382263552,-295899.9382263552,39658.94290078427,39658.94290078427,39558.94290078427,0.0,100.0,0.0,0.0,39658.94290078427,29688.893822635517,1,0.0,100.0
2168,18978.894484222532,0.0,-189788.94484222532,0.0,10.0,0.0,-0.0,0.1,0.38112925,38.112925,0.0,0.0,100.0,1.0,0.11,-11.0,-198.09796505197045,198.09796505197045,0.0,-198.09796505197045,198.09796505197045,0.0,-37044.06017143947,37044.06017143947,0.0,0.0,5646.578642578125,5646.578642578125,0.0,0.0,12714.782974742751,12714.782974742751,0.0,-189799.94484222532,-189799.94484222532,37440.256101543404,37440.25610154341,37340.256101543404,0.0,100.0,0.0,0.0,37440.25610154341,19078.894484222536,1,0.0,100.0
2169,8775.039205919304,0.0,-87750.39205919304,0.0,10.0,0.0,-0.0,0.1,0.396463732,39.6463732,0.0,0.0,100.0,1.0,0.11,-11.0,-198.18434459934,198.18434459934,0.0,-198.18434459934,198.18434459934,0.0,-34086.69645908973,34086.69645908973,0.0,0.0,7890.252275390625,7890.252275390625,0.0,0.0,17717.773666978486,17717.773666978486,0.0,-87761.39205919304,-87761.39205919304,34483.06514828841,34483.06514828841,34383.06514828841,0.0,100.0,0.0,0.0,34483.06514828841,8875.039205919304,1,0.0,100.0
2170,2656.3309902342153,0.0,-26563.309902342153,0.0,10.0,0.0,-0.0,0.1,0.388685992,38.8685992,0.0,0.0,100.0,1.0,0.11,-11.0,-201.05305313691213,201.05305313691213,0.0,-201.05305313691213,201.05305313691213,0.0,-34085.426364105755,34085.426364105755,0.0,0.0,9535.612939453124,9535.612939453124,0.0,0.0,22195.58854069224,22195.58854069224,0.0,-26574.309902342153,-26574.309902342153,34487.53247037958,34487.53247037958,34387.53247037958,0.0,100.0,0.0,0.0,34487.53247037958,2756.3309902342153,1,0.0,100.0
2171,1452.8314437542722,0.0,-14528.314437542722,0.0,10.0,0.0,-0.0,0.1,0.3607975229999999,36.07975229999999,0.0,0.0,100.0,1.0,0.11,-11.0,-198.2513430351203,198.2513430351203,0.0,-198.2513430351203,198.2513430351203,0.0,-34084.25103365018,34084.25103365018,0.0,0.0,8825.1162890625,8825.1162890625,0.0,0.0,24102.80598690365,24102.80598690365,0.0,-14539.314437542722,-14539.314437542722,34480.75371972042,34480.75371972042,34380.75371972042,0.0,100.0,0.0,0.0,34480.75371972042,1552.8314437542722,1,0.0,100.0
2172,0.0,0.0,-0.0,55.55555555555556,10.0,0.0,-0.0,0.1,0.339928146,0.0,0.0,100.0,0.0,1.0,0.11,0.0,-198.4637902279025,198.4637902279025,0.0,-198.4637902279025,198.4637902279025,0.0,-34083.74228344137,34083.74228344137,0.0,0.0,10358.293271484376,10358.293271484376,0.0,709.3804806565386,24987.312628624888,24277.93214796835,0.0,0.0,0.0,34636.22541945273,34636.22541945273,34636.22541945273,0.0,0.0,155.55555555555475,0.0,34480.66986389717,-864.9360362120933,1,-55.55555555555556,-100.0
2173,0.0,0.0,-0.0,44.44444444444444,60.0,0.0,-0.0,0.6,0.353486655,0.0,0.0,100.0,0.0,1.0,0.11,0.0,-198.50363970968348,198.50363970968348,0.0,-198.50363970968348,198.50363970968348,0.0,-19019.41826095561,19019.41826095561,0.0,0.0,9498.21837890625,9498.21837890625,0.0,13404.41523225335,23467.06683816652,10062.65160591317,0.0,0.0,0.0,19560.86998481942,19560.86998481942,19560.86998481942,0.0,0.0,144.44444444444525,0.0,19416.425540374974,-13548.859676697797,1,-44.44444444444444,-100.0
2174,0.0,0.0,-0.0,0.0,100.0,-0.0,-0.0,1.0,0.370854024,0.0,0.0,100.0,0.0,1.0,0.08,0.0,-198.52383794935616,198.52383794935616,0.0,-198.52383794935616,198.52383794935616,0.0,-19017.36787312756,19017.36787312756,0.0,0.0,6656.23177734375,6656.23177734375,0.0,7319.623992583147,20177.80776426567,12858.183771682525,0.0,0.0,0.0,19514.415549026275,19514.415549026275,19514.415549026275,0.0,0.0,100.0,0.0,19414.415549026275,-7419.623992583147,1,-0.0,-100.0
2175,0.0,0.0,-0.0,0.0,100.0,-0.0,-0.0,1.0,0.367712802,0.0,0.0,100.0,0.0,1.0,0.08,0.0,-198.2931433898025,198.2931433898025,0.0,-198.2931433898025,198.2931433898025,0.0,-21974.93235399173,21974.93235399173,0.0,0.0,11405.340966796875,11405.340966796875,0.0,2367.266947166794,13433.444621141256,11066.177673974462,0.0,0.0,0.0,22471.518640771337,22471.518640771337,22471.518640771337,0.0,0.0,100.0,0.0,22371.518640771337,-2467.266947166794,1,-0.0,-100.0
2176,3867.706666721988,0.0,-38677.06666721988,0.0,100.0,45.0,-0.0,1.0,0.366829069,36.6829069,0.0,0.0,100.0,1.0,0.08,-8.0,-198.10636562574803,198.10636562574803,0.0,-198.10636562574803,198.10636562574803,0.0,-19675.56469369956,19675.56469369956,0.0,0.0,5085.660234375,5085.660234375,0.0,0.0,10973.41052385407,10973.41052385407,0.0,-38685.06666721988,-38685.06666721988,20071.77742495106,20071.77742495106,19926.77742495106,0.0,145.0,0.0,0.0,20071.77742495106,4012.706666721988,1,45.0,100.0
2177,10624.704447686907,0.0,-106247.04447686906,0.0,50.0,36.0,-0.0,0.5,0.316269303,31.6269303,0.0,0.0,100.0,1.0,0.11,-11.0,-198.0433326189564,198.0433326189564,0.0,-198.0433326189564,198.0433326189564,0.0,-17936.459073000548,17936.459073000548,0.0,0.0,2430.6464355468747,2430.6464355468747,0.0,0.0,5141.194855004678,5141.194855004678,0.0,-106258.04447686906,-106258.04447686906,18332.54573823846,18332.54573823846,18196.54573823846,0.0,136.0,0.0,0.0,18332.54573823846,10760.704447686907,1,36.0,100.0
2178,19891.99149480588,0.0,-198919.91494805878,0.0,10.0,0.0,-0.0,0.1,0.327696404,32.7696404,0.0,0.0,100.0,1.0,0.11,-11.0,-217.0741165155772,217.0741165155772,0.0,-217.0741165155772,217.0741165155772,0.0,-19557.843261774724,19557.843261774724,0.0,0.0,0.0,0.0,0.0,0.0,0.0,0.0,0.0,-198930.91494805878,-198930.91494805878,19991.99149480588,19991.99149480588,19891.99149480588,0.0,100.0,0.0,0.0,19991.99149480588,19991.99149480588,1,0.0,100.0
2179,19927.6561790222,0.0,-199276.561790222,0.0,10.0,0.0,-0.0,0.1,0.317355275,31.7355275,0.0,0.0,100.0,1.0,0.11,-11.0,-234.90645862373816,234.90645862373816,0.0,-234.90645862373816,234.90645862373816,0.0,-19557.843261774724,19557.843261774724,0.0,0.0,0.0,0.0,0.0,0.0,0.0,0.0,0.0,-199287.561790222,-199287.561790222,20027.6561790222,20027.6561790222,19927.6561790222,0.0,100.0,0.0,0.0,20027.6561790222,20027.6561790222,1,0.0,100.0
2180,18448.49743770766,0.0,-184484.9743770766,0.0,10.0,0.0,-0.0,0.1,0.309774305,30.977430500000004,0.0,0.0,100.0,1.0,0.11,-11.0,-234.2471651749593,234.2471651749593,0.0,-234.2471651749593,234.2471651749593,0.0,-18080.00310735774,18080.00310735774,0.0,0.0,0.0,0.0,0.0,0.0,0.0,0.0,0.0,-184495.9743770766,-184495.9743770766,18548.49743770766,18548.49743770766,18448.49743770766,0.0,100.0,0.0,0.0,18548.49743770766,18548.49743770766,1,0.0,100.0
2181,16968.825236736146,0.0,-169688.25236736145,0.0,10.0,0.0,-0.0,0.1,0.314485599,31.4485599,0.0,0.0,100.0,1.0,0.11,-11.0,-233.42200677568405,233.42200677568405,0.0,-233.42200677568405,233.42200677568405,0.0,-16601.98122318478,16601.98122318478,0.0,0.0,0.0,0.0,0.0,0.0,0.0,0.0,0.0,-169699.25236736145,-169699.25236736145,17068.825236736146,17068.825236736146,16968.825236736146,0.0,100.0,0.0,0.0,17068.825236736146,17068.825236736146,1,0.0,100.0
2182,15496.568151730653,0.0,-154965.68151730654,0.0,10.0,0.0,-0.0,0.1,0.340406695,34.0406695,0.0,0.0,100.0,1.0,0.11,-11.0,-236.2438378353845,236.2438378353845,0.0,-236.2438378353845,236.2438378353845,0.0,-15124.080476059884,15124.080476059884,0.0,0.0,0.0,0.0,0.0,0.0,0.0,0.0,0.0,-154976.68151730654,-154976.68151730654,15596.568151730653,15596.568151730653,15496.568151730653,0.0,100.0,0.0,0.0,15596.568151730653,15596.568151730653,1,0.0,100.0
2183,14751.796585349495,0.0,-147517.96585349494,0.0,10.0,0.0,-0.0,0.1,0.3570463789999999,35.704637899999994,0.0,0.0,100.0,1.0,0.11,-11.0,-233.33324898349235,233.33324898349235,0.0,-233.33324898349235,233.33324898349235,0.0,-14385.130087382511,14385.130087382511,0.0,0.0,0.0,0.0,0.0,0.0,0.0,0.0,0.0,-147528.96585349494,-147528.96585349494,14851.796585349495,14851.796585349495,14751.796585349495,0.0,100.0,0.0,0.0,14851.796585349495,14851.796585349495,1,0.0,100.0
2184,14751.66903224047,0.0,-147516.6903224047,0.0,10.0,0.0,-0.0,0.1,0.358977447,35.897744700000004,0.0,0.0,100.0,1.0,0.08,-8.0,-233.28465385879025,233.28465385879025,0.0,-233.28465385879025,233.28465385879025,0.0,-14385.09972452289,14385.09972452289,0.0,0.0,0.0,0.0,0.0,0.0,0.0,0.0,0.0,-147524.6903224047,-147524.6903224047,14851.66903224047,14851.66903224047,14751.66903224047,0.0,100.0,0.0,0.0,14851.66903224047,14851.66903224047,1,0.0,100.0
2185,14751.614413740768,0.0,-147516.14413740768,0.0,10.0,0.0,-0.0,0.1,0.339438297,33.9438297,0.0,0.0,100.0,1.0,0.08,-8.0,-233.2573446089393,233.2573446089393,0.0,-233.2573446089393,233.2573446089393,0.0,-14385.09972452289,14385.09972452289,0.0,0.0,0.0,0.0,0.0,0.0,0.0,0.0,0.0,-147524.14413740768,-147524.14413740768,14851.614413740768,14851.614413740768,14751.614413740768,0.0,100.0,0.0,0.0,14851.614413740768,14851.614413740768,1,0.0,100.0
2186,14751.588997705849,0.0,-147515.88997705848,0.0,10.0,0.0,-0.0,0.1,0.347984781,34.798478100000004,0.0,0.0,100.0,1.0,0.08,-8.0,-233.2446365914793,233.2446365914793,0.0,-233.2446365914793,233.2446365914793,0.0,-14385.09972452289,14385.09972452289,0.0,0.0,0.0,0.0,0.0,0.0,0.0,0.0,0.0,-147523.88997705848,-147523.88997705848,14851.588997705849,14851.588997705849,14751.588997705849,0.0,100.0,0.0,0.0,14851.588997705849,14851.588997705849,1,0.0,100.0
2187,15492.60201534768,0.0,-154926.0201534768,0.0,10.0,0.0,-0.0,0.1,0.362212381,36.2212381,0.0,0.0,100.0,1.0,0.08,-8.0,-234.27596014266504,234.27596014266504,0.0,-234.27596014266504,234.27596014266504,0.0,-15124.05009506235,15124.05009506235,0.0,0.0,0.0,0.0,0.0,0.0,0.0,0.0,0.0,-154934.0201534768,-154934.0201534768,15592.60201534768,15592.60201534768,15492.60201534768,0.0,100.0,0.0,0.0,15592.60201534768,15592.60201534768,1,0.0,100.0
2188,16970.450800191506,0.0,-169704.50800191506,0.0,10.0,0.0,-0.0,0.1,0.388584987,38.8584987,0.0,0.0,100.0,1.0,0.08,-8.0,-234.20457074701343,234.20457074701343,0.0,-234.20457074701343,234.20457074701343,0.0,-16602.04165869748,16602.04165869748,0.0,0.0,0.0,0.0,0.0,0.0,0.0,0.0,0.0,-169712.50800191506,-169712.50800191506,17070.450800191506,17070.450800191506,16970.450800191506,0.0,100.0,0.0,0.0,17070.450800191506,17070.450800191506,1,0.0,100.0
2189,18446.570090301062,0.0,-184465.7009030106,0.0,10.0,0.0,-0.0,0.1,0.396211586,39.6211586,0.0,0.0,100.0,1.0,0.11,-11.0,-234.2396343662219,234.2396343662219,0.0,-234.2396343662219,234.2396343662219,0.0,-18078.090821568618,18078.090821568618,0.0,0.0,0.0,0.0,0.0,0.0,0.0,0.0,0.0,-184476.7009030106,-184476.7009030106,18546.570090301062,18546.570090301062,18446.570090301062,0.0,100.0,0.0,0.0,18546.570090301062,18546.570090301062,1,0.0,100.0
2190,12586.370568154638,0.0,-125863.70568154639,0.0,10.0,0.0,-0.0,0.1,0.395868396,39.586839600000005,0.0,0.0,100.0,1.0,0.11,-11.0,-204.02502458850287,204.02502458850287,0.0,-204.02502458850287,204.02502458850287,0.0,-17936.3680992951,17936.3680992951,0.0,0.0,3889.034296875,3889.034296875,0.0,0.0,1769.01328344247,1769.01328344247,0.0,-125874.70568154639,-125874.70568154639,18344.41814847211,18344.41814847211,18244.41814847211,0.0,100.0,0.0,0.0,18344.41814847211,12686.370568154638,1,0.0,100.0
2191,3001.158566123856,0.0,-30011.58566123856,0.0,10.0,0.0,-0.0,0.1,0.392102816,39.2102816,0.0,0.0,100.0,1.0,0.11,-11.0,-198.06506105429384,198.06506105429384,0.0,-198.06506105429384,198.06506105429384,0.0,-17936.3680992951,17936.3680992951,0.0,0.0,7740.674033203125,7740.674033203125,0.0,0.0,7490.665622076708,7490.665622076708,0.0,-30022.58566123856,-30022.58566123856,18332.49822140369,18332.49822140369,18232.49822140369,0.0,100.0,0.0,0.0,18332.49822140369,3101.158566123857,1,0.0,100.0
2192,0.0,0.0,-0.0,55.55555555555556,10.0,0.0,-0.0,0.1,0.393049071,0.0,0.0,100.0,0.0,1.0,0.11,0.0,-198.165461112017,198.165461112017,0.0,-198.165461112017,198.165461112017,0.0,-15719.516981630746,15719.516981630746,0.0,0.0,9199.061894531247,9199.061894531247,0.0,6139.976395831862,13212.317960710949,7072.341564879087,0.0,0.0,0.0,16271.403459410334,16271.403459410334,16271.403459410334,0.0,0.0,155.55555555555475,0.0,16115.84790385478,-6295.531951387415,1,-55.55555555555556,-100.0
2193,0.0,0.0,-0.0,44.44444444444444,60.0,0.0,-0.0,0.6,0.394715691,0.0,0.0,100.0,0.0,1.0,0.11,0.0,-198.22363863151747,198.22363863151747,0.0,-198.22363863151747,198.22363863151747,0.0,-12763.715499472895,12763.715499472895,0.0,6851.060913585248,20155.668134765623,13304.607221180375,0.0,18353.512815715625,18353.512815715625,0.0,0.0,0.0,0.0,13304.607221180375,13304.607221180375,13304.607221180375,0.0,0.0,144.44444444444525,0.0,13160.16277673593,-25349.018173745317,1,-44.44444444444444,-100.0
2194,0.0,0.0,-0.0,0.0,100.0,-0.0,-0.0,1.0,0.392473671,0.0,0.0,100.0,0.0,1.0,0.11,0.0,-201.25034427532648,201.25034427532648,0.0,-201.25034427532648,201.25034427532648,0.0,-12763.776019629177,12763.776019629177,0.0,12722.942871898293,25989.219580078123,13266.27670817983,0.0,22858.968521983166,22858.968521983166,0.0,0.0,0.0,0.0,13266.27670817983,13266.27670817983,13266.27670817983,0.0,0.0,100.0,0.0,13166.27670817983,-35681.91139388146,1,-0.0,-100.0
2195,0.0,0.0,-0.0,0.0,100.0,-0.0,-0.0,1.0,0.353744454,0.0,0.0,100.0,0.0,1.0,0.11,0.0,-198.4956252518337,198.4956252518337,0.0,-198.4956252518337,198.4956252518337,0.0,-12763.776049859023,12763.776049859023,0.0,5698.274896902931,18959.042197265622,13260.767300362691,0.0,25540.129279700657,25540.129279700657,0.0,0.0,0.0,0.0,13260.767300362691,13260.767300362691,13260.767300362691,0.0,0.0,100.0,0.0,13160.767300362691,-31338.404176603588,1,-0.0,-100.0
2196,0.0,0.0,-0.0,0.0,100.0,-0.0,-0.0,1.0,0.334099523,0.0,0.0,100.0,0.0,1.0,0.11,0.0,-240.8097923239748,240.8097923239748,0.0,-240.8097923239748,240.8097923239748,0.0,-12763.866836139408,12763.866836139408,0.0,9240.828149525143,22586.3145703125,13345.486420787358,0.0,23660.55266604304,23660.55266604304,0.0,0.0,0.0,0.0,13345.486420787358,13345.486420787358,13345.486420787358,0.0,0.0,100.0,0.0,13245.486420787358,-33001.380815568176,1,-0.0,-100.0
2197,0.0,0.0,-0.0,0.0,100.0,-0.0,-0.0,1.0,0.335766245,0.0,0.0,100.0,0.0,1.0,0.11,0.0,-248.239788736632,248.239788736632,0.0,-248.239788736632,248.239788736632,0.0,-12763.776019629177,12763.776019629177,0.0,9413.031775944433,22773.287373046875,13360.255597102441,0.0,24323.93264733396,24323.93264733396,0.0,0.0,0.0,0.0,13360.255597102441,13360.255597102441,13360.255597102441,0.0,0.0,100.0,0.0,13260.255597102441,-33836.96442327839,1,-0.0,-100.0
2198,0.0,0.0,-0.0,0.0,100.0,-0.0,-0.0,1.0,0.3331379539999999,0.0,0.0,100.0,0.0,1.0,0.08,0.0,-284.0717575531376,284.0717575531376,0.0,-284.0717575531376,284.0717575531376,0.0,-12763.715499472895,12763.715499472895,0.0,7322.122088936452,20753.981103515624,13431.859014579171,0.0,20398.93442469598,20398.93442469598,0.0,0.0,0.0,0.0,13431.859014579171,13431.859014579171,13431.859014579171,0.0,0.0,100.0,0.0,13331.859014579171,-27821.056513632433,1,-0.0,-100.0
2199,0.0,0.0,-0.0,0.0,100.0,-0.0,-0.0,1.0,0.33525016,0.0,0.0,100.0,0.0,1.0,0.08,0.0,-275.9546872197461,275.9546872197461,0.0,-275.9546872197461,275.9546872197461,0.0,-15719.516987676718,15719.516987676718,0.0,0.0,10545.266074218747,10545.266074218747,0.0,9790.910104993094,15617.070392890557,5826.160287897463,0.0,0.0,0.0,16371.42636211621,16371.42636211621,16371.42636211621,0.0,0.0,100.0,0.0,16271.42636211621,-9890.910104993094,1,-0.0,-100.0
2200,0.0,0.0,-0.0,0.0,100.0,-0.0,-0.0,1.0,0.343908275,0.0,0.0,100.0,0.0,1.0,0.08,0.0,-265.972828840851,265.972828840851,0.0,-265.972828840851,265.972828840851,0.0,-17936.3680992951,17936.3680992951,0.0,0.0,10320.8987109375,10320.8987109375,0.0,2615.432147599611,10862.847193638916,8247.415046039305,0.0,0.0,0.0,18568.313756976804,18568.313756976804,18568.313756976804,0.0,0.0,100.0,0.0,18468.313756976804,-2715.432147599611,1,-0.0,-100.0
2201,9831.11190412106,0.0,-98311.11904121061,0.0,100.0,45.0,-0.0,1.0,0.35869359,35.869359,0.0,0.0,100.0,1.0,0.11,-11.0,-269.4007284737296,269.4007284737296,0.0,-269.4007284737296,269.4007284737296,0.0,-17983.030663369376,17983.030663369376,0.0,0.0,3515.08869140625,3515.08869140625,0.0,0.0,5030.631524789524,5030.631524789524,0.0,-98322.11904121061,-98322.11904121061,18521.832120316834,18521.832120316834,18376.832120316834,0.0,145.0,0.0,0.0,18521.832120316834,9976.11190412106,1,45.0,100.0
2202,19841.086801640384,0.0,-198410.86801640384,0.0,50.0,36.0,-0.0,0.5,0.374788189,37.4788189,0.0,0.0,100.0,1.0,0.11,-11.0,-232.0898635186166,232.0898635186166,0.0,-232.0898635186166,232.0898635186166,0.0,-19651.111237372093,19651.111237372093,0.0,0.0,0.0,0.0,0.0,0.0,138.20416276894295,138.20416276894295,0.0,-198421.86801640384,-198421.86801640384,20115.290964409327,20115.290964409327,19979.290964409327,0.0,136.0,0.0,0.0,20115.290964409327,19977.086801640384,1,36.0,100.0
2203,20044.567289481955,0.0,-200445.67289481955,0.0,10.0,0.0,-0.0,0.1,0.366248488,36.624848799999995,0.0,0.0,100.0,1.0,0.11,-11.0,-235.01601244908545,235.01601244908545,0.0,-235.01601244908545,235.01601244908545,0.0,-19674.535264583785,19674.535264583785,0.0,0.0,0.0,0.0,0.0,0.0,0.0,0.0,0.0,-200456.67289481955,-200456.67289481955,20144.567289481955,20144.567289481955,20044.567289481955,0.0,100.0,0.0,0.0,20144.567289481955,20144.567289481955,1,0.0,100.0
2204,18541.895280481975,0.0,-185418.95280481974,0.0,10.0,0.0,-0.0,0.1,0.360519785,36.0519785,0.0,0.0,100.0,1.0,0.11,-11.0,-234.25510038448155,234.25510038448155,0.0,-234.25510038448155,234.25510038448155,0.0,-18173.38507971301,18173.38507971301,0.0,0.0,0.0,0.0,0.0,0.0,0.0,0.0,0.0,-185429.95280481974,-185429.95280481974,18641.895280481975,18641.895280481975,18541.895280481975,0.0,100.0,0.0,0.0,18641.895280481975,18641.895280481975,1,0.0,100.0
2205,17085.562172355214,0.0,-170855.62172355215,0.0,10.0,0.0,-0.0,0.1,0.364471206,36.4471206,0.0,0.0,100.0,1.0,0.11,-11.0,-233.3702135583609,233.3702135583609,0.0,-233.3702135583609,233.3702135583609,0.0,-16718.821745238492,16718.821745238492,0.0,0.0,0.0,0.0,0.0,0.0,0.0,0.0,0.0,-170866.62172355215,-170866.62172355215,17185.562172355214,17185.562172355214,17085.562172355214,0.0,100.0,0.0,0.0,17185.562172355214,17185.562172355214,1,0.0,100.0
2206,15589.808315167753,0.0,-155898.08315167754,0.0,10.0,0.0,-0.0,0.1,0.368905084,36.8905084,0.0,0.0,100.0,1.0,0.11,-11.0,-236.12759162684824,236.12759162684824,0.0,-236.12759162684824,236.12759162684824,0.0,-15217.553131914055,15217.553131914055,0.0,0.0,0.0,0.0,0.0,0.0,0.0,0.0,0.0,-155909.08315167754,-155909.08315167754,15689.808315167753,15689.808315167753,15589.808315167753,0.0,100.0,0.0,0.0,15689.808315167753,15689.808315167753,1,0.0,100.0
2207,14868.439338904709,0.0,-148684.3933890471,0.0,10.0,0.0,-0.0,0.1,0.38707719,38.707719000000004,0.0,0.0,100.0,1.0,0.11,-11.0,-233.19187063650017,233.19187063650017,0.0,-233.19187063650017,233.19187063650017,0.0,-14502.055597631708,14502.055597631708,0.0,0.0,0.0,0.0,0.0,0.0,0.0,0.0,0.0,-148695.3933890471,-148695.3933890471,14968.439338904709,14968.439338904709,14868.439338904709,0.0,100.0,0.0,0.0,14968.439338904709,14968.439338904709,1,0.0,100.0
2208,17858.26774742943,0.0,-178582.6774742943,0.0,10.0,0.0,-0.0,0.1,0.381420327,38.1420327,0.0,0.0,100.0,1.0,0.08,-8.0,-233.11192656380243,233.11192656380243,0.0,-233.11192656380243,233.11192656380243,0.0,-17492.043894301823,17492.043894301823,0.0,0.0,0.0,0.0,0.0,0.0,0.0,0.0,0.0,-178590.6774742943,-178590.6774742943,17958.26774742943,17958.26774742943,17858.26774742943,0.0,100.0,0.0,0.0,17958.26774742943,17958.26774742943,1,0.0,100.0
2209,17881.51788049104,0.0,-178815.1788049104,0.0,10.0,0.0,-0.0,0.1,0.361556004,36.1556004,0.0,0.0,100.0,1.0,0.08,-8.0,-232.9952454099834,232.9952454099834,0.0,-232.9952454099834,232.9952454099834,0.0,-17515.52738967107,17515.52738967107,0.0,0.0,0.0,0.0,0.0,0.0,0.0,0.0,0.0,-178823.1788049104,-178823.1788049104,17981.51788049104,17981.51788049104,17881.51788049104,0.0,100.0,0.0,0.0,17981.51788049104,17981.51788049104,1,0.0,100.0
2210,17857.88802836767,0.0,-178578.8802836767,0.0,10.0,0.0,-0.0,0.1,0.378668616,37.8668616,0.0,0.0,100.0,1.0,0.08,-8.0,-232.88294960923744,232.88294960923744,0.0,-232.88294960923744,232.88294960923744,0.0,-17492.122129149197,17492.122129149197,0.0,0.0,0.0,0.0,0.0,0.0,0.0,0.0,0.0,-178586.8802836767,-178586.8802836767,17957.88802836767,17957.88802836767,17857.88802836767,0.0,100.0,0.0,0.0,17957.88802836767,17957.88802836767,1,0.0,100.0
2211,18622.015857314313,0.0,-186220.15857314313,0.0,10.0,0.0,-0.0,0.1,0.384101805,38.4101805,0.0,0.0,100.0,1.0,0.08,-8.0,-233.72450789341644,233.72450789341644,0.0,-233.72450789341644,233.72450789341644,0.0,-18254.56684152748,18254.56684152748,0.0,0.0,0.0,0.0,0.0,0.0,0.0,0.0,0.0,-186228.15857314313,-186228.15857314313,18722.015857314313,18722.015857314313,18622.015857314313,0.0,100.0,0.0,0.0,18722.015857314313,18722.015857314313,1,0.0,100.0
2212,21582.946351467057,0.0,-215829.46351467056,0.0,10.0,0.0,-0.0,0.1,0.389091352,38.9091352,0.0,0.0,100.0,1.0,0.08,-8.0,-233.5727924933171,233.5727924933171,0.0,-233.5727924933171,233.5727924933171,0.0,-21215.800766480424,21215.800766480424,0.0,0.0,0.0,0.0,0.0,0.0,0.0,0.0,0.0,-215837.46351467056,-215837.46351467056,21682.946351467057,21682.946351467057,21582.946351467057,0.0,100.0,0.0,0.0,21682.946351467057,21682.946351467057,1,0.0,100.0
2213,24222.238727036834,0.0,-242222.38727036834,0.0,10.0,0.0,-0.0,0.1,0.3961616579999999,39.61616579999999,0.0,0.0,100.0,1.0,0.11,-11.0,-268.52025888411686,268.52025888411686,0.0,-268.52025888411686,268.52025888411686,0.0,-23785.1982092686,23785.1982092686,0.0,0.0,0.0,0.0,0.0,0.0,0.0,0.0,0.0,-242233.38727036834,-242233.38727036834,24322.238727036834,24322.238727036834,24222.238727036834,0.0,100.0,0.0,0.0,24322.238727036834,24322.238727036834,1,0.0,100.0
2214,25785.613075746627,0.0,-257856.13075746628,0.0,10.0,0.0,-0.0,0.1,0.396988894,39.6988894,0.0,0.0,100.0,1.0,0.11,-11.0,-509.6917032524488,509.6917032524488,0.0,-509.6917032524488,509.6917032524488,0.0,-30241.355898879166,30241.355898879166,0.0,0.0,4076.007099609375,4076.007099609375,0.0,0.0,1299.119130028064,1299.119130028064,0.0,-257867.13075746628,-257867.13075746628,31260.739305384064,31260.739305384064,31160.739305384064,0.0,100.0,0.0,0.0,31260.739305384064,25885.613075746624,1,0.0,100.0
2215,45592.47164857479,0.0,-455924.71648574795,0.0,10.0,0.0,-0.0,0.1,0.401151218,40.1151218,0.0,0.0,100.0,1.0,0.11,-11.0,-696.77358673912,696.77358673912,0.0,-696.77358673912,696.77358673912,0.0,-63375.39084156237,63375.39084156237,0.0,0.0,11779.286572265624,11779.286572265624,0.0,0.0,7297.179794200189,7297.179794200189,0.0,-455935.71648574795,-455935.71648574795,64768.93801504061,64768.93801504061,64668.93801504061,0.0,100.0,0.0,0.0,64768.93801504061,45692.47164857479,1,0.0,100.0
2216,29787.233658598343,0.0,-297872.3365859834,0.0,10.0,0.0,-0.0,0.1,0.403570126,40.3570126,0.0,0.0,100.0,1.0,0.11,-11.0,-721.2184066253903,721.2184066253903,0.0,-721.2184066253903,721.2184066253903,0.0,-61155.91598467535,61155.91598467535,0.0,0.0,19968.69533203125,19968.69533203125,0.0,0.0,12742.42380729654,12742.42380729654,0.0,-297883.3365859834,-297883.3365859834,62598.352797926134,62598.35279792613,62498.352797926134,0.0,100.0,0.0,0.0,62598.35279792613,29887.233658598336,1,0.0,100.0
2217,14865.455936999515,0.0,-148654.55936999514,0.0,10.0,0.0,-0.0,0.1,0.405849546,40.5849546,0.0,0.0,100.0,1.0,0.11,-11.0,-765.4778348213327,765.4778348213327,0.0,-765.4778348213327,765.4778348213327,0.0,-58198.294937719045,58198.294937719045,0.0,0.0,27073.6618359375,27073.6618359375,0.0,0.0,17690.132834424698,17690.132834424698,0.0,-148665.55936999514,-148665.55936999514,59729.25060736171,59729.25060736171,59629.25060736171,0.0,100.0,0.0,0.0,59729.25060736171,14965.455936999511,1,0.0,100.0
2218,8197.779226363935,0.0,-81977.79226363935,0.0,10.0,0.0,-0.0,0.1,0.387875965,38.7875965,0.0,0.0,100.0,1.0,0.11,-11.0,-809.3061002312586,809.3061002312586,0.0,-809.3061002312586,809.3061002312586,0.0,-58196.888850739546,58196.888850739546,0.0,0.0,30925.301572265624,30925.301572265624,0.0,0.0,20592.4202525725,20592.4202525725,0.0,-81988.79226363935,-81988.79226363935,59815.50105120206,59815.50105120206,59715.50105120206,0.0,100.0,0.0,0.0,59815.50105120206,8297.779226363935,1,0.0,100.0
2219,3263.3494806510935,0.0,-32633.494806510935,0.0,10.0,0.0,-0.0,0.1,0.351676521,35.167652100000005,0.0,0.0,100.0,1.0,0.11,-11.0,-856.4632075424213,856.4632075424213,0.0,-856.4632075424213,856.4632075424213,0.0,-55184.33693484574,55184.33693484574,0.0,0.0,30177.41036132813,30177.41036132813,0.0,0.0,23356.50350795136,23356.50350795136,0.0,-32644.494806510935,-32644.494806510935,56897.26334993058,56897.26334993058,56797.26334993058,0.0,100.0,0.0,0.0,56897.26334993058,3363.3494806510935,1,0.0,100.0
2220,3964.065400235715,0.0,-39640.65400235715,0.0,10.0,0.0,-0.0,0.1,0.334972697,33.4972697,0.0,0.0,100.0,1.0,0.11,-11.0,-880.3731698378236,880.3731698378236,0.0,-880.3731698378236,880.3731698378236,0.0,-58194.67897627788,58194.67897627788,0.0,0.0,33281.158886718746,33281.158886718746,0.0,0.0,22610.20102899907,22610.20102899907,0.0,-39651.65400235715,-39651.65400235715,59955.42531595353,59955.42531595353,59855.42531595353,0.0,100.0,0.0,0.0,59955.42531595353,4064.0654002357187,1,0.0,100.0
2221,6825.977731293955,0.0,-68259.77731293955,0.0,10.0,0.0,-0.0,0.1,0.3271850739999999,32.71850739999999,0.0,0.0,100.0,1.0,0.11,-11.0,-934.7743843495876,934.7743843495876,0.0,-934.7743843495876,934.7743843495876,0.0,-58193.58582868787,58193.58582868787,0.0,0.0,30775.723330078123,30775.723330078123,0.0,0.0,22361.43353601497,22361.43353601497,0.0,-68270.77731293955,-68270.77731293955,60063.13459738705,60063.13459738705,59963.13459738705,0.0,100.0,0.0,0.0,60063.13459738705,6925.977731293955,1,0.0,100.0
2222,13029.121084542006,0.0,-130291.21084542006,0.0,10.0,0.0,-0.0,0.1,0.349265156,34.9265156,0.0,0.0,100.0,1.0,0.08,-8.0,-962.7855718690151,962.7855718690151,0.0,-962.7855718690151,962.7855718690151,0.0,-58193.25761717902,58193.25761717902,0.0,0.0,26811.899912109373,26811.899912109373,0.0,0.0,20177.80776426567,20177.80776426567,0.0,-130299.21084542006,-130299.21084542006,60118.82876091705,60118.82876091705,60018.82876091705,0.0,100.0,0.0,0.0,60118.82876091705,13129.121084542006,1,0.0,100.0
2223,33715.22867719001,0.0,-337152.28677190014,0.0,10.0,0.0,-0.0,0.1,0.3486328,34.86328,0.0,0.0,100.0,1.0,0.08,-8.0,-930.6819818828802,930.6819818828802,0.0,-930.6819818828802,930.6819818828802,0.0,-61149.73706414447,61149.73706414447,0.0,0.0,19632.14428710937,19632.14428710937,0.0,0.0,9563.728063610852,9563.728063610852,0.0,-337160.28677190014,-337160.28677190014,63011.101027910234,63011.101027910234,62911.101027910234,0.0,100.0,0.0,0.0,63011.101027910234,33815.22867719001,1,0.0,100.0
2224,36668.56018906552,0.0,-366685.60189065523,0.0,10.0,0.0,-0.0,0.1,0.3406134079999999,34.06134079999999,0.0,0.0,100.0,1.0,0.08,-8.0,-695.7586554157926,695.7586554157926,0.0,-695.7586554157926,695.7586554157926,0.0,-54328.3311322151,54328.3311322151,0.0,0.0,11405.340966796875,11405.340966796875,0.0,0.0,7545.947287184285,7545.947287184285,0.0,-366693.60189065523,-366693.60189065523,55719.848443046685,55719.848443046685,55619.848443046685,0.0,100.0,0.0,0.0,55719.848443046685,36768.56018906552,1,0.0,100.0
2225,34219.449314446305,0.0,-342194.49314446305,0.0,10.0,0.0,-0.0,0.1,0.308692122,30.8692122,0.0,0.0,100.0,1.0,0.11,-11.0,-659.1611747843393,659.1611747843393,0.0,-659.1611747843393,659.1611747843393,0.0,-42278.50325831593,42278.50325831593,0.0,0.0,3776.850615234375,3776.850615234375,0.0,0.0,5500.52567820393,5500.52567820393,0.0,-342205.49314446305,-342205.49314446305,43596.82560788461,43596.82560788461,43496.82560788461,0.0,100.0,0.0,0.0,43596.82560788461,34319.449314446305,1,0.0,100.0
2226,44930.50432604729,0.0,-449305.0432604729,0.0,10.0,0.0,-0.0,0.1,0.317392591,31.7392591,0.0,0.0,100.0,1.0,0.11,-11.0,-620.1564090446793,620.1564090446793,0.0,-620.1564090446793,620.1564090446793,0.0,-43900.75483817308,43900.75483817308,0.0,0.0,0.0,0.0,0.0,0.0,110.56333021515437,110.56333021515437,0.0,-449316.0432604729,-449316.0432604729,45141.06765626244,45141.06765626244,45041.06765626244,0.0,100.0,0.0,0.0,45141.06765626244,45030.50432604729,1,0.0,100.0
2227,35953.46051644196,0.0,-359534.6051644196,0.0,10.0,0.0,-0.0,0.1,0.320140401,32.0140401,0.0,0.0,100.0,1.0,0.11,-11.0,-595.0115255832068,595.0115255832068,0.0,-595.0115255832068,595.0115255832068,0.0,-34863.43746527555,34863.43746527555,0.0,0.0,0.0,0.0,0.0,0.0,0.0,0.0,0.0,-359545.6051644196,-359545.6051644196,36053.46051644196,36053.46051644196,35953.46051644196,0.0,100.0,0.0,0.0,36053.46051644196,36053.46051644196,1,0.0,100.0
2228,33752.53302224922,0.0,-337525.3302224922,0.0,10.0,0.0,-0.0,0.1,0.306887163,30.688716300000003,0.0,0.0,100.0,1.0,0.11,-11.0,-233.50666779754587,233.50666779754587,0.0,-233.50666779754587,233.50666779754587,0.0,-33385.51968665413,33385.51968665413,0.0,0.0,0.0,0.0,0.0,0.0,0.0,0.0,0.0,-337536.3302224922,-337536.3302224922,33852.53302224922,33852.53302224922,33752.53302224922,0.0,100.0,0.0,0.0,33852.53302224922,33852.53302224922,1,0.0,100.0
2229,21487.90754042537,0.0,-214879.0754042537,0.0,10.0,0.0,-0.0,0.1,0.317491546,31.7491546,0.0,0.0,100.0,1.0,0.11,-11.0,-232.9468526739617,232.9468526739617,0.0,-232.9468526739617,232.9468526739617,0.0,-21122.013835077447,21122.013835077447,0.0,0.0,0.0,0.0,0.0,0.0,0.0,0.0,0.0,-214890.0754042537,-214890.0754042537,21587.90754042537,21587.90754042537,21487.90754042537,0.0,100.0,0.0,0.0,21587.90754042537,21587.90754042537,1,0.0,100.0
2230,18509.33437612727,0.0,-185093.3437612727,0.0,10.0,0.0,-0.0,0.1,0.343147332,34.314733200000006,0.0,0.0,100.0,1.0,0.11,-11.0,-235.94944598897104,235.94944598897104,0.0,-235.94944598897104,235.94944598897104,0.0,-18137.43548414933,18137.43548414933,0.0,0.0,0.0,0.0,0.0,0.0,0.0,0.0,0.0,-185104.3437612727,-185104.3437612727,18609.33437612727,18609.33437612727,18509.33437612727,0.0,100.0,0.0,0.0,18609.33437612727,18609.33437612727,1,0.0,100.0
2231,17764.243791418132,0.0,-177642.43791418133,0.0,10.0,0.0,-0.0,0.1,0.363236675,36.3236675,0.0,0.0,100.0,1.0,0.11,-11.0,-232.8793298351772,232.8793298351772,0.0,-232.8793298351772,232.8793298351772,0.0,-17398.485131747777,17398.485131747777,0.0,0.0,0.0,0.0,0.0,0.0,0.0,0.0,0.0,-177653.43791418133,-177653.43791418133,17864.243791418132,17864.243791418132,17764.243791418132,0.0,100.0,0.0,0.0,17864.243791418132,17864.243791418132,1,0.0,100.0
2232,17764.18663195428,0.0,-177641.86631954278,0.0,10.0,0.0,-0.0,0.1,0.351980691,35.1980691,0.0,0.0,100.0,1.0,0.08,-8.0,-232.8508105629469,232.8508105629469,0.0,-232.8508105629469,232.8508105629469,0.0,-17398.485010828386,17398.485010828386,0.0,0.0,0.0,0.0,0.0,0.0,0.0,0.0,0.0,-177649.86631954278,-177649.86631954278,17864.18663195428,17864.18663195428,17764.18663195428,0.0,100.0,0.0,0.0,17864.18663195428,17864.18663195428,1,0.0,100.0
2233,17764.068078318633,0.0,-177640.68078318634,0.0,10.0,0.0,-0.0,0.1,0.3131539,31.315389999999997,0.0,0.0,100.0,1.0,0.08,-8.0,-232.7915428140778,232.7915428140778,0.0,-232.7915428140778,232.7915428140778,0.0,-17398.484992690475,17398.484992690475,0.0,0.0,0.0,0.0,0.0,0.0,0.0,0.0,0.0,-177648.68078318634,-177648.68078318634,17864.068078318633,17864.068078318633,17764.068078318633,0.0,100.0,0.0,0.0,17864.068078318633,17864.068078318633,1,0.0,100.0
2234,17763.948123568538,0.0,-177639.48123568538,0.0,10.0,0.0,-0.0,0.1,0.314943301,31.4943301,0.0,0.0,100.0,1.0,0.08,-8.0,-232.73156241604505,232.73156241604505,0.0,-232.73156241604505,232.73156241604505,0.0,-17398.484998736447,17398.484998736447,0.0,0.0,0.0,0.0,0.0,0.0,0.0,0.0,0.0,-177647.48123568538,-177647.48123568538,17863.948123568538,17863.948123568538,17763.948123568538,0.0,100.0,0.0,0.0,17863.948123568538,17863.948123568538,1,0.0,100.0
2235,18512.10165241497,0.0,-185121.01652414972,0.0,10.0,0.0,-0.0,0.1,0.341831147,34.1831147,0.0,0.0,100.0,1.0,0.08,-8.0,-237.3331325005797,237.3331325005797,0.0,-237.3331325005797,237.3331325005797,0.0,-18137.43538741381,18137.43538741381,0.0,0.0,0.0,0.0,0.0,0.0,0.0,0.0,0.0,-185129.01652414972,-185129.01652414972,18612.10165241497,18612.10165241497,18512.10165241497,0.0,100.0,0.0,0.0,18612.10165241497,18612.10165241497,1,0.0,100.0
2236,21495.396708774377,0.0,-214953.96708774377,0.0,10.0,0.0,-0.0,0.1,0.34097884,34.097884,0.0,0.0,100.0,1.0,0.08,-8.0,-236.64615858169503,236.64615858169503,0.0,-236.64615858169503,236.64615858169503,0.0,-21122.10439161099,21122.10439161099,0.0,0.0,0.0,0.0,0.0,0.0,0.0,0.0,0.0,-214961.96708774377,-214961.96708774377,21595.396708774377,21595.396708774377,21495.396708774377,0.0,100.0,0.0,0.0,21595.396708774377,21595.396708774377,1,0.0,100.0
2237,24212.39158377473,0.0,-242123.9158377473,0.0,10.0,0.0,-0.0,0.1,0.336181111,33.6181111,0.0,0.0,100.0,1.0,0.11,-11.0,-271.59432916961924,271.59432916961924,0.0,-271.59432916961924,271.59432916961924,0.0,-23769.202925435493,23769.202925435493,0.0,0.0,0.0,0.0,0.0,0.0,0.0,0.0,0.0,-242134.9158377473,-242134.9158377473,24312.39158377473,24312.39158377473,24212.39158377473,0.0,100.0,0.0,0.0,24312.39158377473,24312.39158377473,1,0.0,100.0
2238,27118.451970604867,0.0,-271184.51970604865,0.0,10.0,0.0,-0.0,0.1,0.339327738,33.9327738,0.0,0.0,100.0,1.0,0.11,-11.0,-515.4469929594004,515.4469929594004,0.0,-515.4469929594004,515.4469929594004,0.0,-30232.71516833098,30232.71516833098,0.0,0.0,3215.93220703125,3215.93220703125,0.0,0.0,829.2249766136578,829.2249766136578,0.0,-271195.51970604865,-271195.51970604865,31263.609154249774,31263.609154249778,31163.609154249774,0.0,100.0,0.0,0.0,31263.609154249778,27218.45197060487,1,0.0,100.0
2239,52816.42299923789,0.0,-528164.2299923789,0.0,10.0,0.0,-0.0,0.1,0.34027988,34.027988,0.0,0.0,100.0,1.0,0.11,-11.0,-715.264332488808,715.264332488808,0.0,-715.264332488808,715.264332488808,0.0,-63369.35768935996,63369.35768935996,0.0,0.0,9423.4292578125,9423.4292578125,0.0,0.0,2460.0340972871845,2460.0340972871845,0.0,-528175.2299923789,-528175.2299923789,64799.88635433758,64799.88635433758,64699.88635433758,0.0,100.0,0.0,0.0,64799.88635433758,52916.4229992379,1,0.0,100.0
2240,41416.53574797744,0.0,-414165.3574797744,0.0,10.0,0.0,-0.0,0.1,0.3522052979999999,35.22052979999999,0.0,0.0,100.0,1.0,0.11,-11.0,-760.3585288433469,760.3585288433469,0.0,-760.3585288433469,760.3585288433469,0.0,-61148.33524561954,61148.33524561954,0.0,0.0,17089.314169921876,17089.314169921876,0.0,0.0,4063.202385406923,4063.202385406923,0.0,-414176.3574797744,-414176.3574797744,62669.052303306235,62669.052303306235,62569.052303306235,0.0,100.0,0.0,0.0,62669.052303306235,41516.53574797744,1,0.0,100.0
2241,28541.57560799167,0.0,-285415.75607991667,0.0,10.0,0.0,-0.0,0.1,0.360474798,36.0474798,0.0,0.0,100.0,1.0,0.11,-11.0,-818.6826945706837,818.6826945706837,0.0,-818.6826945706837,818.6826945706837,0.0,-58189.937938480936,58189.937938480936,0.0,0.0,25353.51205078125,25353.51205078125,0.0,0.0,5832.215668849392,5832.215668849392,0.0,-285426.75607991667,-285426.75607991667,59827.303327622314,59827.30332762231,59727.303327622314,0.0,100.0,0.0,0.0,59827.30332762231,28641.575607991665,1,0.0,100.0
2242,21205.536409433087,0.0,-212055.36409433087,0.0,10.0,0.0,-0.0,0.1,0.35696501,35.696501000000005,0.0,0.0,100.0,1.0,0.11,-11.0,-879.5071964995809,879.5071964995809,0.0,-879.5071964995809,879.5071964995809,0.0,-58190.19213522924,58190.19213522924,0.0,0.0,29466.9137109375,29466.9137109375,0.0,0.0,9176.756407857813,9176.756407857813,0.0,-212066.36409433087,-212066.36409433087,59949.2065282284,59949.2065282284,59849.2065282284,0.0,100.0,0.0,0.0,59949.2065282284,21305.536409433087,1,0.0,100.0
2243,3496.708840841846,0.0,-34967.08840841846,0.0,10.0,0.0,-0.0,0.1,0.32258526,32.258525999999996,0.0,0.0,100.0,1.0,0.11,-11.0,-931.637877386314,931.637877386314,0.0,-931.637877386314,931.637877386314,0.0,-55177.81657422441,55177.81657422441,0.0,0.0,32271.50575195313,32271.50575195313,0.0,0.0,21172.877736202063,21172.877736202063,0.0,-34978.08840841846,-34978.08840841846,57041.09232899704,57041.09232899704,56941.09232899704,0.0,100.0,0.0,0.0,57041.09232899704,3596.7088408418495,1,0.0,100.0
2244,4042.976366795403,0.0,-40429.76366795403,0.0,10.0,0.0,-0.0,0.1,0.31840505,31.840505000000004,0.0,0.0,100.0,1.0,0.11,-11.0,-960.7263237416412,960.7263237416412,0.0,-960.7263237416412,960.7263237416412,0.0,-58189.35634642968,58189.35634642968,0.0,0.0,32196.716630859373,32196.716630859373,0.0,0.0,23771.115996258188,23771.115996258188,0.0,-40440.76366795403,-40440.76366795403,60110.808993912964,60110.808993912964,60010.808993912964,0.0,100.0,0.0,0.0,60110.808993912964,4142.976366795403,1,0.0,100.0
2245,9020.99169727372,0.0,-90209.91697273719,0.0,10.0,0.0,-0.0,0.1,0.343673654,34.3673654,0.0,0.0,100.0,1.0,0.11,-11.0,-1010.5766854667132,1010.5766854667132,0.0,-1010.5766854667132,1010.5766854667132,0.0,-58188.39611948262,58188.39611948262,0.0,0.0,29279.940908203123,29279.940908203123,0.0,0.0,21808.6168849392,21808.6168849392,0.0,-90220.91697273719,-90220.91697273719,60209.549490416044,60209.549490416044,60109.549490416044,0.0,100.0,0.0,0.0,60209.549490416044,9120.99169727372,1,0.0,100.0
2246,17355.127852793164,0.0,-173551.27852793166,0.0,10.0,0.0,-0.0,0.1,0.3361173229999999,33.61173229999999,0.0,0.0,100.0,1.0,0.08,-8.0,-1036.5595944692027,1036.5595944692027,0.0,-1036.5595944692027,1036.5595944692027,0.0,-58188.323374375694,58188.323374375694,0.0,0.0,24231.675234375,24231.675234375,0.0,0.0,18574.63947614593,18574.63947614593,0.0,-173559.27852793166,-173559.27852793166,60261.4425633141,60261.4425633141,60161.4425633141,0.0,100.0,0.0,0.0,60261.4425633141,17455.127852793164,1,0.0,100.0
2247,32867.349452770926,0.0,-328673.49452770926,0.0,10.0,0.0,-0.0,0.1,0.311719843,31.1719843,0.0,0.0,100.0,1.0,0.08,-8.0,-989.7533057802772,989.7533057802772,0.0,-989.7533057802772,989.7533057802772,0.0,-61144.72616449185,61144.72616449185,0.0,0.0,17911.994501953126,17911.994501953126,0.0,0.0,12244.888821328346,12244.888821328346,0.0,-328681.49452770926,-328681.49452770926,63124.2327760524,63124.2327760524,63024.2327760524,0.0,100.0,0.0,0.0,63124.2327760524,32967.349452770926,1,0.0,100.0
2248,39141.68318719109,0.0,-391416.8318719109,0.0,10.0,0.0,-0.0,0.1,0.310340158,31.0340158,0.0,0.0,100.0,1.0,0.08,-8.0,-753.2571410187239,753.2571410187239,0.0,-753.2571410187239,753.2571410187239,0.0,-54322.43484867381,54322.43484867381,0.0,0.0,9759.980302734377,9759.980302734377,0.0,0.0,6827.285640785782,6827.285640785782,0.0,-391424.8318719109,-391424.8318719109,55828.94913071125,55828.949130711255,55728.94913071125,0.0,100.0,0.0,0.0,55828.949130711255,39241.6831871911,1,0.0,100.0
2249,35846.29928337898,0.0,-358462.99283378985,0.0,10.0,0.0,-0.0,0.1,0.302606885,30.2606885,0.0,0.0,100.0,1.0,0.11,-11.0,-720.9546778983886,720.9546778983886,0.0,-720.9546778983886,720.9546778983886,0.0,-42272.92612942096,42272.92612942096,0.0,0.0,3290.721328125,3290.721328125,0.0,0.0,4477.814873713752,4477.814873713752,0.0,-358473.99283378985,-358473.99283378985,43714.835485217736,43714.835485217736,43614.835485217736,0.0,100.0,0.0,0.0,43714.835485217736,35946.29928337898,1,0.0,100.0
2250,45128.565188211025,0.0,-451285.6518821103,0.0,10.0,0.0,-0.0,0.1,0.310857108,31.0857108,0.0,0.0,100.0,1.0,0.11,-11.0,-707.7615347296991,707.7615347296991,0.0,-707.7615347296991,707.7615347296991,0.0,-43895.96461641299,43895.96461641299,0.0,0.0,0.0,0.0,0.0,0.0,82.92249766136578,82.92249766136578,0.0,-451296.6518821103,-451296.6518821103,45311.48768587239,45311.48768587239,45211.48768587239,0.0,100.0,0.0,0.0,45311.48768587239,45228.565188211025,1,0.0,100.0
2251,36135.13551331484,0.0,-361351.3551331484,0.0,10.0,0.0,-0.0,0.1,0.318608897,31.8608897,0.0,0.0,100.0,1.0,0.11,-11.0,-688.0540133378246,688.0540133378246,0.0,-688.0540133378246,688.0540133378246,0.0,-34859.02748663919,34859.02748663919,0.0,0.0,0.0,0.0,0.0,0.0,0.0,0.0,0.0,-361362.3551331484,-361362.3551331484,36235.13551331484,36235.13551331484,36135.13551331484,0.0,100.0,0.0,0.0,36235.13551331484,36235.13551331484,1,0.0,100.0
2252,33748.25316536171,0.0,-337482.5316536171,0.0,10.0,0.0,-0.0,0.1,0.332995204,33.2995204,0.0,0.0,100.0,1.0,0.11,-11.0,-233.2724894497106,233.2724894497106,0.0,-233.2724894497106,233.2724894497106,0.0,-33381.70818646229,33381.70818646229,0.0,0.0,0.0,0.0,0.0,0.0,0.0,0.0,0.0,-337493.5316536171,-337493.5316536171,33848.25316536171,33848.25316536171,33748.25316536171,0.0,100.0,0.0,0.0,33848.25316536171,33848.25316536171,1,0.0,100.0
2253,21488.65871729202,0.0,-214886.58717292018,0.0,10.0,0.0,-0.0,0.1,0.345193364,34.5193364,0.0,0.0,100.0,1.0,0.11,-11.0,-233.32249552101007,233.32249552101007,0.0,-233.32249552101007,233.32249552101007,0.0,-21122.01372625,21122.01372625,0.0,0.0,0.0,0.0,0.0,0.0,0.0,0.0,0.0,-214897.58717292018,-214897.58717292018,21588.65871729202,21588.65871729202,21488.65871729202,0.0,100.0,0.0,0.0,21588.65871729202,21588.65871729202,1,0.0,100.0
2254,18510.003706877673,0.0,-185100.03706877673,0.0,10.0,0.0,-0.0,0.1,0.353209799,35.3209799,0.0,0.0,100.0,1.0,0.11,-11.0,-236.28416577789744,236.28416577789744,0.0,-236.28416577789744,236.28416577789744,0.0,-18137.43537532188,18137.43537532188,0.0,0.0,0.0,0.0,0.0,0.0,0.0,0.0,0.0,-185111.03706877673,-185111.03706877673,18610.003706877673,18610.003706877673,18510.003706877673,0.0,100.0,0.0,0.0,18610.003706877673,18610.003706877673,1,0.0,100.0
2255,17765.041197005878,0.0,-177650.41197005878,0.0,10.0,0.0,-0.0,0.1,0.343553572,34.3553572,0.0,0.0,100.0,1.0,0.11,-11.0,-233.2780870427772,233.2780870427772,0.0,-233.2780870427772,233.2780870427772,0.0,-17398.485022920322,17398.485022920322,0.0,0.0,0.0,0.0,0.0,0.0,0.0,0.0,0.0,-177661.41197005878,-177661.41197005878,17865.041197005878,17865.041197005878,17765.041197005878,0.0,100.0,0.0,0.0,17865.041197005878,17865.041197005878,1,0.0,100.0
2256,17764.94637205478,0.0,-177649.4637205478,0.0,10.0,0.0,-0.0,0.1,0.326724032,32.6724032,0.0,0.0,100.0,1.0,0.08,-8.0,-233.23073804990872,233.23073804990872,0.0,-233.23073804990872,233.23073804990872,0.0,-17398.484895954964,17398.484895954964,0.0,0.0,0.0,0.0,0.0,0.0,0.0,0.0,0.0,-177657.4637205478,-177657.4637205478,17864.94637205478,17864.94637205478,17764.94637205478,0.0,100.0,0.0,0.0,17864.94637205478,17864.94637205478,1,0.0,100.0
2257,17764.810171921046,0.0,-177648.10171921045,0.0,10.0,0.0,-0.0,0.1,0.314481562,31.4481562,0.0,0.0,100.0,1.0,0.08,-8.0,-233.16264402901217,233.16264402901217,0.0,-233.16264402901217,233.16264402901217,0.0,-17398.48488386302,17398.48488386302,0.0,0.0,0.0,0.0,0.0,0.0,0.0,0.0,0.0,-177656.10171921045,-177656.10171921045,17864.810171921046,17864.810171921046,17764.810171921046,0.0,100.0,0.0,0.0,17864.810171921046,17864.810171921046,1,0.0,100.0
2258,17764.76168684022,0.0,-177647.61686840217,0.0,10.0,0.0,-0.0,0.1,0.3326538739999999,33.26538739999999,0.0,0.0,100.0,1.0,0.08,-8.0,-233.13840148859924,233.13840148859924,0.0,-233.13840148859924,233.13840148859924,0.0,-17398.48488386302,17398.48488386302,0.0,0.0,0.0,0.0,0.0,0.0,0.0,0.0,0.0,-177655.61686840217,-177655.61686840217,17864.76168684022,17864.76168684022,17764.76168684022,0.0,100.0,0.0,0.0,17864.76168684022,17864.76168684022,1,0.0,100.0
2259,18505.58258174417,0.0,-185055.82581744168,0.0,10.0,0.0,-0.0,0.1,0.354510438,35.4510438,0.0,0.0,100.0,1.0,0.08,-8.0,-234.0736546018865,234.0736546018865,0.0,-234.0736546018865,234.0736546018865,0.0,-18137.435272540395,18137.435272540395,0.0,0.0,0.0,0.0,0.0,0.0,0.0,0.0,0.0,-185063.82581744168,-185063.82581744168,18605.58258174417,18605.58258174417,18505.58258174417,0.0,100.0,0.0,0.0,18605.58258174417,18605.58258174417,1,0.0,100.0
2260,21490.01035706746,0.0,-214900.10357067458,0.0,10.0,0.0,-0.0,0.1,0.3559073989999999,35.59073989999999,0.0,0.0,100.0,1.0,0.08,-8.0,-233.953073417778,233.953073417778,0.0,-233.953073417778,233.953073417778,0.0,-21122.1042102319,21122.1042102319,0.0,0.0,0.0,0.0,0.0,0.0,0.0,0.0,0.0,-214908.10357067458,-214908.10357067458,21590.01035706746,21590.01035706746,21490.01035706746,0.0,100.0,0.0,0.0,21590.01035706746,21590.01035706746,1,0.0,100.0
2261,24305.040040822816,0.0,-243050.40040822816,0.0,10.0,0.0,-0.0,0.1,0.345807275,34.5807275,0.0,0.0,100.0,1.0,0.11,-11.0,-319.86066825111294,319.86066825111294,0.0,-319.86066825111294,319.86066825111294,0.0,-23765.31870432059,23765.31870432059,0.0,0.0,0.0,0.0,0.0,0.0,0.0,0.0,0.0,-243061.40040822816,-243061.40040822816,24405.040040822816,24405.040040822816,24305.040040822816,0.0,100.0,0.0,0.0,24405.040040822816,24405.040040822816,1,0.0,100.0
2262,27699.119534376958,0.0,-276991.19534376956,0.0,10.0,0.0,-0.0,0.1,0.335422431,33.5422431,0.0,0.0,100.0,1.0,0.11,-11.0,-568.8854143506201,568.8854143506201,0.0,-568.8854143506201,568.8854143506201,0.0,-30228.509978778868,30228.509978778868,0.0,0.0,2655.013798828125,2655.013798828125,0.0,0.0,912.1474742750236,912.1474742750236,0.0,-277002.19534376956,-277002.19534376956,31366.280807480107,31366.280807480107,31266.280807480107,0.0,100.0,0.0,0.0,31366.280807480107,27799.119534376958,1,0.0,100.0
2263,52368.982706829906,0.0,-523689.82706829906,0.0,10.0,0.0,-0.0,0.1,0.324193539,32.4193539,0.0,0.0,100.0,1.0,0.11,-11.0,-786.2802760452006,786.2802760452006,0.0,-786.2802760452006,786.2802760452006,0.0,-63365.20404774516,63365.20404774516,0.0,0.0,9759.980302734377,9759.980302734377,0.0,0.0,2708.801590271282,2708.801590271282,0.0,-523700.82706829906,-523700.82706829906,64937.764599835566,64937.76459983556,64837.764599835566,0.0,100.0,0.0,0.0,64937.76459983556,52468.9827068299,1,0.0,100.0
2264,40714.30237970958,0.0,-407143.0237970958,0.0,10.0,0.0,-0.0,0.1,0.318055054,31.8055054,0.0,0.0,100.0,1.0,0.11,-11.0,-857.2660303403179,857.2660303403179,0.0,-857.2660303403179,857.2660303403179,0.0,-61144.99013152712,61144.99013152712,0.0,0.0,15743.109990234374,15743.109990234374,0.0,0.0,6302.109822263799,6302.109822263799,0.0,-407154.0237970958,-407154.0237970958,62859.522192207754,62859.522192207754,62759.522192207754,0.0,100.0,0.0,0.0,62859.522192207754,40814.30237970958,1,0.0,100.0
2265,24213.16799572543,0.0,-242131.67995725432,0.0,10.0,0.0,-0.0,0.1,0.330534062,33.053406200000005,0.0,0.0,100.0,1.0,0.11,-11.0,-931.9150009217208,931.9150009217208,0.0,-931.9150009217208,931.9150009217208,0.0,-58187.669708320136,58187.669708320136,0.0,0.0,25428.301171875,25428.301171875,0.0,0.0,10310.030542563143,10310.030542563143,0.0,-242142.67995725432,-242142.67995725432,60051.499710163574,60051.499710163574,59951.499710163574,0.0,100.0,0.0,0.0,60051.499710163574,24313.16799572543,1,0.0,100.0
2266,19696.376471450705,0.0,-196963.76471450704,0.0,10.0,0.0,-0.0,0.1,0.347659646,34.7659646,0.0,0.0,100.0,1.0,0.11,-11.0,-998.7364154363954,998.7364154363954,0.0,-998.7364154363954,998.7364154363954,0.0,-58188.83888397858,58188.83888397858,0.0,0.0,29167.7572265625,29167.7572265625,0.0,0.0,11222.178016838168,11222.178016838168,0.0,-196974.76471450704,-196974.76471450704,60186.31171485137,60186.31171485137,60086.31171485137,0.0,100.0,0.0,0.0,60186.31171485137,19796.376471450705,1,0.0,100.0
2267,28932.069211663133,0.0,-289320.6921166313,0.0,10.0,0.0,-0.0,0.1,0.3728157689999999,37.28157689999999,0.0,0.0,100.0,1.0,0.11,-11.0,-1053.703208190884,1053.703208190884,0.0,-1053.703208190884,1053.703208190884,0.0,-55184.30373642635,55184.30373642635,0.0,0.0,13499.436357421877,13499.436357421877,0.0,0.0,14760.204583723107,14760.204583723107,0.0,-289331.6921166313,-289331.6921166313,57291.71015280812,57291.71015280812,57191.71015280812,0.0,100.0,0.0,0.0,57291.71015280812,29032.069211663133,1,0.0,100.0
2268,39754.47018206984,0.0,-397544.7018206984,0.0,10.0,0.0,-0.0,0.1,0.3542785429999999,35.427854299999986,0.0,0.0,100.0,1.0,0.11,-11.0,-1088.2377418817844,1088.2377418817844,0.0,-1088.2377418817844,1088.2377418817844,0.0,-60990.05309008414,60990.05309008414,0.0,0.0,10956.606240234374,10956.606240234374,0.0,0.0,12355.4521515435,12355.4521515435,0.0,-397555.7018206984,-397555.7018206984,63166.52857384771,63166.52857384771,63066.52857384771,0.0,100.0,0.0,0.0,63166.52857384771,39854.47018206984,1,0.0,100.0
2269,40289.89706033406,0.0,-402898.97060334054,0.0,10.0,0.0,-0.0,0.1,0.348818046,34.8818046,0.0,0.0,100.0,1.0,0.11,-11.0,-1144.415287572928,1144.415287572928,0.0,-1144.415287572928,1144.415287572928,0.0,-59899.42373109011,59899.42373109011,0.0,0.0,10133.925908203124,10133.925908203124,0.0,0.0,11664.431337698785,11664.431337698785,0.0,-402909.97060334054,-402909.97060334054,62188.25430623596,62188.25430623596,62088.25430623596,0.0,100.0,0.0,0.0,62188.25430623596,40389.89706033406,1,0.0,100.0
2270,41089.805747187,0.0,-410898.05747187,0.0,10.0,0.0,-0.0,0.1,0.347886367,34.7886367,0.0,0.0,100.0,1.0,0.08,-8.0,-1164.8506973224028,1164.8506973224028,0.0,-1164.8506973224028,1164.8506973224028,0.0,-58185.49630919341,58185.49630919341,0.0,0.0,8600.74892578125,8600.74892578125,0.0,0.0,10724.643030869973,10724.643030869973,0.0,-410906.05747187,-410906.05747187,60515.19770383822,60515.19770383822,60415.19770383822,0.0,100.0,0.0,0.0,60515.19770383822,41189.805747187,1,0.0,100.0
2271,46436.42302121053,0.0,-464364.2302121053,0.0,10.0,0.0,-0.0,0.1,0.348886057,34.8886057,0.0,0.0,100.0,1.0,0.08,-8.0,-1110.081708226268,1110.081708226268,0.0,-1110.081708226268,1110.081708226268,0.0,-61141.07705904501,61141.07705904501,0.0,0.0,6431.8644140625,6431.8644140625,0.0,0.0,10392.953040224513,10392.953040224513,0.0,-464372.2302121053,-464372.2302121053,63361.24047549754,63361.24047549755,63261.24047549754,0.0,100.0,0.0,0.0,63361.24047549755,46536.42302121054,1,0.0,100.0
2272,45423.35517086643,0.0,-454233.5517086643,0.0,10.0,0.0,-0.0,0.1,0.353469766,35.346976600000005,0.0,0.0,100.0,1.0,0.08,-8.0,-841.3096000817203,841.3096000817203,0.0,-841.3096000817203,841.3096000817203,0.0,-54318.04214337276,54318.04214337276,0.0,0.0,3926.428857421875,3926.428857421875,0.0,0.0,6550.877315247896,6550.877315247896,0.0,-454241.5517086643,-454241.5517086643,56000.6613435362,56000.6613435362,55900.6613435362,0.0,100.0,0.0,0.0,56000.6613435362,45523.35517086643,1,0.0,100.0
2273,36573.66460080008,0.0,-365736.6460080008,0.0,10.0,0.0,-0.0,0.1,0.3589991179999999,35.89991179999999,0.0,0.0,100.0,1.0,0.11,-11.0,-789.1348811420152,789.1348811420152,0.0,-789.1348811420152,789.1348811420152,0.0,-42265.681310485335,42265.681310485335,0.0,0.0,1420.99330078125,1420.99330078125,0.0,0.0,5749.293171188027,5749.293171188027,0.0,-365747.6460080008,-365747.6460080008,43843.951072769356,43843.95107276936,43743.951072769356,0.0,100.0,0.0,0.0,43843.95107276936,36673.66460080008,1,0.0,100.0
2274,45105.996787016986,0.0,-451059.96787016984,0.0,10.0,0.0,-0.0,0.1,0.357808215,35.7808215,0.0,0.0,100.0,1.0,0.11,-11.0,-741.0226260399922,741.0226260399922,0.0,-741.0226260399922,741.0226260399922,0.0,-43889.79653025974,43889.79653025974,0.0,0.0,0.0,0.0,0.0,0.0,165.84499532273156,165.84499532273156,0.0,-451070.96787016984,-451070.96787016984,45371.84178233972,45371.84178233972,45271.84178233972,0.0,100.0,0.0,0.0,45371.84178233972,45205.996787016986,1,0.0,100.0
2275,36186.21008958051,0.0,-361862.1008958051,0.0,10.0,0.0,-0.0,0.1,0.359159491,35.9159491,0.0,0.0,100.0,1.0,0.11,-11.0,-716.6250451027139,716.6250451027139,0.0,-716.6250451027139,716.6250451027139,0.0,-34852.95999937508,34852.95999937508,0.0,0.0,0.0,0.0,0.0,0.0,0.0,0.0,0.0,-361873.1008958051,-361873.1008958051,36286.21008958051,36286.21008958051,36186.21008958051,0.0,100.0,0.0,0.0,36286.21008958051,36286.21008958051,1,0.0,100.0
2276,33745.09530382521,0.0,-337450.95303825213,0.0,10.0,0.0,-0.0,0.1,0.35919229,35.919229,0.0,0.0,100.0,1.0,0.11,-11.0,-234.1864419598409,234.1864419598409,0.0,-234.1864419598409,234.1864419598409,0.0,-33376.72241990553,33376.72241990553,0.0,0.0,0.0,0.0,0.0,0.0,0.0,0.0,0.0,-337461.95303825213,-337461.95303825213,33845.09530382521,33845.09530382521,33745.09530382521,0.0,100.0,0.0,0.0,33845.09530382521,33845.09530382521,1,0.0,100.0
2277,21489.0085167349,0.0,-214890.085167349,0.0,10.0,0.0,-0.0,0.1,0.364730154,36.473015399999994,0.0,0.0,100.0,1.0,0.11,-11.0,-233.4974436102093,233.4974436102093,0.0,-233.4974436102093,233.4974436102093,0.0,-21122.01362951448,21122.01362951448,0.0,0.0,0.0,0.0,0.0,0.0,0.0,0.0,0.0,-214901.085167349,-214901.085167349,21589.0085167349,21589.0085167349,21489.0085167349,0.0,100.0,0.0,0.0,21589.0085167349,21589.0085167349,1,0.0,100.0
2278,18510.467431210513,0.0,-185104.6743121051,0.0,10.0,0.0,-0.0,0.1,0.36463607,36.463606999999996,0.0,0.0,100.0,1.0,0.11,-11.0,-236.5160853810286,236.5160853810286,0.0,-236.5160853810286,236.5160853810286,0.0,-18137.435260448456,18137.435260448456,0.0,0.0,0.0,0.0,0.0,0.0,0.0,0.0,0.0,-185115.6743121051,-185115.6743121051,18610.467431210513,18610.467431210513,18510.467431210513,0.0,100.0,0.0,0.0,18610.467431210513,18610.467431210513,1,0.0,100.0
2279,17765.610379210153,0.0,-177656.10379210152,0.0,10.0,0.0,-0.0,0.1,0.363176286,36.3176286,0.0,0.0,100.0,1.0,0.11,-11.0,-233.56274465057973,233.56274465057973,0.0,-233.56274465057973,233.56274465057973,0.0,-17398.484889908992,17398.484889908992,0.0,0.0,0.0,0.0,0.0,0.0,0.0,0.0,0.0,-177667.10379210152,-177667.10379210152,17865.610379210153,17865.610379210153,17765.610379210153,0.0,100.0,0.0,0.0,17865.610379210153,17865.610379210153,1,0.0,100.0
2280,17765.578817206497,0.0,-177655.78817206496,0.0,10.0,0.0,-0.0,0.1,0.3438600999999999,34.38600999999999,0.0,0.0,100.0,1.0,0.08,-8.0,-233.5470120165104,233.5470120165104,0.0,-233.5470120165104,233.5470120165104,0.0,-17398.484793173477,17398.484793173477,0.0,0.0,0.0,0.0,0.0,0.0,0.0,0.0,0.0,-177663.78817206496,-177663.78817206496,17865.578817206497,17865.578817206497,17765.578817206497,0.0,100.0,0.0,0.0,17865.578817206497,17865.578817206497,1,0.0,100.0
2281,17765.497015505465,0.0,-177654.97015505465,0.0,10.0,0.0,-0.0,0.1,0.327356957,32.7356957,0.0,0.0,100.0,1.0,0.08,-8.0,-233.5061141889806,233.5061141889806,0.0,-233.5061141889806,233.5061141889806,0.0,-17398.484787127505,17398.484787127505,0.0,0.0,0.0,0.0,0.0,0.0,0.0,0.0,0.0,-177662.97015505465,-177662.97015505465,17865.497015505465,17865.497015505465,17765.497015505465,0.0,100.0,0.0,0.0,17865.497015505465,17865.497015505465,1,0.0,100.0
2282,17765.4297288431,0.0,-177654.297288431,0.0,10.0,0.0,-0.0,0.1,0.342017897,34.2017897,0.0,0.0,100.0,1.0,0.08,-8.0,-233.47247992675184,233.47247992675184,0.0,-233.47247992675184,233.47247992675184,0.0,-17398.484768989598,17398.484768989598,0.0,0.0,0.0,0.0,0.0,0.0,0.0,0.0,0.0,-177662.297288431,-177662.297288431,17865.4297288431,17865.4297288431,17765.4297288431,0.0,100.0,0.0,0.0,17865.4297288431,17865.4297288431,1,0.0,100.0
2283,18506.28539863757,0.0,-185062.8539863757,0.0,10.0,0.0,-0.0,0.1,0.349219015,34.921901500000004,0.0,0.0,100.0,1.0,0.08,-8.0,-234.42512955425408,234.42512955425408,0.0,-234.42512955425408,234.42512955425408,0.0,-18137.43513952906,18137.43513952906,0.0,0.0,0.0,0.0,0.0,0.0,0.0,0.0,0.0,-185070.8539863757,-185070.8539863757,18606.28539863757,18606.28539863757,18506.28539863757,0.0,100.0,0.0,0.0,18606.28539863757,18606.28539863757,1,0.0,100.0
2284,21490.58169311976,0.0,-214905.8169311976,0.0,10.0,0.0,-0.0,0.1,0.3399351029999999,33.99351029999999,0.0,0.0,100.0,1.0,0.08,-8.0,-234.23882004153765,234.23882004153765,0.0,-234.23882004153765,234.23882004153765,0.0,-21122.104053036684,21122.104053036684,0.0,0.0,0.0,0.0,0.0,0.0,0.0,0.0,0.0,-214913.8169311976,-214913.8169311976,21590.58169311976,21590.58169311976,21490.58169311976,0.0,100.0,0.0,0.0,21590.58169311976,21590.58169311976,1,0.0,100.0
2285,24067.264244319565,0.0,-240672.64244319565,0.0,10.0,0.0,-0.0,0.1,0.320370239,32.0370239,0.0,0.0,100.0,1.0,0.11,-11.0,-353.0579190919818,353.0579190919818,0.0,-353.0579190919818,353.0579190919818,0.0,-23760.3048905106,23760.3048905106,0.0,0.0,299.156484375,299.156484375,0.0,0.0,0.0,0.0,0.0,-240683.64244319565,-240683.64244319565,24466.420728694564,24466.420728694564,24366.420728694564,0.0,100.0,0.0,0.0,24466.420728694564,24167.264244319565,1,0.0,100.0
2286,25619.584263144654,0.0,-256195.84263144655,0.0,10.0,0.0,-0.0,0.1,0.29868101,29.868101000000003,0.0,0.0,100.0,1.0,0.11,-11.0,-581.5434128938443,581.5434128938443,0.0,-581.5434128938443,581.5434128938443,0.0,-30227.5078290782,30227.5078290782,0.0,0.0,4786.50375,4786.50375,0.0,0.0,884.5066417212349,884.5066417212349,0.0,-256206.84263144655,-256206.84263144655,31390.59465486589,31390.59465486589,31290.59465486589,0.0,100.0,0.0,0.0,31390.59465486589,25719.584263144658,1,0.0,100.0
2287,48387.937966763544,0.0,-483879.3796676354,0.0,10.0,0.0,-0.0,0.1,0.282827577,28.2827577,0.0,0.0,100.0,1.0,0.11,-11.0,-802.1487348022994,802.1487348022994,0.0,-802.1487348022994,802.1487348022994,0.0,-63365.07768697931,63365.07768697931,0.0,0.0,12639.361464843749,12639.361464843749,0.0,0.0,3842.0757249766143,3842.0757249766143,0.0,-483890.3796676354,-483890.3796676354,64969.375156583905,64969.37515658391,64869.375156583905,0.0,100.0,0.0,0.0,64969.37515658391,48487.93796676355,1,0.0,100.0
2288,33419.663547492775,0.0,-334196.6354749277,0.0,10.0,0.0,-0.0,0.1,0.253229475,25.322947499999998,0.0,0.0,100.0,1.0,0.11,-11.0,-790.448811719145,790.448811719145,0.0,-790.448811719145,790.448811719145,0.0,-61144.360383327534,61144.360383327534,0.0,0.0,20305.246376953124,20305.246376953124,0.0,0.0,8900.348082319926,8900.348082319926,0.0,-334207.6354749277,-334207.6354749277,62725.25800676583,62725.25800676583,62625.25800676583,0.0,100.0,0.0,0.0,62725.25800676583,33519.663547492775,1,0.0,100.0
2289,23299.428716442657,0.0,-232994.28716442658,0.0,10.0,0.0,-0.0,0.1,0.239474225,23.947422500000002,0.0,0.0,100.0,1.0,0.11,-11.0,-769.0360014659938,769.0360014659938,0.0,-769.0360014659938,769.0360014659938,0.0,-58188.31090758625,58188.31090758625,0.0,0.0,24717.804521484373,24717.804521484373,0.0,0.0,11609.14967259121,11609.14967259121,0.0,-233005.28716442658,-233005.28716442658,59726.38291051824,59726.38291051824,59626.38291051824,0.0,100.0,0.0,0.0,59726.38291051824,23399.428716442657,1,0.0,100.0
2290,13775.903477309908,0.0,-137759.0347730991,0.0,10.0,0.0,-0.0,0.1,0.244911855,24.4911855,0.0,0.0,100.0,1.0,0.11,-11.0,-750.3103388192462,750.3103388192462,0.0,-750.3103388192462,750.3103388192462,0.0,-58187.68227789106,58187.68227789106,0.0,0.0,29504.308271484373,29504.308271484373,0.0,0.0,16308.09120673527,16308.09120673527,0.0,-137770.0347730991,-137770.0347730991,59688.30295552955,59688.30295552955,59588.30295552955,0.0,100.0,0.0,0.0,59688.30295552955,13875.903477309912,1,0.0,100.0
2291,1562.8879805626275,0.0,-15628.879805626275,0.0,10.0,0.0,-0.0,0.1,0.251761048,25.176104799999997,0.0,0.0,100.0,1.0,0.11,-11.0,-752.2511563043777,752.2511563043777,0.0,-752.2511563043777,752.2511563043777,0.0,-55175.150767144856,55175.150767144856,0.0,0.0,30140.01580078125,30140.01580078125,0.0,0.0,24876.749298409733,24876.749298409733,0.0,-15639.879805626275,-15639.879805626275,56679.65307975361,56679.65307975361,56579.65307975361,0.0,100.0,0.0,0.0,56679.65307975361,1662.8879805626275,1,0.0,100.0
2292,6519.400656597583,0.0,-65194.00656597583,0.0,10.0,0.0,-0.0,0.1,0.271811913,27.181191300000002,0.0,0.0,100.0,1.0,0.11,-11.0,-744.7861019211518,744.7861019211518,0.0,-744.7861019211518,744.7861019211518,0.0,-58187.36676291847,58187.36676291847,0.0,0.0,29728.675634765623,29728.675634765623,0.0,0.0,23328.86267539757,23328.86267539757,0.0,-65205.00656597583,-65205.00656597583,59676.938966760776,59676.938966760776,59576.938966760776,0.0,100.0,0.0,0.0,59676.938966760776,6619.400656597587,1,0.0,100.0
2293,9250.591314583246,0.0,-92505.91314583246,0.0,10.0,0.0,-0.0,0.1,0.269048025,26.904802500000002,0.0,0.0,100.0,1.0,0.11,-11.0,-750.282424495443,750.282424495443,0.0,-750.282424495443,750.282424495443,0.0,-58185.83199352077,58185.83199352077,0.0,0.0,28195.498652343747,28195.498652343747,0.0,0.0,22140.30687558466,22140.30687558466,0.0,-92516.91314583246,-92516.91314583246,59686.396842511655,59686.396842511655,59586.396842511655,0.0,100.0,0.0,0.0,59686.396842511655,9350.591314583246,1,0.0,100.0
2294,15842.050560565069,0.0,-158420.5056056507,0.0,10.0,0.0,-0.0,0.1,0.27019678,27.019678000000003,0.0,0.0,100.0,1.0,0.08,-8.0,-750.932466643413,750.932466643413,0.0,-750.932466643413,750.932466643413,0.0,-58186.257025187726,58186.257025187726,0.0,0.0,24867.382763671874,24867.382763671874,0.0,0.0,18878.68863423761,18878.68863423761,0.0,-158428.5056056507,-158428.5056056507,59688.121958474556,59688.12195847455,59588.121958474556,0.0,100.0,0.0,0.0,59688.12195847455,15942.050560565061,1,0.0,100.0
2295,33553.486218961254,0.0,-335534.8621896125,0.0,10.0,0.0,-0.0,0.1,0.262295576,26.229557599999996,0.0,0.0,100.0,1.0,0.08,-8.0,-718.3358144000789,718.3358144000789,0.0,-718.3358144000789,718.3358144000789,0.0,-61142.9497376869,61142.9497376869,0.0,0.0,16266.633837890624,16266.633837890624,0.0,0.0,12659.501309635174,12659.501309635174,0.0,-335542.8621896125,-335542.8621896125,62579.62136648705,62579.62136648705,62479.62136648705,0.0,100.0,0.0,0.0,62579.62136648705,33653.486218961254,1,0.0,100.0
2296,33780.909761200026,0.0,-337809.09761200025,0.0,10.0,0.0,-0.0,0.1,0.259901533,25.990153300000003,0.0,0.0,100.0,1.0,0.08,-8.0,-518.496500405679,518.496500405679,0.0,-518.496500405679,518.496500405679,0.0,-54320.33774363821,54320.33774363821,0.0,0.0,10171.32046875,10171.32046875,0.0,0.0,11305.100514499534,11305.100514499534,0.0,-337817.09761200025,-337817.09761200025,55357.33074444956,55357.330744449566,55257.33074444956,0.0,100.0,0.0,0.0,55357.330744449566,33880.90976120003,1,0.0,100.0
2297,34192.30027692637,0.0,-341923.0027692637,0.0,10.0,0.0,-0.0,0.1,0.257796794,25.7796794,0.0,0.0,100.0,1.0,0.11,-11.0,-511.4870046571574,511.4870046571574,0.0,-511.4870046571574,511.4870046571574,0.0,-42268.673884087,42268.673884087,0.0,0.0,3664.66693359375,3664.66693359375,0.0,0.0,5334.680682881198,5334.680682881198,0.0,-341934.0027692637,-341934.0027692637,43291.647893401314,43291.647893401314,43191.647893401314,0.0,100.0,0.0,0.0,43291.647893401314,34292.30027692637,1,0.0,100.0
2298,44625.83895076235,0.0,-446258.3895076235,0.0,10.0,0.0,-0.0,0.1,0.258696195,25.869619500000002,0.0,0.0,100.0,1.0,0.11,-11.0,-527.8472737654564,527.8472737654564,0.0,-527.8472737654564,527.8472737654564,0.0,-43891.27106366175,43891.27106366175,0.0,0.0,0.0,0.0,0.0,0.0,221.1266604303088,221.1266604303088,0.0,-446269.3895076235,-446269.3895076235,44946.96561119266,44946.96561119266,44846.96561119266,0.0,100.0,0.0,0.0,44946.96561119266,44725.83895076235,1,0.0,100.0
2299,35836.060658716415,0.0,-358360.60658716416,0.0,10.0,0.0,-0.0,0.1,0.256792386,25.679238599999998,0.0,0.0,100.0,1.0,0.11,-11.0,-540.7884800570323,540.7884800570323,0.0,-540.7884800570323,540.7884800570323,0.0,-34854.48369860235,34854.48369860235,0.0,0.0,0.0,0.0,0.0,0.0,0.0,0.0,0.0,-358371.60658716416,-358371.60658716416,35936.060658716415,35936.060658716415,35836.060658716415,0.0,100.0,0.0,0.0,35936.060658716415,35936.060658716415,1,0.0,100.0
2300,33743.96413475914,0.0,-337439.6413475914,0.0,10.0,0.0,-0.0,0.1,0.267412422,26.7412422,0.0,0.0,100.0,1.0,0.11,-11.0,-233.0006527903269,233.0006527903269,0.0,-233.0006527903269,233.0006527903269,0.0,-33377.96282917848,33377.96282917848,0.0,0.0,0.0,0.0,0.0,0.0,0.0,0.0,0.0,-337450.6413475914,-337450.6413475914,33843.96413475914,33843.96413475914,33743.96413475914,0.0,100.0,0.0,0.0,33843.96413475914,33843.96413475914,1,0.0,100.0
2301,21486.95634761242,0.0,-214869.5634761242,0.0,10.0,0.0,-0.0,0.1,0.275076549,27.5076549,0.0,0.0,100.0,1.0,0.11,-11.0,-232.4714255546376,232.4714255546376,0.0,-232.4714255546376,232.4714255546376,0.0,-21122.013496503147,21122.013496503147,0.0,0.0,0.0,0.0,0.0,0.0,0.0,0.0,0.0,-214880.5634761242,-214880.5634761242,21586.95634761242,21586.95634761242,21486.95634761242,0.0,100.0,0.0,0.0,21586.95634761242,21586.95634761242,1,0.0,100.0
2302,18508.44664955055,0.0,-185084.4664955055,0.0,10.0,0.0,-0.0,0.1,0.273006804,27.300680399999997,0.0,0.0,100.0,1.0,0.11,-11.0,-235.5057459417908,235.5057459417908,0.0,-235.5057459417908,235.5057459417908,0.0,-18137.43515766697,18137.43515766697,0.0,0.0,0.0,0.0,0.0,0.0,0.0,0.0,0.0,-185095.4664955055,-185095.4664955055,18608.44664955055,18608.44664955055,18508.44664955055,0.0,100.0,0.0,0.0,18608.44664955055,18608.44664955055,1,0.0,100.0
2303,17763.497541349883,0.0,-177634.97541349882,0.0,10.0,0.0,-0.0,0.1,0.28352997,28.352997000000002,0.0,0.0,100.0,1.0,0.11,-11.0,-232.50638013417247,232.50638013417247,0.0,-232.50638013417247,232.50638013417247,0.0,-17398.484781081537,17398.484781081537,0.0,0.0,0.0,0.0,0.0,0.0,0.0,0.0,0.0,-177645.97541349882,-177645.97541349882,17863.497541349883,17863.497541349883,17763.497541349883,0.0,100.0,0.0,0.0,17863.497541349883,17863.497541349883,1,0.0,100.0
2304,17763.397187572846,0.0,-177633.97187572846,0.0,10.0,0.0,-0.0,0.1,0.276371995,27.637199499999998,0.0,0.0,100.0,1.0,0.08,-8.0,-232.45626975132035,232.45626975132035,0.0,-232.45626975132035,232.45626975132035,0.0,-17398.484648070204,17398.484648070204,0.0,0.0,0.0,0.0,0.0,0.0,0.0,0.0,0.0,-177641.97187572846,-177641.97187572846,17863.397187572846,17863.397187572846,17763.397187572846,0.0,100.0,0.0,0.0,17863.397187572846,17863.397187572846,1,0.0,100.0
2305,17763.2948550526,0.0,-177632.94855052602,0.0,10.0,0.0,-0.0,0.1,0.262283615,26.228361500000002,0.0,0.0,100.0,1.0,0.08,-8.0,-232.40510349119933,232.40510349119933,0.0,-232.40510349119933,232.40510349119933,0.0,-17398.484648070204,17398.484648070204,0.0,0.0,0.0,0.0,0.0,0.0,0.0,0.0,0.0,-177640.94855052602,-177640.94855052602,17863.2948550526,17863.2948550526,17763.2948550526,0.0,100.0,0.0,0.0,17863.2948550526,17863.2948550526,1,0.0,100.0
2306,17763.238157894873,0.0,-177632.38157894873,0.0,10.0,0.0,-0.0,0.1,0.266495237,26.6495237,0.0,0.0,100.0,1.0,0.08,-8.0,-232.3767488663657,232.3767488663657,0.0,-232.3767488663657,232.3767488663657,0.0,-17398.484660162143,17398.484660162143,0.0,0.0,0.0,0.0,0.0,0.0,0.0,0.0,0.0,-177640.38157894873,-177640.38157894873,17863.238157894873,17863.238157894873,17763.238157894873,0.0,100.0,0.0,0.0,17863.238157894873,17863.238157894873,1,0.0,100.0
2307,18510.983912065847,0.0,-185109.83912065846,0.0,10.0,0.0,-0.0,0.1,0.271415464,27.1415464,0.0,0.0,100.0,1.0,0.08,-8.0,-236.7744346361528,236.7744346361528,0.0,-236.7744346361528,236.7744346361528,0.0,-18137.435042793542,18137.435042793542,0.0,0.0,0.0,0.0,0.0,0.0,0.0,0.0,0.0,-185117.83912065846,-185117.83912065846,18610.983912065847,18610.983912065847,18510.983912065847,0.0,100.0,0.0,0.0,18610.983912065847,18610.983912065847,1,0.0,100.0
2308,21494.20020860609,0.0,-214942.00208606088,0.0,10.0,0.0,-0.0,0.1,0.268962945,26.8962945,0.0,0.0,100.0,1.0,0.08,-8.0,-236.04818358916896,236.04818358916896,0.0,-236.04818358916896,236.04818358916896,0.0,-21122.10384142775,21122.10384142775,0.0,0.0,0.0,0.0,0.0,0.0,0.0,0.0,0.0,-214950.00208606088,-214950.00208606088,21594.20020860609,21594.20020860609,21494.20020860609,0.0,100.0,0.0,0.0,21594.20020860609,21594.20020860609,1,0.0,100.0
2309,23950.17628279577,0.0,-239501.7628279577,0.0,10.0,0.0,-0.0,0.1,0.253496161,25.3496161,0.0,0.0,100.0,1.0,0.11,-11.0,-272.2701527149151,272.2701527149151,0.0,-272.2701527149151,272.2701527149151,0.0,-23767.397901194065,23767.397901194065,0.0,0.0,261.76192382812496,261.76192382812496,0.0,0.0,0.0,0.0,0.0,-239512.7628279577,-239512.7628279577,24311.938206623894,24311.938206623894,24211.938206623894,0.0,100.0,0.0,0.0,24311.938206623894,24050.17628279577,1,0.0,100.0
2310,25219.590270468296,0.0,-252195.90270468296,0.0,10.0,0.0,-0.0,0.1,0.242158865,24.2158865,0.0,0.0,100.0,1.0,0.11,-11.0,-505.38129508011343,505.38129508011343,0.0,-505.38129508011343,505.38129508011343,0.0,-30246.4926695741,30246.4926695741,0.0,0.0,4749.109189453125,4749.109189453125,0.0,0.0,1188.5557998129095,1188.5557998129095,0.0,-252206.90270468296,-252206.90270468296,31257.25525973433,31257.255259734327,31157.25525973433,0.0,100.0,0.0,0.0,31257.255259734327,25319.590270468292,1,0.0,100.0
2311,46137.41396037979,0.0,-461374.13960379787,0.0,10.0,0.0,-0.0,0.1,0.228053255,22.805325500000002,0.0,0.0,100.0,1.0,0.11,-11.0,-693.6945101267166,693.6945101267166,0.0,-693.6945101267166,693.6945101267166,0.0,-63385.08035437522,63385.08035437522,0.0,0.0,11293.15728515625,11293.15728515625,0.0,0.0,7241.898129092611,7241.898129092611,0.0,-461385.13960379787,-461385.13960379787,64772.46937462865,64772.46937462865,64672.46937462865,0.0,100.0,0.0,0.0,64772.46937462865,46237.41396037979,1,0.0,100.0
2312,29097.785330997227,0.0,-290977.85330997227,0.0,10.0,0.0,-0.0,0.1,0.2180497039999999,21.80497039999999,0.0,0.0,100.0,1.0,0.11,-11.0,-693.7969032338532,693.7969032338532,0.0,-693.7969032338532,693.7969032338532,0.0,-61161.94248631113,61161.94248631113,0.0,0.0,19669.53884765625,19669.53884765625,0.0,0.0,13682.212114125352,13682.212114125352,0.0,-290988.85330997227,-290988.85330997227,62549.53629277883,62549.53629277883,62449.53629277883,0.0,100.0,0.0,0.0,62549.53629277883,29197.785330997227,1,0.0,100.0
2313,14920.51551212705,0.0,-149205.1551212705,0.0,10.0,0.0,-0.0,0.1,0.217957764,21.7957764,0.0,0.0,100.0,1.0,0.11,-11.0,-714.8869033325715,714.8869033325715,0.0,-714.8869033325715,714.8869033325715,0.0,-58198.47672793472,58198.47672793472,0.0,0.0,26475.3488671875,26475.3488671875,0.0,0.0,18132.38615528532,18132.38615528532,0.0,-149216.1551212705,-149216.1551212705,59628.250534599865,59628.250534599865,59528.250534599865,0.0,100.0,0.0,0.0,59628.250534599865,15020.51551212705,1,0.0,100.0
2314,9005.732139754506,0.0,-90057.32139754505,0.0,10.0,0.0,-0.0,0.1,0.220632335,22.063233500000003,0.0,0.0,100.0,1.0,0.11,-11.0,-737.9257181354583,737.9257181354583,0.0,-737.9257181354583,737.9257181354583,0.0,-58196.40852263408,58196.40852263408,0.0,0.0,31411.430859375,31411.430859375,0.0,0.0,19155.096959775496,19155.096959775496,0.0,-90068.32139754505,-90068.32139754505,59672.25995890499,59672.259958905,59572.25995890499,0.0,100.0,0.0,0.0,59672.259958905,9105.73213975451,1,0.0,100.0
2315,0.0,0.0,-0.0,55.55555555555556,10.0,0.0,-0.0,0.1,0.241823868,0.0,0.0,100.0,0.0,1.0,0.11,0.0,-753.3363073364515,753.3363073364515,0.0,-753.3363073364515,753.3363073364515,0.0,-55180.12284562631,55180.12284562631,0.0,0.0,33542.92081054687,33542.92081054687,0.0,1549.678260548044,24849.108465855945,23299.4302053079,0.0,0.0,0.0,56842.35101585477,56842.35101585477,56842.35101585477,0.0,0.0,155.55555555555475,0.0,56686.79546029922,-1705.233816103595,1,-55.55555555555556,-100.0
2316,471.02005624760204,0.0,-4710.20056247602,0.0,60.0,45.0,-0.0,0.6,0.245297613,24.5297613,0.0,0.0,100.0,1.0,0.11,-11.0,-754.3234770584654,754.3234770584654,0.0,-754.3234770584654,754.3234770584654,0.0,-58193.69551466941,58193.69551466941,0.0,0.0,33131.58064453125,33131.58064453125,0.0,0.0,25954.741768007487,25954.741768007487,0.0,-4721.20056247602,-4721.20056247602,59702.34246878634,59702.34246878634,59557.34246878634,0.0,145.0,0.0,0.0,59702.34246878634,616.020056247602,1,45.0,100.0
2317,11014.104471320097,0.0,-110141.04471320097,0.0,10.0,0.0,-0.0,0.1,0.266107198,26.6107198,0.0,0.0,100.0,1.0,0.11,-11.0,-779.7616889575626,779.7616889575626,0.0,-779.7616889575626,779.7616889575626,0.0,-58199.52963959666,58199.52963959666,0.0,0.0,25951.82501953125,25951.82501953125,0.0,0.0,22693.123526660434,22693.123526660434,0.0,-110152.04471320097,-110152.04471320097,59759.05301751178,59759.05301751178,59659.05301751178,0.0,100.0,0.0,0.0,59759.05301751178,11114.104471320097,1,0.0,100.0
2318,17472.530575619392,0.0,-174725.30575619393,0.0,10.0,0.0,-0.0,0.1,0.263984948,26.398494799999998,0.0,0.0,100.0,1.0,0.08,-8.0,-804.8369995841772,804.8369995841772,0.0,-804.8369995841772,804.8369995841772,0.0,-58186.99859359615,58186.99859359615,0.0,0.0,26026.614140625,26026.614140625,0.0,0.0,16197.527876520116,16197.527876520116,0.0,-174733.30575619393,-174733.30575619393,59796.67259276451,59796.67259276451,59696.67259276451,0.0,100.0,0.0,0.0,59796.67259276451,17572.530575619392,1,0.0,100.0
2319,34532.91251492243,0.0,-345329.1251492243,0.0,10.0,0.0,-0.0,0.1,0.259216282,25.9216282,0.0,0.0,100.0,1.0,0.08,-8.0,-776.385666267405,776.385666267405,0.0,-776.385666267405,776.385666267405,0.0,-61142.73939840251,61142.73939840251,0.0,0.0,19632.14428710937,19632.14428710937,0.0,0.0,8430.453928905521,8430.453928905521,0.0,-345337.1251492243,-345337.1251492243,62695.51073093732,62695.51073093732,62595.51073093732,0.0,100.0,0.0,0.0,62695.51073093732,34632.91251492243,1,0.0,100.0
2320,37964.00599634566,0.0,-379640.0599634566,0.0,10.0,0.0,-0.0,0.1,0.254270805,25.4270805,0.0,0.0,100.0,1.0,0.08,-8.0,-569.1155391088403,569.1155391088403,0.0,-569.1155391088403,569.1155391088403,0.0,-54319.48605998442,54319.48605998442,0.0,0.0,10096.53134765625,10096.53134765625,0.0,0.0,7297.179794200189,7297.179794200189,0.0,-379648.0599634566,-379648.0599634566,55457.7171382021,55457.7171382021,55357.7171382021,0.0,100.0,0.0,0.0,55457.7171382021,38064.00599634566,1,0.0,100.0
2321,34948.657851837896,0.0,-349486.57851837896,0.0,10.0,0.0,-0.0,0.1,0.249041758,24.9041758,0.0,0.0,100.0,1.0,0.11,-11.0,-558.4275351594122,558.4275351594122,0.0,-558.4275351594122,558.4275351594122,0.0,-42267.77041670309,42267.77041670309,0.0,0.0,3664.66693359375,3664.66693359375,0.0,0.0,4671.300701590272,4671.300701590272,0.0,-349497.57851837896,-349497.57851837896,43384.62548702192,43384.62548702191,43284.62548702192,0.0,100.0,0.0,0.0,43384.62548702191,35048.65785183789,1,0.0,100.0
2322,44206.271925702946,0.0,-442062.7192570295,0.0,10.0,0.0,-0.0,0.1,0.24254109,24.254109,0.0,0.0,100.0,1.0,0.11,-11.0,-562.2356139575475,562.2356139575475,0.0,-562.2356139575475,562.2356139575475,0.0,-43375.28652566437,43375.28652566437,0.0,0.0,0.0,0.0,0.0,0.0,193.4858278765201,193.4858278765201,0.0,-442073.7192570295,-442073.7192570295,44499.75775357946,44499.75775357946,44399.75775357946,0.0,100.0,0.0,0.0,44499.75775357946,44306.271925702946,1,0.0,100.0
2323,35859.25167969492,0.0,-358592.5167969492,0.0,10.0,0.0,-0.0,0.1,0.251104808,25.1104808,0.0,0.0,100.0,1.0,0.11,-11.0,-551.7467634822325,551.7467634822325,0.0,-551.7467634822325,551.7467634822325,0.0,-34855.75815273046,34855.75815273046,0.0,0.0,0.0,0.0,0.0,0.0,0.0,0.0,0.0,-358603.5167969492,-358603.5167969492,35959.25167969492,35959.25167969492,35859.25167969492,0.0,100.0,0.0,0.0,35959.25167969492,35959.25167969492,1,0.0,100.0
2324,33744.40288532214,0.0,-337444.0288532214,0.0,10.0,0.0,-0.0,0.1,0.262140449,26.2140449,0.0,0.0,100.0,1.0,0.11,-11.0,-232.3689490149955,232.3689490149955,0.0,-232.3689490149955,232.3689490149955,0.0,-33379.66498729215,33379.66498729215,0.0,0.0,0.0,0.0,0.0,0.0,0.0,0.0,0.0,-337455.0288532214,-337455.0288532214,33844.40288532214,33844.40288532214,33744.40288532214,0.0,100.0,0.0,0.0,33844.40288532214,33844.40288532214,1,0.0,100.0
2325,21487.08830327736,0.0,-214870.8830327736,0.0,10.0,0.0,-0.0,0.1,0.263517222,26.3517222,0.0,0.0,100.0,1.0,0.11,-11.0,-232.53745175486327,232.53745175486327,0.0,-232.53745175486327,232.53745175486327,0.0,-21122.013399767635,21122.013399767635,0.0,0.0,0.0,0.0,0.0,0.0,0.0,0.0,0.0,-214881.8830327736,-214881.8830327736,21587.08830327736,21587.08830327736,21487.08830327736,0.0,100.0,0.0,0.0,21587.08830327736,21587.08830327736,1,0.0,100.0
2326,18508.80316746547,0.0,-185088.0316746547,0.0,10.0,0.0,-0.0,0.1,0.260134557,26.013455699999998,0.0,0.0,100.0,1.0,0.11,-11.0,-235.68406233596417,235.68406233596417,0.0,-235.68406233596417,235.68406233596417,0.0,-18137.435042793542,18137.435042793542,0.0,0.0,0.0,0.0,0.0,0.0,0.0,0.0,0.0,-185099.0316746547,-185099.0316746547,18608.80316746547,18608.80316746547,18508.80316746547,0.0,100.0,0.0,0.0,18608.80316746547,18608.80316746547,1,0.0,100.0
2327,17763.714616644327,0.0,-177637.14616644327,0.0,10.0,0.0,-0.0,0.1,0.2541738,25.41738,0.0,0.0,100.0,1.0,0.11,-11.0,-232.61498126407548,232.61498126407548,0.0,-232.61498126407548,232.61498126407548,0.0,-17398.484654116175,17398.484654116175,0.0,0.0,0.0,0.0,0.0,0.0,0.0,0.0,0.0,-177648.14616644327,-177648.14616644327,17863.714616644327,17863.714616644327,17763.714616644327,0.0,100.0,0.0,0.0,17863.714616644327,17863.714616644327,1,0.0,100.0
2328,14750.203810076411,0.0,-147502.0381007641,0.0,10.0,0.0,-0.0,0.1,0.2471479889999999,24.71479889999999,0.0,0.0,100.0,1.0,0.08,-8.0,-232.5372573579625,232.5372573579625,0.0,-232.5372573579625,232.5372573579625,0.0,-14385.129295360486,14385.129295360486,0.0,0.0,0.0,0.0,0.0,0.0,0.0,0.0,0.0,-147510.0381007641,-147510.0381007641,14850.203810076411,14850.203810076411,14750.203810076411,0.0,100.0,0.0,0.0,14850.203810076411,14850.203810076411,1,0.0,100.0
2329,14750.114195552727,0.0,-147501.14195552727,0.0,10.0,0.0,-0.0,0.1,0.2346750219999999,23.46750219999999,0.0,0.0,100.0,1.0,0.08,-8.0,-232.492447073135,232.492447073135,0.0,-232.492447073135,232.492447073135,0.0,-14385.129301406458,14385.129301406458,0.0,0.0,0.0,0.0,0.0,0.0,0.0,0.0,0.0,-147509.14195552727,-147509.14195552727,14850.114195552727,14850.114195552727,14750.114195552727,0.0,100.0,0.0,0.0,14850.114195552727,14850.114195552727,1,0.0,100.0
2330,14750.086780108113,0.0,-147500.86780108113,0.0,10.0,0.0,-0.0,0.1,0.2466151869999999,24.66151869999999,0.0,0.0,100.0,1.0,0.08,-8.0,-232.47873330485623,232.47873330485623,0.0,-232.47873330485623,232.47873330485623,0.0,-14385.1293134984,14385.1293134984,0.0,0.0,0.0,0.0,0.0,0.0,0.0,0.0,0.0,-147508.86780108113,-147508.86780108113,14850.086780108113,14850.086780108113,14750.086780108113,0.0,100.0,0.0,0.0,14850.086780108113,14850.086780108113,1,0.0,100.0
2331,15490.82667566963,0.0,-154908.2667566963,0.0,10.0,0.0,-0.0,0.1,0.261014271,26.101427100000002,0.0,0.0,100.0,1.0,0.08,-8.0,-233.37350186185543,233.37350186185543,0.0,-233.37350186185543,233.37350186185543,0.0,-15124.07967194592,15124.07967194592,0.0,0.0,0.0,0.0,0.0,0.0,0.0,0.0,0.0,-154916.2667566963,-154916.2667566963,15590.82667566963,15590.82667566963,15490.82667566963,0.0,100.0,0.0,0.0,15590.82667566963,15590.82667566963,1,0.0,100.0
2332,16968.676930427162,0.0,-169686.7693042716,0.0,10.0,0.0,-0.0,0.1,0.265382403,26.5382403,0.0,0.0,100.0,1.0,0.08,-8.0,-233.3030650779645,233.3030650779645,0.0,-233.3030650779645,233.3030650779645,0.0,-16602.070800271234,16602.070800271234,0.0,0.0,0.0,0.0,0.0,0.0,0.0,0.0,0.0,-169694.7693042716,-169694.7693042716,17068.676930427162,17068.676930427162,16968.676930427162,0.0,100.0,0.0,0.0,17068.676930427162,17068.676930427162,1,0.0,100.0
2333,23841.642322946813,0.0,-238416.4232294681,0.0,10.0,0.0,-0.0,0.1,0.253614628,25.3614628,0.0,0.0,100.0,1.0,0.11,-11.0,-233.3458075002793,233.3458075002793,0.0,-233.3458075002793,233.3458075002793,0.0,-23774.10719232125,23774.10719232125,0.0,0.0,299.156484375,299.156484375,0.0,0.0,0.0,0.0,0.0,-238427.4232294681,-238427.4232294681,24240.79880732181,24240.79880732181,24140.79880732181,0.0,100.0,0.0,0.0,24240.79880732181,23941.642322946813,1,0.0,100.0
2334,19677.800152396303,0.0,-196778.00152396303,0.0,10.0,0.0,-0.0,0.1,0.240199738,24.0199738,0.0,0.0,100.0,1.0,0.11,-11.0,-197.23723239642743,197.23723239642743,0.0,-197.23723239642743,197.23723239642743,0.0,-24213.76864273273,24213.76864273273,0.0,0.0,4001.217978515625,4001.217978515625,0.0,0.0,829.2249766136578,829.2249766136578,0.0,-196789.00152396303,-196789.00152396303,24608.243107525584,24608.243107525588,24508.243107525584,0.0,100.0,0.0,0.0,24608.243107525588,19777.800152396307,1,0.0,100.0
2335,25468.725073095186,0.0,-254687.25073095184,0.0,10.0,0.0,-0.0,0.1,0.232071728,23.207172800000002,0.0,0.0,100.0,1.0,0.11,-11.0,-197.3049552807528,197.3049552807528,0.0,-197.3049552807528,197.3049552807528,0.0,-39268.750263615664,39268.750263615664,0.0,0.0,11330.551845703125,11330.551845703125,0.0,0.0,2764.083255378859,2764.083255378859,0.0,-254698.25073095184,-254698.25073095184,39663.36017417717,39663.36017417717,39563.36017417717,0.0,100.0,0.0,0.0,39663.36017417717,25568.725073095186,1,0.0,100.0
2336,16609.74656258224,0.0,-166097.4656258224,0.0,10.0,0.0,-0.0,0.1,0.227200701,22.7200701,0.0,0.0,100.0,1.0,0.11,-11.0,-197.43933805903225,197.43933805903225,0.0,-197.43933805903225,197.43933805903225,0.0,-37046.29054778426,37046.29054778426,0.0,0.0,16640.579443359373,16640.579443359373,0.0,0.0,4090.843217960712,4090.843217960712,0.0,-166108.4656258224,-166108.4656258224,37441.169223902325,37441.169223902325,37341.169223902325,0.0,100.0,0.0,0.0,37441.169223902325,16709.74656258224,1,0.0,100.0
2337,10660.30370977168,0.0,-106603.0370977168,0.0,10.0,0.0,-0.0,0.1,0.23743849,23.743849,0.0,0.0,100.0,1.0,0.11,-11.0,-197.54329977258595,197.54329977258595,0.0,-197.54329977258595,197.54329977258595,0.0,-34086.7739805127,34086.7739805127,0.0,0.0,15705.7154296875,15705.7154296875,0.0,0.0,8015.841440598691,8015.841440598691,0.0,-106614.0370977168,-106614.0370977168,34481.86058005787,34481.86058005787,34381.86058005787,0.0,100.0,0.0,0.0,34481.86058005787,10760.30370977168,1,0.0,100.0
2338,0.0,0.0,-0.0,55.55555555555556,10.0,0.0,-0.0,0.1,0.260122365,0.0,0.0,100.0,0.0,1.0,0.11,0.0,-200.48941639453045,200.48941639453045,0.0,-200.48941639453045,200.48941639453045,0.0,-34086.519154983536,34086.519154983536,0.0,0.0,28943.38986328125,28943.38986328125,0.0,1818.6427745835908,7518.306454630497,5699.663680046906,0.0,0.0,0.0,34643.053543328155,34643.053543328155,34643.053543328155,0.0,0.0,155.55555555555475,0.0,34487.4979877726,-1974.1983301391447,1,-55.55555555555556,-100.0
2339,0.0,0.0,-0.0,44.44444444444444,60.0,0.0,-0.0,0.6,0.291816928,0.0,0.0,100.0,0.0,1.0,0.11,0.0,-197.73111433405853,197.73111433405853,0.0,-197.73111433405853,197.73111433405853,0.0,-34085.049101645054,34085.049101645054,0.0,0.0,32982.00240234375,32982.00240234375,0.0,8445.950509718969,10088.903882132836,1642.9533724138673,0.0,0.0,0.0,34624.95577475762,34624.95577475762,34624.95577475762,0.0,0.0,144.44444444444525,0.0,34480.51133031317,-8590.394954163414,1,-44.44444444444444,-100.0
2340,0.0,0.0,-0.0,0.0,100.0,-0.0,-0.0,1.0,0.284714245,0.0,0.0,100.0,0.0,1.0,0.11,0.0,-197.97583162158,197.97583162158,0.0,-197.97583162158,197.97583162158,0.0,-34084.569039562266,34084.569039562266,0.0,0.0,30401.777724609376,30401.777724609376,0.0,4002.9434577253705,8181.686435921423,4178.742978196053,0.0,0.0,0.0,34580.52070280543,34580.52070280543,34580.52070280543,0.0,0.0,100.0,0.0,34480.52070280543,-4102.9434577253705,1,-0.0,-100.0
2341,0.0,0.0,-0.0,0.0,100.0,-0.0,-0.0,1.0,0.2886728389999999,0.0,0.0,100.0,0.0,1.0,0.11,0.0,-198.0531439719642,198.0531439719642,0.0,-198.0531439719642,198.0531439719642,0.0,-19020.29535581988,19020.29535581988,0.0,9426.988219517443,28943.38986328125,19516.401643763806,0.0,8651.580589335828,8651.580589335828,0.0,0.0,0.0,0.0,19516.401643763806,19516.401643763806,19516.401643763806,0.0,0.0,100.0,0.0,19416.401643763806,-18178.56880885327,1,-0.0,-100.0
2342,0.0,0.0,-0.0,0.0,100.0,-0.0,-0.0,1.0,0.300761362,0.0,0.0,100.0,0.0,1.0,0.08,0.0,-198.0482373958621,198.0482373958621,0.0,-198.0482373958621,198.0482373958621,0.0,-19021.7119204648,19021.7119204648,0.0,563.0706184153496,20080.879013671874,19517.808395256525,0.0,7518.306454630497,7518.306454630497,0.0,0.0,0.0,0.0,19517.808395256525,19517.808395256525,19517.808395256525,0.0,0.0,100.0,0.0,19417.808395256525,-8181.3770730458455,1,-0.0,-100.0
2343,0.0,0.0,-0.0,0.0,100.0,-0.0,-0.0,1.0,0.301657987,0.0,0.0,100.0,0.0,1.0,0.08,0.0,-197.65647789090548,197.65647789090548,0.0,-197.65647789090548,197.65647789090548,0.0,-21977.096442325183,21977.096442325183,0.0,0.0,16790.157685546874,16790.157685546874,0.0,7391.862085381885,13074.113797942004,5682.251712560119,0.0,0.0,0.0,22472.409398106993,22472.409398106993,22472.409398106993,0.0,0.0,100.0,0.0,22372.409398106993,-7491.862085381883,1,-0.0,-100.0
2344,4762.051152219046,0.0,-47620.51152219046,0.0,100.0,45.0,-0.0,1.0,0.293642885,29.3642885,0.0,0.0,100.0,1.0,0.08,-8.0,-197.65689798235704,197.65689798235704,0.0,-197.65689798235704,197.65689798235704,0.0,-20442.16796306597,20442.16796306597,0.0,0.0,8937.299970703125,8937.299970703125,0.0,0.0,6993.1306361085135,6993.1306361085135,0.0,-47628.51152219046,-47628.51152219046,20837.481759030685,20837.481759030685,20692.481759030685,0.0,145.0,0.0,0.0,20837.481759030685,4907.051152219046,1,45.0,100.0
2345,10615.752847949087,0.0,-106157.52847949087,0.0,50.0,36.0,-0.0,0.5,0.29954229,29.954228999999998,0.0,0.0,100.0,1.0,0.11,-11.0,-197.61898870382387,197.61898870382387,0.0,-197.61898870382387,197.61898870382387,0.0,-17936.457918220345,17936.457918220345,0.0,0.0,2991.56484375,2991.56484375,0.0,0.0,4588.378203928906,4588.378203928906,0.0,-106168.52847949087,-106168.52847949087,18331.695895627992,18331.695895627992,18195.695895627992,0.0,136.0,0.0,0.0,18331.695895627992,10751.752847949087,1,36.0,100.0
2346,19180.89271793396,0.0,-191808.92717933957,0.0,10.0,0.0,-0.0,0.1,0.310460985,31.046098500000003,0.0,0.0,100.0,1.0,0.11,-11.0,-216.5419313172309,216.5419313172309,0.0,-216.5419313172309,216.5419313172309,0.0,-19041.294683176016,19041.294683176016,0.0,0.0,0.0,0.0,0.0,0.0,193.4858278765201,193.4858278765201,0.0,-191819.92717933957,-191819.92717933957,19474.37854581048,19474.37854581048,19374.37854581048,0.0,100.0,0.0,0.0,19474.37854581048,19280.89271793396,1,0.0,100.0
2347,19926.609830098212,0.0,-199266.09830098212,0.0,10.0,0.0,-0.0,0.1,0.30538951,30.538950999999997,0.0,0.0,100.0,1.0,0.11,-11.0,-234.38383736796607,234.38383736796607,0.0,-234.38383736796607,234.38383736796607,0.0,-19557.84215536228,19557.84215536228,0.0,0.0,0.0,0.0,0.0,0.0,0.0,0.0,0.0,-199277.09830098212,-199277.09830098212,20026.609830098212,20026.609830098212,19926.609830098212,0.0,100.0,0.0,0.0,20026.609830098212,20026.609830098212,1,0.0,100.0
2348,18447.608129793556,0.0,-184476.08129793557,0.0,10.0,0.0,-0.0,0.1,0.298179116,29.817911600000002,0.0,0.0,100.0,1.0,0.11,-11.0,-233.80323068829665,233.80323068829665,0.0,-233.80323068829665,233.80323068829665,0.0,-18080.001668416964,18080.001668416964,0.0,0.0,0.0,0.0,0.0,0.0,0.0,0.0,0.0,-184487.08129793557,-184487.08129793557,18547.608129793556,18547.608129793556,18447.608129793556,0.0,100.0,0.0,0.0,18547.608129793556,18547.608129793556,1,0.0,100.0
2349,16968.041180060714,0.0,-169680.41180060714,0.0,10.0,0.0,-0.0,0.1,0.295456544,29.5456544,0.0,0.0,100.0,1.0,0.11,-11.0,-233.0303804949488,233.0303804949488,0.0,-233.0303804949488,233.0303804949488,0.0,-16601.980419070816,16601.980419070816,0.0,0.0,0.0,0.0,0.0,0.0,0.0,0.0,0.0,-169691.41180060714,-169691.41180060714,17068.041180060714,17068.041180060714,16968.041180060714,0.0,100.0,0.0,0.0,17068.041180060714,17068.041180060714,1,0.0,100.0
2350,15495.83908092573,0.0,-154958.3908092573,0.0,10.0,0.0,-0.0,0.1,0.287716428,28.771642800000002,0.0,0.0,100.0,1.0,0.11,-11.0,-235.8797044899058,235.8797044899058,0.0,-235.8797044899058,235.8797044899058,0.0,-15124.07967194592,15124.07967194592,0.0,0.0,0.0,0.0,0.0,0.0,0.0,0.0,0.0,-154969.3908092573,-154969.3908092573,15595.83908092573,15595.83908092573,15495.83908092573,0.0,100.0,0.0,0.0,15595.83908092573,15595.83908092573,1,0.0,100.0
2351,14751.12380702871,0.0,-147511.2380702871,0.0,10.0,0.0,-0.0,0.1,0.285996567,28.599656699999997,0.0,0.0,100.0,1.0,0.11,-11.0,-232.9972528111268,232.9972528111268,0.0,-232.9972528111268,232.9972528111268,0.0,-14385.129301406458,14385.129301406458,0.0,0.0,0.0,0.0,0.0,0.0,0.0,0.0,0.0,-147522.2380702871,-147522.2380702871,14851.12380702871,14851.12380702871,14751.12380702871,0.0,100.0,0.0,0.0,14851.12380702871,14851.12380702871,1,0.0,100.0
2352,14751.076926453725,0.0,-147510.76926453726,0.0,10.0,0.0,-0.0,0.1,0.285319689,28.5319689,0.0,0.0,100.0,1.0,0.08,-8.0,-232.98892140180823,232.98892140180823,0.0,-232.98892140180823,232.98892140180823,0.0,-14385.099083650108,14385.099083650108,0.0,0.0,0.0,0.0,0.0,0.0,0.0,0.0,0.0,-147518.76926453726,-147518.76926453726,14851.076926453725,14851.076926453725,14751.076926453725,0.0,100.0,0.0,0.0,14851.076926453725,14851.076926453725,1,0.0,100.0
2353,14751.017813958937,0.0,-147510.17813958938,0.0,10.0,0.0,-0.0,0.1,0.281774234,28.177423400000002,0.0,0.0,100.0,1.0,0.08,-8.0,-232.95936817740088,232.95936817740088,0.0,-232.95936817740088,232.95936817740088,0.0,-14385.099077604134,14385.099077604134,0.0,0.0,0.0,0.0,0.0,0.0,0.0,0.0,0.0,-147518.17813958938,-147518.17813958938,14851.017813958937,14851.017813958937,14751.017813958937,0.0,100.0,0.0,0.0,14851.017813958937,14851.017813958937,1,0.0,100.0
2354,14751.013468941337,0.0,-147510.13468941336,0.0,10.0,0.0,-0.0,0.1,0.298050068,29.8050068,0.0,0.0,100.0,1.0,0.08,-8.0,-232.9571956686013,232.9571956686013,0.0,-232.9571956686013,232.9571956686013,0.0,-14385.099077604134,14385.099077604134,0.0,0.0,0.0,0.0,0.0,0.0,0.0,0.0,0.0,-147518.13468941336,-147518.13468941336,14851.013468941337,14851.013468941337,14751.013468941337,0.0,100.0,0.0,0.0,14851.013468941337,14851.013468941337,1,0.0,100.0
2355,15562.149310922232,0.0,-155621.49310922233,0.0,10.0,0.0,-0.0,0.1,0.310009274,31.000927400000002,0.0,0.0,100.0,1.0,0.08,-8.0,-234.04667820337988,234.04667820337988,0.0,-234.04667820337988,234.04667820337988,0.0,-15194.055954515472,15194.055954515472,0.0,0.0,0.0,0.0,0.0,0.0,0.0,0.0,0.0,-155629.49310922233,-155629.49310922233,15662.149310922232,15662.149310922232,15562.149310922232,0.0,100.0,0.0,0.0,15662.149310922232,15662.149310922232,1,0.0,100.0
2356,17086.83449398453,0.0,-170868.3449398453,0.0,10.0,0.0,-0.0,0.1,0.296918497,29.6918497,0.0,0.0,100.0,1.0,0.08,-8.0,-234.0120757224072,234.0120757224072,0.0,-234.0120757224072,234.0120757224072,0.0,-16718.810342539717,16718.810342539717,0.0,0.0,0.0,0.0,0.0,0.0,0.0,0.0,0.0,-170876.3449398453,-170876.3449398453,17186.83449398453,17186.83449398453,17086.83449398453,0.0,100.0,0.0,0.0,17186.83449398453,17186.83449398453,1,0.0,100.0
2357,17137.290012843056,0.0,-171372.90012843057,0.0,10.0,0.0,-0.0,0.1,0.279597291,27.959729100000004,0.0,0.0,100.0,1.0,0.11,-11.0,-234.00917909979688,234.00917909979688,0.0,-234.00917909979688,234.00917909979688,0.0,-17068.42813901846,17068.42813901846,0.0,0.0,299.156484375,299.156484375,0.0,0.0,0.0,0.0,0.0,-171383.90012843057,-171383.90012843057,17536.446497218054,17536.446497218054,17436.446497218054,0.0,100.0,0.0,0.0,17536.446497218054,17237.290012843056,1,0.0,100.0
2358,13349.075903585328,0.0,-133490.7590358533,0.0,10.0,0.0,-0.0,0.1,0.265010756,26.5010756,0.0,0.0,100.0,1.0,0.11,-11.0,-197.81066162117511,197.81066162117511,0.0,-197.81066162117511,197.81066162117511,0.0,-18052.983233645933,18052.983233645933,0.0,0.0,4225.585341796875,4225.585341796875,0.0,0.0,773.9433115060806,773.9433115060806,0.0,-133501.7590358533,-133501.7590358533,18448.604556888284,18448.604556888284,18348.604556888284,0.0,100.0,0.0,0.0,18448.604556888284,13449.075903585328,1,0.0,100.0
2359,7137.693375344308,0.0,-71376.93375344308,0.0,10.0,0.0,-0.0,0.1,0.254296264,25.4296264,0.0,0.0,100.0,1.0,0.11,-11.0,-197.8848636211468,197.8848636211468,0.0,-197.8848636211468,197.8848636211468,0.0,-17959.671926584022,17959.671926584022,0.0,0.0,7441.517548828125,7441.517548828125,0.0,0.0,3676.2307296538825,3676.2307296538825,0.0,-71387.93375344308,-71387.93375344308,18355.441653826318,18355.441653826314,18255.441653826318,0.0,100.0,0.0,0.0,18355.441653826314,7237.693375344306,1,0.0,100.0
2360,0.0,0.0,-0.0,55.55555555555556,10.0,0.0,-0.0,0.1,0.252794471,0.0,0.0,100.0,0.0,1.0,0.11,0.0,-198.08663233191297,198.08663233191297,0.0,-198.08663233191297,198.08663233191297,0.0,-15719.516334711992,15719.516334711992,0.0,4146.184903662375,20417.43005859375,16271.245154931374,0.0,7241.898129092611,7241.898129092611,0.0,0.0,0.0,0.0,16271.245154931374,16271.245154931374,16271.245154931374,0.0,0.0,155.55555555555475,0.0,16115.689599375819,-11543.638588310543,1,-55.55555555555556,-100.0
2361,0.0,0.0,-0.0,44.44444444444444,60.0,0.0,-0.0,0.6,0.257331307,0.0,0.0,100.0,0.0,1.0,0.11,0.0,-198.1498900290527,198.1498900290527,0.0,-198.1498900290527,198.1498900290527,0.0,-12763.714852554143,12763.714852554143,0.0,0.0,10732.238876953124,10732.238876953124,0.0,12049.780220850596,14622.000420954166,2572.2202001035694,0.0,0.0,0.0,13304.459077056694,13304.459077056694,13304.459077056694,0.0,0.0,144.44444444444525,0.0,13160.014632612249,-12194.224665295042,1,-44.44444444444444,-100.0
2362,0.0,0.0,-0.0,0.0,100.0,-0.0,-0.0,1.0,0.280198353,0.0,0.0,100.0,0.0,1.0,0.11,0.0,-201.0279689491339,201.0279689491339,0.0,-201.0279689491339,201.0279689491339,0.0,-12763.77505832,12763.77505832,0.0,5431.449277219233,18697.2802734375,13265.830996218267,0.0,22527.278531337703,22527.278531337703,0.0,0.0,0.0,0.0,13265.830996218267,13265.830996218267,13265.830996218267,0.0,0.0,100.0,0.0,13165.830996218267,-28058.727808556934,1,-0.0,-100.0
2363,0.0,0.0,-0.0,0.0,100.0,-0.0,-0.0,1.0,0.28393986,0.0,0.0,100.0,0.0,1.0,0.11,0.0,-198.24119134108983,198.24119134108983,0.0,-198.24119134108983,198.24119134108983,0.0,-12763.775064365967,12763.775064365967,0.0,7082.3834904518535,20342.6409375,13260.257447048147,0.0,24821.46763330216,24821.46763330216,0.0,0.0,0.0,0.0,13260.257447048147,13260.257447048147,13260.257447048147,0.0,0.0,100.0,0.0,13160.257447048147,-32003.851123754008,1,-0.0,-100.0
2364,0.0,0.0,-0.0,0.0,100.0,-0.0,-0.0,1.0,0.299166077,0.0,0.0,100.0,0.0,1.0,0.11,0.0,-198.47834698248352,198.47834698248352,0.0,-198.47834698248352,198.47834698248352,0.0,-12763.865366968785,12763.865366968785,0.0,8502.8121773475,21763.63423828125,13260.822060933751,0.0,26396.995088868105,26396.995088868105,0.0,0.0,0.0,0.0,13260.822060933751,13260.822060933751,13260.822060933751,0.0,0.0,100.0,0.0,13160.822060933751,-34999.807266215605,1,-0.0,-100.0
2365,0.0,0.0,-0.0,0.0,100.0,-0.0,-0.0,1.0,0.30876678,0.0,0.0,100.0,0.0,1.0,0.11,0.0,-198.5058537255269,198.5058537255269,0.0,-198.5058537255269,198.5058537255269,0.0,-12763.77505832,12763.77505832,0.0,14261.609796728944,27522.3965625,13260.786765771054,0.0,25180.79845650141,25180.79845650141,0.0,0.0,0.0,0.0,13260.786765771054,13260.786765771054,13260.786765771054,0.0,0.0,100.0,0.0,13160.786765771054,-39542.40825323035,1,-0.0,-100.0
2366,0.0,0.0,-0.0,0.0,100.0,-0.0,-0.0,1.0,0.311982273,0.0,0.0,100.0,0.0,1.0,0.08,0.0,-198.4771519394608,198.4771519394608,0.0,-198.4771519394608,198.4771519394608,0.0,-12763.714858600111,12763.714858600111,0.0,3940.828689083468,17201.4978515625,13260.669162479033,0.0,21366.36356407858,21366.36356407858,0.0,0.0,0.0,0.0,13260.669162479033,13260.669162479033,13260.669162479033,0.0,0.0,100.0,0.0,13160.669162479033,-25407.192253162044,1,-0.0,-100.0
2367,0.0,0.0,-0.0,0.0,100.0,-0.0,-0.0,1.0,0.31013471,0.0,0.0,100.0,0.0,1.0,0.08,0.0,-198.0927274655621,198.0927274655621,0.0,-198.0927274655621,198.0927274655621,0.0,-15719.516334711992,15719.516334711992,0.0,2107.632878325632,18323.33466796875,16215.701789643117,0.0,17192.597848456502,17192.597848456502,0.0,0.0,0.0,0.0,16215.701789643117,16215.701789643117,16215.701789643117,0.0,0.0,100.0,0.0,16115.701789643117,-19400.230726782134,1,-0.0,-100.0
2368,0.0,0.0,-0.0,0.0,100.0,-0.0,-0.0,1.0,0.318255315,0.0,0.0,100.0,0.0,1.0,0.08,0.0,-198.0744382151709,198.0744382151709,0.0,-198.0744382151709,198.0744382151709,0.0,-17936.36745237635,17936.36745237635,0.0,0.0,12115.8376171875,12115.8376171875,0.0,4905.499305218975,11222.178016838168,6316.678711619194,0.0,0.0,0.0,18432.516328806694,18432.516328806694,18432.516328806694,0.0,0.0,100.0,0.0,18332.516328806694,-5005.499305218975,1,-0.0,-100.0
2369,8713.396485999809,0.0,-87133.96485999809,0.0,100.0,45.0,-0.0,1.0,0.315731171,31.573117099999997,0.0,0.0,100.0,1.0,0.11,-11.0,-198.0659288946122,198.0659288946122,0.0,-198.0659288946122,198.0659288946122,0.0,-17936.36745237635,17936.36745237635,0.0,0.0,4001.217978515625,4001.217978515625,0.0,0.0,5472.884845650141,5472.884845650141,0.0,-87144.96485999809,-87144.96485999809,18332.499310165575,18332.499310165575,18187.499310165575,0.0,145.0,0.0,0.0,18332.499310165575,8858.396485999809,1,45.0,100.0
2370,19023.390040934246,0.0,-190233.90040934246,0.0,50.0,36.0,-0.0,0.5,0.32251204,32.251204,0.0,0.0,100.0,1.0,0.11,-11.0,-211.11750898485963,211.11750898485963,0.0,-211.11750898485963,211.11750898485963,0.0,-19041.2041810562,19041.2041810562,0.0,0.0,0.0,0.0,0.0,0.0,304.0491580916745,304.0491580916745,0.0,-190244.90040934246,-190244.90040934246,19463.43919902592,19463.43919902592,19327.43919902592,0.0,136.0,0.0,0.0,19463.43919902592,19159.390040934246,1,36.0,100.0
2371,19927.52067777388,0.0,-199275.2067777388,0.0,10.0,0.0,-0.0,0.1,0.325620484,32.5620484,0.0,0.0,100.0,1.0,0.11,-11.0,-234.88450319675485,234.88450319675485,0.0,-234.88450319675485,234.88450319675485,0.0,-19557.75167138037,19557.75167138037,0.0,0.0,0.0,0.0,0.0,0.0,0.0,0.0,0.0,-199286.2067777388,-199286.2067777388,20027.52067777388,20027.52067777388,19927.52067777388,0.0,100.0,0.0,0.0,20027.52067777388,20027.52067777388,1,0.0,100.0
2372,18448.404466883912,0.0,-184484.04466883914,0.0,10.0,0.0,-0.0,0.1,0.32538976,32.538976,0.0,0.0,100.0,1.0,0.11,-11.0,-234.2316139668396,234.2316139668396,0.0,-234.2316139668396,234.2316139668396,0.0,-18079.941238950232,18079.941238950232,0.0,0.0,0.0,0.0,0.0,0.0,0.0,0.0,0.0,-184495.04466883914,-184495.04466883914,18548.404466883912,18548.404466883912,18448.404466883912,0.0,100.0,0.0,0.0,18548.404466883912,18548.404466883912,1,0.0,100.0
2373,16968.78969271157,0.0,-169687.89692711568,0.0,10.0,0.0,-0.0,0.1,0.323921205,32.3921205,0.0,0.0,100.0,1.0,0.11,-11.0,-233.41975476750625,233.41975476750625,0.0,-233.41975476750625,233.41975476750625,0.0,-16601.950183176556,16601.950183176556,0.0,0.0,0.0,0.0,0.0,0.0,0.0,0.0,0.0,-169698.89692711568,-169698.89692711568,17068.78969271157,17068.78969271157,16968.78969271157,0.0,100.0,0.0,0.0,17068.78969271157,17068.78969271157,1,0.0,100.0
2374,15496.594351734715,0.0,-154965.94351734716,0.0,10.0,0.0,-0.0,0.1,0.319565153,31.9565153,0.0,0.0,100.0,1.0,0.11,-11.0,-236.27245179555845,236.27245179555845,0.0,-236.27245179555845,236.27245179555845,0.0,-15124.049448143598,15124.049448143598,0.0,0.0,0.0,0.0,0.0,0.0,0.0,0.0,0.0,-154976.94351734716,-154976.94351734716,15596.594351734715,15596.594351734715,15496.594351734715,0.0,100.0,0.0,0.0,15596.594351734715,15596.594351734715,1,0.0,100.0
2375,14751.89558600912,0.0,-147518.9558600912,0.0,10.0,0.0,-0.0,0.1,0.306804504,30.680450399999998,0.0,0.0,100.0,1.0,0.11,-11.0,-233.398254202492,233.398254202492,0.0,-233.398254202492,233.398254202492,0.0,-14385.099077604134,14385.099077604134,0.0,0.0,0.0,0.0,0.0,0.0,0.0,0.0,0.0,-147529.9558600912,-147529.9558600912,14851.89558600912,14851.89558600912,14751.89558600912,0.0,100.0,0.0,0.0,14851.89558600912,14851.89558600912,1,0.0,100.0
2376,17765.26745298894,0.0,-177652.67452988942,0.0,10.0,0.0,-0.0,0.1,0.29753132,29.753131999999997,0.0,0.0,100.0,1.0,0.08,-8.0,-233.39158081547023,233.39158081547023,0.0,-233.39158081547023,233.39158081547023,0.0,-17398.484291358,17398.484291358,0.0,0.0,0.0,0.0,0.0,0.0,0.0,0.0,0.0,-177660.67452988942,-177660.67452988942,17865.26745298894,17865.26745298894,17765.26745298894,0.0,100.0,0.0,0.0,17865.26745298894,17865.26745298894,1,0.0,100.0
2377,17765.300113153146,0.0,-177653.00113153146,0.0,10.0,0.0,-0.0,0.1,0.285662568,28.5662568,0.0,0.0,100.0,1.0,0.08,-8.0,-233.4079018286224,233.4079018286224,0.0,-233.4079018286224,233.4079018286224,0.0,-17398.4843094959,17398.4843094959,0.0,0.0,0.0,0.0,0.0,0.0,0.0,0.0,0.0,-177661.00113153146,-177661.00113153146,17865.300113153146,17865.300113153146,17765.300113153146,0.0,100.0,0.0,0.0,17865.300113153146,17865.300113153146,1,0.0,100.0
2378,17765.320694580158,0.0,-177653.20694580156,0.0,10.0,0.0,-0.0,0.1,0.285179864,28.5179864,0.0,0.0,100.0,1.0,0.08,-8.0,-233.4181985880973,233.4181985880973,0.0,-233.4181985880973,233.4181985880973,0.0,-17398.484297403964,17398.484297403964,0.0,0.0,0.0,0.0,0.0,0.0,0.0,0.0,0.0,-177661.20694580156,-177661.20694580156,17865.320694580158,17865.320694580158,17765.320694580158,0.0,100.0,0.0,0.0,17865.320694580158,17865.320694580158,1,0.0,100.0
2379,18506.46138809832,0.0,-185064.6138809832,0.0,10.0,0.0,-0.0,0.1,0.29619432,29.619432,0.0,0.0,100.0,1.0,0.08,-8.0,-234.51336612341672,234.51336612341672,0.0,-234.51336612341672,234.51336612341672,0.0,-18137.434655851488,18137.434655851488,0.0,0.0,0.0,0.0,0.0,0.0,0.0,0.0,0.0,-185072.6138809832,-185072.6138809832,18606.46138809832,18606.46138809832,18506.46138809832,0.0,100.0,0.0,0.0,18606.46138809832,18606.46138809832,1,0.0,100.0
2380,21490.99184355129,0.0,-214909.91843551287,0.0,10.0,0.0,-0.0,0.1,0.278028935,27.802893499999996,0.0,0.0,100.0,1.0,0.08,-8.0,-234.44428522234324,234.44428522234324,0.0,-234.44428522234324,234.44428522234324,0.0,-21122.1032731066,21122.1032731066,0.0,0.0,0.0,0.0,0.0,0.0,0.0,0.0,0.0,-214917.91843551287,-214917.91843551287,21590.99184355129,21590.99184355129,21490.99184355129,0.0,100.0,0.0,0.0,21590.99184355129,21590.99184355129,1,0.0,100.0
2381,23648.289082879197,0.0,-236482.89082879198,0.0,10.0,0.0,-0.0,0.1,0.26612251,26.612250999999997,0.0,0.0,100.0,1.0,0.11,-11.0,-437.1742235571349,437.1742235571349,0.0,-437.1742235571349,437.1742235571349,0.0,-23247.88624123368,23247.88624123368,0.0,0.0,373.94560546875,373.94560546875,0.0,0.0,0.0,0.0,0.0,-236493.89082879198,-236493.89082879198,24122.234688347948,24122.234688347948,24022.234688347948,0.0,100.0,0.0,0.0,24122.234688347948,23748.289082879197,1,0.0,100.0
2382,26303.323952032788,0.0,-263033.2395203279,0.0,10.0,0.0,-0.0,0.1,0.254675582,25.467558200000003,0.0,0.0,100.0,1.0,0.11,-11.0,-668.847659373974,668.847659373974,0.0,-668.847659373974,668.847659373974,0.0,-30229.445169365583,30229.445169365583,0.0,0.0,2841.9866015625,2841.9866015625,0.0,0.0,2321.8299345182418,2321.8299345182418,0.0,-263044.2395203279,-263044.2395203279,31567.14048811353,31567.14048811353,31467.14048811353,0.0,100.0,0.0,0.0,31567.14048811353,26403.32395203279,1,0.0,100.0
2383,49670.19217864179,0.0,-496701.9217864179,0.0,10.0,0.0,-0.0,0.1,0.251199279,25.1199279,0.0,0.0,100.0,1.0,0.11,-11.0,-932.057573433058,932.057573433058,0.0,-932.057573433058,932.057573433058,0.0,-63366.64510461316,63366.64510461316,0.0,0.0,8301.59244140625,8301.59244140625,0.0,0.0,7158.975631431245,7158.975631431245,0.0,-496712.9217864179,-496712.9217864179,65230.76025147928,65230.76025147928,65130.76025147928,0.0,100.0,0.0,0.0,65230.76025147928,49770.19217864179,1,0.0,100.0
2384,31801.026126507568,0.0,-318010.26126507565,0.0,10.0,0.0,-0.0,0.1,0.24518667,24.518667,0.0,0.0,100.0,1.0,0.11,-11.0,-965.1932289506288,965.1932289506288,0.0,-965.1932289506288,965.1932289506288,0.0,-61542.12974528794,61542.12974528794,0.0,0.0,16977.13048828125,16977.13048828125,0.0,0.0,14594.359588400375,14594.359588400375,0.0,-318021.26126507565,-318021.26126507565,63472.516203189196,63472.516203189196,63372.516203189196,0.0,100.0,0.0,0.0,63472.516203189196,31901.026126507568,1,0.0,100.0
2385,16805.69646117078,0.0,-168056.9646117078,0.0,10.0,0.0,-0.0,0.1,0.253712577,25.3712577,0.0,0.0,100.0,1.0,0.11,-11.0,-1008.2412004312092,1008.2412004312092,0.0,-1008.2412004312092,1008.2412004312092,0.0,-58189.854673386806,58189.854673386806,0.0,0.0,23371.600341796875,23371.600341796875,0.0,0.0,19929.04027128157,19929.04027128157,0.0,-168067.9646117078,-168067.9646117078,60206.337074249226,60206.337074249226,60106.337074249226,0.0,100.0,0.0,0.0,60206.337074249226,16905.69646117078,1,0.0,100.0
2386,16033.736831251517,0.0,-160337.36831251517,0.0,10.0,0.0,-0.0,0.1,0.281217989,28.1217989,0.0,0.0,100.0,1.0,0.11,-11.0,-1070.4529196483134,1070.4529196483134,0.0,-1070.4529196483134,1070.4529196483134,0.0,-60072.20126212196,60072.20126212196,0.0,0.0,23109.83841796875,23109.83841796875,0.0,0.0,22969.53185219832,22969.53185219832,0.0,-160348.36831251517,-160348.36831251517,62213.10710141859,62213.10710141859,62113.10710141859,0.0,100.0,0.0,0.0,62213.10710141859,16133.736831251517,1,0.0,100.0
2387,20770.30194423548,0.0,-207703.01944235482,0.0,10.0,0.0,-0.0,0.1,0.292048708,29.2048708,0.0,0.0,100.0,1.0,0.11,-11.0,-1175.7648414375285,1175.7648414375285,0.0,-1175.7648414375285,1175.7648414375285,0.0,-63437.10108650732,63437.10108650732,0.0,0.0,25652.66853515625,25652.66853515625,0.0,0.0,19265.660289990647,19265.660289990647,0.0,-207714.01944235482,-207714.01944235482,65788.63076938238,65788.63076938238,65688.63076938238,0.0,100.0,0.0,0.0,65788.63076938238,20870.301944235485,1,0.0,100.0
2388,33577.36001856534,0.0,-335773.6001856534,0.0,10.0,0.0,-0.0,0.1,0.289468731,28.946873099999998,0.0,0.0,100.0,1.0,0.11,-11.0,-1221.3301875101054,1221.3301875101054,0.0,-1221.3301875101054,1221.3301875101054,0.0,-73193.77579513066,73193.77579513066,0.0,0.0,26811.899912109373,26811.899912109373,0.0,0.0,15147.176239476148,15147.176239476148,0.0,-335784.6001856534,-335784.6001856534,75636.43617015086,75636.43617015086,75536.43617015086,0.0,100.0,0.0,0.0,75636.43617015086,33677.36001856534,1,0.0,100.0
2389,28363.329821951804,0.0,-283633.29821951804,0.0,10.0,0.0,-0.0,0.1,0.303129744,30.312974399999998,0.0,0.0,100.0,1.0,0.11,-11.0,-1219.1064622821712,1219.1064622821712,0.0,-1219.1064622821712,1219.1064622821712,0.0,-75408.01320988199,75408.01320988199,0.0,0.0,30476.566845703124,30476.566845703124,0.0,0.0,18906.3294667914,18906.3294667914,0.0,-283644.29821951804,-283644.29821951804,77846.22613444633,77846.22613444633,77746.22613444633,0.0,100.0,0.0,0.0,77846.22613444633,28463.329821951804,1,0.0,100.0
2390,37989.36229906042,0.0,-379893.6229906042,0.0,10.0,0.0,-0.0,0.1,0.283446145,28.3446145,0.0,0.0,100.0,1.0,0.08,-8.0,-1103.9652587016358,1103.9652587016358,0.0,-1103.9652587016358,1103.9652587016358,0.0,-79019.34162450275,79019.34162450275,0.0,0.0,26138.797822265624,26138.797822265624,0.0,0.0,16999.112020579985,16999.112020579985,0.0,-379901.6229906042,-379901.6229906042,81227.27214190603,81227.27214190603,81127.27214190603,0.0,100.0,0.0,0.0,81227.27214190603,38089.36229906042,1,0.0,100.0
2391,46599.06010105914,0.0,-465990.60101059143,0.0,10.0,0.0,-0.0,0.1,0.268825898,26.8825898,0.0,0.0,100.0,1.0,0.08,-8.0,-963.0298228299204,963.0298228299204,0.0,-963.0298228299204,963.0298228299204,0.0,-81786.33574512502,81786.33574512502,0.0,0.0,19931.300771484373,19931.300771484373,0.0,0.0,17082.03451824135,17082.03451824135,0.0,-465998.60101059143,-465998.60101059143,83712.39539078486,83712.39539078486,83612.39539078486,0.0,100.0,0.0,0.0,83712.39539078486,46699.060101059134,1,0.0,100.0
2392,51230.49236520962,0.0,-512304.9236520962,0.0,10.0,0.0,-0.0,0.1,0.260257083,26.0257083,0.0,0.0,100.0,1.0,0.08,-8.0,-692.6371537509608,692.6371537509608,0.0,-692.6371537509608,692.6371537509608,0.0,-72210.13389585228,72210.13389585228,0.0,0.0,11816.6811328125,11816.6811328125,0.0,0.0,10448.234705332088,10448.234705332088,0.0,-512312.9236520962,-512312.9236520962,73595.4082033542,73595.4082033542,73495.4082033542,0.0,100.0,0.0,0.0,73595.4082033542,51330.49236520962,1,0.0,100.0
2393,44770.33445726328,0.0,-447703.3445726328,0.0,10.0,0.0,-0.0,0.1,0.271013082,27.101308200000002,0.0,0.0,100.0,1.0,0.11,-11.0,-642.0133400640892,642.0133400640892,0.0,-642.0133400640892,642.0133400640892,0.0,-54035.94149781082,54035.94149781082,0.0,0.0,4562.13638671875,4562.13638671875,0.0,0.0,5887.49733395697,5887.49733395697,0.0,-447714.3445726328,-447714.3445726328,55319.968177938994,55319.968177938994,55219.968177938994,0.0,100.0,0.0,0.0,55319.968177938994,44870.33445726328,1,0.0,100.0
2394,53997.35531258058,0.0,-539973.5531258058,0.0,10.0,0.0,-0.0,0.1,0.275137121,27.5137121,0.0,0.0,100.0,1.0,0.11,-11.0,-616.0298247742357,616.0298247742357,0.0,-616.0298247742357,616.0298247742357,0.0,-53421.35301695882,53421.35301695882,0.0,0.0,224.36736328125,224.36736328125,0.0,0.0,331.6899906454631,331.6899906454631,0.0,-539984.5531258058,-539984.5531258058,54653.41266650729,54653.41266650729,54553.41266650729,0.0,100.0,0.0,0.0,54653.41266650729,54097.35531258058,1,0.0,100.0
2395,47328.41812228478,0.0,-473284.1812228478,0.0,10.0,0.0,-0.0,0.1,0.284283321,28.4283321,0.0,0.0,100.0,1.0,0.11,-11.0,-617.0567818429904,617.0567818429904,0.0,-617.0567818429904,617.0567818429904,0.0,-46194.30455859879,46194.30455859879,0.0,0.0,0.0,0.0,0.0,0.0,0.0,0.0,0.0,-473295.1812228478,-473295.1812228478,47428.41812228478,47428.41812228478,47328.41812228478,0.0,100.0,0.0,0.0,47428.41812228478,47428.41812228478,1,0.0,100.0
2396,45820.66346928445,0.0,-458206.6346928445,0.0,10.0,0.0,-0.0,0.1,0.295035762,29.503576199999998,0.0,0.0,100.0,1.0,0.11,-11.0,-233.70105285710804,233.70105285710804,0.0,-233.70105285710804,233.70105285710804,0.0,-45453.26136357024,45453.26136357024,0.0,0.0,0.0,0.0,0.0,0.0,0.0,0.0,0.0,-458217.6346928445,-458217.6346928445,45920.66346928445,45920.66346928445,45820.66346928445,0.0,100.0,0.0,0.0,45920.66346928445,45920.66346928445,1,0.0,100.0
2397,21488.228832436234,0.0,-214882.28832436234,0.0,10.0,0.0,-0.0,0.1,0.308735372,30.8735372,0.0,0.0,100.0,1.0,0.11,-11.0,-233.1079067823441,233.1079067823441,0.0,-233.1079067823441,233.1079067823441,0.0,-21122.013018871545,21122.013018871545,0.0,0.0,0.0,0.0,0.0,0.0,0.0,0.0,0.0,-214893.28832436234,-214893.28832436234,21588.228832436234,21588.228832436234,21488.228832436234,0.0,100.0,0.0,0.0,21588.228832436234,21588.228832436234,1,0.0,100.0
2398,18509.60007217299,0.0,-185096.0007217299,0.0,10.0,0.0,-0.0,0.1,0.295566851,29.556685100000003,0.0,0.0,100.0,1.0,0.11,-11.0,-236.082708160751,236.082708160751,0.0,-236.082708160751,236.082708160751,0.0,-18137.434655851488,18137.434655851488,0.0,0.0,0.0,0.0,0.0,0.0,0.0,0.0,0.0,-185107.0007217299,-185107.0007217299,18609.60007217299,18609.60007217299,18509.60007217299,0.0,100.0,0.0,0.0,18609.60007217299,18609.60007217299,1,0.0,100.0
2399,17764.731143341756,0.0,-177647.31143341755,0.0,10.0,0.0,-0.0,0.1,0.279221358,27.922135799999996,0.0,0.0,100.0,1.0,0.11,-11.0,-233.1234229688956,233.1234229688956,0.0,-233.1234229688956,233.1234229688956,0.0,-17398.484297403964,17398.484297403964,0.0,0.0,0.0,0.0,0.0,0.0,0.0,0.0,0.0,-177658.31143341755,-177658.31143341755,17864.731143341756,17864.731143341756,17764.731143341756,0.0,100.0,0.0,0.0,17864.731143341756,17864.731143341756,1,0.0,100.0
2400,17764.564942635094,0.0,-177645.64942635095,0.0,10.0,0.0,-0.0,0.1,0.270650057,27.0650057,0.0,0.0,100.0,1.0,0.08,-8.0,-233.04038005227423,233.04038005227423,0.0,-233.04038005227423,233.04038005227423,0.0,-17398.484182530545,17398.484182530545,0.0,0.0,0.0,0.0,0.0,0.0,0.0,0.0,0.0,-177653.64942635095,-177653.64942635095,17864.564942635094,17864.564942635094,17764.564942635094,0.0,100.0,0.0,0.0,17864.564942635094,17864.564942635094,1,0.0,100.0
2401,17764.4115251118,0.0,-177644.11525111797,0.0,10.0,0.0,-0.0,0.1,0.266307341,26.630734099999998,0.0,0.0,100.0,1.0,0.08,-8.0,-232.9636773365961,232.9636773365961,0.0,-232.9636773365961,232.9636773365961,0.0,-17398.484170438605,17398.484170438605,0.0,0.0,0.0,0.0,0.0,0.0,0.0,0.0,0.0,-177652.11525111797,-177652.11525111797,17864.4115251118,17864.4115251118,17764.4115251118,0.0,100.0,0.0,0.0,17864.4115251118,17864.4115251118,1,0.0,100.0
2402,17764.25374215211,0.0,-177642.5374215211,0.0,10.0,0.0,-0.0,0.1,0.2754249689999999,27.54249689999999,0.0,0.0,100.0,1.0,0.08,-8.0,-232.8847919027246,232.8847919027246,0.0,-232.8847919027246,232.8847919027246,0.0,-17398.48415834666,17398.48415834666,0.0,0.0,0.0,0.0,0.0,0.0,0.0,0.0,0.0,-177650.5374215211,-177650.5374215211,17864.25374215211,17864.25374215211,17764.25374215211,0.0,100.0,0.0,0.0,17864.25374215211,17864.25374215211,1,0.0,100.0
2403,18512.366690708608,0.0,-185123.6669070861,0.0,10.0,0.0,-0.0,0.1,0.291357474,29.1357474,0.0,0.0,100.0,1.0,0.08,-8.0,-237.46607788825804,237.46607788825804,0.0,-237.46607788825804,237.46607788825804,0.0,-18137.434534932094,18137.434534932094,0.0,0.0,0.0,0.0,0.0,0.0,0.0,0.0,0.0,-185131.6669070861,-185131.6669070861,18612.366690708608,18612.366690708608,18512.366690708608,0.0,100.0,0.0,0.0,18612.366690708608,18612.366690708608,1,0.0,100.0
2404,21495.44103822887,0.0,-214954.41038228868,0.0,10.0,0.0,-0.0,0.1,0.280533083,28.0533083,0.0,0.0,100.0,1.0,0.08,-8.0,-236.6689792966483,236.6689792966483,0.0,-236.6689792966483,236.6689792966483,0.0,-21122.103079635574,21122.103079635574,0.0,0.0,0.0,0.0,0.0,0.0,0.0,0.0,0.0,-214962.41038228868,-214962.41038228868,21595.44103822887,21595.44103822887,21495.44103822887,0.0,100.0,0.0,0.0,21595.44103822887,21595.44103822887,1,0.0,100.0
2405,28353.394297072675,0.0,-283533.94297072676,0.0,10.0,0.0,-0.0,0.1,0.273308242,27.3308242,0.0,0.0,100.0,1.0,0.11,-11.0,-270.07582572944216,270.07582572944216,0.0,-270.07582572944216,270.07582572944216,0.0,-28287.18825108254,28287.18825108254,0.0,0.0,373.94560546875,373.94560546875,0.0,0.0,0.0,0.0,0.0,-283544.94297072676,-283544.94297072676,28827.339902541426,28827.339902541426,28727.339902541426,0.0,100.0,0.0,0.0,28827.339902541426,28453.394297072675,1,0.0,100.0
2406,23937.161416956293,0.0,-239371.61416956293,0.0,10.0,0.0,-0.0,0.1,0.259842905,25.9842905,0.0,0.0,100.0,1.0,0.11,-11.0,-503.80895386597086,503.80895386597086,0.0,-503.80895386597086,503.80895386597086,0.0,-30222.420042829428,30222.420042829428,0.0,0.0,4898.687431640625,4898.687431640625,0.0,0.0,2294.189101964453,2294.189101964453,0.0,-239382.61416956293,-239382.61416956293,31230.03795056137,31230.03795056137,31130.03795056137,0.0,100.0,0.0,0.0,31230.03795056137,24037.161416956293,1,0.0,100.0
2407,48995.76693447854,0.0,-489957.6693447854,0.0,10.0,0.0,-0.0,0.1,0.256041671,25.6041671,0.0,0.0,100.0,1.0,0.11,-11.0,-698.0036596983686,698.0036596983686,0.0,-698.0036596983686,698.0036596983686,0.0,-67753.37722948304,67753.37722948304,0.0,0.0,12452.388662109375,12452.388662109375,0.0,0.0,7601.228952291863,7601.228952291863,0.0,-489968.6693447854,-489968.6693447854,69149.38454887978,69149.38454887978,69049.38454887978,0.0,100.0,0.0,0.0,69149.38454887978,49095.76693447854,1,0.0,100.0
2408,42407.33016647704,0.0,-424073.3016647704,0.0,10.0,0.0,-0.0,0.1,0.251580604,25.1580604,0.0,0.0,100.0,1.0,0.11,-11.0,-720.0464523142608,720.0464523142608,0.0,-720.0464523142608,720.0464523142608,0.0,-70111.84778007526,70111.84778007526,0.0,0.0,20641.797421875,20641.797421875,0.0,0.0,8402.813096351732,8402.813096351732,0.0,-424084.3016647704,-424084.3016647704,71551.94068470378,71551.94068470378,71451.94068470378,0.0,100.0,0.0,0.0,71551.94068470378,42507.33016647704,1,0.0,100.0
2409,27294.784567279334,0.0,-272947.84567279334,0.0,10.0,0.0,-0.0,0.1,0.2554814569999999,25.548145699999992,0.0,0.0,100.0,1.0,0.11,-11.0,-764.5084005737776,764.5084005737776,0.0,-764.5084005737776,764.5084005737776,0.0,-67054.1096896219,67054.1096896219,0.0,0.0,27671.9748046875,27671.9748046875,0.0,0.0,13516.367118802622,13516.367118802622,0.0,-272958.84567279334,-272958.84567279334,68583.12649076946,68583.12649076946,68483.12649076946,0.0,100.0,0.0,0.0,68583.12649076946,27394.784567279334,1,0.0,100.0
2410,26568.520356132998,0.0,-265685.20356133,0.0,10.0,0.0,-0.0,0.1,0.27609041,27.609041,0.0,0.0,100.0,1.0,0.11,-11.0,-799.1203072437986,799.1203072437986,0.0,-799.1203072437986,799.1203072437986,0.0,-67734.7701532633,67734.7701532633,0.0,0.0,31635.79822265625,31635.79822265625,0.0,0.0,11028.692188961648,11028.692188961648,0.0,-265696.20356133,-265696.20356133,69333.0107677509,69333.0107677509,69233.0107677509,0.0,100.0,0.0,0.0,69333.0107677509,26668.520356132998,1,0.0,100.0
2411,18003.782170472652,0.0,-180037.82170472652,0.0,10.0,0.0,-0.0,0.1,0.282805393,28.2805393,0.0,0.0,100.0,1.0,0.11,-11.0,-841.071769323238,841.071769323238,0.0,-841.071769323238,841.071769323238,0.0,-64041.84496937879,64041.84496937879,0.0,0.0,34103.83921875,34103.83921875,0.0,0.0,13516.367118802622,13516.367118802622,0.0,-180048.82170472652,-180048.82170472652,65723.98850802527,65723.98850802527,65623.98850802527,0.0,100.0,0.0,0.0,65723.98850802527,18103.782170472652,1,0.0,100.0
2412,14493.038826957454,0.0,-144930.38826957456,0.0,10.0,0.0,-0.0,0.1,0.27868706,27.868706,0.0,0.0,100.0,1.0,0.11,-11.0,-859.8253981775935,859.8253981775935,0.0,-859.8253981775935,859.8253981775935,0.0,-65816.90097161754,65816.90097161754,0.0,0.0,33954.2609765625,33954.2609765625,0.0,0.0,18989.251964452764,18989.251964452764,0.0,-144941.38826957456,-144941.38826957456,67536.55176797272,67536.55176797272,67436.55176797272,0.0,100.0,0.0,0.0,67536.55176797272,14593.038826957454,1,0.0,100.0
2413,14114.94704545751,0.0,-141149.4704545751,0.0,10.0,0.0,-0.0,0.1,0.289902891,28.9902891,0.0,0.0,100.0,1.0,0.11,-11.0,-899.1281259133785,899.1281259133785,0.0,-899.1281259133785,899.1281259133785,0.0,-61597.93628224087,61597.93628224087,0.0,0.0,31187.06349609375,31187.06349609375,0.0,0.0,17994.181992516373,17994.181992516373,0.0,-141160.4704545751,-141160.4704545751,63396.192534067624,63396.19253406763,63296.192534067624,0.0,100.0,0.0,0.0,63396.19253406763,14214.947045457513,1,0.0,100.0
2414,13128.470011800135,0.0,-131284.70011800135,0.0,10.0,0.0,-0.0,0.1,0.279097953,27.909795300000003,0.0,0.0,100.0,1.0,0.08,-8.0,-925.494967121248,925.494967121248,0.0,-925.494967121248,925.494967121248,0.0,-58185.07600547472,58185.07600547472,0.0,0.0,26961.47815429688,26961.47815429688,0.0,0.0,19846.117773620208,19846.117773620208,0.0,-131292.70011800135,-131292.70011800135,60036.06593971723,60036.06593971722,59936.06593971723,0.0,100.0,0.0,0.0,60036.06593971722,13228.470011800127,1,0.0,100.0
2415,32081.476983142376,0.0,-320814.76983142376,0.0,10.0,0.0,-0.0,0.1,0.281570451,28.1570451,0.0,0.0,100.0,1.0,0.08,-8.0,-892.737417341465,892.737417341465,0.0,-892.737417341465,892.737417341465,0.0,-61141.38147361731,61141.38147361731,0.0,0.0,19744.32796875,19744.32796875,0.0,0.0,11001.05135640786,11001.05135640786,0.0,-320822.76983142376,-320822.76983142376,62926.85630830024,62926.85630830024,62826.85630830024,0.0,100.0,0.0,0.0,62926.85630830024,32181.476983142376,1,0.0,100.0
2416,36150.55483819568,0.0,-361505.5483819568,0.0,10.0,0.0,-0.0,0.1,0.275752325,27.575232500000002,0.0,0.0,100.0,1.0,0.08,-8.0,-668.2423289316023,668.2423289316023,0.0,-668.2423289316023,668.2423289316023,0.0,-54318.985834592815,54318.985834592815,0.0,0.0,11554.919208984376,11554.919208984376,0.0,0.0,7849.99644527596,7849.99644527596,0.0,-361513.5483819568,-361513.5483819568,55655.47049245602,55655.47049245602,55555.47049245602,0.0,100.0,0.0,0.0,55655.47049245602,36250.55483819568,1,0.0,100.0
2417,34282.367795913604,0.0,-342823.677959136,0.0,10.0,0.0,-0.0,0.1,0.255325126,25.5325126,0.0,0.0,100.0,1.0,0.11,-11.0,-648.027837493925,648.027837493925,0.0,-648.027837493925,648.027837493925,0.0,-42267.7398664184,42267.7398664184,0.0,0.0,4150.796220703125,4150.796220703125,0.0,0.0,5030.631524789524,5030.631524789524,0.0,-342834.677959136,-342834.677959136,43563.79554140625,43563.79554140625,43463.79554140625,0.0,100.0,0.0,0.0,43563.79554140625,34382.367795913604,1,0.0,100.0
2418,43983.576059012936,0.0,-439835.76059012936,0.0,10.0,0.0,-0.0,0.1,0.27052879,27.052879,0.0,0.0,100.0,1.0,0.11,-11.0,-619.1317482527037,619.1317482527037,0.0,-619.1317482527037,619.1317482527037,0.0,-43373.72908388045,43373.72908388045,0.0,0.0,224.36736328125,224.36736328125,0.0,0.0,304.0491580916745,304.0491580916745,0.0,-439846.76059012936,-439846.76059012936,44611.99258038586,44611.99258038586,44511.99258038586,0.0,100.0,0.0,0.0,44611.99258038586,44083.576059012936,1,0.0,100.0
2419,35941.35691244768,0.0,-359413.56912447675,0.0,10.0,0.0,-0.0,0.1,0.289894217,28.9894217,0.0,0.0,100.0,1.0,0.11,-11.0,-593.7608915742283,593.7608915742283,0.0,-593.7608915742283,593.7608915742283,0.0,-34853.83512929922,34853.83512929922,0.0,0.0,0.0,0.0,0.0,0.0,0.0,0.0,0.0,-359424.56912447675,-359424.56912447675,36041.35691244768,36041.35691244768,35941.35691244768,0.0,100.0,0.0,0.0,36041.35691244768,36041.35691244768,1,0.0,100.0
2420,33743.00555061162,0.0,-337430.0555061162,0.0,10.0,0.0,-0.0,0.1,0.302998771,30.2998771,0.0,0.0,100.0,1.0,0.11,-11.0,-232.7452641338917,232.7452641338917,0.0,-232.7452641338917,232.7452641338917,0.0,-33377.51502234383,33377.51502234383,0.0,0.0,0.0,0.0,0.0,0.0,0.0,0.0,0.0,-337441.0555061162,-337441.0555061162,33843.00555061162,33843.00555061162,33743.00555061162,0.0,100.0,0.0,0.0,33843.00555061162,33843.00555061162,1,0.0,100.0
2421,21487.773091876832,0.0,-214877.73091876833,0.0,10.0,0.0,-0.0,0.1,0.3038643139999999,30.386431399999992,0.0,0.0,100.0,1.0,0.11,-11.0,-232.8800969623358,232.8800969623358,0.0,-232.8800969623358,232.8800969623358,0.0,-21122.01289795216,21122.01289795216,0.0,0.0,0.0,0.0,0.0,0.0,0.0,0.0,0.0,-214888.73091876833,-214888.73091876833,21587.773091876832,21587.773091876832,21487.773091876832,0.0,100.0,0.0,0.0,21587.773091876832,21587.773091876832,1,0.0,100.0
2422,18509.28399110033,0.0,-185092.83991100328,0.0,10.0,0.0,-0.0,0.1,0.301553446,30.1553446,0.0,0.0,100.0,1.0,0.11,-11.0,-235.9247280841178,235.9247280841178,0.0,-235.9247280841178,235.9247280841178,0.0,-18137.434534932094,18137.434534932094,0.0,0.0,0.0,0.0,0.0,0.0,0.0,0.0,0.0,-185103.83991100328,-185103.83991100328,18609.28399110033,18609.28399110033,18509.28399110033,0.0,100.0,0.0,0.0,18609.28399110033,18609.28399110033,1,0.0,100.0
2423,17764.36669599817,0.0,-177643.66695998173,0.0,10.0,0.0,-0.0,0.1,0.292990982,29.2990982,0.0,0.0,100.0,1.0,0.11,-11.0,-232.9412627797824,232.9412627797824,0.0,-232.9412627797824,232.9412627797824,0.0,-17398.484170438605,17398.484170438605,0.0,0.0,0.0,0.0,0.0,0.0,0.0,0.0,0.0,-177654.66695998173,-177654.66695998173,17864.36669599817,17864.36669599817,17764.36669599817,0.0,100.0,0.0,0.0,17864.36669599817,17864.36669599817,1,0.0,100.0
2424,17764.24841490179,0.0,-177642.4841490179,0.0,10.0,0.0,-0.0,0.1,0.281896377,28.1896377,0.0,0.0,100.0,1.0,0.08,-8.0,-232.88218269128768,232.88218269128768,0.0,-232.88218269128768,232.88218269128768,0.0,-17398.484049519215,17398.484049519215,0.0,0.0,0.0,0.0,0.0,0.0,0.0,0.0,0.0,-177650.4841490179,-177650.4841490179,17864.24841490179,17864.24841490179,17764.24841490179,0.0,100.0,0.0,0.0,17864.24841490179,17864.24841490179,1,0.0,100.0
2425,17764.11941090516,0.0,-177641.1941090516,0.0,10.0,0.0,-0.0,0.1,0.2779515469999999,27.79515469999999,0.0,0.0,100.0,1.0,0.08,-8.0,-232.81768371596053,232.81768371596053,0.0,-232.81768371596053,232.81768371596053,0.0,-17398.48404347324,17398.48404347324,0.0,0.0,0.0,0.0,0.0,0.0,0.0,0.0,0.0,-177649.1941090516,-177649.1941090516,17864.11941090516,17864.11941090516,17764.11941090516,0.0,100.0,0.0,0.0,17864.11941090516,17864.11941090516,1,0.0,100.0
2426,17764.056213125783,0.0,-177640.56213125784,0.0,10.0,0.0,-0.0,0.1,0.290329755,29.032975500000003,0.0,0.0,100.0,1.0,0.08,-8.0,-232.78609087224064,232.78609087224064,0.0,-232.78609087224064,232.78609087224064,0.0,-17398.4840313813,17398.4840313813,0.0,0.0,0.0,0.0,0.0,0.0,0.0,0.0,0.0,-177648.56213125784,-177648.56213125784,17864.056213125783,17864.056213125783,17764.056213125783,0.0,100.0,0.0,0.0,17864.056213125783,17864.056213125783,1,0.0,100.0
2427,18504.77980750682,0.0,-185047.79807506822,0.0,10.0,0.0,-0.0,0.1,0.294651816,29.4651816,0.0,0.0,100.0,1.0,0.08,-8.0,-233.67270279302824,233.67270279302824,0.0,-233.67270279302824,233.67270279302824,0.0,-18137.434401920764,18137.434401920764,0.0,0.0,0.0,0.0,0.0,0.0,0.0,0.0,0.0,-185055.79807506822,-185055.79807506822,18604.77980750682,18604.77980750682,18504.77980750682,0.0,100.0,0.0,0.0,18604.77980750682,18604.77980750682,1,0.0,100.0
2428,21489.08648468279,0.0,-214890.8648468279,0.0,10.0,0.0,-0.0,0.1,0.285878583,28.5878583,0.0,0.0,100.0,1.0,0.08,-8.0,-233.49180530509275,233.49180530509275,0.0,-233.49180530509275,233.49180530509275,0.0,-21122.102874072603,21122.102874072603,0.0,0.0,0.0,0.0,0.0,0.0,0.0,0.0,0.0,-214898.8648468279,-214898.8648468279,21589.08648468279,21589.08648468279,21489.08648468279,0.0,100.0,0.0,0.0,21589.08648468279,21589.08648468279,1,0.0,100.0
2429,23088.727610777994,0.0,-230887.27610777994,0.0,10.0,0.0,-0.0,0.1,0.273421418,27.342141800000004,0.0,0.0,100.0,1.0,0.11,-11.0,-268.67103246763423,268.67103246763423,0.0,-268.67103246763423,268.67103246763423,0.0,-23249.698514592725,23249.698514592725,0.0,0.0,598.31296875,598.31296875,0.0,0.0,0.0,0.0,0.0,-230898.27610777994,-230898.27610777994,23787.040579527995,23787.040579527995,23687.040579527995,0.0,100.0,0.0,0.0,23787.040579527995,23188.727610777994,1,0.0,100.0
2430,23172.14759960272,0.0,-231721.47599602718,0.0,10.0,0.0,-0.0,0.1,0.234305221,23.4305221,0.0,0.0,100.0,1.0,0.11,-11.0,-503.8277726240633,503.8277726240633,0.0,-503.8277726240633,503.8277726240633,0.0,-30228.007957734284,30228.007957734284,0.0,0.0,5945.735126953125,5945.735126953125,0.0,0.0,2017.7807764265672,2017.7807764265672,0.0,-231732.47599602718,-231732.47599602718,31235.66350298241,31235.66350298241,31135.66350298241,0.0,100.0,0.0,0.0,31235.66350298241,23272.14759960272,1,0.0,100.0
2431,41954.73447027511,0.0,-419547.3447027511,0.0,10.0,0.0,-0.0,0.1,0.22491571,22.491571,0.0,0.0,100.0,1.0,0.11,-11.0,-696.4740293159983,696.4740293159983,0.0,-696.4740293159983,696.4740293159983,0.0,-63365.588390036326,63365.588390036326,0.0,0.0,14135.14388671875,14135.14388671875,0.0,0.0,8568.658091674464,8568.658091674464,0.0,-419558.3447027511,-419558.3447027511,64758.536448668325,64758.536448668325,64658.536448668325,0.0,100.0,0.0,0.0,64758.536448668325,42054.734470275114,1,0.0,100.0
2432,35549.57444044305,0.0,-355495.7444044305,0.0,10.0,0.0,-0.0,0.1,0.219016701,21.9016701,0.0,0.0,100.0,1.0,0.11,-11.0,-732.8598244423968,732.8598244423968,0.0,-732.8598244423968,732.8598244423968,0.0,-61145.58590137724,61145.58590137724,0.0,0.0,21875.81791992188,21875.81791992188,0.0,0.0,5085.913189897101,5085.913189897101,0.0,-355506.7444044305,-355506.7444044305,62611.305550262034,62611.305550262034,62511.305550262034,0.0,100.0,0.0,0.0,62611.305550262034,35649.57444044305,1,0.0,100.0
2433,18864.232223759147,0.0,-188642.32223759146,0.0,10.0,0.0,-0.0,0.1,0.225881561,22.5881561,0.0,0.0,100.0,1.0,0.11,-11.0,-783.8756035376148,783.8756035376148,0.0,-783.8756035376148,783.8756035376148,0.0,-58188.06593698765,58188.06593698765,0.0,0.0,28270.2877734375,28270.2877734375,0.0,0.0,12521.297146866233,12521.297146866233,0.0,-188653.32223759146,-188653.32223759146,59755.81714406288,59755.81714406288,59655.81714406288,0.0,100.0,0.0,0.0,59755.81714406288,18964.232223759143,1,0.0,100.0
2434,9917.940534620291,0.0,-99179.40534620291,0.0,10.0,0.0,-0.0,0.1,0.254200169,25.420016899999997,0.0,0.0,100.0,1.0,0.11,-11.0,-821.0742220652797,821.0742220652797,0.0,-821.0742220652797,821.0742220652797,0.0,-58187.82081523979,58187.82081523979,0.0,0.0,32757.635039062498,32757.635039062498,0.0,0.0,17054.393685687563,17054.393685687563,0.0,-99190.40534620291,-99190.40534620291,59829.96925937036,59829.96925937035,59729.96925937036,0.0,100.0,0.0,0.0,59829.96925937035,10017.940534620291,1,0.0,100.0
2435,0.0,0.0,-0.0,55.55555555555556,10.0,0.0,-0.0,0.1,0.283038038,0.0,0.0,100.0,0.0,1.0,0.11,0.0,-859.6334180579079,859.6334180579079,0.0,-859.6334180579079,859.6334180579079,0.0,-55199.007933668814,55199.007933668814,0.0,0.0,34963.91411132812,34963.91411132812,0.0,2683.910586736307,24793.826800748368,22109.91621401206,0.0,0.0,0.0,57073.83032534018,57073.83032534018,57073.83032534018,0.0,0.0,155.55555555555475,0.0,56918.27476978463,-2839.4661422918653,1,-55.55555555555556,-100.0
2436,9232.350104253532,0.0,-92323.50104253532,0.0,60.0,45.0,-0.0,0.6,0.301113002,30.111300200000002,0.0,0.0,100.0,1.0,0.11,-11.0,-864.1927835543426,864.1927835543426,0.0,-864.1927835543426,864.1927835543426,0.0,-58264.10289905946,58264.10289905946,0.0,0.0,34776.94130859375,34776.94130859375,0.0,0.0,15838.197053320862,15838.197053320862,0.0,-92334.50104253532,-92334.50104253532,59992.48846616814,59992.48846616814,59847.48846616814,0.0,145.0,0.0,0.0,59992.48846616814,9377.350104253535,1,45.0,100.0
2437,16522.036363694202,0.0,-165220.36363694203,0.0,10.0,0.0,-0.0,0.1,0.328048361,32.8048361,0.0,0.0,100.0,1.0,0.11,-11.0,-895.0169984141618,895.0169984141618,0.0,-895.0169984141618,895.0169984141618,0.0,-58233.00991000272,58233.00991000272,0.0,0.0,32234.11119140625,32234.11119140625,0.0,0.0,11166.896351730593,11166.896351730593,0.0,-165231.36363694203,-165231.36363694203,60023.04390683105,60023.043906831044,59923.04390683105,0.0,100.0,0.0,0.0,60023.043906831044,16622.0363636942,1,0.0,100.0
2438,25359.984802625815,0.0,-253599.84802625814,0.0,10.0,0.0,-0.0,0.1,0.3425852689999999,34.25852689999999,0.0,0.0,100.0,1.0,0.08,-8.0,-897.6592945634286,897.6592945634286,0.0,-897.6592945634286,897.6592945634286,0.0,-58191.59911096629,58191.59911096629,0.0,0.0,27036.267275390623,27036.267275390623,0.0,0.0,7490.665622076708,7490.665622076708,0.0,-253607.84802625814,-253607.84802625814,59986.91770009315,59986.917700093145,59886.91770009315,0.0,100.0,0.0,0.0,59986.917700093145,25459.98480262581,1,0.0,100.0
2439,34238.67112136117,0.0,-342386.7112136117,0.0,10.0,0.0,-0.0,0.1,0.342053711,34.2053711,0.0,0.0,100.0,1.0,0.08,-8.0,-849.3397824901389,849.3397824901389,0.0,-849.3397824901389,849.3397824901389,0.0,-61141.50753208467,61141.50753208467,0.0,0.0,21314.899511718748,21314.899511718748,0.0,0.0,7186.616463985034,7186.616463985034,0.0,-342394.7112136117,-342394.7112136117,62840.187097064954,62840.187097064954,62740.187097064954,0.0,100.0,0.0,0.0,62840.187097064954,34338.67112136117,1,0.0,100.0
2440,36770.92458393249,0.0,-367709.2458393249,0.0,10.0,0.0,-0.0,0.1,0.336472917,33.6472917,0.0,0.0,100.0,1.0,0.08,-8.0,-627.3396900157046,627.3396900157046,0.0,-627.3396900157046,627.3396900157046,0.0,-54318.70272601761,54318.70272601761,0.0,0.0,12676.756025390623,12676.756025390623,0.0,0.0,6025.701496725913,6025.701496725913,0.0,-367717.2458393249,-367717.2458393249,55573.38210604902,55573.38210604902,55473.38210604902,0.0,100.0,0.0,0.0,55573.38210604902,36870.92458393249,1,0.0,100.0
2441,34860.61582446125,0.0,-348606.1582446125,0.0,10.0,0.0,-0.0,0.1,0.350691904,35.0691904,0.0,0.0,100.0,1.0,0.11,-11.0,-604.4013820926002,604.4013820926002,0.0,-604.4013820926002,604.4013820926002,0.0,-42266.58850218657,42266.58850218657,0.0,0.0,4562.13638671875,4562.13638671875,0.0,0.0,3952.639055191768,3952.639055191768,0.0,-348617.1582446125,-348617.1582446125,43475.39126637177,43475.39126637177,43375.39126637177,0.0,100.0,0.0,0.0,43475.39126637177,34960.61582446125,1,0.0,100.0
2442,43961.5671051467,0.0,-439615.671051467,0.0,10.0,0.0,-0.0,0.1,0.341055864,34.1055864,0.0,0.0,100.0,1.0,0.11,-11.0,-590.3784290160123,590.3784290160123,0.0,-590.3784290160123,590.3784290160123,0.0,-43373.4525593662,43373.4525593662,0.0,0.0,299.156484375,299.156484375,0.0,0.0,193.4858278765201,193.4858278765201,0.0,-439626.671051467,-439626.671051467,44554.20941739822,44554.20941739822,44454.20941739822,0.0,100.0,0.0,0.0,44554.20941739822,44061.5671051467,1,0.0,100.0
2443,35949.73439195153,0.0,-359497.3439195153,0.0,10.0,0.0,-0.0,0.1,0.336261714,33.6261714,0.0,0.0,100.0,1.0,0.11,-11.0,-597.5031515818316,597.5031515818316,0.0,-597.5031515818316,597.5031515818316,0.0,-34854.72808878787,34854.72808878787,0.0,0.0,0.0,0.0,0.0,0.0,0.0,0.0,0.0,-359508.3439195153,-359508.3439195153,36049.73439195153,36049.73439195153,35949.73439195153,0.0,100.0,0.0,0.0,36049.73439195153,36049.73439195153,1,0.0,100.0
2444,33746.02637010839,0.0,-337460.2637010839,0.0,10.0,0.0,-0.0,0.1,0.326068416,32.6068416,0.0,0.0,100.0,1.0,0.11,-11.0,-233.5128600041201,233.5128600041201,0.0,-233.5128600041201,233.5128600041201,0.0,-33379.00065010015,33379.00065010015,0.0,0.0,0.0,0.0,0.0,0.0,0.0,0.0,0.0,-337471.2637010839,-337471.2637010839,33846.02637010839,33846.02637010839,33746.02637010839,0.0,100.0,0.0,0.0,33846.02637010839,33846.02637010839,1,0.0,100.0
2445,21487.79313787837,0.0,-214877.9313787837,0.0,10.0,0.0,-0.0,0.1,0.325756548,32.575654799999995,0.0,0.0,100.0,1.0,0.11,-11.0,-232.89017739981827,232.89017739981827,0.0,-232.89017739981827,232.89017739981827,0.0,-21122.01278307873,21122.01278307873,0.0,0.0,0.0,0.0,0.0,0.0,0.0,0.0,0.0,-214888.9313787837,-214888.9313787837,21587.79313787837,21587.79313787837,21487.79313787837,0.0,100.0,0.0,0.0,21587.79313787837,21587.79313787837,1,0.0,100.0
2446,18509.250283869384,0.0,-185092.50283869385,0.0,10.0,0.0,-0.0,0.1,0.330365715,33.0365715,0.0,0.0,100.0,1.0,0.11,-11.0,-235.90793492834217,235.90793492834217,0.0,-235.90793492834217,235.90793492834217,0.0,-18137.4344140127,18137.4344140127,0.0,0.0,0.0,0.0,0.0,0.0,0.0,0.0,0.0,-185103.50283869385,-185103.50283869385,18609.250283869384,18609.250283869384,18509.250283869384,0.0,100.0,0.0,0.0,18609.250283869384,18609.250283869384,1,0.0,100.0
2447,17764.325696101467,0.0,-177643.25696101467,0.0,10.0,0.0,-0.0,0.1,0.325113785,32.5113785,0.0,0.0,100.0,1.0,0.11,-11.0,-232.9208323600833,232.9208323600833,0.0,-232.9208323600833,232.9208323600833,0.0,-17398.4840313813,17398.4840313813,0.0,0.0,0.0,0.0,0.0,0.0,0.0,0.0,0.0,-177654.25696101467,-177654.25696101467,17864.325696101467,17864.325696101467,17764.325696101467,0.0,100.0,0.0,0.0,17864.325696101467,17864.325696101467,1,0.0,100.0
2448,17764.25794847124,0.0,-177642.5794847124,0.0,10.0,0.0,-0.0,0.1,0.328781226,32.8781226,0.0,0.0,100.0,1.0,0.08,-8.0,-232.8870220276525,232.8870220276525,0.0,-232.8870220276525,232.8870220276525,0.0,-17398.483904415934,17398.483904415934,0.0,0.0,0.0,0.0,0.0,0.0,0.0,0.0,0.0,-177650.5794847124,-177650.5794847124,17864.25794847124,17864.25794847124,17764.25794847124,0.0,100.0,0.0,0.0,17864.25794847124,17864.25794847124,1,0.0,100.0
2449,17764.17221479322,0.0,-177641.7221479322,0.0,10.0,0.0,-0.0,0.1,0.337623865,33.762386500000005,0.0,0.0,100.0,1.0,0.08,-8.0,-232.84414914267373,232.84414914267373,0.0,-232.84414914267373,232.84414914267373,0.0,-17398.483916507874,17398.483916507874,0.0,0.0,0.0,0.0,0.0,0.0,0.0,0.0,0.0,-177649.7221479322,-177649.7221479322,17864.17221479322,17864.17221479322,17764.17221479322,0.0,100.0,0.0,0.0,17864.17221479322,17864.17221479322,1,0.0,100.0
2450,17764.2353313788,0.0,-177642.35331378801,0.0,10.0,0.0,-0.0,0.1,0.34270498,34.270497999999996,0.0,0.0,100.0,1.0,0.08,-8.0,-232.8757044124769,232.8757044124769,0.0,-232.8757044124769,232.8757044124769,0.0,-17398.483922553845,17398.483922553845,0.0,0.0,0.0,0.0,0.0,0.0,0.0,0.0,0.0,-177650.35331378801,-177650.35331378801,17864.2353313788,17864.2353313788,17764.2353313788,0.0,100.0,0.0,0.0,17864.2353313788,17864.2353313788,1,0.0,100.0
2451,18505.307028809173,0.0,-185053.07028809172,0.0,10.0,0.0,-0.0,0.1,0.338640296,33.8640296,0.0,0.0,100.0,1.0,0.08,-8.0,-233.93637390390165,233.93637390390165,0.0,-233.93637390390165,233.93637390390165,0.0,-18137.43428100137,18137.43428100137,0.0,0.0,0.0,0.0,0.0,0.0,0.0,0.0,0.0,-185061.07028809172,-185061.07028809172,18605.307028809173,18605.307028809173,18505.307028809173,0.0,100.0,0.0,0.0,18605.307028809173,18605.307028809173,1,0.0,100.0
2452,21489.84239366908,0.0,-214898.42393669082,0.0,10.0,0.0,-0.0,0.1,0.348542001,34.8542001,0.0,0.0,100.0,1.0,0.08,-8.0,-233.86986560270933,233.86986560270933,0.0,-233.86986560270933,233.86986560270933,0.0,-21122.10266246366,21122.10266246366,0.0,0.0,0.0,0.0,0.0,0.0,0.0,0.0,0.0,-214906.42393669082,-214906.42393669082,21589.84239366908,21589.84239366908,21489.84239366908,0.0,100.0,0.0,0.0,21589.84239366908,21589.84239366908,1,0.0,100.0
2453,23278.31433318046,0.0,-232783.1433318046,0.0,10.0,0.0,-0.0,0.1,0.339091281,33.909128100000004,0.0,0.0,100.0,1.0,0.11,-11.0,-301.6534464480933,301.6534464480933,0.0,-301.6534464480933,301.6534464480933,0.0,-23261.13672739365,23261.13672739365,0.0,0.0,486.129287109375,486.129287109375,0.0,0.0,0.0,0.0,0.0,-232794.1433318046,-232794.1433318046,23864.443620289836,23864.443620289836,23764.443620289836,0.0,100.0,0.0,0.0,23864.443620289836,23378.31433318046,1,0.0,100.0
2454,26967.42471027753,0.0,-269674.2471027753,0.0,10.0,0.0,-0.0,0.1,0.3222355169999999,32.223551699999994,0.0,0.0,100.0,1.0,0.11,-11.0,-539.0798329746495,539.0798329746495,0.0,-539.0798329746495,539.0798329746495,0.0,-30234.4210809918,30234.4210809918,0.0,0.0,3028.9594042968747,3028.9594042968747,0.0,0.0,1216.196632366698,1216.196632366698,0.0,-269685.2471027753,-269685.2471027753,31312.5807469411,31312.5807469411,31212.5807469411,0.0,100.0,0.0,0.0,31312.5807469411,27067.424710277526,1,0.0,100.0
2455,51713.98545061288,0.0,-517139.8545061288,0.0,10.0,0.0,-0.0,0.1,0.297370468,29.7370468,0.0,0.0,100.0,1.0,0.11,-11.0,-745.8390925257869,745.8390925257869,0.0,-745.8390925257869,745.8390925257869,0.0,-63368.52727542742,63368.52727542742,0.0,0.0,5085.660234375,5085.660234375,0.0,0.0,7960.559775491114,7960.559775491114,0.0,-517150.8545061288,-517150.8545061288,64860.205460478996,64860.205460478996,64760.205460478996,0.0,100.0,0.0,0.0,64860.205460478996,51813.98545061288,1,0.0,100.0
2456,39689.26295969474,0.0,-396892.62959694734,0.0,10.0,0.0,-0.0,0.1,0.278061727,27.806172699999998,0.0,0.0,100.0,1.0,0.11,-11.0,-780.3797024796944,780.3797024796944,0.0,-780.3797024796944,780.3797024796944,0.0,-61147.23536281935,61147.23536281935,0.0,0.0,7965.041396484375,7965.041396484375,0.0,0.0,14953.690411599628,14953.690411599628,0.0,-396903.62959694734,-396903.62959694734,62707.99476777874,62707.99476777874,62607.99476777874,0.0,100.0,0.0,0.0,62707.99476777874,39789.26295969474,1,0.0,100.0
2457,30219.7806169429,0.0,-302197.806169429,0.0,10.0,0.0,-0.0,0.1,0.283671046,28.367104599999998,0.0,0.0,100.0,1.0,0.11,-11.0,-838.5500728939874,838.5500728939874,0.0,-838.5500728939874,838.5500728939874,0.0,-58188.57258924499,58188.57258924499,0.0,0.0,10694.84431640625,10694.84431640625,0.0,0.0,18851.04780168382,18851.04780168382,0.0,-302208.806169429,-302208.806169429,59865.672735032975,59865.67273503297,59765.672735032975,0.0,100.0,0.0,0.0,59865.67273503297,30319.780616942895,1,0.0,100.0
2458,27925.203610520894,0.0,-279252.0361052089,0.0,10.0,0.0,-0.0,0.1,0.299153928,29.915392800000003,0.0,0.0,100.0,1.0,0.11,-11.0,-880.8927484850217,880.8927484850217,0.0,-880.8927484850217,880.8927484850217,0.0,-58187.66274940906,58187.66274940906,0.0,0.0,18435.51834960937,18435.51834960937,0.0,0.0,13488.726286248831,13488.726286248831,0.0,-279263.0361052089,-279263.0361052089,59949.44824637909,59949.4482463791,59849.44824637909,0.0,100.0,0.0,0.0,59949.4482463791,28025.203610520897,1,0.0,100.0
2459,19208.77098860528,0.0,-192087.7098860528,0.0,10.0,0.0,-0.0,0.1,0.304602585,30.4602585,0.0,0.0,100.0,1.0,0.11,-11.0,-905.5515853002192,905.5515853002192,0.0,-905.5515853002192,905.5515853002192,0.0,-55184.45301141721,55184.45301141721,0.0,0.0,13611.6200390625,13611.6200390625,0.0,0.0,24075.165154349863,24075.165154349863,0.0,-192098.7098860528,-192098.7098860528,56995.55618201764,56995.556182017644,56895.55618201764,0.0,100.0,0.0,0.0,56995.556182017644,19308.770988605283,1,0.0,100.0
2460,21960.33963615022,0.0,-219603.3963615022,0.0,10.0,0.0,-0.0,0.1,0.295932041,29.593204099999998,0.0,0.0,100.0,1.0,0.11,-11.0,-904.2411254985778,904.2411254985778,0.0,-904.2411254985778,904.2411254985778,0.0,-58250.951590985766,58250.951590985766,0.0,0.0,10994.00080078125,10994.00080078125,0.0,0.0,27005.09340505145,27005.09340505145,0.0,-219614.3963615022,-219614.3963615022,60059.43384198293,60059.43384198292,59959.43384198293,0.0,100.0,0.0,0.0,60059.43384198292,22060.339636150216,1,0.0,100.0
2461,26645.53242322081,0.0,-266455.32423220814,0.0,10.0,0.0,-0.0,0.1,0.326947537,32.6947537,0.0,0.0,100.0,1.0,0.11,-11.0,-915.8282971240236,915.8282971240236,0.0,-915.8282971240236,915.8282971240236,0.0,-58228.70652181144,58228.70652181144,0.0,0.0,10096.53134765625,10096.53134765625,0.0,0.0,23218.29934518242,23218.29934518242,0.0,-266466.32423220814,-266466.32423220814,60060.36311605948,60060.36311605948,59960.36311605948,0.0,100.0,0.0,0.0,60060.36311605948,26745.532423220815,1,0.0,100.0
2462,30956.488409903304,0.0,-309564.884099033,0.0,10.0,0.0,-0.0,0.1,0.334376157,33.4376157,0.0,0.0,100.0,1.0,0.08,-8.0,-910.0481274590122,910.0481274590122,0.0,-910.0481274590122,910.0481274590122,0.0,-58187.30686549708,58187.30686549708,0.0,0.0,8413.776123046875,8413.776123046875,0.0,0.0,20537.138587464924,20537.138587464924,0.0,-309572.884099033,-309572.884099033,60007.4031204151,60007.4031204151,59907.4031204151,0.0,100.0,0.0,0.0,60007.4031204151,31056.488409903304,1,0.0,100.0
2463,42733.91218724087,0.0,-427339.1218724087,0.0,10.0,0.0,-0.0,0.1,0.336740842,33.674084199999996,0.0,0.0,100.0,1.0,0.08,-8.0,-859.1392089175724,859.1392089175724,0.0,-859.1392089175724,859.1392089175724,0.0,-61161.434201641976,61161.434201641976,0.0,0.0,6170.102490234375,6170.102490234375,0.0,0.0,13875.697942001872,13875.697942001872,0.0,-427347.1218724087,-427347.1218724087,62879.71261947712,62879.71261947712,62779.71261947712,0.0,100.0,0.0,0.0,62879.71261947712,42833.91218724087,1,0.0,100.0
2464,43096.445744427605,0.0,-430964.4574442761,0.0,10.0,0.0,-0.0,0.1,0.340741853,34.074185299999996,0.0,0.0,100.0,1.0,0.08,-8.0,-636.7243573077855,636.7243573077855,0.0,-636.7243573077855,636.7243573077855,0.0,-54353.0485858077,54353.0485858077,0.0,0.0,3889.034296875,3889.034296875,0.0,0.0,8541.017259120676,8541.017259120676,0.0,-430972.4574442761,-430972.4574442761,55626.49730042328,55626.497300423274,55526.49730042328,0.0,100.0,0.0,0.0,55626.497300423274,43196.4457444276,1,0.0,100.0
2465,35137.37739562623,0.0,-351373.7739562623,0.0,10.0,0.0,-0.0,0.1,0.332655139,33.2655139,0.0,0.0,100.0,1.0,0.11,-11.0,-627.9675033006719,627.9675033006719,0.0,-627.9675033006719,627.9675033006719,0.0,-42267.08427169853,42267.08427169853,0.0,0.0,2094.095390625,2094.095390625,0.0,0.0,6191.546492048645,6191.546492048645,0.0,-351384.7739562623,-351384.7739562623,43523.01927829988,43523.01927829987,43423.01927829988,0.0,100.0,0.0,0.0,43523.01927829987,35237.37739562623,1,0.0,100.0
2466,43928.70313619886,0.0,-439287.03136198863,0.0,10.0,0.0,-0.0,0.1,0.326516885,32.6516885,0.0,0.0,100.0,1.0,0.11,-11.0,-628.6453258787556,628.6453258787556,0.0,-628.6453258787556,628.6453258787556,0.0,-43372.99777548255,43372.99777548255,0.0,0.0,186.972802734375,186.972802734375,0.0,0.0,414.6124883068289,414.6124883068289,0.0,-439298.03136198863,-439298.03136198863,44630.28842724007,44630.28842724006,44530.28842724007,0.0,100.0,0.0,0.0,44630.28842724006,44028.703136198856,1,0.0,100.0
2467,36047.01026164332,0.0,-360470.1026164332,0.0,10.0,0.0,-0.0,0.1,0.31856471,31.856471,0.0,0.0,100.0,1.0,0.11,-11.0,-646.5082370041696,646.5082370041696,0.0,-646.5082370041696,646.5082370041696,0.0,-34853.99378763498,34853.99378763498,0.0,0.0,0.0,0.0,0.0,0.0,0.0,0.0,0.0,-360481.1026164332,-360481.1026164332,36147.01026164332,36147.01026164332,36047.01026164332,0.0,100.0,0.0,0.0,36147.01026164332,36147.01026164332,1,0.0,100.0
2468,33746.09615513378,0.0,-337460.96155133785,0.0,10.0,0.0,-0.0,0.1,0.327004894,32.7004894,0.0,0.0,100.0,1.0,0.11,-11.0,-233.9245312999369,233.9245312999369,0.0,-233.9245312999369,233.9245312999369,0.0,-33378.24709253391,33378.24709253391,0.0,0.0,0.0,0.0,0.0,0.0,0.0,0.0,0.0,-337471.96155133785,-337471.96155133785,33846.09615513378,33846.09615513378,33746.09615513378,0.0,100.0,0.0,0.0,33846.09615513378,33846.09615513378,1,0.0,100.0
2469,21488.545458470264,0.0,-214885.45458470265,0.0,10.0,0.0,-0.0,0.1,0.332570492,33.2570492,0.0,0.0,100.0,1.0,0.11,-11.0,-233.2664132703869,233.2664132703869,0.0,-233.2664132703869,233.2664132703869,0.0,-21122.01263192949,21122.01263192949,0.0,0.0,0.0,0.0,0.0,0.0,0.0,0.0,0.0,-214896.45458470265,-214896.45458470265,21588.545458470264,21588.545458470264,21488.545458470264,0.0,100.0,0.0,0.0,21588.545458470264,21588.545458470264,1,0.0,100.0
2470,18509.975878318117,0.0,-185099.75878318117,0.0,10.0,0.0,-0.0,0.1,0.346171223,34.6171223,0.0,0.0,100.0,1.0,0.11,-11.0,-236.27080168135777,236.27080168135777,0.0,-236.27080168135777,236.27080168135777,0.0,-18137.4342749554,18137.4342749554,0.0,0.0,0.0,0.0,0.0,0.0,0.0,0.0,0.0,-185110.75878318117,-185110.75878318117,18609.975878318117,18609.975878318117,18509.975878318117,0.0,100.0,0.0,0.0,18609.975878318117,18609.975878318117,1,0.0,100.0
2471,17765.1413580523,0.0,-177651.413580523,0.0,10.0,0.0,-0.0,0.1,0.362802466,36.2802466,0.0,0.0,100.0,1.0,0.11,-11.0,-233.32872379519705,233.32872379519705,0.0,-233.32872379519705,233.32872379519705,0.0,-17398.483910461906,17398.483910461906,0.0,0.0,0.0,0.0,0.0,0.0,0.0,0.0,0.0,-177662.413580523,-177662.413580523,17865.1413580523,17865.1413580523,17765.1413580523,0.0,100.0,0.0,0.0,17865.1413580523,17865.1413580523,1,0.0,100.0
2472,17765.08981936186,0.0,-177650.8981936186,0.0,10.0,0.0,-0.0,0.1,0.3745756329999999,37.45756329999999,0.0,0.0,100.0,1.0,0.08,-8.0,-233.30301490967256,233.30301490967256,0.0,-233.30301490967256,233.30301490967256,0.0,-17398.483789542515,17398.483789542515,0.0,0.0,0.0,0.0,0.0,0.0,0.0,0.0,0.0,-177658.8981936186,-177658.8981936186,17865.08981936186,17865.08981936186,17765.08981936186,0.0,100.0,0.0,0.0,17865.08981936186,17865.08981936186,1,0.0,100.0
2473,17764.98787427573,0.0,-177649.87874275728,0.0,10.0,0.0,-0.0,0.1,0.36337334,36.337334,0.0,0.0,100.0,1.0,0.08,-8.0,-233.252045389592,233.252045389592,0.0,-233.252045389592,233.252045389592,0.0,-17398.483783496544,17398.483783496544,0.0,0.0,0.0,0.0,0.0,0.0,0.0,0.0,0.0,-177657.87874275728,-177657.87874275728,17864.98787427573,17864.98787427573,17764.98787427573,0.0,100.0,0.0,0.0,17864.98787427573,17864.98787427573,1,0.0,100.0
2474,17764.970614249727,0.0,-177649.70614249728,0.0,10.0,0.0,-0.0,0.1,0.359705391,35.970539099999996,0.0,0.0,100.0,1.0,0.08,-8.0,-233.24342142256145,233.24342142256145,0.0,-233.24342142256145,233.24342142256145,0.0,-17398.483771404604,17398.483771404604,0.0,0.0,0.0,0.0,0.0,0.0,0.0,0.0,0.0,-177657.70614249728,-177657.70614249728,17864.970614249727,17864.970614249727,17764.970614249727,0.0,100.0,0.0,0.0,17864.970614249727,17864.970614249727,1,0.0,100.0
2475,18514.393046753168,0.0,-185143.93046753167,0.0,10.0,0.0,-0.0,0.1,0.357136513,35.7136513,0.0,0.0,100.0,1.0,0.08,-8.0,-238.4794524045498,238.4794524045498,0.0,-238.4794524045498,238.4794524045498,0.0,-18137.434141944068,18137.434141944068,0.0,0.0,0.0,0.0,0.0,0.0,0.0,0.0,0.0,-185151.93046753167,-185151.93046753167,18614.393046753168,18614.393046753168,18514.393046753168,0.0,100.0,0.0,0.0,18614.393046753168,18614.393046753168,1,0.0,100.0
2476,21497.498803856513,0.0,-214974.98803856515,0.0,10.0,0.0,-0.0,0.1,0.329478345,32.9478345,0.0,0.0,100.0,1.0,0.08,-8.0,-237.6981734779077,237.6981734779077,0.0,-237.6981734779077,237.6981734779077,0.0,-21122.1024569007,21122.1024569007,0.0,0.0,0.0,0.0,0.0,0.0,0.0,0.0,0.0,-214982.98803856515,-214982.98803856515,21597.498803856513,21597.498803856513,21497.498803856513,0.0,100.0,0.0,0.0,21597.498803856513,21597.498803856513,1,0.0,100.0
2477,23579.0192548261,0.0,-235790.192548261,0.0,10.0,0.0,-0.0,0.1,0.300731132,30.0731132,0.0,0.0,100.0,1.0,0.11,-11.0,-376.1308272450861,376.1308272450861,0.0,-376.1308272450861,376.1308272450861,0.0,-23263.308645257803,23263.308645257803,0.0,0.0,336.551044921875,336.551044921875,0.0,0.0,0.0,0.0,0.0,-235801.192548261,-235801.192548261,24015.570299747975,24015.570299747975,23915.570299747975,0.0,100.0,0.0,0.0,24015.570299747975,23679.0192548261,1,0.0,100.0
2478,27062.5887486102,0.0,-270625.887486102,0.0,10.0,0.0,-0.0,0.1,0.285403878,28.5403878,0.0,0.0,100.0,1.0,0.11,-11.0,-609.6656844761258,609.6656844761258,0.0,-609.6656844761258,609.6656844761258,0.0,-30991.681150687386,30991.681150687386,0.0,0.0,1869.72802734375,1869.72802734375,0.0,0.0,3178.695743685688,3178.695743685688,0.0,-270636.887486102,-270636.887486102,32211.01251963964,32211.012519639637,32111.01251963964,0.0,100.0,0.0,0.0,32211.012519639637,27162.5887486102,1,0.0,100.0
2479,51070.36316523882,0.0,-510703.6316523882,0.0,10.0,0.0,-0.0,0.1,0.276655332,27.6655332,0.0,0.0,100.0,1.0,0.11,-11.0,-776.3118711787247,776.3118711787247,0.0,-776.3118711787247,776.3118711787247,0.0,-63364.76559402555,63364.76559402555,0.0,0.0,4487.347265625,4487.347265625,0.0,0.0,9259.678905519178,9259.678905519178,0.0,-510714.6316523882,-510714.6316523882,64917.389336383,64917.389336383,64817.389336383,0.0,100.0,0.0,0.0,64917.389336383,51170.36316523882,1,0.0,100.0
2480,34048.46435396165,0.0,-340484.6435396165,0.0,10.0,0.0,-0.0,0.1,0.273241849,27.3241849,0.0,0.0,100.0,1.0,0.11,-11.0,-752.1116420085973,752.1116420085973,0.0,-752.1116420085973,752.1116420085973,0.0,-61144.51612750593,61144.51612750593,0.0,0.0,13574.225478515624,13574.225478515624,0.0,0.0,14926.04957904584,14926.04957904584,0.0,-340495.6435396165,-340495.6435396165,62648.739411523115,62648.73941152312,62548.739411523115,0.0,100.0,0.0,0.0,62648.73941152312,34148.46435396166,1,0.0,100.0
2481,14197.023103086798,0.0,-141970.231030868,0.0,10.0,0.0,-0.0,0.1,0.257728238,25.7728238,0.0,0.0,100.0,1.0,0.11,-11.0,-775.0230402289892,775.0230402289892,0.0,-775.0230402289892,775.0230402289892,0.0,-58187.20934400649,58187.20934400649,0.0,0.0,26064.008701171875,26064.008701171875,0.0,0.0,19376.2236202058,19376.2236202058,0.0,-141981.231030868,-141981.231030868,59737.25542446447,59737.25542446447,59637.25542446447,0.0,100.0,0.0,0.0,59737.25542446447,14297.023103086794,1,0.0,100.0
2482,11031.447442570705,0.0,-110314.47442570704,0.0,10.0,0.0,-0.0,0.1,0.25619575,25.619575,0.0,0.0,100.0,1.0,0.11,-11.0,-788.3375622116021,788.3375622116021,0.0,-788.3375622116021,788.3375622116021,0.0,-58196.290444846665,58196.290444846665,0.0,0.0,29541.70283203125,29541.70283203125,0.0,0.0,19099.81529466792,19099.81529466792,0.0,-110325.47442570704,-110325.47442570704,59772.96556926987,59772.96556926987,59672.96556926987,0.0,100.0,0.0,0.0,59772.96556926987,11131.447442570701,1,0.0,100.0
2483,2691.9564141931514,0.0,-26919.564141931514,0.0,10.0,0.0,-0.0,0.1,0.25083717,25.083717,0.0,0.0,100.0,1.0,0.11,-11.0,-815.792629403814,815.792629403814,0.0,-815.792629403814,815.792629403814,0.0,-55240.65188947916,55240.65188947916,0.0,0.0,29092.96810546875,29092.96810546875,0.0,0.0,24987.312628624888,24987.312628624888,0.0,-26930.564141931514,-26930.564141931514,56872.23714828679,56872.23714828679,56772.23714828679,0.0,100.0,0.0,0.0,56872.23714828679,2791.956414193148,1,0.0,100.0
2484,5812.135576271525,0.0,-58121.35576271525,0.0,10.0,0.0,-0.0,0.1,0.240234389,24.0234389,0.0,0.0,100.0,1.0,0.11,-11.0,-874.143128254162,874.143128254162,0.0,-874.143128254162,874.143128254162,0.0,-62617.704905856,62617.704905856,0.0,0.0,32720.240478515625,32720.240478515625,0.0,0.0,25733.615107577178,25733.615107577178,0.0,-58132.35576271525,-58132.35576271525,64365.99116236433,64365.99116236433,64265.99116236433,0.0,100.0,0.0,0.0,64365.99116236433,5912.135576271525,1,0.0,100.0
2485,7569.416593563474,0.0,-75694.16593563474,0.0,10.0,0.0,-0.0,0.1,0.300757836,30.0757836,0.0,0.0,100.0,1.0,0.11,-11.0,-947.7457271817984,947.7457271817984,0.0,-947.7457271817984,947.7457271817984,0.0,-61634.52999727401,61634.52999727401,0.0,0.0,30513.96140625,30513.96140625,0.0,0.0,25346.643451824137,25346.643451824137,0.0,-75705.16593563474,-75705.16593563474,63530.02145163761,63530.02145163761,63430.02145163761,0.0,100.0,0.0,0.0,63530.02145163761,7669.416593563474,1,0.0,100.0
2486,14834.655075295173,0.0,-148346.55075295173,0.0,10.0,0.0,-0.0,0.1,0.340644664,34.0644664,0.0,0.0,100.0,1.0,0.08,-8.0,-993.7257236011054,993.7257236011054,0.0,-993.7257236011054,993.7257236011054,0.0,-58218.47672905801,58218.47672905801,0.0,0.0,23296.811220703123,23296.811220703123,0.0,0.0,21974.46188026193,21974.46188026193,0.0,-148354.55075295173,-148354.55075295173,60205.928176260226,60205.928176260226,60105.928176260226,0.0,100.0,0.0,0.0,60205.928176260226,14934.655075295173,1,0.0,100.0
2487,28790.517543561407,0.0,-287905.1754356141,0.0,10.0,0.0,-0.0,0.1,0.3454398629999999,34.54398629999999,0.0,0.0,100.0,1.0,0.08,-8.0,-970.0208805805296,970.0208805805296,0.0,-970.0208805805296,970.0208805805296,0.0,-61142.98389741548,61142.98389741548,0.0,0.0,16640.579443359373,16640.579443359373,0.0,0.0,17551.928671655754,17551.928671655754,0.0,-287913.1754356141,-287913.1754356141,63083.02565857653,63083.02565857654,62983.02565857653,0.0,100.0,0.0,0.0,63083.02565857654,28890.517543561415,1,0.0,100.0
2488,35337.938160386395,0.0,-353379.38160386396,0.0,10.0,0.0,-0.0,0.1,0.347766865,34.7766865,0.0,0.0,100.0,1.0,0.08,-8.0,-745.5061926449963,745.5061926449963,0.0,-745.5061926449963,745.5061926449963,0.0,-54317.77669507492,54317.77669507492,0.0,0.0,8899.90541015625,8899.90541015625,0.0,0.0,11470.945509822266,11470.945509822266,0.0,-353387.38160386396,-353387.38160386396,55808.78908036491,55808.78908036491,55708.78908036491,0.0,100.0,0.0,0.0,55808.78908036491,35437.938160386395,1,0.0,100.0
2489,33948.22219079722,0.0,-339482.2219079722,0.0,10.0,0.0,-0.0,0.1,0.361997541,36.1997541,0.0,0.0,100.0,1.0,0.11,-11.0,-714.6060562973369,714.6060562973369,0.0,-714.6060562973369,714.6060562973369,0.0,-42265.47092283319,42265.47092283319,0.0,0.0,3814.24517578125,3814.24517578125,0.0,0.0,5832.215668849392,5832.215668849392,0.0,-339493.2219079722,-339493.2219079722,43694.683035427865,43694.683035427865,43594.683035427865,0.0,100.0,0.0,0.0,43694.683035427865,34048.22219079722,1,0.0,100.0
2490,43776.6022107278,0.0,-437766.022107278,0.0,10.0,0.0,-0.0,0.1,0.362088561,36.2088561,0.0,0.0,100.0,1.0,0.11,-11.0,-668.9697800426221,668.9697800426221,0.0,-668.9697800426221,668.9697800426221,0.0,-43372.74868153263,43372.74868153263,0.0,0.0,336.551044921875,336.551044921875,0.0,0.0,497.5349859681946,497.5349859681946,0.0,-437777.022107278,-437777.022107278,44710.68824161786,44710.68824161787,44610.68824161786,0.0,100.0,0.0,0.0,44710.68824161787,43876.602210727804,1,0.0,100.0
2491,36032.86318733873,0.0,-360328.63187338726,0.0,10.0,0.0,-0.0,0.1,0.37203799,37.203799,0.0,0.0,100.0,1.0,0.11,-11.0,-640.1009143174484,640.1009143174484,0.0,-640.1009143174484,640.1009143174484,0.0,-34852.66135870383,34852.66135870383,0.0,0.0,0.0,0.0,0.0,0.0,0.0,0.0,0.0,-360339.63187338726,-360339.63187338726,36132.86318733873,36132.86318733873,36032.86318733873,0.0,100.0,0.0,0.0,36132.86318733873,36132.86318733873,1,0.0,100.0
2492,33742.32192388204,0.0,-337423.21923882037,0.0,10.0,0.0,-0.0,0.1,0.3661797739999999,36.61797739999999,0.0,0.0,100.0,1.0,0.11,-11.0,-233.0215181553087,233.0215181553087,0.0,-233.0215181553087,233.0215181553087,0.0,-33376.27888757142,33376.27888757142,0.0,0.0,0.0,0.0,0.0,0.0,0.0,0.0,0.0,-337434.21923882037,-337434.21923882037,33842.32192388204,33842.32192388204,33742.32192388204,0.0,100.0,0.0,0.0,33842.32192388204,33842.32192388204,1,0.0,100.0
2493,21488.244438115984,0.0,-214882.44438115985,0.0,10.0,0.0,-0.0,0.1,0.3605882279999999,36.05882279999999,0.0,0.0,100.0,1.0,0.11,-11.0,-233.11597262189736,233.11597262189736,0.0,-233.11597262189736,233.11597262189736,0.0,-21122.01249287219,21122.01249287219,0.0,0.0,0.0,0.0,0.0,0.0,0.0,0.0,0.0,-214893.44438115985,-214893.44438115985,21588.244438115984,21588.244438115984,21488.244438115984,0.0,100.0,0.0,0.0,21588.244438115984,21588.244438115984,1,0.0,100.0
2494,18509.514110158023,0.0,-185095.14110158023,0.0,10.0,0.0,-0.0,0.1,0.348697896,34.869789600000004,0.0,0.0,100.0,1.0,0.11,-11.0,-236.03998410697668,236.03998410697668,0.0,-236.03998410697668,236.03998410697668,0.0,-18137.434141944068,18137.434141944068,0.0,0.0,0.0,0.0,0.0,0.0,0.0,0.0,0.0,-185106.14110158023,-185106.14110158023,18609.514110158023,18609.514110158023,18509.514110158023,0.0,100.0,0.0,0.0,18609.514110158023,18609.514110158023,1,0.0,100.0
2495,17764.581937897692,0.0,-177645.8193789769,0.0,10.0,0.0,-0.0,0.1,0.3399993189999999,33.99993189999999,0.0,0.0,100.0,1.0,0.11,-11.0,-233.0490772005746,233.0490772005746,0.0,-233.0490772005746,233.0490772005746,0.0,-17398.483783496544,17398.483783496544,0.0,0.0,0.0,0.0,0.0,0.0,0.0,0.0,0.0,-177656.8193789769,-177656.8193789769,17864.581937897692,17864.581937897692,17764.581937897692,0.0,100.0,0.0,0.0,17864.581937897692,17864.581937897692,1,0.0,100.0
2496,14751.062604707815,0.0,-147510.62604707814,0.0,10.0,0.0,-0.0,0.1,0.3344450089999999,33.44450089999999,0.0,0.0,100.0,1.0,0.08,-8.0,-232.96709300646305,232.96709300646305,0.0,-232.96709300646305,232.96709300646305,0.0,-14385.128418694889,14385.128418694889,0.0,0.0,0.0,0.0,0.0,0.0,0.0,0.0,0.0,-147518.62604707814,-147518.62604707814,14851.062604707815,14851.062604707815,14751.062604707815,0.0,100.0,0.0,0.0,14851.062604707815,14851.062604707815,1,0.0,100.0
2497,14750.893562795129,0.0,-147508.9356279513,0.0,10.0,0.0,-0.0,0.1,0.323801897,32.3801897,0.0,0.0,100.0,1.0,0.08,-8.0,-232.88257809609016,232.88257809609016,0.0,-232.88257809609016,232.88257809609016,0.0,-14385.128406602948,14385.128406602948,0.0,0.0,0.0,0.0,0.0,0.0,0.0,0.0,0.0,-147516.9356279513,-147516.9356279513,14850.893562795129,14850.893562795129,14750.893562795129,0.0,100.0,0.0,0.0,14850.893562795129,14850.893562795129,1,0.0,100.0
2498,14750.75822571066,0.0,-147507.5822571066,0.0,10.0,0.0,-0.0,0.1,0.332998394,33.299839399999996,0.0,0.0,100.0,1.0,0.08,-8.0,-232.8149125768425,232.8149125768425,0.0,-232.8149125768425,232.8149125768425,0.0,-14385.128400556976,14385.128400556976,0.0,0.0,0.0,0.0,0.0,0.0,0.0,0.0,0.0,-147515.5822571066,-147515.5822571066,14850.75822571066,14850.75822571066,14750.75822571066,0.0,100.0,0.0,0.0,14850.75822571066,14850.75822571066,1,0.0,100.0
2499,15491.492315181204,0.0,-154914.92315181205,0.0,10.0,0.0,-0.0,0.1,0.350559331,35.0559331,0.0,0.0,100.0,1.0,0.08,-8.0,-233.7067720423816,233.7067720423816,0.0,-233.7067720423816,233.7067720423816,0.0,-15124.07877109644,15124.07877109644,0.0,0.0,0.0,0.0,0.0,0.0,0.0,0.0,0.0,-154922.92315181205,-154922.92315181205,15591.492315181204,15591.492315181204,15491.492315181204,0.0,100.0,0.0,0.0,15591.492315181204,15591.492315181204,1,0.0,100.0
2500,16969.307091870014,0.0,-169693.07091870013,0.0,10.0,0.0,-0.0,0.1,0.347846249,34.7846249,0.0,0.0,100.0,1.0,0.08,-8.0,-233.6188531778396,233.6188531778396,0.0,-233.6188531778396,233.6188531778396,0.0,-16602.069385514336,16602.069385514336,0.0,0.0,0.0,0.0,0.0,0.0,0.0,0.0,0.0,-169701.07091870013,-169701.07091870013,17069.307091870014,17069.307091870014,16969.307091870014,0.0,100.0,0.0,0.0,17069.307091870014,17069.307091870014,1,0.0,100.0
2501,22676.686704685882,0.0,-226766.86704685882,0.0,10.0,0.0,-0.0,0.1,0.333188671,33.3188671,0.0,0.0,100.0,1.0,0.11,-11.0,-227.64370383975847,227.64370383975847,0.0,-227.64370383975847,227.64370383975847,0.0,-22732.73946302199,22732.73946302199,0.0,0.0,411.34016601562496,411.34016601562496,0.0,0.0,0.0,0.0,0.0,-226777.86704685882,-226777.86704685882,23188.026870701506,23188.026870701506,23088.026870701506,0.0,100.0,0.0,0.0,23188.026870701506,22776.686704685882,1,0.0,100.0
2502,21271.60888821076,0.0,-212716.0888821076,0.0,10.0,0.0,-0.0,0.1,0.309457734,30.9457734,0.0,0.0,100.0,1.0,0.11,-11.0,-197.56554474467333,197.56554474467333,0.0,-197.56554474467333,197.56554474467333,0.0,-24200.606621200805,24200.606621200805,0.0,0.0,1869.72802734375,1869.72802734375,0.0,0.0,1354.400795135641,1354.400795135641,0.0,-212727.0888821076,-212727.0888821076,24595.73771069015,24595.73771069015,24495.73771069015,0.0,100.0,0.0,0.0,24595.73771069015,21371.60888821076,1,0.0,100.0
2503,30947.08607767619,0.0,-309470.8607767619,0.0,10.0,0.0,-0.0,0.1,0.293222735,29.3222735,0.0,0.0,100.0,1.0,0.11,-11.0,-197.8504882155035,197.8504882155035,0.0,-197.8504882155035,197.8504882155035,0.0,-39263.729442526834,39263.729442526834,0.0,0.0,4300.374462890625,4300.374462890625,0.0,0.0,4311.96987839102,4311.96987839102,0.0,-309481.8607767619,-309481.8607767619,39659.43041895784,39659.43041895784,39559.43041895784,0.0,100.0,0.0,0.0,39659.43041895784,31047.086077676195,1,0.0,100.0
2504,20556.753131176727,0.0,-205567.53131176726,0.0,10.0,0.0,-0.0,0.1,0.273422866,27.342286599999998,0.0,0.0,100.0,1.0,0.11,-11.0,-198.1759775408266,198.1759775408266,0.0,-198.1759775408266,198.1759775408266,0.0,-37441.27713129013,37441.27713129013,0.0,0.0,6843.204580078125,6843.204580078125,0.0,0.0,10337.671375116934,10337.671375116934,0.0,-205578.53131176726,-205578.53131176726,37837.62908637179,37837.62908637179,37737.62908637179,0.0,100.0,0.0,0.0,37837.62908637179,20656.75313117673,1,0.0,100.0
2505,11232.314612928616,0.0,-112323.14612928616,0.0,10.0,0.0,-0.0,0.1,0.269033373,26.9033373,0.0,0.0,100.0,1.0,0.11,-11.0,-198.3071644440992,198.3071644440992,0.0,-198.3071644440992,198.3071644440992,0.0,-34088.58480283902,34088.58480283902,0.0,0.0,7591.095791015625,7591.095791015625,0.0,0.0,15561.788727782978,15561.788727782978,0.0,-112334.14612928616,-112334.14612928616,34485.19913172722,34485.19913172722,34385.19913172722,0.0,100.0,0.0,0.0,34485.19913172722,11332.314612928618,1,0.0,100.0
2506,11173.317789490691,0.0,-111733.17789490691,0.0,10.0,0.0,-0.0,0.1,0.296078965,29.607896500000003,0.0,0.0,100.0,1.0,0.11,-11.0,-201.237222191631,201.237222191631,0.0,-201.237222191631,201.237222191631,0.0,-34087.142905581226,34087.142905581226,0.0,0.0,7516.306669921874,7516.306669921874,0.0,0.0,15699.99289055192,15699.99289055192,0.0,-111744.17789490691,-111744.17789490691,34489.61734996449,34489.61734996449,34389.61734996449,0.0,100.0,0.0,0.0,34489.61734996449,11273.317789490691,1,0.0,100.0
2507,9444.554135345228,0.0,-94445.54135345228,0.0,10.0,0.0,-0.0,0.1,0.313488845,31.3488845,0.0,0.0,100.0,1.0,0.11,-11.0,-198.43703370793943,198.43703370793943,0.0,-198.43703370793943,198.43703370793943,0.0,-34085.81300386539,34085.81300386539,0.0,0.0,8077.225078124999,8077.225078124999,0.0,0.0,16860.907857811042,16860.907857811042,0.0,-94456.54135345228,-94456.54135345228,34482.68707128127,34482.68707128127,34382.68707128127,0.0,100.0,0.0,0.0,34482.68707128127,9544.554135345228,1,0.0,100.0
2508,14936.087533228136,0.0,-149360.87533228134,0.0,10.0,0.0,-0.0,0.1,0.310244056,31.024405599999998,0.0,0.0,100.0,1.0,0.11,-11.0,-198.5845184858609,198.5845184858609,0.0,-198.5845184858609,198.5845184858609,0.0,-34084.65913055614,34084.65913055614,0.0,0.0,8002.43595703125,8002.43595703125,0.0,0.0,11443.304677268476,11443.304677268476,0.0,-149371.87533228134,-149371.87533228134,34481.82816752786,34481.82816752786,34381.82816752786,0.0,100.0,0.0,0.0,34481.82816752786,15036.087533228136,1,0.0,100.0
2509,0.0,0.0,-0.0,55.55555555555556,10.0,0.0,-0.0,0.1,0.303010144,0.0,0.0,100.0,0.0,1.0,0.11,0.0,-220.59194793725584,220.59194793725584,0.0,-220.59194793725584,220.59194793725584,0.0,-20207.22002229252,20207.22002229252,0.0,0.0,7404.1229882812495,7404.1229882812495,0.0,6225.154627748563,19624.9911131899,13399.836485441336,0.0,0.0,0.0,20803.959473722585,20803.959473722585,20803.959473722585,0.0,0.0,155.55555555555475,0.0,20648.40391816703,-6380.710183304116,1,-55.55555555555556,-100.0
2510,1291.8811667974842,0.0,-12918.811667974842,0.0,60.0,45.0,-0.0,0.6,0.271532633,27.153263300000003,0.0,0.0,100.0,1.0,0.08,-8.0,-222.20801598522525,222.20801598522525,0.0,-222.20801598522525,222.20801598522525,0.0,-19417.210174382843,19417.210174382843,0.0,0.0,6207.4970507812495,6207.4970507812495,0.0,0.0,12217.247988774558,12217.247988774558,0.0,-12926.811667974842,-12926.811667974842,19861.626206353292,19861.626206353292,19716.626206353292,0.0,145.0,0.0,0.0,19861.626206353292,1436.8811667974842,1,45.0,100.0
2511,7017.442837015013,0.0,-70174.42837015013,0.0,10.0,0.0,-0.0,0.1,0.254084445,25.408444499999998,0.0,0.0,100.0,1.0,0.08,-8.0,-264.2016204340406,264.2016204340406,0.0,-264.2016204340406,264.2016204340406,0.0,-21978.24896738319,21978.24896738319,0.0,0.0,4636.9255078125,4636.9255078125,0.0,0.0,10752.28386342376,10752.28386342376,0.0,-70182.42837015013,-70182.42837015013,22506.65220825127,22506.65220825127,22406.65220825127,0.0,100.0,0.0,0.0,22506.65220825127,7117.442837015013,1,0.0,100.0
2512,13625.82404357925,0.0,-136258.2404357925,0.0,10.0,0.0,-0.0,0.1,0.23414185,23.414185,0.0,0.0,100.0,1.0,0.08,-8.0,-246.58663761787864,246.58663761787864,0.0,-246.58663761787864,246.58663761787864,0.0,-20072.804362212253,20072.804362212253,0.0,0.0,2804.592041015625,2804.592041015625,0.0,0.0,4035.5615528531343,4035.5615528531343,0.0,-136266.2404357925,-136266.2404357925,20565.97763744801,20565.97763744801,20465.97763744801,0.0,100.0,0.0,0.0,20565.97763744801,13725.82404357925,1,0.0,100.0
2513,13784.366945130781,0.0,-137843.66945130783,0.0,10.0,0.0,-0.0,0.1,0.22540455,22.540455,0.0,0.0,100.0,1.0,0.11,-11.0,-244.53846839833656,244.53846839833656,0.0,-244.53846839833656,244.53846839833656,0.0,-17936.45668484253,17936.45668484253,0.0,0.0,1196.6259375,1196.6259375,0.0,0.0,3344.54073900842,3344.54073900842,0.0,-137854.66945130783,-137854.66945130783,18425.533621639202,18425.533621639202,18325.533621639202,0.0,100.0,0.0,0.0,18425.533621639202,13884.366945130783,1,0.0,100.0
2514,19020.935492506116,0.0,-190209.35492506117,0.0,10.0,0.0,-0.0,0.1,0.237696911,23.769691100000003,0.0,0.0,100.0,1.0,0.11,-11.0,-211.3530835928281,211.3530835928281,0.0,-211.3530835928281,211.3530835928281,0.0,-19041.29339538448,19041.29339538448,0.0,0.0,149.5782421875,149.5782421875,0.0,0.0,193.4858278765201,193.4858278765201,0.0,-190220.35492506117,-190220.35492506117,19463.999562570138,19463.999562570138,19363.999562570138,0.0,100.0,0.0,0.0,19463.999562570138,19120.935492506116,1,0.0,100.0
2515,19927.87180744802,0.0,-199278.7180744802,0.0,10.0,0.0,-0.0,0.1,0.258324302,25.8324302,0.0,0.0,100.0,1.0,0.11,-11.0,-235.0154548237095,235.0154548237095,0.0,-235.0154548237095,235.0154548237095,0.0,-19557.8408978006,19557.8408978006,0.0,0.0,0.0,0.0,0.0,0.0,0.0,0.0,0.0,-199289.7180744802,-199289.7180744802,20027.87180744802,20027.87180744802,19927.87180744802,0.0,100.0,0.0,0.0,20027.87180744802,20027.87180744802,1,0.0,100.0
2516,18448.56574302982,0.0,-184485.6574302982,0.0,10.0,0.0,-0.0,0.1,0.272021692,27.202169199999997,0.0,0.0,100.0,1.0,0.11,-11.0,-234.28283537442408,234.28283537442408,0.0,-234.28283537442408,234.28283537442408,0.0,-18080.00007228097,18080.00007228097,0.0,0.0,0.0,0.0,0.0,0.0,0.0,0.0,0.0,-184496.6574302982,-184496.6574302982,18548.56574302982,18548.56574302982,18448.56574302982,0.0,100.0,0.0,0.0,18548.56574302982,18548.56574302982,1,0.0,100.0
2517,16968.80057201752,0.0,-169688.00572017522,0.0,10.0,0.0,-0.0,0.1,0.287558529,28.7558529,0.0,0.0,100.0,1.0,0.11,-11.0,-233.4105268980932,233.4105268980932,0.0,-233.4105268980932,233.4105268980932,0.0,-16601.979518221335,16601.979518221335,0.0,0.0,0.0,0.0,0.0,0.0,0.0,0.0,0.0,-169699.00572017522,-169699.00572017522,17068.80057201752,17068.80057201752,16968.80057201752,0.0,100.0,0.0,0.0,17068.80057201752,17068.80057201752,1,0.0,100.0
2518,15496.416057771892,0.0,-154964.16057771893,0.0,10.0,0.0,-0.0,0.1,0.302517555,30.251755499999998,0.0,0.0,100.0,1.0,0.11,-11.0,-236.16863426877188,236.16863426877188,0.0,-236.16863426877188,236.16863426877188,0.0,-15124.078789234349,15124.078789234349,0.0,0.0,0.0,0.0,0.0,0.0,0.0,0.0,0.0,-154975.16057771893,-154975.16057771893,15596.416057771892,15596.416057771892,15496.416057771892,0.0,100.0,0.0,0.0,15596.416057771892,15596.416057771892,1,0.0,100.0
2519,14751.636886856457,0.0,-147516.36886856458,0.0,10.0,0.0,-0.0,0.1,0.325377328,32.5377328,0.0,0.0,100.0,1.0,0.11,-11.0,-233.2542371037676,233.2542371037676,0.0,-233.2542371037676,233.2542371037676,0.0,-14385.12841264892,14385.12841264892,0.0,0.0,0.0,0.0,0.0,0.0,0.0,0.0,0.0,-147527.36886856458,-147527.36886856458,14851.636886856457,14851.636886856457,14751.636886856457,0.0,100.0,0.0,0.0,14851.636886856457,14851.636886856457,1,0.0,100.0
2520,14751.510821088747,0.0,-147515.10821088747,0.0,10.0,0.0,-0.0,0.1,0.328757767,32.875776699999996,0.0,0.0,100.0,1.0,0.08,-8.0,-233.2062345004844,233.2062345004844,0.0,-233.2062345004844,233.2062345004844,0.0,-14385.098352087778,14385.098352087778,0.0,0.0,0.0,0.0,0.0,0.0,0.0,0.0,0.0,-147523.10821088747,-147523.10821088747,14851.510821088747,14851.510821088747,14751.510821088747,0.0,100.0,0.0,0.0,14851.510821088747,14851.510821088747,1,0.0,100.0
2521,14751.430956097009,0.0,-147514.30956097008,0.0,10.0,0.0,-0.0,0.1,0.328652675,32.8652675,0.0,0.0,100.0,1.0,0.08,-8.0,-233.1663020046157,233.1663020046157,0.0,-233.1663020046157,233.1663020046157,0.0,-14385.098352087778,14385.098352087778,0.0,0.0,0.0,0.0,0.0,0.0,0.0,0.0,0.0,-147522.30956097008,-147522.30956097008,14851.430956097009,14851.430956097009,14751.430956097009,0.0,100.0,0.0,0.0,14851.430956097009,14851.430956097009,1,0.0,100.0
2522,14751.3898785172,0.0,-147513.898785172,0.0,10.0,0.0,-0.0,0.1,0.320413732,32.0413732,0.0,0.0,100.0,1.0,0.08,-8.0,-233.1457632147116,233.1457632147116,0.0,-233.1457632147116,233.1457632147116,0.0,-14385.098352087778,14385.098352087778,0.0,0.0,0.0,0.0,0.0,0.0,0.0,0.0,0.0,-147521.898785172,-147521.898785172,14851.3898785172,14851.3898785172,14751.3898785172,0.0,100.0,0.0,0.0,14851.3898785172,14851.3898785172,1,0.0,100.0
2523,15492.375791975737,0.0,-154923.75791975737,0.0,10.0,0.0,-0.0,0.1,0.310958959,31.0958959,0.0,0.0,100.0,1.0,0.08,-8.0,-234.1635346742489,234.1635346742489,0.0,-234.1635346742489,234.1635346742489,0.0,-15124.04872262724,15124.04872262724,0.0,0.0,0.0,0.0,0.0,0.0,0.0,0.0,0.0,-154931.75791975737,-154931.75791975737,15592.375791975737,15592.375791975737,15492.375791975737,0.0,100.0,0.0,0.0,15592.375791975737,15592.375791975737,1,0.0,100.0
2524,16970.149156019124,0.0,-169701.49156019124,0.0,10.0,0.0,-0.0,0.1,0.271408252,27.140825200000002,0.0,0.0,100.0,1.0,0.08,-8.0,-234.0549699466928,234.0549699466928,0.0,-234.0549699466928,234.0549699466928,0.0,-16602.03921612574,16602.03921612574,0.0,0.0,0.0,0.0,0.0,0.0,0.0,0.0,0.0,-169709.49156019124,-169709.49156019124,17070.149156019124,17070.149156019124,16970.149156019124,0.0,100.0,0.0,0.0,17070.149156019124,17070.149156019124,1,0.0,100.0
2525,16029.372867400785,0.0,-160293.72867400784,0.0,10.0,0.0,-0.0,0.1,0.252580767,25.258076699999997,0.0,0.0,100.0,1.0,0.11,-11.0,-228.0963295750308,228.0963295750308,0.0,-228.0963295750308,228.0963295750308,0.0,-16458.465979735098,16458.465979735098,0.0,0.0,785.285771484375,785.285771484375,0.0,0.0,0.0,0.0,0.0,-160304.72867400784,-160304.72867400784,16914.65863888516,16914.65863888516,16814.65863888516,0.0,100.0,0.0,0.0,16914.65863888516,16129.372867400785,1,0.0,100.0
2526,10366.24785148782,0.0,-103662.4785148782,0.0,10.0,0.0,-0.0,0.1,0.23571741,23.571741,0.0,0.0,100.0,1.0,0.11,-11.0,-197.9140673411821,197.9140673411821,0.0,-197.9140673411821,197.9140673411821,0.0,-17936.36672081402,17936.36672081402,0.0,0.0,6207.4970507812495,6207.4970507812495,0.0,0.0,1658.4499532273155,1658.4499532273155,0.0,-103673.4785148782,-103673.4785148782,18332.194855496386,18332.194855496386,18232.194855496386,0.0,100.0,0.0,0.0,18332.194855496386,10466.24785148782,1,0.0,100.0
2527,1209.7080158438757,0.0,-12097.080158438757,0.0,10.0,0.0,-0.0,0.1,0.235578361,23.5578361,0.0,0.0,100.0,1.0,0.11,-11.0,-198.06309909332143,198.06309909332143,0.0,-198.06309909332143,198.06309909332143,0.0,-17936.36672081402,17936.36672081402,0.0,0.0,14396.905810546874,14396.905810546874,0.0,0.0,2625.8790926099164,2625.8790926099164,0.0,-12108.080158438757,-12108.080158438757,18332.492919000666,18332.492919000666,18232.492919000666,0.0,100.0,0.0,0.0,18332.492919000666,1309.7080158438766,1,0.0,100.0
2528,0.0,0.0,-0.0,55.55555555555556,10.0,0.0,-0.0,0.1,0.2424807189999999,0.0,0.0,100.0,0.0,1.0,0.11,0.0,-198.32914539456715,198.32914539456715,0.0,-198.32914539456715,198.32914539456715,0.0,-16386.29303314758,16386.29303314758,0.0,5086.889282617103,22025.396162109373,16938.50687949227,0.0,3593.308231992517,3593.308231992517,0.0,0.0,0.0,0.0,16938.50687949227,16938.50687949227,16938.50687949227,0.0,0.0,155.55555555555475,0.0,16782.951323936715,-8835.753070165174,1,-55.55555555555556,-100.0
2529,0.0,0.0,-0.0,44.44444444444444,60.0,0.0,-0.0,0.6,0.25611494,0.0,0.0,100.0,0.0,1.0,0.11,0.0,-198.4666189831489,198.4666189831489,0.0,-198.4666189831489,198.4666189831489,0.0,-15339.701235397486,15339.701235397486,0.0,12950.127263832395,28831.206181640624,15881.078917808229,0.0,15699.99289055192,15699.99289055192,0.0,0.0,0.0,0.0,15881.078917808229,15881.078917808229,15881.078917808229,0.0,0.0,144.44444444444525,0.0,15736.634473363783,-28794.564598828758,1,-44.44444444444444,-100.0
2530,0.0,0.0,-0.0,0.0,100.0,-0.0,-0.0,1.0,0.288201186,0.0,0.0,100.0,0.0,1.0,0.11,0.0,-201.427618934752,201.427618934752,0.0,-201.427618934752,201.427618934752,0.0,-12763.77399422934,12763.77399422934,0.0,19079.66564094803,32346.294873046874,13266.629232098843,0.0,6910.208138447148,6910.208138447148,0.0,0.0,0.0,0.0,13266.629232098843,13266.629232098843,13266.629232098843,0.0,0.0,100.0,0.0,13166.629232098843,-26089.87377939518,1,-0.0,-100.0
2531,0.0,0.0,-0.0,0.0,100.0,-0.0,-0.0,1.0,0.286154543,0.0,0.0,100.0,0.0,1.0,0.11,0.0,-198.6482548947833,198.6482548947833,0.0,-198.6482548947833,198.6482548947833,0.0,-12763.773951907551,12763.773951907551,0.0,19907.904743381005,33168.975205078124,13261.070461697118,0.0,5141.194855004678,5141.194855004678,0.0,0.0,0.0,0.0,13261.070461697118,13261.070461697118,13261.070461697118,0.0,0.0,100.0,0.0,13161.070461697118,-25149.099598385685,1,-0.0,-100.0
2532,0.0,0.0,-0.0,0.0,100.0,-0.0,-0.0,1.0,0.29706895,0.0,0.0,100.0,0.0,1.0,0.11,0.0,-249.40949438692604,249.40949438692604,0.0,-249.40949438692604,249.40949438692604,0.0,-12763.863752694884,12763.863752694884,0.0,20255.027190171888,33617.709931640624,13362.682741468736,0.0,5113.5540224508895,5113.5540224508895,0.0,0.0,0.0,0.0,13362.682741468736,13362.682741468736,13362.682741468736,0.0,0.0,100.0,0.0,13262.682741468736,-25468.581212622776,1,-0.0,-100.0
2533,0.0,0.0,-0.0,0.0,100.0,-0.0,-0.0,1.0,0.295761148,0.0,0.0,100.0,0.0,1.0,0.11,0.0,-293.63979953378106,293.63979953378106,0.0,-293.63979953378106,293.63979953378106,0.0,-12763.773988183368,12763.773988183368,0.0,12276.40406899907,25727.45765625,13451.05358725093,0.0,5279.399017773621,5279.399017773621,0.0,0.0,0.0,0.0,13451.05358725093,13451.05358725093,13451.05358725093,0.0,0.0,100.0,0.0,13351.05358725093,-17655.803086772692,1,-0.0,-100.0
2534,0.0,0.0,-0.0,0.0,100.0,-0.0,-0.0,1.0,0.278498216,0.0,0.0,100.0,0.0,1.0,0.08,0.0,-288.7268163675252,288.7268163675252,0.0,-288.7268163675252,288.7268163675252,0.0,-15713.918323037811,15713.918323037811,0.0,3614.7179368052675,20006.08989257813,16391.371955772862,0.0,5224.117352666044,5224.117352666044,0.0,0.0,0.0,0.0,16391.371955772862,16391.371955772862,16391.371955772862,0.0,0.0,100.0,0.0,16291.371955772862,-8938.83528947131,1,-0.0,-100.0
2535,9840.940510222,0.0,-98409.40510222001,0.0,100.0,45.0,-0.0,1.0,0.25318807,25.318807,0.0,0.0,100.0,1.0,0.08,-8.0,-288.5294313780028,288.5294313780028,0.0,-288.5294313780028,288.5294313780028,0.0,-33661.87440589422,33661.87440589422,0.0,0.0,20604.40286132813,20604.40286132813,0.0,0.0,3648.5898971000943,3648.5898971000943,0.0,-98417.40510222001,-98417.40510222001,34238.933268650224,34238.933268650224,34093.933268650224,0.0,145.0,0.0,0.0,34238.933268650224,9985.940510222,1,45.0,100.0
2536,21291.991006615677,0.0,-212919.91006615676,0.0,50.0,36.0,-0.0,0.5,0.2250106589999999,22.50106589999999,0.0,0.0,100.0,1.0,0.08,-8.0,-273.1092397399994,273.1092397399994,0.0,-273.1092397399994,273.1092397399994,0.0,-36145.4559720444,36145.4559720444,0.0,0.0,11255.762724609374,11255.762724609374,0.0,0.0,4007.9207202993457,4007.9207202993457,0.0,-212927.91006615676,-212927.91006615676,36691.6744515244,36691.6744515244,36555.6744515244,0.0,136.0,0.0,0.0,36691.6744515244,21427.99100661568,1,36.0,100.0
2537,17043.62500169811,0.0,-170436.2500169811,0.0,10.0,0.0,-0.0,0.1,0.217355516,21.7355516,0.0,0.0,100.0,1.0,0.11,-11.0,-263.63996222197534,263.63996222197534,0.0,-263.63996222197534,263.63996222197534,0.0,-25758.7262913342,25758.7262913342,0.0,0.0,4636.9255078125,4636.9255078125,0.0,0.0,4505.45570626754,4505.45570626754,0.0,-170447.2500169811,-170447.2500169811,26286.00621577815,26286.00621577815,26186.00621577815,0.0,100.0,0.0,0.0,26286.00621577815,17143.62500169811,1,0.0,100.0
2538,18104.553143073546,0.0,-181045.53143073546,0.0,10.0,0.0,-0.0,0.1,0.224182365,22.4182365,0.0,0.0,100.0,1.0,0.11,-11.0,-211.4636702824664,211.4636702824664,0.0,-211.4636702824664,211.4636702824664,0.0,-18524.6559591697,18524.6559591697,0.0,0.0,411.34016601562496,411.34016601562496,0.0,0.0,331.6899906454631,331.6899906454631,0.0,-181056.53143073546,-181056.53143073546,18947.583299734633,18947.583299734633,18847.583299734633,0.0,100.0,0.0,0.0,18947.583299734633,18204.553143073546,1,0.0,100.0
2539,19927.949386810742,0.0,-199279.4938681074,0.0,10.0,0.0,-0.0,0.1,0.233778778,23.3778778,0.0,0.0,100.0,1.0,0.11,-11.0,-235.0992204733629,235.0992204733629,0.0,-235.0992204733629,235.0992204733629,0.0,-19557.750945864016,19557.750945864016,0.0,0.0,0.0,0.0,0.0,0.0,0.0,0.0,0.0,-199290.4938681074,-199290.4938681074,20027.949386810742,20027.949386810742,19927.949386810742,0.0,100.0,0.0,0.0,20027.949386810742,20027.949386810742,1,0.0,100.0
2540,18448.692843382567,0.0,-184486.92843382567,0.0,10.0,0.0,-0.0,0.1,0.2441527489999999,24.41527489999999,0.0,0.0,100.0,1.0,0.11,-11.0,-234.3764430889505,234.3764430889505,0.0,-234.3764430889505,234.3764430889505,0.0,-18079.939957204664,18079.939957204664,0.0,0.0,0.0,0.0,0.0,0.0,0.0,0.0,0.0,-184497.92843382567,-184497.92843382567,18548.692843382567,18548.692843382567,18448.692843382567,0.0,100.0,0.0,0.0,18548.692843382567,18548.692843382567,1,0.0,100.0
2541,16968.977801817386,0.0,-169689.77801817385,0.0,10.0,0.0,-0.0,0.1,0.286397535,28.639753499999998,0.0,0.0,100.0,1.0,0.11,-11.0,-233.51417207859603,233.51417207859603,0.0,-233.51417207859603,233.51417207859603,0.0,-16601.949457660194,16601.949457660194,0.0,0.0,0.0,0.0,0.0,0.0,0.0,0.0,0.0,-169700.77801817385,-169700.77801817385,17068.977801817386,17068.977801817386,16968.977801817386,0.0,100.0,0.0,0.0,17068.977801817386,17068.977801817386,1,0.0,100.0
2542,15496.658964895574,0.0,-154966.58964895573,0.0,10.0,0.0,-0.0,0.1,0.317479512,31.747951200000003,0.0,0.0,100.0,1.0,0.11,-11.0,-236.3051241571518,236.3051241571518,0.0,-236.3051241571518,236.3051241571518,0.0,-15124.04871658127,15124.04871658127,0.0,0.0,0.0,0.0,0.0,0.0,0.0,0.0,0.0,-154977.58964895573,-154977.58964895573,15596.658964895574,15596.658964895574,15496.658964895574,0.0,100.0,0.0,0.0,15596.658964895574,15596.658964895574,1,0.0,100.0
2543,14751.862018546442,0.0,-147518.62018546442,0.0,10.0,0.0,-0.0,0.1,0.338535141,33.8535141,0.0,0.0,100.0,1.0,0.11,-11.0,-233.38183322933213,233.38183322933213,0.0,-233.38183322933213,233.38183322933213,0.0,-14385.098352087778,14385.098352087778,0.0,0.0,0.0,0.0,0.0,0.0,0.0,0.0,0.0,-147529.62018546442,-147529.62018546442,14851.862018546442,14851.862018546442,14751.862018546442,0.0,100.0,0.0,0.0,14851.862018546442,14851.862018546442,1,0.0,100.0
2544,17765.209349826946,0.0,-177652.09349826945,0.0,10.0,0.0,-0.0,0.1,0.3456995029999999,34.56995029999999,0.0,0.0,100.0,1.0,0.08,-8.0,-233.36299175115428,233.36299175115428,0.0,-233.36299175115428,233.36299175115428,0.0,-17398.48336632464,17398.48336632464,0.0,0.0,0.0,0.0,0.0,0.0,0.0,0.0,0.0,-177660.09349826945,-177660.09349826945,17865.209349826946,17865.209349826946,17765.209349826946,0.0,100.0,0.0,0.0,17865.209349826946,17865.209349826946,1,0.0,100.0
2545,17765.197196693727,0.0,-177651.97196693727,0.0,10.0,0.0,-0.0,0.1,0.332760036,33.276003599999996,0.0,0.0,100.0,1.0,0.08,-8.0,-233.35690611558869,233.35690611558869,0.0,-233.35690611558869,233.35690611558869,0.0,-17398.48338446255,17398.48338446255,0.0,0.0,0.0,0.0,0.0,0.0,0.0,0.0,0.0,-177659.97196693727,-177659.97196693727,17865.197196693727,17865.197196693727,17765.197196693727,0.0,100.0,0.0,0.0,17865.197196693727,17865.197196693727,1,0.0,100.0
2546,17765.161771938132,0.0,-177651.61771938132,0.0,10.0,0.0,-0.0,0.1,0.34068727,34.068726999999996,0.0,0.0,100.0,1.0,0.08,-8.0,-233.33919373779128,233.33919373779128,0.0,-233.33919373779128,233.33919373779128,0.0,-17398.48338446255,17398.48338446255,0.0,0.0,0.0,0.0,0.0,0.0,0.0,0.0,0.0,-177659.61771938132,-177659.61771938132,17865.161771938132,17865.161771938132,17765.161771938132,0.0,100.0,0.0,0.0,17865.161771938132,17865.161771938132,1,0.0,100.0
2547,18506.244091238594,0.0,-185062.44091238594,0.0,10.0,0.0,-0.0,0.1,0.339099505,33.9099505,0.0,0.0,100.0,1.0,0.08,-8.0,-234.40517416426115,234.40517416426115,0.0,-234.40517416426115,234.40517416426115,0.0,-18137.43374291007,18137.43374291007,0.0,0.0,0.0,0.0,0.0,0.0,0.0,0.0,0.0,-185070.44091238594,-185070.44091238594,18606.244091238594,18606.244091238594,18506.244091238594,0.0,100.0,0.0,0.0,18606.244091238594,18606.244091238594,1,0.0,100.0
2548,21490.80277733384,0.0,-214908.0277733384,0.0,10.0,0.0,-0.0,0.1,0.286876664,28.6876664,0.0,0.0,100.0,1.0,0.08,-8.0,-234.350489721917,234.350489721917,0.0,-234.350489721917,234.350489721917,0.0,-21122.101797890005,21122.101797890005,0.0,0.0,0.0,0.0,0.0,0.0,0.0,0.0,0.0,-214916.0277733384,-214916.0277733384,21590.80277733384,21590.80277733384,21490.80277733384,0.0,100.0,0.0,0.0,21590.80277733384,21590.80277733384,1,0.0,100.0
2549,22936.074689470774,0.0,-229360.74689470773,0.0,10.0,0.0,-0.0,0.1,0.26059304,26.059304,0.0,0.0,100.0,1.0,0.11,-11.0,-379.58482526860087,379.58482526860087,0.0,-379.58482526860087,379.58482526860087,0.0,-22725.63976549607,22725.63976549607,0.0,0.0,448.7347265625,448.7347265625,0.0,0.0,0.0,0.0,0.0,-229371.74689470773,-229371.74689470773,23484.809416033273,23484.809416033273,23384.809416033273,0.0,100.0,0.0,0.0,23484.809416033273,23036.074689470774,1,0.0,100.0
2550,27079.453301388356,0.0,-270794.53301388357,0.0,10.0,0.0,-0.0,0.1,0.243508991,24.3508991,0.0,0.0,100.0,1.0,0.11,-11.0,-617.7001372564115,617.7001372564115,0.0,-617.7001372564115,617.7001372564115,0.0,-30226.60362408598,30226.60362408598,0.0,0.0,3066.35396484375,3066.35396484375,0.0,0.0,1216.196632366698,1216.196632366698,0.0,-270805.53301388357,-270805.53301388357,31462.003898598803,31462.003898598803,31362.003898598803,0.0,100.0,0.0,0.0,31462.003898598803,27179.453301388356,1,0.0,100.0
2551,51488.00533542447,0.0,-514880.0533542447,0.0,10.0,0.0,-0.0,0.1,0.235436055,23.5436055,0.0,0.0,100.0,1.0,0.11,-11.0,-864.2658233989291,864.2658233989291,0.0,-864.2658233989291,864.2658233989291,0.0,-63364.024055847,63364.024055847,0.0,0.0,8750.32716796875,8750.32716796875,0.0,0.0,4754.223199251638,4754.223199251638,0.0,-514891.0533542447,-514891.0533542447,65092.55570264485,65092.55570264486,64992.55570264485,0.0,100.0,0.0,0.0,65092.55570264486,51588.005335424474,1,0.0,100.0
2552,40436.635225048914,0.0,-404366.3522504892,0.0,10.0,0.0,-0.0,0.1,0.229582301,22.958230099999998,0.0,0.0,100.0,1.0,0.11,-11.0,-896.7573142830913,896.7573142830913,0.0,-896.7573142830913,896.7573142830913,0.0,-61144.84158205263,61144.84158205263,0.0,0.0,7254.544746093749,7254.544746093749,0.0,0.0,15147.176239476148,15147.176239476148,0.0,-404377.3522504892,-404377.3522504892,62938.35621061881,62938.35621061881,62838.35621061881,0.0,100.0,0.0,0.0,62938.35621061881,40536.635225048914,1,0.0,100.0
2553,30142.252987857817,0.0,-301422.52987857815,0.0,10.0,0.0,-0.0,0.1,0.234350285,23.435028499999998,0.0,0.0,100.0,1.0,0.11,-11.0,-955.9394686821674,955.9394686821674,0.0,-955.9394686821674,955.9394686821674,0.0,-58188.51194212336,58188.51194212336,0.0,0.0,9348.64013671875,9348.64013671875,0.0,0.0,20509.49775491113,20509.49775491113,0.0,-301433.52987857815,-301433.52987857815,60100.3908794877,60100.3908794877,60000.3908794877,0.0,100.0,0.0,0.0,60100.3908794877,30242.252987857817,1,0.0,100.0
2554,22117.976247664148,0.0,-221179.76247664148,0.0,10.0,0.0,-0.0,0.1,0.252991526,25.299152600000003,0.0,0.0,100.0,1.0,0.11,-11.0,-1041.079821166457,1041.079821166457,0.0,-1041.079821166457,1041.079821166457,0.0,-58188.414027644736,58188.414027644736,0.0,0.0,14060.354765625,14060.354765625,0.0,0.0,23992.242656688497,23992.242656688497,0.0,-221190.76247664148,-221190.76247664148,60270.573669977646,60270.573669977646,60170.573669977646,0.0,100.0,0.0,0.0,60270.573669977646,22217.976247664148,1,0.0,100.0
2555,19742.58433239177,0.0,-197425.84332391768,0.0,10.0,0.0,-0.0,0.1,0.272273437,27.227343700000002,0.0,0.0,100.0,1.0,0.11,-11.0,-1111.2668924891966,1111.2668924891966,0.0,-1111.2668924891966,1111.2668924891966,0.0,-55175.23946151973,55175.23946151973,0.0,0.0,11517.5246484375,11517.5246484375,0.0,0.0,26037.664265668853,26037.664265668853,0.0,-197436.84332391768,-197436.84332391768,57397.77324649812,57397.77324649812,57297.77324649812,0.0,100.0,0.0,0.0,57397.77324649812,19842.584332391772,1,0.0,100.0
2556,21491.089904421377,0.0,-214910.89904421376,0.0,10.0,0.0,-0.0,0.1,0.285981639,28.5981639,0.0,0.0,100.0,1.0,0.11,-11.0,-1146.8866211460377,1146.8866211460377,0.0,-1146.8866211460377,1146.8866211460377,0.0,-58187.39891538512,58187.39891538512,0.0,0.0,11442.73552734375,11442.73552734375,0.0,0.0,27447.34672591207,27447.34672591207,0.0,-214921.89904421376,-214921.89904421376,60481.172157677196,60481.172157677196,60381.172157677196,0.0,100.0,0.0,0.0,60481.172157677196,21591.089904421373,1,0.0,100.0
2557,23946.56495970923,0.0,-239465.6495970923,0.0,10.0,0.0,-0.0,0.1,0.279938781,27.993878100000003,0.0,0.0,100.0,1.0,0.11,-11.0,-1212.5701250754516,1212.5701250754516,0.0,-1212.5701250754516,1212.5701250754516,0.0,-58186.46794488523,58186.46794488523,0.0,0.0,10582.660634765623,10582.660634765623,0.0,0.0,25982.382600561275,25982.382600561275,0.0,-239476.6495970923,-239476.6495970923,60611.608195036126,60611.60819503613,60511.608195036126,0.0,100.0,0.0,0.0,60611.60819503613,24046.564959709234,1,0.0,100.0
2558,31121.406755672037,0.0,-311214.06755672034,0.0,10.0,0.0,-0.0,0.1,0.252795016,25.2795016,0.0,0.0,100.0,1.0,0.08,-8.0,-1254.171231721137,1254.171231721137,0.0,-1254.171231721137,1254.171231721137,0.0,-60224.79108281055,60224.79108281055,0.0,0.0,9012.089091796875,9012.089091796875,0.0,0.0,22499.63769878392,22499.63769878392,0.0,-311222.06755672034,-311222.06755672034,62733.13354625284,62733.13354625283,62633.13354625284,0.0,100.0,0.0,0.0,62733.13354625283,31221.406755672033,1,0.0,100.0
2559,38997.05383616185,0.0,-389970.5383616185,0.0,10.0,0.0,-0.0,0.1,0.242539098,24.253909800000002,0.0,0.0,100.0,1.0,0.08,-8.0,-1206.9474955626197,1206.9474955626197,0.0,-1206.9474955626197,1206.9474955626197,0.0,-61143.32748987115,61143.32748987115,0.0,0.0,6880.599140625,6880.599140625,0.0,0.0,17579.569504209543,17579.569504209543,0.0,-389978.5383616185,-389978.5383616185,63557.222480996395,63557.222480996395,63457.222480996395,0.0,100.0,0.0,0.0,63557.222480996395,39097.05383616185,1,0.0,100.0
2560,40248.093588449425,0.0,-402480.9358844942,0.0,10.0,0.0,-0.0,0.1,0.242776545,24.2776545,0.0,0.0,100.0,1.0,0.08,-8.0,-940.578363659976,940.578363659976,0.0,-940.578363659976,940.578363659976,0.0,-54321.21095094398,54321.21095094398,0.0,0.0,3664.66693359375,3664.66693359375,0.0,0.0,12189.607156220767,12189.607156220767,0.0,-402488.9358844942,-402488.9358844942,56202.36767826394,56202.36767826394,56102.36767826394,0.0,100.0,0.0,0.0,56202.36767826394,40348.093588449425,1,0.0,100.0
2561,36491.62237895749,0.0,-364916.22378957487,0.0,10.0,0.0,-0.0,0.1,0.252510323,25.2510323,0.0,0.0,100.0,1.0,0.11,-11.0,-912.1922608383366,912.1922608383366,0.0,-912.1922608383366,912.1922608383366,0.0,-42270.83467132102,42270.83467132102,0.0,0.0,1533.176982421875,1533.176982421875,0.0,0.0,5970.419831618336,5970.419831618336,0.0,-364927.22378957487,-364927.22378957487,44095.2191929977,44095.21919299769,43995.2191929977,0.0,100.0,0.0,0.0,44095.21919299769,36591.62237895748,1,0.0,100.0
2562,43776.08873004753,0.0,-437760.88730047527,0.0,10.0,0.0,-0.0,0.1,0.263621204,26.3621204,0.0,0.0,100.0,1.0,0.11,-11.0,-891.3561478620068,891.3561478620068,0.0,-891.3561478620068,891.3561478620068,0.0,-42860.80672068745,42860.80672068745,0.0,0.0,186.972802734375,186.972802734375,0.0,0.0,580.4574836295604,580.4574836295604,0.0,-437771.88730047527,-437771.88730047527,44643.51901641147,44643.51901641146,44543.51901641147,0.0,100.0,0.0,0.0,44643.51901641146,43876.08873004752,1,0.0,100.0
2563,36465.62062845526,0.0,-364656.2062845526,0.0,10.0,0.0,-0.0,0.1,0.281770663,28.177066299999996,0.0,0.0,100.0,1.0,0.11,-11.0,-854.3630678637841,854.3630678637841,0.0,-854.3630678637841,854.3630678637841,0.0,-34856.89449272769,34856.89449272769,0.0,0.0,0.0,0.0,0.0,0.0,0.0,0.0,0.0,-364667.2062845526,-364667.2062845526,36565.62062845526,36565.62062845526,36465.62062845526,0.0,100.0,0.0,0.0,36565.62062845526,36565.62062845526,1,0.0,100.0
2564,33748.8094328603,0.0,-337488.09432860295,0.0,10.0,0.0,-0.0,0.1,0.3133776219999999,31.33776219999999,0.0,0.0,100.0,1.0,0.11,-11.0,-234.5169051846871,234.5169051846871,0.0,-234.5169051846871,234.5169051846871,0.0,-33379.775622490924,33379.775622490924,0.0,0.0,0.0,0.0,0.0,0.0,0.0,0.0,0.0,-337499.09432860295,-337499.09432860295,33848.8094328603,33848.8094328603,33748.8094328603,0.0,100.0,0.0,0.0,33848.8094328603,33848.8094328603,1,0.0,100.0
2565,21489.419709339993,0.0,-214894.19709339994,0.0,10.0,0.0,-0.0,0.1,0.316290768,31.6290768,0.0,0.0,100.0,1.0,0.11,-11.0,-233.7037986819503,233.7037986819503,0.0,-233.7037986819503,233.7037986819503,0.0,-21122.01211197609,21122.01211197609,0.0,0.0,0.0,0.0,0.0,0.0,0.0,0.0,0.0,-214905.19709339994,-214905.19709339994,21589.419709339993,21589.419709339993,21489.419709339993,0.0,100.0,0.0,0.0,21589.419709339993,21589.419709339993,1,0.0,100.0
2566,18510.707084576068,0.0,-185107.0708457607,0.0,10.0,0.0,-0.0,0.1,0.317098988,31.7098988,0.0,0.0,100.0,1.0,0.11,-11.0,-236.63667083299856,236.63667083299856,0.0,-236.63667083299856,236.63667083299856,0.0,-18137.43374291007,18137.43374291007,0.0,0.0,0.0,0.0,0.0,0.0,0.0,0.0,0.0,-185118.0708457607,-185118.0708457607,18610.707084576068,18610.707084576068,18510.707084576068,0.0,100.0,0.0,0.0,18610.707084576068,18610.707084576068,1,0.0,100.0
2567,17765.788345640005,0.0,-177657.88345640004,0.0,10.0,0.0,-0.0,0.1,0.306075549,30.6075549,0.0,0.0,100.0,1.0,0.11,-11.0,-233.6524896576826,233.6524896576826,0.0,-233.6524896576826,233.6524896576826,0.0,-17398.48336632464,17398.48336632464,0.0,0.0,0.0,0.0,0.0,0.0,0.0,0.0,0.0,-177668.88345640004,-177668.88345640004,17865.788345640005,17865.788345640005,17765.788345640005,0.0,100.0,0.0,0.0,17865.788345640005,17865.788345640005,1,0.0,100.0
2568,17765.600436540546,0.0,-177656.00436540548,0.0,10.0,0.0,-0.0,0.1,0.3057925689999999,30.57925689999999,0.0,0.0,100.0,1.0,0.08,-8.0,-233.5585985906353,233.5585985906353,0.0,-233.5585985906353,233.5585985906353,0.0,-17398.483239359277,17398.483239359277,0.0,0.0,0.0,0.0,0.0,0.0,0.0,0.0,0.0,-177664.00436540548,-177664.00436540548,17865.600436540546,17865.600436540546,17765.600436540546,0.0,100.0,0.0,0.0,17865.600436540546,17865.600436540546,1,0.0,100.0
2569,17765.409266853923,0.0,-177654.09266853923,0.0,10.0,0.0,-0.0,0.1,0.306112565,30.6112565,0.0,0.0,100.0,1.0,0.08,-8.0,-233.463007701355,233.463007701355,0.0,-233.463007701355,233.463007701355,0.0,-17398.483251451213,17398.483251451213,0.0,0.0,0.0,0.0,0.0,0.0,0.0,0.0,0.0,-177662.09266853923,-177662.09266853923,17865.409266853923,17865.409266853923,17765.409266853923,0.0,100.0,0.0,0.0,17865.409266853923,17865.409266853923,1,0.0,100.0
2570,17765.208230646414,0.0,-177652.08230646414,0.0,10.0,0.0,-0.0,0.1,0.304443123,30.4443123,0.0,0.0,100.0,1.0,0.08,-8.0,-233.362492620584,233.362492620584,0.0,-233.362492620584,233.362492620584,0.0,-17398.483245405245,17398.483245405245,0.0,0.0,0.0,0.0,0.0,0.0,0.0,0.0,0.0,-177660.08230646414,-177660.08230646414,17865.208230646414,17865.208230646414,17765.208230646414,0.0,100.0,0.0,0.0,17865.208230646414,17865.208230646414,1,0.0,100.0
2571,18514.2562253045,0.0,-185142.562253045,0.0,10.0,0.0,-0.0,0.1,0.312224865,31.222486500000002,0.0,0.0,100.0,1.0,0.08,-8.0,-238.41131072586805,238.41131072586805,0.0,-238.41131072586805,238.41131072586805,0.0,-18137.433603852765,18137.433603852765,0.0,0.0,0.0,0.0,0.0,0.0,0.0,0.0,0.0,-185150.562253045,-185150.562253045,18614.2562253045,18614.2562253045,18514.2562253045,0.0,100.0,0.0,0.0,18614.2562253045,18614.2562253045,1,0.0,100.0
2572,21497.293833980922,0.0,-214972.93833980922,0.0,10.0,0.0,-0.0,0.1,0.299649797,29.9649797,0.0,0.0,100.0,1.0,0.08,-8.0,-237.59612384992693,237.59612384992693,0.0,-237.59612384992693,237.59612384992693,0.0,-21122.101586281067,21122.101586281067,0.0,0.0,0.0,0.0,0.0,0.0,0.0,0.0,0.0,-214980.93833980922,-214980.93833980922,21597.293833980922,21597.293833980922,21497.293833980922,0.0,100.0,0.0,0.0,21597.293833980922,21597.293833980922,1,0.0,100.0
2573,22879.656385606744,0.0,-228796.56385606743,0.0,10.0,0.0,-0.0,0.1,0.275271266,27.527126600000003,0.0,0.0,100.0,1.0,0.11,-11.0,-327.98014561646977,327.98014561646977,0.0,-327.98014561646977,327.98014561646977,0.0,-22735.03626038943,22735.03626038943,0.0,0.0,411.34016601562496,411.34016601562496,0.0,0.0,0.0,0.0,0.0,-228807.56385606743,-228807.56385606743,23390.996551622367,23390.996551622367,23290.996551622367,0.0,100.0,0.0,0.0,23390.996551622367,22979.656385606744,1,0.0,100.0
2574,25615.8325761778,0.0,-256158.325761778,0.0,10.0,0.0,-0.0,0.1,0.2438748039999999,24.38748039999999,0.0,0.0,100.0,1.0,0.11,-11.0,-557.507501407103,557.507501407103,0.0,-557.507501407103,557.507501407103,0.0,-30229.698828022592,30229.698828022592,0.0,0.0,1869.72802734375,1869.72802734375,0.0,0.0,3759.153227315248,3759.153227315248,0.0,-256169.325761778,-256169.325761778,31344.713830836798,31344.713830836798,31244.713830836798,0.0,100.0,0.0,0.0,31344.713830836798,25715.8325761778,1,0.0,100.0
2575,50947.903417674715,0.0,-509479.03417674714,0.0,10.0,0.0,-0.0,0.1,0.2364230889999999,23.64230889999999,0.0,0.0,100.0,1.0,0.11,-11.0,-766.3649462074249,766.3649462074249,0.0,-766.3649462074249,766.3649462074249,0.0,-63366.28162091732,63366.28162091732,0.0,0.0,4038.6125390625,4038.6125390625,0.0,0.0,9812.49555659495,9812.49555659495,0.0,-509490.03417674714,-509490.03417674714,64899.01151333217,64899.01151333217,64799.01151333217,0.0,100.0,0.0,0.0,64899.01151333217,51047.903417674715,1,0.0,100.0
2576,40786.715223462175,0.0,-407867.15223462175,0.0,10.0,0.0,-0.0,0.1,0.2307320139999999,23.07320139999999,0.0,0.0,100.0,1.0,0.11,-11.0,-777.7280174538525,777.7280174538525,0.0,-777.7280174538525,777.7280174538525,0.0,-61146.07290423319,61146.07290423319,0.0,0.0,6170.102490234375,6170.102490234375,0.0,0.0,15644.711225444344,15644.711225444344,0.0,-407878.15223462175,-407878.15223462175,62701.528939140895,62701.528939140895,62601.528939140895,0.0,100.0,0.0,0.0,62701.528939140895,40886.715223462175,1,0.0,100.0
2577,29647.604950933088,0.0,-296476.0495093309,0.0,10.0,0.0,-0.0,0.1,0.233176617,23.3176617,0.0,0.0,100.0,1.0,0.11,-11.0,-805.5581622943748,805.5581622943748,0.0,-805.5581622943748,805.5581622943748,0.0,-58188.11234585074,58188.11234585074,0.0,0.0,9348.64013671875,9348.64013671875,0.0,0.0,20702.983582787656,20702.983582787656,0.0,-296487.0495093309,-296487.0495093309,59799.228670439494,59799.228670439494,59699.228670439494,0.0,100.0,0.0,0.0,59799.228670439494,29747.604950933088,1,0.0,100.0
2578,24043.491524195655,0.0,-240434.91524195654,0.0,10.0,0.0,-0.0,0.1,0.268703135,26.870313499999998,0.0,0.0,100.0,1.0,0.11,-11.0,-847.4339225553086,847.4339225553086,0.0,-847.4339225553086,847.4339225553086,0.0,-58187.682640649226,58187.682640649226,0.0,0.0,10807.027998046877,10807.027998046877,0.0,0.0,24932.03096351731,24932.03096351731,0.0,-240445.91524195654,-240445.91524195654,59882.55048575984,59882.55048575984,59782.55048575984,0.0,100.0,0.0,0.0,59882.55048575984,24143.491524195655,1,0.0,100.0
2579,18637.738201213742,0.0,-186377.38201213742,0.0,10.0,0.0,-0.0,0.1,0.298394343,29.8394343,0.0,0.0,100.0,1.0,0.11,-11.0,-909.5528643242878,909.5528643242878,0.0,-909.5528643242878,909.5528643242878,0.0,-55174.59592850933,55174.59592850933,0.0,0.0,11554.919208984376,11554.919208984376,0.0,0.0,26701.04424695978,26701.04424695978,0.0,-186388.38201213742,-186388.38201213742,56993.7016571579,56993.7016571579,56893.7016571579,0.0,100.0,0.0,0.0,56993.7016571579,18737.738201213746,1,0.0,100.0
2580,20775.82233381583,0.0,-207758.2233381583,0.0,10.0,0.0,-0.0,0.1,0.307289172,30.7289172,0.0,0.0,100.0,1.0,0.11,-11.0,-918.664166309466,918.664166309466,0.0,-918.664166309466,918.664166309466,0.0,-58187.0974754299,58187.0974754299,0.0,0.0,11480.130087890624,11480.130087890624,0.0,0.0,27668.47338634238,27668.47338634238,0.0,-207769.2233381583,-207769.2233381583,60024.425808048836,60024.425808048836,59924.425808048836,0.0,100.0,0.0,0.0,60024.425808048836,20875.822333815835,1,0.0,100.0
2581,24563.11053559002,0.0,-245631.10535590022,0.0,10.0,0.0,-0.0,0.1,0.289035497,28.9035497,0.0,0.0,100.0,1.0,0.11,-11.0,-986.9273246438216,986.9273246438216,0.0,-986.9273246438216,986.9273246438216,0.0,-58186.06038002461,58186.06038002461,0.0,0.0,10620.0551953125,10620.0551953125,0.0,0.0,24876.749298409733,24876.749298409733,0.0,-245642.10535590022,-245642.10535590022,60159.91502931225,60159.91502931225,60059.91502931225,0.0,100.0,0.0,0.0,60159.91502931225,24663.11053559002,1,0.0,100.0
2582,29965.996263426237,0.0,-299659.9626342624,0.0,10.0,0.0,-0.0,0.1,0.2783813189999999,27.83813189999999,0.0,0.0,100.0,1.0,0.08,-8.0,-1005.3135387530972,1005.3135387530972,0.0,-1005.3135387530972,1005.3135387530972,0.0,-58185.05434881141,58185.05434881141,0.0,0.0,9012.089091796875,9012.089091796875,0.0,0.0,21117.59607109449,21117.59607109449,0.0,-299667.9626342624,-299667.9626342624,60195.681426317606,60195.681426317606,60095.681426317606,0.0,100.0,0.0,0.0,60195.681426317606,30065.99626342624,1,0.0,100.0
2583,39478.9255931104,0.0,-394789.25593110395,0.0,10.0,0.0,-0.0,0.1,0.263091405,26.3091405,0.0,0.0,100.0,1.0,0.08,-8.0,-951.3045883999748,951.3045883999748,0.0,-951.3045883999748,951.3045883999748,0.0,-61141.4150892086,61141.4150892086,0.0,0.0,6880.599140625,6880.599140625,0.0,0.0,16584.499532273156,16584.499532273156,0.0,-394797.25593110395,-394797.25593110395,63044.02426600855,63044.02426600855,62944.02426600855,0.0,100.0,0.0,0.0,63044.02426600855,39578.9255931104,1,0.0,100.0
2584,39556.26448038059,0.0,-395562.64480380586,0.0,10.0,0.0,-0.0,0.1,0.263865654,26.386565400000002,0.0,0.0,100.0,1.0,0.08,-8.0,-720.4021379721198,720.4021379721198,0.0,-720.4021379721198,720.4021379721198,0.0,-54318.47016779471,54318.47016779471,0.0,0.0,4300.374462890625,4300.374462890625,0.0,0.0,11802.635500467728,11802.635500467728,0.0,-395570.64480380586,-395570.64480380586,55759.27444373894,55759.27444373895,55659.27444373894,0.0,100.0,0.0,0.0,55759.27444373895,39656.264480380596,1,0.0,100.0
2585,35436.87637106409,0.0,-354368.76371064095,0.0,10.0,0.0,-0.0,0.1,0.268323197,26.832319700000003,0.0,0.0,100.0,1.0,0.11,-11.0,-688.5137327189373,688.5137327189373,0.0,-688.5137327189373,688.5137327189373,0.0,-42266.6513621331,42266.6513621331,0.0,0.0,1832.333466796875,1832.333466796875,0.0,0.0,6274.468989710011,6274.468989710011,0.0,-354379.76371064095,-354379.76371064095,43643.67882757098,43643.67882757098,43543.67882757098,0.0,100.0,0.0,0.0,43643.67882757098,35536.87637106409,1,0.0,100.0
2586,43202.58792520824,0.0,-432025.8792520824,0.0,10.0,0.0,-0.0,0.1,0.2788126139999999,27.88126139999999,0.0,0.0,100.0,1.0,0.11,-11.0,-670.9393654238288,670.9393654238288,0.0,-670.9393654238288,670.9393654238288,0.0,-42858.21026692584,42858.21026692584,0.0,0.0,261.76192382812496,261.76192382812496,0.0,0.0,635.7391487371376,635.7391487371376,0.0,-432036.8792520824,-432036.8792520824,44200.0889977735,44200.0889977735,44100.0889977735,0.0,100.0,0.0,0.0,44200.0889977735,43302.58792520824,1,0.0,100.0
2587,36108.29209737353,0.0,-361082.9209737353,0.0,10.0,0.0,-0.0,0.1,0.281289784,28.128978399999998,0.0,0.0,100.0,1.0,0.11,-11.0,-676.1159712063372,676.1159712063372,0.0,-676.1159712063372,676.1159712063372,0.0,-34856.060154960855,34856.060154960855,0.0,0.0,0.0,0.0,0.0,0.0,0.0,0.0,0.0,-361093.9209737353,-361093.9209737353,36208.29209737353,36208.29209737353,36108.29209737353,0.0,100.0,0.0,0.0,36208.29209737353,36208.29209737353,1,0.0,100.0
2588,33746.418120411654,0.0,-337464.18120411655,0.0,10.0,0.0,-0.0,0.1,0.281606716,28.160671599999997,0.0,0.0,100.0,1.0,0.11,-11.0,-233.26037813784737,233.26037813784737,0.0,-233.26037813784737,233.26037813784737,0.0,-33379.89736413596,33379.89736413596,0.0,0.0,0.0,0.0,0.0,0.0,0.0,0.0,0.0,-337475.18120411655,-337475.18120411655,33846.418120411654,33846.418120411654,33746.418120411654,0.0,100.0,0.0,0.0,33846.418120411654,33846.418120411654,1,0.0,100.0
2589,21488.746415426758,0.0,-214887.46415426757,0.0,10.0,0.0,-0.0,0.1,0.304217026,30.4217026,0.0,0.0,100.0,1.0,0.11,-11.0,-233.3672182309961,233.3672182309961,0.0,-233.3672182309961,233.3672182309961,0.0,-21122.011978964765,21122.011978964765,0.0,0.0,0.0,0.0,0.0,0.0,0.0,0.0,0.0,-214898.46415426757,-214898.46415426757,21588.746415426758,21588.746415426758,21488.746415426758,0.0,100.0,0.0,0.0,21588.746415426758,21588.746415426758,1,0.0,100.0
2590,18510.18163592842,0.0,-185101.81635928422,0.0,10.0,0.0,-0.0,0.1,0.312462642,31.246264200000002,0.0,0.0,100.0,1.0,0.11,-11.0,-236.37400999185604,236.37400999185604,0.0,-236.37400999185604,236.37400999185604,0.0,-18137.43361594471,18137.43361594471,0.0,0.0,0.0,0.0,0.0,0.0,0.0,0.0,0.0,-185112.81635928422,-185112.81635928422,18610.18163592842,18610.18163592842,18510.18163592842,0.0,100.0,0.0,0.0,18610.18163592842,18610.18163592842,1,0.0,100.0
2591,17765.33774546889,0.0,-177653.3774546889,0.0,10.0,0.0,-0.0,0.1,0.324553264,32.455326400000004,0.0,0.0,100.0,1.0,0.11,-11.0,-233.42725607779016,233.42725607779016,0.0,-233.42725607779016,233.42725607779016,0.0,-17398.48323331331,17398.48323331331,0.0,0.0,0.0,0.0,0.0,0.0,0.0,0.0,0.0,-177664.3774546889,-177664.3774546889,17865.33774546889,17865.33774546889,17765.33774546889,0.0,100.0,0.0,0.0,17865.33774546889,17865.33774546889,1,0.0,100.0
2592,17765.235272531652,0.0,-177652.35272531654,0.0,10.0,0.0,-0.0,0.1,0.328671241,32.8671241,0.0,0.0,100.0,1.0,0.08,-8.0,-233.37609216080872,233.37609216080872,0.0,-233.37609216080872,233.37609216080872,0.0,-17398.483088210036,17398.483088210036,0.0,0.0,0.0,0.0,0.0,0.0,0.0,0.0,0.0,-177660.35272531654,-177660.35272531654,17865.235272531652,17865.235272531652,17765.235272531652,0.0,100.0,0.0,0.0,17865.235272531652,17865.235272531652,1,0.0,100.0
2593,17765.132499605606,0.0,-177651.32499605606,0.0,10.0,0.0,-0.0,0.1,0.318766327,31.876632700000002,0.0,0.0,100.0,1.0,0.08,-8.0,-233.32470267480184,233.32470267480184,0.0,-233.32470267480184,233.32470267480184,0.0,-17398.483094256004,17398.483094256004,0.0,0.0,0.0,0.0,0.0,0.0,0.0,0.0,0.0,-177659.32499605606,-177659.32499605606,17865.132499605606,17865.132499605606,17765.132499605606,0.0,100.0,0.0,0.0,17865.132499605606,17865.132499605606,1,0.0,100.0
2594,17764.969979005164,0.0,-177649.69979005164,0.0,10.0,0.0,-0.0,0.1,0.309158997,30.9158997,0.0,0.0,100.0,1.0,0.08,-8.0,-233.24343330562635,233.24343330562635,0.0,-233.24343330562635,233.24343330562635,0.0,-17398.48311239391,17398.48311239391,0.0,0.0,0.0,0.0,0.0,0.0,0.0,0.0,0.0,-177657.69979005164,-177657.69979005164,17864.969979005164,17864.969979005164,17764.969979005164,0.0,100.0,0.0,0.0,17864.969979005164,17864.969979005164,1,0.0,100.0
2595,18505.866814310106,0.0,-185058.66814310107,0.0,10.0,0.0,-0.0,0.1,0.306672553,30.6672553,0.0,0.0,100.0,1.0,0.08,-8.0,-234.2166687113495,234.2166687113495,0.0,-234.2166687113495,234.2166687113495,0.0,-18137.433476887407,18137.433476887407,0.0,0.0,0.0,0.0,0.0,0.0,0.0,0.0,0.0,-185066.66814310107,-185066.66814310107,18605.866814310106,18605.866814310106,18505.866814310106,0.0,100.0,0.0,0.0,18605.866814310106,18605.866814310106,1,0.0,100.0
2596,21490.364250135797,0.0,-214903.64250135797,0.0,10.0,0.0,-0.0,0.1,0.291783485,29.178348500000002,0.0,0.0,100.0,1.0,0.08,-8.0,-234.1314588927269,234.1314588927269,0.0,-234.1314588927269,234.1314588927269,0.0,-21122.101332350343,21122.101332350343,0.0,0.0,0.0,0.0,0.0,0.0,0.0,0.0,0.0,-214911.64250135797,-214911.64250135797,21590.364250135797,21590.364250135797,21490.364250135797,0.0,100.0,0.0,0.0,21590.364250135797,21590.364250135797,1,0.0,100.0
2597,22584.477132710403,0.0,-225844.771327104,0.0,10.0,0.0,-0.0,0.1,0.2609873119999999,26.098731199999992,0.0,0.0,100.0,1.0,0.11,-11.0,-348.0812651665534,348.0812651665534,0.0,-348.0812651665534,348.0812651665534,0.0,-22885.784055502296,22885.784055502296,0.0,0.0,897.469453125,897.469453125,0.0,0.0,0.0,0.0,0.0,-225855.771327104,-225855.771327104,23581.9465858354,23581.9465858354,23481.9465858354,0.0,100.0,0.0,0.0,23581.9465858354,22684.477132710403,1,0.0,100.0
2598,23404.576060121813,0.0,-234045.76060121815,0.0,10.0,0.0,-0.0,0.1,0.215914641,21.5914641,0.0,0.0,100.0,1.0,0.11,-11.0,-602.9864425343513,602.9864425343513,0.0,-602.9864425343513,602.9864425343513,0.0,-30228.028459617395,30228.028459617395,0.0,0.0,4861.292871093749,4861.292871093749,0.0,0.0,3068.1324134705337,3068.1324134705337,0.0,-234056.76060121815,-234056.76060121815,31434.001344686098,31434.001344686098,31334.001344686098,0.0,100.0,0.0,0.0,31434.001344686098,23504.576060121813,1,0.0,100.0
2599,45051.62112053505,0.0,-450516.21120535047,0.0,10.0,0.0,-0.0,0.1,0.195352859,19.535285899999998,0.0,0.0,100.0,1.0,0.11,-11.0,-835.8981648514686,835.8981648514686,0.0,-835.8981648514686,835.8981648514686,0.0,-63364.4199459402,63364.4199459402,0.0,0.0,10956.606240234374,10956.606240234374,0.0,0.0,8927.988914873715,8927.988914873715,0.0,-450527.21120535047,-450527.21120535047,65036.216275643135,65036.216275643135,64936.216275643135,0.0,100.0,0.0,0.0,65036.216275643135,45151.62112053505,1,0.0,100.0
2600,29414.1592707751,0.0,-294141.592707751,0.0,10.0,0.0,-0.0,0.1,0.176840802,17.6840802,0.0,0.0,100.0,1.0,0.11,-11.0,-877.7518828637295,877.7518828637295,0.0,-877.7518828637295,877.7518828637295,0.0,-61144.591943965446,61144.591943965446,0.0,0.0,18846.858515625,18846.858515625,0.0,0.0,14539.0779232928,14539.0779232928,0.0,-294152.592707751,-294152.592707751,62900.095709692905,62900.095709692905,62800.095709692905,0.0,100.0,0.0,0.0,62900.095709692905,29514.159270775104,1,0.0,100.0
2601,14351.866133473999,0.0,-143518.66133474,0.0,10.0,0.0,-0.0,0.1,0.178467257,17.8467257,0.0,0.0,100.0,1.0,0.11,-11.0,-903.5403284370068,903.5403284370068,0.0,-903.5403284370068,903.5403284370068,0.0,-58187.54260994598,58187.54260994598,0.0,0.0,24231.675234375,24231.675234375,0.0,0.0,21311.081898971,21311.081898971,0.0,-143529.66133474,-143529.66133474,59994.623266819995,59994.623266819995,59894.623266819995,0.0,100.0,0.0,0.0,59994.623266819995,14451.866133473995,1,0.0,100.0
2602,4728.864421406739,0.0,-47288.64421406739,0.0,10.0,0.0,-0.0,0.1,0.199678014,19.9678014,0.0,0.0,100.0,1.0,0.11,-11.0,-981.1220072333716,981.1220072333716,0.0,-981.1220072333716,981.1220072333716,0.0,-58187.40304478239,58187.40304478239,0.0,0.0,30775.723330078123,30775.723330078123,0.0,0.0,24545.05930776427,24545.05930776427,0.0,-47299.64421406739,-47299.64421406739,60149.64705924913,60149.64705924913,60049.64705924913,0.0,100.0,0.0,0.0,60149.64705924913,4828.864421406739,1,0.0,100.0
2603,762.2146097006407,0.0,-7622.146097006407,0.0,10.0,0.0,-0.0,0.1,0.210094675,21.0094675,0.0,0.0,100.0,1.0,0.11,-11.0,-1057.330158952887,1057.330158952887,0.0,-1057.330158952887,1057.330158952887,0.0,-55185.43916952815,55185.43916952815,0.0,0.0,29018.178984375,29018.178984375,0.0,0.0,27419.70589335828,27419.70589335828,0.0,-7633.146097006407,-7633.146097006407,57300.09948743392,57300.09948743392,57200.09948743392,0.0,100.0,0.0,0.0,57300.09948743392,862.2146097006407,1,0.0,100.0
2604,221.94383100623963,0.0,-2219.4383100623963,0.0,10.0,0.0,-0.0,0.1,0.224012383,22.4012383,0.0,0.0,100.0,1.0,0.11,-11.0,-1066.3477822180412,1066.3477822180412,0.0,-1066.3477822180412,1066.3477822180412,0.0,-58239.72749620029,58239.72749620029,0.0,0.0,33542.92081054687,33542.92081054687,0.0,0.0,26507.55841908326,26507.55841908326,0.0,-2230.4383100623963,-2230.4383100623963,60372.42306063637,60372.42306063637,60272.42306063637,0.0,100.0,0.0,0.0,60372.42306063637,321.94383100623963,1,0.0,100.0
2605,4396.622689684518,0.0,-43966.22689684518,0.0,10.0,0.0,-0.0,0.1,0.230644392,23.0644392,0.0,0.0,100.0,1.0,0.11,-11.0,-1098.28605157337,1098.28605157337,0.0,-1098.28605157337,1098.28605157337,0.0,-58214.348377734284,58214.348377734284,0.0,0.0,29766.0701953125,29766.0701953125,0.0,0.0,26148.227595884007,26148.227595884007,0.0,-43977.22689684518,-43977.22689684518,60410.920480881025,60410.920480881025,60310.920480881025,0.0,100.0,0.0,0.0,60410.920480881025,4496.622689684518,1,0.0,100.0
2606,17320.327518978218,0.0,-173203.27518978217,0.0,10.0,0.0,-0.0,0.1,0.23487781,23.487781,0.0,0.0,100.0,1.0,0.08,-8.0,-1095.4703283672193,1095.4703283672193,0.0,-1095.4703283672193,1095.4703283672193,0.0,-58185.469531593786,58185.469531593786,0.0,0.0,20567.00830078125,20567.00830078125,0.0,0.0,22389.07436856876,22389.07436856876,0.0,-173211.27518978217,-173211.27518978217,60376.41018832823,60376.41018832823,60276.41018832823,0.0,100.0,0.0,0.0,60376.41018832823,17420.327518978214,1,0.0,100.0
2607,28307.83265125419,0.0,-283078.3265125419,0.0,10.0,0.0,-0.0,0.1,0.2333642719999999,23.33642719999999,0.0,0.0,100.0,1.0,0.08,-8.0,-1026.294809225812,1026.294809225812,0.0,-1026.294809225812,1026.294809225812,0.0,-63555.582744702944,63555.582744702944,0.0,0.0,19482.56604492188,19482.56604492188,0.0,0.0,17717.773666978486,17717.773666978486,0.0,-283086.3265125419,-283086.3265125419,65608.17236315456,65608.17236315456,65508.17236315456,0.0,100.0,0.0,0.0,65608.17236315456,28407.832651254197,1,0.0,100.0
2608,37519.28636431032,0.0,-375192.86364310316,0.0,10.0,0.0,-0.0,0.1,0.239092618,23.9092618,0.0,0.0,100.0,1.0,0.08,-8.0,-770.764173595682,770.764173595682,0.0,-770.764173595682,770.764173595682,0.0,-56329.94384975496,56329.94384975496,0.0,0.0,8338.987001953124,8338.987001953124,0.0,0.0,11913.198830682884,11913.198830682884,0.0,-375200.86364310316,-375200.86364310316,57871.47219694633,57871.47219694633,57771.47219694633,0.0,100.0,0.0,0.0,57871.47219694633,37619.28636431032,1,0.0,100.0
2609,34980.43017758291,0.0,-349804.30177582905,0.0,10.0,0.0,-0.0,0.1,0.27882683,27.882683000000004,0.0,0.0,100.0,1.0,0.11,-11.0,-737.3387495389626,737.3387495389626,0.0,-737.3387495389626,737.3387495389626,0.0,-42265.34016664738,42265.34016664738,0.0,0.0,2468.04099609375,2468.04099609375,0.0,0.0,6191.546492048645,6191.546492048645,0.0,-349815.30177582905,-349815.30177582905,43740.0176657253,43740.0176657253,43640.0176657253,0.0,100.0,0.0,0.0,43740.0176657253,35080.43017758291,1,0.0,100.0
2610,43133.27246917253,0.0,-431332.72469172534,0.0,10.0,0.0,-0.0,0.1,0.270734993,27.073499299999998,0.0,0.0,100.0,1.0,0.11,-11.0,-726.547380497894,726.547380497894,0.0,-726.547380497894,726.547380497894,0.0,-42854.897855483294,42854.897855483294,0.0,0.0,411.34016601562496,411.34016601562496,0.0,0.0,663.3799812909263,663.3799812909263,0.0,-431343.72469172534,-431343.72469172534,44307.99261647908,44307.99261647908,44207.99261647908,0.0,100.0,0.0,0.0,44307.99261647908,43233.27246917253,1,0.0,100.0
2611,36219.68025273534,0.0,-362196.8025273534,0.0,10.0,0.0,-0.0,0.1,0.259664842,25.9664842,0.0,0.0,100.0,1.0,0.11,-11.0,-733.9421419492614,733.9421419492614,0.0,-733.9421419492614,733.9421419492614,0.0,-34851.79596883682,34851.79596883682,0.0,0.0,0.0,0.0,0.0,0.0,0.0,0.0,0.0,-362207.8025273534,-362207.8025273534,36319.68025273534,36319.68025273534,36219.68025273534,0.0,100.0,0.0,0.0,36319.68025273534,36319.68025273534,1,0.0,100.0
2612,33744.4891231514,0.0,-337444.891231514,0.0,10.0,0.0,-0.0,0.1,0.24406509,24.406509,0.0,0.0,100.0,1.0,0.11,-11.0,-234.31123698757443,234.31123698757443,0.0,-234.31123698757443,234.31123698757443,0.0,-33375.86664917625,33375.86664917625,0.0,0.0,0.0,0.0,0.0,0.0,0.0,0.0,0.0,-337455.891231514,-337455.891231514,33844.4891231514,33844.4891231514,33744.4891231514,0.0,100.0,0.0,0.0,33844.4891231514,33844.4891231514,1,0.0,100.0
2613,21489.16746164943,0.0,-214891.6746164943,0.0,10.0,0.0,-0.0,0.1,0.238992476,23.899247600000002,0.0,0.0,100.0,1.0,0.11,-11.0,-233.577822962924,233.577822962924,0.0,-233.577822962924,233.577822962924,0.0,-21122.011815723585,21122.011815723585,0.0,0.0,0.0,0.0,0.0,0.0,0.0,0.0,0.0,-214902.6746164943,-214902.6746164943,21589.16746164943,21589.16746164943,21489.16746164943,0.0,100.0,0.0,0.0,21589.16746164943,21589.16746164943,1,0.0,100.0
2614,18510.529206754352,0.0,-185105.29206754352,0.0,10.0,0.0,-0.0,0.1,0.260915562,26.0915562,0.0,0.0,100.0,1.0,0.11,-11.0,-236.547874002428,236.547874002428,0.0,-236.547874002428,236.547874002428,0.0,-18137.433458749496,18137.433458749496,0.0,0.0,0.0,0.0,0.0,0.0,0.0,0.0,0.0,-185116.29206754352,-185116.29206754352,18610.529206754352,18610.529206754352,18510.529206754352,0.0,100.0,0.0,0.0,18610.529206754352,18610.529206754352,1,0.0,100.0
2615,17765.598579020665,0.0,-177655.98579020664,0.0,10.0,0.0,-0.0,0.1,0.255438925,25.5438925,0.0,0.0,100.0,1.0,0.11,-11.0,-233.5577423823312,233.5577423823312,0.0,-233.5577423823312,233.5577423823312,0.0,-17398.483094256004,17398.483094256004,0.0,0.0,0.0,0.0,0.0,0.0,0.0,0.0,0.0,-177666.98579020664,-177666.98579020664,17865.598579020665,17865.598579020665,17765.598579020665,0.0,100.0,0.0,0.0,17865.598579020665,17865.598579020665,1,0.0,100.0
2616,17765.512612643448,0.0,-177655.12612643448,0.0,10.0,0.0,-0.0,0.1,0.232866217,23.286621699999998,0.0,0.0,100.0,1.0,0.08,-8.0,-233.5148226764028,233.5148226764028,0.0,-233.5148226764028,233.5148226764028,0.0,-17398.48296729064,17398.48296729064,0.0,0.0,0.0,0.0,0.0,0.0,0.0,0.0,0.0,-177663.12612643448,-177663.12612643448,17865.512612643448,17865.512612643448,17765.512612643448,0.0,100.0,0.0,0.0,17865.512612643448,17865.512612643448,1,0.0,100.0
2617,17765.472712240222,0.0,-177654.72712240223,0.0,10.0,0.0,-0.0,0.1,0.226326243,22.6326243,0.0,0.0,100.0,1.0,0.08,-8.0,-233.4948724747904,233.4948724747904,0.0,-233.4948724747904,233.4948724747904,0.0,-17398.48296729064,17398.48296729064,0.0,0.0,0.0,0.0,0.0,0.0,0.0,0.0,0.0,-177662.72712240223,-177662.72712240223,17865.472712240222,17865.472712240222,17765.472712240222,0.0,100.0,0.0,0.0,17865.472712240222,17865.472712240222,1,0.0,100.0
2618,17765.436821053907,0.0,-177654.36821053908,0.0,10.0,0.0,-0.0,0.1,0.213060058,21.3060058,0.0,0.0,100.0,1.0,0.08,-8.0,-233.476935950588,233.476935950588,0.0,-233.476935950588,233.476935950588,0.0,-17398.48294915273,17398.48294915273,0.0,0.0,0.0,0.0,0.0,0.0,0.0,0.0,0.0,-177662.36821053908,-177662.36821053908,17865.436821053907,17865.436821053907,17765.436821053907,0.0,100.0,0.0,0.0,17865.436821053907,17865.436821053907,1,0.0,100.0
2619,18506.53930300744,0.0,-185065.39303007443,0.0,10.0,0.0,-0.0,0.1,0.185499485,18.5499485,0.0,0.0,100.0,1.0,0.08,-8.0,-234.55299468060963,234.55299468060963,0.0,-234.55299468060963,234.55299468060963,0.0,-18137.433313646223,18137.433313646223,0.0,0.0,0.0,0.0,0.0,0.0,0.0,0.0,0.0,-185073.39303007443,-185073.39303007443,18606.53930300744,18606.53930300744,18506.53930300744,0.0,100.0,0.0,0.0,18606.53930300744,18606.53930300744,1,0.0,100.0
2620,21491.04689241138,0.0,-214910.4689241138,0.0,10.0,0.0,-0.0,0.1,0.165879773,16.587977300000002,0.0,0.0,100.0,1.0,0.08,-8.0,-234.47288583499,234.47288583499,0.0,-234.47288583499,234.47288583499,0.0,-21122.1011207414,21122.1011207414,0.0,0.0,0.0,0.0,0.0,0.0,0.0,0.0,0.0,-214918.4689241138,-214918.4689241138,21591.04689241138,21591.04689241138,21491.04689241138,0.0,100.0,0.0,0.0,21591.04689241138,21591.04689241138,1,0.0,100.0
2621,22906.790427743905,0.0,-229067.90427743905,0.0,10.0,0.0,-0.0,0.1,0.177515525,17.751552500000003,0.0,0.0,100.0,1.0,0.11,-11.0,-413.0810258644489,413.0810258644489,0.0,-413.0810258644489,413.0810258644489,0.0,-22741.54678421813,22741.54678421813,0.0,0.0,560.918408203125,560.918408203125,0.0,0.0,0.0,0.0,0.0,-229078.90427743905,-229078.90427743905,23567.70883594703,23567.70883594703,23467.70883594703,0.0,100.0,0.0,0.0,23567.70883594703,23006.790427743905,1,0.0,100.0
2622,25383.098155952408,0.0,-253830.98155952408,0.0,10.0,0.0,-0.0,0.1,0.159325766,15.9325766,0.0,0.0,100.0,1.0,0.11,-11.0,-658.2958027124471,658.2958027124471,0.0,-658.2958027124471,658.2958027124471,0.0,-30222.994724337368,30222.994724337368,0.0,0.0,2131.489951171875,2131.489951171875,0.0,0.0,3924.99822263798,3924.99822263798,0.0,-253841.98155952408,-253841.98155952408,31539.586329762264,31539.586329762264,31439.586329762264,0.0,100.0,0.0,0.0,31539.586329762264,25483.098155952408,1,0.0,100.0
2623,50508.88718682328,0.0,-505088.87186823285,0.0,10.0,0.0,-0.0,0.1,0.151526036,15.1526036,0.0,0.0,100.0,1.0,0.11,-11.0,-945.1816605128488,945.1816605128488,0.0,-945.1816605128488,945.1816605128488,0.0,-63361.43075808155,63361.43075808155,0.0,0.0,4636.9255078125,4636.9255078125,0.0,0.0,10005.98138447147,10005.98138447147,0.0,-505099.87186823285,-505099.87186823285,65251.79407910725,65251.79407910725,65151.79407910725,0.0,100.0,0.0,0.0,65251.79407910725,50608.88718682328,1,0.0,100.0
2624,40392.72210863416,0.0,-403927.2210863416,0.0,10.0,0.0,-0.0,0.1,0.145436404,14.5436404,0.0,0.0,100.0,1.0,0.11,-11.0,-990.374882966645,990.374882966645,0.0,-990.374882966645,990.374882966645,0.0,-61142.953365268695,61142.953365268695,0.0,0.0,7179.755625,7179.755625,0.0,0.0,15451.225397567823,15451.225397567823,0.0,-403938.2210863416,-403938.2210863416,63123.70313120198,63123.70313120198,63023.70313120198,0.0,100.0,0.0,0.0,63123.70313120198,40492.72210863416,1,0.0,100.0
2625,29699.34238379379,0.0,-296993.42383793794,0.0,10.0,0.0,-0.0,0.1,0.145412238,14.5412238,0.0,0.0,100.0,1.0,0.11,-11.0,-1043.5387737574436,1043.5387737574436,0.0,-1043.5387737574436,1043.5387737574436,0.0,-58186.63442065976,58186.63442065976,0.0,0.0,9273.851015625,9273.851015625,0.0,0.0,21200.51856875585,21200.51856875585,0.0,-297004.42383793794,-297004.42383793794,60273.71196817464,60273.71196817464,60173.71196817464,0.0,100.0,0.0,0.0,60273.71196817464,29799.342383793788,1,0.0,100.0
2626,33248.75451842332,0.0,-332487.54518423317,0.0,10.0,0.0,-0.0,0.1,0.166524006,16.6524006,0.0,0.0,100.0,1.0,0.11,-11.0,-1120.9639797853872,1120.9639797853872,0.0,-1120.9639797853872,1120.9639797853872,0.0,-66642.64596454712,66642.64596454712,0.0,0.0,10769.6334375,10769.6334375,0.0,0.0,24766.18596819458,24766.18596819458,0.0,-332498.54518423317,-332498.54518423317,68884.5739241179,68884.5739241179,68784.5739241179,0.0,100.0,0.0,0.0,68884.5739241179,33348.75451842332,1,0.0,100.0
2627,32229.350015066982,0.0,-322293.50015066983,0.0,10.0,0.0,-0.0,0.1,0.158956926,15.8956926,0.0,0.0,100.0,1.0,0.11,-11.0,-1181.877758679258,1181.877758679258,0.0,-1181.877758679258,1181.877758679258,0.0,-68350.00838842848,68350.00838842848,0.0,0.0,11517.5246484375,11517.5246484375,0.0,0.0,26866.889242282512,26866.889242282512,0.0,-322304.50015066983,-322304.50015066983,70713.763905787,70713.763905787,70613.763905787,0.0,100.0,0.0,0.0,70713.763905787,32329.350015066986,1,0.0,100.0
2628,36853.118674903075,0.0,-368531.1867490307,0.0,10.0,0.0,-0.0,0.1,0.162855635,16.2855635,0.0,0.0,100.0,1.0,0.11,-11.0,-1185.2865861602363,1185.2865861602363,0.0,-1185.2865861602363,1185.2865861602363,0.0,-73103.54320464609,73103.54320464609,0.0,0.0,11405.340966796875,11405.340966796875,0.0,0.0,27115.65673526661,27115.65673526661,0.0,-368542.1867490307,-368542.1867490307,75474.11637696656,75474.11637696656,75374.11637696656,0.0,100.0,0.0,0.0,75474.11637696656,36953.118674903075,1,0.0,100.0
2629,36556.064967612285,0.0,-365560.6496761228,0.0,10.0,0.0,-0.0,0.1,0.167353615,16.7353615,0.0,0.0,100.0,1.0,0.11,-11.0,-1226.6792734700607,1226.6792734700607,0.0,-1226.6792734700607,1226.6792734700607,0.0,-70951.4817558825,70951.4817558825,0.0,0.0,10545.266074218747,10545.266074218747,0.0,0.0,26203.509260991585,26203.509260991585,0.0,-365571.6496761228,-365571.6496761228,73404.84030282262,73404.84030282262,73304.84030282262,0.0,100.0,0.0,0.0,73404.84030282262,36656.064967612285,1,0.0,100.0
2630,39879.03321007105,0.0,-398790.3321007105,0.0,10.0,0.0,-0.0,0.1,0.194258066,19.4258066,0.0,0.0,100.0,1.0,0.08,-8.0,-1259.0160790665598,1259.0160790665598,0.0,-1259.0160790665598,1259.0160790665598,0.0,-68722.33999810915,68722.33999810915,0.0,0.0,8899.90541015625,8899.90541015625,0.0,0.0,22361.43353601497,22361.43353601497,0.0,-398798.3321007105,-398798.3321007105,71240.37215624227,71240.37215624227,71140.37215624227,0.0,100.0,0.0,0.0,71240.37215624227,39979.03321007105,0,0.0,100.0
2631,49183.35204163566,0.0,-491833.5204163566,0.0,10.0,0.0,-0.0,0.1,0.191916045,19.1916045,0.0,0.0,100.0,1.0,0.08,-8.0,-1146.6875818999783,1146.6875818999783,0.0,-1146.6875818999783,1146.6875818999783,0.0,-71466.41227580549,71466.41227580549,0.0,0.0,6731.020898437499,6731.020898437499,0.0,0.0,17745.414499532275,17745.414499532275,0.0,-491841.5204163566,-491841.5204163566,73759.78743960544,73759.78743960544,73659.78743960544,0.0,100.0,0.0,0.0,73759.78743960544,49283.35204163566,0,0.0,100.0
2632,48450.35398745189,0.0,-484503.5398745189,0.0,10.0,0.0,-0.0,0.1,0.18273016,18.273016000000002,0.0,0.0,100.0,1.0,0.08,-8.0,-882.8856481049537,882.8856481049537,0.0,-882.8856481049537,882.8856481049537,0.0,-63290.83106348861,63290.83106348861,0.0,0.0,4150.796220703125,4150.796220703125,0.0,0.0,12355.4521515435,12355.4521515435,0.0,-484511.5398745189,-484511.5398745189,65056.60235969852,65056.60235969852,64956.60235969852,0.0,100.0,0.0,0.0,65056.60235969852,48550.35398745189,1,0.0,100.0
2633,42498.30266373628,0.0,-424983.0266373628,0.0,10.0,0.0,-0.0,0.1,0.182061965,18.2061965,0.0,0.0,100.0,1.0,0.11,-11.0,-853.5489988327853,853.5489988327853,0.0,-853.5489988327853,853.5489988327853,0.0,-47209.48638314894,47209.48638314894,0.0,0.0,1757.544345703125,1757.544345703125,0.0,0.0,4560.737371375118,4560.737371375118,0.0,-424994.0266373628,-424994.0266373628,48916.58438081452,48916.584380814515,48816.58438081452,0.0,100.0,0.0,0.0,48916.584380814515,42598.30266373627,1,0.0,100.0
2634,43598.6943849601,0.0,-435986.943849601,0.0,10.0,0.0,-0.0,0.1,0.175824409,17.582440899999998,0.0,0.0,100.0,1.0,0.11,-11.0,-811.4827124539528,811.4827124539528,0.0,-811.4827124539528,811.4827124539528,0.0,-42854.533325834695,42854.533325834695,0.0,0.0,336.551044921875,336.551044921875,0.0,0.0,442.2533208606175,442.2533208606175,0.0,-435997.943849601,-435997.943849601,44477.49875074259,44477.4987507426,44377.49875074259,0.0,100.0,0.0,0.0,44477.4987507426,43698.69438496011,1,0.0,100.0
2635,36320.710017556616,0.0,-363207.10017556616,0.0,10.0,0.0,-0.0,0.1,0.170329311,17.032931100000003,0.0,0.0,100.0,1.0,0.11,-11.0,-785.3635419355078,785.3635419355078,0.0,-785.3635419355078,785.3635419355078,0.0,-34849.9829336856,34849.9829336856,0.0,0.0,0.0,0.0,0.0,0.0,0.0,0.0,0.0,-363218.10017556616,-363218.10017556616,36420.710017556616,36420.710017556616,36320.710017556616,0.0,100.0,0.0,0.0,36420.710017556616,36420.710017556616,1,0.0,100.0
2636,34505.130592643036,0.0,-345051.3059264304,0.0,10.0,0.0,-0.0,0.1,0.170172223,17.0172223,0.0,0.0,100.0,1.0,0.11,-11.0,-234.3844132781992,234.3844132781992,0.0,-234.3844132781992,234.3844132781992,0.0,-34136.36176608664,34136.36176608664,0.0,0.0,0.0,0.0,0.0,0.0,0.0,0.0,0.0,-345062.3059264304,-345062.3059264304,34605.130592643036,34605.130592643036,34505.130592643036,0.0,100.0,0.0,0.0,34605.130592643036,34605.130592643036,1,0.0,100.0
2637,21489.297893354465,0.0,-214892.97893354465,0.0,10.0,0.0,-0.0,0.1,0.1757565489999999,17.57565489999999,0.0,0.0,100.0,1.0,0.11,-11.0,-233.6431113670775,233.6431113670775,0.0,-233.6431113670775,233.6431113670775,0.0,-21122.01167062031,21122.01167062031,0.0,0.0,0.0,0.0,0.0,0.0,0.0,0.0,0.0,-214903.97893354465,-214903.97893354465,21589.297893354465,21589.297893354465,21489.297893354465,0.0,100.0,0.0,0.0,21589.297893354465,21589.297893354465,1,0.0,100.0
2638,18510.56445946057,0.0,-185105.6445946057,0.0,10.0,0.0,-0.0,0.1,0.181575981,18.1575981,0.0,0.0,100.0,1.0,0.11,-11.0,-236.5655729071728,236.5655729071728,0.0,-236.5655729071728,236.5655729071728,0.0,-18137.433313646223,18137.433313646223,0.0,0.0,0.0,0.0,0.0,0.0,0.0,0.0,0.0,-185116.6445946057,-185116.6445946057,18610.56445946057,18610.56445946057,18510.56445946057,0.0,100.0,0.0,0.0,18610.56445946057,18610.56445946057,1,0.0,100.0
2639,17765.642393328577,0.0,-177656.42393328575,0.0,10.0,0.0,-0.0,0.1,0.189678728,18.9678728,0.0,0.0,100.0,1.0,0.11,-11.0,-233.5797190649378,233.5797190649378,0.0,-233.5797190649378,233.5797190649378,0.0,-17398.482955198702,17398.482955198702,0.0,0.0,0.0,0.0,0.0,0.0,0.0,0.0,0.0,-177667.42393328575,-177667.42393328575,17865.642393328577,17865.642393328577,17765.642393328577,0.0,100.0,0.0,0.0,17865.642393328577,17865.642393328577,1,0.0,100.0
2640,17765.576134470994,0.0,-177655.76134470993,0.0,10.0,0.0,-0.0,0.1,0.19713313,19.713313,0.0,0.0,100.0,1.0,0.08,-8.0,-233.5466591647962,233.5466591647962,0.0,-233.5466591647962,233.5466591647962,0.0,-17398.4828161414,17398.4828161414,0.0,0.0,0.0,0.0,0.0,0.0,0.0,0.0,0.0,-177663.76134470993,-177663.76134470993,17865.576134470994,17865.576134470994,17765.576134470994,0.0,100.0,0.0,0.0,17865.576134470994,17865.576134470994,1,0.0,100.0
2641,17765.486797149424,0.0,-177654.86797149424,0.0,10.0,0.0,-0.0,0.1,0.1937440989999999,19.37440989999999,0.0,0.0,100.0,1.0,0.08,-8.0,-233.50199352699545,233.50199352699545,0.0,-233.50199352699545,233.50199352699545,0.0,-17398.482810095433,17398.482810095433,0.0,0.0,0.0,0.0,0.0,0.0,0.0,0.0,0.0,-177662.86797149424,-177662.86797149424,17865.486797149424,17865.486797149424,17765.486797149424,0.0,100.0,0.0,0.0,17865.486797149424,17865.486797149424,1,0.0,100.0
2642,17765.412168468087,0.0,-177654.12168468087,0.0,10.0,0.0,-0.0,0.1,0.200376997,20.0376997,0.0,0.0,100.0,1.0,0.08,-8.0,-233.46468220931223,233.46468220931223,0.0,-233.46468220931223,233.46468220931223,0.0,-17398.48280404946,17398.48280404946,0.0,0.0,0.0,0.0,0.0,0.0,0.0,0.0,0.0,-177662.12168468087,-177662.12168468087,17865.412168468087,17865.412168468087,17765.412168468087,0.0,100.0,0.0,0.0,17865.412168468087,17865.412168468087,1,0.0,100.0
2643,18515.116942678756,0.0,-185151.16942678756,0.0,10.0,0.0,-0.0,0.1,0.2076426039999999,20.76426039999999,0.0,0.0,100.0,1.0,0.08,-8.0,-238.8418840449155,238.8418840449155,0.0,-238.8418840449155,238.8418840449155,0.0,-18137.433174588925,18137.433174588925,0.0,0.0,0.0,0.0,0.0,0.0,0.0,0.0,0.0,-185159.16942678756,-185159.16942678756,18615.116942678756,18615.116942678756,18515.116942678756,0.0,100.0,0.0,0.0,18615.116942678756,18615.116942678756,1,0.0,100.0
2644,20981.34593606227,0.0,-209813.45936062268,0.0,10.0,0.0,-0.0,0.1,0.200587391,20.0587391,0.0,0.0,100.0,1.0,0.08,-8.0,-237.89626467296,237.89626467296,0.0,-237.89626467296,237.89626467296,0.0,-20605.55340671635,20605.55340671635,0.0,0.0,0.0,0.0,0.0,0.0,0.0,0.0,0.0,-209821.45936062268,-209821.45936062268,21081.34593606227,21081.34593606227,20981.34593606227,0.0,100.0,0.0,0.0,21081.34593606227,21081.34593606227,1,0.0,100.0
2645,22811.780989983523,0.0,-228117.80989983524,0.0,10.0,0.0,-0.0,0.1,0.182976287,18.297628699999997,0.0,0.0,100.0,1.0,0.11,-11.0,-370.171090493314,370.171090493314,0.0,-370.171090493314,370.171090493314,0.0,-22759.99804975381,22759.99804975381,0.0,0.0,560.918408203125,560.918408203125,0.0,0.0,27.64083255378859,27.64083255378859,0.0,-228128.80989983524,-228128.80989983524,23500.340230740436,23500.340230740436,23400.340230740436,0.0,100.0,0.0,0.0,23500.340230740436,22911.780989983523,1,0.0,100.0
2646,27610.367667188293,0.0,-276103.6766718829,0.0,10.0,0.0,-0.0,0.1,0.168579862,16.8579862,0.0,0.0,100.0,1.0,0.11,-11.0,-615.8790353745262,615.8790353745262,0.0,-615.8790353745262,615.8790353745262,0.0,-30221.401212298468,30221.401212298468,0.0,0.0,2056.700830078125,2056.700830078125,0.0,0.0,1686.0907857811042,1686.0907857811042,0.0,-276114.6766718829,-276114.6766718829,31453.15928304752,31453.15928304752,31353.15928304752,0.0,100.0,0.0,0.0,31453.15928304752,27710.367667188293,1,0.0,100.0
2647,57850.62132179075,0.0,-578506.2132179075,0.0,10.0,0.0,-0.0,0.1,0.162083453,16.208345299999998,0.0,0.0,100.0,1.0,0.11,-11.0,-905.5009287147968,905.5009287147968,0.0,-905.5009287147968,905.5009287147968,0.0,-63361.820420826014,63361.820420826014,0.0,0.0,3739.4560546875,3739.4560546875,0.0,0.0,3482.7449017773624,3482.7449017773624,0.0,-578517.2132179075,-578517.2132179075,65172.82227825561,65172.82227825561,65072.82227825561,0.0,100.0,0.0,0.0,65172.82227825561,57950.62132179075,1,0.0,100.0
2648,49824.509247944356,0.0,-498245.0924794435,0.0,10.0,0.0,-0.0,0.1,0.162492897,16.2492897,0.0,0.0,100.0,1.0,0.11,-11.0,-992.9196794047172,992.9196794047172,0.0,-992.9196794047172,992.9196794047172,0.0,-61144.19024974136,61144.19024974136,0.0,0.0,5908.34056640625,5908.34056640625,0.0,0.0,7297.179794200189,7297.179794200189,0.0,-498256.0924794435,-498256.0924794435,63130.029608550794,63130.029608550794,63030.029608550794,0.0,100.0,0.0,0.0,63130.029608550794,49924.509247944356,1,0.0,100.0
2649,41604.70670659377,0.0,-416047.06706593774,0.0,10.0,0.0,-0.0,0.1,0.169078641,16.9078641,0.0,0.0,100.0,1.0,0.11,-11.0,-1074.8806153455153,1074.8806153455153,0.0,-1074.8806153455153,1074.8806153455153,0.0,-58187.66464784352,58187.66464784352,0.0,0.0,9124.2727734375,9124.2727734375,0.0,0.0,9508.446398503276,9508.446398503276,0.0,-416058.06706593774,-416058.06706593774,60337.42587853455,60337.42587853455,60237.42587853455,0.0,100.0,0.0,0.0,60337.42587853455,41704.70670659377,1,0.0,100.0
2650,37435.547902239574,0.0,-374355.47902239574,0.0,10.0,0.0,-0.0,0.1,0.1951397369999999,19.51397369999999,0.0,0.0,100.0,1.0,0.11,-11.0,-1150.4400688749708,1150.4400688749708,0.0,-1150.4400688749708,1150.4400688749708,0.0,-58187.49019138904,58187.49019138904,0.0,0.0,9049.48365234375,9049.48365234375,0.0,0.0,13903.33877455566,13903.33877455566,0.0,-374366.47902239574,-374366.47902239574,60488.37032913898,60488.37032913898,60388.37032913898,0.0,100.0,0.0,0.0,60488.37032913898,37535.547902239574,1,0.0,100.0
2651,31097.453528513877,0.0,-310974.53528513876,0.0,10.0,0.0,-0.0,0.1,0.18735796,18.735796,0.0,0.0,100.0,1.0,0.11,-11.0,-1204.742943492637,1204.742943492637,0.0,-1204.742943492637,1204.742943492637,0.0,-55174.63985247889,55174.63985247889,0.0,0.0,11405.340966796875,11405.340966796875,0.0,0.0,14981.331244153416,14981.331244153416,0.0,-310985.53528513876,-310985.53528513876,57584.12573946417,57584.125739464165,57484.12573946417,0.0,100.0,0.0,0.0,57584.125739464165,31197.453528513874,1,0.0,100.0
2652,35807.88182542539,0.0,-358078.81825425394,0.0,10.0,0.0,-0.0,0.1,0.197529523,19.7529523,0.0,0.0,100.0,1.0,0.11,-11.0,-1220.522932412661,1220.522932412661,0.0,-1220.522932412661,1220.522932412661,0.0,-58187.01970007622,58187.01970007622,0.0,0.0,9573.0075,9573.0075,0.0,0.0,15147.176239476148,15147.176239476148,0.0,-358089.81825425394,-358089.81825425394,60628.06556490154,60628.06556490154,60528.06556490154,0.0,100.0,0.0,0.0,60628.06556490154,35907.88182542539,1,0.0,100.0
2653,40441.94083478443,0.0,-404419.40834784426,0.0,10.0,0.0,-0.0,0.1,0.203586425,20.3586425,0.0,0.0,100.0,1.0,0.11,-11.0,-1258.7461121488698,1258.7461121488698,0.0,-1258.7461121488698,1258.7461121488698,0.0,-61185.403266972375,61185.403266972375,0.0,0.0,8787.721728515624,8787.721728515624,0.0,0.0,14373.232927970068,14373.232927970068,0.0,-404430.40834784426,-404430.40834784426,63702.89549127012,63702.895491270116,63602.89549127012,0.0,100.0,0.0,0.0,63702.895491270116,40541.94083478442,1,0.0,100.0
2654,49475.91213443116,0.0,-494759.12134431157,0.0,10.0,0.0,-0.0,0.1,0.198014324,19.8014324,0.0,0.0,100.0,1.0,0.08,-8.0,-1267.1942562623324,1267.1942562623324,0.0,-1267.1942562623324,1267.1942562623324,0.0,-62167.19262068784,62167.19262068784,0.0,0.0,7441.517548828125,7441.517548828125,0.0,0.0,7684.151449953229,7684.151449953229,0.0,-494767.12134431157,-494767.12134431157,64701.58113321251,64701.58113321251,64601.58113321251,0.0,100.0,0.0,0.0,64701.58113321251,49575.91213443116,1,0.0,100.0
2655,53813.80875704835,0.0,-538138.0875704834,0.0,10.0,0.0,-0.0,0.1,0.189072992,18.9072992,0.0,0.0,100.0,1.0,0.08,-8.0,-1182.540699810563,1182.540699810563,0.0,-1182.540699810563,1182.540699810563,0.0,-63126.71091965133,63126.71091965133,0.0,0.0,5497.000400390625,5497.000400390625,0.0,0.0,6080.98316183349,6080.98316183349,0.0,-538146.0875704834,-538146.0875704834,65491.79231927246,65491.792319272456,65391.79231927246,0.0,100.0,0.0,0.0,65491.792319272456,53913.80875704834,1,0.0,100.0
2656,48432.26790296525,0.0,-484322.6790296525,0.0,10.0,0.0,-0.0,0.1,0.190751447,19.0751447,0.0,0.0,100.0,1.0,0.08,-8.0,-903.6333339228216,903.6333339228216,0.0,-903.6333339228216,903.6333339228216,0.0,-54319.55906506802,54319.55906506802,0.0,0.0,3365.5104492187497,3365.5104492187497,0.0,0.0,4229.047380729655,4229.047380729655,0.0,-484330.6790296525,-484330.6790296525,56126.825732913654,56126.82573291366,56026.825732913654,0.0,100.0,0.0,0.0,56126.82573291366,48532.26790296526,1,0.0,100.0
2657,37907.6120030743,0.0,-379076.12003074295,0.0,10.0,0.0,-0.0,0.1,0.184415334,18.441533399999997,0.0,0.0,100.0,1.0,0.11,-11.0,-875.3689948594639,875.3689948594639,0.0,-875.3689948594639,875.3689948594639,0.0,-42267.834250050735,42267.834250050735,0.0,0.0,2168.8845117187498,2168.8845117187498,0.0,0.0,3842.0757249766143,3842.0757249766143,0.0,-379087.12003074295,-379087.12003074295,44018.57223976966,44018.572239769666,43918.57223976966,0.0,100.0,0.0,0.0,44018.572239769666,38007.612003074304,1,0.0,100.0
2658,43710.72607606547,0.0,-437107.2607606547,0.0,10.0,0.0,-0.0,0.1,0.1800883539999999,18.008835399999988,0.0,0.0,100.0,1.0,0.11,-11.0,-843.6104351039914,843.6104351039914,0.0,-843.6104351039914,843.6104351039914,0.0,-42856.78163452548,42856.78163452548,0.0,0.0,373.94560546875,373.94560546875,0.0,0.0,359.3308231992517,359.3308231992517,0.0,-437118.2607606547,-437118.2607606547,44544.00250473347,44544.002504733464,44444.00250473347,0.0,100.0,0.0,0.0,44544.002504733464,43810.72607606546,1,0.0,100.0
2659,36362.8142328172,0.0,-363628.14232817205,0.0,10.0,0.0,-0.0,0.1,0.1668321,16.683210000000003,0.0,0.0,100.0,1.0,0.11,-11.0,-805.2337320262957,805.2337320262957,0.0,-805.2337320262957,805.2337320262957,0.0,-34852.34676876461,34852.34676876461,0.0,0.0,0.0,0.0,0.0,0.0,0.0,0.0,0.0,-363639.14232817205,-363639.14232817205,36462.8142328172,36462.8142328172,36362.8142328172,0.0,100.0,0.0,0.0,36462.8142328172,36462.8142328172,1,0.0,100.0
2660,33742.56712820958,0.0,-337425.6712820958,0.0,10.0,0.0,-0.0,0.1,0.1779555239999999,17.795552399999988,0.0,0.0,100.0,1.0,0.11,-11.0,-233.57593556400008,233.57593556400008,0.0,-233.57593556400008,233.57593556400008,0.0,-33375.41525708158,33375.41525708158,0.0,0.0,0.0,0.0,0.0,0.0,0.0,0.0,0.0,-337436.6712820958,-337436.6712820958,33842.56712820958,33842.56712820958,33742.56712820958,0.0,100.0,0.0,0.0,33842.56712820958,33842.56712820958,1,0.0,100.0
2661,21489.30315243015,0.0,-214893.0315243015,0.0,10.0,0.0,-0.0,0.1,0.157851255,15.7851255,0.0,0.0,100.0,1.0,0.11,-11.0,-233.6458043875959,233.6458043875959,0.0,-233.6458043875959,233.6458043875959,0.0,-21122.01154365496,21122.01154365496,0.0,0.0,0.0,0.0,0.0,0.0,0.0,0.0,0.0,-214904.0315243015,-214904.0315243015,21589.30315243015,21589.30315243015,21489.30315243015,0.0,100.0,0.0,0.0,21589.30315243015,21589.30315243015,1,0.0,100.0
2662,18510.601554732082,0.0,-185106.01554732083,0.0,10.0,0.0,-0.0,0.1,0.151539856,15.1539856,0.0,0.0,100.0,1.0,0.11,-11.0,-236.5841900715785,236.5841900715785,0.0,-236.5841900715785,236.5841900715785,0.0,-18137.433174588925,18137.433174588925,0.0,0.0,0.0,0.0,0.0,0.0,0.0,0.0,0.0,-185117.01554732083,-185117.01554732083,18610.601554732082,18610.601554732082,18510.601554732082,0.0,100.0,0.0,0.0,18610.601554732082,18610.601554732082,1,0.0,100.0
2663,17765.713902082083,0.0,-177657.13902082085,0.0,10.0,0.0,-0.0,0.1,0.186076068,18.607606800000003,0.0,0.0,100.0,1.0,0.11,-11.0,-233.61554901631112,233.61554901631112,0.0,-233.61554901631112,233.61554901631112,0.0,-17398.48280404946,17398.48280404946,0.0,0.0,0.0,0.0,0.0,0.0,0.0,0.0,0.0,-177668.13902082085,-177668.13902082085,17865.713902082083,17865.713902082083,17765.713902082083,0.0,100.0,0.0,0.0,17865.713902082083,17865.713902082083,1,0.0,100.0
2664,14752.321869301168,0.0,-147523.21869301167,0.0,10.0,0.0,-0.0,0.1,0.194468581,19.4468581,0.0,0.0,100.0,1.0,0.08,-8.0,-233.5972180496672,233.5972180496672,0.0,-233.5972180496672,233.5972180496672,0.0,-14385.127433201833,14385.127433201833,0.0,0.0,0.0,0.0,0.0,0.0,0.0,0.0,0.0,-147531.21869301167,-147531.21869301167,14852.321869301168,14852.321869301168,14752.321869301168,0.0,100.0,0.0,0.0,14852.321869301168,14852.321869301168,1,0.0,100.0
2665,14752.266351495795,0.0,-147522.66351495794,0.0,10.0,0.0,-0.0,0.1,0.19992198,19.992198,0.0,0.0,100.0,1.0,0.08,-8.0,-233.5694531010115,233.5694531010115,0.0,-233.5694531010115,233.5694531010115,0.0,-14385.127445293772,14385.127445293772,0.0,0.0,0.0,0.0,0.0,0.0,0.0,0.0,0.0,-147530.66351495794,-147530.66351495794,14852.266351495795,14852.266351495795,14752.266351495795,0.0,100.0,0.0,0.0,14852.266351495795,14852.266351495795,1,0.0,100.0
2666,14752.177649520536,0.0,-147521.77649520535,0.0,10.0,0.0,-0.0,0.1,0.20811113,20.811113,0.0,0.0,100.0,1.0,0.08,-8.0,-233.5251021133816,233.5251021133816,0.0,-233.5251021133816,233.5251021133816,0.0,-14385.127445293772,14385.127445293772,0.0,0.0,0.0,0.0,0.0,0.0,0.0,0.0,0.0,-147529.77649520535,-147529.77649520535,14852.177649520536,14852.177649520536,14752.177649520536,0.0,100.0,0.0,0.0,14852.177649520536,14852.177649520536,1,0.0,100.0
2667,15493.180952108713,0.0,-154931.80952108713,0.0,10.0,0.0,-0.0,0.1,0.208624077,20.8624077,0.0,0.0,100.0,1.0,0.08,-8.0,-234.55157720669487,234.55157720669487,0.0,-234.55157720669487,234.55157720669487,0.0,-15124.077797695323,15124.077797695323,0.0,0.0,0.0,0.0,0.0,0.0,0.0,0.0,0.0,-154939.80952108713,-154939.80952108713,15593.180952108713,15593.180952108713,15493.180952108713,0.0,100.0,0.0,0.0,15593.180952108713,15593.180952108713,1,0.0,100.0
2668,16454.367238519022,0.0,-164543.6723851902,0.0,10.0,0.0,-0.0,0.1,0.180100136,18.0100136,0.0,0.0,100.0,1.0,0.08,-8.0,-234.42345764048704,234.42345764048704,0.0,-234.42345764048704,234.42345764048704,0.0,-16085.520323238048,16085.520323238048,0.0,0.0,0.0,0.0,0.0,0.0,0.0,0.0,0.0,-164551.6723851902,-164551.6723851902,16554.367238519022,16554.367238519022,16454.367238519022,0.0,100.0,0.0,0.0,16554.367238519022,16554.367238519022,1,0.0,100.0
2669,22409.698037289403,0.0,-224096.98037289403,0.0,10.0,0.0,-0.0,0.1,0.174027894,17.4027894,0.0,0.0,100.0,1.0,0.11,-11.0,-228.41748660265537,228.41748660265537,0.0,-228.41748660265537,228.41748660265537,0.0,-22734.09853049546,22734.09853049546,0.0,0.0,598.31296875,598.31296875,0.0,0.0,82.92249766136578,82.92249766136578,0.0,-224107.98037289403,-224107.98037289403,23190.93350370077,23190.93350370077,23090.93350370077,0.0,100.0,0.0,0.0,23190.93350370077,22509.698037289403,1,0.0,100.0
2670,20760.165921549036,0.0,-207601.65921549036,0.0,10.0,0.0,-0.0,0.1,0.171899133,17.1899133,0.0,0.0,100.0,1.0,0.11,-11.0,-198.23450368602167,198.23450368602167,0.0,-198.23450368602167,198.23450368602167,0.0,-24193.46247975193,24193.46247975193,0.0,0.0,2430.6464355468747,2430.6464355468747,0.0,0.0,1299.119130028064,1299.119130028064,0.0,-207612.65921549036,-207612.65921549036,24589.931487123977,24589.931487123973,24489.931487123977,0.0,100.0,0.0,0.0,24589.931487123973,20860.165921549036,1,0.0,100.0
2671,32316.163279947767,0.0,-323161.63279947767,0.0,10.0,0.0,-0.0,0.1,0.174632538,17.4632538,0.0,0.0,100.0,1.0,0.11,-11.0,-198.37745796174207,198.37745796174207,0.0,-198.37745796174207,198.37745796174207,0.0,-39256.22410275864,39256.22410275864,0.0,0.0,4113.40166015625,4113.40166015625,0.0,0.0,3123.414078578111,3123.414078578111,0.0,-323172.63279947767,-323172.63279947767,39652.97901868213,39652.97901868213,39552.97901868213,0.0,100.0,0.0,0.0,39652.97901868213,32416.163279947767,1,0.0,100.0
2672,26047.6596251867,0.0,-260476.596251867,0.0,10.0,0.0,-0.0,0.1,0.181600502,18.1600502,0.0,0.0,100.0,1.0,0.11,-11.0,-198.5162573070611,198.5162573070611,0.0,-198.5162573070611,198.5162573070611,0.0,-37037.49270666853,37037.49270666853,0.0,0.0,7030.1773828125,7030.1773828125,0.0,0.0,4256.688213283444,4256.688213283444,0.0,-260487.596251867,-260487.596251867,37434.525221282645,37434.525221282645,37334.525221282645,0.0,100.0,0.0,0.0,37434.525221282645,26147.6596251867,1,0.0,100.0
2673,10768.024173964372,0.0,-107680.24173964371,0.0,10.0,0.0,-0.0,0.1,0.193045267,19.3045267,0.0,0.0,100.0,1.0,0.11,-11.0,-198.63354441350967,198.63354441350967,0.0,-198.63354441350967,198.63354441350967,0.0,-34080.44646818554,34080.44646818554,0.0,0.0,9236.456455078123,9236.456455078123,0.0,0.0,14373.232927970068,14373.232927970068,0.0,-107691.24173964371,-107691.24173964371,34477.71355701257,34477.71355701256,34377.71355701257,0.0,100.0,0.0,0.0,34477.71355701256,10868.024173964368,1,0.0,100.0
2674,1224.7355844230733,0.0,-12247.355844230733,0.0,10.0,0.0,-0.0,0.1,0.2157681219999999,21.57681219999999,0.0,0.0,100.0,1.0,0.11,-11.0,-201.6390450626245,201.6390450626245,0.0,-201.6390450626245,201.6390450626245,0.0,-34080.165300366585,34080.165300366585,0.0,0.0,10769.6334375,10769.6334375,0.0,0.0,22389.07436856876,22389.07436856876,0.0,-12258.355844230733,-12258.355844230733,34483.44339049184,34483.44339049183,34383.44339049184,0.0,100.0,0.0,0.0,34483.44339049183,1324.7355844230697,1,0.0,100.0
2675,0.0,0.0,-0.0,55.55555555555556,10.0,0.0,-0.0,0.1,0.212884797,0.0,0.0,100.0,0.0,1.0,0.11,0.0,-239.69290363378724,239.69290363378724,0.0,-239.69290363378724,239.69290363378724,0.0,-34080.166322135454,34080.166322135454,0.0,0.0,11517.5246484375,11517.5246484375,0.0,2563.6729036098877,25761.255940130966,23197.58303652108,0.0,0.0,0.0,34715.10768495858,34715.10768495858,34715.10768495858,0.0,0.0,155.55555555555475,0.0,34559.552129403026,-2719.228459165439,1,-55.55555555555556,-100.0
2676,0.0,0.0,-0.0,44.44444444444444,60.0,0.0,-0.0,0.6,0.2127513489999999,0.0,0.0,100.0,0.0,1.0,0.11,0.0,-272.86254404768675,272.86254404768675,0.0,-272.86254404768675,272.86254404768675,0.0,-34080.121128512255,34080.121128512255,0.0,0.0,30102.621240234374,30102.621240234374,0.0,22420.34648189512,27088.01590271282,4667.6694208177,0.0,0.0,0.0,34770.29066105207,34770.29066105207,34770.29066105207,0.0,0.0,144.44444444444525,0.0,34625.84621660763,-22564.790926339563,1,-44.44444444444444,-100.0
2677,0.0,0.0,-0.0,0.0,100.0,-0.0,-0.0,1.0,0.2105867169999999,0.0,0.0,100.0,0.0,1.0,0.11,0.0,-282.76270827967573,282.76270827967573,0.0,-282.76270827967573,282.76270827967573,0.0,-19013.902474468778,19013.902474468778,0.0,0.0,18061.572744140623,18061.572744140623,0.0,24751.499109426815,26369.35425631432,1617.8551468875048,0.0,0.0,0.0,19679.42789102813,19679.42789102813,19679.42789102813,0.0,0.0,100.0,0.0,19579.42789102813,-24851.49910942682,1,-0.0,-100.0
2678,0.0,0.0,-0.0,0.0,100.0,-0.0,-0.0,1.0,0.2205836719999999,0.0,0.0,100.0,0.0,1.0,0.08,0.0,-291.0119862046733,291.0119862046733,0.0,-291.0119862046733,291.0119862046733,0.0,-19013.569547103587,19013.569547103587,0.0,0.0,10657.449755859374,10657.449755859374,0.0,13903.747255990967,22941.89101964453,9038.143763653561,0.0,0.0,0.0,19695.593519512935,19695.593519512935,19695.593519512935,0.0,0.0,100.0,0.0,19595.593519512935,-14003.747255990966,1,-0.0,-100.0
2679,0.0,0.0,-0.0,0.0,100.0,-0.0,-0.0,1.0,0.221417441,0.0,0.0,100.0,0.0,1.0,0.08,0.0,-297.6540533166446,297.6540533166446,0.0,-297.6540533166446,297.6540533166446,0.0,-21970.056986840937,21970.056986840937,0.0,0.0,6544.048095703125,6544.048095703125,0.0,2011.0691575142191,18132.38615528532,16121.3169977711,0.0,0.0,0.0,22665.365093474225,22665.365093474225,22665.365093474225,0.0,0.0,100.0,0.0,22565.365093474225,-2111.069157514219,1,-0.0,-100.0
2680,0.0,0.0,-0.0,0.0,100.0,-0.0,-0.0,1.0,0.211512125,0.0,0.0,100.0,0.0,1.0,0.08,0.0,-283.7525401429759,283.7525401429759,0.0,-283.7525401429759,283.7525401429759,0.0,-19668.3189860064,19668.3189860064,0.0,0.0,9460.823818359377,9460.823818359377,0.0,817.0719223195956,11692.072170252572,10875.000247932976,0.0,0.0,0.0,20335.824066292353,20335.824066292353,20335.824066292353,0.0,0.0,100.0,0.0,20235.824066292353,-917.0719223195956,1,-0.0,-100.0
2681,9513.737080564242,0.0,-95137.37080564242,0.0,100.0,45.0,-0.0,1.0,0.2041783969999999,20.41783969999999,0.0,0.0,100.0,1.0,0.11,-11.0,-260.03670348811187,260.03670348811187,0.0,-260.03670348811187,260.03670348811187,0.0,-17936.45532449936,17936.45532449936,0.0,0.0,2468.04099609375,2468.04099609375,0.0,0.0,6329.750654817587,6329.750654817587,0.0,-95148.37080564242,-95148.37080564242,18456.528731475577,18456.52873147558,18311.528731475577,0.0,145.0,0.0,0.0,18456.52873147558,9658.737080564244,1,45.0,100.0
2682,17724.324826180877,0.0,-177243.24826180877,0.0,50.0,36.0,-0.0,0.5,0.197868611,19.7868611,0.0,0.0,100.0,1.0,0.11,-11.0,-241.73461131122983,241.73461131122983,0.0,-241.73461131122983,241.73461131122983,0.0,-18524.74452053325,18524.74452053325,0.0,0.0,373.94560546875,373.94560546875,0.0,0.0,773.9433115060806,773.9433115060806,0.0,-177254.24826180877,-177254.24826180877,19008.213743155706,19008.21374315571,18872.213743155706,0.0,136.0,0.0,0.0,19008.21374315571,17860.32482618088,1,36.0,100.0
2683,19928.70064068041,0.0,-199287.0064068041,0.0,10.0,0.0,-0.0,0.1,0.183981196,18.3981196,0.0,0.0,100.0,1.0,0.11,-11.0,-235.4305425425452,235.4305425425452,0.0,-235.4305425425452,235.4305425425452,0.0,-19557.83955559532,19557.83955559532,0.0,0.0,0.0,0.0,0.0,0.0,0.0,0.0,0.0,-199298.0064068041,-199298.0064068041,20028.70064068041,20028.70064068041,19928.70064068041,0.0,100.0,0.0,0.0,20028.70064068041,20028.70064068041,1,0.0,100.0
2684,18449.120550766376,0.0,-184491.20550766378,0.0,10.0,0.0,-0.0,0.1,0.192463854,19.246385399999998,0.0,0.0,100.0,1.0,0.11,-11.0,-234.56111893128505,234.56111893128505,0.0,-234.56111893128505,234.56111893128505,0.0,-18079.998312903805,18079.998312903805,0.0,0.0,0.0,0.0,0.0,0.0,0.0,0.0,0.0,-184502.20550766378,-184502.20550766378,18549.120550766376,18549.120550766376,18449.120550766376,0.0,100.0,0.0,0.0,18549.120550766376,18549.120550766376,1,0.0,100.0
2685,16969.365187006264,0.0,-169693.65187006263,0.0,10.0,0.0,-0.0,0.1,0.197667451,19.766745099999998,0.0,0.0,100.0,1.0,0.11,-11.0,-233.6933301619765,233.6933301619765,0.0,-233.6933301619765,233.6933301619765,0.0,-16601.978526682313,16601.978526682313,0.0,0.0,0.0,0.0,0.0,0.0,0.0,0.0,0.0,-169704.65187006263,-169704.65187006263,17069.365187006264,17069.365187006264,16969.365187006264,0.0,100.0,0.0,0.0,17069.365187006264,17069.365187006264,1,0.0,100.0
2686,15497.077996694854,0.0,-154970.77996694855,0.0,10.0,0.0,-0.0,0.1,0.1941719689999999,19.41719689999999,0.0,0.0,100.0,1.0,0.11,-11.0,-236.50010554573464,236.50010554573464,0.0,-236.50010554573464,236.50010554573464,0.0,-15124.077785603386,15124.077785603386,0.0,0.0,0.0,0.0,0.0,0.0,0.0,0.0,0.0,-154981.77996694855,-154981.77996694855,15597.077996694854,15597.077996694854,15497.077996694854,0.0,100.0,0.0,0.0,15597.077996694854,15597.077996694854,1,0.0,100.0
2687,14752.304153220539,0.0,-147523.0415322054,0.0,10.0,0.0,-0.0,0.1,0.198425607,19.8425607,0.0,0.0,100.0,1.0,0.11,-11.0,-233.58836303233824,233.58836303233824,0.0,-233.58836303233824,233.58836303233824,0.0,-14385.127427155863,14385.127427155863,0.0,0.0,0.0,0.0,0.0,0.0,0.0,0.0,0.0,-147534.0415322054,-147534.0415322054,14852.304153220539,14852.304153220539,14752.304153220539,0.0,100.0,0.0,0.0,14852.304153220539,14852.304153220539,1,0.0,100.0
2688,14752.202258417696,0.0,-147522.02258417697,0.0,10.0,0.0,-0.0,0.1,0.216138085,21.6138085,0.0,0.0,100.0,1.0,0.08,-8.0,-233.55235219895843,233.55235219895843,0.0,-233.55235219895843,233.55235219895843,0.0,-14385.09755401978,14385.09755401978,0.0,0.0,0.0,0.0,0.0,0.0,0.0,0.0,0.0,-147530.02258417697,-147530.02258417697,14852.202258417696,14852.202258417696,14752.202258417696,0.0,100.0,0.0,0.0,14852.202258417696,14852.202258417696,1,0.0,100.0
2689,14752.08056689908,0.0,-147520.8056689908,0.0,10.0,0.0,-0.0,0.1,0.217446553,21.744655299999998,0.0,0.0,100.0,1.0,0.08,-8.0,-233.49150341666416,233.49150341666416,0.0,-233.49150341666416,233.49150341666416,0.0,-14385.097560065751,14385.097560065751,0.0,0.0,0.0,0.0,0.0,0.0,0.0,0.0,0.0,-147528.8056689908,-147528.8056689908,14852.08056689908,14852.08056689908,14752.08056689908,0.0,100.0,0.0,0.0,14852.08056689908,14852.08056689908,1,0.0,100.0
2690,14752.018904503411,0.0,-147520.18904503412,0.0,10.0,0.0,-0.0,0.1,0.220471995,22.0471995,0.0,0.0,100.0,1.0,0.08,-8.0,-233.46067221883004,233.46067221883004,0.0,-233.46067221883004,233.46067221883004,0.0,-14385.097560065751,14385.097560065751,0.0,0.0,0.0,0.0,0.0,0.0,0.0,0.0,0.0,-147528.18904503412,-147528.18904503412,14852.018904503411,14852.018904503411,14752.018904503411,0.0,100.0,0.0,0.0,14852.018904503411,14852.018904503411,1,0.0,100.0
2691,15493.14682736664,0.0,-154931.4682736664,0.0,10.0,0.0,-0.0,0.1,0.206729467,20.6729467,0.0,0.0,100.0,1.0,0.08,-8.0,-234.54944838071165,234.54944838071165,0.0,-234.54944838071165,234.54944838071165,0.0,-15124.047930605217,15124.047930605217,0.0,0.0,0.0,0.0,0.0,0.0,0.0,0.0,0.0,-154939.4682736664,-154939.4682736664,15593.14682736664,15593.14682736664,15493.14682736664,0.0,100.0,0.0,0.0,15593.14682736664,15593.14682736664,1,0.0,100.0
2692,16454.37946819343,0.0,-164543.7946819343,0.0,10.0,0.0,-0.0,0.1,0.2026813969999999,20.268139699999992,0.0,0.0,100.0,1.0,0.08,-8.0,-234.4445543905014,234.4445543905014,0.0,-234.4445543905014,234.4445543905014,0.0,-16085.490359412426,16085.490359412426,0.0,0.0,0.0,0.0,0.0,0.0,0.0,0.0,0.0,-164551.7946819343,-164551.7946819343,16554.37946819343,16554.37946819343,16454.37946819343,0.0,100.0,0.0,0.0,16554.37946819343,16554.37946819343,1,0.0,100.0
2693,15350.495504930816,0.0,-153504.95504930816,0.0,10.0,0.0,-0.0,0.1,0.1727328219999999,17.27328219999999,0.0,0.0,100.0,1.0,0.11,-11.0,-228.4656018440052,228.4656018440052,0.0,-228.4656018440052,228.4656018440052,0.0,-16458.465187713075,16458.465187713075,0.0,0.0,1271.41505859375,1271.41505859375,0.0,0.0,193.4858278765201,193.4858278765201,0.0,-153515.95504930816,-153515.95504930816,16915.396391401086,16915.396391401086,16815.396391401086,0.0,100.0,0.0,0.0,16915.396391401086,15450.495504930816,1,0.0,100.0
2694,6385.167792520019,0.0,-63851.677925200194,0.0,10.0,0.0,-0.0,0.1,0.160593892,16.0593892,0.0,0.0,100.0,1.0,0.11,-11.0,-198.2929340135452,198.2929340135452,0.0,-198.2929340135452,198.2929340135452,0.0,-17936.365928791998,17936.365928791998,0.0,0.0,7591.095791015625,7591.095791015625,0.0,0.0,4256.688213283444,4256.688213283444,0.0,-63862.677925200194,-63862.677925200194,18332.95179681909,18332.95179681909,18232.95179681909,0.0,100.0,0.0,0.0,18332.95179681909,6485.16779252002,1,0.0,100.0
2695,0.0,0.0,-0.0,55.55555555555556,10.0,0.0,-0.0,0.1,0.160904149,0.0,0.0,100.0,0.0,1.0,0.11,0.0,-198.4099999025133,198.4099999025133,0.0,-198.4099999025133,198.4099999025133,0.0,-18695.494698881448,18695.494698881448,0.0,0.0,15630.92630859375,15630.92630859375,0.0,6084.988280731517,9701.932226379797,3616.9439456482796,0.0,0.0,0.0,19247.87025424203,19247.87025424203,19247.87025424203,0.0,0.0,155.55555555555475,0.0,19092.314698686474,-6240.54383628707,1,-55.55555555555556,-100.0
2696,0.0,0.0,-0.0,44.44444444444444,60.0,0.0,-0.0,0.6,0.156628299,0.0,0.0,100.0,0.0,1.0,0.11,0.0,-198.5169935968293,198.5169935968293,0.0,-198.5169935968293,198.5169935968293,0.0,-18709.65327759212,18709.65327759212,0.0,4457.019677488526,23708.15138671875,19251.131709230223,0.0,15921.119550982228,15921.119550982228,0.0,0.0,0.0,0.0,19251.131709230223,19251.131709230223,19251.131709230223,0.0,0.0,144.44444444444525,0.0,19106.687264785778,-20522.583672915196,1,-44.44444444444444,-100.0
2697,0.0,0.0,-0.0,0.0,100.0,-0.0,-0.0,1.0,0.162144433,0.0,0.0,100.0,0.0,1.0,0.11,0.0,-198.6128335702143,198.6128335702143,0.0,-198.6128335702143,198.6128335702143,0.0,-16985.778325081465,16985.778325081465,0.0,12544.828126918732,30027.832119140625,17483.003992221893,0.0,20288.371094480823,20288.371094480823,0.0,0.0,0.0,0.0,17483.003992221893,17483.003992221893,17483.003992221893,0.0,0.0,100.0,0.0,17383.003992221893,-32933.199221399555,1,-0.0,-100.0
2698,0.0,0.0,-0.0,0.0,100.0,-0.0,-0.0,1.0,0.174148699,0.0,0.0,100.0,0.0,1.0,0.11,0.0,-201.5770665523232,201.5770665523232,0.0,-201.5770665523232,201.5770665523232,0.0,-12763.77276085153,12763.77276085153,0.0,17321.823633387572,30588.75052734375,13266.926893956177,0.0,24130.44681945744,24130.44681945744,0.0,0.0,0.0,0.0,13266.926893956177,13266.926893956177,13266.926893956177,0.0,0.0,100.0,0.0,13166.926893956177,-41552.27045284501,1,-0.0,-100.0
2699,0.0,0.0,-0.0,0.0,100.0,-0.0,-0.0,1.0,0.208460798,0.0,0.0,100.0,0.0,1.0,0.11,0.0,-198.7458551099287,198.7458551099287,0.0,-198.7458551099287,198.7458551099287,0.0,-12763.772791081376,12763.772791081376,0.0,21366.098565105018,34627.36306640625,13261.264501301233,0.0,25180.79845650141,25180.79845650141,0.0,0.0,0.0,0.0,13261.264501301233,13261.264501301233,13261.264501301233,0.0,0.0,100.0,0.0,13161.264501301233,-46646.89702160642,1,-0.0,-100.0
2700,0.0,0.0,-0.0,0.0,100.0,-0.0,-0.0,1.0,0.209131416,0.0,0.0,100.0,0.0,1.0,0.11,0.0,-246.9561225686108,246.9561225686108,0.0,-246.9561225686108,246.9561225686108,0.0,-12763.861975179803,12763.861975179803,0.0,19661.6227425736,33019.39696289063,13357.774220317026,0.0,25457.20678203929,25457.20678203929,0.0,0.0,0.0,0.0,13357.774220317026,13357.774220317026,13357.774220317026,0.0,0.0,100.0,0.0,13257.774220317026,-45218.82952461289,1,-0.0,-100.0
2701,0.0,0.0,-0.0,0.0,100.0,-0.0,-0.0,1.0,0.2017365539999999,0.0,0.0,100.0,0.0,1.0,0.11,0.0,-286.01641820558217,286.01641820558217,0.0,-286.01641820558217,286.01641820558217,0.0,-12763.772785035408,12763.772785035408,0.0,19172.251175428428,32608.056796875,13435.805621446572,0.0,25567.77011225445,25567.77011225445,0.0,0.0,0.0,0.0,13435.805621446572,13435.805621446572,13435.805621446572,0.0,0.0,100.0,0.0,13335.805621446572,-44840.021287682874,1,-0.0,-100.0
2702,0.0,0.0,-0.0,0.0,100.0,-0.0,-0.0,1.0,0.196699819,0.0,0.0,100.0,0.0,1.0,0.08,0.0,-297.97091905151314,297.97091905151314,0.0,-297.97091905151314,297.97091905151314,0.0,-12994.591775934148,12994.591775934148,0.0,13196.15541916595,26886.689033203125,13690.533614037175,0.0,20924.110243217965,20924.110243217965,0.0,0.0,0.0,0.0,13690.533614037175,13690.533614037175,13690.533614037175,0.0,0.0,100.0,0.0,13590.533614037175,-34220.26566238392,1,-0.0,-100.0
2703,0.0,0.0,-0.0,0.0,100.0,-0.0,-0.0,1.0,0.193356565,0.0,0.0,100.0,0.0,1.0,0.08,0.0,-285.8268288414103,285.8268288414103,0.0,-285.8268288414103,285.8268288414103,0.0,-16885.67073143496,16885.67073143496,0.0,3607.9968804134696,21165.32126953125,17557.32438911778,0.0,16943.830355472408,16943.830355472408,0.0,0.0,0.0,0.0,17557.32438911778,17557.32438911778,17557.32438911778,0.0,0.0,100.0,0.0,17457.32438911778,-20651.827235885878,1,-0.0,-100.0
2704,0.0,0.0,-0.0,0.0,100.0,-0.0,-0.0,1.0,0.204608023,0.0,0.0,100.0,0.0,1.0,0.08,0.0,-300.65778309618736,300.65778309618736,0.0,-300.65778309618736,300.65778309618736,0.0,-18604.20782429985,18604.20782429985,0.0,0.0,13835.98740234375,13835.98740234375,0.0,5890.846191458637,11360.382179607112,5469.535988148475,0.0,0.0,0.0,19305.523390492224,19305.523390492224,19305.523390492224,0.0,0.0,100.0,0.0,19205.523390492224,-5990.846191458637,1,-0.0,-100.0
2705,5923.088082564553,0.0,-59230.88082564552,0.0,100.0,45.0,-0.0,1.0,0.199486503,19.9486503,0.0,0.0,100.0,1.0,0.11,-11.0,-265.3932827665713,265.3932827665713,0.0,-265.3932827665713,265.3932827665713,0.0,-18513.561840639923,18513.561840639923,0.0,0.0,5983.1296875,5983.1296875,0.0,0.0,6993.1306361085135,6993.1306361085135,0.0,-59241.88082564552,-59241.88082564552,19044.348406173063,19044.348406173067,18899.348406173063,0.0,145.0,0.0,0.0,19044.348406173067,6068.0880825645545,1,45.0,100.0
2706,17392.07668371412,0.0,-173920.7668371412,0.0,50.0,36.0,-0.0,0.5,0.209810256,20.9810256,0.0,0.0,100.0,1.0,0.11,-11.0,-252.87429453491097,252.87429453491097,0.0,-252.87429453491097,252.87429453491097,0.0,-18524.655161101706,18524.655161101706,0.0,0.0,673.10208984375,673.10208984375,0.0,0.0,829.2249766136578,829.2249766136578,0.0,-173931.7668371412,-173931.7668371412,19030.40375017153,19030.40375017153,18894.40375017153,0.0,136.0,0.0,0.0,19030.40375017153,17528.07668371412,1,36.0,100.0
2707,19928.269257455733,0.0,-199282.69257455732,0.0,10.0,0.0,-0.0,0.1,0.22605406,22.605406,0.0,0.0,100.0,1.0,0.11,-11.0,-235.25955180687149,235.25955180687149,0.0,-235.25955180687149,235.25955180687149,0.0,-19557.75015384199,19557.75015384199,0.0,0.0,0.0,0.0,0.0,0.0,0.0,0.0,0.0,-199293.69257455732,-199293.69257455732,20028.269257455733,20028.269257455733,19928.269257455733,0.0,100.0,0.0,0.0,20028.269257455733,20028.269257455733,1,0.0,100.0
2708,18448.92766171778,0.0,-184489.2766171778,0.0,10.0,0.0,-0.0,0.1,0.230280208,23.0280208,0.0,0.0,100.0,1.0,0.11,-11.0,-234.4945445200834,234.4945445200834,0.0,-234.4945445200834,234.4945445200834,0.0,-18079.938572677613,18079.938572677613,0.0,0.0,0.0,0.0,0.0,0.0,0.0,0.0,0.0,-184500.2766171778,-184500.2766171778,18548.92766171778,18548.92766171778,18448.92766171778,0.0,100.0,0.0,0.0,18548.92766171778,18548.92766171778,1,0.0,100.0
2709,16969.21227860253,0.0,-169692.12278602528,0.0,10.0,0.0,-0.0,0.1,0.235803913,23.5803913,0.0,0.0,100.0,1.0,0.11,-11.0,-233.6318034591944,233.6318034591944,0.0,-233.6318034591944,233.6318034591944,0.0,-16601.94867168414,16601.94867168414,0.0,0.0,0.0,0.0,0.0,0.0,0.0,0.0,0.0,-169703.12278602528,-169703.12278602528,17069.21227860253,17069.21227860253,16969.21227860253,0.0,100.0,0.0,0.0,17069.21227860253,17069.21227860253,1,0.0,100.0
2710,15496.89628516427,0.0,-154968.9628516427,0.0,10.0,0.0,-0.0,0.1,0.232182468,23.2182468,0.0,0.0,100.0,1.0,0.11,-11.0,-236.42417727952628,236.42417727952628,0.0,-236.42417727952628,236.42417727952628,0.0,-15124.047930605217,15124.047930605217,0.0,0.0,0.0,0.0,0.0,0.0,0.0,0.0,0.0,-154979.9628516427,-154979.9628516427,15596.89628516427,15596.89628516427,15496.89628516427,0.0,100.0,0.0,0.0,15596.89628516427,15596.89628516427,1,0.0,100.0
2711,14752.147124448045,0.0,-147521.47124448046,0.0,10.0,0.0,-0.0,0.1,0.241257403,24.1257403,0.0,0.0,100.0,1.0,0.11,-11.0,-233.5247821911467,233.5247821911467,0.0,-233.5247821911467,233.5247821911467,0.0,-14385.097560065751,14385.097560065751,0.0,0.0,0.0,0.0,0.0,0.0,0.0,0.0,0.0,-147532.47124448046,-147532.47124448046,14852.147124448045,14852.147124448045,14752.147124448045,0.0,100.0,0.0,0.0,14852.147124448045,14852.147124448045,1,0.0,100.0
2712,17765.450092361443,0.0,-177654.50092361443,0.0,10.0,0.0,-0.0,0.1,0.246004372,24.6004372,0.0,0.0,100.0,1.0,0.08,-8.0,-233.4838618108985,233.4838618108985,0.0,-233.4838618108985,233.4838618108985,0.0,-17398.482368739646,17398.482368739646,0.0,0.0,0.0,0.0,0.0,0.0,0.0,0.0,0.0,-177662.50092361443,-177662.50092361443,17865.450092361443,17865.450092361443,17765.450092361443,0.0,100.0,0.0,0.0,17865.450092361443,17865.450092361443,1,0.0,100.0
2713,17765.380701496142,0.0,-177653.80701496144,0.0,10.0,0.0,-0.0,0.1,0.255787159,25.5787159,0.0,0.0,100.0,1.0,0.08,-8.0,-233.4491603322789,233.4491603322789,0.0,-233.4491603322789,233.4491603322789,0.0,-17398.482380831585,17398.482380831585,0.0,0.0,0.0,0.0,0.0,0.0,0.0,0.0,0.0,-177661.80701496144,-177661.80701496144,17865.380701496142,17865.380701496142,17765.380701496142,0.0,100.0,0.0,0.0,17865.380701496142,17865.380701496142,1,0.0,100.0
2714,17765.377743533485,0.0,-177653.77743533487,0.0,10.0,0.0,-0.0,0.1,0.256486012,25.648601199999998,0.0,0.0,100.0,1.0,0.08,-8.0,-233.4476813509505,233.4476813509505,0.0,-233.4476813509505,233.4476813509505,0.0,-17398.482380831585,17398.482380831585,0.0,0.0,0.0,0.0,0.0,0.0,0.0,0.0,0.0,-177661.77743533487,-177661.77743533487,17865.377743533485,17865.377743533485,17765.377743533485,0.0,100.0,0.0,0.0,17865.377743533485,17865.377743533485,1,0.0,100.0
2715,18506.554213278177,0.0,-185065.54213278176,0.0,10.0,0.0,-0.0,0.1,0.2571601189999999,25.71601189999999,0.0,0.0,100.0,1.0,0.08,-8.0,-234.56073699953504,234.56073699953504,0.0,-234.56073699953504,234.56073699953504,0.0,-18137.43273927911,18137.43273927911,0.0,0.0,0.0,0.0,0.0,0.0,0.0,0.0,0.0,-185073.54213278176,-185073.54213278176,18606.554213278177,18606.554213278177,18506.554213278177,0.0,100.0,0.0,0.0,18606.554213278177,18606.554213278177,1,0.0,100.0
2716,20974.55815073056,0.0,-209745.58150730561,0.0,10.0,0.0,-0.0,0.1,0.275540641,27.554064099999998,0.0,0.0,100.0,1.0,0.08,-8.0,-234.5027196503609,234.5027196503609,0.0,-234.5027196503609,234.5027196503609,0.0,-20605.55271142984,20605.55271142984,0.0,0.0,0.0,0.0,0.0,0.0,0.0,0.0,0.0,-209753.58150730561,-209753.58150730561,21074.55815073056,21074.55815073056,20974.55815073056,0.0,100.0,0.0,0.0,21074.55815073056,21074.55815073056,1,0.0,100.0
2717,22422.330573266845,0.0,-224223.30573266844,0.0,10.0,0.0,-0.0,0.1,0.2840604419999999,28.40604419999999,0.0,0.0,100.0,1.0,0.11,-11.0,-421.5419365320191,421.5419365320191,0.0,-421.5419365320191,421.5419365320191,0.0,-22723.053692664365,22723.053692664365,0.0,0.0,822.6803320312499,822.6803320312499,0.0,0.0,221.1266604303088,221.1266604303088,0.0,-224234.30573266844,-224234.30573266844,23566.137565728404,23566.137565728404,23466.137565728404,0.0,100.0,0.0,0.0,23566.137565728404,22522.330573266845,1,0.0,100.0
2718,24037.026767146337,0.0,-240370.26767146337,0.0,10.0,0.0,-0.0,0.1,0.262058267,26.205826700000003,0.0,0.0,100.0,1.0,0.11,-11.0,-664.8306608123125,664.8306608123125,0.0,-664.8306608123125,664.8306608123125,0.0,-30221.463497877885,30221.463497877885,0.0,0.0,2991.56484375,2991.56484375,0.0,0.0,4422.533208606174,4422.533208606174,0.0,-240381.26767146337,-240381.26767146337,31551.12481950251,31551.12481950251,31451.12481950251,0.0,100.0,0.0,0.0,31551.12481950251,24137.026767146337,1,0.0,100.0
2719,48415.619547354094,0.0,-484156.1954735409,0.0,10.0,0.0,-0.0,0.1,0.2479258989999999,24.79258989999999,0.0,0.0,100.0,1.0,0.11,-11.0,-954.1533707949568,954.1533707949568,0.0,-954.1533707949568,954.1533707949568,0.0,-63363.85416409959,63363.85416409959,0.0,0.0,6170.102490234375,6170.102490234375,0.0,0.0,10586.438868101031,10586.438868101031,0.0,-484167.1954735409,-484167.1954735409,65272.160905689496,65272.1609056895,65172.160905689496,0.0,100.0,0.0,0.0,65272.1609056895,48515.6195473541,1,0.0,100.0
2720,28405.074491263094,0.0,-284050.74491263094,0.0,10.0,0.0,-0.0,0.1,0.2352569889999999,23.525698899999988,0.0,0.0,100.0,1.0,0.11,-11.0,-1002.670202835646,1002.670202835646,0.0,-1002.670202835646,1002.670202835646,0.0,-61153.9397385732,61153.9397385732,0.0,0.0,17986.783623046875,17986.783623046875,0.0,0.0,16667.42202993452,16667.42202993452,0.0,-284061.74491263094,-284061.74491263094,63159.28014424449,63159.28014424449,63059.28014424449,0.0,100.0,0.0,0.0,63159.28014424449,28505.07449126309,1,0.0,100.0
2721,19307.375106493168,0.0,-193073.75106493168,0.0,10.0,0.0,-0.0,0.1,0.239185546,23.9185546,0.0,0.0,100.0,1.0,0.11,-11.0,-1075.0844295752845,1075.0844295752845,0.0,-1075.0844295752845,1075.0844295752845,0.0,-58187.43800257895,58187.43800257895,0.0,0.0,19370.38236328125,19370.38236328125,0.0,0.0,21559.8493919551,21559.8493919551,0.0,-193084.75106493168,-193084.75106493168,60337.606861729524,60337.60686172952,60237.606861729524,0.0,100.0,0.0,0.0,60337.60686172952,19407.375106493164,1,0.0,100.0
2722,25557.672500690438,0.0,-255576.7250069044,0.0,10.0,0.0,-0.0,0.1,0.246698756,24.669875599999997,0.0,0.0,100.0,1.0,0.11,-11.0,-1136.859217280433,1136.859217280433,0.0,-1136.859217280433,1136.859217280433,0.0,-58186.46542371588,58186.46542371588,0.0,0.0,11031.395361328125,11031.395361328125,0.0,0.0,23771.115996258188,23771.115996258188,0.0,-255587.7250069044,-255587.7250069044,60460.18385827675,60460.18385827675,60360.18385827675,0.0,100.0,0.0,0.0,60460.18385827675,25657.672500690438,1,0.0,100.0
2723,20009.30496075666,0.0,-200093.04960756662,0.0,10.0,0.0,-0.0,0.1,0.292941022,29.2941022,0.0,0.0,100.0,1.0,0.11,-11.0,-1173.1695921834926,1173.1695921834926,0.0,-1173.1695921834926,1173.1695921834926,0.0,-55173.43750258494,55173.43750258494,0.0,0.0,11704.497451171874,11704.497451171874,0.0,0.0,25705.97427502339,25705.97427502339,0.0,-200104.04960756662,-200104.04960756662,57519.776686951926,57519.776686951926,57419.776686951926,0.0,100.0,0.0,0.0,57519.776686951926,20109.304960756665,1,0.0,100.0
2724,23081.648490317064,0.0,-230816.48490317064,0.0,10.0,0.0,-0.0,0.1,0.276166096,27.616609600000004,0.0,0.0,100.0,1.0,0.11,-11.0,-1170.304149647747,1170.304149647747,0.0,-1170.304149647747,1170.304149647747,0.0,-58186.47652411617,58186.47652411617,0.0,0.0,11667.102890625,11667.102890625,0.0,0.0,25678.3334424696,25678.3334424696,0.0,-230827.48490317064,-230827.48490317064,60527.084823411664,60527.084823411664,60427.084823411664,0.0,100.0,0.0,0.0,60527.084823411664,23181.648490317064,1,0.0,100.0
2725,23299.202949513383,0.0,-232992.02949513384,0.0,10.0,0.0,-0.0,0.1,0.280195712,28.019571199999998,0.0,0.0,100.0,1.0,0.11,-11.0,-1169.4105711964403,1169.4105711964403,0.0,-1169.4105711964403,1169.4105711964403,0.0,-58189.61577294173,58189.61577294173,0.0,0.0,10732.238876953124,10732.238876953124,0.0,0.0,26396.995088868105,26396.995088868105,0.0,-233003.02949513384,-233003.02949513384,60528.43691533461,60528.43691533461,60428.43691533461,0.0,100.0,0.0,0.0,60528.43691533461,23399.202949513383,1,0.0,100.0
2726,31168.35309747748,0.0,-311683.5309747748,0.0,10.0,0.0,-0.0,0.1,0.286992099,28.6992099,0.0,0.0,100.0,1.0,0.08,-8.0,-1161.103649360138,1161.103649360138,0.0,-1161.103649360138,1161.103649360138,0.0,-58184.81129478518,58184.81129478518,0.0,0.0,9199.061894531247,9199.061894531247,0.0,0.0,20039.60360149673,20039.60360149673,0.0,-311691.5309747748,-311691.5309747748,60507.01859350546,60507.018593505454,60407.01859350546,0.0,100.0,0.0,0.0,60507.018593505454,31268.353097477477,1,0.0,100.0
2727,41536.224081875975,0.0,-415362.2408187598,0.0,10.0,0.0,-0.0,0.1,0.2734184289999999,27.34184289999999,0.0,0.0,100.0,1.0,0.08,-8.0,-1087.542684675325,1087.542684675325,0.0,-1087.542684675325,1087.542684675325,0.0,-61140.95734884578,61140.95734884578,0.0,0.0,7030.1773828125,7030.1773828125,0.0,0.0,14649.641253507954,14649.641253507954,0.0,-415370.2408187598,-415370.2408187598,63316.04271819643,63316.04271819643,63216.04271819643,0.0,100.0,0.0,0.0,63316.04271819643,41636.224081875975,1,0.0,100.0
2728,40411.774159494635,0.0,-404117.74159494636,0.0,10.0,0.0,-0.0,0.1,0.278857531,27.8857531,0.0,0.0,100.0,1.0,0.08,-8.0,-836.4632020800032,836.4632020800032,0.0,-836.4632020800032,836.4632020800032,0.0,-54317.492649374406,54317.492649374406,0.0,0.0,4449.952705078125,4449.952705078125,0.0,0.0,11028.692188961648,11028.692188961648,0.0,-404125.74159494636,-404125.74159494636,55990.41905353441,55990.41905353441,55890.41905353441,0.0,100.0,0.0,0.0,55990.41905353441,40511.774159494635,1,0.0,100.0
2729,34842.18288215485,0.0,-348421.8288215485,0.0,10.0,0.0,-0.0,0.1,0.293679822,29.367982199999997,0.0,0.0,100.0,1.0,0.11,-11.0,-798.4776777852265,798.4776777852265,0.0,-798.4776777852265,798.4776777852265,0.0,-42264.98820656971,42264.98820656971,0.0,0.0,1981.9117089843749,1981.9117089843749,0.0,0.0,6937.848971000936,6937.848971000936,0.0,-348432.8288215485,-348432.8288215485,43861.94356214016,43861.943562140164,43761.94356214016,0.0,100.0,0.0,0.0,43861.943562140164,34942.182882154855,1,0.0,100.0
2730,43053.30693533963,0.0,-430533.0693533963,0.0,10.0,0.0,-0.0,0.1,0.296959724,29.6959724,0.0,0.0,100.0,1.0,0.11,-11.0,-783.7280095944944,783.7280095944944,0.0,-783.7280095944944,783.7280095944944,0.0,-42854.056891333705,42854.056891333705,0.0,0.0,411.34016601562496,411.34016601562496,0.0,0.0,856.8658091674463,856.8658091674463,0.0,-430544.0693533963,-430544.0693533963,44421.512910522695,44421.512910522695,44321.512910522695,0.0,100.0,0.0,0.0,44421.512910522695,43153.30693533963,1,0.0,100.0
2731,36330.519925113316,0.0,-363305.19925113313,0.0,10.0,0.0,-0.0,0.1,0.29455653,29.455652999999998,0.0,0.0,100.0,1.0,0.11,-11.0,-790.0358588933505,790.0358588933505,0.0,-790.0358588933505,790.0358588933505,0.0,-34850.44820732661,34850.44820732661,0.0,0.0,0.0,0.0,0.0,0.0,0.0,0.0,0.0,-363316.19925113313,-363316.19925113313,36430.519925113316,36430.519925113316,36330.519925113316,0.0,100.0,0.0,0.0,36430.519925113316,36430.519925113316,1,0.0,100.0
2732,33743.02026317799,0.0,-337430.2026317799,0.0,10.0,0.0,-0.0,0.1,0.279440466,27.9440466,0.0,0.0,100.0,1.0,0.11,-11.0,-234.4331248904113,234.4331248904113,0.0,-234.4331248904113,234.4331248904113,0.0,-33374.154013397165,33374.154013397165,0.0,0.0,0.0,0.0,0.0,0.0,0.0,0.0,0.0,-337441.2026317799,-337441.2026317799,33843.02026317799,33843.02026317799,33743.02026317799,0.0,100.0,0.0,0.0,33843.02026317799,33843.02026317799,1,0.0,100.0
2733,21489.417327377938,0.0,-214894.1732737794,0.0,10.0,0.0,-0.0,0.1,0.2893305539999999,28.93305539999999,0.0,0.0,100.0,1.0,0.11,-11.0,-233.70310649341613,233.70310649341613,0.0,-233.70310649341613,233.70310649341613,0.0,-21122.011114391105,21122.011114391105,0.0,0.0,0.0,0.0,0.0,0.0,0.0,0.0,0.0,-214905.1732737794,-214905.1732737794,21589.417327377938,21589.417327377938,21489.417327377938,0.0,100.0,0.0,0.0,21589.417327377938,21589.417327377938,1,0.0,100.0
2734,18510.80119111386,0.0,-185108.0119111386,0.0,10.0,0.0,-0.0,0.1,0.289957442,28.9957442,0.0,0.0,100.0,1.0,0.11,-11.0,-236.68421987140783,236.68421987140783,0.0,-236.68421987140783,236.68421987140783,0.0,-18137.432751371045,18137.432751371045,0.0,0.0,0.0,0.0,0.0,0.0,0.0,0.0,0.0,-185119.0119111386,-185119.0119111386,18610.80119111386,18610.80119111386,18510.80119111386,0.0,100.0,0.0,0.0,18610.80119111386,18610.80119111386,1,0.0,100.0
2735,17765.918470563785,0.0,-177659.18470563786,0.0,10.0,0.0,-0.0,0.1,0.297840871,29.7840871,0.0,0.0,100.0,1.0,0.11,-11.0,-233.7180509120707,233.7180509120707,0.0,-233.7180509120707,233.7180509120707,0.0,-17398.482368739646,17398.482368739646,0.0,0.0,0.0,0.0,0.0,0.0,0.0,0.0,0.0,-177670.18470563786,-177670.18470563786,17865.918470563785,17865.918470563785,17765.918470563785,0.0,100.0,0.0,0.0,17865.918470563785,17865.918470563785,1,0.0,100.0
2736,17765.833255142712,0.0,-177658.33255142713,0.0,10.0,0.0,-0.0,0.1,0.299268076,29.9268076,0.0,0.0,100.0,1.0,0.08,-8.0,-233.67552179914028,233.67552179914028,0.0,-233.67552179914028,233.67552179914028,0.0,-17398.482211544433,17398.482211544433,0.0,0.0,0.0,0.0,0.0,0.0,0.0,0.0,0.0,-177666.33255142713,-177666.33255142713,17865.833255142712,17865.833255142712,17765.833255142712,0.0,100.0,0.0,0.0,17865.833255142712,17865.833255142712,1,0.0,100.0
2737,17765.76888510266,0.0,-177657.6888510266,0.0,10.0,0.0,-0.0,0.1,0.282372155,28.2372155,0.0,0.0,100.0,1.0,0.08,-8.0,-233.6433337561278,233.6433337561278,0.0,-233.6433337561278,233.6433337561278,0.0,-17398.482217590405,17398.482217590405,0.0,0.0,0.0,0.0,0.0,0.0,0.0,0.0,0.0,-177665.6888510266,-177665.6888510266,17865.76888510266,17865.76888510266,17765.76888510266,0.0,100.0,0.0,0.0,17865.76888510266,17865.76888510266,1,0.0,100.0
2738,17765.735979410223,0.0,-177657.35979410223,0.0,10.0,0.0,-0.0,0.1,0.280612533,28.0612533,0.0,0.0,100.0,1.0,0.08,-8.0,-233.62687788692503,233.62687788692503,0.0,-233.62687788692503,233.62687788692503,0.0,-17398.482223636373,17398.482223636373,0.0,0.0,0.0,0.0,0.0,0.0,0.0,0.0,0.0,-177665.35979410223,-177665.35979410223,17865.735979410223,17865.735979410223,17765.735979410223,0.0,100.0,0.0,0.0,17865.735979410223,17865.735979410223,1,0.0,100.0
2739,18516.0046330245,0.0,-185160.04633024498,0.0,10.0,0.0,-0.0,0.1,0.29190873,29.190873,0.0,0.0,100.0,1.0,0.08,-8.0,-239.28601640134653,239.28601640134653,0.0,-239.28601640134653,239.28601640134653,0.0,-18137.432600221804,18137.432600221804,0.0,0.0,0.0,0.0,0.0,0.0,0.0,0.0,0.0,-185168.04633024498,-185168.04633024498,18616.0046330245,18616.0046330245,18516.0046330245,0.0,100.0,0.0,0.0,18616.0046330245,18616.0046330245,1,0.0,100.0
2740,20982.33719168143,0.0,-209823.3719168143,0.0,10.0,0.0,-0.0,0.1,0.292862699,29.2862699,0.0,0.0,100.0,1.0,0.08,-8.0,-238.392373137126,238.392373137126,0.0,-238.392373137126,238.392373137126,0.0,-20605.55244540718,20605.55244540718,0.0,0.0,0.0,0.0,0.0,0.0,0.0,0.0,0.0,-209831.3719168143,-209831.3719168143,21082.33719168143,21082.33719168143,20982.33719168143,0.0,100.0,0.0,0.0,21082.33719168143,21082.33719168143,1,0.0,100.0
2741,22069.062135754513,0.0,-220690.62135754514,0.0,10.0,0.0,-0.0,0.1,0.277408063,27.7408063,0.0,0.0,100.0,1.0,0.11,-11.0,-438.1622539645233,438.1622539645233,0.0,-438.1622539645233,438.1622539645233,0.0,-22747.88478630265,22747.88478630265,0.0,0.0,1234.020498046875,1234.020498046875,0.0,0.0,221.1266604303088,221.1266604303088,0.0,-220701.62135754514,-220701.62135754514,23624.209294231696,23624.209294231696,23524.209294231696,0.0,100.0,0.0,0.0,23624.209294231696,22169.062135754513,1,0.0,100.0
2742,21722.519219868336,0.0,-217225.19219868336,0.0,10.0,0.0,-0.0,0.1,0.2462632289999999,24.626322899999987,0.0,0.0,100.0,1.0,0.11,-11.0,-683.4781048576052,683.4781048576052,0.0,-683.4781048576052,683.4781048576052,0.0,-30223.803167216167,30223.803167216167,0.0,0.0,7142.3610644531245,7142.3610644531245,0.0,0.0,2625.8790926099164,2625.8790926099164,0.0,-217236.19219868336,-217236.19219868336,31590.759376931375,31590.75937693138,31490.759376931375,0.0,100.0,0.0,0.0,31590.75937693138,21822.519219868336,1,0.0,100.0
2743,40684.58662813575,0.0,-406845.86628135754,0.0,10.0,0.0,-0.0,0.1,0.231936161,23.1936161,0.0,0.0,100.0,1.0,0.11,-11.0,-980.7990778298706,980.7990778298706,0.0,-980.7990778298706,980.7990778298706,0.0,-63362.42785939756,63362.42785939756,0.0,0.0,14920.429658203124,14920.429658203124,0.0,0.0,9619.009728718427,9619.009728718427,0.0,-406856.86628135754,-406856.86628135754,65324.0260150573,65324.0260150573,65224.0260150573,0.0,100.0,0.0,0.0,65324.0260150573,40784.58662813575,1,0.0,100.0
2744,34260.57398867867,0.0,-342605.7398867867,0.0,10.0,0.0,-0.0,0.1,0.217470006,21.7470006,0.0,0.0,100.0,1.0,0.11,-11.0,-1045.9144068158148,1045.9144068158148,0.0,-1045.9144068158148,1045.9144068158148,0.0,-61144.23837565984,61144.23837565984,0.0,0.0,21053.137587890626,21053.137587890626,0.0,0.0,7822.355612722172,7822.355612722172,0.0,-342616.7398867867,-342616.7398867867,63236.06718929147,63236.06718929147,63136.06718929147,0.0,100.0,0.0,0.0,63236.06718929147,34360.573988678676,1,0.0,100.0
2745,18120.362096657118,0.0,-181203.62096657118,0.0,10.0,0.0,-0.0,0.1,0.216496845,21.6496845,0.0,0.0,100.0,1.0,0.11,-11.0,-1113.5015643631027,1113.5015643631027,0.0,-1113.5015643631027,1113.5015643631027,0.0,-58188.05008445519,58188.05008445519,0.0,0.0,29728.675634765623,29728.675634765623,0.0,0.0,12466.015481758655,12466.015481758655,0.0,-181214.62096657118,-181214.62096657118,60415.053213181396,60415.053213181396,60315.053213181396,0.0,100.0,0.0,0.0,60415.053213181396,18220.362096657118,1,0.0,100.0
2746,12723.218623191866,0.0,-127232.18623191866,0.0,10.0,0.0,-0.0,0.1,0.22560385,22.560385,0.0,0.0,100.0,1.0,0.11,-11.0,-1145.7224054717572,1145.7224054717572,0.0,-1145.7224054717572,1145.7224054717572,0.0,-58187.78597836263,58187.78597836263,0.0,0.0,33393.342568359374,33393.342568359374,0.0,0.0,14262.669597754912,14262.669597754912,0.0,-127243.18623191866,-127243.18623191866,60479.23078930615,60479.23078930615,60379.23078930615,0.0,100.0,0.0,0.0,60479.23078930615,12823.218623191868,1,0.0,100.0
2747,1110.4169147702232,0.0,-11104.169147702232,0.0,10.0,0.0,-0.0,0.1,0.252121991,25.2121991,0.0,0.0,100.0,1.0,0.11,-11.0,-1178.6044797303368,1178.6044797303368,0.0,-1178.6044797303368,1178.6044797303368,0.0,-55175.320634708376,55175.320634708376,0.0,0.0,35674.41076171875,35674.41076171875,0.0,0.0,20647.70191768008,20647.70191768008,0.0,-11115.169147702232,-11115.169147702232,57532.52959416904,57532.52959416905,57432.52959416904,0.0,100.0,0.0,0.0,57532.52959416905,1210.4169147702269,1,0.0,100.0
2748,10486.42246821495,0.0,-104864.2246821495,0.0,10.0,0.0,-0.0,0.1,0.245292353,24.5292353,0.0,0.0,100.0,1.0,0.11,-11.0,-1170.3558167121091,1170.3558167121091,0.0,-1170.3558167121091,1170.3558167121091,0.0,-58187.68386798107,58187.68386798107,0.0,0.0,35375.254277343745,35375.254277343745,0.0,0.0,14566.718755846588,14566.718755846588,0.0,-104875.2246821495,-104875.2246821495,60528.395501405284,60528.395501405284,60428.395501405284,0.0,100.0,0.0,0.0,60528.395501405284,10586.42246821495,1,0.0,100.0
2749,15241.02360695036,0.0,-152410.23606950362,0.0,10.0,0.0,-0.0,0.1,0.259280365,25.9280365,0.0,0.0,100.0,1.0,0.11,-11.0,-1194.4959912150482,1194.4959912150482,0.0,-1194.4959912150482,1194.4959912150482,0.0,-58187.08784420024,58187.08784420024,0.0,0.0,32271.50575195313,32271.50575195313,0.0,0.0,12963.55046772685,12963.55046772685,0.0,-152421.23606950362,-152421.23606950362,60576.07982663034,60576.07982663034,60476.07982663034,0.0,100.0,0.0,0.0,60576.07982663034,15341.023606950359,1,0.0,100.0
2750,31597.489148557353,0.0,-315974.89148557355,0.0,10.0,0.0,-0.0,0.1,0.2777729989999999,27.777299899999992,0.0,0.0,100.0,1.0,0.08,-8.0,-1206.748390206551,1206.748390206551,0.0,-1206.748390206551,1206.748390206551,0.0,-58187.18964019137,58187.18964019137,0.0,0.0,19781.72252929688,19781.72252929688,0.0,0.0,9121.474742750235,9121.474742750235,0.0,-315982.89148557355,-315982.89148557355,60600.68642060447,60600.68642060447,60500.68642060447,0.0,100.0,0.0,0.0,60600.68642060447,31697.489148557353,1,0.0,100.0
2751,33854.983283594804,0.0,-338549.83283594804,0.0,10.0,0.0,-0.0,0.1,0.281123528,28.1123528,0.0,0.0,100.0,1.0,0.08,-8.0,-1129.0772511782247,1129.0772511782247,0.0,-1129.0772511782247,1129.0772511782247,0.0,-61143.08897636815,61143.08897636815,0.0,0.0,19744.32796875,19744.32796875,0.0,0.0,9701.932226379797,9701.932226379797,0.0,-338557.83283594804,-338557.83283594804,63401.2434787246,63401.243478724595,63301.2434787246,0.0,100.0,0.0,0.0,63401.243478724595,33954.9832835948,1,0.0,100.0
2752,38428.02716185804,0.0,-384280.2716185804,0.0,10.0,0.0,-0.0,0.1,0.290110793,29.0110793,0.0,0.0,100.0,1.0,0.08,-8.0,-881.9234708953821,881.9234708953821,0.0,-881.9234708953821,881.9234708953821,0.0,-54320.36917663446,54320.36917663446,0.0,0.0,12414.9941015625,12414.9941015625,0.0,0.0,5141.194855004678,5141.194855004678,0.0,-384288.2716185804,-384288.2716185804,56084.21611842522,56084.21611842522,55984.21611842522,0.0,100.0,0.0,0.0,56084.21611842522,38528.02716185804,1,0.0,100.0
2753,33670.2411799614,0.0,-336702.41179961397,0.0,10.0,0.0,-0.0,0.1,0.291498924,29.1498924,0.0,0.0,100.0,1.0,0.11,-11.0,-839.7450167516446,839.7450167516446,0.0,-839.7450167516446,839.7450167516446,0.0,-42268.80597643209,42268.80597643209,0.0,0.0,5534.3949609375,5534.3949609375,0.0,0.0,4643.659869036484,4643.659869036484,0.0,-336713.41179961397,-336713.41179961397,43948.29600993538,43948.29600993538,43848.29600993538,0.0,100.0,0.0,0.0,43948.29600993538,33770.24117996139,1,0.0,100.0
2754,42637.197651831804,0.0,-426371.97651831806,0.0,10.0,0.0,-0.0,0.1,0.2830744639999999,28.307446399999993,0.0,0.0,100.0,1.0,0.11,-11.0,-805.6959230012376,805.6959230012376,0.0,-805.6959230012376,805.6959230012376,0.0,-42341.97081875576,42341.97081875576,0.0,0.0,635.707529296875,635.707529296875,0.0,0.0,580.4574836295604,580.4574836295604,0.0,-426382.97651831806,-426382.97651831806,43953.36266475824,43953.362664758235,43853.36266475824,0.0,100.0,0.0,0.0,43953.362664758235,42737.1976518318,1,0.0,100.0
2755,36384.6243752459,0.0,-363846.24375245895,0.0,10.0,0.0,-0.0,0.1,0.27369622,27.369622,0.0,0.0,100.0,1.0,0.11,-11.0,-815.0399573242433,815.0399573242433,0.0,-815.0399573242433,815.0399573242433,0.0,-34854.54446059741,34854.54446059741,0.0,0.0,0.0,0.0,0.0,0.0,0.0,0.0,0.0,-363857.24375245895,-363857.24375245895,36484.6243752459,36484.6243752459,36384.6243752459,0.0,100.0,0.0,0.0,36484.6243752459,36484.6243752459,1,0.0,100.0
2756,33744.85821875121,0.0,-337448.5821875121,0.0,10.0,0.0,-0.0,0.1,0.276037003,27.6037003,0.0,0.0,100.0,1.0,0.11,-11.0,-233.7461631474841,233.7461631474841,0.0,-233.7461631474841,233.7461631474841,0.0,-33377.36589245624,33377.36589245624,0.0,0.0,0.0,0.0,0.0,0.0,0.0,0.0,0.0,-337459.5821875121,-337459.5821875121,33844.85821875121,33844.85821875121,33744.85821875121,0.0,100.0,0.0,0.0,33844.85821875121,33844.85821875121,1,0.0,100.0
2757,21489.54938679174,0.0,-214895.4938679174,0.0,10.0,0.0,-0.0,0.1,0.269515221,26.951522100000002,0.0,0.0,100.0,1.0,0.11,-11.0,-233.7692238668762,233.7692238668762,0.0,-233.7692238668762,233.7692238668762,0.0,-21122.010939057986,21122.010939057986,0.0,0.0,0.0,0.0,0.0,0.0,0.0,0.0,0.0,-214906.4938679174,-214906.4938679174,21589.54938679174,21589.54938679174,21489.54938679174,0.0,100.0,0.0,0.0,21589.54938679174,21589.54938679174,1,0.0,100.0
2758,18510.892849299107,0.0,-185108.92849299108,0.0,10.0,0.0,-0.0,0.1,0.269326891,26.9326891,0.0,0.0,100.0,1.0,0.11,-11.0,-236.73013360760584,236.73013360760584,0.0,-236.73013360760584,236.73013360760584,0.0,-18137.432582083897,18137.432582083897,0.0,0.0,0.0,0.0,0.0,0.0,0.0,0.0,0.0,-185119.92849299108,-185119.92849299108,18610.892849299107,18610.892849299107,18510.892849299107,0.0,100.0,0.0,0.0,18610.892849299107,18610.892849299107,1,0.0,100.0
2759,17766.018763364293,0.0,-177660.18763364293,0.0,10.0,0.0,-0.0,0.1,0.27402158,27.402158,0.0,0.0,100.0,1.0,0.11,-11.0,-233.76827288694489,233.76827288694489,0.0,-233.76827288694489,233.76827288694489,0.0,-17398.482217590405,17398.482217590405,0.0,0.0,0.0,0.0,0.0,0.0,0.0,0.0,0.0,-177671.18763364293,-177671.18763364293,17866.018763364293,17866.018763364293,17766.018763364293,0.0,100.0,0.0,0.0,17866.018763364293,17866.018763364293,1,0.0,100.0
2760,17765.968668048496,0.0,-177659.68668048497,0.0,10.0,0.0,-0.0,0.1,0.273453135,27.345313500000003,0.0,0.0,100.0,1.0,0.08,-8.0,-233.743297780682,233.743297780682,0.0,-233.743297780682,233.743297780682,0.0,-17398.48207248713,17398.48207248713,0.0,0.0,0.0,0.0,0.0,0.0,0.0,0.0,0.0,-177667.68668048497,-177667.68668048497,17865.968668048496,17865.968668048496,17765.968668048496,0.0,100.0,0.0,0.0,17865.968668048496,17865.968668048496,1,0.0,100.0
2761,17765.886748876506,0.0,-177658.86748876507,0.0,10.0,0.0,-0.0,0.1,0.264046977,26.4046977,0.0,0.0,100.0,1.0,0.08,-8.0,-233.70233819468768,233.70233819468768,0.0,-233.70233819468768,233.70233819468768,0.0,-17398.48207248713,17398.48207248713,0.0,0.0,0.0,0.0,0.0,0.0,0.0,0.0,0.0,-177666.86748876507,-177666.86748876507,17865.886748876506,17865.886748876506,17765.886748876506,0.0,100.0,0.0,0.0,17865.886748876506,17865.886748876506,1,0.0,100.0
2762,17765.82090947907,0.0,-177658.20909479068,0.0,10.0,0.0,-0.0,0.1,0.274415388,27.441538799999996,0.0,0.0,100.0,1.0,0.08,-8.0,-233.6694215189524,233.6694215189524,0.0,-233.6694215189524,233.6694215189524,0.0,-17398.482066441164,17398.482066441164,0.0,0.0,0.0,0.0,0.0,0.0,0.0,0.0,0.0,-177666.20909479068,-177666.20909479068,17865.82090947907,17865.82090947907,17765.82090947907,0.0,100.0,0.0,0.0,17865.82090947907,17865.82090947907,1,0.0,100.0
2763,18507.061579846122,0.0,-185070.61579846122,0.0,10.0,0.0,-0.0,0.1,0.293542078,29.354207799999998,0.0,0.0,100.0,1.0,0.08,-8.0,-234.8145744557329,234.8145744557329,0.0,-234.8145744557329,234.8145744557329,0.0,-18137.432430934656,18137.432430934656,0.0,0.0,0.0,0.0,0.0,0.0,0.0,0.0,0.0,-185078.61579846122,-185078.61579846122,18607.061579846122,18607.061579846122,18507.061579846122,0.0,100.0,0.0,0.0,18607.061579846122,18607.061579846122,1,0.0,100.0
2764,20975.00191775906,0.0,-209750.01917759058,0.0,10.0,0.0,-0.0,0.1,0.289561745,28.9561745,0.0,0.0,100.0,1.0,0.08,-8.0,-234.72484802637948,234.72484802637948,0.0,-234.72484802637948,234.72484802637948,0.0,-20605.5522217063,20605.5522217063,0.0,0.0,0.0,0.0,0.0,0.0,0.0,0.0,0.0,-209758.01917759058,-209758.01917759058,21075.00191775906,21075.00191775906,20975.00191775906,0.0,100.0,0.0,0.0,21075.00191775906,21075.00191775906,1,0.0,100.0
2765,21878.289696820433,0.0,-218782.89696820432,0.0,10.0,0.0,-0.0,0.1,0.29500424,29.500424,0.0,0.0,100.0,1.0,0.11,-11.0,-441.6177923512548,441.6177923512548,0.0,-441.6177923512548,441.6177923512548,0.0,-22745.3074498971,22745.3074498971,0.0,0.0,1346.2041796875,1346.2041796875,0.0,0.0,304.0491580916745,304.0491580916745,0.0,-218793.89696820432,-218793.89696820432,23628.543034599606,23628.54303459961,23528.543034599606,0.0,100.0,0.0,0.0,23628.54303459961,21978.289696820437,1,0.0,100.0
2766,20624.706927349518,0.0,-206247.06927349517,0.0,10.0,0.0,-0.0,0.1,0.283020619,28.302061899999998,0.0,0.0,100.0,1.0,0.11,-11.0,-681.7709318610629,681.7709318610629,0.0,-681.7709318610629,681.7709318610629,0.0,-30223.69606286368,30223.69606286368,0.0,0.0,6357.07529296875,6357.07529296875,0.0,0.0,4505.45570626754,4505.45570626754,0.0,-206258.06927349517,-206258.06927349517,31587.237926585807,31587.237926585807,31487.237926585807,0.0,100.0,0.0,0.0,31587.237926585807,20724.706927349518,1,0.0,100.0
2767,42610.90545490582,0.0,-426109.0545490582,0.0,10.0,0.0,-0.0,0.1,0.279131504,27.9131504,0.0,0.0,100.0,1.0,0.11,-11.0,-987.158489588644,987.158489588644,0.0,-987.158489588644,987.158489588644,0.0,-63362.42386905758,63362.42386905758,0.0,0.0,12564.57234375,12564.57234375,0.0,0.0,10061.263049579047,10061.263049579047,0.0,-426120.0545490582,-426120.0545490582,65336.74084823487,65336.74084823487,65236.74084823487,0.0,100.0,0.0,0.0,65336.74084823487,42710.90545490582,1,0.0,100.0
2768,26866.96430221815,0.0,-268669.6430221815,0.0,10.0,0.0,-0.0,0.1,0.27925267,27.925266999999998,0.0,0.0,100.0,1.0,0.11,-11.0,-1049.795955173597,1049.795955173597,0.0,-1049.795955173597,1049.795955173597,0.0,-61144.12731119722,61144.12731119722,0.0,0.0,20604.40286132813,20604.40286132813,0.0,0.0,15672.35205799813,15672.35205799813,0.0,-268680.6430221815,-268680.6430221815,63243.71922154441,63243.719221544416,63143.71922154441,0.0,100.0,0.0,0.0,63243.719221544416,26966.964302218155,1,0.0,100.0
2769,14774.160445831756,0.0,-147741.60445831757,0.0,10.0,0.0,-0.0,0.1,0.285903916,28.590391599999997,0.0,0.0,100.0,1.0,0.11,-11.0,-1116.3802163481755,1116.3802163481755,0.0,-1116.3802163481755,1116.3802163481755,0.0,-58187.33461045183,58187.33461045183,0.0,0.0,25727.45765625,25727.45765625,0.0,0.0,19818.47694106642,19818.47694106642,0.0,-147752.60445831757,-147752.60445831757,60420.095043148176,60420.095043148176,60320.095043148176,0.0,100.0,0.0,0.0,60420.095043148176,14874.16044583176,1,0.0,100.0
2770,4879.678866494491,0.0,-48796.78866494491,0.0,10.0,0.0,-0.0,0.1,0.29173572,29.173571999999997,0.0,0.0,100.0,1.0,0.11,-11.0,-1185.3720580339143,1185.3720580339143,0.0,-1185.3720580339143,1185.3720580339143,0.0,-58186.55501894024,58186.55501894024,0.0,0.0,31972.349267578124,31972.349267578124,0.0,0.0,23605.271000935456,23605.271000935456,0.0,-48807.78866494491,-48807.78866494491,60557.29913500807,60557.29913500807,60457.29913500807,0.0,100.0,0.0,0.0,60557.29913500807,4979.678866494491,1,0.0,100.0
2771,9380.60232824897,0.0,-93806.0232824897,0.0,10.0,0.0,-0.0,0.1,0.321383034,32.1383034,0.0,0.0,100.0,1.0,0.11,-11.0,-1196.4090772249465,1196.4090772249465,0.0,-1196.4090772249465,1196.4090772249465,0.0,-64398.67513607399,64398.67513607399,0.0,0.0,31411.430859375,31411.430859375,0.0,0.0,25899.46010289991,25899.46010289991,0.0,-93817.0232824897,-93817.0232824897,66791.49329052388,66791.49329052388,66691.49329052388,0.0,100.0,0.0,0.0,66791.49329052388,9480.602328248977,1,0.0,100.0
2772,16910.261819753556,0.0,-169102.61819753557,0.0,10.0,0.0,-0.0,0.1,0.307301628,30.7301628,0.0,0.0,100.0,1.0,0.11,-11.0,-1170.4376194802717,1170.4376194802717,0.0,-1170.4376194802717,1170.4376194802717,0.0,-68726.95077548981,68726.95077548981,0.0,0.0,28158.104091796875,28158.104091796875,0.0,0.0,25899.46010289991,25899.46010289991,0.0,-169113.61819753557,-169113.61819753557,71067.82601445034,71067.82601445034,70967.82601445034,0.0,100.0,0.0,0.0,71067.82601445034,17010.261819753563,1,0.0,100.0
2773,15297.473528213442,0.0,-152974.73528213444,0.0,10.0,0.0,-0.0,0.1,0.303177903,30.317790300000002,0.0,0.0,100.0,1.0,0.11,-11.0,-1008.1557498968376,1008.1557498968376,0.0,-1008.1557498968376,1008.1557498968376,0.0,-68165.4896266424,68165.4896266424,0.0,0.0,28719.0225,28719.0225,0.0,0.0,26065.30509822264,26065.30509822264,0.0,-152985.73528213444,-152985.73528213444,70181.80112643608,70181.80112643608,70081.80112643608,0.0,100.0,0.0,0.0,70181.80112643608,15397.473528213442,1,0.0,100.0
2774,17445.100945033828,0.0,-174451.0094503383,0.0,10.0,0.0,-0.0,0.1,0.302487743,30.248774299999997,0.0,0.0,100.0,1.0,0.08,-8.0,-887.9934559623335,887.9934559623335,0.0,-887.9934559623335,887.9934559623335,0.0,-64418.95525301751,64418.95525301751,0.0,0.0,25652.66853515625,25652.66853515625,0.0,0.0,22997.17268475211,22997.17268475211,0.0,-174459.0094503383,-174459.0094503383,66194.94216494219,66194.94216494219,66094.94216494219,0.0,100.0,0.0,0.0,66194.94216494219,17545.10094503383,1,0.0,100.0
2775,25535.054515510205,0.0,-255350.54515510204,0.0,10.0,0.0,-0.0,0.1,0.297262248,29.7262248,0.0,0.0,100.0,1.0,0.08,-8.0,-823.9311380834956,823.9311380834956,0.0,-823.9311380834956,823.9311380834956,0.0,-61161.54308955552,61161.54308955552,0.0,0.0,18959.042197265622,18959.042197265622,0.0,0.0,18215.30865294668,18215.30865294668,0.0,-255358.54515510204,-255358.54515510204,62809.4053657225,62809.40536572251,62709.4053657225,0.0,100.0,0.0,0.0,62809.40536572251,25635.054515510208,1,0.0,100.0
2776,30910.82243929307,0.0,-309108.22439293074,0.0,10.0,0.0,-0.0,0.1,0.296135481,29.6135481,0.0,0.0,100.0,1.0,0.08,-8.0,-600.756255262216,600.756255262216,0.0,-600.756255262216,600.756255262216,0.0,-54379.78894829624,54379.78894829624,0.0,0.0,11966.259375,11966.259375,0.0,0.0,12604.2196445276,12604.2196445276,0.0,-309116.22439293074,-309116.22439293074,55581.30145882067,55581.30145882067,55481.30145882067,0.0,100.0,0.0,0.0,55581.30145882067,31010.82243929307,1,0.0,100.0
2777,39646.36696761762,0.0,-396463.6696761762,0.0,10.0,0.0,-0.0,0.1,0.296972334,29.697233400000002,0.0,0.0,100.0,1.0,0.11,-11.0,-594.7648013548014,594.7648013548014,0.0,-594.7648013548014,594.7648013548014,0.0,-50251.92890192969,50251.92890192969,0.0,0.0,4674.320068359375,4674.320068359375,0.0,0.0,7020.771468662302,7020.771468662302,0.0,-396474.6696761762,-396474.6696761762,51441.4585046393,51441.4585046393,51341.4585046393,0.0,100.0,0.0,0.0,51441.4585046393,39746.36696761762,1,0.0,100.0
2778,47968.342823371735,0.0,-479683.42823371734,0.0,10.0,0.0,-0.0,0.1,0.2950671589999999,29.506715899999993,0.0,0.0,100.0,1.0,0.11,-11.0,-598.6584068393444,598.6584068393444,0.0,-598.6584068393444,598.6584068393444,0.0,-48492.049782933216,48492.049782933216,0.0,0.0,598.31296875,598.31296875,0.0,0.0,1022.710804490178,1022.710804490178,0.0,-479694.42823371734,-479694.42823371734,49689.366596611915,49689.36659661191,49589.366596611915,0.0,100.0,0.0,0.0,49689.36659661191,48068.34282337173,1,0.0,100.0
2779,47816.84309477187,0.0,-478168.43094771873,0.0,10.0,0.0,-0.0,0.1,0.289055955,28.905595499999997,0.0,0.0,100.0,1.0,0.11,-11.0,-621.6995764974995,621.6995764974995,0.0,-621.6995764974995,621.6995764974995,0.0,-46673.44394177687,46673.44394177687,0.0,0.0,0.0,0.0,0.0,0.0,0.0,0.0,0.0,-478179.43094771873,-478179.43094771873,47916.84309477187,47916.84309477187,47816.84309477187,0.0,100.0,0.0,0.0,47916.84309477187,47916.84309477187,1,0.0,100.0
2780,48604.114561351584,0.0,-486041.14561351587,0.0,10.0,0.0,-0.0,0.1,0.295001046,29.5001046,0.0,0.0,100.0,1.0,0.11,-11.0,-233.74310823742744,233.74310823742744,0.0,-233.74310823742744,233.74310823742744,0.0,-48236.62834487673,48236.62834487673,0.0,0.0,0.0,0.0,0.0,0.0,0.0,0.0,0.0,-486052.14561351587,-486052.14561351587,48704.114561351584,48704.114561351584,48604.114561351584,0.0,100.0,0.0,0.0,48704.114561351584,48704.114561351584,1,0.0,100.0
2781,21488.331601972055,0.0,-214883.31601972054,0.0,10.0,0.0,-0.0,0.1,0.305026723,30.5026723,0.0,0.0,100.0,1.0,0.11,-11.0,-233.1604100546407,233.1604100546407,0.0,-233.1604100546407,233.1604100546407,0.0,-21122.010781862773,21122.010781862773,0.0,0.0,0.0,0.0,0.0,0.0,0.0,0.0,0.0,-214894.31601972054,-214894.31601972054,21588.331601972055,21588.331601972055,21488.331601972055,0.0,100.0,0.0,0.0,21588.331601972055,21588.331601972055,1,0.0,100.0
2782,18509.668894427905,0.0,-185096.68894427904,0.0,10.0,0.0,-0.0,0.1,0.299560256,29.956025600000004,0.0,0.0,100.0,1.0,0.11,-11.0,-236.11823174662547,236.11823174662547,0.0,-236.11823174662547,236.11823174662547,0.0,-18137.432430934656,18137.432430934656,0.0,0.0,0.0,0.0,0.0,0.0,0.0,0.0,0.0,-185107.68894427904,-185107.68894427904,18609.668894427905,18609.668894427905,18509.668894427905,0.0,100.0,0.0,0.0,18609.668894427905,18609.668894427905,1,0.0,100.0
2783,17764.78517869156,0.0,-177647.8517869156,0.0,10.0,0.0,-0.0,0.1,0.291197422,29.119742199999997,0.0,0.0,100.0,1.0,0.11,-11.0,-233.15155612519803,233.15155612519803,0.0,-233.15155612519803,233.15155612519803,0.0,-17398.482066441164,17398.482066441164,0.0,0.0,0.0,0.0,0.0,0.0,0.0,0.0,0.0,-177658.8517869156,-177658.8517869156,17864.78517869156,17864.78517869156,17764.78517869156,0.0,100.0,0.0,0.0,17864.78517869156,17864.78517869156,1,0.0,100.0
2784,17764.73503929528,0.0,-177647.3503929528,0.0,10.0,0.0,-0.0,0.1,0.277600829,27.7600829,0.0,0.0,100.0,1.0,0.08,-8.0,-233.12655595571007,233.12655595571007,0.0,-233.12655595571007,233.12655595571007,0.0,-17398.48192738386,17398.48192738386,0.0,0.0,0.0,0.0,0.0,0.0,0.0,0.0,0.0,-177655.3503929528,-177655.3503929528,17864.73503929528,17864.73503929528,17764.73503929528,0.0,100.0,0.0,0.0,17864.73503929528,17864.73503929528,1,0.0,100.0
2785,17764.73390276815,0.0,-177647.33902768148,0.0,10.0,0.0,-0.0,0.1,0.265174329,26.5174329,0.0,0.0,100.0,1.0,0.08,-8.0,-233.1259907151305,233.1259907151305,0.0,-233.1259907151305,233.1259907151305,0.0,-17398.481921337887,17398.481921337887,0.0,0.0,0.0,0.0,0.0,0.0,0.0,0.0,0.0,-177655.33902768148,-177655.33902768148,17864.73390276815,17864.73390276815,17764.73390276815,0.0,100.0,0.0,0.0,17864.73390276815,17864.73390276815,1,0.0,100.0
2786,17764.77023662039,0.0,-177647.70236620388,0.0,10.0,0.0,-0.0,0.1,0.267627753,26.7627753,0.0,0.0,100.0,1.0,0.08,-8.0,-233.14416368722053,233.14416368722053,0.0,-233.14416368722053,233.14416368722053,0.0,-17398.481909245947,17398.481909245947,0.0,0.0,0.0,0.0,0.0,0.0,0.0,0.0,0.0,-177655.70236620388,-177655.70236620388,17864.77023662039,17864.77023662039,17764.77023662039,0.0,100.0,0.0,0.0,17864.77023662039,17864.77023662039,1,0.0,100.0
2787,18505.822650953374,0.0,-185058.22650953374,0.0,10.0,0.0,-0.0,0.1,0.256037503,25.6037503,0.0,0.0,100.0,1.0,0.08,-8.0,-234.1951886069648,234.1951886069648,0.0,-234.1951886069648,234.1951886069648,0.0,-18137.432273739443,18137.432273739443,0.0,0.0,0.0,0.0,0.0,0.0,0.0,0.0,0.0,-185066.22650953374,-185066.22650953374,18605.822650953374,18605.822650953374,18505.822650953374,0.0,100.0,0.0,0.0,18605.822650953374,18605.822650953374,1,0.0,100.0
2788,20973.78159302027,0.0,-209737.81593020272,0.0,10.0,0.0,-0.0,0.1,0.239422692,23.9422692,0.0,0.0,100.0,1.0,0.08,-8.0,-234.11480657637625,234.11480657637625,0.0,-234.11480657637625,234.11480657637625,0.0,-20605.55197986752,20605.55197986752,0.0,0.0,0.0,0.0,0.0,0.0,0.0,0.0,0.0,-209745.81593020272,-209745.81593020272,21073.78159302027,21073.78159302027,20973.78159302027,0.0,100.0,0.0,0.0,21073.78159302027,21073.78159302027,1,0.0,100.0
2789,22142.46773362157,0.0,-221424.67733621568,0.0,10.0,0.0,-0.0,0.1,0.226969587,22.6969587,0.0,0.0,100.0,1.0,0.11,-11.0,-351.0796786553034,351.0796786553034,0.0,-351.0796786553034,351.0796786553034,0.0,-22762.95479493928,22762.95479493928,0.0,0.0,1084.4422558593749,1084.4422558593749,0.0,0.0,138.20416276894295,138.20416276894295,0.0,-221435.67733621568,-221435.67733621568,23465.114152249887,23465.114152249887,23365.114152249887,0.0,100.0,0.0,0.0,23465.114152249887,22242.46773362157,1,0.0,100.0
2790,36493.4746666896,0.0,-364934.74666689604,0.0,10.0,0.0,-0.0,0.1,0.210979695,21.097969499999998,0.0,0.0,100.0,1.0,0.11,-11.0,-607.9949933258588,607.9949933258588,0.0,-607.9949933258588,607.9949933258588,0.0,-41284.36299221998,41284.36299221998,0.0,0.0,2617.61923828125,2617.61923828125,0.0,0.0,3289.2590739008424,3289.2590739008424,0.0,-364945.74666689604,-364945.74666689604,42500.3529788717,42500.3529788717,42400.3529788717,0.0,100.0,0.0,0.0,42500.3529788717,36593.47466668961,1,0.0,100.0
2791,79580.24376010579,0.0,-795802.4376010579,0.0,10.0,0.0,-0.0,0.1,0.1995563119999999,19.955631199999992,0.0,0.0,100.0,1.0,0.11,-11.0,-845.3287744158399,845.3287744158399,0.0,-845.3287744158399,845.3287744158399,0.0,-87683.13210556419,87683.13210556419,0.0,0.0,5160.44935546875,5160.44935546875,0.0,0.0,4533.096538821329,4533.096538821329,0.0,-795813.4376010579,-795813.4376010579,89373.78965439586,89373.78965439586,89273.78965439586,0.0,100.0,0.0,0.0,89373.78965439586,79680.24376010579,1,0.0,100.0
2792,73571.2495944378,0.0,-735712.495944378,0.0,10.0,0.0,-0.0,0.1,0.190319001,19.031900099999998,0.0,0.0,100.0,1.0,0.11,-11.0,-901.5355783886976,901.5355783886976,0.0,-901.5355783886976,901.5355783886976,0.0,-90933.2391052674,90933.2391052674,0.0,0.0,12265.415859375,12265.415859375,0.0,0.0,6799.644808231994,6799.644808231994,0.0,-735723.495944378,-735723.495944378,92736.3102620448,92736.3102620448,92636.3102620448,0.0,100.0,0.0,0.0,92736.3102620448,73671.2495944378,1,0.0,100.0
2793,64345.420586616056,0.0,-643454.2058661606,0.0,10.0,0.0,-0.0,0.1,0.178167595,17.8167595,0.0,0.0,100.0,1.0,0.11,-11.0,-974.2232106033458,974.2232106033458,0.0,-974.2232106033458,974.2232106033458,0.0,-92281.43737632676,92281.43737632676,0.0,0.0,19557.355166015623,19557.355166015623,0.0,0.0,10227.10804490178,10227.10804490178,0.0,-643465.2058661606,-643465.2058661606,94229.88379753346,94229.88379753346,94129.88379753346,0.0,100.0,0.0,0.0,94229.88379753346,64445.420586616056,1,0.0,100.0
2794,62145.05387846979,0.0,-621450.5387846979,0.0,10.0,0.0,-0.0,0.1,0.165227765,16.5227765,0.0,0.0,100.0,1.0,0.11,-11.0,-1062.214956827985,1062.214956827985,0.0,-1062.214956827985,1062.214956827985,0.0,-93389.45242893406,93389.45242893406,0.0,0.0,19669.53884765625,19669.53884765625,0.0,0.0,13599.289616463988,13599.289616463988,0.0,-621461.5387846979,-621461.5387846979,95513.88234259003,95513.88234259003,95413.88234259003,0.0,100.0,0.0,0.0,95513.88234259003,62245.05387846979,1,0.0,100.0
2795,60796.22060487576,0.0,-607962.2060487575,0.0,10.0,0.0,-0.0,0.1,0.184669534,18.4669534,0.0,0.0,100.0,1.0,0.11,-11.0,-1132.0207742375571,1132.0207742375571,0.0,-1132.0207742375571,1132.0207742375571,0.0,-89765.96067209545,89765.96067209545,0.0,0.0,23670.75682617188,23670.75682617188,0.0,0.0,7463.024789522919,7463.024789522919,0.0,-607973.2060487575,-607973.2060487575,92030.00222057056,92030.00222057056,91930.00222057056,0.0,100.0,0.0,0.0,92030.00222057056,60896.220604875765,1,0.0,100.0
2796,60280.455793637804,0.0,-602804.557936378,0.0,10.0,0.0,-0.0,0.1,0.189497173,18.9497173,0.0,0.0,100.0,1.0,0.11,-11.0,-1142.7014918597574,1142.7014918597574,0.0,-1142.7014918597574,1142.7014918597574,0.0,-92646.63879261057,92646.63879261057,0.0,0.0,21726.23967773437,21726.23967773437,0.0,0.0,12825.346304957906,12825.346304957906,0.0,-602815.557936378,-602815.557936378,94932.04177633008,94932.04177633008,94832.04177633008,0.0,100.0,0.0,0.0,94932.04177633008,60380.455793637804,1,0.0,100.0
2797,64738.51756971376,0.0,-647385.1756971376,0.0,10.0,0.0,-0.0,0.1,0.185699279,18.5699279,0.0,0.0,100.0,1.0,0.11,-11.0,-1202.0518276120038,1202.0518276120038,0.0,-1202.0518276120038,1202.0518276120038,0.0,-92739.28674797351,92739.28674797351,0.0,0.0,17313.681533203126,17313.681533203126,0.0,0.0,12991.191300280638,12991.191300280638,0.0,-647396.1756971376,-647396.1756971376,95143.39040319753,95143.39040319753,95043.39040319753,0.0,100.0,0.0,0.0,95143.39040319753,64838.51756971376,1,0.0,100.0
2798,56756.08777265667,0.0,-567560.8777265667,0.0,10.0,0.0,-0.0,0.1,0.184213435,18.421343500000003,0.0,0.0,100.0,1.0,0.08,-8.0,-1226.06233988422,1226.06233988422,0.0,-1226.06233988422,1226.06233988422,0.0,-92477.05593380812,92477.05593380812,0.0,0.0,26961.47815429688,26961.47815429688,0.0,0.0,11111.614686623014,11111.614686623014,0.0,-567568.8777265667,-567568.8777265667,94929.18061357657,94929.18061357657,94829.18061357657,0.0,100.0,0.0,0.0,94929.18061357657,56856.08777265667,1,0.0,100.0
2799,65403.17746035457,0.0,-654031.7746035457,0.0,10.0,0.0,-0.0,0.1,0.159911907,15.991190699999999,0.0,0.0,100.0,1.0,0.08,-8.0,-1159.3302985706084,1159.3302985706084,0.0,-1159.3302985706084,1159.3302985706084,0.0,-95328.14133031534,95328.14133031534,0.0,0.0,20866.16478515625,20866.16478515625,0.0,0.0,11277.459681945746,11277.459681945746,0.0,-654039.7746035457,-654039.7746035457,97646.80192745657,97646.80192745656,97546.80192745657,0.0,100.0,0.0,0.0,97646.80192745656,65503.177460354564,0,0.0,100.0
2800,68588.00865863048,0.0,-685880.0865863048,0.0,10.0,0.0,-0.0,0.1,0.161598146,16.1598146,0.0,0.0,100.0,1.0,0.08,-8.0,-917.4012923251568,917.4012923251568,0.0,-917.4012923251568,917.4012923251568,0.0,-89145.69950579802,89145.69950579802,0.0,0.0,13088.09619140625,13088.09619140625,0.0,0.0,9204.3972404116,9204.3972404116,0.0,-685888.0865863048,-685888.0865863048,90980.50209044834,90980.50209044834,90880.50209044834,0.0,100.0,0.0,0.0,90980.50209044834,68688.00865863048,0,0.0,100.0
2801,66301.05440876732,0.0,-663010.5440876732,0.0,10.0,0.0,-0.0,0.1,0.161310188,16.1310188,0.0,0.0,100.0,1.0,0.11,-11.0,-899.2369785542094,899.2369785542094,0.0,-899.2369785542094,899.2369785542094,0.0,-77790.21370770464,77790.21370770464,0.0,0.0,5945.735126953125,5945.735126953125,0.0,0.0,7241.898129092611,7241.898129092611,0.0,-663021.5440876732,-663021.5440876732,79588.68766481306,79588.68766481306,79488.68766481306,0.0,100.0,0.0,0.0,79588.68766481306,66401.05440876732,1,0.0,100.0
2802,78049.87820992804,0.0,-780498.7820992804,0.0,10.0,0.0,-0.0,0.1,0.164412206,16.4412206,0.0,0.0,100.0,1.0,0.11,-11.0,-860.500160448031,860.500160448031,0.0,-860.500160448031,860.500160448031,0.0,-78284.0227535465,78284.0227535465,0.0,0.0,860.074892578125,860.074892578125,0.0,0.0,995.0699719363892,995.0699719363892,0.0,-780509.7820992804,-780509.7820992804,80005.02307444255,80005.02307444255,79905.02307444255,0.0,100.0,0.0,0.0,80005.02307444255,78149.87820992804,1,0.0,100.0
2803,72180.61992911612,0.0,-721806.1992911611,0.0,10.0,0.0,-0.0,0.1,0.169430163,16.9430163,0.0,0.0,100.0,1.0,0.11,-11.0,-839.2939519239022,839.2939519239022,0.0,-839.2939519239022,839.2939519239022,0.0,-70602.03202526832,70602.03202526832,0.0,0.0,0.0,0.0,0.0,0.0,0.0,0.0,0.0,-721817.1992911611,-721817.1992911611,72280.61992911612,72280.61992911612,72180.61992911612,0.0,100.0,0.0,0.0,72280.61992911612,72280.61992911612,1,0.0,100.0
2804,68771.95263566295,0.0,-687719.5263566296,0.0,10.0,0.0,-0.0,0.1,0.165747143,16.5747143,0.0,0.0,100.0,1.0,0.11,-11.0,-234.33702750640785,234.33702750640785,0.0,-234.33702750640785,234.33702750640785,0.0,-68403.27858065013,68403.27858065013,0.0,0.0,0.0,0.0,0.0,0.0,0.0,0.0,0.0,-687730.5263566296,-687730.5263566296,68871.95263566295,68871.95263566295,68771.95263566295,0.0,100.0,0.0,0.0,68871.95263566295,68871.95263566295,1,0.0,100.0
2805,21488.993815729234,0.0,-214889.93815729234,0.0,10.0,0.0,-0.0,0.1,0.174694464,17.4694464,0.0,0.0,100.0,1.0,0.11,-11.0,-233.49157739292767,233.49157739292767,0.0,-233.49157739292767,233.49157739292767,0.0,-21122.01066094338,21122.01066094338,0.0,0.0,0.0,0.0,0.0,0.0,0.0,0.0,0.0,-214900.93815729234,-214900.93815729234,21588.993815729234,21588.993815729234,21488.993815729234,0.0,100.0,0.0,0.0,21588.993815729234,21588.993815729234,1,0.0,100.0
2806,18510.22481458807,0.0,-185102.2481458807,0.0,10.0,0.0,-0.0,0.1,0.1671580309999999,16.71580309999999,0.0,0.0,100.0,1.0,0.11,-11.0,-236.39626437834343,236.39626437834343,0.0,-236.39626437834343,236.39626437834343,0.0,-18137.432285831383,18137.432285831383,0.0,0.0,0.0,0.0,0.0,0.0,0.0,0.0,0.0,-185113.2481458807,-185113.2481458807,18610.22481458807,18610.22481458807,18510.22481458807,0.0,100.0,0.0,0.0,18610.22481458807,18610.22481458807,1,0.0,100.0
2807,17765.20323366627,0.0,-177652.0323366627,0.0,10.0,0.0,-0.0,0.1,0.163323081,16.332308100000002,0.0,0.0,100.0,1.0,0.11,-11.0,-233.36066221016176,233.36066221016176,0.0,-233.36066221016176,233.36066221016176,0.0,-17398.481909245947,17398.481909245947,0.0,0.0,0.0,0.0,0.0,0.0,0.0,0.0,0.0,-177663.0323366627,-177663.0323366627,17865.20323366627,17865.20323366627,17765.20323366627,0.0,100.0,0.0,0.0,17865.20323366627,17865.20323366627,1,0.0,100.0
2808,17764.90028400903,0.0,-177649.00284009028,0.0,10.0,0.0,-0.0,0.1,0.1682048069999999,16.82048069999999,0.0,0.0,100.0,1.0,0.08,-8.0,-233.20926597914533,233.20926597914533,0.0,-233.20926597914533,233.20926597914533,0.0,-17398.48175205074,17398.48175205074,0.0,0.0,0.0,0.0,0.0,0.0,0.0,0.0,0.0,-177657.00284009028,-177657.00284009028,17864.90028400903,17864.90028400903,17764.90028400903,0.0,100.0,0.0,0.0,17864.90028400903,17864.90028400903,1,0.0,100.0
2809,17764.663982839338,0.0,-177646.63982839338,0.0,10.0,0.0,-0.0,0.1,0.16659959,16.659959,0.0,0.0,100.0,1.0,0.08,-8.0,-233.0911123713152,233.0911123713152,0.0,-233.0911123713152,233.0911123713152,0.0,-17398.481758096706,17398.481758096706,0.0,0.0,0.0,0.0,0.0,0.0,0.0,0.0,0.0,-177654.63982839338,-177654.63982839338,17864.663982839338,17864.663982839338,17764.663982839338,0.0,100.0,0.0,0.0,17864.663982839338,17864.663982839338,1,0.0,100.0
2810,17764.479469761183,0.0,-177644.79469761183,0.0,10.0,0.0,-0.0,0.1,0.177185622,17.718562199999997,0.0,0.0,100.0,1.0,0.08,-8.0,-232.9988497862693,232.9988497862693,0.0,-232.9988497862693,232.9988497862693,0.0,-17398.481770188646,17398.481770188646,0.0,0.0,0.0,0.0,0.0,0.0,0.0,0.0,0.0,-177652.79469761183,-177652.79469761183,17864.479469761183,17864.479469761183,17764.479469761183,0.0,100.0,0.0,0.0,17864.479469761183,17864.479469761183,1,0.0,100.0
2811,18512.680180840583,0.0,-185126.80180840584,0.0,10.0,0.0,-0.0,0.1,0.1864151269999999,18.64151269999999,0.0,0.0,100.0,1.0,0.08,-8.0,-237.6240200562403,237.6240200562403,0.0,-237.6240200562403,237.6240200562403,0.0,-18137.432140728102,18137.432140728102,0.0,0.0,0.0,0.0,0.0,0.0,0.0,0.0,0.0,-185134.80180840584,-185134.80180840584,18612.680180840583,18612.680180840583,18512.680180840583,0.0,100.0,0.0,0.0,18612.680180840583,18612.680180840583,1,0.0,100.0
2812,20462.730687584186,0.0,-204627.30687584187,0.0,10.0,0.0,-0.0,0.1,0.188955908,18.8955908,0.0,0.0,100.0,1.0,0.08,-8.0,-236.8632380777244,236.8632380777244,0.0,-236.8632380777244,236.8632380777244,0.0,-20089.00421142874,20089.00421142874,0.0,0.0,0.0,0.0,0.0,0.0,0.0,0.0,0.0,-204635.30687584187,-204635.30687584187,20562.730687584186,20562.730687584186,20462.730687584186,0.0,100.0,0.0,0.0,20562.730687584186,20562.730687584186,1,0.0,100.0
2813,52409.80063200901,0.0,-524098.00632009015,0.0,10.0,0.0,-0.0,0.1,0.178470794,17.8470794,0.0,0.0,100.0,1.0,0.11,-11.0,-264.73796319882024,264.73796319882024,0.0,-264.73796319882024,264.73796319882024,0.0,-53882.58623922559,53882.58623922559,0.0,0.0,1570.57154296875,1570.57154296875,0.0,0.0,331.6899906454631,331.6899906454631,0.0,-524109.00632009015,-524109.00632009015,54412.062165623225,54412.062165623225,54312.062165623225,0.0,100.0,0.0,0.0,54412.062165623225,52509.80063200901,1,0.0,100.0
2814,50758.38614632514,0.0,-507583.8614632514,0.0,10.0,0.0,-0.0,0.1,0.171527543,17.1527543,0.0,0.0,100.0,1.0,0.11,-11.0,-523.9775996858649,523.9775996858649,0.0,-523.9775996858649,523.9775996858649,0.0,-62482.54725414945,62482.54725414945,0.0,0.0,7890.252275390625,7890.252275390625,0.0,0.0,4781.864031805427,4781.864031805427,0.0,-507594.8614632514,-507594.8614632514,63530.502453521185,63530.502453521185,63430.502453521185,0.0,100.0,0.0,0.0,63530.502453521185,50858.38614632514,1,0.0,100.0
2815,72240.40489657408,0.0,-722404.0489657408,0.0,10.0,0.0,-0.0,0.1,0.165518101,16.5518101,0.0,0.0,100.0,1.0,0.11,-11.0,-749.6796710881808,749.6796710881808,0.0,-749.6796710881808,749.6796710881808,0.0,-97856.72255286116,97856.72255286116,0.0,0.0,16042.266474609374,16042.266474609374,0.0,0.0,10973.41052385407,10973.41052385407,0.0,-722415.0489657408,-722415.0489657408,99356.08189503753,99356.08189503753,99256.08189503753,0.0,100.0,0.0,0.0,99356.08189503753,72340.40489657408,1,0.0,100.0
2816,56796.00667715591,0.0,-567960.0667715591,0.0,10.0,0.0,-0.0,0.1,0.161038644,16.1038644,0.0,0.0,100.0,1.0,0.11,-11.0,-803.4557003970566,803.4557003970566,0.0,-803.4557003970566,803.4557003970566,0.0,-95728.08373469026,95728.08373469026,0.0,0.0,23633.362265625,23633.362265625,0.0,0.0,16805.626192703465,16805.626192703465,0.0,-567971.0667715591,-567971.0667715591,97334.99513548438,97334.99513548437,97234.99513548438,0.0,100.0,0.0,0.0,97334.99513548437,56896.0066771559,1,0.0,100.0
2817,43913.52966152805,0.0,-439135.29661528056,0.0,10.0,0.0,-0.0,0.1,0.158222034,15.822203400000001,0.0,0.0,100.0,1.0,0.11,-11.0,-864.9437108317687,864.9437108317687,0.0,-864.9437108317687,864.9437108317687,0.0,-92365.78760109216,92365.78760109216,0.0,0.0,28494.65513671875,28494.65513671875,0.0,0.0,21587.49022450889,21587.49022450889,0.0,-439146.29661528056,-439146.29661528056,94095.67502275569,94095.67502275569,93995.67502275569,0.0,100.0,0.0,0.0,94095.67502275569,44013.52966152805,1,0.0,100.0
2818,36558.29279497314,0.0,-365582.92794973135,0.0,10.0,0.0,-0.0,0.1,0.160184033,16.0184033,0.0,0.0,100.0,1.0,0.11,-11.0,-932.0513858709212,932.0513858709212,0.0,-932.0513858709212,932.0513858709212,0.0,-92132.69019861972,92132.69019861972,0.0,0.0,32047.138388671872,32047.138388671872,0.0,0.0,25291.36178671656,25291.36178671656,0.0,-365593.92794973135,-365593.92794973135,93996.79297036157,93996.79297036157,93896.79297036157,0.0,100.0,0.0,0.0,93996.79297036157,36658.29279497314,1,0.0,100.0
2819,28338.610532261868,0.0,-283386.1053226187,0.0,10.0,0.0,-0.0,0.1,0.162198711,16.2198711,0.0,0.0,100.0,1.0,0.11,-11.0,-1005.2737346696454,1005.2737346696454,0.0,-1005.2737346696454,1005.2737346696454,0.0,-89510.83725802132,89510.83725802132,0.0,0.0,34889.12499023438,34889.12499023438,0.0,0.0,28193.649204864363,28193.649204864363,0.0,-283397.1053226187,-283397.1053226187,91521.38472736061,91521.38472736061,91421.38472736061,0.0,100.0,0.0,0.0,91521.38472736061,28438.610532261868,1,0.0,100.0
2820,36105.39916669633,0.0,-361053.99166696327,0.0,10.0,0.0,-0.0,0.1,0.162463598,16.2463598,0.0,0.0,100.0,1.0,0.11,-11.0,-1039.0753439265402,1039.0753439265402,0.0,-1039.0753439265402,1039.0753439265402,0.0,-93024.94611778187,93024.94611778187,0.0,0.0,33468.13168945313,33468.13168945313,0.0,0.0,25429.565949485503,25429.565949485503,0.0,-361064.99166696327,-361064.99166696327,95103.09680563495,95103.09680563495,95003.09680563495,0.0,100.0,0.0,0.0,95103.09680563495,36205.39916669633,1,0.0,100.0
2821,37237.36652095463,0.0,-372373.66520954634,0.0,10.0,0.0,-0.0,0.1,0.1766068969999999,17.660689699999992,0.0,0.0,100.0,1.0,0.11,-11.0,-1097.7070157595736,1097.7070157595736,0.0,-1097.7070157595736,1097.7070157595736,0.0,-89355.51309314113,89355.51309314113,0.0,0.0,30027.832119140625,30027.832119140625,0.0,0.0,24185.728484565017,24185.728484565017,0.0,-372384.66520954634,-372384.66520954634,91550.92712466027,91550.92712466027,91450.92712466027,0.0,100.0,0.0,0.0,91550.92712466027,37337.36652095463,1,0.0,100.0
2822,32250.291170558376,0.0,-322502.91170558374,0.0,10.0,0.0,-0.0,0.1,0.184007141,18.400714100000002,0.0,0.0,100.0,1.0,0.08,-8.0,-1131.6980385614888,1131.6980385614888,0.0,-1131.6980385614888,1131.6980385614888,0.0,-78057.05795947733,78057.05795947733,0.0,0.0,26437.954306640622,26437.954306640622,0.0,0.0,21532.20855940131,21532.20855940131,0.0,-322510.91170558374,-322510.91170558374,80320.4540366003,80320.4540366003,80220.4540366003,0.0,100.0,0.0,0.0,80320.4540366003,32350.29117055837,1,0.0,100.0
2823,33737.2027408626,0.0,-337372.02740862605,0.0,10.0,0.0,-0.0,0.1,0.181562813,18.1562813,0.0,0.0,100.0,1.0,0.08,-8.0,-1081.8347962634646,1081.8347962634646,0.0,-1081.8347962634646,1081.8347962634646,0.0,-63978.36289256583,63978.36289256583,0.0,0.0,16079.66103515625,16079.66103515625,0.0,0.0,16225.168709073903,16225.168709073903,0.0,-337380.02740862605,-337380.02740862605,66142.03248509276,66142.03248509276,66042.03248509276,0.0,100.0,0.0,0.0,66142.03248509276,33837.2027408626,1,0.0,100.0
2824,34800.536030172545,0.0,-348005.36030172545,0.0,10.0,0.0,-0.0,0.1,0.180338446,18.033844600000002,0.0,0.0,100.0,1.0,0.08,-8.0,-852.2352753724565,852.2352753724565,0.0,-852.2352753724565,852.2352753724565,0.0,-54545.7196182073,54545.7196182073,0.0,0.0,9049.48365234375,9049.48365234375,0.0,0.0,12300.170486435924,12300.170486435924,0.0,-348013.36030172545,-348013.36030172545,56250.19016895222,56250.19016895221,56150.19016895222,0.0,100.0,0.0,0.0,56250.19016895221,34900.53603017254,1,0.0,100.0
2825,34629.56176609586,0.0,-346295.6176609586,0.0,10.0,0.0,-0.0,0.1,0.17853534,17.853534,0.0,0.0,100.0,1.0,0.11,-11.0,-843.6429005579924,843.6429005579924,0.0,-843.6429005579924,843.6429005579924,0.0,-42275.83953104995,42275.83953104995,0.0,0.0,2019.3062695312497,2019.3062695312497,0.0,0.0,7214.257296538823,7214.257296538823,0.0,-346306.6176609586,-346306.6176609586,43963.12533216593,43963.12533216593,43863.12533216593,0.0,100.0,0.0,0.0,43963.12533216593,34729.56176609586,1,0.0,100.0
2826,42324.51191865499,0.0,-423245.1191865499,0.0,10.0,0.0,-0.0,0.1,0.182333443,18.233344300000002,0.0,0.0,100.0,1.0,0.11,-11.0,-838.9445471353451,838.9445471353451,0.0,-838.9445471353451,838.9445471353451,0.0,-42338.38541364522,42338.38541364522,0.0,0.0,486.129287109375,486.129287109375,0.0,0.0,1105.6333021515436,1105.6333021515436,0.0,-423256.1191865499,-423256.1191865499,44016.274507915914,44016.274507915914,43916.274507915914,0.0,100.0,0.0,0.0,44016.274507915914,42424.51191865499,1,0.0,100.0
2827,36402.65198925877,0.0,-364026.5198925877,0.0,10.0,0.0,-0.0,0.1,0.195871413,19.5871413,0.0,0.0,100.0,1.0,0.11,-11.0,-828.1827142053966,828.1827142053966,0.0,-828.1827142053966,828.1827142053966,0.0,-34846.28656084798,34846.28656084798,0.0,0.0,0.0,0.0,0.0,0.0,0.0,0.0,0.0,-364037.5198925877,-364037.5198925877,36502.65198925877,36502.65198925877,36402.65198925877,0.0,100.0,0.0,0.0,36502.65198925877,36502.65198925877,1,0.0,100.0
2828,33736.54130770419,0.0,-337365.41307704186,0.0,10.0,0.0,-0.0,0.1,0.205053423,20.505342300000002,0.0,0.0,100.0,1.0,0.11,-11.0,-233.6437400816344,233.6437400816344,0.0,-233.6437400816344,233.6437400816344,0.0,-33369.25382754092,33369.25382754092,0.0,0.0,0.0,0.0,0.0,0.0,0.0,0.0,0.0,-337376.41307704186,-337376.41307704186,33836.54130770419,33836.54130770419,33736.54130770419,0.0,100.0,0.0,0.0,33836.54130770419,33836.54130770419,1,0.0,100.0
2829,21489.520646001092,0.0,-214895.20646001093,0.0,10.0,0.0,-0.0,0.1,0.20201288,20.201288,0.0,0.0,100.0,1.0,0.11,-11.0,-233.75508624138587,233.75508624138587,0.0,-233.75508624138587,233.75508624138587,0.0,-21122.01047351832,21122.01047351832,0.0,0.0,0.0,0.0,0.0,0.0,0.0,0.0,0.0,-214906.20646001093,-214906.20646001093,21589.520646001092,21589.520646001092,21489.520646001092,0.0,100.0,0.0,0.0,21589.520646001092,21589.520646001092,1,0.0,100.0
2830,18510.960784961582,0.0,-185109.60784961583,0.0,10.0,0.0,-0.0,0.1,0.191067875,19.1067875,0.0,0.0,100.0,1.0,0.11,-11.0,-236.7643311856924,236.7643311856924,0.0,-236.7643311856924,236.7643311856924,0.0,-18137.4321225902,18137.4321225902,0.0,0.0,0.0,0.0,0.0,0.0,0.0,0.0,0.0,-185120.60784961583,-185120.60784961583,18610.960784961582,18610.960784961582,18510.960784961582,0.0,100.0,0.0,0.0,18610.960784961582,18610.960784961582,1,0.0,100.0
2831,17766.001016939997,0.0,-177660.01016939996,0.0,10.0,0.0,-0.0,0.1,0.191901583,19.1901583,0.0,0.0,100.0,1.0,0.11,-11.0,-233.7596294216457,233.7596294216457,0.0,-233.7596294216457,233.7596294216457,0.0,-17398.481758096706,17398.481758096706,0.0,0.0,0.0,0.0,0.0,0.0,0.0,0.0,0.0,-177671.01016939996,-177671.01016939996,17866.001016939997,17866.001016939997,17766.001016939997,0.0,100.0,0.0,0.0,17866.001016939997,17866.001016939997,1,0.0,100.0
2832,14752.584923003113,0.0,-147525.84923003113,0.0,10.0,0.0,-0.0,0.1,0.197343892,19.7343892,0.0,0.0,100.0,1.0,0.08,-8.0,-233.72927392298607,233.72927392298607,0.0,-233.72927392298607,233.72927392298607,0.0,-14385.12637515714,14385.12637515714,0.0,0.0,0.0,0.0,0.0,0.0,0.0,0.0,0.0,-147533.84923003113,-147533.84923003113,14852.584923003113,14852.584923003113,14752.584923003113,0.0,100.0,0.0,0.0,14852.584923003113,14852.584923003113,1,0.0,100.0
2833,14752.500297086503,0.0,-147525.00297086503,0.0,10.0,0.0,-0.0,0.1,0.187765715,18.7765715,0.0,0.0,100.0,1.0,0.08,-8.0,-233.6869609646812,233.6869609646812,0.0,-233.6869609646812,233.6869609646812,0.0,-14385.12637515714,14385.12637515714,0.0,0.0,0.0,0.0,0.0,0.0,0.0,0.0,0.0,-147533.00297086503,-147533.00297086503,14852.500297086503,14852.500297086503,14752.500297086503,0.0,100.0,0.0,0.0,14852.500297086503,14852.500297086503,1,0.0,100.0
2834,14752.388325120368,0.0,-147523.8832512037,0.0,10.0,0.0,-0.0,0.1,0.187543451,18.7543451,0.0,0.0,100.0,1.0,0.08,-8.0,-233.6309780045972,233.6309780045972,0.0,-233.6309780045972,233.6309780045972,0.0,-14385.126369111173,14385.126369111173,0.0,0.0,0.0,0.0,0.0,0.0,0.0,0.0,0.0,-147531.8832512037,-147531.8832512037,14852.388325120368,14852.388325120368,14752.388325120368,0.0,100.0,0.0,0.0,14852.388325120368,14852.388325120368,1,0.0,100.0
2835,15493.54456572507,0.0,-154935.4456572507,0.0,10.0,0.0,-0.0,0.1,0.186099045,18.6099045,0.0,0.0,100.0,1.0,0.08,-8.0,-234.7339160602004,234.7339160602004,0.0,-234.7339160602004,234.7339160602004,0.0,-15124.076733604668,15124.076733604668,0.0,0.0,0.0,0.0,0.0,0.0,0.0,0.0,0.0,-154943.4456572507,-154943.4456572507,15593.54456572507,15593.54456572507,15493.54456572507,0.0,100.0,0.0,0.0,15593.54456572507,15593.54456572507,1,0.0,100.0
2836,15938.207191767573,0.0,-159382.07191767573,0.0,10.0,0.0,-0.0,0.1,0.198853495,19.8853495,0.0,0.0,100.0,1.0,0.08,-8.0,-234.61803190856952,234.61803190856952,0.0,-234.61803190856952,234.61803190856952,0.0,-15568.971127950434,15568.971127950434,0.0,0.0,0.0,0.0,0.0,0.0,0.0,0.0,0.0,-159390.07191767573,-159390.07191767573,16038.207191767573,16038.207191767573,15938.207191767573,0.0,100.0,0.0,0.0,16038.207191767573,16038.207191767573,1,0.0,100.0
2837,21841.390765706685,0.0,-218413.90765706685,0.0,10.0,0.0,-0.0,0.1,0.186023445,18.6023445,0.0,0.0,100.0,1.0,0.11,-11.0,-222.65720010872823,222.65720010872823,0.0,-222.65720010872823,222.65720010872823,0.0,-22845.552867467934,22845.552867467934,0.0,0.0,934.864013671875,934.864013671875,0.0,0.0,414.6124883068289,414.6124883068289,0.0,-218424.90765706685,-218424.90765706685,23290.86726768539,23290.86726768539,23190.86726768539,0.0,100.0,0.0,0.0,23290.86726768539,21941.390765706685,1,0.0,100.0
2838,17000.010544135977,0.0,-170000.10544135977,0.0,10.0,0.0,-0.0,0.1,0.173648565,17.364856500000002,0.0,0.0,100.0,1.0,0.11,-11.0,-198.4339334832372,198.4339334832372,0.0,-198.4339334832372,198.4339334832372,0.0,-24193.68182148516,24193.68182148516,0.0,0.0,2542.8301171875,2542.8301171875,0.0,0.0,4947.709027128158,4947.709027128158,0.0,-170011.10544135977,-170011.10544135977,24590.549688451636,24590.549688451632,24490.549688451636,0.0,100.0,0.0,0.0,24590.549688451632,17100.010544135974,1,0.0,100.0
2839,22235.572649282047,0.0,-222355.72649282048,0.0,10.0,0.0,-0.0,0.1,0.168915208,16.891520800000002,0.0,0.0,100.0,1.0,0.11,-11.0,-198.4970016371224,198.4970016371224,0.0,-198.4970016371224,198.4970016371224,0.0,-39257.69038341206,39257.69038341206,0.0,0.0,6207.4970507812495,6207.4970507812495,0.0,0.0,11111.614686623014,11111.614686623014,0.0,-222366.72649282048,-222366.72649282048,39654.684386686306,39654.684386686306,39554.684386686306,0.0,100.0,0.0,0.0,39654.684386686306,22335.572649282043,1,0.0,100.0
2840,6266.460216612075,0.0,-62664.60216612075,0.0,10.0,0.0,-0.0,0.1,0.166891438,16.6891438,0.0,0.0,100.0,1.0,0.11,-11.0,-198.60446199278888,198.60446199278888,0.0,-198.60446199278888,198.60446199278888,0.0,-37040.060538809776,37040.060538809776,0.0,0.0,14845.640537109375,14845.640537109375,0.0,0.0,16225.168709073903,16225.168709073903,0.0,-62675.60216612075,-62675.60216612075,37437.26946279535,37437.26946279535,37337.26946279535,0.0,100.0,0.0,0.0,37437.26946279535,6366.460216612075,1,0.0,100.0
2841,3024.116093335375,0.0,-30241.16093335375,0.0,10.0,0.0,-0.0,0.1,0.1713217139999999,17.13217139999999,0.0,0.0,100.0,1.0,0.11,-11.0,-225.9794850267698,225.9794850267698,0.0,-225.9794850267698,225.9794850267698,0.0,-34083.042692200295,34083.042692200295,0.0,0.0,9685.191181640625,9685.191181640625,0.0,0.0,21725.694387277832,21725.694387277832,0.0,-30252.16093335375,-30252.16093335375,34535.00166225383,34535.00166225383,34435.00166225383,0.0,100.0,0.0,0.0,34535.00166225383,3124.116093335375,1,0.0,100.0
2842,0.0,0.0,-0.0,55.55555555555556,10.0,0.0,-0.0,0.1,0.1832286169999999,0.0,0.0,100.0,0.0,1.0,0.11,0.0,-272.6105715632198,272.6105715632198,0.0,-272.6105715632198,272.6105715632198,0.0,-34082.71807199741,34082.71807199741,0.0,0.0,11106.184482421875,11106.184482421875,0.0,1531.1290007976713,25208.4392890552,23677.31028825753,0.0,0.0,0.0,34783.494770679405,34783.494770679405,34783.494770679405,0.0,0.0,155.55555555555475,0.0,34627.93921512385,-1686.684556353226,1,-55.55555555555556,-100.0
2843,0.0,0.0,-0.0,44.44444444444444,60.0,0.0,-0.0,0.6,0.199765246,0.0,0.0,100.0,0.0,1.0,0.11,0.0,-312.377282399142,312.377282399142,0.0,-312.377282399142,312.377282399142,0.0,-34082.40610600902,34082.40610600902,0.0,0.0,11816.6811328125,11816.6811328125,0.0,5186.366054978906,28221.29003741815,23034.923982439246,0.0,0.0,0.0,34851.60511525175,34851.60511525175,34851.60511525175,0.0,0.0,144.44444444444525,0.0,34707.1606708073,-5330.810499423351,1,-44.44444444444444,-100.0
2844,0.0,0.0,-0.0,0.0,100.0,-0.0,-0.0,1.0,0.194114583,0.0,0.0,100.0,0.0,1.0,0.11,0.0,-331.3002584859714,331.3002584859714,0.0,-331.3002584859714,331.3002584859714,0.0,-34082.57240040447,34082.57240040447,0.0,0.0,11704.497451171874,11704.497451171874,0.0,2399.453813496122,25540.129279700657,23140.675466204535,0.0,0.0,0.0,34845.17291737641,34845.17291737641,34845.17291737641,0.0,0.0,100.0,0.0,34745.17291737641,-2499.4538134961185,1,-0.0,-100.0
2845,0.0,0.0,-0.0,0.0,100.0,-0.0,-0.0,1.0,0.189785032,0.0,0.0,100.0,0.0,1.0,0.11,0.0,-361.8267879238184,361.8267879238184,0.0,-361.8267879238184,361.8267879238184,0.0,-19018.642956036507,19018.642956036507,0.0,0.0,10807.027998046877,10807.027998046877,0.0,16643.064908632332,25678.3334424696,9035.268533837268,0.0,0.0,0.0,19842.296531884145,19842.296531884145,19842.296531884145,0.0,0.0,100.0,0.0,19742.296531884145,-16743.064908632332,1,-0.0,-100.0
2846,0.0,0.0,-0.0,0.0,100.0,-0.0,-0.0,1.0,0.19831183,0.0,0.0,100.0,0.0,1.0,0.08,0.0,-341.6538095133336,341.6538095133336,0.0,-341.6538095133336,341.6538095133336,0.0,-19019.993274991884,19019.993274991884,0.0,0.0,9199.061894531247,9199.061894531247,0.0,11342.582048220838,21946.82104770814,10604.238999487303,0.0,0.0,0.0,19803.30089401855,19803.30089401855,19803.30089401855,0.0,0.0,100.0,0.0,19703.30089401855,-11442.58204822084,1,-0.0,-100.0
2847,0.0,0.0,-0.0,0.0,100.0,-0.0,-0.0,1.0,0.19746483,0.0,0.0,100.0,0.0,1.0,0.08,0.0,-357.4513786748194,357.4513786748194,0.0,-357.4513786748194,357.4513786748194,0.0,-21977.23611631622,21977.23611631622,0.0,0.0,6992.782822265624,6992.782822265624,0.0,1752.5726202555197,17551.928671655754,15799.356051400235,0.0,0.0,0.0,22792.13887366586,22792.13887366586,22792.13887366586,0.0,0.0,100.0,0.0,22692.13887366586,-1852.5726202555197,1,-0.0,-100.0
2848,3776.111525162196,0.0,-37761.11525162196,0.0,100.0,45.0,-0.0,1.0,0.199688055,19.968805500000002,0.0,0.0,100.0,1.0,0.08,-8.0,-331.58870888358643,331.58870888358643,0.0,-331.58870888358643,331.58870888358643,0.0,-19676.36730826361,19676.36730826361,0.0,0.0,4449.952705078125,4449.952705078125,0.0,0.0,11968.48049579046,11968.48049579046,0.0,-37769.11525162196,-37769.11525162196,20339.54472603078,20339.54472603078,20194.54472603078,0.0,145.0,0.0,0.0,20339.54472603078,3921.111525162196,1,45.0,100.0
2849,9333.553637034727,0.0,-93335.53637034727,0.0,50.0,36.0,-0.0,0.5,0.19948807,19.948807,0.0,0.0,100.0,1.0,0.11,-11.0,-341.8704280803359,341.8704280803359,0.0,-341.8704280803359,341.8704280803359,0.0,-17936.453849282763,17936.453849282763,0.0,0.0,2019.3062695312497,2019.3062695312497,0.0,0.0,7131.334798877457,7131.334798877457,0.0,-93346.53637034727,-93346.53637034727,18620.194705443435,18620.194705443435,18484.194705443435,0.0,136.0,0.0,0.0,18620.194705443435,9469.553637034729,1,36.0,100.0
2850,16848.228179284728,0.0,-168482.28179284727,0.0,10.0,0.0,-0.0,0.1,0.201425345,20.1425345,0.0,0.0,100.0,1.0,0.11,-11.0,-298.41530634989783,298.41530634989783,0.0,-298.41530634989783,298.41530634989783,0.0,-18008.19554894651,18008.19554894651,0.0,0.0,523.5238476562499,523.5238476562499,0.0,0.0,1133.2741347053322,1133.2741347053322,0.0,-168493.28179284727,-168493.28179284727,18605.02616164631,18605.026161646307,18505.02616164631,0.0,100.0,0.0,0.0,18605.026161646307,16948.228179284724,1,0.0,100.0
2851,20065.390059654026,0.0,-200653.90059654025,0.0,10.0,0.0,-0.0,0.1,0.205602882,20.5602882,0.0,0.0,100.0,1.0,0.11,-11.0,-303.77600172958864,303.77600172958864,0.0,-303.77600172958864,303.77600172958864,0.0,-19557.83805619485,19557.83805619485,0.0,0.0,0.0,0.0,0.0,0.0,0.0,0.0,0.0,-200664.90059654025,-200664.90059654025,20165.390059654026,20165.390059654026,20065.390059654026,0.0,100.0,0.0,0.0,20165.390059654026,20165.390059654026,1,0.0,100.0
2852,18465.287968662036,0.0,-184652.87968662038,0.0,10.0,0.0,-0.0,0.1,0.209808692,20.9808692,0.0,0.0,100.0,1.0,0.11,-11.0,-242.6457831423168,242.6457831423168,0.0,-242.6457831423168,242.6457831423168,0.0,-18079.9964023774,18079.9964023774,0.0,0.0,0.0,0.0,0.0,0.0,0.0,0.0,0.0,-184663.87968662038,-184663.87968662038,18565.287968662036,18565.287968662036,18465.287968662036,0.0,100.0,0.0,0.0,18565.287968662036,18565.287968662036,1,0.0,100.0
2853,16970.158022138254,0.0,-169701.58022138255,0.0,10.0,0.0,-0.0,0.1,0.212776958,21.2776958,0.0,0.0,100.0,1.0,0.11,-11.0,-234.09027675031527,234.09027675031527,0.0,-234.09027675031527,234.09027675031527,0.0,-16601.977468637622,16601.977468637622,0.0,0.0,0.0,0.0,0.0,0.0,0.0,0.0,0.0,-169712.58022138255,-169712.58022138255,17070.158022138254,17070.158022138254,16970.158022138254,0.0,100.0,0.0,0.0,17070.158022138254,17070.158022138254,1,0.0,100.0
2854,15497.87853489818,0.0,-154978.7853489818,0.0,10.0,0.0,-0.0,0.1,0.226601071,22.660107099999998,0.0,0.0,100.0,1.0,0.11,-11.0,-236.9009036697421,236.9009036697421,0.0,-236.9009036697421,236.9009036697421,0.0,-15124.076727558697,15124.076727558697,0.0,0.0,0.0,0.0,0.0,0.0,0.0,0.0,0.0,-154989.7853489818,-154989.7853489818,15597.87853489818,15597.87853489818,15497.87853489818,0.0,100.0,0.0,0.0,15597.87853489818,15597.87853489818,1,0.0,100.0
2855,14753.197473976687,0.0,-147531.97473976685,0.0,10.0,0.0,-0.0,0.1,0.224264175,22.4264175,0.0,0.0,100.0,1.0,0.11,-11.0,-234.03555243275665,234.03555243275665,0.0,-234.03555243275665,234.03555243275665,0.0,-14385.126369111173,14385.126369111173,0.0,0.0,0.0,0.0,0.0,0.0,0.0,0.0,0.0,-147542.97473976685,-147542.97473976685,14853.197473976687,14853.197473976687,14753.197473976687,0.0,100.0,0.0,0.0,14853.197473976687,14853.197473976687,1,0.0,100.0
2856,14753.165249452517,0.0,-147531.65249452516,0.0,10.0,0.0,-0.0,0.1,0.22192105,22.192105,0.0,0.0,100.0,1.0,0.08,-8.0,-234.0342739572285,234.0342739572285,0.0,-234.0342739572285,234.0342739572285,0.0,-14385.09670153806,14385.09670153806,0.0,0.0,0.0,0.0,0.0,0.0,0.0,0.0,0.0,-147539.65249452516,-147539.65249452516,14853.165249452517,14853.165249452517,14753.165249452517,0.0,100.0,0.0,0.0,14853.165249452517,14853.165249452517,1,0.0,100.0
2857,14753.12733653375,0.0,-147531.2733653375,0.0,10.0,0.0,-0.0,0.1,0.22240495,22.240495,0.0,0.0,100.0,1.0,0.08,-8.0,-234.0153174978446,234.0153174978446,0.0,-234.0153174978446,234.0153174978446,0.0,-14385.09670153806,14385.09670153806,0.0,0.0,0.0,0.0,0.0,0.0,0.0,0.0,0.0,-147539.2733653375,-147539.2733653375,14853.12733653375,14853.12733653375,14753.12733653375,0.0,100.0,0.0,0.0,14853.12733653375,14853.12733653375,1,0.0,100.0
2858,14752.639169262478,0.0,-147526.39169262478,0.0,10.0,0.0,-0.0,0.1,0.220749267,22.0749267,0.0,0.0,100.0,1.0,0.08,-8.0,-233.77123386220973,233.77123386220973,0.0,-233.77123386220973,233.77123386220973,0.0,-14385.09670153806,14385.09670153806,0.0,0.0,0.0,0.0,0.0,0.0,0.0,0.0,0.0,-147534.39169262478,-147534.39169262478,14852.639169262478,14852.639169262478,14752.639169262478,0.0,100.0,0.0,0.0,14852.639169262478,14852.639169262478,1,0.0,100.0
2859,15493.798869386897,0.0,-154937.98869386897,0.0,10.0,0.0,-0.0,0.1,0.20029643,20.029643,0.0,0.0,100.0,1.0,0.08,-8.0,-234.87589563170127,234.87589563170127,0.0,-234.87589563170127,234.87589563170127,0.0,-15124.047078123494,15124.047078123494,0.0,0.0,0.0,0.0,0.0,0.0,0.0,0.0,0.0,-154945.98869386897,-154945.98869386897,15593.798869386897,15593.798869386897,15493.798869386897,0.0,100.0,0.0,0.0,15593.798869386897,15593.798869386897,1,0.0,100.0
2860,15938.495355451783,0.0,-159384.95355451782,0.0,10.0,0.0,-0.0,0.1,0.193919705,19.3919705,0.0,0.0,100.0,1.0,0.08,-8.0,-234.77699288200537,234.77699288200537,0.0,-234.77699288200537,234.77699288200537,0.0,-15568.941369687773,15568.941369687773,0.0,0.0,0.0,0.0,0.0,0.0,0.0,0.0,0.0,-159392.95355451782,-159392.95355451782,16038.495355451783,16038.495355451783,15938.495355451783,0.0,100.0,0.0,0.0,16038.495355451783,16038.495355451783,1,0.0,100.0
2861,15641.484132121894,0.0,-156414.84132121893,0.0,10.0,0.0,-0.0,0.1,0.187650878,18.7650878,0.0,0.0,100.0,1.0,0.11,-11.0,-222.76174806743407,222.76174806743407,0.0,-222.76174806743407,222.76174806743407,0.0,-16458.464335231354,16458.464335231354,0.0,0.0,747.8912109375,747.8912109375,0.0,0.0,414.6124883068289,414.6124883068289,0.0,-156425.84132121893,-156425.84132121893,16903.987831366223,16903.987831366223,16803.987831366223,0.0,100.0,0.0,0.0,16903.987831366223,15741.484132121894,1,0.0,100.0
2862,11453.317331091852,0.0,-114533.17331091852,0.0,10.0,0.0,-0.0,0.1,0.17777149,17.777149,0.0,0.0,100.0,1.0,0.11,-11.0,-198.4973773762892,198.4973773762892,0.0,-198.4973773762892,198.4973773762892,0.0,-17936.365070264306,17936.365070264306,0.0,0.0,1832.333466796875,1832.333466796875,0.0,0.0,4947.709027128158,4947.709027128158,0.0,-114544.17331091852,-114544.17331091852,18333.359825016883,18333.359825016883,18233.359825016883,0.0,100.0,0.0,0.0,18333.359825016883,11553.31733109185,1,0.0,100.0
2863,3476.734382867431,0.0,-34767.34382867431,0.0,10.0,0.0,-0.0,0.1,0.1682302289999999,16.82302289999999,0.0,0.0,100.0,1.0,0.11,-11.0,-198.5717384168592,198.5717384168592,0.0,-198.5717384168592,198.5717384168592,0.0,-17936.365070264306,17936.365070264306,0.0,0.0,3589.8778125,3589.8778125,0.0,0.0,11166.896351730593,11166.896351730593,0.0,-34778.34382867431,-34778.34382867431,18333.508547098023,18333.508547098023,18233.508547098023,0.0,100.0,0.0,0.0,18333.508547098023,3576.734382867431,1,0.0,100.0
2864,0.0,0.0,-0.0,55.55555555555556,10.0,0.0,-0.0,0.1,0.1673488159999999,0.0,0.0,100.0,0.0,1.0,0.11,0.0,-198.6735749865061,198.6735749865061,0.0,-198.6735749865061,198.6735749865061,0.0,-15719.51395864592,15719.51395864592,0.0,0.0,5384.81671875,5384.81671875,0.0,5945.667079832765,16833.267025257253,10887.599945424488,0.0,0.0,0.0,16272.416664174489,16272.416664174489,16272.416664174489,0.0,0.0,155.55555555555475,0.0,16116.861108618934,-6101.22263538832,1,-55.55555555555556,-100.0
2865,0.0,0.0,-0.0,44.44444444444444,60.0,0.0,-0.0,0.6,0.173459914,0.0,0.0,100.0,0.0,1.0,0.11,0.0,-220.50446108907207,220.50446108907207,0.0,-220.50446108907207,220.50446108907207,0.0,-12763.712476488068,12763.712476488068,0.0,0.0,6880.599140625,6880.599140625,0.0,15505.895177776272,21974.46188026193,6468.5667024856575,0.0,0.0,0.0,13349.165843110657,13349.165843110657,13349.165843110657,0.0,0.0,144.44444444444525,0.0,13204.721398666212,-15650.339622220718,1,-44.44444444444444,-100.0
2866,0.0,0.0,-0.0,0.0,100.0,-0.0,-0.0,1.0,0.195856971,0.0,0.0,100.0,0.0,1.0,0.11,0.0,-301.17399117895525,301.17399117895525,0.0,-301.17399117895525,301.17399117895525,0.0,-12763.77150328984,12763.77150328984,0.0,0.0,7927.646835937499,7927.646835937499,0.0,20278.064955528294,25816.537605238544,5538.472649710251,0.0,0.0,0.0,13466.11948564775,13466.11948564775,13466.11948564775,0.0,0.0,100.0,0.0,13366.11948564775,-20378.064955528287,1,-0.0,-100.0
2867,0.0,0.0,-0.0,0.0,100.0,-0.0,-0.0,1.0,0.211943858,0.0,0.0,100.0,0.0,1.0,0.11,0.0,-303.91403796455967,303.91403796455967,0.0,-303.91403796455967,303.91403796455967,0.0,-12763.77147910596,12763.77147910596,0.0,0.0,8451.17068359375,8451.17068359375,0.0,23256.1428310844,28276.57170252573,5020.428871441331,0.0,0.0,0.0,13471.59955503508,13471.59955503508,13471.59955503508,0.0,0.0,100.0,0.0,13371.59955503508,-23356.1428310844,1,-0.0,-100.0
2868,0.0,0.0,-0.0,0.0,100.0,-0.0,-0.0,1.0,0.199793217,0.0,0.0,100.0,0.0,1.0,0.11,0.0,-309.0476163822448,309.0476163822448,0.0,-309.0476163822448,309.0476163822448,0.0,-12763.860046515483,12763.860046515483,0.0,0.0,8376.381562499999,8376.381562499999,0.0,20821.527218673724,25927.1009354537,5105.573716779974,0.0,0.0,0.0,13481.955279279973,13481.955279279973,13481.955279279973,0.0,0.0,100.0,0.0,13381.955279279973,-20921.52721867372,1,-0.0,-100.0
2869,0.0,0.0,-0.0,0.0,100.0,-0.0,-0.0,1.0,0.2124274589999999,0.0,0.0,100.0,0.0,1.0,0.11,0.0,-356.6696705770599,356.6696705770599,0.0,-356.6696705770599,356.6696705770599,0.0,-12763.77149724387,12763.77149724387,0.0,0.0,7740.674033203125,7740.674033203125,0.0,21030.452437087646,26866.889242282512,5836.436805194865,0.0,0.0,0.0,13577.11083839799,13577.11083839799,13577.11083839799,0.0,0.0,100.0,0.0,13477.11083839799,-21130.452437087646,1,-0.0,-100.0
2870,0.0,0.0,-0.0,0.0,100.0,-0.0,-0.0,1.0,0.226978313,0.0,0.0,100.0,0.0,1.0,0.08,0.0,-333.9781642059667,333.9781642059667,0.0,-333.9781642059667,333.9781642059667,0.0,-12763.712476488068,12763.712476488068,0.0,0.0,6544.048095703125,6544.048095703125,0.0,15760.784482571135,22748.40519176801,6987.620709196877,0.0,0.0,0.0,13531.668804900002,13531.668804900002,13531.668804900002,0.0,0.0,100.0,0.0,13431.668804900002,-15860.784482571135,1,-0.0,-100.0
2871,0.0,0.0,-0.0,0.0,100.0,-0.0,-0.0,1.0,0.2350997239999999,0.0,0.0,100.0,0.0,1.0,0.08,0.0,-354.72162371136005,354.72162371136005,0.0,-354.72162371136005,354.72162371136005,0.0,-15719.513952599951,15719.513952599951,0.0,0.0,5833.5514453125,5833.5514453125,0.0,7188.212907591045,17883.618662301218,10695.405754710173,0.0,0.0,0.0,16528.957200022673,16528.957200022673,16528.957200022673,0.0,0.0,100.0,0.0,16428.957200022673,-7288.212907591045,1,-0.0,-100.0
2872,0.0,0.0,-0.0,0.0,100.0,-0.0,-0.0,1.0,0.245614732,0.0,0.0,100.0,0.0,1.0,0.08,0.0,-326.37643394765763,326.37643394765763,0.0,-326.37643394765763,326.37643394765763,0.0,-17936.365070264306,17936.365070264306,0.0,0.0,11255.762724609374,11255.762724609374,0.0,5143.223598423561,12576.57881197381,7433.355213550249,0.0,0.0,0.0,18689.117938159623,18689.117938159623,18689.117938159623,0.0,0.0,100.0,0.0,18589.117938159623,-5243.223598423559,1,-0.0,-100.0
2873,7423.741827982127,0.0,-74237.41827982127,0.0,100.0,45.0,-0.0,1.0,0.255219239,25.521923899999997,0.0,0.0,100.0,1.0,0.11,-11.0,-327.99327816060975,327.99327816060975,0.0,-327.99327816060975,327.99327816060975,0.0,-17936.365070264306,17936.365070264306,0.0,0.0,4113.40166015625,4113.40166015625,0.0,0.0,6910.208138447148,6910.208138447148,0.0,-74248.41827982127,-74248.41827982127,18592.35162658552,18592.351626585525,18447.35162658552,0.0,145.0,0.0,0.0,18592.351626585525,7568.741827982129,1,45.0,100.0
2874,16580.370400018783,0.0,-165803.70400018783,0.0,50.0,36.0,-0.0,0.5,0.266722184,26.6722184,0.0,0.0,100.0,1.0,0.11,-11.0,-304.46819469897383,304.46819469897383,0.0,-304.46819469897383,304.46819469897383,0.0,-18008.10681224984,18008.10681224984,0.0,0.0,822.6803320312499,822.6803320312499,0.0,0.0,1077.992469597755,1077.992469597755,0.0,-165814.70400018783,-165814.70400018783,18617.043201647786,18617.043201647786,18481.043201647786,0.0,136.0,0.0,0.0,18617.043201647786,16716.370400018783,1,36.0,100.0
2875,19988.141107103005,0.0,-199881.41107103004,0.0,10.0,0.0,-0.0,0.1,0.2735778239999999,27.35778239999999,0.0,0.0,100.0,1.0,0.11,-11.0,-265.19590589435376,265.19590589435376,0.0,-265.19590589435376,265.19590589435376,0.0,-19557.749295314297,19557.749295314297,0.0,0.0,0.0,0.0,0.0,0.0,0.0,0.0,0.0,-199892.41107103004,-199892.41107103004,20088.141107103005,20088.141107103005,19988.141107103005,0.0,100.0,0.0,0.0,20088.141107103005,20088.141107103005,1,0.0,100.0
2876,18509.239127901383,0.0,-185092.39127901383,0.0,10.0,0.0,-0.0,0.1,0.276029247,27.6029247,0.0,0.0,100.0,1.0,0.11,-11.0,-264.6510061512301,264.6510061512301,0.0,-264.6510061512301,264.6510061512301,0.0,-18079.93711559892,18079.93711559892,0.0,0.0,0.0,0.0,0.0,0.0,0.0,0.0,0.0,-185103.39127901383,-185103.39127901383,18609.239127901383,18609.239127901383,18509.239127901383,0.0,100.0,0.0,0.0,18609.239127901383,18609.239127901383,1,0.0,100.0
2877,16970.09838727416,0.0,-169700.9838727416,0.0,10.0,0.0,-0.0,0.1,0.279240693,27.9240693,0.0,0.0,100.0,1.0,0.11,-11.0,-234.07528705885687,234.07528705885687,0.0,-234.07528705885687,234.07528705885687,0.0,-16601.947813156447,16601.947813156447,0.0,0.0,0.0,0.0,0.0,0.0,0.0,0.0,0.0,-169711.9838727416,-169711.9838727416,17070.09838727416,17070.09838727416,16970.09838727416,0.0,100.0,0.0,0.0,17070.09838727416,17070.09838727416,1,0.0,100.0
2878,15497.773214251896,0.0,-154977.73214251897,0.0,10.0,0.0,-0.0,0.1,0.288115171,28.8115171,0.0,0.0,100.0,1.0,0.11,-11.0,-236.8630710871882,236.8630710871882,0.0,-236.8630710871882,236.8630710871882,0.0,-15124.04707207752,15124.04707207752,0.0,0.0,0.0,0.0,0.0,0.0,0.0,0.0,0.0,-154988.73214251897,-154988.73214251897,15597.773214251896,15597.773214251896,15497.773214251896,0.0,100.0,0.0,0.0,15597.773214251896,15597.773214251896,1,0.0,100.0
2879,14753.01012924066,0.0,-147530.1012924066,0.0,10.0,0.0,-0.0,0.1,0.279957826,27.995782600000002,0.0,0.0,100.0,1.0,0.11,-11.0,-233.95671687428447,233.95671687428447,0.0,-233.95671687428447,233.95671687428447,0.0,-14385.096695492091,14385.096695492091,0.0,0.0,0.0,0.0,0.0,0.0,0.0,0.0,0.0,-147541.1012924066,-147541.1012924066,14853.01012924066,14853.01012924066,14753.01012924066,0.0,100.0,0.0,0.0,14853.01012924066,14853.01012924066,1,0.0,100.0
2880,17766.236824368665,0.0,-177662.36824368665,0.0,10.0,0.0,-0.0,0.1,0.2817571,28.17571,0.0,0.0,100.0,1.0,0.08,-8.0,-233.87776892879663,233.87776892879663,0.0,-233.87776892879663,233.87776892879663,0.0,-17398.481286511073,17398.481286511073,0.0,0.0,0.0,0.0,0.0,0.0,0.0,0.0,0.0,-177670.36824368665,-177670.36824368665,17866.236824368665,17866.236824368665,17766.236824368665,0.0,100.0,0.0,0.0,17866.236824368665,17866.236824368665,1,0.0,100.0
2881,17812.34233386751,0.0,-178123.4233386751,0.0,10.0,0.0,-0.0,0.1,0.282008775,28.200877499999997,0.0,0.0,100.0,1.0,0.08,-8.0,-233.58818658556024,233.58818658556024,0.0,-233.58818658556024,233.58818658556024,0.0,-17445.165960696388,17445.165960696388,0.0,0.0,0.0,0.0,0.0,0.0,0.0,0.0,0.0,-178131.4233386751,-178131.4233386751,17912.34233386751,17912.34233386751,17812.34233386751,0.0,100.0,0.0,0.0,17912.34233386751,17912.34233386751,1,0.0,100.0
2882,17858.877048273906,0.0,-178588.77048273906,0.0,10.0,0.0,-0.0,0.1,0.290415284,29.0415284,0.0,0.0,100.0,1.0,0.08,-8.0,-233.5102351020164,233.5102351020164,0.0,-233.5102351020164,233.5102351020164,0.0,-17491.856578069874,17491.856578069874,0.0,0.0,0.0,0.0,0.0,0.0,0.0,0.0,0.0,-178596.77048273906,-178596.77048273906,17958.877048273906,17958.877048273906,17858.877048273906,0.0,100.0,0.0,0.0,17958.877048273906,17958.877048273906,1,0.0,100.0
2883,18623.28385416797,0.0,-186232.8385416797,0.0,10.0,0.0,-0.0,0.1,0.285800125,28.580012500000002,0.0,0.0,100.0,1.0,0.08,-8.0,-234.5118714095797,234.5118714095797,0.0,-234.5118714095797,234.5118714095797,0.0,-18254.260111348813,18254.260111348813,0.0,0.0,0.0,0.0,0.0,0.0,0.0,0.0,0.0,-186240.8385416797,-186240.8385416797,18723.28385416797,18723.28385416797,18623.28385416797,0.0,100.0,0.0,0.0,18723.28385416797,18723.28385416797,1,0.0,100.0
2884,20551.27209136545,0.0,-205512.72091365448,0.0,10.0,0.0,-0.0,0.1,0.277669454,27.766945399999997,0.0,0.0,100.0,1.0,0.08,-8.0,-234.389449982231,234.389449982231,0.0,-234.389449982231,234.389449982231,0.0,-20182.493191400987,20182.493191400987,0.0,0.0,0.0,0.0,0.0,0.0,0.0,0.0,0.0,-205520.72091365448,-205520.72091365448,20651.27209136545,20651.27209136545,20551.27209136545,0.0,100.0,0.0,0.0,20651.27209136545,20651.27209136545,1,0.0,100.0
2885,24458.940107931645,0.0,-244589.40107931645,0.0,10.0,0.0,-0.0,0.1,0.263823747,26.3823747,0.0,0.0,100.0,1.0,0.11,-11.0,-368.7408816986875,368.7408816986875,0.0,-368.7408816986875,368.7408816986875,0.0,-26430.975825688165,26430.975825688165,0.0,0.0,2056.700830078125,2056.700830078125,0.0,0.0,552.8166510757718,552.8166510757718,0.0,-244600.40107931645,-244600.40107931645,27168.45758908554,27168.45758908554,27068.45758908554,0.0,100.0,0.0,0.0,27168.45758908554,24558.940107931645,1,0.0,100.0
2886,18761.929953023544,0.0,-187619.29953023544,0.0,10.0,0.0,-0.0,0.1,0.239061298,23.906129800000002,0.0,0.0,100.0,1.0,0.11,-11.0,-611.3149220915371,611.3149220915371,0.0,-611.3149220915371,611.3149220915371,0.0,-30230.082650360364,30230.082650360364,0.0,0.0,8638.143486328125,8638.143486328125,0.0,0.0,3952.639055191768,3952.639055191768,0.0,-187630.29953023544,-187630.29953023544,31452.712494543437,31452.712494543437,31352.712494543437,0.0,100.0,0.0,0.0,31452.712494543437,18861.929953023544,1,0.0,100.0
2887,39378.058030940694,0.0,-393780.58030940697,0.0,10.0,0.0,-0.0,0.1,0.216601386,21.6601386,0.0,0.0,100.0,1.0,0.11,-11.0,-888.0534897086334,888.0534897086334,0.0,-888.0534897086334,888.0534897086334,0.0,-63366.467957702174,63366.467957702174,0.0,0.0,16266.633837890624,16266.633837890624,0.0,0.0,9397.883068288122,9397.883068288122,0.0,-393791.58030940697,-393791.58030940697,65142.57493711944,65142.57493711944,65042.57493711944,0.0,100.0,0.0,0.0,65142.57493711944,39478.058030940694,1,0.0,100.0
2888,25024.2437604339,0.0,-250242.43760433898,0.0,10.0,0.0,-0.0,0.1,0.20835326,20.835326000000002,0.0,0.0,100.0,1.0,0.11,-11.0,-913.8184804548108,913.8184804548108,0.0,-913.8184804548108,913.8184804548108,0.0,-61148.79431609569,61148.79431609569,0.0,0.0,22511.52544921875,22511.52544921875,0.0,0.0,15340.662067352669,15340.662067352669,0.0,-250253.43760433898,-250253.43760433898,62976.431277005315,62976.431277005315,62876.431277005315,0.0,100.0,0.0,0.0,62976.431277005315,25124.2437604339,1,0.0,100.0
2889,12145.526262108924,0.0,-121455.26262108923,0.0,10.0,0.0,-0.0,0.1,0.209575034,20.9575034,0.0,0.0,100.0,1.0,0.11,-11.0,-960.5985619644772,960.5985619644772,0.0,-960.5985619644772,960.5985619644772,0.0,-58188.72648940264,58188.72648940264,0.0,0.0,28045.92041015625,28045.92041015625,0.0,0.0,19818.47694106642,19818.47694106642,0.0,-121466.26262108923,-121466.26262108923,60109.923613331586,60109.92361333159,60009.923613331586,0.0,100.0,0.0,0.0,60109.92361333159,12245.526262108928,1,0.0,100.0
2890,2716.458380179054,0.0,-27164.58380179054,0.0,10.0,0.0,-0.0,0.1,0.220727425,22.0727425,0.0,0.0,100.0,1.0,0.11,-11.0,-1019.1710059238562,1019.1710059238562,0.0,-1019.1710059238562,1019.1710059238562,0.0,-58188.10172308206,58188.10172308206,0.0,0.0,33168.975205078124,33168.975205078124,0.0,0.0,24241.010149672595,24241.010149672595,0.0,-27175.58380179054,-27175.58380179054,60226.44373492978,60226.44373492977,60126.44373492978,0.0,100.0,0.0,0.0,60226.44373492977,2816.4583801790504,1,0.0,100.0
2891,0.0,0.0,-0.0,55.55555555555556,10.0,0.0,-0.0,0.1,0.2516575789999999,0.0,0.0,100.0,0.0,1.0,0.11,0.0,-995.936940229494,995.936940229494,0.0,-995.936940229494,995.936940229494,0.0,-55175.05291312593,55175.05291312593,0.0,0.0,34739.54674804687,34739.54674804687,0.0,3399.446999467673,25982.382600561275,22582.935601093603,0.0,0.0,0.0,57322.482349140475,57322.482349140475,57322.482349140475,0.0,0.0,155.55555555555475,0.0,57166.92679358492,-3555.002555023224,1,-55.55555555555556,-100.0
2892,11588.081201837926,0.0,-115880.81201837925,0.0,60.0,45.0,-0.0,0.6,0.274276057,27.4276057,0.0,0.0,100.0,1.0,0.11,-11.0,-945.3688229702104,945.3688229702104,0.0,-945.3688229702104,945.3688229702104,0.0,-62129.36897404714,62129.36897404714,0.0,0.0,26138.797822265624,26138.797822265624,0.0,0.0,26148.227595884007,26148.227595884007,0.0,-115891.81201837925,-115891.81201837925,64020.10661998755,64020.10661998756,63875.10661998755,0.0,145.0,0.0,0.0,64020.10661998756,11733.08120183793,1,45.0,100.0
2893,17260.646361331637,0.0,-172606.46361331636,0.0,10.0,0.0,-0.0,0.1,0.26652432,26.652431999999997,0.0,0.0,100.0,1.0,0.11,-11.0,-961.6199436163078,961.6199436163078,0.0,-961.6199436163078,961.6199436163078,0.0,-64599.49232056586,64599.49232056586,0.0,0.0,24119.491552734373,24119.491552734373,0.0,0.0,25042.594293732465,25042.594293732465,0.0,-172617.46361331636,-172617.46361331636,66522.73220779849,66522.73220779847,66422.73220779849,0.0,100.0,0.0,0.0,66522.73220779847,17360.64636133163,1,0.0,100.0
2894,19526.44457358938,0.0,-195264.4457358938,0.0,10.0,0.0,-0.0,0.1,0.254406294,25.4406294,0.0,0.0,100.0,1.0,0.08,-8.0,-978.2564835245768,978.2564835245768,0.0,-978.2564835245768,978.2564835245768,0.0,-59835.80421124892,59835.80421124892,0.0,0.0,20716.58654296875,20716.58654296875,0.0,0.0,21449.286061739946,21449.286061739946,0.0,-195272.4457358938,-195272.4457358938,61792.31717829808,61792.31717829807,61692.31717829808,0.0,100.0,0.0,0.0,61792.31717829807,19626.444573589375,1,0.0,100.0
2895,29629.48385884942,0.0,-296294.8385884942,0.0,10.0,0.0,-0.0,0.1,0.269834958,26.9834958,0.0,0.0,100.0,1.0,0.08,-8.0,-944.9832342488378,944.9832342488378,0.0,-944.9832342488378,944.9832342488378,0.0,-61141.03745794376,61141.03745794376,0.0,0.0,16191.844716796875,16191.844716796875,0.0,0.0,17109.67535079514,17109.67535079514,0.0,-296302.8385884942,-296302.8385884942,63031.00392644144,63031.00392644144,62931.00392644144,0.0,100.0,0.0,0.0,63031.00392644144,29729.483858849424,1,0.0,100.0
2896,33707.2767656286,0.0,-337072.767656286,0.0,10.0,0.0,-0.0,0.1,0.28014665,28.014665,0.0,0.0,100.0,1.0,0.08,-8.0,-719.5641346072453,719.5641346072453,0.0,-719.5641346072453,719.5641346072453,0.0,-54317.672716488734,54317.672716488734,0.0,0.0,11031.395361328125,11031.395361328125,0.0,0.0,10918.128858746491,10918.128858746491,0.0,-337080.767656286,-337080.767656286,55756.800985703216,55756.80098570322,55656.800985703216,0.0,100.0,0.0,0.0,55756.80098570322,33807.27676562861,1,0.0,100.0
2897,33079.23207369701,0.0,-330792.32073697005,0.0,10.0,0.0,-0.0,0.1,0.294030757,29.4030757,0.0,0.0,100.0,1.0,0.11,-11.0,-705.9050748716968,705.9050748716968,0.0,-705.9050748716968,705.9050748716968,0.0,-42265.7926651545,42265.7926651545,0.0,0.0,5384.81671875,5384.81671875,0.0,0.0,5113.5540224508895,5113.5540224508895,0.0,-330803.32073697005,-330803.32073697005,43677.602814897895,43677.602814897895,43577.602814897895,0.0,100.0,0.0,0.0,43677.602814897895,33179.23207369701,1,0.0,100.0
2898,41936.653594504554,0.0,-419366.5359450455,0.0,10.0,0.0,-0.0,0.1,0.308872813,30.8872813,0.0,0.0,100.0,1.0,0.11,-11.0,-696.4038183940253,696.4038183940253,0.0,-696.4038183940253,696.4038183940253,0.0,-42339.65885205043,42339.65885205043,0.0,0.0,673.10208984375,673.10208984375,0.0,0.0,1022.710804490178,1022.710804490178,0.0,-419377.5359450455,-419377.5359450455,43732.46648883848,43732.46648883848,43632.46648883848,0.0,100.0,0.0,0.0,43732.46648883848,42036.653594504554,1,0.0,100.0
2899,36175.3169021072,0.0,-361753.16902107204,0.0,10.0,0.0,-0.0,0.1,0.315473878,31.5473878,0.0,0.0,100.0,1.0,0.11,-11.0,-710.6059977979338,710.6059977979338,0.0,-710.6059977979338,710.6059977979338,0.0,-34854.10490651133,34854.10490651133,0.0,0.0,0.0,0.0,0.0,0.0,0.0,0.0,0.0,-361764.16902107204,-361764.16902107204,36275.3169021072,36275.3169021072,36175.3169021072,0.0,100.0,0.0,0.0,36275.3169021072,36275.3169021072,1,0.0,100.0
2900,33746.12834747099,0.0,-337461.28347470996,0.0,10.0,0.0,-0.0,0.1,0.303860549,30.386054899999998,0.0,0.0,100.0,1.0,0.11,-11.0,-234.16077633871504,234.16077633871504,0.0,-234.16077633871504,234.16077633871504,0.0,-33377.80679479356,33377.80679479356,0.0,0.0,0.0,0.0,0.0,0.0,0.0,0.0,0.0,-337472.28347470996,-337472.28347470996,33846.12834747099,33846.12834747099,33746.12834747099,0.0,100.0,0.0,0.0,33846.12834747099,33846.12834747099,1,0.0,100.0
2901,21488.891535779654,0.0,-214888.91535779653,0.0,10.0,0.0,-0.0,0.1,0.302260347,30.2260347,0.0,0.0,100.0,1.0,0.11,-11.0,-233.4407518085636,233.4407518085636,0.0,-233.4407518085636,233.4407518085636,0.0,-21122.01003216253,21122.01003216253,0.0,0.0,0.0,0.0,0.0,0.0,0.0,0.0,0.0,-214899.91535779653,-214899.91535779653,21588.891535779654,21588.891535779654,21488.891535779654,0.0,100.0,0.0,0.0,21588.891535779654,21588.891535779654,1,0.0,100.0
2902,18510.29028121342,0.0,-185102.90281213418,0.0,10.0,0.0,-0.0,0.1,0.300601145,30.0601145,0.0,0.0,100.0,1.0,0.11,-11.0,-236.42930603546984,236.42930603546984,0.0,-236.42930603546984,236.42930603546984,0.0,-18137.43166914248,18137.43166914248,0.0,0.0,0.0,0.0,0.0,0.0,0.0,0.0,0.0,-185113.90281213418,-185113.90281213418,18610.29028121342,18610.29028121342,18510.29028121342,0.0,100.0,0.0,0.0,18610.29028121342,18610.29028121342,1,0.0,100.0
2903,17765.437154265062,0.0,-177654.37154265062,0.0,10.0,0.0,-0.0,0.1,0.299706047,29.9706047,0.0,0.0,100.0,1.0,0.11,-11.0,-233.4779338769943,233.4779338769943,0.0,-233.4779338769943,233.4779338769943,0.0,-17398.481286511073,17398.481286511073,0.0,0.0,0.0,0.0,0.0,0.0,0.0,0.0,0.0,-177665.37154265062,-177665.37154265062,17865.437154265062,17865.437154265062,17765.437154265062,0.0,100.0,0.0,0.0,17865.437154265062,17865.437154265062,1,0.0,100.0
2904,17765.387181797396,0.0,-177653.87181797397,0.0,10.0,0.0,-0.0,0.1,0.309449005,30.9449005,0.0,0.0,100.0,1.0,0.08,-8.0,-233.45303228673544,233.45303228673544,0.0,-233.45303228673544,233.45303228673544,0.0,-17398.481117223924,17398.481117223924,0.0,0.0,0.0,0.0,0.0,0.0,0.0,0.0,0.0,-177661.87181797397,-177661.87181797397,17865.387181797396,17865.387181797396,17765.387181797396,0.0,100.0,0.0,0.0,17865.387181797396,17865.387181797396,1,0.0,100.0
2905,17765.306642316194,0.0,-177653.06642316194,0.0,10.0,0.0,-0.0,0.1,0.3140697189999999,31.40697189999999,0.0,0.0,100.0,1.0,0.08,-8.0,-233.41276254613584,233.41276254613584,0.0,-233.41276254613584,233.41276254613584,0.0,-17398.481117223924,17398.481117223924,0.0,0.0,0.0,0.0,0.0,0.0,0.0,0.0,0.0,-177661.06642316194,-177661.06642316194,17865.306642316194,17865.306642316194,17765.306642316194,0.0,100.0,0.0,0.0,17865.306642316194,17865.306642316194,1,0.0,100.0
2906,17765.24168490126,0.0,-177652.4168490126,0.0,10.0,0.0,-0.0,0.1,0.317153649,31.715364899999997,0.0,0.0,100.0,1.0,0.08,-8.0,-233.3802808156832,233.3802808156832,0.0,-233.3802808156832,233.3802808156832,0.0,-17398.481123269892,17398.481123269892,0.0,0.0,0.0,0.0,0.0,0.0,0.0,0.0,0.0,-177660.4168490126,-177660.4168490126,17865.24168490126,17865.24168490126,17765.24168490126,0.0,100.0,0.0,0.0,17865.24168490126,17865.24168490126,1,0.0,100.0
2907,18514.833205259652,0.0,-185148.33205259652,0.0,10.0,0.0,-0.0,0.1,0.305452021,30.5452021,0.0,0.0,100.0,1.0,0.08,-8.0,-238.70084967918064,238.70084967918064,0.0,-238.70084967918064,238.70084967918064,0.0,-18137.43150590129,18137.43150590129,0.0,0.0,0.0,0.0,0.0,0.0,0.0,0.0,0.0,-185156.33205259652,-185156.33205259652,18614.833205259652,18614.833205259652,18514.833205259652,0.0,100.0,0.0,0.0,18614.833205259652,18614.833205259652,1,0.0,100.0
2908,20464.80752296903,0.0,-204648.0752296903,0.0,10.0,0.0,-0.0,0.1,0.28909964,28.909964,0.0,0.0,100.0,1.0,0.08,-8.0,-237.90216967756976,237.90216967756976,0.0,-237.90216967756976,237.90216967756976,0.0,-20089.00318361389,20089.00318361389,0.0,0.0,0.0,0.0,0.0,0.0,0.0,0.0,0.0,-204656.0752296903,-204656.0752296903,20564.80752296903,20564.80752296903,20464.80752296903,0.0,100.0,0.0,0.0,20564.80752296903,20564.80752296903,1,0.0,100.0
2909,20193.49544783683,0.0,-201934.9544783683,0.0,10.0,0.0,-0.0,0.1,0.264613653,26.4613653,0.0,0.0,100.0,1.0,0.11,-11.0,-377.039909414094,377.039909414094,0.0,-377.039909414094,377.039909414094,0.0,-22737.492350919456,22737.492350919456,0.0,0.0,2617.61923828125,2617.61923828125,0.0,0.0,580.4574836295604,580.4574836295604,0.0,-201945.9544783683,-201945.9544783683,23491.57216974764,23491.572169747644,23391.57216974764,0.0,100.0,0.0,0.0,23491.572169747644,20293.495447836835,1,0.0,100.0
2910,18348.055728655603,0.0,-183480.55728655602,0.0,10.0,0.0,-0.0,0.1,0.2297278469999999,22.97278469999999,0.0,0.0,100.0,1.0,0.11,-11.0,-622.9936782560152,622.9936782560152,0.0,-622.9936782560152,622.9936782560152,0.0,-30223.698535665266,30223.698535665266,0.0,0.0,9124.2727734375,9124.2727734375,0.0,0.0,3897.357390084192,3897.357390084192,0.0,-183491.55728655602,-183491.55728655602,31469.685892177295,31469.685892177295,31369.685892177295,0.0,100.0,0.0,0.0,31469.685892177295,18448.055728655603,1,0.0,100.0
2911,37859.28808679203,0.0,-378592.88086792035,0.0,10.0,0.0,-0.0,0.1,0.217510972,21.7510972,0.0,0.0,100.0,1.0,0.11,-11.0,-882.4425344702927,882.4425344702927,0.0,-882.4425344702927,882.4425344702927,0.0,-63362.89896135333,63362.89896135333,0.0,0.0,16416.212080078123,16416.212080078123,0.0,0.0,10752.28386342376,10752.28386342376,0.0,-378603.88086792035,-378603.88086792035,65127.784030293915,65127.784030293915,65027.784030293915,0.0,100.0,0.0,0.0,65127.784030293915,37959.28808679203,1,0.0,100.0
2912,23778.369905239153,0.0,-237783.69905239152,0.0,10.0,0.0,-0.0,0.1,0.201836663,20.1836663,0.0,0.0,100.0,1.0,0.11,-11.0,-921.7993711566068,921.7993711566068,0.0,-921.7993711566068,921.7993711566068,0.0,-61151.9239518295,61151.9239518295,0.0,0.0,22698.49825195313,22698.49825195313,0.0,0.0,16418.654536950424,16418.654536950424,0.0,-237794.69905239152,-237794.69905239152,62995.5226941427,62995.52269414271,62895.5226941427,0.0,100.0,0.0,0.0,62995.52269414271,23878.36990523916,1,0.0,100.0
2913,9821.820974980496,0.0,-98218.20974980496,0.0,10.0,0.0,-0.0,0.1,0.2032924019999999,20.32924019999999,0.0,0.0,100.0,1.0,0.11,-11.0,-983.6821152517008,983.6821152517008,0.0,-983.6821152517008,983.6821152517008,0.0,-58187.76907987744,58187.76907987744,0.0,0.0,29392.12458984375,29392.12458984375,0.0,0.0,20841.1877455566,20841.1877455566,0.0,-98229.20974980496,-98229.20974980496,60155.13331038084,60155.13331038084,60055.13331038084,0.0,100.0,0.0,0.0,60155.13331038084,9921.820974980496,1,0.0,100.0
2914,3233.723938549876,0.0,-32337.23938549876,0.0,10.0,0.0,-0.0,0.1,0.212489641,21.248964100000002,0.0,0.0,100.0,1.0,0.11,-11.0,-1034.5265313449454,1034.5265313449454,0.0,-1034.5265313449454,1034.5265313449454,0.0,-58186.90659207586,58186.90659207586,0.0,0.0,32570.662236328124,32570.662236328124,0.0,0.0,24351.57347988775,24351.57347988775,0.0,-32348.23938549876,-32348.23938549876,60255.95965476575,60255.95965476575,60155.95965476575,0.0,100.0,0.0,0.0,60255.95965476575,3333.723938549876,1,0.0,100.0
2915,910.002464752266,0.0,-9100.02464752266,0.0,10.0,0.0,-0.0,0.1,0.242235933,24.223593299999997,0.0,0.0,100.0,1.0,0.11,-11.0,-1050.3705779350632,1050.3705779350632,0.0,-1050.3705779350632,1050.3705779350632,0.0,-58818.26405345213,58818.26405345213,0.0,0.0,33954.2609765625,33954.2609765625,0.0,0.0,25954.741768007487,25954.741768007487,0.0,-9111.02464752266,-9111.02464752266,60919.005209322255,60919.005209322255,60819.005209322255,0.0,100.0,0.0,0.0,60919.005209322255,1010.002464752266,1,0.0,100.0
2916,8248.286984703118,0.0,-82482.86984703118,0.0,10.0,0.0,-0.0,0.1,0.26663403,26.663403000000002,0.0,0.0,100.0,1.0,0.11,-11.0,-1009.2698675734324,1009.2698675734324,0.0,-1009.2698675734324,1009.2698675734324,0.0,-67368.78342598063,67368.78342598063,0.0,0.0,33729.89361328125,33729.89361328125,0.0,0.0,27309.142563143127,27309.142563143127,0.0,-82493.86984703118,-82493.86984703118,69387.3231611275,69387.3231611275,69287.3231611275,0.0,100.0,0.0,0.0,69387.3231611275,8348.286984703118,1,0.0,100.0
2917,21002.68144672733,0.0,-210026.8144672733,0.0,10.0,0.0,-0.0,0.1,0.267072265,26.707226499999997,0.0,0.0,100.0,1.0,0.11,-11.0,-1012.2039226752296,1012.2039226752296,0.0,-1012.2039226752296,1012.2039226752296,0.0,-73625.20778603396,73625.20778603396,0.0,0.0,28868.6007421875,28868.6007421875,0.0,0.0,25678.3334424696,25678.3334424696,0.0,-210037.8144672733,-210037.8144672733,75649.61563138443,75649.61563138443,75549.61563138443,0.0,100.0,0.0,0.0,75649.61563138443,21102.68144672732,1,0.0,100.0
2918,32033.455547725323,0.0,-320334.5554772532,0.0,10.0,0.0,-0.0,0.1,0.2556872719999999,25.56872719999999,0.0,0.0,100.0,1.0,0.08,-8.0,-991.6630352427408,991.6630352427408,0.0,-991.6630352427408,991.6630352427408,0.0,-79381.98529332271,79381.98529332271,0.0,0.0,27036.267275390623,27036.267275390623,0.0,0.0,22195.58854069224,22195.58854069224,0.0,-320342.5554772532,-320342.5554772532,81365.31136380818,81365.31136380818,81265.31136380818,0.0,100.0,0.0,0.0,81365.31136380818,32133.455547725323,1,0.0,100.0
2919,47873.19034593096,0.0,-478731.9034593096,0.0,10.0,0.0,-0.0,0.1,0.261863193,26.1863193,0.0,0.0,100.0,1.0,0.08,-8.0,-924.8482049502588,924.8482049502588,0.0,-924.8482049502588,924.8482049502588,0.0,-84444.05011291159,84444.05011291159,0.0,0.0,20492.219179687498,20492.219179687498,0.0,0.0,17828.33699719364,17828.33699719364,0.0,-478739.9034593096,-478739.9034593096,86293.7465228121,86293.7465228121,86193.7465228121,0.0,100.0,0.0,0.0,86293.7465228121,47973.19034593096,1,0.0,100.0
2920,52914.963032195315,0.0,-529149.6303219532,0.0,10.0,0.0,-0.0,0.1,0.274196975,27.4196975,0.0,0.0,100.0,1.0,0.08,-8.0,-688.7510735101988,688.7510735101988,0.0,-688.7510735101988,688.7510735101988,0.0,-76988.30138302996,76988.30138302996,0.0,0.0,13686.40916015625,13686.40916015625,0.0,0.0,11664.431337698785,11664.431337698785,0.0,-529157.6303219532,-529157.6303219532,78365.80353005035,78365.80353005035,78265.80353005035,0.0,100.0,0.0,0.0,78365.80353005035,53014.963032195315,1,0.0,100.0
2921,50871.12510874563,0.0,-508711.25108745636,0.0,10.0,0.0,-0.0,0.1,0.289787755,28.978775499999998,0.0,0.0,100.0,1.0,0.11,-11.0,-669.9001181696098,669.9001181696098,0.0,-669.9001181696098,669.9001181696098,0.0,-61324.732819122095,61324.732819122095,0.0,0.0,5833.5514453125,5833.5514453125,0.0,0.0,5859.856501403181,5859.856501403181,0.0,-508722.25108745636,-508722.25108745636,62664.53305546132,62664.53305546132,62564.53305546132,0.0,100.0,0.0,0.0,62664.53305546132,50971.12510874563,1,0.0,100.0
2922,54037.08098433264,0.0,-540370.8098433265,0.0,10.0,0.0,-0.0,0.1,0.2911779869999999,29.11779869999999,0.0,0.0,100.0,1.0,0.11,-11.0,-654.5519774039271,654.5519774039271,0.0,-654.5519774039271,654.5519774039271,0.0,-54372.59133024574,54372.59133024574,0.0,0.0,411.34016601562496,411.34016601562496,0.0,0.0,1133.2741347053322,1133.2741347053322,0.0,-540381.8098433265,-540381.8098433265,55681.695285053596,55681.695285053596,55581.695285053596,0.0,100.0,0.0,0.0,55681.695285053596,54137.08098433264,1,0.0,100.0
2923,41786.39815990843,0.0,-417863.9815990843,0.0,10.0,0.0,-0.0,0.1,0.294460356,29.4460356,0.0,0.0,100.0,1.0,0.11,-11.0,-671.9535025902089,671.9535025902089,0.0,-671.9535025902089,671.9535025902089,0.0,-40542.49115472801,40542.49115472801,0.0,0.0,0.0,0.0,0.0,0.0,0.0,0.0,0.0,-417874.9815990843,-417874.9815990843,41886.39815990843,41886.39815990843,41786.39815990843,0.0,100.0,0.0,0.0,41886.39815990843,41886.39815990843,1,0.0,100.0
2924,35264.247168602575,0.0,-352642.47168602573,0.0,10.0,0.0,-0.0,0.1,0.290484225,29.048422499999997,0.0,0.0,100.0,1.0,0.11,-11.0,-233.27782277010704,233.27782277010704,0.0,-233.27782277010704,233.27782277010704,0.0,-34897.69152306236,34897.69152306236,0.0,0.0,0.0,0.0,0.0,0.0,0.0,0.0,0.0,-352653.47168602573,-352653.47168602573,35364.247168602575,35364.247168602575,35264.247168602575,0.0,100.0,0.0,0.0,35364.247168602575,35364.247168602575,1,0.0,100.0
2925,21488.7814901715,0.0,-214887.814901715,0.0,10.0,0.0,-0.0,0.1,0.286452091,28.645209100000002,0.0,0.0,100.0,1.0,0.11,-11.0,-233.3858106250693,233.3858106250693,0.0,-233.3858106250693,233.3858106250693,0.0,-21122.00986892136,21122.00986892136,0.0,0.0,0.0,0.0,0.0,0.0,0.0,0.0,0.0,-214898.814901715,-214898.814901715,21588.7814901715,21588.7814901715,21488.7814901715,0.0,100.0,0.0,0.0,21588.7814901715,21588.7814901715,1,0.0,100.0
2926,18510.10857812932,0.0,-185101.0857812932,0.0,10.0,0.0,-0.0,0.1,0.292501787,29.250178700000003,0.0,0.0,100.0,1.0,0.11,-11.0,-236.33853611401383,236.33853611401383,0.0,-236.33853611401383,236.33853611401383,0.0,-18137.43150590129,18137.43150590129,0.0,0.0,0.0,0.0,0.0,0.0,0.0,0.0,0.0,-185112.0857812932,-185112.0857812932,18610.10857812932,18610.10857812932,18510.10857812932,0.0,100.0,0.0,0.0,18610.10857812932,18610.10857812932,1,0.0,100.0
2927,17765.208878708574,0.0,-177652.08878708573,0.0,10.0,0.0,-0.0,0.1,0.291721192,29.1721192,0.0,0.0,100.0,1.0,0.11,-11.0,-233.3638746963545,233.3638746963545,0.0,-233.3638746963545,233.3638746963545,0.0,-17398.481129315864,17398.481129315864,0.0,0.0,0.0,0.0,0.0,0.0,0.0,0.0,0.0,-177663.08878708573,-177663.08878708573,17865.208878708574,17865.208878708574,17765.208878708574,0.0,100.0,0.0,0.0,17865.208878708574,17865.208878708574,1,0.0,100.0
2928,17765.045398367536,0.0,-177650.45398367537,0.0,10.0,0.0,-0.0,0.1,0.294595814,29.4595814,0.0,0.0,100.0,1.0,0.08,-8.0,-233.2822191694095,233.2822191694095,0.0,-233.2822191694095,233.2822191694095,0.0,-17398.480960028715,17398.480960028715,0.0,0.0,0.0,0.0,0.0,0.0,0.0,0.0,0.0,-177658.45398367537,-177658.45398367537,17865.045398367536,17865.045398367536,17765.045398367536,0.0,100.0,0.0,0.0,17865.045398367536,17865.045398367536,1,0.0,100.0
2929,17764.905208138916,0.0,-177649.05208138918,0.0,10.0,0.0,-0.0,0.1,0.288127809,28.8127809,0.0,0.0,100.0,1.0,0.08,-8.0,-233.21212707808607,233.21212707808607,0.0,-233.21212707808607,233.21212707808607,0.0,-17398.480953982744,17398.480953982744,0.0,0.0,0.0,0.0,0.0,0.0,0.0,0.0,0.0,-177657.05208138918,-177657.05208138918,17864.905208138916,17864.905208138916,17764.905208138916,0.0,100.0,0.0,0.0,17864.905208138916,17864.905208138916,1,0.0,100.0
2930,17764.792182450194,0.0,-177647.92182450194,0.0,10.0,0.0,-0.0,0.1,0.292246216,29.2246216,0.0,0.0,100.0,1.0,0.08,-8.0,-233.15561423372503,233.15561423372503,0.0,-233.15561423372503,233.15561423372503,0.0,-17398.480953982744,17398.480953982744,0.0,0.0,0.0,0.0,0.0,0.0,0.0,0.0,0.0,-177655.92182450194,-177655.92182450194,17864.792182450194,17864.792182450194,17764.792182450194,0.0,100.0,0.0,0.0,17864.792182450194,17864.792182450194,1,0.0,100.0
2931,18505.699152042645,0.0,-185056.99152042647,0.0,10.0,0.0,-0.0,0.1,0.308558671,30.8558671,0.0,0.0,100.0,1.0,0.08,-8.0,-234.13391073723665,234.13391073723665,0.0,-234.13391073723665,234.13391073723665,0.0,-18137.43133056817,18137.43133056817,0.0,0.0,0.0,0.0,0.0,0.0,0.0,0.0,0.0,-185064.99152042647,-185064.99152042647,18605.699152042645,18605.699152042645,18505.699152042645,0.0,100.0,0.0,0.0,18605.699152042645,18605.699152042645,1,0.0,100.0
2932,20457.054085308762,0.0,-204570.54085308762,0.0,10.0,0.0,-0.0,0.1,0.28902556,28.902556,0.0,0.0,100.0,1.0,0.08,-8.0,-234.0255657208569,234.0255657208569,0.0,-234.0255657208569,234.0255657208569,0.0,-20089.00295386705,20089.00295386705,0.0,0.0,0.0,0.0,0.0,0.0,0.0,0.0,0.0,-204578.54085308762,-204578.54085308762,20557.054085308762,20557.054085308762,20457.054085308762,0.0,100.0,0.0,0.0,20557.054085308762,20557.054085308762,1,0.0,100.0
2933,21196.001060749793,0.0,-211960.01060749794,0.0,10.0,0.0,-0.0,0.1,0.248885592,24.8885592,0.0,0.0,100.0,1.0,0.11,-11.0,-295.0037286088487,295.0037286088487,0.0,-295.0037286088487,295.0037286088487,0.0,-22761.105701625016,22761.105701625016,0.0,0.0,1308.809619140625,1308.809619140625,0.0,0.0,746.302478952292,746.302478952292,0.0,-211971.01060749794,-211971.01060749794,23351.11315884271,23351.113158842712,23251.11315884271,0.0,100.0,0.0,0.0,23351.113158842712,21296.001060749797,1,0.0,100.0
2934,21580.896272489394,0.0,-215808.96272489394,0.0,10.0,0.0,-0.0,0.1,0.222711584,22.271158399999997,0.0,0.0,100.0,1.0,0.11,-11.0,-549.4753838164498,549.4753838164498,0.0,-549.4753838164498,549.4753838164498,0.0,-30220.241353479258,30220.241353479258,0.0,0.0,4524.741826171875,4524.741826171875,0.0,0.0,5113.5540224508895,5113.5540224508895,0.0,-215819.96272489394,-215819.96272489394,31319.19212111216,31319.19212111216,31219.19212111216,0.0,100.0,0.0,0.0,31319.19212111216,21680.896272489394,1,0.0,100.0
2935,47055.35126648069,0.0,-470553.5126648069,0.0,10.0,0.0,-0.0,0.1,0.210587948,21.0587948,0.0,0.0,100.0,1.0,0.11,-11.0,-771.1760243090432,771.1760243090432,0.0,-771.1760243090432,771.1760243090432,0.0,-63359.71787441772,63359.71787441772,0.0,0.0,6469.258974609375,6469.258974609375,0.0,0.0,11277.459681945746,11277.459681945746,0.0,-470564.5126648069,-470564.5126648069,64902.069923035815,64902.06992303581,64802.069923035815,0.0,100.0,0.0,0.0,64902.06992303581,47155.35126648069,1,0.0,100.0
2936,35989.786272267374,0.0,-359897.86272267374,0.0,10.0,0.0,-0.0,0.1,0.199978201,19.9978201,0.0,0.0,100.0,1.0,0.11,-11.0,-807.0385298409491,807.0385298409491,0.0,-807.0385298409491,807.0385298409491,0.0,-61142.15692968565,61142.15692968565,0.0,0.0,9086.878212890624,9086.878212890624,0.0,0.0,17579.569504209543,17579.569504209543,0.0,-359908.86272267374,-359908.86272267374,62756.23398936754,62756.233989367545,62656.23398936754,0.0,100.0,0.0,0.0,62756.233989367545,36089.786272267374,1,0.0,100.0
2937,30986.57167630791,0.0,-309865.7167630791,0.0,10.0,0.0,-0.0,0.1,0.2021929089999999,20.21929089999999,0.0,0.0,100.0,1.0,0.11,-11.0,-866.5109373069635,866.5109373069635,0.0,-866.5109373069635,866.5109373069635,0.0,-58185.83104430354,58185.83104430354,0.0,0.0,7217.150185546875,7217.150185546875,0.0,0.0,21615.13105706268,21615.13105706268,0.0,-309876.7167630791,-309876.7167630791,59918.852918917466,59918.852918917466,59818.852918917466,0.0,100.0,0.0,0.0,59918.852918917466,31086.57167630791,1,0.0,100.0
2938,31698.719179457683,0.0,-316987.1917945768,0.0,10.0,0.0,-0.0,0.1,0.220046307,22.0046307,0.0,0.0,100.0,1.0,0.11,-11.0,-938.4131713137627,938.4131713137627,0.0,-938.4131713137627,938.4131713137627,0.0,-64181.40451021431,64181.40451021431,0.0,0.0,9797.37486328125,9797.37486328125,0.0,0.0,24462.136810102904,24462.136810102904,0.0,-316998.1917945768,-316998.1917945768,66058.23085284184,66058.23085284184,65958.23085284184,0.0,100.0,0.0,0.0,66058.23085284184,31798.71917945768,1,0.0,100.0
2939,33761.22905872704,0.0,-337612.2905872704,0.0,10.0,0.0,-0.0,0.1,0.257365945,25.7365945,0.0,0.0,100.0,1.0,0.11,-11.0,-991.304814809968,991.304814809968,0.0,-991.304814809968,991.304814809968,0.0,-65037.32723517587,65037.32723517587,0.0,0.0,10769.6334375,10769.6334375,0.0,0.0,22389.07436856876,22389.07436856876,0.0,-337623.2905872704,-337623.2905872704,67019.9368647958,67019.9368647958,66919.9368647958,0.0,100.0,0.0,0.0,67019.9368647958,33861.22905872704,1,0.0,100.0
2940,37525.797197329826,0.0,-375257.97197329823,0.0,10.0,0.0,-0.0,0.1,0.27352997,27.352997000000002,0.0,0.0,100.0,1.0,0.11,-11.0,-1014.929577269966,1014.929577269966,0.0,-1014.929577269966,1014.929577269966,0.0,-72933.33585763768,72933.33585763768,0.0,0.0,9834.769423828126,9834.769423828126,0.0,0.0,27502.628391019647,27502.628391019647,0.0,-375268.97197329823,-375268.97197329823,74963.1950121776,74963.1950121776,74863.1950121776,0.0,100.0,0.0,0.0,74963.1950121776,37625.797197329826,1,0.0,100.0
2941,36829.5997599411,0.0,-368295.997599411,0.0,10.0,0.0,-0.0,0.1,0.274509712,27.4509712,0.0,0.0,100.0,1.0,0.11,-11.0,-1065.570750273712,1065.570750273712,0.0,-1065.570750273712,1065.570750273712,0.0,-72984.4936485205,72984.4936485205,0.0,0.0,11816.6811328125,11816.6811328125,0.0,0.0,26369.35425631432,26369.35425631432,0.0,-368306.997599411,-368306.997599411,75115.63514906791,75115.63514906792,75015.63514906791,0.0,100.0,0.0,0.0,75115.63514906792,36929.599759941106,1,0.0,100.0
2942,39020.15840926939,0.0,-390201.58409269387,0.0,10.0,0.0,-0.0,0.1,0.272215535,27.221553500000002,0.0,0.0,100.0,1.0,0.08,-8.0,-1094.803230673684,1094.803230673684,0.0,-1094.803230673684,1094.803230673684,0.0,-68362.59694369238,68362.59694369238,0.0,0.0,9236.456455078123,9236.456455078123,0.0,0.0,22195.58854069224,22195.58854069224,0.0,-390209.58409269387,-390209.58409269387,70552.20340503975,70552.20340503975,70452.20340503975,0.0,100.0,0.0,0.0,70552.20340503975,39120.15840926939,1,0.0,100.0
2943,40487.17311095832,0.0,-404871.73110958317,0.0,10.0,0.0,-0.0,0.1,0.281808426,28.1808426,0.0,0.0,100.0,1.0,0.08,-8.0,-1034.9828489895033,1034.9828489895033,0.0,-1034.9828489895033,1034.9828489895033,0.0,-64234.20795357836,64234.20795357836,0.0,0.0,7142.3610644531245,7142.3610644531245,0.0,0.0,18574.63947614593,18574.63947614593,0.0,-404879.73110958317,-404879.73110958317,66304.17365155737,66304.17365155737,66204.17365155737,0.0,100.0,0.0,0.0,66304.17365155737,40587.17311095832,1,0.0,100.0
2944,36251.73159108736,0.0,-362517.3159108736,0.0,10.0,0.0,-0.0,0.1,0.282075398,28.2075398,0.0,0.0,100.0,1.0,0.08,-8.0,-795.4168249408316,795.4168249408316,0.0,-795.4168249408316,795.4168249408316,0.0,-54317.23352516084,54317.23352516084,0.0,0.0,7366.728427734375,7366.728427734375,0.0,0.0,12189.607156220767,12189.607156220767,0.0,-362525.3159108736,-362525.3159108736,55908.0671750425,55908.0671750425,55808.0671750425,0.0,100.0,0.0,0.0,55908.0671750425,36351.73159108736,1,0.0,100.0
2945,33692.40433595076,0.0,-336924.04335950763,0.0,10.0,0.0,-0.0,0.1,0.297111345,29.711134500000004,0.0,0.0,100.0,1.0,0.11,-11.0,-784.4740991255431,784.4740991255431,0.0,-784.4740991255431,784.4740991255431,0.0,-42264.99039521071,42264.99039521071,0.0,0.0,4375.163583984375,4375.163583984375,0.0,0.0,5666.370673526661,5666.370673526661,0.0,-336935.04335950763,-336935.04335950763,43833.938593461804,43833.9385934618,43733.938593461804,0.0,100.0,0.0,0.0,43833.9385934618,33792.40433595076,1,0.0,100.0
2946,41848.5342980138,0.0,-418485.342980138,0.0,10.0,0.0,-0.0,0.1,0.299925003,29.992500300000003,0.0,0.0,100.0,1.0,0.11,-11.0,-744.3254465394643,744.3254465394643,0.0,-744.3254465394643,744.3254465394643,0.0,-42337.808047726765,42337.808047726765,0.0,0.0,523.5238476562499,523.5238476562499,0.0,0.0,1354.400795135641,1354.400795135641,0.0,-418496.342980138,-418496.342980138,43826.45894080569,43826.45894080569,43726.45894080569,0.0,100.0,0.0,0.0,43826.45894080569,41948.5342980138,1,0.0,100.0
2947,36184.143320911295,0.0,-361841.43320911296,0.0,10.0,0.0,-0.0,0.1,0.3029038289999999,30.29038289999999,0.0,0.0,100.0,1.0,0.11,-11.0,-717.5032119719139,717.5032119719139,0.0,-717.5032119719139,717.5032119719139,0.0,-34849.136896967466,34849.136896967466,0.0,0.0,0.0,0.0,0.0,0.0,0.0,0.0,0.0,-361852.43320911296,-361852.43320911296,36284.143320911295,36284.143320911295,36184.143320911295,0.0,100.0,0.0,0.0,36284.143320911295,36284.143320911295,1,0.0,100.0
2948,33740.64098975643,0.0,-337406.4098975643,0.0,10.0,0.0,-0.0,0.1,0.306286155,30.628615500000002,0.0,0.0,100.0,1.0,0.11,-11.0,-234.1916957390173,234.1916957390173,0.0,-234.1916957390173,234.1916957390173,0.0,-33372.2575982784,33372.2575982784,0.0,0.0,0.0,0.0,0.0,0.0,0.0,0.0,0.0,-337417.4098975643,-337417.4098975643,33840.64098975643,33840.64098975643,33740.64098975643,0.0,100.0,0.0,0.0,33840.64098975643,33840.64098975643,1,0.0,100.0
2949,21488.8753560133,0.0,-214888.75356013302,0.0,10.0,0.0,-0.0,0.1,0.32849036,32.849036,0.0,0.0,100.0,1.0,0.11,-11.0,-233.4328402814877,233.4328402814877,0.0,-233.4328402814877,233.4328402814877,0.0,-21122.009675450325,21122.009675450325,0.0,0.0,0.0,0.0,0.0,0.0,0.0,0.0,0.0,-214899.75356013302,-214899.75356013302,21588.8753560133,21588.8753560133,21488.8753560133,0.0,100.0,0.0,0.0,21588.8753560133,21588.8753560133,1,0.0,100.0
2950,18510.215219039877,0.0,-185102.15219039877,0.0,10.0,0.0,-0.0,0.1,0.331559813,33.1559813,0.0,0.0,100.0,1.0,0.11,-11.0,-236.3919502818184,236.3919502818184,0.0,-236.3919502818184,236.3919502818184,0.0,-18137.43131847624,18137.43131847624,0.0,0.0,0.0,0.0,0.0,0.0,0.0,0.0,0.0,-185113.15219039877,-185113.15219039877,18610.215219039877,18610.215219039877,18510.215219039877,0.0,100.0,0.0,0.0,18610.215219039877,18610.215219039877,1,0.0,100.0
2951,17765.21487371953,0.0,-177652.1487371953,0.0,10.0,0.0,-0.0,0.1,0.329275202,32.9275202,0.0,0.0,100.0,1.0,0.11,-11.0,-233.36695684540868,233.36695684540868,0.0,-233.36695684540868,233.36695684540868,0.0,-17398.480960028715,17398.480960028715,0.0,0.0,0.0,0.0,0.0,0.0,0.0,0.0,0.0,-177663.1487371953,-177663.1487371953,17865.21487371953,17865.21487371953,17765.21487371953,0.0,100.0,0.0,0.0,17865.21487371953,17865.21487371953,1,0.0,100.0
2952,17765.013916241507,0.0,-177650.13916241506,0.0,10.0,0.0,-0.0,0.1,0.333299472,33.3299472,0.0,0.0,100.0,1.0,0.08,-8.0,-233.266556704002,233.266556704002,0.0,-233.266556704002,233.266556704002,0.0,-17398.480802833503,17398.480802833503,0.0,0.0,0.0,0.0,0.0,0.0,0.0,0.0,0.0,-177658.13916241506,-177658.13916241506,17865.013916241507,17865.013916241507,17765.013916241507,0.0,100.0,0.0,0.0,17865.013916241507,17865.013916241507,1,0.0,100.0
2953,17764.884812263786,0.0,-177648.84812263786,0.0,10.0,0.0,-0.0,0.1,0.344458402,34.4458402,0.0,0.0,100.0,1.0,0.08,-8.0,-233.20200471514204,233.20200471514204,0.0,-233.20200471514204,233.20200471514204,0.0,-17398.480802833503,17398.480802833503,0.0,0.0,0.0,0.0,0.0,0.0,0.0,0.0,0.0,-177656.84812263786,-177656.84812263786,17864.884812263786,17864.884812263786,17764.884812263786,0.0,100.0,0.0,0.0,17864.884812263786,17864.884812263786,1,0.0,100.0
2954,17764.82186768943,0.0,-177648.2186768943,0.0,10.0,0.0,-0.0,0.1,0.337706348,33.770634799999996,0.0,0.0,100.0,1.0,0.08,-8.0,-233.17052940497672,233.17052940497672,0.0,-233.17052940497672,233.17052940497672,0.0,-17398.480808879474,17398.480808879474,0.0,0.0,0.0,0.0,0.0,0.0,0.0,0.0,0.0,-177656.2186768943,-177656.2186768943,17864.82186768943,17864.82186768943,17764.82186768943,0.0,100.0,0.0,0.0,17864.82186768943,17864.82186768943,1,0.0,100.0
2955,18505.63923949558,0.0,-185056.3923949558,0.0,10.0,0.0,-0.0,0.1,0.3333884669999999,33.33884669999999,0.0,0.0,100.0,1.0,0.08,-8.0,-234.1040360842903,234.1040360842903,0.0,-234.1040360842903,234.1040360842903,0.0,-18137.431167327,18137.431167327,0.0,0.0,0.0,0.0,0.0,0.0,0.0,0.0,0.0,-185064.3923949558,-185064.3923949558,18605.63923949558,18605.63923949558,18505.63923949558,0.0,100.0,0.0,0.0,18605.63923949558,18605.63923949558,1,0.0,100.0
2956,20456.89472061137,0.0,-204568.9472061137,0.0,10.0,0.0,-0.0,0.1,0.334174429,33.4174429,0.0,0.0,100.0,1.0,0.08,-8.0,-233.9460163834933,233.9460163834933,0.0,-233.9460163834933,233.9460163834933,0.0,-20089.002687844382,20089.002687844382,0.0,0.0,0.0,0.0,0.0,0.0,0.0,0.0,0.0,-204576.9472061137,-204576.9472061137,20556.89472061137,20556.89472061137,20456.89472061137,0.0,100.0,0.0,0.0,20556.89472061137,20556.89472061137,1,0.0,100.0
2957,21881.198230096375,0.0,-218811.98230096375,0.0,10.0,0.0,-0.0,0.1,0.334314852,33.4314852,0.0,0.0,100.0,1.0,0.11,-11.0,-284.689764757161,284.689764757161,0.0,-284.689764757161,284.689764757161,0.0,-22775.94160427052,22775.94160427052,0.0,0.0,673.10208984375,673.10208984375,0.0,0.0,691.0208138447148,691.0208138447148,0.0,-218822.98230096375,-218822.98230096375,23345.32113378484,23345.32113378484,23245.32113378484,0.0,100.0,0.0,0.0,23345.32113378484,21981.198230096375,1,0.0,100.0
2958,24427.088607701073,0.0,-244270.8860770107,0.0,10.0,0.0,-0.0,0.1,0.322575173,32.257517299999996,0.0,0.0,100.0,1.0,0.11,-11.0,-543.2693347267357,543.2693347267357,0.0,-543.2693347267357,543.2693347267357,0.0,-30218.97208074716,30218.97208074716,0.0,0.0,1720.14978515625,1720.14978515625,0.0,0.0,5058.272357343312,5058.272357343312,0.0,-244281.8860770107,-244281.8860770107,31305.510750200636,31305.510750200632,31205.510750200636,0.0,100.0,0.0,0.0,31305.510750200632,24527.08860770107,1,0.0,100.0
2959,49254.717457794584,0.0,-492547.17457794584,0.0,10.0,0.0,-0.0,0.1,0.309302126,30.9302126,0.0,0.0,100.0,1.0,0.11,-11.0,-776.1237128870456,776.1237128870456,0.0,-776.1237128870456,776.1237128870456,0.0,-63398.19128141757,63398.19128141757,0.0,0.0,4262.97990234375,4262.97990234375,0.0,0.0,11332.741347053325,11332.741347053325,0.0,-492558.17457794584,-492558.17457794584,64950.43870719166,64950.43870719166,64850.43870719166,0.0,100.0,0.0,0.0,64950.43870719166,49354.717457794584,1,0.0,100.0
2960,41027.76823580266,0.0,-410277.68235802656,0.0,10.0,0.0,-0.0,0.1,0.300858279,30.0858279,0.0,0.0,100.0,1.0,0.11,-11.0,-832.3067821113086,832.3067821113086,0.0,-832.3067821113086,832.3067821113086,0.0,-61203.242505045535,61203.242505045535,0.0,0.0,4823.898310546875,4823.898310546875,0.0,0.0,16916.18952291862,16916.18952291862,0.0,-410288.68235802656,-410288.68235802656,62867.85606926815,62867.85606926815,62767.85606926815,0.0,100.0,0.0,0.0,62867.85606926815,41127.76823580265,1,0.0,100.0
2961,31071.48262399254,0.0,-310714.8262399254,0.0,10.0,0.0,-0.0,0.1,0.295932858,29.593285800000004,0.0,0.0,100.0,1.0,0.11,-11.0,-917.5787341006438,917.5787341006438,0.0,-917.5787341006438,917.5787341006438,0.0,-58202.791875537005,58202.791875537005,0.0,0.0,6394.469853515625,6394.469853515625,0.0,0.0,22471.996866230125,22471.996866230125,0.0,-310725.8262399254,-310725.8262399254,60037.94934373829,60037.94934373829,59937.94934373829,0.0,100.0,0.0,0.0,60037.94934373829,31171.482623992542,1,0.0,100.0
2962,24863.190956168422,0.0,-248631.90956168424,0.0,10.0,0.0,-0.0,0.1,0.303160723,30.316072300000002,0.0,0.0,100.0,1.0,0.11,-11.0,-1028.7477349270896,1028.7477349270896,0.0,-1028.7477349270896,1028.7477349270896,0.0,-58186.32923220337,58186.32923220337,0.0,0.0,9049.48365234375,9049.48365234375,0.0,0.0,26231.150093545373,26231.150093545373,0.0,-248642.90956168424,-248642.90956168424,60243.82470205754,60243.82470205754,60143.82470205754,0.0,100.0,0.0,0.0,60243.82470205754,24963.190956168422,1,0.0,100.0
2963,21500.212879646293,0.0,-215002.12879646293,0.0,10.0,0.0,-0.0,0.1,0.314939467,31.4939467,0.0,0.0,100.0,1.0,0.11,-11.0,-1097.6236790718287,1097.6236790718287,0.0,-1097.6236790718287,1097.6236790718287,0.0,-55173.38052536687,55173.38052536687,0.0,0.0,9012.089091796875,9012.089091796875,0.0,0.0,26756.32591206736,26756.32591206736,0.0,-215013.12879646293,-215013.12879646293,57368.62788351053,57368.627883510526,57268.62788351053,0.0,100.0,0.0,0.0,57368.627883510526,21600.212879646286,1,0.0,100.0
2964,22647.96714506066,0.0,-226479.67145060658,0.0,10.0,0.0,-0.0,0.1,0.3235028339999999,32.35028339999999,0.0,0.0,100.0,1.0,0.11,-11.0,-1124.9052581181609,1124.9052581181609,0.0,-1124.9052581181609,1124.9052581181609,0.0,-58209.53166858112,58209.53166858112,0.0,0.0,9573.0075,9573.0075,0.0,0.0,28138.367539756782,28138.367539756782,0.0,-226490.67145060658,-226490.67145060658,60459.34218481743,60459.34218481744,60359.34218481743,0.0,100.0,0.0,0.0,60459.34218481744,22747.967145060662,1,0.0,100.0
2965,26275.44792628028,0.0,-262754.4792628028,0.0,10.0,0.0,-0.0,0.1,0.33851208,33.851208,0.0,0.0,100.0,1.0,0.11,-11.0,-1190.2408736050538,1190.2408736050538,0.0,-1190.2408736050538,1190.2408736050538,0.0,-58228.58384908707,58228.58384908707,0.0,0.0,7366.728427734375,7366.728427734375,0.0,0.0,26866.889242282512,26866.889242282512,0.0,-262765.4792628028,-262765.4792628028,60609.065596297165,60609.06559629717,60509.065596297165,0.0,100.0,0.0,0.0,60609.06559629717,26375.447926280285,1,0.0,100.0
2966,30188.568560215142,0.0,-301885.68560215144,0.0,10.0,0.0,-0.0,0.1,0.3429068939999999,34.29068939999999,0.0,0.0,100.0,1.0,0.08,-8.0,-1207.8128877185652,1207.8128877185652,0.0,-1207.8128877185652,1207.8128877185652,0.0,-58251.490298974255,58251.490298974255,0.0,0.0,7104.96650390625,7104.96650390625,0.0,0.0,23273.581010289992,23273.581010289992,0.0,-301893.68560215144,-301893.68560215144,60667.11607441139,60667.11607441139,60567.11607441139,0.0,100.0,0.0,0.0,60667.11607441139,30288.568560215146,1,0.0,100.0
2967,35900.26518969021,0.0,-359002.6518969021,0.0,10.0,0.0,-0.0,0.1,0.344994325,34.4994325,0.0,0.0,100.0,1.0,0.08,-8.0,-1140.5665251771666,1140.5665251771666,0.0,-1140.5665251771666,1140.5665251771666,0.0,-61232.62869872987,61232.62869872987,0.0,0.0,10320.8987109375,10320.8987109375,0.0,0.0,17192.597848456502,17192.597848456502,0.0,-359010.6518969021,-359010.6518969021,63513.76174908421,63513.76174908421,63413.76174908421,0.0,100.0,0.0,0.0,63513.76174908421,36000.26518969021,1,0.0,100.0
2968,38166.870959811866,0.0,-381668.7095981187,0.0,10.0,0.0,-0.0,0.1,0.343509265,34.3509265,0.0,0.0,100.0,1.0,0.08,-8.0,-885.627191696484,885.627191696484,0.0,-885.627191696484,885.627191696484,0.0,-54317.15597350804,54317.15597350804,0.0,0.0,5908.34056640625,5908.34056640625,0.0,0.0,11913.198830682884,11913.198830682884,0.0,-381676.7095981187,-381676.7095981187,56088.410356901004,56088.410356901004,55988.410356901004,0.0,100.0,0.0,0.0,56088.410356901004,38266.87095981187,1,0.0,100.0
2969,33637.32948638704,0.0,-336373.29486387037,0.0,10.0,0.0,-0.0,0.1,0.344279603,34.4279603,0.0,0.0,100.0,1.0,0.11,-11.0,-847.6360442851563,847.6360442851563,0.0,-847.6360442851563,847.6360442851563,0.0,-42264.083052360256,42264.083052360256,0.0,0.0,4113.40166015625,4113.40166015625,0.0,0.0,6108.623994387279,6108.623994387279,0.0,-336384.29486387037,-336384.29486387037,43959.355140930566,43959.355140930566,43859.355140930566,0.0,100.0,0.0,0.0,43959.355140930566,33737.32948638704,1,0.0,100.0
2970,41232.34189986451,0.0,-412323.41899864504,0.0,10.0,0.0,-0.0,0.1,0.336179497,33.6179497,0.0,0.0,100.0,1.0,0.11,-11.0,-794.136915913428,794.136915913428,0.0,-794.136915913428,794.136915913428,0.0,-41820.33959298248,41820.33959298248,0.0,0.0,860.074892578125,860.074892578125,0.0,0.0,1216.196632366698,1216.196632366698,0.0,-412334.41899864504,-412334.41899864504,43408.61342480933,43408.61342480933,43308.61342480933,0.0,100.0,0.0,0.0,43408.61342480933,41332.34189986451,1,0.0,100.0
2971,36276.97499682934,0.0,-362769.7499682934,0.0,10.0,0.0,-0.0,0.1,0.326390902,32.6390902,0.0,0.0,100.0,1.0,0.11,-11.0,-764.2459434184107,764.2459434184107,0.0,-764.2459434184107,764.2459434184107,0.0,-34848.48310999252,34848.48310999252,0.0,0.0,0.0,0.0,0.0,0.0,0.0,0.0,0.0,-362780.7499682934,-362780.7499682934,36376.97499682934,36376.97499682934,36276.97499682934,0.0,100.0,0.0,0.0,36376.97499682934,36376.97499682934,1,0.0,100.0
2972,33740.12497907448,0.0,-337401.24979074474,0.0,10.0,0.0,-0.0,0.1,0.321731122,32.1731122,0.0,0.0,100.0,1.0,0.11,-11.0,-234.31503086527312,234.31503086527312,0.0,-234.31503086527312,234.31503086527312,0.0,-33371.49491734393,33371.49491734393,0.0,0.0,0.0,0.0,0.0,0.0,0.0,0.0,0.0,-337412.24979074474,-337412.24979074474,33840.12497907448,33840.12497907448,33740.12497907448,0.0,100.0,0.0,0.0,33840.12497907448,33840.12497907448,1,0.0,100.0
2973,21489.188242432065,0.0,-214891.88242432065,0.0,10.0,0.0,-0.0,0.1,0.335771535,33.5771535,0.0,0.0,100.0,1.0,0.11,-11.0,-233.58936208847257,233.58936208847257,0.0,-233.58936208847257,233.58936208847257,0.0,-21122.00951825512,21122.00951825512,0.0,0.0,0.0,0.0,0.0,0.0,0.0,0.0,0.0,-214902.88242432065,-214902.88242432065,21589.188242432065,21589.188242432065,21489.188242432065,0.0,100.0,0.0,0.0,21589.188242432065,21589.188242432065,1,0.0,100.0
2974,18510.5941759693,0.0,-185105.94175969303,0.0,10.0,0.0,-0.0,0.1,0.332350053,33.2350053,0.0,0.0,100.0,1.0,0.11,-11.0,-236.5815073441376,236.5815073441376,0.0,-236.5815073441376,236.5815073441376,0.0,-18137.431161281027,18137.431161281027,0.0,0.0,0.0,0.0,0.0,0.0,0.0,0.0,0.0,-185116.94175969303,-185116.94175969303,18610.5941759693,18610.5941759693,18510.5941759693,0.0,100.0,0.0,0.0,18610.5941759693,18610.5941759693,1,0.0,100.0
2975,17765.70902761198,0.0,-177657.09027611982,0.0,10.0,0.0,-0.0,0.1,0.343110949,34.3110949,0.0,0.0,100.0,1.0,0.11,-11.0,-233.61410936625404,233.61410936625404,0.0,-233.61410936625404,233.61410936625404,0.0,-17398.480808879474,17398.480808879474,0.0,0.0,0.0,0.0,0.0,0.0,0.0,0.0,0.0,-177668.09027611982,-177668.09027611982,17865.70902761198,17865.70902761198,17765.70902761198,0.0,100.0,0.0,0.0,17865.70902761198,17865.70902761198,1,0.0,100.0
2976,17765.685228933828,0.0,-177656.85228933828,0.0,10.0,0.0,-0.0,0.1,0.338770378,33.8770378,0.0,0.0,100.0,1.0,0.08,-8.0,-233.60229467075527,233.60229467075527,0.0,-233.60229467075527,233.60229467075527,0.0,-17398.48063959232,17398.48063959232,0.0,0.0,0.0,0.0,0.0,0.0,0.0,0.0,0.0,-177664.85228933828,-177664.85228933828,17865.685228933828,17865.685228933828,17765.685228933828,0.0,100.0,0.0,0.0,17865.685228933828,17865.685228933828,1,0.0,100.0
2977,17765.705323113,0.0,-177657.05323113,0.0,10.0,0.0,-0.0,0.1,0.334023433,33.4023433,0.0,0.0,100.0,1.0,0.08,-8.0,-233.61234176034063,233.61234176034063,0.0,-233.61234176034063,233.61234176034063,0.0,-17398.48063959232,17398.48063959232,0.0,0.0,0.0,0.0,0.0,0.0,0.0,0.0,0.0,-177665.05323113,-177665.05323113,17865.705323113,17865.705323113,17765.705323113,0.0,100.0,0.0,0.0,17865.705323113,17865.705323113,1,0.0,100.0
2978,17765.692768885165,0.0,-177656.92768885166,0.0,10.0,0.0,-0.0,0.1,0.344774516,34.477451599999995,0.0,0.0,100.0,1.0,0.08,-8.0,-233.6060676694067,233.6060676694067,0.0,-233.6060676694067,233.6060676694067,0.0,-17398.48063354635,17398.48063354635,0.0,0.0,0.0,0.0,0.0,0.0,0.0,0.0,0.0,-177664.92768885166,-177664.92768885166,17865.692768885165,17865.692768885165,17765.692768885165,0.0,100.0,0.0,0.0,17865.692768885165,17865.692768885165,1,0.0,100.0
2979,18515.833038493533,0.0,-185158.3303849353,0.0,10.0,0.0,-0.0,0.1,0.34667226,34.667226,0.0,0.0,100.0,1.0,0.08,-8.0,-239.2010202268426,239.2010202268426,0.0,-239.2010202268426,239.2010202268426,0.0,-18137.430998039847,18137.430998039847,0.0,0.0,0.0,0.0,0.0,0.0,0.0,0.0,0.0,-185166.3303849353,-185166.3303849353,18615.833038493533,18615.833038493533,18515.833038493533,0.0,100.0,0.0,0.0,18615.833038493533,18615.833038493533,1,0.0,100.0
2980,20465.65010233886,0.0,-204656.50102338858,0.0,10.0,0.0,-0.0,0.1,0.348569162,34.8569162,0.0,0.0,100.0,1.0,0.08,-8.0,-238.32383421260351,238.32383421260351,0.0,-238.32383421260351,238.32383421260351,0.0,-20089.00243391365,20089.00243391365,0.0,0.0,0.0,0.0,0.0,0.0,0.0,0.0,0.0,-204664.50102338858,-204664.50102338858,20565.65010233886,20565.65010233886,20465.65010233886,0.0,100.0,0.0,0.0,20565.65010233886,20565.65010233886,1,0.0,100.0
2981,20996.898856040825,0.0,-209968.98856040824,0.0,10.0,0.0,-0.0,0.1,0.3296080999999999,32.96080999999999,0.0,0.0,100.0,1.0,0.11,-11.0,-415.6339483105513,415.6339483105513,0.0,-415.6339483105513,415.6339483105513,0.0,-22797.11861662893,22797.11861662893,0.0,0.0,1757.544345703125,1757.544345703125,0.0,0.0,773.9433115060806,773.9433115060806,0.0,-209979.98856040824,-209979.98856040824,23628.38651325003,23628.386513250032,23528.38651325003,0.0,100.0,0.0,0.0,23628.386513250032,21096.898856040825,1,0.0,100.0
2982,23880.79887307564,0.0,-238807.9887307564,0.0,10.0,0.0,-0.0,0.1,0.306060965,30.606096500000003,0.0,0.0,100.0,1.0,0.11,-11.0,-671.2031912237557,671.2031912237557,0.0,-671.2031912237557,671.2031912237557,0.0,-30221.513002277447,30221.513002277447,0.0,0.0,4487.347265625,4487.347265625,0.0,0.0,3095.7732460243224,3095.7732460243224,0.0,-238818.9887307564,-238818.9887307564,31563.919384724963,31563.91938472496,31463.919384724963,0.0,100.0,0.0,0.0,31563.91938472496,23980.798873075637,1,0.0,100.0
2983,51480.963443301865,0.0,-514809.6344330186,0.0,10.0,0.0,-0.0,0.1,0.289764083,28.9764083,0.0,0.0,100.0,1.0,0.11,-11.0,-989.259260241294,989.259260241294,0.0,-989.259260241294,989.259260241294,0.0,-63362.433905367216,63362.433905367216,0.0,0.0,5384.81671875,5384.81671875,0.0,0.0,8375.172263797944,8375.172263797944,0.0,-514820.6344330186,-514820.6344330186,65340.95242584981,65340.952425849806,65240.95242584981,0.0,100.0,0.0,0.0,65340.952425849806,51580.963443301865,1,0.0,100.0
2984,38588.16578057696,0.0,-385881.6578057696,0.0,10.0,0.0,-0.0,0.1,0.271143674,27.1143674,0.0,0.0,100.0,1.0,0.11,-11.0,-1061.958247477667,1061.958247477667,0.0,-1061.958247477667,1061.958247477667,0.0,-61144.640130343614,61144.640130343614,0.0,0.0,8825.1162890625,8825.1162890625,0.0,0.0,15755.274555659496,15755.274555659496,0.0,-385892.6578057696,-385892.6578057696,63268.55662529895,63268.55662529895,63168.55662529895,0.0,100.0,0.0,0.0,63268.55662529895,38688.16578057696,1,0.0,100.0
2985,31751.458723143824,0.0,-317514.58723143826,0.0,10.0,0.0,-0.0,0.1,0.260759878,26.0759878,0.0,0.0,100.0,1.0,0.11,-11.0,-1151.6925029172407,1151.6925029172407,0.0,-1151.6925029172407,1151.6925029172407,0.0,-58188.36300570679,58188.36300570679,0.0,0.0,9872.163984375,9872.163984375,0.0,0.0,18768.12530402245,18768.12530402245,0.0,-317525.58723143826,-317525.58723143826,60491.748011541276,60491.748011541276,60391.748011541276,0.0,100.0,0.0,0.0,60491.748011541276,31851.458723143827,1,0.0,100.0
2986,24960.384458491226,0.0,-249603.84458491227,0.0,10.0,0.0,-0.0,0.1,0.256123485,25.6123485,0.0,0.0,100.0,1.0,0.11,-11.0,-1229.069858687815,1229.069858687815,0.0,-1229.069858687815,1229.069858687815,0.0,-58188.23180211924,58188.23180211924,0.0,0.0,15518.742626953124,15518.742626953124,0.0,0.0,20067.24443405052,20067.24443405052,0.0,-249614.84458491227,-249614.84458491227,60646.371519494875,60646.37151949487,60546.371519494875,0.0,100.0,0.0,0.0,60646.37151949487,25060.384458491222,1,0.0,100.0
2987,0.0,0.0,-0.0,55.55555555555556,10.0,0.0,-0.0,0.1,0.263917882,0.0,0.0,100.0,0.0,1.0,0.11,0.0,-1276.4382326678344,1276.4382326678344,0.0,-1276.4382326678344,1276.4382326678344,0.0,-55175.61711696847,55175.61711696847,0.0,0.0,35936.17268554687,35936.17268554687,0.0,966.3737347779243,22914.250187090744,21947.87645231282,0.0,0.0,0.0,57884.04913785969,57884.04913785969,57884.04913785969,0.0,0.0,155.55555555555475,0.0,57728.49358230414,-1121.929290333479,1,-55.55555555555556,-100.0
2988,18367.946320336247,0.0,-183679.46320336248,0.0,60.0,45.0,-0.0,0.6,0.273353068,27.335306799999998,0.0,0.0,100.0,1.0,0.11,-11.0,-1273.1664893121674,1273.1664893121674,0.0,-1273.1664893121674,1273.1664893121674,0.0,-58187.98894761002,58187.98894761002,0.0,0.0,16266.633837890624,16266.633837890624,0.0,0.0,25954.741768007487,25954.741768007487,0.0,-183690.46320336248,-183690.46320336248,60734.321926234355,60734.321926234355,60589.321926234355,0.0,145.0,0.0,0.0,60734.321926234355,18512.946320336247,1,45.0,100.0
2989,24535.289812630785,0.0,-245352.89812630785,0.0,10.0,0.0,-0.0,0.1,0.292780444,29.2780444,0.0,0.0,100.0,1.0,0.11,-11.0,-1305.031597481754,1305.031597481754,0.0,-1305.031597481754,1305.031597481754,0.0,-58188.58855665085,58188.58855665085,0.0,0.0,12115.8376171875,12115.8376171875,0.0,0.0,24047.524321796074,24047.524321796074,0.0,-245363.89812630785,-245363.89812630785,60798.65175161436,60798.65175161436,60698.65175161436,0.0,100.0,0.0,0.0,60798.65175161436,24635.289812630785,1,0.0,100.0
2990,20134.575886957973,0.0,-201345.75886957973,0.0,10.0,0.0,-0.0,0.1,0.304370445,30.4370445,0.0,0.0,100.0,1.0,0.08,-8.0,-1286.9772991346492,1286.9772991346492,0.0,-1286.9772991346492,1286.9772991346492,0.0,-58205.50173959746,58205.50173959746,0.0,0.0,19482.56604492188,19482.56604492188,0.0,0.0,21062.31440598691,21062.31440598691,0.0,-201353.75886957973,-201353.75886957973,60779.456337866766,60779.45633786676,60679.456337866766,0.0,100.0,0.0,0.0,60779.45633786676,20234.575886957966,1,0.0,100.0
2991,39343.069187394765,0.0,-393430.6918739476,0.0,10.0,0.0,-0.0,0.1,0.328504645,32.8504645,0.0,0.0,100.0,1.0,0.08,-8.0,-1201.2776112009192,1201.2776112009192,0.0,-1201.2776112009192,1201.2776112009192,0.0,-61178.58824997378,61178.58824997378,0.0,0.0,10096.53134765625,10096.53134765625,0.0,0.0,14041.542937324604,14041.542937324604,0.0,-393438.6918739476,-393438.6918739476,63581.14347237562,63581.14347237562,63481.14347237562,0.0,100.0,0.0,0.0,63581.14347237562,39443.069187394765,1,0.0,100.0
2992,31571.120715218127,0.0,-315711.20715218125,0.0,10.0,0.0,-0.0,0.1,0.335405243,33.5405243,0.0,0.0,100.0,1.0,0.08,-8.0,-930.3200300003416,930.3200300003416,0.0,-930.3200300003416,930.3200300003416,0.0,-54320.6904776,54320.6904776,0.0,0.0,14172.538447265624,14172.538447265624,0.0,0.0,10337.671375116934,10337.671375116934,0.0,-315719.20715218125,-315719.20715218125,56181.33053760069,56181.33053760068,56081.33053760069,0.0,100.0,0.0,0.0,56181.33053760068,31671.120715218123,1,0.0,100.0
2993,32666.770027084396,0.0,-326667.700270844,0.0,10.0,0.0,-0.0,0.1,0.339886258,33.9886258,0.0,0.0,100.0,1.0,0.11,-11.0,-879.3216683820693,879.3216683820693,0.0,-879.3216683820693,879.3216683820693,0.0,-42268.97180528788,42268.97180528788,0.0,0.0,7142.3610644531245,7142.3610644531245,0.0,0.0,4118.4840505145,4118.4840505145,0.0,-326678.700270844,-326678.700270844,44027.61514205202,44027.61514205202,43927.61514205202,0.0,100.0,0.0,0.0,44027.61514205202,32766.770027084392,1,0.0,100.0
2994,41288.5655148353,0.0,-412885.655148353,0.0,10.0,0.0,-0.0,0.1,0.339265471,33.9265471,0.0,0.0,100.0,1.0,0.11,-11.0,-844.1629624777269,844.1629624777269,0.0,-844.1629624777269,844.1629624777269,0.0,-41825.27975479011,41825.27975479011,0.0,0.0,1047.0476953125,1047.0476953125,0.0,0.0,1077.992469597755,1077.992469597755,0.0,-412896.655148353,-412896.655148353,43513.60567974556,43513.60567974556,43413.60567974556,0.0,100.0,0.0,0.0,43513.60567974556,41388.5655148353,1,0.0,100.0
2995,36435.47409845283,0.0,-364354.7409845283,0.0,10.0,0.0,-0.0,0.1,0.345056,34.505599999999994,0.0,0.0,100.0,1.0,0.11,-11.0,-840.68235291601,840.68235291601,0.0,-840.68235291601,840.68235291601,0.0,-34854.10939262081,34854.10939262081,0.0,0.0,0.0,0.0,0.0,0.0,0.0,0.0,0.0,-364365.7409845283,-364365.7409845283,36535.47409845283,36535.47409845283,36435.47409845283,0.0,100.0,0.0,0.0,36535.47409845283,36535.47409845283,1,0.0,100.0
2996,33744.27492210779,0.0,-337442.7492210779,0.0,10.0,0.0,-0.0,0.1,0.347715609,34.7715609,0.0,0.0,100.0,1.0,0.11,-11.0,-233.6923783870513,233.6923783870513,0.0,-233.6923783870513,233.6923783870513,0.0,-33376.89016533369,33376.89016533369,0.0,0.0,0.0,0.0,0.0,0.0,0.0,0.0,0.0,-337453.7492210779,-337453.7492210779,33844.27492210779,33844.27492210779,33744.27492210779,0.0,100.0,0.0,0.0,33844.27492210779,33844.27492210779,1,0.0,100.0
2997,21489.568152203876,0.0,-214895.68152203877,0.0,10.0,0.0,-0.0,0.1,0.3406471929999999,34.06471929999999,0.0,0.0,100.0,1.0,0.11,-11.0,-233.7794046409424,233.7794046409424,0.0,-233.7794046409424,233.7794046409424,0.0,-21122.009342921992,21122.009342921992,0.0,0.0,0.0,0.0,0.0,0.0,0.0,0.0,0.0,-214906.68152203877,-214906.68152203877,21589.568152203876,21589.568152203876,21489.568152203876,0.0,100.0,0.0,0.0,21589.568152203876,21589.568152203876,1,0.0,100.0
2998,18510.940886152035,0.0,-185109.40886152035,0.0,10.0,0.0,-0.0,0.1,0.331486691,33.1486691,0.0,0.0,100.0,1.0,0.11,-11.0,-236.75494707908013,236.75494707908013,0.0,-236.75494707908013,236.75494707908013,0.0,-18137.430991993875,18137.430991993875,0.0,0.0,0.0,0.0,0.0,0.0,0.0,0.0,0.0,-185120.40886152035,-185120.40886152035,18610.940886152035,18610.940886152035,18510.940886152035,0.0,100.0,0.0,0.0,18610.940886152035,18610.940886152035,1,0.0,100.0
2999,17766.021604318565,0.0,-177660.21604318565,0.0,10.0,0.0,-0.0,0.1,0.329311247,32.9311247,0.0,0.0,100.0,1.0,0.11,-11.0,-233.77048840909217,233.77048840909217,0.0,-233.77048840909217,233.77048840909217,0.0,-17398.48062750038,17398.48062750038,0.0,0.0,0.0,0.0,0.0,0.0,0.0,0.0,0.0,-177671.21604318565,-177671.21604318565,17866.021604318565,17866.021604318565,17766.021604318565,0.0,100.0,0.0,0.0,17866.021604318565,17866.021604318565,1,0.0,100.0
3000,14752.535005333431,0.0,-147525.35005333432,0.0,10.0,0.0,-0.0,0.1,0.332386553,33.2386553,0.0,0.0,100.0,1.0,0.08,-8.0,-233.70488945526208,233.70488945526208,0.0,-233.70488945526208,233.70488945526208,0.0,-14385.125226422908,14385.125226422908,0.0,0.0,0.0,0.0,0.0,0.0,0.0,0.0,0.0,-147533.35005333432,-147533.35005333432,14852.535005333431,14852.535005333431,14752.535005333431,0.0,100.0,0.0,0.0,14852.535005333431,14852.535005333431,1,0.0,100.0
3001,14752.451101563734,0.0,-147524.51101563734,0.0,10.0,0.0,-0.0,0.1,0.329526334,32.952633399999996,0.0,0.0,100.0,1.0,0.08,-8.0,-233.66293152444376,233.66293152444376,0.0,-233.66293152444376,233.66293152444376,0.0,-14385.125238514847,14385.125238514847,0.0,0.0,0.0,0.0,0.0,0.0,0.0,0.0,0.0,-147532.51101563734,-147532.51101563734,14852.451101563734,14852.451101563734,14752.451101563734,0.0,100.0,0.0,0.0,14852.451101563734,14852.451101563734,1,0.0,100.0
3002,14752.409051162587,0.0,-147524.09051162587,0.0,10.0,0.0,-0.0,0.1,0.334932539,33.4932539,0.0,0.0,100.0,1.0,0.08,-8.0,-233.64190632386988,233.64190632386988,0.0,-233.64190632386988,233.64190632386988,0.0,-14385.125238514847,14385.125238514847,0.0,0.0,0.0,0.0,0.0,0.0,0.0,0.0,0.0,-147532.09051162587,-147532.09051162587,14852.409051162587,14852.409051162587,14752.409051162587,0.0,100.0,0.0,0.0,14852.409051162587,14852.409051162587,1,0.0,100.0
3003,15493.598226267617,0.0,-154935.98226267617,0.0,10.0,0.0,-0.0,0.1,0.344154815,34.4154815,0.0,0.0,100.0,1.0,0.08,-8.0,-234.7613116296395,234.7613116296395,0.0,-234.7613116296395,234.7613116296395,0.0,-15124.075603008338,15124.075603008338,0.0,0.0,0.0,0.0,0.0,0.0,0.0,0.0,0.0,-154943.98226267617,-154943.98226267617,15593.598226267617,15593.598226267617,15493.598226267617,0.0,100.0,0.0,0.0,15593.598226267617,15593.598226267617,1,0.0,100.0
3004,15421.71260010875,0.0,-154217.1260010875,0.0,10.0,0.0,-0.0,0.1,0.323721638,32.372163799999996,0.0,0.0,100.0,1.0,0.08,-8.0,-234.64540325161911,234.64540325161911,0.0,-234.64540325161911,234.64540325161911,0.0,-15052.421793605512,15052.421793605512,0.0,0.0,0.0,0.0,0.0,0.0,0.0,0.0,0.0,-154225.1260010875,-154225.1260010875,15521.71260010875,15521.71260010875,15421.71260010875,0.0,100.0,0.0,0.0,15521.71260010875,15521.71260010875,1,0.0,100.0
3005,19580.371309143153,0.0,-195803.71309143153,0.0,10.0,0.0,-0.0,0.1,0.295061847,29.5061847,0.0,0.0,100.0,1.0,0.11,-11.0,-216.68377272718067,216.68377272718067,0.0,-216.68377272718067,216.68377272718067,0.0,-22742.61661854913,22742.61661854913,0.0,0.0,2804.592041015625,2804.592041015625,0.0,0.0,691.0208138447148,691.0208138447148,0.0,-195814.71309143153,-195814.71309143153,23175.984164003494,23175.984164003494,23075.984164003494,0.0,100.0,0.0,0.0,23175.984164003494,19680.371309143153,1,0.0,100.0
3006,18898.224565246346,0.0,-188982.24565246346,0.0,10.0,0.0,-0.0,0.1,0.258198211,25.819821100000002,0.0,0.0,100.0,1.0,0.11,-11.0,-198.40205833304088,198.40205833304088,0.0,-198.40205833304088,198.40205833304088,0.0,-24196.147845543328,24196.147845543328,0.0,0.0,2056.700830078125,2056.700830078125,0.0,0.0,3538.02656688494,3538.02656688494,0.0,-188993.24565246346,-188993.24565246346,24592.951962209412,24592.95196220941,24492.951962209412,0.0,100.0,0.0,0.0,24592.95196220941,18998.224565246343,1,0.0,100.0
3007,24169.003991212732,0.0,-241690.0399121273,0.0,10.0,0.0,-0.0,0.1,0.2386413999999999,23.86413999999999,0.0,0.0,100.0,1.0,0.11,-11.0,-198.4640282657778,198.4640282657778,0.0,-198.4640282657778,198.4640282657778,0.0,-39256.32939332024,39256.32939332024,0.0,0.0,6207.4970507812495,6207.4970507812495,0.0,0.0,9176.756407857813,9176.756407857813,0.0,-241701.0399121273,-241701.0399121273,39653.25744985179,39653.25744985179,39553.25744985179,0.0,100.0,0.0,0.0,39653.25744985179,24269.003991212732,1,0.0,100.0
3008,19112.32541154288,0.0,-191123.25411542878,0.0,10.0,0.0,-0.0,0.1,0.226704811,22.6704811,0.0,0.0,100.0,1.0,0.11,-11.0,-198.6098013802431,198.6098013802431,0.0,-198.6098013802431,198.6098013802431,0.0,-42046.05177096595,42046.05177096595,0.0,0.0,7254.544746093749,7254.544746093749,0.0,0.0,15976.401216089806,15976.401216089806,0.0,-191134.25411542878,-191134.25411542878,42443.271373726435,42443.271373726435,42343.271373726435,0.0,100.0,0.0,0.0,42443.271373726435,19212.32541154288,1,0.0,100.0
3009,15026.652460661,0.0,-150266.52460661,0.0,10.0,0.0,-0.0,0.1,0.220264495,22.026449500000002,0.0,0.0,100.0,1.0,0.11,-11.0,-225.5190889385808,225.5190889385808,0.0,-225.5190889385808,225.5190889385808,0.0,-45184.0744859801,45184.0744859801,0.0,0.0,10358.293271484376,10358.293271484376,0.0,0.0,20150.166931711883,20150.166931711883,0.0,-150277.52460661,-150277.52460661,45635.11266385726,45635.11266385726,45535.11266385726,0.0,100.0,0.0,0.0,45635.11266385726,15126.652460661004,1,0.0,100.0
3010,8518.080659816616,0.0,-85180.80659816616,0.0,10.0,0.0,-0.0,0.1,0.2377698989999999,23.77698989999999,0.0,0.0,100.0,1.0,0.11,-11.0,-278.2094708463695,278.2094708463695,0.0,-278.2094708463695,278.2094708463695,0.0,-47657.2214702926,47657.2214702926,0.0,0.0,14995.218779296874,14995.218779296874,0.0,0.0,24600.340972871847,24600.340972871847,0.0,-85191.80659816616,-85191.80659816616,48213.64041198534,48213.64041198534,48113.64041198534,0.0,100.0,0.0,0.0,48213.64041198534,8618.080659816616,1,0.0,100.0
3011,8908.750072307,0.0,-89087.50072307,0.0,10.0,0.0,-0.0,0.1,0.287815284,28.7815284,0.0,0.0,100.0,1.0,0.11,-11.0,-298.4500574528661,298.4500574528661,0.0,-298.4500574528661,298.4500574528661,0.0,-50662.48674727864,50662.48674727864,0.0,0.0,16378.817519531249,16378.817519531249,0.0,0.0,25871.81927034612,25871.81927034612,0.0,-89098.50072307,-89098.50072307,51259.38686218437,51259.38686218437,51159.38686218437,0.0,100.0,0.0,0.0,51259.38686218437,9008.750072307004,1,0.0,100.0
3012,10437.091694283528,0.0,-104370.91694283529,0.0,10.0,0.0,-0.0,0.1,0.299516244,29.9516244,0.0,0.0,100.0,1.0,0.11,-11.0,-321.77385024605,321.77385024605,0.0,-321.77385024605,321.77385024605,0.0,-53516.27896672358,53516.27896672358,0.0,0.0,20155.668134765623,20155.668134765623,0.0,0.0,23467.06683816652,23467.06683816652,0.0,-104381.91694283529,-104381.91694283529,54159.826667215675,54159.826667215675,54059.826667215675,0.0,100.0,0.0,0.0,54159.826667215675,10537.091694283532,1,0.0,100.0
3013,706.0024589332061,0.0,-7060.024589332061,0.0,10.0,0.0,-0.0,0.1,0.304181155,30.4181155,0.0,0.0,100.0,1.0,0.11,-11.0,-330.7707674378715,330.7707674378715,0.0,-330.7707674378715,330.7707674378715,0.0,-39876.54124868913,39876.54124868913,0.0,0.0,16154.45015625,16154.45015625,0.0,0.0,23577.630168381667,23577.630168381667,0.0,-7071.024589332061,-7071.024589332061,40538.08278356487,40538.082783564874,40438.08278356487,0.0,100.0,0.0,0.0,40538.082783564874,806.0024589332097,1,0.0,100.0
3014,3089.912298387637,0.0,-30899.12298387637,0.0,10.0,0.0,-0.0,0.1,0.305705376,30.570537599999998,0.0,0.0,100.0,1.0,0.08,-8.0,-347.0963996294144,347.0963996294144,0.0,-347.0963996294144,347.0963996294144,0.0,-38738.47865796044,38738.47865796044,0.0,0.0,17612.838017578124,17612.838017578124,0.0,0.0,18629.92114125351,18629.92114125351,0.0,-30907.12298387637,-30907.12298387637,39432.67145721927,39432.67145721927,39332.67145721927,0.0,100.0,0.0,0.0,39432.67145721927,3189.912298387637,1,0.0,100.0
3015,20102.567566425376,0.0,-201025.67566425377,0.0,10.0,0.0,-0.0,0.1,0.304325785,30.4325785,0.0,0.0,100.0,1.0,0.08,-8.0,-324.498078831149,324.498078831149,0.0,-324.498078831149,324.498078831149,0.0,-40620.43067462377,40620.43067462377,0.0,0.0,6693.626337890625,6693.626337890625,0.0,0.0,14373.232927970068,14373.232927970068,0.0,-201033.67566425377,-201033.67566425377,41269.42683228607,41269.426832286066,41169.42683228607,0.0,100.0,0.0,0.0,41269.426832286066,20202.567566425372,1,0.0,100.0
3016,23389.306191268755,0.0,-233893.06191268755,0.0,10.0,0.0,-0.0,0.1,0.308963481,30.896348099999997,0.0,0.0,100.0,1.0,0.08,-8.0,-333.82633256940795,333.82633256940795,0.0,-333.82633256940795,333.82633256940795,0.0,-38161.99939907998,38161.99939907998,0.0,0.0,6357.07529296875,6357.07529296875,0.0,0.0,8983.270579981292,8983.270579981292,0.0,-233901.06191268755,-233901.06191268755,38829.6520642188,38829.6520642188,38729.6520642188,0.0,100.0,0.0,0.0,38829.6520642188,23489.306191268755,1,0.0,100.0
3017,10537.247848891038,0.0,-105372.47848891039,0.0,10.0,0.0,-0.0,0.1,0.312780474,31.2780474,0.0,0.0,100.0,1.0,0.11,-11.0,-302.9578044632427,302.9578044632427,0.0,-302.9578044632427,302.9578044632427,0.0,-17936.452253146777,17936.452253146777,0.0,0.0,3178.537646484375,3178.537646484375,0.0,0.0,4726.5823666978495,4726.5823666978495,0.0,-105383.47848891039,-105383.47848891039,18542.36786207326,18542.367862073264,18442.36786207326,0.0,100.0,0.0,0.0,18542.367862073264,10637.24784889104,1,0.0,100.0
3018,16254.725604871075,0.0,-162547.25604871075,0.0,10.0,0.0,-0.0,0.1,0.312502873,31.2502873,0.0,0.0,100.0,1.0,0.11,-11.0,-307.0868509131152,307.0868509131152,0.0,-307.0868509131152,307.0868509131152,0.0,-17491.646462486347,17491.646462486347,0.0,0.0,673.10208984375,673.10208984375,0.0,0.0,1077.992469597755,1077.992469597755,0.0,-162558.25604871075,-162558.25604871075,18105.82016431258,18105.82016431258,18005.82016431258,0.0,100.0,0.0,0.0,18105.82016431258,16354.725604871075,1,0.0,100.0
3019,20032.206969244067,0.0,-200322.06969244068,0.0,10.0,0.0,-0.0,0.1,0.300820073,30.0820073,0.0,0.0,100.0,1.0,0.11,-11.0,-287.18524250066355,287.18524250066355,0.0,-287.18524250066355,287.18524250066355,0.0,-19557.83648424274,19557.83648424274,0.0,0.0,0.0,0.0,0.0,0.0,0.0,0.0,0.0,-200333.06969244068,-200333.06969244068,20132.206969244067,20132.206969244067,20032.206969244067,0.0,100.0,0.0,0.0,20132.206969244067,20132.206969244067,1,0.0,100.0
3020,18449.814602666815,0.0,-184498.14602666814,0.0,10.0,0.0,-0.0,0.1,0.293762287,29.376228700000002,0.0,0.0,100.0,1.0,0.11,-11.0,-234.91013400552143,234.91013400552143,0.0,-234.91013400552143,234.91013400552143,0.0,-18079.99433465577,18079.99433465577,0.0,0.0,0.0,0.0,0.0,0.0,0.0,0.0,0.0,-184509.14602666814,-184509.14602666814,18549.814602666815,18549.814602666815,18449.814602666815,0.0,100.0,0.0,0.0,18549.814602666815,18549.814602666815,1,0.0,100.0
3021,16970.05282095573,0.0,-169700.5282095573,0.0,10.0,0.0,-0.0,0.1,0.294798115,29.479811500000004,0.0,0.0,100.0,1.0,0.11,-11.0,-234.03823541124825,234.03823541124825,0.0,-234.03823541124825,234.03823541124825,0.0,-16601.976350133235,16601.976350133235,0.0,0.0,0.0,0.0,0.0,0.0,0.0,0.0,0.0,-169711.5282095573,-169711.5282095573,17070.05282095573,17070.05282095573,16970.05282095573,0.0,100.0,0.0,0.0,17070.05282095573,17070.05282095573,1,0.0,100.0
3022,15497.816163524692,0.0,-154978.1616352469,0.0,10.0,0.0,-0.0,0.1,0.303662744,30.366274399999998,0.0,0.0,100.0,1.0,0.11,-11.0,-236.87028025817776,236.87028025817776,0.0,-236.87028025817776,236.87028025817776,0.0,-15124.075603008338,15124.075603008338,0.0,0.0,0.0,0.0,0.0,0.0,0.0,0.0,0.0,-154989.1616352469,-154989.1616352469,15597.816163524692,15597.816163524692,15497.816163524692,0.0,100.0,0.0,0.0,15597.816163524692,15597.816163524692,1,0.0,100.0
3023,14753.135290514962,0.0,-147531.35290514963,0.0,10.0,0.0,-0.0,0.1,0.303022196,30.3022196,0.0,0.0,100.0,1.0,0.11,-11.0,-234.0050290230417,234.0050290230417,0.0,-234.0050290230417,234.0050290230417,0.0,-14385.125232468878,14385.125232468878,0.0,0.0,0.0,0.0,0.0,0.0,0.0,0.0,0.0,-147542.35290514963,-147542.35290514963,14853.135290514962,14853.135290514962,14753.135290514962,0.0,100.0,0.0,0.0,14853.135290514962,14853.135290514962,1,0.0,100.0
3024,14753.103485762242,0.0,-147531.0348576224,0.0,10.0,0.0,-0.0,0.1,0.306184296,30.618429600000002,0.0,0.0,100.0,1.0,0.08,-8.0,-234.0038485827996,234.0038485827996,0.0,-234.0038485827996,234.0038485827996,0.0,-14385.095788596642,14385.095788596642,0.0,0.0,0.0,0.0,0.0,0.0,0.0,0.0,0.0,-147539.0348576224,-147539.0348576224,14853.103485762242,14853.103485762242,14753.103485762242,0.0,100.0,0.0,0.0,14853.103485762242,14853.103485762242,1,0.0,100.0
3025,14753.136962197283,0.0,-147531.36962197282,0.0,10.0,0.0,-0.0,0.1,0.311575559,31.1575559,0.0,0.0,100.0,1.0,0.08,-8.0,-234.0205868003206,234.0205868003206,0.0,-234.0205868003206,234.0205868003206,0.0,-14385.095788596642,14385.095788596642,0.0,0.0,0.0,0.0,0.0,0.0,0.0,0.0,0.0,-147539.36962197282,-147539.36962197282,14853.136962197283,14853.136962197283,14753.136962197283,0.0,100.0,0.0,0.0,14853.136962197283,14853.136962197283,1,0.0,100.0
3026,14753.020686992395,0.0,-147530.20686992395,0.0,10.0,0.0,-0.0,0.1,0.326129584,32.6129584,0.0,0.0,100.0,1.0,0.08,-8.0,-233.9624491978764,233.9624491978764,0.0,-233.9624491978764,233.9624491978764,0.0,-14385.095788596642,14385.095788596642,0.0,0.0,0.0,0.0,0.0,0.0,0.0,0.0,0.0,-147538.20686992395,-147538.20686992395,14853.020686992395,14853.020686992395,14753.020686992395,0.0,100.0,0.0,0.0,14853.020686992395,14853.020686992395,1,0.0,100.0
3027,15494.050992652712,0.0,-154940.50992652713,0.0,10.0,0.0,-0.0,0.1,0.322075023,32.2075023,0.0,0.0,100.0,1.0,0.08,-8.0,-235.00241675830432,235.00241675830432,0.0,-235.00241675830432,235.00241675830432,0.0,-15124.046159136104,15124.046159136104,0.0,0.0,0.0,0.0,0.0,0.0,0.0,0.0,0.0,-154948.50992652713,-154948.50992652713,15594.050992652712,15594.050992652712,15494.050992652712,0.0,100.0,0.0,0.0,15594.050992652712,15594.050992652712,1,0.0,100.0
3028,15422.22450754882,0.0,-154222.2450754882,0.0,10.0,0.0,-0.0,0.1,0.2896597589999999,28.96597589999999,0.0,0.0,100.0,1.0,0.08,-8.0,-234.91613332149893,234.91613332149893,0.0,-234.91613332149893,234.91613332149893,0.0,-15052.392240905823,15052.392240905823,0.0,0.0,0.0,0.0,0.0,0.0,0.0,0.0,0.0,-154230.2450754882,-154230.2450754882,15522.22450754882,15522.22450754882,15422.22450754882,0.0,100.0,0.0,0.0,15522.22450754882,15522.22450754882,1,0.0,100.0
3029,12792.765294796262,0.0,-127927.65294796262,0.0,10.0,0.0,-0.0,0.1,0.267477389,26.7477389,0.0,0.0,100.0,1.0,0.11,-11.0,-216.96556254135805,216.96556254135805,0.0,-216.96556254135805,216.96556254135805,0.0,-16458.46341624396,16458.46341624396,0.0,0.0,3253.326767578125,3253.326767578125,0.0,0.0,746.302478952292,746.302478952292,0.0,-127938.65294796262,-127938.65294796262,16892.394541326677,16892.394541326677,16792.394541326677,0.0,100.0,0.0,0.0,16892.394541326677,12892.76529479626,1,0.0,100.0
3030,9105.780483296596,0.0,-91057.80483296595,0.0,10.0,0.0,-0.0,0.1,0.2491280589999999,24.91280589999999,0.0,0.0,100.0,1.0,0.11,-11.0,-198.60718861225504,198.60718861225504,0.0,-198.60718861225504,198.60718861225504,0.0,-17936.36415732289,17936.36415732289,0.0,0.0,3627.272373046874,3627.272373046874,0.0,0.0,5500.52567820393,5500.52567820393,0.0,-91068.80483296595,-91068.80483296595,18333.5785345474,18333.5785345474,18233.5785345474,0.0,100.0,0.0,0.0,18333.5785345474,9205.780483296596,1,0.0,100.0
3031,0.0,0.0,-0.0,55.55555555555556,10.0,0.0,-0.0,0.1,0.2310268369999999,0.0,0.0,100.0,0.0,1.0,0.11,0.0,-198.6552672838908,198.6552672838908,0.0,-198.6552672838908,198.6552672838908,0.0,-17936.36415732289,17936.36415732289,0.0,0.0,8376.381562499999,8376.381562499999,0.0,749.9985086926881,10862.847193638916,10112.848684946228,0.0,0.0,0.0,18489.230247446227,18489.230247446227,18489.230247446227,0.0,0.0,155.55555555555475,0.0,18333.674691890672,-905.5540642482447,1,-55.55555555555556,-100.0
3032,0.0,0.0,-0.0,44.44444444444444,60.0,0.0,-0.0,0.6,0.215618819,0.0,0.0,100.0,0.0,1.0,0.11,0.0,-225.6123248052257,225.6123248052257,0.0,-225.6123248052257,225.6123248052257,0.0,-19159.09040193004,19159.09040193004,0.0,0.0,5085.660234375,5085.660234375,0.0,2578.780251954142,17247.87951356408,14669.099261609937,0.0,0.0,0.0,19754.759495984938,19754.759495984938,19754.759495984938,0.0,0.0,144.44444444444525,0.0,19610.315051540492,-2723.224696398589,1,-44.44444444444444,-100.0
3033,0.0,0.0,-0.0,0.0,100.0,-0.0,-0.0,1.0,0.221776885,0.0,0.0,100.0,0.0,1.0,0.11,0.0,-300.2853595555416,300.2853595555416,0.0,-300.2853595555416,300.2853595555416,0.0,-20069.304302009423,20069.304302009423,0.0,0.0,6431.8644140625,6431.8644140625,0.0,6309.6913106220745,20647.70191768008,14338.010607058004,0.0,0.0,0.0,20769.875021120504,20769.875021120504,20769.875021120504,0.0,0.0,100.0,0.0,20669.875021120504,-6409.6913106220745,1,-0.0,-100.0
3034,0.0,0.0,-0.0,0.0,100.0,-0.0,-0.0,1.0,0.2400995689999999,0.0,0.0,100.0,0.0,1.0,0.11,0.0,-318.0005521330201,318.0005521330201,0.0,-318.0005521330201,318.0005521330201,0.0,-12763.770106670849,12763.770106670849,0.0,0.0,6693.626337890625,6693.626337890625,0.0,18015.322760255895,24821.46763330216,6806.144873046264,0.0,0.0,0.0,13499.77121093689,13499.77121093689,13499.77121093689,0.0,0.0,100.0,0.0,13399.77121093689,-18115.322760255898,1,-0.0,-100.0
3035,0.0,0.0,-0.0,0.0,100.0,-0.0,-0.0,1.0,0.271644648,0.0,0.0,100.0,0.0,1.0,0.11,0.0,-320.60770813446646,320.60770813446646,0.0,-320.60770813446646,320.60770813446646,0.0,-12763.770148992637,12763.770148992637,0.0,0.0,6880.599140625,6880.599140625,0.0,19910.812827000478,26535.19925163705,6624.38642463657,0.0,0.0,0.0,13504.98556526157,13504.98556526157,13504.98556526157,0.0,0.0,100.0,0.0,13404.98556526157,-20010.812827000478,1,-0.0,-100.0
3036,0.0,0.0,-0.0,0.0,100.0,-0.0,-0.0,1.0,0.288153896,0.0,0.0,100.0,0.0,1.0,0.11,0.0,-330.1392341677856,330.1392341677856,0.0,-330.1392341677856,330.1392341677856,0.0,-12763.857960655952,12763.857960655952,0.0,0.0,6768.415458984375,6768.415458984375,0.0,19420.14745843065,26175.8684284378,6755.720970007149,0.0,0.0,0.0,13524.136428991524,13524.136428991524,13524.136428991524,0.0,0.0,100.0,0.0,13424.136428991524,-19520.147458430656,1,-0.0,-100.0
3037,0.0,0.0,-0.0,0.0,100.0,-0.0,-0.0,1.0,0.279245476,0.0,0.0,100.0,0.0,1.0,0.11,0.0,-333.1094898554259,333.1094898554259,0.0,-333.1094898554259,333.1094898554259,0.0,-12763.770124808758,12763.770124808758,0.0,0.0,6581.442656249999,6581.442656249999,0.0,18287.533673339378,25236.080121608986,6948.54644826961,0.0,0.0,0.0,13529.98910451961,13529.98910451961,13529.98910451961,0.0,0.0,100.0,0.0,13429.98910451961,-18387.533673339374,1,-0.0,-100.0
3038,0.0,0.0,-0.0,0.0,100.0,-0.0,-0.0,1.0,0.278819908,0.0,0.0,100.0,0.0,1.0,0.08,0.0,-346.84684681313,346.84684681313,0.0,-346.84684681313,346.84684681313,0.0,-23718.66121281485,23718.66121281485,0.0,0.0,5870.946005859375,5870.946005859375,0.0,4521.6087794931045,23163.01768007484,18641.408900581737,0.0,0.0,0.0,24512.354906441113,24512.354906441113,24512.354906441113,0.0,0.0,100.0,0.0,24412.354906441113,-4621.6087794931045,1,-0.0,-100.0
3039,18851.24040296147,0.0,-188512.4040296147,0.0,100.0,45.0,-0.0,1.0,0.282000391,28.2000391,0.0,0.0,100.0,1.0,0.08,-8.0,-331.29021871869725,331.29021871869725,0.0,-331.29021871869725,331.29021871869725,0.0,-38064.13201857088,38064.13201857088,0.0,0.0,4113.40166015625,4113.40166015625,0.0,0.0,15617.070392890557,15617.070392890557,0.0,-188520.4040296147,-188520.4040296147,38726.712456008274,38726.712456008274,38581.712456008274,0.0,145.0,0.0,0.0,38726.712456008274,18996.240402961466,1,45.0,100.0
3040,23662.40695683375,0.0,-236624.06956833752,0.0,50.0,36.0,-0.0,0.5,0.294633433,29.4633433,0.0,0.0,100.0,1.0,0.08,-8.0,-324.8369715005996,324.8369715005996,0.0,-324.8369715005996,324.8369715005996,0.0,-37377.09065669022,37377.09065669022,0.0,0.0,3365.5104492187497,3365.5104492187497,0.0,0.0,10862.847193638916,10862.847193638916,0.0,-236632.06956833752,-236632.06956833752,38026.764599691414,38026.76459969142,37890.764599691414,0.0,136.0,0.0,0.0,38026.76459969142,23798.406956833758,1,36.0,100.0
3041,27686.06302974597,0.0,-276860.63029745966,0.0,10.0,0.0,-0.0,0.1,0.303085231,30.308523100000002,0.0,0.0,100.0,1.0,0.11,-11.0,-296.68567072033886,296.68567072033886,0.0,-296.68567072033886,296.68567072033886,0.0,-36676.5798599044,36676.5798599044,0.0,0.0,3402.905009765625,3402.905009765625,0.0,0.0,6080.98316183349,6080.98316183349,0.0,-276871.63029745966,-276871.63029745966,37269.95120134509,37269.95120134508,37169.95120134509,0.0,100.0,0.0,0.0,37269.95120134508,27786.063029745965,1,0.0,100.0
3042,21248.274702243798,0.0,-212482.74702243798,0.0,10.0,0.0,-0.0,0.1,0.311526728,31.152672799999998,0.0,0.0,100.0,1.0,0.11,-11.0,-285.42568485326547,285.42568485326547,0.0,-285.42568485326547,285.42568485326547,0.0,-22466.75482116931,22466.75482116931,0.0,0.0,224.36736328125,224.36736328125,0.0,0.0,1464.9641253507953,1464.9641253507953,0.0,-212493.74702243798,-212493.74702243798,23037.606190875842,23037.606190875842,22937.606190875842,0.0,100.0,0.0,0.0,23037.606190875842,21348.274702243798,1,0.0,100.0
3043,20023.951914047277,0.0,-200239.51914047275,0.0,10.0,0.0,-0.0,0.1,0.323248814,32.3248814,0.0,0.0,100.0,1.0,0.11,-11.0,-283.1017688601816,283.1017688601816,0.0,-283.1017688601816,283.1017688601816,0.0,-19557.748376326912,19557.748376326912,0.0,0.0,0.0,0.0,0.0,0.0,0.0,0.0,0.0,-200250.51914047275,-200250.51914047275,20123.951914047277,20123.951914047277,20023.951914047277,0.0,100.0,0.0,0.0,20123.951914047277,20123.951914047277,1,0.0,100.0
3044,18489.952404923064,0.0,-184899.52404923065,0.0,10.0,0.0,-0.0,0.1,0.3145012889999999,31.450128899999992,0.0,0.0,100.0,1.0,0.11,-11.0,-255.0084608679713,255.0084608679713,0.0,-255.0084608679713,255.0084608679713,0.0,-18079.93548318712,18079.93548318712,0.0,0.0,0.0,0.0,0.0,0.0,0.0,0.0,0.0,-184910.52404923065,-184910.52404923065,18589.952404923064,18589.952404923064,18489.952404923064,0.0,100.0,0.0,0.0,18589.952404923064,18589.952404923064,1,0.0,100.0
3045,16970.096975306948,0.0,-169700.96975306948,0.0,10.0,0.0,-0.0,0.1,0.304761564,30.476156399999997,0.0,0.0,100.0,1.0,0.11,-11.0,-234.07504056894243,234.07504056894243,0.0,-234.07504056894243,234.07504056894243,0.0,-16601.94689416906,16601.94689416906,0.0,0.0,0.0,0.0,0.0,0.0,0.0,0.0,0.0,-169711.96975306948,-169711.96975306948,17070.096975306948,17070.096975306948,16970.096975306948,0.0,100.0,0.0,0.0,17070.096975306948,17070.096975306948,1,0.0,100.0
3046,15497.903724389836,0.0,-154979.03724389838,0.0,10.0,0.0,-0.0,0.1,0.304076818,30.407681800000002,0.0,0.0,100.0,1.0,0.11,-11.0,-236.928785649851,236.928785649851,0.0,-236.928785649851,236.928785649851,0.0,-15124.046153090134,15124.046153090134,0.0,0.0,0.0,0.0,0.0,0.0,0.0,0.0,0.0,-154990.03724389838,-154990.03724389838,15597.903724389836,15597.903724389836,15497.903724389836,0.0,100.0,0.0,0.0,15597.903724389836,15597.903724389836,1,0.0,100.0
3047,14753.241266365034,0.0,-147532.41266365035,0.0,10.0,0.0,-0.0,0.1,0.319011465,31.9011465,0.0,0.0,100.0,1.0,0.11,-11.0,-234.0727419071821,234.0727419071821,0.0,-234.0727419071821,234.0727419071821,0.0,-14385.09578255067,14385.09578255067,0.0,0.0,0.0,0.0,0.0,0.0,0.0,0.0,0.0,-147543.41266365035,-147543.41266365035,14853.241266365034,14853.241266365034,14753.241266365034,0.0,100.0,0.0,0.0,14853.241266365034,14853.241266365034,1,0.0,100.0
3048,17766.58129286373,0.0,-177665.81292863732,0.0,10.0,0.0,-0.0,0.1,0.323349665,32.3349665,0.0,0.0,100.0,1.0,0.08,-8.0,-234.05058358941704,234.05058358941704,0.0,-234.05058358941704,234.05058358941704,0.0,-17398.4801256849,17398.4801256849,0.0,0.0,0.0,0.0,0.0,0.0,0.0,0.0,0.0,-177673.81292863732,-177673.81292863732,17866.58129286373,17866.58129286373,17766.58129286373,0.0,100.0,0.0,0.0,17866.58129286373,17866.58129286373,1,0.0,100.0
3049,17766.5492794683,0.0,-177665.49279468303,0.0,10.0,0.0,-0.0,0.1,0.3129709189999999,31.29709189999999,0.0,0.0,100.0,1.0,0.08,-8.0,-234.0345768917016,234.0345768917016,0.0,-234.0345768917016,234.0345768917016,0.0,-17398.4801256849,17398.4801256849,0.0,0.0,0.0,0.0,0.0,0.0,0.0,0.0,0.0,-177673.49279468303,-177673.49279468303,17866.5492794683,17866.5492794683,17766.5492794683,0.0,100.0,0.0,0.0,17866.5492794683,17866.5492794683,1,0.0,100.0
3050,17766.590283218462,0.0,-177665.90283218463,0.0,10.0,0.0,-0.0,0.1,0.306355657,30.6355657,0.0,0.0,100.0,1.0,0.08,-8.0,-234.0550817897655,234.0550817897655,0.0,-234.0550817897655,234.0550817897655,0.0,-17398.48011963893,17398.48011963893,0.0,0.0,0.0,0.0,0.0,0.0,0.0,0.0,0.0,-177673.90283218463,-177673.90283218463,17866.590283218462,17866.590283218462,17766.590283218462,0.0,100.0,0.0,0.0,17866.590283218462,17866.590283218462,1,0.0,100.0
3051,18507.959994946516,0.0,-185079.59994946516,0.0,10.0,0.0,-0.0,0.1,0.312917035,31.2917035,0.0,0.0,100.0,1.0,0.08,-8.0,-235.2647463380901,235.2647463380901,0.0,-235.2647463380901,235.2647463380901,0.0,-18137.430502270334,18137.430502270334,0.0,0.0,0.0,0.0,0.0,0.0,0.0,0.0,0.0,-185087.59994946516,-185087.59994946516,18607.959994946516,18607.959994946516,18507.959994946516,0.0,100.0,0.0,0.0,18607.959994946516,18607.959994946516,1,0.0,100.0
3052,19942.401979427912,0.0,-199424.01979427913,0.0,10.0,0.0,-0.0,0.1,0.30833641,30.833641,0.0,0.0,100.0,1.0,0.08,-8.0,-234.9739260221668,234.9739260221668,0.0,-234.9739260221668,234.9739260221668,0.0,-19572.45412738358,19572.45412738358,0.0,0.0,0.0,0.0,0.0,0.0,0.0,0.0,0.0,-199432.01979427913,-199432.01979427913,20042.401979427912,20042.401979427912,19942.401979427912,0.0,100.0,0.0,0.0,20042.401979427912,20042.401979427912,1,0.0,100.0
3053,19701.56734823131,0.0,-197015.6734823131,0.0,10.0,0.0,-0.0,0.1,0.266809058,26.680905799999998,0.0,0.0,100.0,1.0,0.11,-11.0,-514.2560843228175,514.2560843228175,0.0,-514.2560843228175,514.2560843228175,0.0,-22725.53613757613,22725.53613757613,0.0,0.0,3178.537646484375,3178.537646484375,0.0,0.0,773.9433115060806,773.9433115060806,0.0,-197026.6734823131,-197026.6734823131,23754.048306221765,23754.048306221768,23654.048306221765,0.0,100.0,0.0,0.0,23754.048306221768,19801.567348231314,1,0.0,100.0
3054,32399.898259695823,0.0,-323998.98259695823,0.0,10.0,0.0,-0.0,0.1,0.238188043,23.8188043,0.0,0.0,100.0,1.0,0.11,-11.0,-771.3037342024022,771.3037342024022,0.0,-771.3037342024022,771.3037342024022,0.0,-34677.33424831313,34677.33424831313,0.0,0.0,1757.544345703125,1757.544345703125,0.0,0.0,1962.49911131899,1962.49911131899,0.0,-324009.98259695823,-324009.98259695823,36219.941716717934,36219.941716717934,36119.941716717934,0.0,100.0,0.0,0.0,36219.941716717934,32499.89825969582,1,0.0,100.0
3055,69211.10076770581,0.0,-692111.0076770581,0.0,10.0,0.0,-0.0,0.1,0.228360135,22.8360135,0.0,0.0,100.0,1.0,0.11,-11.0,-1144.4572908602338,1144.4572908602338,0.0,-1144.4572908602338,1144.4572908602338,0.0,-76762.94360769591,76762.94360769591,0.0,0.0,3963.8234179687497,3963.8234179687497,0.0,0.0,5776.934003741816,5776.934003741816,0.0,-692122.0076770581,-692122.0076770581,79051.85818941638,79051.85818941638,78951.85818941638,0.0,100.0,0.0,0.0,79051.85818941638,69311.10076770582,1,0.0,100.0
3056,60295.38903120389,0.0,-602953.890312039,0.0,10.0,0.0,-0.0,0.1,0.220205266,22.0205266,0.0,0.0,100.0,1.0,0.11,-11.0,-1206.1564436937217,1206.1564436937217,0.0,-1206.1564436937217,1206.1564436937217,0.0,-81259.45518479373,81259.45518479373,0.0,0.0,9124.2727734375,9124.2727734375,0.0,0.0,14152.10626753976,14152.10626753976,0.0,-602964.890312039,-602964.890312039,83671.76807218115,83671.76807218116,83571.76807218115,0.0,100.0,0.0,0.0,83671.76807218116,60395.3890312039,1,0.0,100.0
3057,59770.51796920752,0.0,-597705.1796920751,0.0,10.0,0.0,-0.0,0.1,0.224020036,22.4020036,0.0,0.0,100.0,1.0,0.11,-11.0,-1270.4959872019044,1270.4959872019044,0.0,-1270.4959872019044,1270.4959872019044,0.0,-84176.46510893638,84176.46510893638,0.0,0.0,8825.1162890625,8825.1162890625,0.0,0.0,18021.82282507016,18021.82282507016,0.0,-597716.1796920751,-597716.1796920751,86717.45708334018,86717.45708334018,86617.45708334018,0.0,100.0,0.0,0.0,86717.45708334018,59870.51796920752,1,0.0,100.0
3058,63160.773348898176,0.0,-631607.7334889817,0.0,10.0,0.0,-0.0,0.1,0.245138987,24.5138987,0.0,0.0,100.0,1.0,0.11,-11.0,-1341.323579994439,1341.323579994439,0.0,-1341.323579994439,1341.323579994439,0.0,-85459.19901111098,85459.19901111098,0.0,0.0,11143.57904296875,11143.57904296875,0.0,0.0,13737.49377923293,13737.49377923293,0.0,-631618.7334889817,-631618.7334889817,88141.84617109985,88141.84617109985,88041.84617109985,0.0,100.0,0.0,0.0,88141.84617109985,63260.773348898176,1,0.0,100.0
3059,46588.21116686986,0.0,-465882.1116686986,0.0,10.0,0.0,-0.0,0.1,0.279537406,27.9537406,0.0,0.0,100.0,1.0,0.11,-11.0,-1380.882072293193,1380.882072293193,0.0,-1380.882072293193,1380.882072293193,0.0,-81803.54057960195,81803.54057960195,0.0,0.0,12115.8376171875,12115.8376171875,0.0,0.0,25761.255940130966,25761.255940130966,0.0,-465893.1116686986,-465893.1116686986,84565.30472418833,84565.30472418833,84465.30472418833,0.0,100.0,0.0,0.0,84565.30472418833,46688.21116686986,1,0.0,100.0
3060,55409.71041978533,0.0,-554097.1041978534,0.0,10.0,0.0,-0.0,0.1,0.279656031,27.965603100000003,0.0,0.0,100.0,1.0,0.11,-11.0,-1342.1450069021066,1342.1450069021066,0.0,-1342.1450069021066,1342.1450069021066,0.0,-85167.99252460102,85167.99252460102,0.0,0.0,9124.2727734375,9124.2727734375,0.0,0.0,23218.29934518242,23218.29934518242,0.0,-554108.1041978534,-554108.1041978534,87852.28253840526,87852.28253840524,87752.28253840526,0.0,100.0,0.0,0.0,87852.28253840524,55509.71041978532,1,0.0,100.0
3061,49498.60281836733,0.0,-494986.02818367333,0.0,10.0,0.0,-0.0,0.1,0.276362876,27.6362876,0.0,0.0,100.0,1.0,0.11,-11.0,-1336.5656928347396,1336.5656928347396,0.0,-1336.5656928347396,1336.5656928347396,0.0,-84883.80389737169,84883.80389737169,0.0,0.0,13275.068994140624,13275.068994140624,0.0,0.0,24683.263470533213,24683.263470533213,0.0,-494997.02818367333,-494997.02818367333,87556.93528304117,87556.93528304117,87456.93528304117,0.0,100.0,0.0,0.0,87556.93528304117,49598.60281836733,1,0.0,100.0
3062,56655.78329802307,0.0,-566557.8329802307,0.0,10.0,0.0,-0.0,0.1,0.2802500619999999,28.025006199999993,0.0,0.0,100.0,1.0,0.08,-8.0,-1335.9598577805243,1335.9598577805243,0.0,-1335.9598577805243,1335.9598577805243,0.0,-84403.79387037896,84403.79387037896,0.0,0.0,8787.721728515624,8787.721728515624,0.0,0.0,21532.20855940131,21532.20855940131,0.0,-566565.8329802307,-566565.8329802307,87075.71358594,87075.71358594,86975.71358594,0.0,100.0,0.0,0.0,87075.71358594,56755.78329802307,0,0.0,100.0
3063,63997.01430175929,0.0,-639970.143017593,0.0,10.0,0.0,-0.0,0.1,0.285937234,28.5937234,0.0,0.0,100.0,1.0,0.08,-8.0,-1274.6974632340305,1274.6974632340305,0.0,-1274.6974632340305,1274.6974632340305,0.0,-87368.70184040358,87368.70184040358,0.0,0.0,6693.626337890625,6693.626337890625,0.0,0.0,19127.456127221707,19127.456127221707,0.0,-639978.143017593,-639978.143017593,89918.09676687163,89918.09676687163,89818.09676687163,0.0,100.0,0.0,0.0,89918.09676687163,64097.0143017593,0,0.0,100.0
3064,62483.296428189824,0.0,-624832.9642818982,0.0,10.0,0.0,-0.0,0.1,0.3002701239999999,30.027012399999993,0.0,0.0,100.0,1.0,0.08,-8.0,-996.8427046802376,996.8427046802376,0.0,-996.8427046802376,996.8427046802376,0.0,-79606.12438255275,79606.12438255275,0.0,0.0,7628.4903515625,7628.4903515625,0.0,0.0,11388.0230121609,11388.0230121609,0.0,-624840.9642818982,-624840.9642818982,81599.80979191323,81599.80979191323,81499.80979191323,0.0,100.0,0.0,0.0,81599.80979191323,62583.29642818983,1,0.0,100.0
3065,60389.89042484092,0.0,-603898.9042484092,0.0,10.0,0.0,-0.0,0.1,0.308405942,30.840594199999998,0.0,0.0,100.0,1.0,0.11,-11.0,-973.7565588764468,973.7565588764468,0.0,-973.7565588764468,973.7565588764468,0.0,-67527.14176073374,67527.14176073374,0.0,0.0,2655.013798828125,2655.013798828125,0.0,0.0,6329.750654817587,6329.750654817587,0.0,-603909.9042484092,-603909.9042484092,69474.65487848663,69474.65487848663,69374.65487848663,0.0,100.0,0.0,0.0,69474.65487848663,60489.89042484092,1,0.0,100.0
3066,65561.29555559202,0.0,-655612.9555559203,0.0,10.0,0.0,-0.0,0.1,0.307376697,30.737669699999998,0.0,0.0,100.0,1.0,0.11,-11.0,-952.4393039470644,952.4393039470644,0.0,-952.4393039470644,952.4393039470644,0.0,-65418.10760377615,65418.10760377615,0.0,0.0,224.36736328125,224.36736328125,0.0,0.0,1437.3232927970068,1437.3232927970068,0.0,-655623.9555559203,-655623.9555559203,67322.98621167027,67322.98621167029,67222.98621167027,0.0,100.0,0.0,0.0,67322.98621167029,65661.29555559203,1,0.0,100.0
3067,49785.12682351674,0.0,-497851.2682351674,0.0,10.0,0.0,-0.0,0.1,0.309112412,30.9112412,0.0,0.0,100.0,1.0,0.11,-11.0,-924.7172150799188,924.7172150799188,0.0,-924.7172150799188,924.7172150799188,0.0,-48035.6923933569,48035.6923933569,0.0,0.0,0.0,0.0,0.0,0.0,0.0,0.0,0.0,-497862.2682351674,-497862.2682351674,49885.12682351674,49885.12682351674,49785.12682351674,0.0,100.0,0.0,0.0,49885.12682351674,49885.12682351674,1,0.0,100.0
3068,43667.79488246084,0.0,-436677.9488246084,0.0,10.0,0.0,-0.0,0.1,0.308773287,30.8773287,0.0,0.0,100.0,1.0,0.11,-11.0,-234.9604519654344,234.9604519654344,0.0,-234.9604519654344,234.9604519654344,0.0,-43297.87397852997,43297.87397852997,0.0,0.0,0.0,0.0,0.0,0.0,0.0,0.0,0.0,-436688.9488246084,-436688.9488246084,43767.79488246084,43767.79488246084,43667.79488246084,0.0,100.0,0.0,0.0,43767.79488246084,43767.79488246084,1,0.0,100.0
3069,21489.95109461354,0.0,-214899.51094613541,0.0,10.0,0.0,-0.0,0.1,0.2966527639999999,29.66527639999999,0.0,0.0,100.0,1.0,0.11,-11.0,-233.9711176845588,233.9711176845588,0.0,-233.9711176845588,233.9711176845588,0.0,-21122.008859244423,21122.008859244423,0.0,0.0,0.0,0.0,0.0,0.0,0.0,0.0,0.0,-214910.51094613541,-214910.51094613541,21589.95109461354,21589.95109461354,21489.95109461354,0.0,100.0,0.0,0.0,21589.95109461354,21589.95109461354,1,0.0,100.0
3070,18511.194167565474,0.0,-185111.94167565473,0.0,10.0,0.0,-0.0,0.1,0.290421857,29.0421857,0.0,0.0,100.0,1.0,0.11,-11.0,-236.88183264757,236.88183264757,0.0,-236.88183264757,236.88183264757,0.0,-18137.430502270334,18137.430502270334,0.0,0.0,0.0,0.0,0.0,0.0,0.0,0.0,0.0,-185122.94167565473,-185122.94167565473,18611.194167565474,18611.194167565474,18511.194167565474,0.0,100.0,0.0,0.0,18611.194167565474,18611.194167565474,1,0.0,100.0
3071,17766.264203714192,0.0,-177662.64203714192,0.0,10.0,0.0,-0.0,0.1,0.286217323,28.6217323,0.0,0.0,100.0,1.0,0.11,-11.0,-233.89202994569044,233.89202994569044,0.0,-233.89202994569044,233.89202994569044,0.0,-17398.48014382281,17398.48014382281,0.0,0.0,0.0,0.0,0.0,0.0,0.0,0.0,0.0,-177673.64203714192,-177673.64203714192,17866.264203714192,17866.264203714192,17766.264203714192,0.0,100.0,0.0,0.0,17866.264203714192,17866.264203714192,1,0.0,100.0
3072,17766.180569515334,0.0,-177661.80569515334,0.0,10.0,0.0,-0.0,0.1,0.299022701,29.9022701,0.0,0.0,100.0,1.0,0.08,-8.0,-233.850300512822,233.850300512822,0.0,-233.850300512822,233.850300512822,0.0,-17398.47996848969,17398.47996848969,0.0,0.0,0.0,0.0,0.0,0.0,0.0,0.0,0.0,-177669.80569515334,-177669.80569515334,17866.180569515334,17866.180569515334,17766.180569515334,0.0,100.0,0.0,0.0,17866.180569515334,17866.180569515334,1,0.0,100.0
3073,17766.1395638197,0.0,-177661.395638197,0.0,10.0,0.0,-0.0,0.1,0.303354486,30.3354486,0.0,0.0,100.0,1.0,0.08,-8.0,-233.8297976650052,233.8297976650052,0.0,-233.8297976650052,233.8297976650052,0.0,-17398.47996848969,17398.47996848969,0.0,0.0,0.0,0.0,0.0,0.0,0.0,0.0,0.0,-177669.395638197,-177669.395638197,17866.1395638197,17866.1395638197,17766.1395638197,0.0,100.0,0.0,0.0,17866.1395638197,17866.1395638197,1,0.0,100.0
3074,17766.068379637214,0.0,-177660.68379637215,0.0,10.0,0.0,-0.0,0.1,0.299665145,29.966514500000002,0.0,0.0,100.0,1.0,0.08,-8.0,-233.79420859674804,233.79420859674804,0.0,-233.79420859674804,233.79420859674804,0.0,-17398.47996244372,17398.47996244372,0.0,0.0,0.0,0.0,0.0,0.0,0.0,0.0,0.0,-177668.68379637215,-177668.68379637215,17866.068379637214,17866.068379637214,17766.068379637214,0.0,100.0,0.0,0.0,17866.068379637214,17866.068379637214,1,0.0,100.0
3075,18516.51763169657,0.0,-185165.1763169657,0.0,10.0,0.0,-0.0,0.1,0.316784936,31.678493600000003,0.0,0.0,100.0,1.0,0.08,-8.0,-239.5436523796804,239.5436523796804,0.0,-239.5436523796804,239.5436523796804,0.0,-18137.43032693721,18137.43032693721,0.0,0.0,0.0,0.0,0.0,0.0,0.0,0.0,0.0,-185173.1763169657,-185173.1763169657,18616.51763169657,18616.51763169657,18516.51763169657,0.0,100.0,0.0,0.0,18616.51763169657,18616.51763169657,1,0.0,100.0
3076,19949.836774011983,0.0,-199498.36774011984,0.0,10.0,0.0,-0.0,0.1,0.307437523,30.7437523,0.0,0.0,100.0,1.0,0.08,-8.0,-238.6914563255354,238.6914563255354,0.0,-238.6914563255354,238.6914563255354,0.0,-19572.45386136091,19572.45386136091,0.0,0.0,0.0,0.0,0.0,0.0,0.0,0.0,0.0,-199506.36774011984,-199506.36774011984,20049.836774011983,20049.836774011983,19949.836774011983,0.0,100.0,0.0,0.0,20049.836774011983,20049.836774011983,1,0.0,100.0
3077,28092.390007814734,0.0,-280923.90007814736,0.0,10.0,0.0,-0.0,0.1,0.28455053,28.455053000000003,0.0,0.0,100.0,1.0,0.11,-11.0,-504.3488128045684,504.3488128045684,0.0,-504.3488128045684,504.3488128045684,0.0,-29731.446792550032,29731.446792550032,0.0,0.0,1607.966103515625,1607.966103515625,0.0,0.0,939.788306828812,939.788306828812,0.0,-280934.90007814736,-280934.90007814736,30740.144418159172,30740.14441815917,30640.144418159172,0.0,100.0,0.0,0.0,30740.14441815917,28192.39000781473,1,0.0,100.0
3078,30945.495823337904,0.0,-309454.95823337906,0.0,10.0,0.0,-0.0,0.1,0.262220863,26.2220863,0.0,0.0,100.0,1.0,0.11,-11.0,-737.6349202885697,737.6349202885697,0.0,-737.6349202885697,737.6349202885697,0.0,-41159.45714664239,41159.45714664239,0.0,0.0,8189.408759765624,8189.408759765624,0.0,0.0,3399.822404115997,3399.822404115997,0.0,-309465.95823337906,-309465.95823337906,42634.726987219525,42634.726987219525,42534.726987219525,0.0,100.0,0.0,0.0,42634.726987219525,31045.495823337904,1,0.0,100.0
3079,57422.81205126951,0.0,-574228.120512695,0.0,10.0,0.0,-0.0,0.1,0.237118062,23.711806199999998,0.0,0.0,100.0,1.0,0.11,-11.0,-1059.6240532610163,1059.6240532610163,0.0,-1059.6240532610163,1059.6240532610163,0.0,-79949.61121513195,79949.61121513195,0.0,0.0,12826.334267578124,12826.334267578124,0.0,0.0,11719.713002806362,11719.713002806362,0.0,-574239.120512695,-574239.120512695,82068.85932165399,82068.85932165399,81968.85932165399,0.0,100.0,0.0,0.0,82068.85932165399,57522.8120512695,1,0.0,100.0
3080,52180.64086101633,0.0,-521806.40861016326,0.0,10.0,0.0,-0.0,0.1,0.221891812,22.1891812,0.0,0.0,100.0,1.0,0.11,-11.0,-1128.947100235535,1128.947100235535,0.0,-1128.947100235535,1128.947100235535,0.0,-86135.4034137353,86135.4034137353,0.0,0.0,18173.75642578125,18173.75642578125,0.0,0.0,17938.900327408795,17938.900327408795,0.0,-521817.40861016326,-521817.40861016326,88393.29761420637,88393.29761420637,88293.29761420637,0.0,100.0,0.0,0.0,88393.29761420637,52280.64086101633,1,0.0,100.0
3081,36429.68396988725,0.0,-364296.8396988725,0.0,10.0,0.0,-0.0,0.1,0.221149602,22.1149602,0.0,0.0,100.0,1.0,0.11,-11.0,-1234.4813462202897,1234.4813462202897,0.0,-1234.4813462202897,1234.4813462202897,0.0,-86892.2402534629,86892.2402534629,0.0,0.0,30027.832119140625,30027.832119140625,0.0,0.0,22803.68685687559,22803.68685687559,0.0,-364307.8396988725,-364307.8396988725,89361.20294590347,89361.20294590347,89261.20294590347,0.0,100.0,0.0,0.0,89361.20294590347,36529.68396988725,1,0.0,100.0
3082,29541.063618679902,0.0,-295410.63618679903,0.0,10.0,0.0,-0.0,0.1,0.23800304,23.800304,0.0,0.0,100.0,1.0,0.11,-11.0,-1336.6876134996885,1336.6876134996885,0.0,-1336.6876134996885,1336.6876134996885,0.0,-87006.76192245184,87006.76192245184,0.0,0.0,34029.05009765625,34029.05009765625,0.0,0.0,26010.023433115064,26010.023433115064,0.0,-295421.63618679903,-295421.63618679903,89680.13714945121,89680.13714945121,89580.13714945121,0.0,100.0,0.0,0.0,89680.13714945121,29641.063618679902,1,0.0,100.0
3083,23089.055196526457,0.0,-230890.55196526457,0.0,10.0,0.0,-0.0,0.1,0.27512773,27.512773000000003,0.0,0.0,100.0,1.0,0.11,-11.0,-1378.408303947019,1378.408303947019,0.0,-1378.408303947019,1378.408303947019,0.0,-83767.0209795662,83767.0209795662,0.0,0.0,35113.49235351563,35113.49235351563,0.0,0.0,28221.29003741815,28221.29003741815,0.0,-230901.55196526457,-230901.55196526457,86523.83758746024,86523.83758746024,86423.83758746024,0.0,100.0,0.0,0.0,86523.83758746024,23189.05519652646,1,0.0,100.0
3084,28122.300135682093,0.0,-281223.0013568209,0.0,10.0,0.0,-0.0,0.1,0.288869633,28.8869633,0.0,0.0,100.0,1.0,0.11,-11.0,-1382.0271788274415,1382.0271788274415,0.0,-1382.0271788274415,1382.0271788274415,0.0,-86939.56689475247,86939.56689475247,0.0,0.0,33094.18608398437,33094.18608398437,0.0,0.0,28387.135032740884,28387.135032740884,0.0,-281234.0013568209,-281234.0013568209,89703.62125240735,89703.62125240735,89603.62125240735,0.0,100.0,0.0,0.0,89703.62125240735,28222.30013568209,1,0.0,100.0
3085,40908.24236730239,0.0,-409082.4236730239,0.0,10.0,0.0,-0.0,0.1,0.289142592,28.914259199999996,0.0,0.0,100.0,1.0,0.11,-11.0,-1385.9177030834496,1385.9177030834496,0.0,-1385.9177030834496,1385.9177030834496,0.0,-87110.80526096668,87110.80526096668,0.0,0.0,22062.79072265625,22062.79072265625,0.0,0.0,26811.60757717493,26811.60757717493,0.0,-409093.4236730239,-409093.4236730239,89882.64066713357,89882.64066713357,89782.64066713357,0.0,100.0,0.0,0.0,89882.64066713357,41008.24236730239,1,0.0,100.0
3086,45269.639688220406,0.0,-452696.39688220405,0.0,10.0,0.0,-0.0,0.1,0.291609792,29.160979199999996,0.0,0.0,100.0,1.0,0.08,-8.0,-1377.7450824758012,1377.7450824758012,0.0,-1377.7450824758012,1377.7450824758012,0.0,-87178.26153501497,87178.26153501497,0.0,0.0,20903.559345703125,20903.559345703125,0.0,0.0,23660.55266604304,23660.55266604304,0.0,-452704.39688220405,-452704.39688220405,89933.75169996658,89933.75169996657,89833.75169996658,0.0,100.0,0.0,0.0,89933.75169996657,45369.6396882204,1,0.0,100.0
3087,62109.22329476325,0.0,-621092.2329476326,0.0,10.0,0.0,-0.0,0.1,0.296122838,29.6122838,0.0,0.0,100.0,1.0,0.08,-8.0,-1328.3549673382452,1328.3549673382452,0.0,-1328.3549673382452,1328.3549673382452,0.0,-90039.78251699085,90039.78251699085,0.0,0.0,11442.73552734375,11442.73552734375,0.0,0.0,19044.53362956034,19044.53362956034,0.0,-621100.2329476326,-621100.2329476326,92696.49245166735,92696.49245166733,92596.49245166735,0.0,100.0,0.0,0.0,92696.49245166733,62209.223294763244,0,0.0,100.0
3088,60477.65464227926,0.0,-604776.5464227926,0.0,10.0,0.0,-0.0,0.1,0.302352696,30.2352696,0.0,0.0,100.0,1.0,0.08,-8.0,-1015.1436331117468,1015.1436331117468,0.0,-1015.1436331117468,1015.1436331117468,0.0,-82934.17753458046,82934.17753458046,0.0,0.0,10732.238876953124,10732.238876953124,0.0,0.0,13654.571281571563,13654.571281571563,0.0,-604784.5464227926,-604784.5464227926,84964.46480080395,84964.46480080395,84864.46480080395,0.0,100.0,0.0,0.0,84964.46480080395,60577.65464227926,1,0.0,100.0
3089,58276.421393372766,0.0,-582764.2139337277,0.0,10.0,0.0,-0.0,0.1,0.317536945,31.7536945,0.0,0.0,100.0,1.0,0.11,-11.0,-961.1836330363384,961.1836330363384,0.0,-961.1836330363384,961.1836330363384,0.0,-68848.26823529384,68848.26823529384,0.0,0.0,5235.2384765625,5235.2384765625,0.0,0.0,7158.975631431245,7158.975631431245,0.0,-582775.2139337277,-582775.2139337277,70770.63550136652,70770.63550136652,70670.63550136652,0.0,100.0,0.0,0.0,70770.63550136652,58376.42139337277,1,0.0,100.0
3090,61981.593830364305,0.0,-619815.938303643,0.0,10.0,0.0,-0.0,0.1,0.3259767189999999,32.597671899999995,0.0,0.0,100.0,1.0,0.11,-11.0,-919.1683953003892,919.1683953003892,0.0,-919.1683953003892,919.1683953003892,0.0,-63256.04454924596,63256.04454924596,0.0,0.0,1271.41505859375,1271.41505859375,0.0,0.0,1741.3724508886812,1741.3724508886812,0.0,-619826.938303643,-619826.938303643,65094.38133984674,65094.38133984674,64994.38133984674,0.0,100.0,0.0,0.0,65094.38133984674,62081.593830364305,1,0.0,100.0
3091,54904.98373007417,0.0,-549049.8373007417,0.0,10.0,0.0,-0.0,0.1,0.326561191,32.6561191,0.0,0.0,100.0,1.0,0.11,-11.0,-913.8924198976254,913.8924198976254,0.0,-913.8924198976254,913.8924198976254,0.0,-53177.19889027892,53177.19889027892,0.0,0.0,0.0,0.0,0.0,0.0,0.0,0.0,0.0,-549060.8373007417,-549060.8373007417,55004.98373007417,55004.98373007417,54904.98373007417,0.0,100.0,0.0,0.0,55004.98373007417,55004.98373007417,1,0.0,100.0
3092,48879.052633639774,0.0,-488790.52633639774,0.0,10.0,0.0,-0.0,0.1,0.325630675,32.563067499999995,0.0,0.0,100.0,1.0,0.11,-11.0,-234.06853069958925,234.06853069958925,0.0,-234.06853069958925,234.06853069958925,0.0,-48510.91557224059,48510.91557224059,0.0,0.0,0.0,0.0,0.0,0.0,0.0,0.0,0.0,-488801.52633639774,-488801.52633639774,48979.052633639774,48979.052633639774,48879.052633639774,0.0,100.0,0.0,0.0,48979.052633639774,48979.052633639774,1,0.0,100.0
3093,21489.997585665842,0.0,-214899.97585665842,0.0,10.0,0.0,-0.0,0.1,0.316770964,31.6770964,0.0,0.0,100.0,1.0,0.11,-11.0,-233.99443878533563,233.99443878533563,0.0,-233.99443878533563,233.99443878533563,0.0,-21122.00870809517,21122.00870809517,0.0,0.0,0.0,0.0,0.0,0.0,0.0,0.0,0.0,-214910.97585665842,-214910.97585665842,21589.997585665842,21589.997585665842,21489.997585665842,0.0,100.0,0.0,0.0,21589.997585665842,21589.997585665842,1,0.0,100.0
3094,18511.175964032147,0.0,-185111.75964032148,0.0,10.0,0.0,-0.0,0.1,0.308963919,30.896391899999998,0.0,0.0,100.0,1.0,0.11,-11.0,-236.8728064555271,236.8728064555271,0.0,-236.8728064555271,236.8728064555271,0.0,-18137.430351121093,18137.430351121093,0.0,0.0,0.0,0.0,0.0,0.0,0.0,0.0,0.0,-185122.75964032148,-185122.75964032148,18611.175964032147,18611.175964032147,18511.175964032147,0.0,100.0,0.0,0.0,18611.175964032147,18611.175964032147,1,0.0,100.0
3095,17766.277317811124,0.0,-177662.77317811124,0.0,10.0,0.0,-0.0,0.1,0.305068014,30.5068014,0.0,0.0,100.0,1.0,0.11,-11.0,-233.89867768370223,233.89867768370223,0.0,-233.89867768370223,233.89867768370223,0.0,-17398.47996244372,17398.47996244372,0.0,0.0,0.0,0.0,0.0,0.0,0.0,0.0,0.0,-177673.77317811124,-177673.77317811124,17866.277317811124,17866.277317811124,17766.277317811124,0.0,100.0,0.0,0.0,17866.277317811124,17866.277317811124,1,0.0,100.0
3096,17766.188199494107,0.0,-177661.88199494107,0.0,10.0,0.0,-0.0,0.1,0.30636399,30.636398999999997,0.0,0.0,100.0,1.0,0.08,-8.0,-233.8542061917516,233.8542061917516,0.0,-233.8542061917516,233.8542061917516,0.0,-17398.479787110602,17398.479787110602,0.0,0.0,0.0,0.0,0.0,0.0,0.0,0.0,0.0,-177669.88199494107,-177669.88199494107,17866.188199494107,17866.188199494107,17766.188199494107,0.0,100.0,0.0,0.0,17866.188199494107,17866.188199494107,1,0.0,100.0
3097,17766.075262509952,0.0,-177660.75262509953,0.0,10.0,0.0,-0.0,0.1,0.305379104,30.5379104,0.0,0.0,100.0,1.0,0.08,-8.0,-233.79773769967525,233.79773769967525,0.0,-233.79773769967525,233.79773769967525,0.0,-17398.479787110602,17398.479787110602,0.0,0.0,0.0,0.0,0.0,0.0,0.0,0.0,0.0,-177668.75262509953,-177668.75262509953,17866.075262509952,17866.075262509952,17766.075262509952,0.0,100.0,0.0,0.0,17866.075262509952,17866.075262509952,1,0.0,100.0
3098,17766.003763698052,0.0,-177660.03763698053,0.0,10.0,0.0,-0.0,0.1,0.315121889,31.512188899999998,0.0,0.0,100.0,1.0,0.08,-8.0,-233.76198829372464,233.76198829372464,0.0,-233.76198829372464,233.76198829372464,0.0,-17398.479787110602,17398.479787110602,0.0,0.0,0.0,0.0,0.0,0.0,0.0,0.0,0.0,-177668.03763698053,-177668.03763698053,17866.003763698052,17866.003763698052,17766.003763698052,0.0,100.0,0.0,0.0,17866.003763698052,17866.003763698052,1,0.0,100.0
3099,18507.240516293576,0.0,-185072.40516293576,0.0,10.0,0.0,-0.0,0.1,0.333429232,33.3429232,0.0,0.0,100.0,1.0,0.08,-8.0,-234.9051762987665,234.9051762987665,0.0,-234.9051762987665,234.9051762987665,0.0,-18137.43016369604,18137.43016369604,0.0,0.0,0.0,0.0,0.0,0.0,0.0,0.0,0.0,-185080.40516293576,-185080.40516293576,18607.240516293576,18607.240516293576,18507.240516293576,0.0,100.0,0.0,0.0,18607.240516293576,18607.240516293576,1,0.0,100.0
3100,19942.140066021508,0.0,-199421.40066021506,0.0,10.0,0.0,-0.0,0.1,0.308791482,30.8791482,0.0,0.0,100.0,1.0,0.08,-8.0,-234.8432413875978,234.8432413875978,0.0,-234.8432413875978,234.8432413875978,0.0,-19572.45358324631,19572.45358324631,0.0,0.0,0.0,0.0,0.0,0.0,0.0,0.0,0.0,-199429.40066021506,-199429.40066021506,20042.140066021508,20042.140066021508,19942.140066021508,0.0,100.0,0.0,0.0,20042.140066021508,20042.140066021508,1,0.0,100.0
3101,32810.55759640889,0.0,-328105.5759640889,0.0,10.0,0.0,-0.0,0.1,0.277260006,27.7260006,0.0,0.0,100.0,1.0,0.11,-11.0,-494.6325540240966,494.6325540240966,0.0,-494.6325540240966,494.6325540240966,0.0,-36135.53537017928,36135.53537017928,0.0,0.0,3440.2995703125,3440.2995703125,0.0,0.0,773.9433115060806,773.9433115060806,0.0,-328116.5759640889,-328116.5759640889,37124.80047822747,37124.80047822747,37024.80047822747,0.0,100.0,0.0,0.0,37124.80047822747,32910.55759640889,1,0.0,100.0
3102,36967.73042587255,0.0,-369677.3042587255,0.0,10.0,0.0,-0.0,0.1,0.2412470639999999,24.12470639999999,0.0,0.0,100.0,1.0,0.11,-11.0,-754.8854016771314,754.8854016771314,0.0,-754.8854016771314,754.8854016771314,0.0,-49280.33270843751,49280.33270843751,0.0,0.0,9797.37486328125,9797.37486328125,0.0,0.0,3924.99822263798,3924.99822263798,0.0,-369688.3042587255,-369688.3042587255,50790.10351179178,50790.10351179178,50690.10351179178,0.0,100.0,0.0,0.0,50790.10351179178,37067.73042587255,1,0.0,100.0
3103,64650.230033197586,0.0,-646502.3003319758,0.0,10.0,0.0,-0.0,0.1,0.214850509,21.4850509,0.0,0.0,100.0,1.0,0.11,-11.0,-1141.5871745978814,1141.5871745978814,0.0,-1141.5871745978814,1141.5871745978814,0.0,-88894.11020282783,88894.11020282783,0.0,0.0,16752.763124999998,16752.763124999998,0.0,0.0,9674.291393826006,9674.291393826006,0.0,-646513.3003319758,-646513.3003319758,91177.28455202359,91177.28455202359,91077.28455202359,0.0,100.0,0.0,0.0,91177.28455202359,64750.230033197586,1,0.0,100.0
3104,51217.52870489379,0.0,-512175.28704893787,0.0,10.0,0.0,-0.0,0.1,0.202265492,20.2265492,0.0,0.0,100.0,1.0,0.11,-11.0,-1192.952872717108,1192.952872717108,0.0,-1192.952872717108,1192.952872717108,0.0,-88012.96991980146,88012.96991980146,0.0,0.0,23408.994902343748,23408.994902343748,0.0,0.0,15672.35205799813,15672.35205799813,0.0,-512186.28704893787,-512186.28704893787,90398.87566523567,90398.87566523567,90298.87566523567,0.0,100.0,0.0,0.0,90398.87566523567,51317.52870489379,1,0.0,100.0
3105,38623.865499633896,0.0,-386238.65499633894,0.0,10.0,0.0,-0.0,0.1,0.2090287139999999,20.902871399999988,0.0,0.0,100.0,1.0,0.11,-11.0,-1230.007000287913,1230.007000287913,0.0,-1230.007000287913,1230.007000287913,0.0,-85635.43697101455,85635.43697101455,0.0,0.0,29055.57354492188,29055.57354492188,0.0,0.0,20316.01192703461,20316.01192703461,0.0,-386249.65499633894,-386249.65499633894,88095.45097159038,88095.45097159038,87995.45097159038,0.0,100.0,0.0,0.0,88095.45097159038,38723.86549963389,1,0.0,100.0
3106,29598.595007603668,0.0,-295985.9500760367,0.0,10.0,0.0,-0.0,0.1,0.237494431,23.7494431,0.0,0.0,100.0,1.0,0.11,-11.0,-1240.442722583976,1240.442722583976,0.0,-1240.442722583976,1240.442722583976,0.0,-85029.31297464923,85029.31297464923,0.0,0.0,32907.21328125,32907.21328125,0.0,0.0,24904.39013096352,24904.39013096352,0.0,-295996.9500760367,-295996.9500760367,87510.19841981718,87510.19841981718,87410.19841981718,0.0,100.0,0.0,0.0,87510.19841981718,29698.595007603668,1,0.0,100.0
3107,21235.28778347484,0.0,-212352.8778347484,0.0,10.0,0.0,-0.0,0.1,0.274436519,27.4436519,0.0,0.0,100.0,1.0,0.11,-11.0,-1129.6125723759938,1129.6125723759938,0.0,-1129.6125723759938,1129.6125723759938,0.0,-81929.54517738342,81929.54517738342,0.0,0.0,35599.621640625,35599.621640625,0.0,0.0,27253.86089803556,27253.86089803556,0.0,-212363.8778347484,-212363.8778347484,84188.7703221354,84188.7703221354,84088.7703221354,0.0,100.0,0.0,0.0,84188.7703221354,21335.287783474836,1,0.0,100.0
3108,23135.28906936819,0.0,-231352.8906936819,0.0,10.0,0.0,-0.0,0.1,0.275970061,27.597006099999998,0.0,0.0,100.0,1.0,0.11,-11.0,-1001.3577103604272,1001.3577103604272,0.0,-1001.3577103604272,1001.3577103604272,0.0,-85149.37063575562,85149.37063575562,0.0,0.0,36497.09109375,36497.09109375,0.0,0.0,27419.70589335828,27419.70589335828,0.0,-231363.8906936819,-231363.8906936819,87152.08605647647,87152.08605647647,87052.08605647647,0.0,100.0,0.0,0.0,87152.08605647647,23235.28906936819,1,0.0,100.0
3109,29988.62758967088,0.0,-299886.2758967088,0.0,10.0,0.0,-0.0,0.1,0.276702167,27.6702167,0.0,0.0,100.0,1.0,0.11,-11.0,-984.7689081551448,984.7689081551448,0.0,-984.7689081551448,984.7689081551448,0.0,-85438.01925388233,85438.01925388233,0.0,0.0,33243.76432617188,33243.76432617188,0.0,0.0,24075.165154349863,24075.165154349863,0.0,-299897.2758967088,-299897.2758967088,87407.55707019262,87407.55707019262,87307.55707019262,0.0,100.0,0.0,0.0,87407.55707019262,30088.627589670883,1,0.0,100.0
3110,37212.978034740256,0.0,-372129.78034740256,0.0,10.0,0.0,-0.0,0.1,0.281402002,28.1402002,0.0,0.0,100.0,1.0,0.08,-8.0,-998.4410003492998,998.4410003492998,0.0,-998.4410003492998,998.4410003492998,0.0,-85531.58450376183,85531.58450376183,0.0,0.0,28158.104091796875,28158.104091796875,0.0,0.0,22057.384377923296,22057.384377923296,0.0,-372137.78034740256,-372137.78034740256,87528.46650446043,87528.46650446043,87428.46650446043,0.0,100.0,0.0,0.0,87528.46650446043,37312.97803474026,1,0.0,100.0
3111,51287.35399616584,0.0,-512873.5399616584,0.0,10.0,0.0,-0.0,0.1,0.275181592,27.518159199999996,0.0,0.0,100.0,1.0,0.08,-8.0,-948.1847821639892,948.1847821639892,0.0,-948.1847821639892,948.1847821639892,0.0,-88834.18817432865,88834.18817432865,0.0,0.0,21763.63423828125,21763.63423828125,0.0,0.0,17579.569504209543,17579.569504209543,0.0,-512881.5399616584,-512881.5399616584,90730.55773865663,90730.55773865663,90630.55773865663,0.0,100.0,0.0,0.0,90730.55773865663,51387.35399616584,1,0.0,100.0
3112,56567.251254343726,0.0,-565672.5125434373,0.0,10.0,0.0,-0.0,0.1,0.278864012,27.886401199999998,0.0,0.0,100.0,1.0,0.08,-8.0,-712.0737232696902,712.0737232696902,0.0,-712.0737232696902,712.0737232696902,0.0,-81504.4081896284,81504.4081896284,0.0,0.0,14845.640537109375,14845.640537109375,0.0,0.0,11415.663844714689,11415.663844714689,0.0,-565680.5125434373,-565680.5125434373,82928.55563616779,82928.55563616779,82828.55563616779,0.0,100.0,0.0,0.0,82928.55563616779,56667.251254343726,1,0.0,100.0
3113,56690.97700703666,0.0,-566909.7700703666,0.0,10.0,0.0,-0.0,0.1,0.295129555,29.5129555,0.0,0.0,100.0,1.0,0.11,-11.0,-703.5466722575237,703.5466722575237,0.0,-703.5466722575237,703.5466722575237,0.0,-68465.75140374809,68465.75140374809,0.0,0.0,7553.70123046875,7553.70123046875,0.0,0.0,5528.166510757718,5528.166510757718,0.0,-566920.7700703666,-566920.7700703666,69872.84474826313,69872.84474826313,69772.84474826313,0.0,100.0,0.0,0.0,69872.84474826313,56790.977007036665,1,0.0,100.0
3114,65951.83453248726,0.0,-659518.3453248726,0.0,10.0,0.0,-0.0,0.1,0.306840878,30.684087799999997,0.0,0.0,100.0,1.0,0.11,-11.0,-707.3187608502758,707.3187608502758,0.0,-707.3187608502758,707.3187608502758,0.0,-67319.91488104915,67319.91488104915,0.0,0.0,1383.5987402343749,1383.5987402343749,0.0,0.0,1299.119130028064,1299.119130028064,0.0,-659529.3453248726,-659529.3453248726,68734.5524027497,68734.5524027497,68634.5524027497,0.0,100.0,0.0,0.0,68734.5524027497,66051.83453248726,1,0.0,100.0
3115,61228.24207795476,0.0,-612282.4207795477,0.0,10.0,0.0,-0.0,0.1,0.306095758,30.6095758,0.0,0.0,100.0,1.0,0.11,-11.0,-713.7025960733102,713.7025960733102,0.0,-713.7025960733102,713.7025960733102,0.0,-59900.83688580814,59900.83688580814,0.0,0.0,0.0,0.0,0.0,0.0,0.0,0.0,0.0,-612293.4207795477,-612293.4207795477,61328.24207795476,61328.24207795476,61228.24207795476,0.0,100.0,0.0,0.0,61328.24207795476,61328.24207795476,1,0.0,100.0
3116,55486.69441869651,0.0,-554866.9441869651,0.0,10.0,0.0,-0.0,0.1,0.297659075,29.7659075,0.0,0.0,100.0,1.0,0.11,-11.0,-234.1209724226304,234.1209724226304,0.0,-234.1209724226304,234.1209724226304,0.0,-55118.45247385125,55118.45247385125,0.0,0.0,0.0,0.0,0.0,0.0,0.0,0.0,0.0,-554877.9441869651,-554877.9441869651,55586.69441869651,55586.69441869651,55486.69441869651,0.0,100.0,0.0,0.0,55586.69441869651,55586.69441869651,1,0.0,100.0
3117,21488.793437103046,0.0,-214887.93437103045,0.0,10.0,0.0,-0.0,0.1,0.287467537,28.7467537,0.0,0.0,100.0,1.0,0.11,-11.0,-233.392452170498,233.392452170498,0.0,-233.392452170498,233.392452170498,0.0,-21122.00853276205,21122.00853276205,0.0,0.0,0.0,0.0,0.0,0.0,0.0,0.0,0.0,-214898.93437103045,-214898.93437103045,21588.793437103046,21588.793437103046,21488.793437103046,0.0,100.0,0.0,0.0,21588.793437103046,21588.793437103046,1,0.0,100.0
3118,18510.103813873153,0.0,-185101.03813873153,0.0,10.0,0.0,-0.0,0.1,0.279312258,27.931225799999996,0.0,0.0,100.0,1.0,0.11,-11.0,-236.3368220655763,236.3368220655763,0.0,-236.3368220655763,236.3368220655763,0.0,-18137.430169742,18137.430169742,0.0,0.0,0.0,0.0,0.0,0.0,0.0,0.0,0.0,-185112.03813873153,-185112.03813873153,18610.103813873153,18610.103813873153,18510.103813873153,0.0,100.0,0.0,0.0,18610.103813873153,18610.103813873153,1,0.0,100.0
3119,17765.17736874871,0.0,-177651.77368748712,0.0,10.0,0.0,-0.0,0.1,0.276511205,27.651120499999998,0.0,0.0,100.0,1.0,0.11,-11.0,-233.3487908190538,233.3487908190538,0.0,-233.3487908190538,233.3487908190538,0.0,-17398.479787110602,17398.479787110602,0.0,0.0,0.0,0.0,0.0,0.0,0.0,0.0,0.0,-177662.77368748712,-177662.77368748712,17865.17736874871,17865.17736874871,17765.17736874871,0.0,100.0,0.0,0.0,17865.17736874871,17865.17736874871,1,0.0,100.0
3120,17765.038711628276,0.0,-177650.38711628277,0.0,10.0,0.0,-0.0,0.1,0.280134453,28.0134453,0.0,0.0,100.0,1.0,0.08,-8.0,-233.27954690241305,233.27954690241305,0.0,-233.27954690241305,233.27954690241305,0.0,-17398.47961782345,17398.47961782345,0.0,0.0,0.0,0.0,0.0,0.0,0.0,0.0,0.0,-177658.38711628277,-177658.38711628277,17865.038711628276,17865.038711628276,17765.038711628276,0.0,100.0,0.0,0.0,17865.038711628276,17865.038711628276,1,0.0,100.0
3121,17765.028311749906,0.0,-177650.28311749906,0.0,10.0,0.0,-0.0,0.1,0.273865085,27.3865085,0.0,0.0,100.0,1.0,0.08,-8.0,-233.27434998621308,233.27434998621308,0.0,-233.27434998621308,233.27434998621308,0.0,-17398.47961177748,17398.47961177748,0.0,0.0,0.0,0.0,0.0,0.0,0.0,0.0,0.0,-177658.28311749906,-177658.28311749906,17865.028311749906,17865.028311749906,17765.028311749906,0.0,100.0,0.0,0.0,17865.028311749906,17865.028311749906,1,0.0,100.0
3122,17765.036389723573,0.0,-177650.36389723571,0.0,10.0,0.0,-0.0,0.1,0.276795226,27.679522600000002,0.0,0.0,100.0,1.0,0.08,-8.0,-233.2783889730475,233.2783889730475,0.0,-233.2783889730475,233.2783889730475,0.0,-17398.47961177748,17398.47961177748,0.0,0.0,0.0,0.0,0.0,0.0,0.0,0.0,0.0,-177658.36389723571,-177658.36389723571,17865.036389723573,17865.036389723573,17765.036389723573,0.0,100.0,0.0,0.0,17865.036389723573,17865.036389723573,1,0.0,100.0
3123,18505.95510204368,0.0,-185059.5510204368,0.0,10.0,0.0,-0.0,0.1,0.28616335,28.616335,0.0,0.0,100.0,1.0,0.08,-8.0,-234.2625568403793,234.2625568403793,0.0,-234.2625568403793,234.2625568403793,0.0,-18137.42998836292,18137.42998836292,0.0,0.0,0.0,0.0,0.0,0.0,0.0,0.0,0.0,-185067.5510204368,-185067.5510204368,18605.95510204368,18605.95510204368,18505.95510204368,0.0,100.0,0.0,0.0,18605.95510204368,18605.95510204368,1,0.0,100.0
3124,19940.677546239334,0.0,-199406.77546239336,0.0,10.0,0.0,-0.0,0.1,0.2718761389999999,27.18761389999999,0.0,0.0,100.0,1.0,0.08,-8.0,-234.1121175308268,234.1121175308268,0.0,-234.1121175308268,234.1121175308268,0.0,-19572.45331117768,19572.45331117768,0.0,0.0,0.0,0.0,0.0,0.0,0.0,0.0,0.0,-199414.77546239336,-199414.77546239336,20040.677546239334,20040.677546239334,19940.677546239334,0.0,100.0,0.0,0.0,20040.677546239334,20040.677546239334,1,0.0,100.0
3125,23822.955556322864,0.0,-238229.55556322864,0.0,10.0,0.0,-0.0,0.1,0.256281267,25.6281267,0.0,0.0,100.0,1.0,0.11,-11.0,-307.5167445543201,307.5167445543201,0.0,-307.5167445543201,307.5167445543201,0.0,-27091.31732703101,27091.31732703101,0.0,0.0,2954.170283203125,2954.170283203125,0.0,0.0,829.2249766136578,829.2249766136578,0.0,-238240.55556322864,-238240.55556322864,27706.350816139646,27706.35081613965,27606.350816139646,0.0,100.0,0.0,0.0,27706.35081613965,23922.955556322868,1,0.0,100.0
3126,25882.70726222557,0.0,-258827.07262225568,0.0,10.0,0.0,-0.0,0.1,0.244113498,24.4113498,0.0,0.0,100.0,1.0,0.11,-11.0,-574.433048752578,574.433048752578,0.0,-574.433048752578,574.433048752578,0.0,-38905.79134584581,38905.79134584581,0.0,0.0,9759.980302734377,9759.980302734377,0.0,0.0,4311.96987839102,4311.96987839102,0.0,-258838.07262225568,-258838.07262225568,40054.65744335097,40054.65744335097,39954.65744335097,0.0,100.0,0.0,0.0,40054.65744335097,25982.70726222557,1,0.0,100.0
3127,55245.1963291124,0.0,-552451.963291124,0.0,10.0,0.0,-0.0,0.1,0.229892723,22.9892723,0.0,0.0,100.0,1.0,0.11,-11.0,-816.3736903596676,816.3736903596676,0.0,-816.3736903596676,816.3736903596676,0.0,-76286.02204338364,76286.02204338364,0.0,0.0,17238.892412109373,17238.892412109373,0.0,0.0,5334.680682881198,5334.680682881198,0.0,-552462.963291124,-552462.963291124,77918.76942410297,77918.76942410297,77818.76942410297,0.0,100.0,0.0,0.0,77918.76942410297,55345.1963291124,1,0.0,100.0
3128,41343.95338517822,0.0,-413439.5338517822,0.0,10.0,0.0,-0.0,0.1,0.219737786,21.9737786,0.0,0.0,100.0,1.0,0.11,-11.0,-874.7954783946088,874.7954783946088,0.0,-874.7954783946088,874.7954783946088,0.0,-78226.13344050605,78226.13344050605,0.0,0.0,23633.362265625,23633.362265625,0.0,0.0,14898.40874649205,14898.40874649205,0.0,-413450.5338517822,-413450.5338517822,79975.72439729527,79975.72439729527,79875.72439729527,0.0,100.0,0.0,0.0,79975.72439729527,41443.95338517822,1,0.0,100.0
3129,32897.79372465981,0.0,-328977.93724659807,0.0,10.0,0.0,-0.0,0.1,0.2115515539999999,21.155155399999988,0.0,0.0,100.0,1.0,0.11,-11.0,-967.5345944296188,967.5345944296188,0.0,-967.5345944296188,967.5345944296188,0.0,-80569.27346767506,80569.27346767506,0.0,0.0,28831.206181640624,28831.206181640624,0.0,0.0,20675.342750233867,20675.342750233867,0.0,-328988.93724659807,-328988.93724659807,82504.34265653431,82504.3426565343,82404.34265653431,0.0,100.0,0.0,0.0,82504.3426565343,32997.7937246598,1,0.0,100.0
3130,32763.007233800978,0.0,-327630.0723380098,0.0,10.0,0.0,-0.0,0.1,0.210601275,21.0601275,0.0,0.0,100.0,1.0,0.11,-11.0,-1088.0862482849502,1088.0862482849502,0.0,-1088.0862482849502,1088.0862482849502,0.0,-81950.80153704765,81950.80153704765,0.0,0.0,33131.58064453125,33131.58064453125,0.0,0.0,18132.38615528532,18132.38615528532,0.0,-327641.0723380098,-327641.0723380098,84126.97403361755,84126.97403361755,84026.97403361755,0.0,100.0,0.0,0.0,84126.97403361755,32863.00723380098,1,0.0,100.0
3131,19528.40851961675,0.0,-195284.08519616752,0.0,10.0,0.0,-0.0,0.1,0.200298957,20.0298957,0.0,0.0,100.0,1.0,0.11,-11.0,-1165.0410083735624,1165.0410083735624,0.0,-1165.0410083735624,1165.0410083735624,0.0,-77659.20981853227,77659.20981853227,0.0,0.0,36534.48565429688,36534.48565429688,0.0,0.0,23826.397661365765,23826.397661365765,0.0,-195295.08519616752,-195295.08519616752,79989.2918352794,79989.2918352794,79889.2918352794,0.0,100.0,0.0,0.0,79989.2918352794,19628.40851961675,1,0.0,100.0
3132,22491.88928181215,0.0,-224918.8928181215,0.0,10.0,0.0,-0.0,0.1,0.206972321,20.697232099999997,0.0,0.0,100.0,1.0,0.11,-11.0,-1199.950496697946,1199.950496697946,0.0,-1199.950496697946,1199.950496697946,0.0,-83227.51933665425,83227.51933665425,0.0,0.0,36721.45845703125,36721.45845703125,0.0,0.0,26314.07259120674,26314.07259120674,0.0,-224929.8928181215,-224929.8928181215,85627.42033005014,85627.42033005014,85527.42033005014,0.0,100.0,0.0,0.0,85627.42033005014,22591.889281812153,1,0.0,100.0
3133,29642.194905783796,0.0,-296421.94905783795,0.0,10.0,0.0,-0.0,0.1,0.207337108,20.7337108,0.0,0.0,100.0,1.0,0.11,-11.0,-1260.774975195447,1260.774975195447,0.0,-1260.774975195447,1260.774975195447,0.0,-85137.88740466464,85137.88740466464,0.0,0.0,33842.07729492187,33842.07729492187,0.0,0.0,24075.165154349863,24075.165154349863,0.0,-296432.94905783795,-296432.94905783795,87659.43735505553,87659.43735505553,87559.43735505553,0.0,100.0,0.0,0.0,87659.43735505553,29742.194905783792,1,0.0,100.0
3134,36874.52710146994,0.0,-368745.27101469936,0.0,10.0,0.0,-0.0,0.1,0.233076268,23.3076268,0.0,0.0,100.0,1.0,0.08,-8.0,-1307.6580263919514,1307.6580263919514,0.0,-1307.6580263919514,1307.6580263919514,0.0,-85733.93089535933,85733.93089535933,0.0,0.0,29317.33546875,29317.33546875,0.0,0.0,22057.384377923296,22057.384377923296,0.0,-368753.27101469936,-368753.27101469936,88349.24694814323,88349.24694814323,88249.24694814323,0.0,100.0,0.0,0.0,88349.24694814323,36974.52710146994,1,0.0,100.0
3135,51419.851498579796,0.0,-514198.5149857979,0.0,10.0,0.0,-0.0,0.1,0.24072791,24.072791,0.0,0.0,100.0,1.0,0.08,-8.0,-1257.0262338964249,1257.0262338964249,0.0,-1257.0262338964249,1257.0262338964249,0.0,-88509.9550948838,88509.9550948838,0.0,0.0,22062.79072265625,22062.79072265625,0.0,0.0,17441.3653414406,17441.3653414406,0.0,-514206.5149857979,-514206.5149857979,91024.00756267665,91024.00756267665,90924.00756267665,0.0,100.0,0.0,0.0,91024.00756267665,51519.851498579796,1,0.0,100.0
3136,57416.0630326195,0.0,-574160.630326195,0.0,10.0,0.0,-0.0,0.1,0.252170725,25.217072499999997,0.0,0.0,100.0,1.0,0.08,-8.0,-1032.6510171596406,1032.6510171596406,0.0,-1032.6510171596406,1032.6510171596406,0.0,-81429.14402944426,81429.14402944426,0.0,0.0,15032.613339843749,15032.613339843749,0.0,0.0,10945.769691300282,10945.769691300282,0.0,-574168.630326195,-574168.630326195,83494.44606376353,83494.44606376353,83394.44606376353,0.0,100.0,0.0,0.0,83494.44606376353,57516.0630326195,1,0.0,100.0
3137,57442.18506196639,0.0,-574421.850619664,0.0,10.0,0.0,-0.0,0.1,0.243961929,24.3961929,0.0,0.0,100.0,1.0,0.11,-11.0,-1034.3802591835936,1034.3802591835936,0.0,-1034.3802591835936,1034.3802591835936,0.0,-69434.90625283023,69434.90625283023,0.0,0.0,7852.85771484375,7852.85771484375,0.0,0.0,6108.623994387279,6108.623994387279,0.0,-574432.850619664,-574432.850619664,71503.66677119742,71503.66677119742,71403.66677119742,0.0,100.0,0.0,0.0,71503.66677119742,57542.18506196639,1,0.0,100.0
3138,66755.54255088967,0.0,-667555.4255088967,0.0,10.0,0.0,-0.0,0.1,0.242549559,24.2549559,0.0,0.0,100.0,1.0,0.11,-11.0,-997.9439710731244,997.9439710731244,0.0,-997.9439710731244,997.9439710731244,0.0,-67735.85830688238,67735.85830688238,0.0,0.0,1383.5987402343749,1383.5987402343749,0.0,0.0,1492.604957904584,1492.604957904584,0.0,-667566.4255088967,-667566.4255088967,69731.74624902863,69731.74624902863,69631.74624902863,0.0,100.0,0.0,0.0,69731.74624902863,66855.54255088967,1,0.0,100.0
3139,61038.467846771324,0.0,-610384.6784677133,0.0,10.0,0.0,-0.0,0.1,0.244636798,24.463679799999998,0.0,0.0,100.0,1.0,0.11,-11.0,-959.1419668240982,959.1419668240982,0.0,-959.1419668240982,959.1419668240982,0.0,-59220.183913123125,59220.183913123125,0.0,0.0,0.0,0.0,0.0,0.0,0.0,0.0,0.0,-610395.6784677133,-610395.6784677133,61138.467846771324,61138.467846771324,61038.467846771324,0.0,100.0,0.0,0.0,61138.467846771324,61138.467846771324,1,0.0,100.0
3140,50320.94585323683,0.0,-503209.4585323683,0.0,10.0,0.0,-0.0,0.1,0.2393651339999999,23.93651339999999,0.0,0.0,100.0,1.0,0.11,-11.0,-234.65825181561152,234.65825181561152,0.0,-234.65825181561152,234.65825181561152,0.0,-49951.62934960561,49951.62934960561,0.0,0.0,0.0,0.0,0.0,0.0,0.0,0.0,0.0,-503220.4585323683,-503220.4585323683,50420.94585323683,50420.94585323683,50320.94585323683,0.0,100.0,0.0,0.0,50420.94585323683,50420.94585323683,1,0.0,100.0
3141,21489.77466556975,0.0,-214897.74665569747,0.0,10.0,0.0,-0.0,0.1,0.236796703,23.679670299999998,0.0,0.0,100.0,1.0,0.11,-11.0,-233.8831601163721,233.8831601163721,0.0,-233.8831601163721,233.8831601163721,0.0,-21122.008345337003,21122.008345337003,0.0,0.0,0.0,0.0,0.0,0.0,0.0,0.0,0.0,-214908.74665569747,-214908.74665569747,21589.77466556975,21589.77466556975,21489.77466556975,0.0,100.0,0.0,0.0,21589.77466556975,21589.77466556975,1,0.0,100.0
3142,18511.031032240357,0.0,-185110.31032240356,0.0,10.0,0.0,-0.0,0.1,0.235778473,23.5778473,0.0,0.0,100.0,1.0,0.11,-11.0,-236.8005219387178,236.8005219387178,0.0,-236.8005219387178,236.8005219387178,0.0,-18137.42998836292,18137.42998836292,0.0,0.0,0.0,0.0,0.0,0.0,0.0,0.0,0.0,-185121.31032240356,-185121.31032240356,18611.031032240357,18611.031032240357,18511.031032240357,0.0,100.0,0.0,0.0,18611.031032240357,18611.031032240357,1,0.0,100.0
3143,17766.056010610457,0.0,-177660.56010610456,0.0,10.0,0.0,-0.0,0.1,0.2366739839999999,23.66739839999999,0.0,0.0,100.0,1.0,0.11,-11.0,-233.7881963935029,233.7881963935029,0.0,-233.7881963935029,233.7881963935029,0.0,-17398.47961782345,17398.47961782345,0.0,0.0,0.0,0.0,0.0,0.0,0.0,0.0,0.0,-177671.56010610456,-177671.56010610456,17866.056010610457,17866.056010610457,17766.056010610457,0.0,100.0,0.0,0.0,17866.056010610457,17866.056010610457,1,0.0,100.0
3144,17765.876590748507,0.0,-177658.76590748507,0.0,10.0,0.0,-0.0,0.1,0.240498469,24.0498469,0.0,0.0,100.0,1.0,0.08,-8.0,-233.698568083119,233.698568083119,0.0,-233.698568083119,233.698568083119,0.0,-17398.47945458227,17398.47945458227,0.0,0.0,0.0,0.0,0.0,0.0,0.0,0.0,0.0,-177666.76590748507,-177666.76590748507,17865.876590748507,17865.876590748507,17765.876590748507,0.0,100.0,0.0,0.0,17865.876590748507,17865.876590748507,1,0.0,100.0
3145,17765.83765329196,0.0,-177658.37653291962,0.0,10.0,0.0,-0.0,0.1,0.239748643,23.9748643,0.0,0.0,100.0,1.0,0.08,-8.0,-233.6790993548465,233.6790993548465,0.0,-233.6790993548465,233.6790993548465,0.0,-17398.47945458227,17398.47945458227,0.0,0.0,0.0,0.0,0.0,0.0,0.0,0.0,0.0,-177666.37653291962,-177666.37653291962,17865.83765329196,17865.83765329196,17765.83765329196,0.0,100.0,0.0,0.0,17865.83765329196,17865.83765329196,1,0.0,100.0
3146,17765.848863353014,0.0,-177658.48863353016,0.0,10.0,0.0,-0.0,0.1,0.246163165,24.6163165,0.0,0.0,100.0,1.0,0.08,-8.0,-233.68470740835755,233.68470740835755,0.0,-233.68470740835755,233.68470740835755,0.0,-17398.479448536298,17398.479448536298,0.0,0.0,0.0,0.0,0.0,0.0,0.0,0.0,0.0,-177666.48863353016,-177666.48863353016,17865.848863353014,17865.848863353014,17765.848863353014,0.0,100.0,0.0,0.0,17865.848863353014,17865.848863353014,1,0.0,100.0
3147,18516.098955578305,0.0,-185160.98955578305,0.0,10.0,0.0,-0.0,0.1,0.2555311289999999,25.55311289999999,0.0,0.0,100.0,1.0,0.08,-8.0,-239.3345712742581,239.3345712742581,0.0,-239.3345712742581,239.3345712742581,0.0,-18137.42981302979,18137.42981302979,0.0,0.0,0.0,0.0,0.0,0.0,0.0,0.0,0.0,-185168.98955578305,-185168.98955578305,18616.098955578305,18616.098955578305,18516.098955578305,0.0,100.0,0.0,0.0,18616.098955578305,18616.098955578305,1,0.0,100.0
3148,19949.437635439994,0.0,-199494.37635439995,0.0,10.0,0.0,-0.0,0.1,0.25223296,25.223296,0.0,0.0,100.0,1.0,0.08,-8.0,-238.4923102574169,238.4923102574169,0.0,-238.4923102574169,238.4923102574169,0.0,-19572.45301492516,19572.45301492516,0.0,0.0,0.0,0.0,0.0,0.0,0.0,0.0,0.0,-199502.37635439995,-199502.37635439995,20049.437635439994,20049.437635439994,19949.437635439994,0.0,100.0,0.0,0.0,20049.437635439994,20049.437635439994,1,0.0,100.0
3149,19442.123326810033,0.0,-194421.23326810033,0.0,10.0,0.0,-0.0,0.1,0.232793713,23.2793713,0.0,0.0,100.0,1.0,0.11,-11.0,-443.9485480105864,443.9485480105864,0.0,-443.9485480105864,443.9485480105864,0.0,-22884.73586574267,22884.73586574267,0.0,0.0,3290.721328125,3290.721328125,0.0,0.0,939.788306828812,939.788306828812,0.0,-194432.23326810033,-194432.23326810033,23772.632961763848,23772.632961763844,23672.632961763848,0.0,100.0,0.0,0.0,23772.632961763844,19542.123326810033,1,0.0,100.0
3150,23681.10237585073,0.0,-236811.02375850728,0.0,10.0,0.0,-0.0,0.1,0.205807143,20.5807143,0.0,0.0,100.0,1.0,0.11,-11.0,-698.5400499535663,698.5400499535663,0.0,-698.5400499535663,698.5400499535663,0.0,-37452.66278043085,37452.66278043085,0.0,0.0,9872.163984375,9872.163984375,0.0,0.0,5196.476520112256,5196.476520112256,0.0,-236822.02375850728,-236822.02375850728,38849.74288033799,38849.74288033799,38749.74288033799,0.0,100.0,0.0,0.0,38849.74288033799,23781.102375850733,1,0.0,100.0
3151,52906.69176263675,0.0,-529066.9176263675,0.0,10.0,0.0,-0.0,0.1,0.186635471,18.6635471,0.0,0.0,100.0,1.0,0.11,-11.0,-1061.4263916159562,1061.4263916159562,0.0,-1061.4263916159562,1061.4263916159562,0.0,-78712.44258190645,78712.44258190645,0.0,0.0,16827.55224609375,16827.55224609375,0.0,0.0,11001.05135640786,11001.05135640786,0.0,-529077.9176263675,-529077.9176263675,80835.29536513836,80835.29536513836,80735.29536513836,0.0,100.0,0.0,0.0,80835.29536513836,53006.69176263675,1,0.0,100.0
3152,46825.589427178624,0.0,-468255.8942717862,0.0,10.0,0.0,-0.0,0.1,0.1755820589999999,17.55820589999999,0.0,0.0,100.0,1.0,0.11,-11.0,-1155.9770972230308,1155.9770972230308,0.0,-1155.9770972230308,1155.9770972230308,0.0,-85907.83752936273,85907.83752936273,0.0,0.0,24156.88611328125,24156.88611328125,0.0,0.0,17137.31618334893,17137.31618334893,0.0,-468266.8942717862,-468266.8942717862,88219.7917238088,88219.7917238088,88119.7917238088,0.0,100.0,0.0,0.0,88219.7917238088,46925.589427178624,1,0.0,100.0
3153,36856.14821857614,0.0,-368561.48218576144,0.0,10.0,0.0,-0.0,0.1,0.171297918,17.1297918,0.0,0.0,100.0,1.0,0.11,-11.0,-1249.904542349007,1249.904542349007,0.0,-1249.904542349007,1249.904542349007,0.0,-85993.66327302321,85993.66327302321,0.0,0.0,29092.96810546875,29092.96810546875,0.0,0.0,22444.356033676337,22444.356033676337,0.0,-368572.48218576144,-368572.48218576144,88493.47235772123,88493.47235772123,88393.47235772123,0.0,100.0,0.0,0.0,88493.47235772123,36956.14821857614,1,0.0,100.0
3154,31424.619247779294,0.0,-314246.19247779297,0.0,10.0,0.0,-0.0,0.1,0.172284432,17.228443199999997,0.0,0.0,100.0,1.0,0.11,-11.0,-1322.200597447009,1322.200597447009,0.0,-1322.200597447009,1322.200597447009,0.0,-87207.24355562769,87207.24355562769,0.0,0.0,32869.81872070312,32869.81872070312,0.0,0.0,25457.20678203929,25457.20678203929,0.0,-314257.19247779297,-314257.19247779297,89851.64475052171,89851.64475052171,89751.64475052171,0.0,100.0,0.0,0.0,89851.64475052171,31524.619247779294,1,0.0,100.0
3155,24029.84255674687,0.0,-240298.4255674687,0.0,10.0,0.0,-0.0,0.1,0.15948203,15.948203,0.0,0.0,100.0,1.0,0.11,-11.0,-1358.8038225361695,1358.8038225361695,0.0,-1358.8038225361695,1358.8038225361695,0.0,-83906.4182465761,83906.4182465761,0.0,0.0,34963.91411132812,34963.91411132812,0.0,0.0,27530.26922357344,27530.26922357344,0.0,-240309.4255674687,-240309.4255674687,86624.02589164843,86624.02589164843,86524.02589164843,0.0,100.0,0.0,0.0,86624.02589164843,24129.842556746866,1,0.0,100.0
3156,26699.476386503542,0.0,-266994.76386503543,0.0,10.0,0.0,-0.0,0.1,0.177835242,17.783524200000002,0.0,0.0,100.0,1.0,0.11,-11.0,-1369.5732484935795,1369.5732484935795,0.0,-1369.5732484935795,1369.5732484935795,0.0,-87121.94465776322,87121.94465776322,0.0,0.0,35337.85971679688,35337.85971679688,0.0,0.0,27723.75505144996,27723.75505144996,0.0,-267005.76386503543,-267005.76386503543,89861.09115475038,89861.09115475038,89761.09115475038,0.0,100.0,0.0,0.0,89861.09115475038,26799.476386503542,1,0.0,100.0
3157,32931.658527598556,0.0,-329316.58527598553,0.0,10.0,0.0,-0.0,0.1,0.208488085,20.8488085,0.0,0.0,100.0,1.0,0.11,-11.0,-1394.3721113295032,1394.3721113295032,0.0,-1394.3721113295032,1394.3721113295032,0.0,-88288.63880842741,88288.63880842741,0.0,0.0,33168.975205078124,33168.975205078124,0.0,0.0,24876.749298409733,24876.749298409733,0.0,-329327.58527598553,-329327.58527598553,91077.38303108641,91077.38303108641,90977.38303108641,0.0,100.0,0.0,0.0,91077.38303108641,33031.658527598556,1,0.0,100.0
3158,40086.54545199417,0.0,-400865.4545199417,0.0,10.0,0.0,-0.0,0.1,0.247739825,24.7739825,0.0,0.0,100.0,1.0,0.08,-8.0,-1397.246946926001,1397.246946926001,0.0,-1397.246946926001,1397.246946926001,0.0,-88139.22887152646,88139.22887152646,0.0,0.0,27971.131289062498,27971.131289062498,0.0,0.0,22776.0460243218,22776.0460243218,0.0,-400873.4545199417,-400873.4545199417,90933.72276537846,90933.72276537846,90833.72276537846,0.0,100.0,0.0,0.0,90933.72276537846,40186.54545199417,1,0.0,100.0
3159,55339.364464507526,0.0,-553393.6446450753,0.0,10.0,0.0,-0.0,0.1,0.237606395,23.7606395,0.0,0.0,100.0,1.0,0.08,-8.0,-1368.8294272053186,1368.8294272053186,0.0,-1368.8294272053186,1368.8294272053186,0.0,-91898.57181325112,91898.57181325112,0.0,0.0,21838.423359375,21838.423359375,0.0,0.0,17358.442843779234,17358.442843779234,0.0,-553401.6446450753,-553401.6446450753,94636.23066766176,94636.23066766176,94536.23066766176,0.0,100.0,0.0,0.0,94636.23066766176,55439.364464507526,0,0.0,100.0
3160,59632.899369948886,0.0,-596328.9936994888,0.0,10.0,0.0,-0.0,0.1,0.239548615,23.9548615,0.0,0.0,100.0,1.0,0.08,-8.0,-1090.0945486081264,1090.0945486081264,0.0,-1090.0945486081264,1090.0945486081264,0.0,-84898.48852985633,84898.48852985633,0.0,0.0,15294.375263671876,15294.375263671876,0.0,0.0,12051.402993451826,12051.402993451826,0.0,-596336.9936994888,-596336.9936994888,87078.67762707258,87078.67762707258,86978.67762707258,0.0,100.0,0.0,0.0,87078.67762707258,59732.89936994888,1,0.0,100.0
3161,58786.08591774192,0.0,-587860.8591774192,0.0,10.0,0.0,-0.0,0.1,0.24955526,24.955526,0.0,0.0,100.0,1.0,0.11,-11.0,-1110.0622463600469,1110.0622463600469,0.0,-1110.0622463600469,1110.0622463600469,0.0,-70388.4609887021,70388.4609887021,0.0,0.0,7254.544746093749,7254.544746093749,0.0,0.0,6467.95481758653,6467.95481758653,0.0,-587871.8591774192,-587871.8591774192,72608.5854814222,72608.5854814222,72508.5854814222,0.0,100.0,0.0,0.0,72608.5854814222,58886.08591774192,1,0.0,100.0
3162,67794.97122095892,0.0,-677949.7122095892,0.0,10.0,0.0,-0.0,0.1,0.252571262,25.257126200000002,0.0,0.0,100.0,1.0,0.11,-11.0,-1074.351923977477,1074.351923977477,0.0,-1074.351923977477,1074.351923977477,0.0,-68576.94313402844,68576.94313402844,0.0,0.0,1420.99330078125,1420.99330078125,0.0,0.0,1409.6824602432182,1409.6824602432182,0.0,-677960.7122095892,-677960.7122095892,70725.64698198339,70725.64698198339,70625.64698198339,0.0,100.0,0.0,0.0,70725.64698198339,67894.97122095892,1,0.0,100.0
3163,62572.14565229517,0.0,-625721.4565229517,0.0,10.0,0.0,-0.0,0.1,0.247182696,24.7182696,0.0,0.0,100.0,1.0,0.11,-11.0,-1020.0217049210246,1020.0217049210246,0.0,-1020.0217049210246,1020.0217049210246,0.0,-60632.10224245312,60632.10224245312,0.0,0.0,0.0,0.0,0.0,0.0,0.0,0.0,0.0,-625732.4565229517,-625732.4565229517,62672.14565229517,62672.14565229517,62572.14565229517,0.0,100.0,0.0,0.0,62672.14565229517,62672.14565229517,1,0.0,100.0
3164,55690.95714990538,0.0,-556909.5714990537,0.0,10.0,0.0,-0.0,0.1,0.248307468,24.8307468,0.0,0.0,100.0,1.0,0.11,-11.0,-254.0380455144047,254.0380455144047,0.0,-254.0380455144047,254.0380455144047,0.0,-55282.88105887657,55282.88105887657,0.0,0.0,0.0,0.0,0.0,0.0,0.0,0.0,0.0,-556920.5714990537,-556920.5714990537,55790.95714990538,55790.95714990538,55690.95714990538,0.0,100.0,0.0,0.0,55790.95714990538,55790.95714990538,1,0.0,100.0
3165,21490.149133441417,0.0,-214901.49133441417,0.0,10.0,0.0,-0.0,0.1,0.243698124,24.369812399999997,0.0,0.0,100.0,1.0,0.11,-11.0,-234.07047567279977,234.07047567279977,0.0,-234.07047567279977,234.07047567279977,0.0,-21122.00818209582,21122.00818209582,0.0,0.0,0.0,0.0,0.0,0.0,0.0,0.0,0.0,-214912.49133441417,-214912.49133441417,21590.149133441417,21590.149133441417,21490.149133441417,0.0,100.0,0.0,0.0,21590.149133441417,21590.149133441417,1,0.0,100.0
3166,18511.2543687813,0.0,-185112.543687813,0.0,10.0,0.0,-0.0,0.1,0.247100018,24.7100018,0.0,0.0,100.0,1.0,0.11,-11.0,-236.91227182978565,236.91227182978565,0.0,-236.91227182978565,236.91227182978565,0.0,-18137.42982512173,18137.42982512173,0.0,0.0,0.0,0.0,0.0,0.0,0.0,0.0,0.0,-185123.543687813,-185123.543687813,18611.2543687813,18611.2543687813,18511.2543687813,0.0,100.0,0.0,0.0,18611.2543687813,18611.2543687813,1,0.0,100.0
3167,17766.237306875973,0.0,-177662.37306875974,0.0,10.0,0.0,-0.0,0.1,0.242999698,24.2999698,0.0,0.0,100.0,1.0,0.11,-11.0,-233.878926146852,233.878926146852,0.0,-233.878926146852,233.878926146852,0.0,-17398.47945458227,17398.47945458227,0.0,0.0,0.0,0.0,0.0,0.0,0.0,0.0,0.0,-177673.37306875974,-177673.37306875974,17866.237306875973,17866.237306875973,17766.237306875973,0.0,100.0,0.0,0.0,17866.237306875973,17866.237306875973,1,0.0,100.0
3168,14752.687852460884,0.0,-147526.87852460885,0.0,10.0,0.0,-0.0,0.1,0.240850325,24.0850325,0.0,0.0,100.0,1.0,0.08,-8.0,-233.781905524016,233.781905524016,0.0,-233.781905524016,233.781905524016,0.0,-14385.124041412852,14385.124041412852,0.0,0.0,0.0,0.0,0.0,0.0,0.0,0.0,0.0,-147534.87852460885,-147534.87852460885,14852.687852460884,14852.687852460884,14752.687852460884,0.0,100.0,0.0,0.0,14852.687852460884,14852.687852460884,1,0.0,100.0
3169,14752.520438444419,0.0,-147525.2043844442,0.0,10.0,0.0,-0.0,0.1,0.234207831,23.4207831,0.0,0.0,100.0,1.0,0.08,-8.0,-233.69820456175137,233.69820456175137,0.0,-233.69820456175137,233.69820456175137,0.0,-14385.124029320916,14385.124029320916,0.0,0.0,0.0,0.0,0.0,0.0,0.0,0.0,0.0,-147533.2043844442,-147533.2043844442,14852.520438444419,14852.520438444419,14752.520438444419,0.0,100.0,0.0,0.0,14852.520438444419,14852.520438444419,1,0.0,100.0
3170,14752.384984642147,0.0,-147523.84984642148,0.0,10.0,0.0,-0.0,0.1,0.236202181,23.620218100000002,0.0,0.0,100.0,1.0,0.08,-8.0,-233.63047766061533,233.63047766061533,0.0,-233.63047766061533,233.63047766061533,0.0,-14385.124029320916,14385.124029320916,0.0,0.0,0.0,0.0,0.0,0.0,0.0,0.0,0.0,-147531.84984642148,-147531.84984642148,14852.384984642147,14852.384984642147,14752.384984642147,0.0,100.0,0.0,0.0,14852.384984642147,14852.384984642147,1,0.0,100.0
3171,15493.427238138498,0.0,-154934.27238138497,0.0,10.0,0.0,-0.0,0.1,0.246488503,24.6488503,0.0,0.0,100.0,1.0,0.08,-8.0,-234.67641913906155,234.67641913906155,0.0,-234.67641913906155,234.67641913906155,0.0,-15124.074399860376,15124.074399860376,0.0,0.0,0.0,0.0,0.0,0.0,0.0,0.0,0.0,-154942.27238138497,-154942.27238138497,15593.427238138498,15593.427238138498,15493.427238138498,0.0,100.0,0.0,0.0,15593.427238138498,15593.427238138498,1,0.0,100.0
3172,15421.378130962423,0.0,-154213.78130962423,0.0,10.0,0.0,-0.0,0.1,0.243365903,24.3365903,0.0,0.0,100.0,1.0,0.08,-8.0,-234.4791118497209,234.4791118497209,0.0,-234.4791118497209,234.4791118497209,0.0,-15052.419907262982,15052.419907262982,0.0,0.0,0.0,0.0,0.0,0.0,0.0,0.0,0.0,-154221.78130962423,-154221.78130962423,15521.378130962423,15521.378130962423,15421.378130962423,0.0,100.0,0.0,0.0,15521.378130962423,15521.378130962423,1,0.0,100.0
3173,20098.237672576754,0.0,-200982.37672576754,0.0,10.0,0.0,-0.0,0.1,0.222424137,22.2424137,0.0,0.0,100.0,1.0,0.11,-11.0,-216.45286410509053,216.45286410509053,0.0,-216.45286410509053,216.45286410509053,0.0,-22861.010332070106,22861.010332070106,0.0,0.0,1907.122587890625,1907.122587890625,0.0,0.0,1188.5557998129095,1188.5557998129095,0.0,-200993.37672576754,-200993.37672576754,23293.916060280288,23293.916060280288,23193.916060280288,0.0,100.0,0.0,0.0,23293.916060280288,20198.237672576754,1,0.0,100.0
3174,14044.391148377435,0.0,-140443.91148377437,0.0,10.0,0.0,-0.0,0.1,0.19998901,19.998901,0.0,0.0,100.0,1.0,0.11,-11.0,-198.21760178346503,198.21760178346503,0.0,-198.21760178346503,198.21760178346503,0.0,-24186.183966627406,24186.183966627406,0.0,0.0,5048.265673828125,5048.265673828125,0.0,0.0,5389.962347988775,5389.962347988775,0.0,-140454.91148377437,-140454.91148377437,24582.619170194335,24582.619170194335,24482.619170194335,0.0,100.0,0.0,0.0,24582.619170194335,14144.391148377435,1,0.0,100.0
3175,22626.181646991892,0.0,-226261.81646991894,0.0,10.0,0.0,-0.0,0.1,0.183037883,18.3037883,0.0,0.0,100.0,1.0,0.11,-11.0,-198.4474478336018,198.4474478336018,0.0,-198.4474478336018,198.4474478336018,0.0,-39251.57824666204,39251.57824666204,0.0,0.0,8077.225078124999,8077.225078124999,0.0,0.0,8845.066417212349,8845.066417212349,0.0,-226272.81646991894,-226272.81646991894,39648.47314232924,39648.47314232924,39548.47314232924,0.0,100.0,0.0,0.0,39648.47314232924,22726.181646991892,1,0.0,100.0
3176,23544.015492278137,0.0,-235440.15492278137,0.0,10.0,0.0,-0.0,0.1,0.170590352,17.0590352,0.0,0.0,100.0,1.0,0.11,-11.0,-198.6454974797685,198.6454974797685,0.0,-198.6454974797685,198.6454974797685,0.0,-46204.407978494426,46204.407978494426,0.0,0.0,9386.034697265624,9386.034697265624,0.0,0.0,13571.6487839102,13571.6487839102,0.0,-235451.15492278137,-235451.15492278137,46601.69897345396,46601.69897345396,46501.69897345396,0.0,100.0,0.0,0.0,46601.69897345396,23644.015492278137,1,0.0,100.0
3177,21022.225005663455,0.0,-210222.25005663454,0.0,10.0,0.0,-0.0,0.1,0.178192645,17.819264500000003,0.0,0.0,100.0,1.0,0.11,-11.0,-227.54498577967084,227.54498577967084,0.0,-227.54498577967084,227.54498577967084,0.0,-48918.86393476332,48918.86393476332,0.0,0.0,9124.2727734375,9124.2727734375,0.0,0.0,19127.456127221707,19127.456127221707,0.0,-210233.25005663454,-210233.25005663454,49373.95390632266,49373.95390632266,49273.95390632266,0.0,100.0,0.0,0.0,49373.95390632266,21122.225005663455,1,0.0,100.0
3178,1999.6213190608432,0.0,-19996.213190608432,0.0,10.0,0.0,-0.0,0.1,0.200966296,20.0966296,0.0,0.0,100.0,1.0,0.11,-11.0,-259.3260551146348,259.3260551146348,0.0,-259.3260551146348,259.3260551146348,0.0,-51220.92448807912,51220.92448807912,0.0,0.0,27223.240078125,27223.240078125,0.0,0.0,22416.715201122548,22416.715201122548,0.0,-20007.213190608432,-20007.213190608432,51739.576598308384,51739.57659830839,51639.576598308384,0.0,100.0,0.0,0.0,51739.57659830839,2099.621319060847,1,0.0,100.0
3179,0.0,0.0,-0.0,55.55555555555556,10.0,0.0,-0.0,0.1,0.214412435,0.0,0.0,100.0,0.0,1.0,0.11,0.0,-321.4792232488439,321.4792232488439,0.0,-321.4792232488439,321.4792232488439,0.0,-54671.169353169375,54671.169353169375,0.0,0.0,34776.94130859375,34776.94130859375,0.0,5013.232228394521,25705.97427502339,20692.742046628868,0.0,0.0,0.0,55469.683355222616,55469.683355222616,55469.683355222616,0.0,0.0,155.55555555555475,0.0,55314.12779966706,-5168.78778395008,1,-55.55555555555556,-100.0
3180,933.3253045015081,0.0,-9333.25304501508,0.0,60.0,45.0,-0.0,0.6,0.235746658,23.5746658,0.0,0.0,100.0,1.0,0.11,-11.0,-322.6029338225234,322.6029338225234,0.0,-322.6029338225234,322.6029338225234,0.0,-58056.00321714908,58056.00321714908,0.0,0.0,35150.886914062496,35150.886914062496,0.0,0.0,22471.996866230125,22471.996866230125,0.0,-9344.25304501508,-9344.25304501508,58701.20908479413,58701.20908479413,58556.20908479413,0.0,145.0,0.0,0.0,58701.20908479413,1078.325304501508,1,45.0,100.0
3181,0.0,0.0,-0.0,55.55555555555556,10.0,0.0,-0.0,0.1,0.235948923,0.0,0.0,100.0,0.0,1.0,0.11,0.0,-345.7837512517308,345.7837512517308,0.0,-345.7837512517308,345.7837512517308,0.0,-46348.13255759754,46348.13255759754,0.0,0.0,32495.87311523437,32495.87311523437,0.0,10702.54261650953,25401.92511693172,14699.38250042219,0.0,0.0,0.0,47195.25561565656,47195.25561565656,47195.25561565656,0.0,0.0,155.55555555555475,0.0,47039.70006010101,-10858.098172065089,1,-55.55555555555556,-100.0
3182,1203.8865708076264,0.0,-12038.865708076264,0.0,60.0,45.0,-0.0,0.6,0.252544978,25.254497799999996,0.0,0.0,100.0,1.0,0.08,-8.0,-346.1817261436067,346.1817261436067,0.0,-346.1817261436067,346.1817261436067,0.0,-47724.19737995962,47724.19737995962,0.0,0.0,28382.471455078125,28382.471455078125,0.0,0.0,18685.20280636109,18685.20280636109,0.0,-12046.865708076264,-12046.865708076264,48416.56083224684,48416.56083224684,48271.56083224684,0.0,145.0,0.0,0.0,48416.56083224684,1348.8865708076264,1,45.0,100.0
3183,14479.171986658217,0.0,-144791.71986658216,0.0,10.0,0.0,-0.0,0.1,0.259419844,25.941984400000003,0.0,0.0,100.0,1.0,0.08,-8.0,-358.854264830226,358.854264830226,0.0,-358.854264830226,358.854264830226,0.0,-51679.52873531351,51679.52873531351,0.0,0.0,22062.79072265625,22062.79072265625,0.0,0.0,15755.274555659496,15755.274555659496,0.0,-144799.71986658216,-144799.71986658216,52397.237264973955,52397.23726497396,52297.237264973955,0.0,100.0,0.0,0.0,52397.23726497396,14579.17198665822,1,0.0,100.0
3184,25561.333249603034,0.0,-255613.33249603034,0.0,10.0,0.0,-0.0,0.1,0.2668285999999999,26.68285999999999,0.0,0.0,100.0,1.0,0.08,-8.0,-349.03058841454305,349.03058841454305,0.0,-349.03058841454305,349.03058841454305,0.0,-49621.40816647827,49621.40816647827,0.0,0.0,14845.640537109375,14845.640537109375,0.0,0.0,9812.49555659495,9812.49555659495,0.0,-255621.33249603034,-255621.33249603034,50319.469343307355,50319.469343307355,50219.469343307355,0.0,100.0,0.0,0.0,50319.469343307355,25661.33324960303,1,0.0,100.0
3185,21692.114194548827,0.0,-216921.14194548829,0.0,10.0,0.0,-0.0,0.1,0.264478096,26.4478096,0.0,0.0,100.0,1.0,0.11,-11.0,-345.66851355557066,345.66851355557066,0.0,-345.66851355557066,345.66851355557066,0.0,-33246.097304686285,33246.097304686285,0.0,0.0,7778.06859375,7778.06859375,0.0,0.0,4367.251543498597,4367.251543498597,0.0,-216932.14194548829,-216932.14194548829,33937.43433179743,33937.43433179743,33837.43433179743,0.0,100.0,0.0,0.0,33937.43433179743,21792.11419454883,1,0.0,100.0
3186,14079.492247126713,0.0,-140794.9224712671,0.0,10.0,0.0,-0.0,0.1,0.2637696639999999,26.37696639999999,0.0,0.0,100.0,1.0,0.11,-11.0,-322.394692188694,322.394692188694,0.0,-322.394692188694,322.394692188694,0.0,-16975.09729138261,16975.09729138261,0.0,0.0,1533.176982421875,1533.176982421875,0.0,0.0,1907.2174462114128,1907.2174462114128,0.0,-140805.9224712671,-140805.9224712671,17619.88667576,17619.88667576,17519.88667576,0.0,100.0,0.0,0.0,17619.88667576,14179.492247126713,1,0.0,100.0
3187,20116.750766432688,0.0,-201167.50766432687,0.0,10.0,0.0,-0.0,0.1,0.26419194,26.419194,0.0,0.0,100.0,1.0,0.11,-11.0,-329.45799357669546,329.45799357669546,0.0,-329.45799357669546,329.45799357669546,0.0,-19557.834779279296,19557.834779279296,0.0,0.0,0.0,0.0,0.0,0.0,0.0,0.0,0.0,-201178.50766432687,-201178.50766432687,20216.750766432688,20216.750766432688,20116.750766432688,0.0,100.0,0.0,0.0,20216.750766432688,20216.750766432688,1,0.0,100.0
3188,18510.93090526078,0.0,-185109.3090526078,0.0,10.0,0.0,-0.0,0.1,0.268005394,26.8005394,0.0,0.0,100.0,1.0,0.11,-11.0,-265.4693524161477,265.4693524161477,0.0,-265.4693524161477,265.4693524161477,0.0,-18079.99220042848,18079.99220042848,0.0,0.0,0.0,0.0,0.0,0.0,0.0,0.0,0.0,-185120.3090526078,-185120.3090526078,18610.93090526078,18610.93090526078,18510.93090526078,0.0,100.0,0.0,0.0,18610.93090526078,18610.93090526078,1,0.0,100.0
3189,16998.817688452178,0.0,-169988.1768845218,0.0,10.0,0.0,-0.0,0.1,0.272492299,27.2492299,0.0,0.0,100.0,1.0,0.11,-11.0,-248.4212767794228,248.4212767794228,0.0,-248.4212767794228,248.4212767794228,0.0,-16601.97513489333,16601.97513489333,0.0,0.0,0.0,0.0,0.0,0.0,0.0,0.0,0.0,-169999.1768845218,-169999.1768845218,17098.817688452178,17098.817688452178,16998.817688452178,0.0,100.0,0.0,0.0,17098.817688452178,17098.817688452178,1,0.0,100.0
3190,15497.764031903434,0.0,-154977.64031903434,0.0,10.0,0.0,-0.0,0.1,0.271200478,27.120047800000002,0.0,0.0,100.0,1.0,0.11,-11.0,-236.8448160215296,236.8448160215296,0.0,-236.8448160215296,236.8448160215296,0.0,-15124.074399860376,15124.074399860376,0.0,0.0,0.0,0.0,0.0,0.0,0.0,0.0,0.0,-154988.64031903434,-154988.64031903434,15597.764031903434,15597.764031903434,15497.764031903434,0.0,100.0,0.0,0.0,15597.764031903434,15597.764031903434,1,0.0,100.0
3191,14753.064559031041,0.0,-147530.64559031042,0.0,10.0,0.0,-0.0,0.1,0.266177703,26.6177703,0.0,0.0,100.0,1.0,0.11,-11.0,-233.9702678780468,233.9702678780468,0.0,-233.9702678780468,233.9702678780468,0.0,-14385.124023274948,14385.124023274948,0.0,0.0,0.0,0.0,0.0,0.0,0.0,0.0,0.0,-147541.64559031042,-147541.64559031042,14853.064559031041,14853.064559031041,14753.064559031041,0.0,100.0,0.0,0.0,14853.064559031041,14853.064559031041,1,0.0,100.0
3192,14752.875168177181,0.0,-147528.7516817718,0.0,10.0,0.0,-0.0,0.1,0.265979998,26.5979998,0.0,0.0,100.0,1.0,0.08,-8.0,-233.89017346784047,233.89017346784047,0.0,-233.89017346784047,233.89017346784047,0.0,-14385.0948212415,14385.0948212415,0.0,0.0,0.0,0.0,0.0,0.0,0.0,0.0,0.0,-147536.7516817718,-147536.7516817718,14852.875168177181,14852.875168177181,14752.875168177181,0.0,100.0,0.0,0.0,14852.875168177181,14852.875168177181,1,0.0,100.0
3193,14752.759586478674,0.0,-147527.59586478674,0.0,10.0,0.0,-0.0,0.1,0.26946061,26.946061,0.0,0.0,100.0,1.0,0.08,-8.0,-233.83237959560284,233.83237959560284,0.0,-233.83237959560284,233.83237959560284,0.0,-14385.094827287468,14385.094827287468,0.0,0.0,0.0,0.0,0.0,0.0,0.0,0.0,0.0,-147535.59586478674,-147535.59586478674,14852.759586478674,14852.759586478674,14752.759586478674,0.0,100.0,0.0,0.0,14852.759586478674,14852.759586478674,1,0.0,100.0
3194,14752.635188508662,0.0,-147526.35188508662,0.0,10.0,0.0,-0.0,0.1,0.270775473,27.0775473,0.0,0.0,100.0,1.0,0.08,-8.0,-233.77018363358093,233.77018363358093,0.0,-233.77018363358093,233.77018363358093,0.0,-14385.0948212415,14385.0948212415,0.0,0.0,0.0,0.0,0.0,0.0,0.0,0.0,0.0,-147534.35188508662,-147534.35188508662,14852.635188508662,14852.635188508662,14752.635188508662,0.0,100.0,0.0,0.0,14852.635188508662,14852.635188508662,1,0.0,100.0
3195,15493.71688417784,0.0,-154937.16884177842,0.0,10.0,0.0,-0.0,0.1,0.266314801,26.631480099999997,0.0,0.0,100.0,1.0,0.08,-8.0,-234.835843175455,234.835843175455,0.0,-234.835843175455,234.835843175455,0.0,-15124.04519782693,15124.04519782693,0.0,0.0,0.0,0.0,0.0,0.0,0.0,0.0,0.0,-154945.16884177842,-154945.16884177842,15593.71688417784,15593.71688417784,15493.71688417784,0.0,100.0,0.0,0.0,15593.71688417784,15593.71688417784,1,0.0,100.0
3196,14905.40167316246,0.0,-149054.0167316246,0.0,10.0,0.0,-0.0,0.1,0.2448466989999999,24.48466989999999,0.0,0.0,100.0,1.0,0.08,-8.0,-234.7793107491418,234.7793107491418,0.0,-234.7793107491418,234.7793107491418,0.0,-14535.843051664177,14535.843051664177,0.0,0.0,0.0,0.0,0.0,0.0,0.0,0.0,0.0,-149062.0167316246,-149062.0167316246,15005.40167316246,15005.40167316246,14905.40167316246,0.0,100.0,0.0,0.0,15005.40167316246,15005.40167316246,1,0.0,100.0
3197,12528.655562349508,0.0,-125286.55562349508,0.0,10.0,0.0,-0.0,0.1,0.221594513,22.1594513,0.0,0.0,100.0,1.0,0.11,-11.0,-216.6023176223525,216.6023176223525,0.0,-216.6023176223525,216.6023176223525,0.0,-16458.462448888815,16458.462448888815,0.0,0.0,3627.272373046874,3627.272373046874,0.0,0.0,635.7391487371376,635.7391487371376,0.0,-125297.55562349508,-125297.55562349508,16891.667084133518,16891.667084133518,16791.667084133518,0.0,100.0,0.0,0.0,16891.667084133518,12628.655562349508,1,0.0,100.0
3198,6284.7051947236805,0.0,-62847.0519472368,0.0,10.0,0.0,-0.0,0.1,0.200218136,20.021813599999998,0.0,0.0,100.0,1.0,0.11,-11.0,-198.4045637350265,198.4045637350265,0.0,-198.4045637350265,198.4045637350265,0.0,-17936.363196013714,17936.363196013714,0.0,0.0,10096.53134765625,10096.53134765625,0.0,0.0,1851.935781103836,1851.935781103836,0.0,-62858.0519472368,-62858.0519472368,18333.172323483766,18333.172323483766,18233.172323483766,0.0,100.0,0.0,0.0,18333.172323483766,6384.705194723681,1,0.0,100.0
3199,0.0,0.0,-0.0,55.55555555555556,10.0,0.0,-0.0,0.1,0.1882014889999999,0.0,0.0,100.0,0.0,1.0,0.11,0.0,-198.51985055343405,198.51985055343405,0.0,-198.51985055343405,198.51985055343405,0.0,-17936.363196013714,17936.363196013714,0.0,0.0,17425.86521484375,17425.86521484375,0.0,2530.214994160132,3593.308231992517,1063.093237832385,0.0,0.0,0.0,18488.958452676135,18488.958452676135,18488.958452676135,0.0,0.0,155.55555555555475,0.0,18333.40289712058,-2685.770549715686,1,-55.55555555555556,-100.0
3200,0.0,0.0,-0.0,44.44444444444444,60.0,0.0,-0.0,0.6,0.181796885,0.0,0.0,100.0,0.0,1.0,0.11,0.0,-198.67993133837564,198.67993133837564,0.0,-198.67993133837564,198.67993133837564,0.0,-15719.512084395325,15719.512084395325,0.0,7633.807797936603,23895.124189453123,16261.31639151652,0.0,5555.807343311507,5555.807343311507,0.0,0.0,0.0,0.0,16261.31639151652,16261.31639151652,16261.31639151652,0.0,0.0,144.44444444444525,0.0,16116.871947072075,-13334.059585692554,1,-44.44444444444444,-100.0
3201,0.0,0.0,-0.0,0.0,100.0,-0.0,-0.0,1.0,0.1858784439999999,0.0,0.0,100.0,0.0,1.0,0.11,0.0,-207.70390116442343,207.70390116442343,0.0,-207.70390116442343,207.70390116442343,0.0,-12763.710602237476,12763.710602237476,0.0,16000.8225036368,29279.940908203123,13279.118404566323,0.0,7241.898129092611,7241.898129092611,0.0,0.0,0.0,0.0,13279.118404566323,13279.118404566323,13279.118404566323,0.0,0.0,100.0,0.0,13179.118404566323,-23342.72063272941,1,-0.0,-100.0
3202,0.0,0.0,-0.0,0.0,100.0,-0.0,-0.0,1.0,0.208329243,0.0,0.0,100.0,0.0,1.0,0.11,0.0,-279.4407954187245,279.4407954187245,0.0,-279.4407954187245,279.4407954187245,0.0,-12763.768667730072,12763.768667730072,0.0,21391.685610573106,34814.335869140625,13422.65025856752,0.0,15893.47871842844,15893.47871842844,0.0,0.0,0.0,0.0,13422.65025856752,13422.65025856752,13422.65025856752,0.0,0.0,100.0,0.0,13322.65025856752,-37385.16432900155,1,-0.0,-100.0
3203,0.0,0.0,-0.0,0.0,100.0,-0.0,-0.0,1.0,0.233963119,0.0,0.0,100.0,0.0,1.0,0.11,0.0,-290.3660750117658,290.3660750117658,0.0,-290.3660750117658,290.3660750117658,0.0,-12763.76867982201,12763.76867982201,0.0,21855.964326404457,35300.46515625,13444.500829845541,0.0,16418.654536950424,16418.654536950424,0.0,0.0,0.0,0.0,13444.500829845541,13444.500829845541,13444.500829845541,0.0,0.0,100.0,0.0,13344.500829845541,-38374.61886335488,1,-0.0,-100.0
3204,0.0,0.0,-0.0,0.0,100.0,-0.0,-0.0,1.0,0.250428224,0.0,0.0,100.0,0.0,1.0,0.11,0.0,-321.60546784313584,321.60546784313584,0.0,-321.60546784313584,321.60546784313584,0.0,-12763.855778060904,12763.855778060904,0.0,21756.00388195595,35263.070595703124,13507.066713747176,0.0,9176.756407857813,9176.756407857813,0.0,0.0,0.0,0.0,13507.066713747176,13507.066713747176,13507.066713747176,0.0,0.0,100.0,0.0,13407.066713747176,-31032.760289813763,1,-0.0,-100.0
3205,0.0,0.0,-0.0,0.0,100.0,-0.0,-0.0,1.0,0.22910246,0.0,0.0,100.0,0.0,1.0,0.11,0.0,-308.7437799678498,308.7437799678498,0.0,-308.7437799678498,308.7437799678498,0.0,-12763.76869191395,12763.76869191395,0.0,19126.800545025348,32608.056796875,13481.25625184965,0.0,7241.898129092611,7241.898129092611,0.0,0.0,0.0,0.0,13481.25625184965,13481.25625184965,13481.25625184965,0.0,0.0,100.0,0.0,13381.25625184965,-26468.698674117964,1,-0.0,-100.0
3206,0.0,0.0,-0.0,0.0,100.0,-0.0,-0.0,1.0,0.215646146,0.0,0.0,100.0,0.0,1.0,0.08,0.0,-312.67483275585454,312.67483275585454,0.0,-312.67483275585454,312.67483275585454,0.0,-12763.710590145536,12763.710590145536,0.0,15790.880652545879,29279.940908203123,13489.060255657245,0.0,9066.193077642658,9066.193077642658,0.0,0.0,0.0,0.0,13489.060255657245,13489.060255657245,13489.060255657245,0.0,0.0,100.0,0.0,13389.060255657245,-24957.073730188535,1,-0.0,-100.0
3207,0.0,0.0,-0.0,0.0,100.0,-0.0,-0.0,1.0,0.213413521,0.0,0.0,100.0,0.0,1.0,0.08,0.0,-337.0403723055523,337.0403723055523,0.0,-337.0403723055523,337.0403723055523,0.0,-15719.512072303383,15719.512072303383,0.0,5606.592466288639,22100.185283203125,16493.592816914486,0.0,5915.138166510758,5915.138166510758,0.0,0.0,0.0,0.0,16493.592816914486,16493.592816914486,16493.592816914486,0.0,0.0,100.0,0.0,16393.592816914486,-11621.730632799397,1,-0.0,-100.0
3208,0.0,0.0,-0.0,0.0,100.0,-0.0,-0.0,1.0,0.2136206789999999,0.0,0.0,100.0,0.0,1.0,0.08,0.0,-340.14356915485143,340.14356915485143,0.0,-340.14356915485143,340.14356915485143,0.0,-17936.36318392177,17936.36318392177,0.0,0.0,14808.2459765625,14808.2459765625,0.0,71.87554207658286,3980.279887745557,3908.404345668974,0.0,0.0,0.0,18716.650322231475,18716.650322231475,18716.650322231475,0.0,0.0,100.0,0.0,18616.650322231475,-171.87554207658468,1,-0.0,-100.0
3209,9918.468688750258,0.0,-99184.68688750258,0.0,100.0,45.0,-0.0,1.0,0.206788959,20.6788959,0.0,0.0,100.0,1.0,0.11,-11.0,-316.0161771895793,316.0161771895793,0.0,-316.0161771895793,316.0161771895793,0.0,-17936.363189967742,17936.363189967742,0.0,0.0,6431.8644140625,6431.8644140625,0.0,0.0,2073.0624415341445,2073.0624415341445,0.0,-99195.68688750258,-99195.68688750258,18568.395544346902,18568.395544346902,18423.395544346902,0.0,145.0,0.0,0.0,18568.395544346902,10063.468688750258,1,45.0,100.0
3210,14925.83209432531,0.0,-149258.3209432531,0.0,50.0,36.0,-0.0,0.5,0.209166075,20.9166075,0.0,0.0,100.0,1.0,0.11,-11.0,-298.5909994319551,298.5909994319551,0.0,-298.5909994319551,298.5909994319551,0.0,-16975.00994525896,16975.00994525896,0.0,0.0,1570.57154296875,1570.57154296875,0.0,0.0,939.788306828812,939.788306828812,0.0,-149269.3209432531,-149269.3209432531,17572.19194412287,17572.19194412287,17436.19194412287,0.0,136.0,0.0,0.0,17572.19194412287,15061.83209432531,1,36.0,100.0
3211,20039.43406572794,0.0,-200394.3406572794,0.0,10.0,0.0,-0.0,0.1,0.215669252,21.5669252,0.0,0.0,100.0,1.0,0.11,-11.0,-290.8433223321183,290.8433223321183,0.0,-290.8433223321183,290.8433223321183,0.0,-19557.7474210637,19557.7474210637,0.0,0.0,0.0,0.0,0.0,0.0,0.0,0.0,0.0,-200405.3406572794,-200405.3406572794,20139.43406572794,20139.43406572794,20039.43406572794,0.0,100.0,0.0,0.0,20139.43406572794,20139.43406572794,1,0.0,100.0
3212,18479.78345319299,0.0,-184797.83453192993,0.0,10.0,0.0,-0.0,0.1,0.227298626,22.7298626,0.0,0.0,100.0,1.0,0.11,-11.0,-249.92482236973456,249.92482236973456,0.0,-249.92482236973456,249.92482236973456,0.0,-18079.933808453523,18079.933808453523,0.0,0.0,0.0,0.0,0.0,0.0,0.0,0.0,0.0,-184808.83453192993,-184808.83453192993,18579.78345319299,18579.78345319299,18479.78345319299,0.0,100.0,0.0,0.0,18579.78345319299,18579.78345319299,1,0.0,100.0
3213,16970.16821876415,0.0,-169701.6821876415,0.0,10.0,0.0,-0.0,0.1,0.2271962189999999,22.71962189999999,0.0,0.0,100.0,1.0,0.11,-11.0,-234.1111429521326,234.1111429521326,0.0,-234.1111429521326,234.1111429521326,0.0,-16601.945932859882,16601.945932859882,0.0,0.0,0.0,0.0,0.0,0.0,0.0,0.0,0.0,-169712.6821876415,-169712.6821876415,17070.16821876415,17070.16821876415,16970.16821876415,0.0,100.0,0.0,0.0,17070.16821876415,17070.16821876415,1,0.0,100.0
3214,15497.971927121349,0.0,-154979.7192712135,0.0,10.0,0.0,-0.0,0.1,0.240369739,24.0369739,0.0,0.0,100.0,1.0,0.11,-11.0,-236.96336767019423,236.96336767019423,0.0,-236.96336767019423,236.96336767019423,0.0,-15124.04519178096,15124.04519178096,0.0,0.0,0.0,0.0,0.0,0.0,0.0,0.0,0.0,-154990.7192712135,-154990.7192712135,15597.971927121349,15597.971927121349,15497.971927121349,0.0,100.0,0.0,0.0,15597.971927121349,15597.971927121349,1,0.0,100.0
3215,14753.270285024566,0.0,-147532.70285024567,0.0,10.0,0.0,-0.0,0.1,0.258969636,25.8969636,0.0,0.0,100.0,1.0,0.11,-11.0,-234.0877318915329,234.0877318915329,0.0,-234.0877318915329,234.0877318915329,0.0,-14385.0948212415,14385.0948212415,0.0,0.0,0.0,0.0,0.0,0.0,0.0,0.0,0.0,-147543.70285024567,-147543.70285024567,14853.270285024566,14853.270285024566,14753.270285024566,0.0,100.0,0.0,0.0,14853.270285024566,14853.270285024566,1,0.0,100.0
3216,17766.54428932545,0.0,-177665.4428932545,0.0,10.0,0.0,-0.0,0.1,0.278868576,27.8868576,0.0,0.0,100.0,1.0,0.08,-8.0,-234.03268037127,234.03268037127,0.0,-234.03268037127,234.03268037127,0.0,-17398.47892858291,17398.47892858291,0.0,0.0,0.0,0.0,0.0,0.0,0.0,0.0,0.0,-177673.4428932545,-177673.4428932545,17866.54428932545,17866.54428932545,17766.54428932545,0.0,100.0,0.0,0.0,17866.54428932545,17866.54428932545,1,0.0,100.0
3217,17766.039845686206,0.0,-177660.39845686205,0.0,10.0,0.0,-0.0,0.1,0.284120156,28.4120156,0.0,0.0,100.0,1.0,0.08,-8.0,-233.7804585516477,233.7804585516477,0.0,-233.7804585516477,233.7804585516477,0.0,-17398.47892858291,17398.47892858291,0.0,0.0,0.0,0.0,0.0,0.0,0.0,0.0,0.0,-177668.39845686205,-177668.39845686205,17866.039845686206,17866.039845686206,17766.039845686206,0.0,100.0,0.0,0.0,17866.039845686206,17866.039845686206,1,0.0,100.0
3218,17765.833786645046,0.0,-177658.33786645046,0.0,10.0,0.0,-0.0,0.1,0.283922428,28.392242800000002,0.0,0.0,100.0,1.0,0.08,-8.0,-233.67742903106705,233.67742903106705,0.0,-233.67742903106705,233.67742903106705,0.0,-17398.47892858291,17398.47892858291,0.0,0.0,0.0,0.0,0.0,0.0,0.0,0.0,0.0,-177666.33786645046,-177666.33786645046,17865.833786645046,17865.833786645046,17765.833786645046,0.0,100.0,0.0,0.0,17865.833786645046,17865.833786645046,1,0.0,100.0
3219,18506.948050573814,0.0,-185069.48050573815,0.0,10.0,0.0,-0.0,0.1,0.260471485,26.0471485,0.0,0.0,100.0,1.0,0.08,-8.0,-234.75937874870283,234.75937874870283,0.0,-234.75937874870283,234.75937874870283,0.0,-18137.42929307641,18137.42929307641,0.0,0.0,0.0,0.0,0.0,0.0,0.0,0.0,0.0,-185077.48050573815,-185077.48050573815,18606.948050573814,18606.948050573814,18506.948050573814,0.0,100.0,0.0,0.0,18606.948050573814,18606.948050573814,1,0.0,100.0
3220,19425.315758169236,0.0,-194253.15758169236,0.0,10.0,0.0,-0.0,0.1,0.231761451,23.1761451,0.0,0.0,100.0,1.0,0.08,-8.0,-234.70554302498445,234.70554302498445,0.0,-234.70554302498445,234.70554302498445,0.0,-19055.904672119268,19055.904672119268,0.0,0.0,0.0,0.0,0.0,0.0,0.0,0.0,0.0,-194261.15758169236,-194261.15758169236,19525.315758169236,19525.315758169236,19425.315758169236,0.0,100.0,0.0,0.0,19525.315758169236,19525.315758169236,1,0.0,100.0
3221,19423.335150350693,0.0,-194233.35150350694,0.0,10.0,0.0,-0.0,0.1,0.207913492,20.7913492,0.0,0.0,100.0,1.0,0.11,-11.0,-457.5557243597797,457.5557243597797,0.0,-457.5557243597797,457.5557243597797,0.0,-22851.727767428976,22851.727767428976,0.0,0.0,3552.483251953125,3552.483251953125,0.0,0.0,691.0208138447148,691.0208138447148,0.0,-194244.35150350694,-194244.35150350694,23766.83921614853,23766.839216148535,23666.83921614853,0.0,100.0,0.0,0.0,23766.839216148535,19523.335150350696,1,0.0,100.0
3222,19493.221238493905,0.0,-194932.21238493905,0.0,10.0,0.0,-0.0,0.1,0.189896176,18.9896176,0.0,0.0,100.0,1.0,0.11,-11.0,-731.2887953864137,731.2887953864137,0.0,-731.2887953864137,731.2887953864137,0.0,-30220.58726154131,30220.58726154131,0.0,0.0,9685.191181640625,9685.191181640625,0.0,0.0,2404.7524321796072,2404.7524321796072,0.0,-194943.21238493905,-194943.21238493905,31683.164852314138,31683.164852314138,31583.164852314138,0.0,100.0,0.0,0.0,31683.164852314138,19593.221238493905,1,0.0,100.0
3223,44329.64552119371,0.0,-443296.4552119371,0.0,10.0,0.0,-0.0,0.1,0.184979399,18.4979399,0.0,0.0,100.0,1.0,0.11,-11.0,-1086.754634535584,1086.754634535584,0.0,-1086.754634535584,1086.754634535584,0.0,-63361.50451891137,63361.50451891137,0.0,0.0,17014.525048828124,17014.525048828124,0.0,0.0,4090.843217960712,4090.843217960712,0.0,-443307.4552119371,-443307.4552119371,65535.01378798254,65535.01378798254,65435.01378798254,0.0,100.0,0.0,0.0,65535.01378798254,44429.64552119371,1,0.0,100.0
3224,33192.516341332324,0.0,-331925.16341332323,0.0,10.0,0.0,-0.0,0.1,0.181500078,18.1500078,0.0,0.0,100.0,1.0,0.11,-11.0,-1084.3103278221654,1084.3103278221654,0.0,-1084.3103278221654,1084.3103278221654,0.0,-61143.87900322337,61143.87900322337,0.0,0.0,24381.2534765625,24381.2534765625,0.0,0.0,5638.729840972873,5638.729840972873,0.0,-331936.16341332323,-331936.16341332323,63312.499658867695,63312.499658867695,63212.499658867695,0.0,100.0,0.0,0.0,63312.499658867695,33292.516341332324,1,0.0,100.0
3225,22960.437040419438,0.0,-229604.37040419437,0.0,10.0,0.0,-0.0,0.1,0.189008834,18.900883399999998,0.0,0.0,100.0,1.0,0.11,-11.0,-1103.5834901345986,1103.5834901345986,0.0,-1103.5834901345986,1103.5834901345986,0.0,-58196.16907805175,58196.16907805175,0.0,0.0,29990.43755859375,29990.43755859375,0.0,0.0,7352.461459307765,7352.461459307765,0.0,-229615.37040419437,-229615.37040419437,60403.33605832096,60403.33605832095,60303.33605832096,0.0,100.0,0.0,0.0,60403.33605832095,23060.437040419434,1,0.0,100.0
3226,18478.857089773897,0.0,-184788.57089773897,0.0,10.0,0.0,-0.0,0.1,0.2080181589999999,20.80181589999999,0.0,0.0,100.0,1.0,0.11,-11.0,-1124.9408809527329,1124.9408809527329,0.0,-1124.9408809527329,1124.9408809527329,0.0,-58224.32024337613,58224.32024337613,0.0,0.0,33243.76432617188,33243.76432617188,0.0,0.0,8651.580589335828,8651.580589335828,0.0,-184799.57089773897,-184799.57089773897,60474.2020052816,60474.2020052816,60374.2020052816,0.0,100.0,0.0,0.0,60474.2020052816,18578.857089773897,1,0.0,100.0
3227,14263.845856220725,0.0,-142638.45856220726,0.0,10.0,0.0,-0.0,0.1,0.2422834139999999,24.22834139999999,0.0,0.0,100.0,1.0,0.11,-11.0,-1168.2142059735834,1168.2142059735834,0.0,-1168.2142059735834,1168.2142059735834,0.0,-55174.701581829104,55174.701581829104,0.0,0.0,33804.682734375,33804.682734375,0.0,0.0,9342.601403180544,9342.601403180544,0.0,-142649.45856220726,-142649.45856220726,57511.12999377627,57511.12999377627,57411.12999377627,0.0,100.0,0.0,0.0,57511.12999377627,14363.845856220723,1,0.0,100.0
3228,17255.728064565985,0.0,-172557.28064565983,0.0,10.0,0.0,-0.0,0.1,0.240286068,24.0286068,0.0,0.0,100.0,1.0,0.11,-11.0,-1193.010877555591,1193.010877555591,0.0,-1193.010877555591,1193.010877555591,0.0,-58247.06123321167,58247.06123321167,0.0,0.0,33879.47185546875,33879.47185546875,0.0,0.0,9397.883068288122,9397.883068288122,0.0,-172568.28064565983,-172568.28064565983,60633.08298832286,60633.08298832286,60533.08298832286,0.0,100.0,0.0,0.0,60633.08298832286,17355.728064565985,1,0.0,100.0
3229,20393.13853925609,0.0,-203931.38539256091,0.0,10.0,0.0,-0.0,0.1,0.218543323,21.854332300000003,0.0,0.0,100.0,1.0,0.11,-11.0,-1258.987188574075,1258.987188574075,0.0,-1258.987188574075,1258.987188574075,0.0,-58269.05599924216,58269.05599924216,0.0,0.0,31448.825419921875,31448.825419921875,0.0,0.0,8845.066417212349,8845.066417212349,0.0,-203942.38539256091,-203942.38539256091,60787.030376390314,60787.030376390314,60687.030376390314,0.0,100.0,0.0,0.0,60787.030376390314,20493.13853925609,1,0.0,100.0
3230,25933.06288779633,0.0,-259330.62887796332,0.0,10.0,0.0,-0.0,0.1,0.208264405,20.8264405,0.0,0.0,100.0,1.0,0.08,-8.0,-1253.598451253158,1253.598451253158,0.0,-1253.598451253158,1253.598451253158,0.0,-58283.67927118074,58283.67927118074,0.0,0.0,27073.6618359375,27073.6618359375,0.0,0.0,7684.151449953229,7684.151449953229,0.0,-259338.62887796332,-259338.62887796332,60790.87617368706,60790.87617368706,60690.87617368706,0.0,100.0,0.0,0.0,60790.87617368706,26033.06288779633,1,0.0,100.0
3231,38060.255022864076,0.0,-380602.5502286408,0.0,10.0,0.0,-0.0,0.1,0.20547644,20.547644000000002,0.0,0.0,100.0,1.0,0.08,-8.0,-1171.3494693992134,1171.3494693992134,0.0,-1171.3494693992134,1171.3494693992134,0.0,-61251.03450461969,61251.03450461969,0.0,0.0,19407.776923828125,19407.776923828125,0.0,0.0,6025.701496725913,6025.701496725913,0.0,-380610.5502286408,-380610.5502286408,63593.73344341811,63593.73344341812,63493.73344341811,0.0,100.0,0.0,0.0,63593.73344341812,38160.255022864076,1,0.0,100.0
3232,37142.68839334059,0.0,-371426.8839334059,0.0,10.0,0.0,-0.0,0.1,0.207015914,20.701591399999998,0.0,0.0,100.0,1.0,0.08,-8.0,-927.0121650561086,927.0121650561086,0.0,-927.0121650561086,927.0121650561086,0.0,-54320.28676402205,54320.28676402205,0.0,0.0,14509.0894921875,14509.0894921875,0.0,0.0,4422.533208606174,4422.533208606174,0.0,-371434.8839334059,-371434.8839334059,56174.31109413427,56174.31109413427,56074.31109413427,0.0,100.0,0.0,0.0,56174.31109413427,37242.68839334059,1,0.0,100.0
3233,34999.964143102305,0.0,-349999.641431023,0.0,10.0,0.0,-0.0,0.1,0.204450087,20.4450087,0.0,0.0,100.0,1.0,0.11,-11.0,-920.4592568316132,920.4592568316132,0.0,-920.4592568316132,920.4592568316132,0.0,-42268.020496146055,42268.020496146055,0.0,0.0,6244.891611328125,6244.891611328125,0.0,0.0,2764.083255378859,2764.083255378859,0.0,-350010.641431023,-350010.641431023,44108.939009809284,44108.939009809284,44008.939009809284,0.0,100.0,0.0,0.0,44108.939009809284,35099.964143102305,1,0.0,100.0
3234,40297.5925500098,0.0,-402975.92550009803,0.0,10.0,0.0,-0.0,0.1,0.209537959,20.9537959,0.0,0.0,100.0,1.0,0.11,-11.0,-888.1672976712376,888.1672976712376,0.0,-888.1672976712376,888.1672976712376,0.0,-41307.21652778071,41307.21652778071,0.0,0.0,1607.966103515625,1607.966103515625,0.0,0.0,1077.992469597755,1077.992469597755,0.0,-402986.92550009803,-402986.92550009803,43083.55112312318,43083.55112312318,42983.55112312318,0.0,100.0,0.0,0.0,43083.55112312318,40397.5925500098,1,0.0,100.0
3235,36530.02467972352,0.0,-365300.2467972352,0.0,10.0,0.0,-0.0,0.1,0.214629031,21.4629031,0.0,0.0,100.0,1.0,0.11,-11.0,-888.9081092804043,888.9081092804043,0.0,-888.9081092804043,888.9081092804043,0.0,-34852.208461162714,34852.208461162714,0.0,0.0,0.0,0.0,0.0,0.0,0.0,0.0,0.0,-365311.2467972352,-365311.2467972352,36630.02467972352,36630.02467972352,36530.02467972352,0.0,100.0,0.0,0.0,36630.02467972352,36630.02467972352,1,0.0,100.0
3236,33745.094898543444,0.0,-337450.9489854344,0.0,10.0,0.0,-0.0,0.1,0.221468529,22.1468529,0.0,0.0,100.0,1.0,0.11,-11.0,-234.95902306871423,234.95902306871423,0.0,-234.95902306871423,234.95902306871423,0.0,-33375.17685240602,33375.17685240602,0.0,0.0,0.0,0.0,0.0,0.0,0.0,0.0,0.0,-337461.9489854344,-337461.9489854344,33845.094898543444,33845.094898543444,33745.094898543444,0.0,100.0,0.0,0.0,33845.094898543444,33845.094898543444,1,0.0,100.0
3237,21489.865150693622,0.0,-214898.65150693624,0.0,10.0,0.0,-0.0,0.1,0.229632082,22.9632082,0.0,0.0,100.0,1.0,0.11,-11.0,-233.9287533445504,233.9287533445504,0.0,-233.9287533445504,233.9287533445504,0.0,-21122.007644004523,21122.007644004523,0.0,0.0,0.0,0.0,0.0,0.0,0.0,0.0,0.0,-214909.65150693624,-214909.65150693624,21589.865150693622,21589.865150693622,21489.865150693622,0.0,100.0,0.0,0.0,21589.865150693622,21589.865150693622,1,0.0,100.0
3238,18511.18791415708,0.0,-185111.8791415708,0.0,10.0,0.0,-0.0,0.1,0.220906873,22.0906873,0.0,0.0,100.0,1.0,0.11,-11.0,-236.8793135633229,236.8793135633229,0.0,-236.8793135633229,236.8793135633229,0.0,-18137.429287030434,18137.429287030434,0.0,0.0,0.0,0.0,0.0,0.0,0.0,0.0,0.0,-185122.8791415708,-185122.8791415708,18611.18791415708,18611.18791415708,18511.18791415708,0.0,100.0,0.0,0.0,18611.18791415708,18611.18791415708,1,0.0,100.0
3239,17766.27893077751,0.0,-177662.7893077751,0.0,10.0,0.0,-0.0,0.1,0.214767288,21.4767288,0.0,0.0,100.0,1.0,0.11,-11.0,-233.9000010973,233.9000010973,0.0,-233.9000010973,233.9000010973,0.0,-17398.47892858291,17398.47892858291,0.0,0.0,0.0,0.0,0.0,0.0,0.0,0.0,0.0,-177673.7893077751,-177673.7893077751,17866.27893077751,17866.27893077751,17766.27893077751,0.0,100.0,0.0,0.0,17866.27893077751,17866.27893077751,1,0.0,100.0
3240,17766.201901952027,0.0,-177662.01901952026,0.0,10.0,0.0,-0.0,0.1,0.219465644,21.9465644,0.0,0.0,100.0,1.0,0.08,-8.0,-233.8615773741058,233.8615773741058,0.0,-233.8615773741058,233.8615773741058,0.0,-17398.478747203815,17398.478747203815,0.0,0.0,0.0,0.0,0.0,0.0,0.0,0.0,0.0,-177670.01901952026,-177670.01901952026,17866.201901952027,17866.201901952027,17766.201901952027,0.0,100.0,0.0,0.0,17866.201901952027,17866.201901952027,1,0.0,100.0
3241,17766.168126097222,0.0,-177661.68126097223,0.0,10.0,0.0,-0.0,0.1,0.234681065,23.4681065,0.0,0.0,100.0,1.0,0.08,-8.0,-233.84468944670297,233.84468944670297,0.0,-233.84468944670297,233.84468944670297,0.0,-17398.478747203815,17398.478747203815,0.0,0.0,0.0,0.0,0.0,0.0,0.0,0.0,0.0,-177669.68126097223,-177669.68126097223,17866.168126097222,17866.168126097222,17766.168126097222,0.0,100.0,0.0,0.0,17866.168126097222,17866.168126097222,1,0.0,100.0
3242,17766.138919029843,0.0,-177661.38919029845,0.0,10.0,0.0,-0.0,0.1,0.229601484,22.960148399999998,0.0,0.0,100.0,1.0,0.08,-8.0,-233.83008591301413,233.83008591301413,0.0,-233.83008591301413,233.83008591301413,0.0,-17398.478747203815,17398.478747203815,0.0,0.0,0.0,0.0,0.0,0.0,0.0,0.0,0.0,-177669.38919029845,-177669.38919029845,17866.138919029843,17866.138919029843,17766.138919029843,0.0,100.0,0.0,0.0,17866.138919029843,17866.138919029843,1,0.0,100.0
3243,18516.7238527618,0.0,-185167.238527618,0.0,10.0,0.0,-0.0,0.1,0.222406626,22.2406626,0.0,0.0,100.0,1.0,0.08,-8.0,-239.64737053224408,239.64737053224408,0.0,-239.64737053224408,239.64737053224408,0.0,-18137.42911169731,18137.42911169731,0.0,0.0,0.0,0.0,0.0,0.0,0.0,0.0,0.0,-185175.238527618,-185175.238527618,18616.7238527618,18616.7238527618,18516.7238527618,0.0,100.0,0.0,0.0,18616.7238527618,18616.7238527618,1,0.0,100.0
3244,19433.39781583332,0.0,-194333.9781583332,0.0,10.0,0.0,-0.0,0.1,0.216457468,21.645746799999998,0.0,0.0,100.0,1.0,0.08,-8.0,-238.7467078913392,238.7467078913392,0.0,-238.7467078913392,238.7467078913392,0.0,-19055.90440005064,19055.90440005064,0.0,0.0,0.0,0.0,0.0,0.0,0.0,0.0,0.0,-194341.9781583332,-194341.9781583332,19533.39781583332,19533.39781583332,19433.39781583332,0.0,100.0,0.0,0.0,19533.39781583332,19533.39781583332,1,0.0,100.0
3245,19000.550133323224,0.0,-190005.50133323224,0.0,10.0,0.0,-0.0,0.1,0.202775058,20.2775058,0.0,0.0,100.0,1.0,0.11,-11.0,-492.3700962806459,492.3700962806459,0.0,-492.3700962806459,492.3700962806459,0.0,-22798.29500512919,22798.29500512919,0.0,0.0,3963.8234179687497,3963.8234179687497,0.0,0.0,718.6616463985034,718.6616463985034,0.0,-190016.50133323224,-190016.50133323224,23783.03519769048,23783.03519769048,23683.03519769048,0.0,100.0,0.0,0.0,23783.03519769048,19100.550133323224,1,0.0,100.0
3246,18856.36787792035,0.0,-188563.6787792035,0.0,10.0,0.0,-0.0,0.1,0.193409097,19.3409097,0.0,0.0,100.0,1.0,0.11,-11.0,-739.759708121816,739.759708121816,0.0,-739.759708121816,739.759708121816,0.0,-30222.00706078,30222.00706078,0.0,0.0,10395.68783203125,10395.68783203125,0.0,0.0,2349.4707670720304,2349.4707670720304,0.0,-188574.6787792035,-188574.6787792035,31701.52647702363,31701.52647702363,31601.52647702363,0.0,100.0,0.0,0.0,31701.52647702363,18956.36787792035,1,0.0,100.0
3247,46364.604165516736,0.0,-463646.04165516736,0.0,10.0,0.0,-0.0,0.1,0.189893972,18.9893972,0.0,0.0,100.0,1.0,0.11,-11.0,-1109.673311551684,1109.673311551684,0.0,-1109.673311551684,1109.673311551684,0.0,-63362.20107507568,63362.20107507568,0.0,0.0,15219.586142578124,15219.586142578124,0.0,0.0,3897.357390084192,3897.357390084192,0.0,-463657.04165516736,-463657.04165516736,65581.54769817906,65581.54769817906,65481.547698179056,0.0,100.0,0.0,0.0,65581.54769817906,46464.604165516736,1,0.0,100.0
3248,32211.77619248604,0.0,-322117.7619248604,0.0,10.0,0.0,-0.0,0.1,0.184945744,18.4945744,0.0,0.0,100.0,1.0,0.11,-11.0,-1164.3562823205193,1164.3562823205193,0.0,-1164.3562823205193,1164.3562823205193,0.0,-61144.39121777279,61144.39121777279,0.0,0.0,25577.8794140625,25577.8794140625,0.0,0.0,5583.448175865296,5583.448175865296,0.0,-322128.7619248604,-322128.7619248604,63473.10378241383,63473.10378241383,63373.10378241383,0.0,100.0,0.0,0.0,63473.10378241383,32311.77619248604,1,0.0,100.0
3249,27968.883829026207,0.0,-279688.83829026204,0.0,10.0,0.0,-0.0,0.1,0.18764297,18.764297,0.0,0.0,100.0,1.0,0.11,-11.0,-1247.097506751231,1247.097506751231,0.0,-1247.097506751231,1247.097506751231,0.0,-58187.98609995831,58187.98609995831,0.0,0.0,25316.117490234374,25316.117490234374,0.0,0.0,7297.179794200189,7297.179794200189,0.0,-279699.83829026204,-279699.83829026204,60682.18111346077,60682.18111346077,60582.18111346077,0.0,100.0,0.0,0.0,60682.18111346077,28068.883829026207,1,0.0,100.0
3250,13104.87835714328,0.0,-131048.7835714328,0.0,10.0,0.0,-0.0,0.1,0.204913958,20.4913958,0.0,0.0,100.0,1.0,0.11,-11.0,-1306.6935370057254,1306.6935370057254,0.0,-1306.6935370057254,1306.6935370057254,0.0,-58187.58206594396,58187.58206594396,0.0,0.0,28606.83881835937,28606.83881835937,0.0,0.0,18989.251964452764,18989.251964452764,0.0,-131059.7835714328,-131059.7835714328,60800.969139955414,60800.969139955414,60700.969139955414,0.0,100.0,0.0,0.0,60800.969139955414,13204.87835714328,1,0.0,100.0
3251,10663.601544535044,0.0,-106636.01544535044,0.0,10.0,0.0,-0.0,0.1,0.248607468,24.8607468,0.0,0.0,100.0,1.0,0.11,-11.0,-1342.7088671214249,1342.7088671214249,0.0,-1342.7088671214249,1342.7088671214249,0.0,-55174.92953906909,55174.92953906909,0.0,0.0,32308.9003125,32308.9003125,0.0,0.0,14787.845416276896,14787.845416276896,0.0,-106647.01544535044,-106647.01544535044,57860.34727331194,57860.34727331194,57760.34727331194,0.0,100.0,0.0,0.0,57860.34727331194,10763.601544535042,1,0.0,100.0
3252,18246.39722775667,0.0,-182463.97227756673,0.0,10.0,0.0,-0.0,0.1,0.255886464,25.5886464,0.0,0.0,100.0,1.0,0.11,-11.0,-1316.602613578279,1316.602613578279,0.0,-1316.602613578279,1316.602613578279,0.0,-58187.37404831191,58187.37404831191,0.0,0.0,33131.58064453125,33131.58064453125,0.0,0.0,9342.601403180544,9342.601403180544,0.0,-182474.97227756673,-182474.97227756673,60820.579275468466,60820.579275468466,60720.579275468466,0.0,100.0,0.0,0.0,60820.579275468466,18346.39722775667,1,0.0,100.0
3253,22614.377223904834,0.0,-226143.77223904832,0.0,10.0,0.0,-0.0,0.1,0.232628817,23.262881699999998,0.0,0.0,100.0,1.0,0.11,-11.0,-1319.155650754537,1319.155650754537,0.0,-1319.155650754537,1319.155650754537,0.0,-58192.93987124362,58192.93987124362,0.0,0.0,29354.73002929688,29354.73002929688,0.0,0.0,8762.143919550983,8762.143919550983,0.0,-226154.77223904832,-226154.77223904832,60831.251172752694,60831.251172752694,60731.251172752694,0.0,100.0,0.0,0.0,60831.251172752694,22714.377223904834,1,0.0,100.0
3254,26371.686521319934,0.0,-263716.86521319934,0.0,10.0,0.0,-0.0,0.1,0.220873816,22.0873816,0.0,0.0,100.0,1.0,0.08,-8.0,-1312.3303625970125,1312.3303625970125,0.0,-1312.3303625970125,1312.3303625970125,0.0,-58213.00637198719,58213.00637198719,0.0,0.0,26737.110791015624,26737.110791015624,0.0,0.0,7628.869784845651,7628.869784845651,0.0,-263724.86521319934,-263724.86521319934,60837.66709718121,60837.66709718121,60737.66709718121,0.0,100.0,0.0,0.0,60837.66709718121,26471.686521319934,1,0.0,100.0
3255,36670.9099828393,0.0,-366709.099828393,0.0,10.0,0.0,-0.0,0.1,0.217107853,21.710785299999998,0.0,0.0,100.0,1.0,0.08,-8.0,-1226.3526055036916,1226.3526055036916,0.0,-1226.3526055036916,1226.3526055036916,0.0,-61185.73416289176,61185.73416289176,0.0,0.0,19819.11708984375,19819.11708984375,0.0,0.0,7048.412301216091,7048.412301216091,0.0,-366717.099828393,-366717.099828393,63638.43937389914,63638.43937389914,63538.43937389914,0.0,100.0,0.0,0.0,63638.43937389914,36770.9099828393,1,0.0,100.0
3256,36392.103838670366,0.0,-363921.03838670364,0.0,10.0,0.0,-0.0,0.1,0.227832805,22.7832805,0.0,0.0,100.0,1.0,0.08,-8.0,-964.6802328519524,964.6802328519524,0.0,-964.6802328519524,964.6802328519524,0.0,-54320.28710864233,54320.28710864233,0.0,0.0,15556.1371875,15556.1371875,0.0,0.0,4201.406548175866,4201.406548175866,0.0,-363929.03838670364,-363929.03838670364,56249.647574346236,56249.647574346236,56149.647574346236,0.0,100.0,0.0,0.0,56249.647574346236,36492.10383867037,1,0.0,100.0
3257,33348.453876003856,0.0,-333484.53876003856,0.0,10.0,0.0,-0.0,0.1,0.242231845,24.2231845,0.0,0.0,100.0,1.0,0.11,-11.0,-936.7438575948293,936.7438575948293,0.0,-936.7438575948293,936.7438575948293,0.0,-42268.31660355603,42268.31660355603,0.0,0.0,8039.830517578125,8039.830517578125,0.0,0.0,2653.519925163705,2653.519925163705,0.0,-333495.53876003856,-333495.53876003856,44141.804318745686,44141.804318745686,44041.804318745686,0.0,100.0,0.0,0.0,44141.804318745686,33448.453876003856,1,0.0,100.0
3258,40193.710841515305,0.0,-401937.10841515305,0.0,10.0,0.0,-0.0,0.1,0.265033875,26.5033875,0.0,0.0,100.0,1.0,0.11,-11.0,-910.9389167373942,910.9389167373942,0.0,-910.9389167373942,910.9389167373942,0.0,-41307.36982334139,41307.36982334139,0.0,0.0,1757.544345703125,1757.544345703125,0.0,0.0,1077.992469597755,1077.992469597755,0.0,-401948.10841515305,-401948.10841515305,43129.24765681619,43129.24765681618,43029.24765681619,0.0,100.0,0.0,0.0,43129.24765681618,40293.7108415153,1,0.0,100.0
3259,36591.5718690767,0.0,-365915.718690767,0.0,10.0,0.0,-0.0,0.1,0.28813136,28.813136,0.0,0.0,100.0,1.0,0.11,-11.0,-919.5467186154226,919.5467186154226,0.0,-919.5467186154226,919.5467186154226,0.0,-34852.478431845855,34852.478431845855,0.0,0.0,0.0,0.0,0.0,0.0,0.0,0.0,0.0,-365926.718690767,-365926.718690767,36691.5718690767,36691.5718690767,36591.5718690767,0.0,100.0,0.0,0.0,36691.5718690767,36691.5718690767,1,0.0,100.0
3260,33743.33270181479,0.0,-337433.3270181479,0.0,10.0,0.0,-0.0,0.1,0.302309555,30.2309555,0.0,0.0,100.0,1.0,0.11,-11.0,-234.0719694242759,234.0719694242759,0.0,-234.0719694242759,234.0719694242759,0.0,-33375.18876296624,33375.18876296624,0.0,0.0,0.0,0.0,0.0,0.0,0.0,0.0,0.0,-337444.3270181479,-337444.3270181479,33843.33270181479,33843.33270181479,33743.33270181479,0.0,100.0,0.0,0.0,33843.33270181479,33843.33270181479,1,0.0,100.0
3261,21490.148607342973,0.0,-214901.48607342973,0.0,10.0,0.0,-0.0,0.1,0.323963836,32.3963836,0.0,0.0,100.0,1.0,0.11,-11.0,-234.07057538175684,234.07057538175684,0.0,-234.07057538175684,234.07057538175684,0.0,-21122.00745657946,21122.00745657946,0.0,0.0,0.0,0.0,0.0,0.0,0.0,0.0,0.0,-214912.48607342973,-214912.48607342973,21590.148607342973,21590.148607342973,21490.148607342973,0.0,100.0,0.0,0.0,21590.148607342973,21590.148607342973,1,0.0,100.0
3262,18511.310671704443,0.0,-185113.10671704443,0.0,10.0,0.0,-0.0,0.1,0.322637193,32.2637193,0.0,0.0,100.0,1.0,0.11,-11.0,-236.9407830265527,236.9407830265527,0.0,-236.9407830265527,236.9407830265527,0.0,-18137.42910565134,18137.42910565134,0.0,0.0,0.0,0.0,0.0,0.0,0.0,0.0,0.0,-185124.10671704443,-185124.10671704443,18611.310671704443,18611.310671704443,18511.310671704443,0.0,100.0,0.0,0.0,18611.310671704443,18611.310671704443,1,0.0,100.0
3263,17766.280587298854,0.0,-177662.80587298854,0.0,10.0,0.0,-0.0,0.1,0.312984706,31.2984706,0.0,0.0,100.0,1.0,0.11,-11.0,-233.9009260934872,233.9009260934872,0.0,-233.9009260934872,233.9009260934872,0.0,-17398.47873511188,17398.47873511188,0.0,0.0,0.0,0.0,0.0,0.0,0.0,0.0,0.0,-177673.80587298854,-177673.80587298854,17866.280587298854,17866.280587298854,17766.280587298854,0.0,100.0,0.0,0.0,17866.280587298854,17866.280587298854,1,0.0,100.0
3264,17766.235624861252,0.0,-177662.35624861252,0.0,10.0,0.0,-0.0,0.1,0.31282128,31.282127999999997,0.0,0.0,100.0,1.0,0.08,-8.0,-233.878532541246,233.878532541246,0.0,-233.878532541246,233.878532541246,0.0,-17398.47855977876,17398.47855977876,0.0,0.0,0.0,0.0,0.0,0.0,0.0,0.0,0.0,-177670.35624861252,-177670.35624861252,17866.235624861252,17866.235624861252,17766.235624861252,0.0,100.0,0.0,0.0,17866.235624861252,17866.235624861252,1,0.0,100.0
3265,17766.243151548406,0.0,-177662.43151548406,0.0,10.0,0.0,-0.0,0.1,0.321648606,32.1648606,0.0,0.0,100.0,1.0,0.08,-8.0,-233.8822928618386,233.8822928618386,0.0,-233.8822928618386,233.8822928618386,0.0,-17398.478565824727,17398.478565824727,0.0,0.0,0.0,0.0,0.0,0.0,0.0,0.0,0.0,-177670.43151548406,-177670.43151548406,17866.243151548406,17866.243151548406,17766.243151548406,0.0,100.0,0.0,0.0,17866.243151548406,17866.243151548406,1,0.0,100.0
3266,17766.247630145714,0.0,-177662.47630145715,0.0,10.0,0.0,-0.0,0.1,0.329753195,32.9753195,0.0,0.0,100.0,1.0,0.08,-8.0,-233.88452913750788,233.88452913750788,0.0,-233.88452913750788,233.88452913750788,0.0,-17398.4785718707,17398.4785718707,0.0,0.0,0.0,0.0,0.0,0.0,0.0,0.0,0.0,-177670.47630145715,-177670.47630145715,17866.247630145714,17866.247630145714,17766.247630145714,0.0,100.0,0.0,0.0,17866.247630145714,17866.247630145714,1,0.0,100.0
3267,18507.528782202728,0.0,-185075.28782202728,0.0,10.0,0.0,-0.0,0.1,0.325293226,32.5293226,0.0,0.0,100.0,1.0,0.08,-8.0,-235.0499198962831,235.0499198962831,0.0,-235.0499198962831,235.0499198962831,0.0,-18137.428942410163,18137.428942410163,0.0,0.0,0.0,0.0,0.0,0.0,0.0,0.0,0.0,-185083.28782202728,-185083.28782202728,18607.528782202728,18607.528782202728,18507.528782202728,0.0,100.0,0.0,0.0,18607.528782202728,18607.528782202728,1,0.0,100.0
3268,19425.726758506356,0.0,-194257.26758506356,0.0,10.0,0.0,-0.0,0.1,0.282666398,28.2666398,0.0,0.0,100.0,1.0,0.08,-8.0,-234.91133340008903,234.91133340008903,0.0,-234.91133340008903,234.91133340008903,0.0,-19055.90409170618,19055.90409170618,0.0,0.0,0.0,0.0,0.0,0.0,0.0,0.0,0.0,-194265.26758506356,-194265.26758506356,19525.726758506356,19525.726758506356,19425.726758506356,0.0,100.0,0.0,0.0,19525.726758506356,19525.726758506356,1,0.0,100.0
3269,19281.002901983422,0.0,-192810.0290198342,0.0,10.0,0.0,-0.0,0.1,0.250635778,25.063577799999997,0.0,0.0,100.0,1.0,0.11,-11.0,-506.15525458268087,506.15525458268087,0.0,-506.15525458268087,506.15525458268087,0.0,-22930.86039897707,22930.86039897707,0.0,0.0,3926.428857421875,3926.428857421875,0.0,0.0,635.7391487371376,635.7391487371376,0.0,-192821.0290198342,-192821.0290198342,23943.170908142434,23943.170908142434,23843.170908142434,0.0,100.0,0.0,0.0,23943.170908142434,19381.002901983422,1,0.0,100.0
3270,19456.419703568754,0.0,-194564.19703568754,0.0,10.0,0.0,-0.0,0.1,0.224227416,22.422741600000002,0.0,0.0,100.0,1.0,0.11,-11.0,-781.8582804534216,781.8582804534216,0.0,-781.8582804534216,781.8582804534216,0.0,-30220.81929981082,30220.81929981082,0.0,0.0,10320.8987109375,10320.8987109375,0.0,0.0,1907.2174462114128,1907.2174462114128,0.0,-194575.19703568754,-194575.19703568754,31784.535860717668,31784.535860717664,31684.535860717668,0.0,100.0,0.0,0.0,31784.535860717664,19556.419703568754,1,0.0,100.0
3271,43869.234019489275,0.0,-438692.3401948927,0.0,10.0,0.0,-0.0,0.1,0.21225659,21.225659,0.0,0.0,100.0,1.0,0.11,-11.0,-1180.8522819726104,1180.8522819726104,0.0,-1180.8522819726104,1180.8522819726104,0.0,-63361.5996824738,63361.5996824738,0.0,0.0,17911.994501953126,17911.994501953126,0.0,0.0,3842.0757249766143,3842.0757249766143,0.0,-438703.3401948927,-438703.3401948927,65723.30424641902,65723.30424641902,65623.30424641902,0.0,100.0,0.0,0.0,65723.30424641902,43969.23401948928,1,0.0,100.0
3272,34735.63715464262,0.0,-347356.3715464262,0.0,10.0,0.0,-0.0,0.1,0.205542653,20.5542653,0.0,0.0,100.0,1.0,0.11,-11.0,-1225.645361042542,1225.645361042542,0.0,-1225.645361042542,1225.645361042542,0.0,-61906.826383564985,61906.826383564985,0.0,0.0,23745.545947265626,23745.545947265626,0.0,0.0,5776.934003741816,5776.934003741816,0.0,-347367.3715464262,-347367.3715464262,64358.11710565006,64358.11710565007,64258.11710565006,0.0,100.0,0.0,0.0,64358.11710565007,34835.63715464262,1,0.0,100.0
3273,29315.235712787733,0.0,-293152.3571278773,0.0,10.0,0.0,-0.0,0.1,0.210868218,21.0868218,0.0,0.0,100.0,1.0,0.11,-11.0,-1298.3408310590537,1298.3408310590537,0.0,-1298.3408310590537,1298.3408310590537,0.0,-63543.63264383496,63543.63264383496,0.0,0.0,29317.33546875,29317.33546875,0.0,0.0,7407.743124415342,7407.743124415342,0.0,-293163.3571278773,-293163.3571278773,66140.31430595307,66140.31430595307,66040.31430595307,0.0,100.0,0.0,0.0,66140.31430595307,29415.235712787726,1,0.0,100.0
3274,27147.483716762268,0.0,-271474.8371676227,0.0,10.0,0.0,-0.0,0.1,0.224082883,22.408288300000002,0.0,0.0,100.0,1.0,0.11,-11.0,-1406.7712096869116,1406.7712096869116,0.0,-1406.7712096869116,1406.7712096869116,0.0,-66096.78547304728,66096.78547304728,0.0,0.0,33094.18608398437,33094.18608398437,0.0,0.0,8568.658091674464,8568.658091674464,0.0,-271485.8371676227,-271485.8371676227,68910.3278924211,68910.3278924211,68810.3278924211,0.0,100.0,0.0,0.0,68910.3278924211,27247.483716762268,1,0.0,100.0
3275,26733.390986728526,0.0,-267333.9098672853,0.0,10.0,0.0,-0.0,0.1,0.2642845889999999,26.428458899999992,0.0,0.0,100.0,1.0,0.11,-11.0,-1438.158134117153,1438.158134117153,0.0,-1438.158134117153,1438.158134117153,0.0,-68387.14799406206,68387.14799406206,0.0,0.0,35225.67603515625,35225.67603515625,0.0,0.0,9204.3972404116,9204.3972404116,0.0,-267344.9098672853,-267344.9098672853,71263.46426229637,71263.46426229637,71163.46426229637,0.0,100.0,0.0,0.0,71263.46426229637,26833.390986728526,1,0.0,100.0
3276,33141.898307544834,0.0,-331418.9830754483,0.0,10.0,0.0,-0.0,0.1,0.276650975,27.6650975,0.0,0.0,100.0,1.0,0.11,-11.0,-1402.1559887641324,1402.1559887641324,0.0,-1402.1559887641324,1402.1559887641324,0.0,-75623.68419308953,75623.68419308953,0.0,0.0,35898.778125,35898.778125,0.0,0.0,9287.319738072969,9287.319738072969,0.0,-331429.9830754483,-331429.9830754483,78427.9961706178,78427.9961706178,78327.9961706178,0.0,100.0,0.0,0.0,78427.9961706178,33241.898307544834,1,0.0,100.0
3277,36010.92106946414,0.0,-360109.21069464134,0.0,10.0,0.0,-0.0,0.1,0.277824238,27.7824238,0.0,0.0,100.0,1.0,0.11,-11.0,-1384.5854943439997,1384.5854943439997,0.0,-1384.5854943439997,1384.5854943439997,0.0,-75806.14678105459,75806.14678105459,0.0,0.0,33729.89361328125,33729.89361328125,0.0,0.0,8734.503086997194,8734.503086997194,0.0,-360120.21069464134,-360120.21069464134,78575.31776974259,78575.31776974259,78475.31776974259,0.0,100.0,0.0,0.0,78575.31776974259,36110.92106946414,1,0.0,100.0
3278,38304.24744251673,0.0,-383042.4744251673,0.0,10.0,0.0,-0.0,0.1,0.283501727,28.350172699999998,0.0,0.0,100.0,1.0,0.08,-8.0,-1133.775894564394,1133.775894564394,0.0,-1133.775894564394,1133.775894564394,0.0,-72016.34575568492,72016.34575568492,0.0,0.0,28195.498652343747,28195.498652343747,0.0,0.0,7684.151449953229,7684.151449953229,0.0,-383050.4744251673,-383050.4744251673,74283.8975448137,74283.8975448137,74183.8975448137,0.0,100.0,0.0,0.0,74283.8975448137,38404.24744251673,1,0.0,100.0
3279,45145.269772527856,0.0,-451452.69772527856,0.0,10.0,0.0,-0.0,0.1,0.289243207,28.9243207,0.0,0.0,100.0,1.0,0.08,-8.0,-909.2031511618266,909.2031511618266,0.0,-909.2031511618266,909.2031511618266,0.0,-70850.38697631023,70850.38697631023,0.0,0.0,21314.899511718748,21314.899511718748,0.0,0.0,6108.623994387279,6108.623994387279,0.0,-451460.69772527856,-451460.69772527856,72668.79327863388,72668.79327863388,72568.79327863388,0.0,100.0,0.0,0.0,72668.79327863388,45245.269772527856,1,0.0,100.0
3280,40227.78832099799,0.0,-402277.8832099799,0.0,10.0,0.0,-0.0,0.1,0.310994895,31.0994895,0.0,0.0,100.0,1.0,0.08,-8.0,-664.2282760311151,664.2282760311151,0.0,-664.2282760311151,664.2282760311151,0.0,-58260.99248950916,58260.99248950916,0.0,0.0,15032.613339843749,15032.613339843749,0.0,0.0,4229.047380729655,4229.047380729655,0.0,-402285.8832099799,-402285.8832099799,59589.449041571395,59589.44904157139,59489.449041571395,0.0,100.0,0.0,0.0,59589.44904157139,40327.788320997985,1,0.0,100.0
3281,33324.434024662216,0.0,-333244.34024662216,0.0,10.0,0.0,-0.0,0.1,0.332395293,33.2395293,0.0,0.0,100.0,1.0,0.11,-11.0,-639.3820165026962,639.3820165026962,0.0,-639.3820165026962,639.3820165026962,0.0,-42265.07597591123,42265.07597591123,0.0,0.0,7852.85771484375,7852.85771484375,0.0,0.0,2266.5482694106645,2266.5482694106645,0.0,-333255.34024662216,-333255.34024662216,43543.84000891663,43543.840008916624,43443.84000891663,0.0,100.0,0.0,0.0,43543.840008916624,33424.43402466221,1,0.0,100.0
3282,40116.530228800126,0.0,-401165.3022880013,0.0,10.0,0.0,-0.0,0.1,0.344734315,34.473431500000004,0.0,0.0,100.0,1.0,0.11,-11.0,-613.5732094649702,613.5732094649702,0.0,-613.5732094649702,613.5732094649702,0.0,-41304.63748036575,41304.63748036575,0.0,0.0,1458.387861328125,1458.387861328125,0.0,0.0,856.8658091674463,856.8658091674463,0.0,-401176.3022880013,-401176.3022880013,42531.7838992957,42531.7838992957,42431.7838992957,0.0,100.0,0.0,0.0,42531.7838992957,40216.530228800126,1,0.0,100.0
3283,36029.62642425943,0.0,-360296.26424259436,0.0,10.0,0.0,-0.0,0.1,0.356509226,35.6509226,0.0,0.0,100.0,1.0,0.11,-11.0,-640.207130507845,640.207130507845,0.0,-640.207130507845,640.207130507845,0.0,-34849.21216324374,34849.21216324374,0.0,0.0,0.0,0.0,0.0,0.0,0.0,0.0,0.0,-360307.26424259436,-360307.26424259436,36129.62642425943,36129.62642425943,36029.62642425943,0.0,100.0,0.0,0.0,36129.62642425943,36129.62642425943,1,0.0,100.0
3284,33739.911624523294,0.0,-337399.11624523293,0.0,10.0,0.0,-0.0,0.1,0.349291256,34.9291256,0.0,0.0,100.0,1.0,0.11,-11.0,-233.86885123248425,233.86885123248425,0.0,-233.86885123248425,233.86885123248425,0.0,-33372.173922058326,33372.173922058326,0.0,0.0,0.0,0.0,0.0,0.0,0.0,0.0,0.0,-337410.11624523293,-337410.11624523293,33839.911624523294,33839.911624523294,33739.911624523294,0.0,100.0,0.0,0.0,33839.911624523294,33839.911624523294,1,0.0,100.0
3285,21488.558568274475,0.0,-214885.58568274474,0.0,10.0,0.0,-0.0,0.1,0.344526094,34.4526094,0.0,0.0,100.0,1.0,0.11,-11.0,-233.27563444511543,233.27563444511543,0.0,-233.27563444511543,233.27563444511543,0.0,-21122.007299384244,21122.007299384244,0.0,0.0,0.0,0.0,0.0,0.0,0.0,0.0,0.0,-214896.58568274474,-214896.58568274474,21588.558568274475,21588.558568274475,21488.558568274475,0.0,100.0,0.0,0.0,21588.558568274475,21588.558568274475,1,0.0,100.0
3286,18509.951268177847,0.0,-185099.51268177846,0.0,10.0,0.0,-0.0,0.1,0.3469142229999999,34.69142229999999,0.0,0.0,100.0,1.0,0.11,-11.0,-236.26116288384256,236.26116288384256,0.0,-236.26116288384256,236.26116288384256,0.0,-18137.428942410163,18137.428942410163,0.0,0.0,0.0,0.0,0.0,0.0,0.0,0.0,0.0,-185110.51268177846,-185110.51268177846,18609.951268177847,18609.951268177847,18509.951268177847,0.0,100.0,0.0,0.0,18609.951268177847,18609.951268177847,1,0.0,100.0
3287,17765.097833733933,0.0,-177650.97833733933,0.0,10.0,0.0,-0.0,0.1,0.346246556,34.6246556,0.0,0.0,100.0,1.0,0.11,-11.0,-233.30963093161668,233.30963093161668,0.0,-233.30963093161668,233.30963093161668,0.0,-17398.4785718707,17398.4785718707,0.0,0.0,0.0,0.0,0.0,0.0,0.0,0.0,0.0,-177661.97833733933,-177661.97833733933,17865.097833733933,17865.097833733933,17765.097833733933,0.0,100.0,0.0,0.0,17865.097833733933,17865.097833733933,1,0.0,100.0
3288,17765.049948543696,0.0,-177650.49948543694,0.0,10.0,0.0,-0.0,0.1,0.349065523,34.9065523,0.0,0.0,100.0,1.0,0.08,-8.0,-233.2857790260436,233.2857790260436,0.0,-233.2857790260436,233.2857790260436,0.0,-17398.478390491608,17398.478390491608,0.0,0.0,0.0,0.0,0.0,0.0,0.0,0.0,0.0,-177658.49948543694,-177658.49948543694,17865.049948543696,17865.049948543696,17765.049948543696,0.0,100.0,0.0,0.0,17865.049948543696,17865.049948543696,1,0.0,100.0
3289,17765.01089644068,0.0,-177650.1089644068,0.0,10.0,0.0,-0.0,0.1,0.35809568,35.809568000000006,0.0,0.0,100.0,1.0,0.08,-8.0,-233.2662529745352,233.2662529745352,0.0,-233.2662529745352,233.2662529745352,0.0,-17398.478390491608,17398.478390491608,0.0,0.0,0.0,0.0,0.0,0.0,0.0,0.0,0.0,-177658.1089644068,-177658.1089644068,17865.01089644068,17865.01089644068,17765.01089644068,0.0,100.0,0.0,0.0,17865.01089644068,17865.01089644068,1,0.0,100.0
3290,17765.010998932277,0.0,-177650.10998932278,0.0,10.0,0.0,-0.0,0.1,0.362658365,36.2658365,0.0,0.0,100.0,1.0,0.08,-8.0,-233.2663072433213,233.2663072433213,0.0,-233.2663072433213,233.2663072433213,0.0,-17398.478384445636,17398.478384445636,0.0,0.0,0.0,0.0,0.0,0.0,0.0,0.0,0.0,-177658.10998932278,-177658.10998932278,17865.010998932277,17865.010998932277,17765.010998932277,0.0,100.0,0.0,0.0,17865.010998932277,17865.010998932277,1,0.0,100.0
3291,18506.029746387198,0.0,-185060.29746387198,0.0,10.0,0.0,-0.0,0.1,0.35439274,35.439274,0.0,0.0,100.0,1.0,0.08,-8.0,-234.3004957010496,234.3004957010496,0.0,-234.3004957010496,234.3004957010496,0.0,-18137.4287549851,18137.4287549851,0.0,0.0,0.0,0.0,0.0,0.0,0.0,0.0,0.0,-185068.29746387198,-185068.29746387198,18606.029746387198,18606.029746387198,18506.029746387198,0.0,100.0,0.0,0.0,18606.029746387198,18606.029746387198,1,0.0,100.0
3292,19424.353675482573,0.0,-194243.53675482573,0.0,10.0,0.0,-0.0,0.1,0.3481655429999999,34.81655429999999,0.0,0.0,100.0,1.0,0.08,-8.0,-234.22492187654305,234.22492187654305,0.0,-234.22492187654305,234.22492187654305,0.0,-19055.903831729487,19055.903831729487,0.0,0.0,0.0,0.0,0.0,0.0,0.0,0.0,0.0,-194251.53675482573,-194251.53675482573,19524.353675482573,19524.353675482573,19424.353675482573,0.0,100.0,0.0,0.0,19524.353675482573,19524.353675482573,1,0.0,100.0
3293,19611.442058350316,0.0,-196114.42058350315,0.0,10.0,0.0,-0.0,0.1,0.320540345,32.0540345,0.0,0.0,100.0,1.0,0.11,-11.0,-340.51950991535944,340.51950991535944,0.0,-340.51950991535944,340.51950991535944,0.0,-22787.777817208065,22787.777817208065,0.0,0.0,3066.35396484375,3066.35396484375,0.0,0.0,691.0208138447148,691.0208138447148,0.0,-196125.42058350315,-196125.42058350315,23468.81683703878,23468.816837038783,23368.81683703878,0.0,100.0,0.0,0.0,23468.816837038783,19711.44205835032,1,0.0,100.0
3294,22390.546998827373,0.0,-223905.46998827372,0.0,10.0,0.0,-0.0,0.1,0.294217264,29.421726399999997,0.0,0.0,100.0,1.0,0.11,-11.0,-592.153302427845,592.153302427845,0.0,-592.153302427845,592.153302427845,0.0,-30983.39305736548,30983.39305736548,0.0,0.0,7852.85771484375,7852.85771484375,0.0,0.0,1824.2949485500471,1824.2949485500471,0.0,-223916.46998827372,-223916.46998827372,32167.69966222117,32167.69966222117,32067.69966222117,0.0,100.0,0.0,0.0,32167.69966222117,22490.546998827373,1,0.0,100.0
3295,45381.20591140459,0.0,-453812.05911404593,0.0,10.0,0.0,-0.0,0.1,0.271189771,27.118977100000002,0.0,0.0,100.0,1.0,0.11,-11.0,-811.3015019895175,811.3015019895175,0.0,-811.3015019895175,811.3015019895175,0.0,-63360.86612497518,63360.86612497518,0.0,0.0,15743.109990234374,15743.109990234374,0.0,0.0,3759.153227315248,3759.153227315248,0.0,-453823.05911404593,-453823.05911404593,64983.46912895421,64983.46912895422,64883.46912895421,0.0,100.0,0.0,0.0,64983.46912895422,45481.2059114046,1,0.0,100.0
3296,34443.60707083589,0.0,-344436.0707083589,0.0,10.0,0.0,-0.0,0.1,0.253122796,25.312279599999997,0.0,0.0,100.0,1.0,0.11,-11.0,-821.9453319001951,821.9453319001951,0.0,-821.9453319001951,821.9453319001951,0.0,-61142.64792288158,61142.64792288158,0.0,0.0,22548.920009765625,22548.920009765625,0.0,0.0,5694.01150608045,5694.01150608045,0.0,-344447.0707083589,-344447.0707083589,62786.53858668196,62786.53858668197,62686.53858668196,0.0,100.0,0.0,0.0,62786.53858668197,34543.6070708359,1,0.0,100.0
3297,35800.32040114002,0.0,-358003.20401140023,0.0,10.0,0.0,-0.0,0.1,0.244703842,24.4703842,0.0,0.0,100.0,1.0,0.11,-11.0,-857.8791328929609,857.8791328929609,0.0,-857.8791328929609,857.8791328929609,0.0,-58185.98937011096,58185.98937011096,0.0,0.0,11480.130087890624,11480.130087890624,0.0,0.0,12521.297146866233,12521.297146866233,0.0,-358014.20401140023,-358014.20401140023,59901.74763589688,59901.747635896885,59801.74763589688,0.0,100.0,0.0,0.0,59901.747635896885,35900.32040114003,1,0.0,100.0
3298,30422.405788034328,0.0,-304224.0578803433,0.0,10.0,0.0,-0.0,0.1,0.236658802,23.6658802,0.0,0.0,100.0,1.0,0.11,-11.0,-927.4146913292328,927.4146913292328,0.0,-927.4146913292328,927.4146913292328,0.0,-58185.70121315109,58185.70121315109,0.0,0.0,13237.67443359375,13237.67443359375,0.0,0.0,16280.45037418148,16280.45037418148,0.0,-304235.0578803433,-304235.0578803433,60040.530595809556,60040.530595809556,59940.530595809556,0.0,100.0,0.0,0.0,60040.530595809556,30522.405788034324,1,0.0,100.0
3299,32218.388005614357,0.0,-322183.88005614356,0.0,10.0,0.0,-0.0,0.1,0.238494566,23.8494566,0.0,0.0,100.0,1.0,0.11,-11.0,-973.403887500278,973.403887500278,0.0,-973.403887500278,973.403887500278,0.0,-60470.32061921991,60470.32061921991,0.0,0.0,10059.136787109375,10059.136787109375,0.0,0.0,20039.60360149673,20039.60360149673,0.0,-322194.88005614356,-322194.88005614356,62417.12839422046,62417.12839422046,62317.12839422046,0.0,100.0,0.0,0.0,62417.12839422046,32318.388005614357,1,0.0,100.0
3300,32296.71881028452,0.0,-322967.1881028452,0.0,10.0,0.0,-0.0,0.1,0.254784635,25.478463499999997,0.0,0.0,100.0,1.0,0.11,-11.0,-982.4566950981704,982.4566950981704,0.0,-982.4566950981704,982.4566950981704,0.0,-59899.60447535303,59899.60447535303,0.0,0.0,11667.102890625,11667.102890625,0.0,0.0,17800.696164639852,17800.696164639852,0.0,-322978.1881028452,-322978.1881028452,61864.51786554937,61864.51786554937,61764.51786554937,0.0,100.0,0.0,0.0,61864.51786554937,32396.71881028452,1,0.0,100.0
3301,31690.36483279304,0.0,-316903.64832793036,0.0,10.0,0.0,-0.0,0.1,0.2867802319999999,28.67802319999999,0.0,0.0,100.0,1.0,0.11,-11.0,-1009.4683181056748,1009.4683181056748,0.0,-1009.4683181056748,1009.4683181056748,0.0,-58195.5783565863,58195.5783565863,0.0,0.0,7665.884912109374,7665.884912109374,0.0,0.0,20758.26524789524,20758.26524789524,0.0,-316914.64832793036,-316914.64832793036,60214.51499279765,60214.51499279765,60114.51499279765,0.0,100.0,0.0,0.0,60214.51499279765,31790.36483279304,1,0.0,100.0
3302,33717.55765400853,0.0,-337175.5765400853,0.0,10.0,0.0,-0.0,0.1,0.316883116,31.688311600000002,0.0,0.0,100.0,1.0,0.08,-8.0,-1004.6189828111388,1004.6189828111388,0.0,-1004.6189828111388,1004.6189828111388,0.0,-58221.07561934539,58221.07561934539,0.0,0.0,10021.7422265625,10021.7422265625,0.0,0.0,16391.013704396635,16391.013704396635,0.0,-337183.5765400853,-337183.5765400853,60230.31358496766,60230.31358496767,60130.31358496766,0.0,100.0,0.0,0.0,60230.31358496767,33817.55765400853,1,0.0,100.0
3303,39418.21285335558,0.0,-394182.1285335558,0.0,10.0,0.0,-0.0,0.1,0.334557998,33.4557998,0.0,0.0,100.0,1.0,0.08,-8.0,-943.5948721695836,943.5948721695836,0.0,-943.5948721695836,943.5948721695836,0.0,-61198.42525780106,61198.42525780106,0.0,0.0,9498.21837890625,9498.21837890625,0.0,0.0,14069.183769878391,14069.183769878391,0.0,-394190.1285335558,-394190.1285335558,63085.61500214022,63085.61500214022,62985.61500214022,0.0,100.0,0.0,0.0,63085.61500214022,39518.21285335558,1,0.0,100.0
3304,38949.694292818196,0.0,-389496.94292818196,0.0,10.0,0.0,-0.0,0.1,0.342999364,34.2999364,0.0,0.0,100.0,1.0,0.08,-8.0,-700.0869580613435,700.0869580613435,0.0,-700.0869580613435,700.0869580613435,0.0,-54318.24656365287,54318.24656365287,0.0,0.0,6469.258974609375,6469.258974609375,0.0,0.0,10199.46721234799,10199.46721234799,0.0,-389504.94292818196,-389504.94292818196,55718.42047977557,55718.42047977556,55618.42047977557,0.0,100.0,0.0,0.0,55718.42047977556,39049.694292818196,1,0.0,100.0
3305,35521.18169912142,0.0,-355211.81699121423,0.0,10.0,0.0,-0.0,0.1,0.352521432,35.2521432,0.0,0.0,100.0,1.0,0.11,-11.0,-679.2991702465638,679.2991702465638,0.0,-679.2991702465638,679.2991702465638,0.0,-43029.43023525438,43029.43023525438,0.0,0.0,3515.08869140625,3515.08869140625,0.0,0.0,5251.758185219833,5251.758185219833,0.0,-355222.81699121423,-355222.81699121423,44388.02857574751,44388.02857574751,44288.02857574751,0.0,100.0,0.0,0.0,44388.02857574751,35621.18169912142,1,0.0,100.0
3306,44571.6991980783,0.0,-445716.991980783,0.0,10.0,0.0,-0.0,0.1,0.357534197,35.7534197,0.0,0.0,100.0,1.0,0.11,-11.0,-659.4971709567048,659.4971709567048,0.0,-659.4971709567048,659.4971709567048,0.0,-45884.22413281436,45884.22413281436,0.0,0.0,1121.83681640625,1121.83681640625,0.0,0.0,1409.6824602432182,1409.6824602432182,0.0,-445727.991980783,-445727.991980783,47203.218474727764,47203.218474727764,47103.218474727764,0.0,100.0,0.0,0.0,47203.218474727764,44671.6991980783,1,0.0,100.0
3307,41341.52922173074,0.0,-413415.29221730743,0.0,10.0,0.0,-0.0,0.1,0.359327257,35.9327257,0.0,0.0,100.0,1.0,0.11,-11.0,-664.8294411244826,664.8294411244826,0.0,-664.8294411244826,664.8294411244826,0.0,-40111.87033948178,40111.87033948178,0.0,0.0,0.0,0.0,0.0,0.0,0.0,0.0,0.0,-413426.29221730743,-413426.29221730743,41441.52922173074,41441.52922173074,41341.52922173074,0.0,100.0,0.0,0.0,41441.52922173074,41441.52922173074,1,0.0,100.0
3308,40117.33705014014,0.0,-401173.37050140137,0.0,10.0,0.0,-0.0,0.1,0.3549371129999999,35.493711299999994,0.0,0.0,100.0,1.0,0.11,-11.0,-233.89403441790927,233.89403441790927,0.0,-233.89403441790927,233.89403441790927,0.0,-39749.54898130432,39749.54898130432,0.0,0.0,0.0,0.0,0.0,0.0,0.0,0.0,0.0,-401184.37050140137,-401184.37050140137,40217.33705014014,40217.33705014014,40117.33705014014,0.0,100.0,0.0,0.0,40217.33705014014,40217.33705014014,1,0.0,100.0
3309,21488.436490833406,0.0,-214884.36490833407,0.0,10.0,0.0,-0.0,0.1,0.350427982,35.0427982,0.0,0.0,100.0,1.0,0.11,-11.0,-233.21468641412363,233.21468641412363,0.0,-233.21468641412363,233.21468641412363,0.0,-21122.00711800516,21122.00711800516,0.0,0.0,0.0,0.0,0.0,0.0,0.0,0.0,0.0,-214895.36490833407,-214895.36490833407,21588.436490833406,21588.436490833406,21488.436490833406,0.0,100.0,0.0,0.0,21588.436490833406,21588.436490833406,1,0.0,100.0
3310,18509.80511717421,0.0,-185098.05117174212,0.0,10.0,0.0,-0.0,0.1,0.347779207,34.777920699999996,0.0,0.0,100.0,1.0,0.11,-11.0,-236.1881750485861,236.1881750485861,0.0,-236.1881750485861,236.1881750485861,0.0,-18137.42876707704,18137.42876707704,0.0,0.0,0.0,0.0,0.0,0.0,0.0,0.0,0.0,-185109.05117174212,-185109.05117174212,18609.80511717421,18609.80511717421,18509.80511717421,0.0,100.0,0.0,0.0,18609.80511717421,18609.80511717421,1,0.0,100.0
3311,17764.86904279184,0.0,-177648.6904279184,0.0,10.0,0.0,-0.0,0.1,0.347995701,34.7995701,0.0,0.0,100.0,1.0,0.11,-11.0,-233.1953231271318,233.1953231271318,0.0,-233.1953231271318,233.1953231271318,0.0,-17398.47839653758,17398.47839653758,0.0,0.0,0.0,0.0,0.0,0.0,0.0,0.0,0.0,-177659.6904279184,-177659.6904279184,17864.86904279184,17864.86904279184,17764.86904279184,0.0,100.0,0.0,0.0,17864.86904279184,17864.86904279184,1,0.0,100.0
3312,17764.736614845697,0.0,-177647.36614845696,0.0,10.0,0.0,-0.0,0.1,0.352527385,35.2527385,0.0,0.0,100.0,1.0,0.08,-8.0,-233.12920286658905,233.12920286658905,0.0,-233.12920286658905,233.12920286658905,0.0,-17398.47820911252,17398.47820911252,0.0,0.0,0.0,0.0,0.0,0.0,0.0,0.0,0.0,-177655.36614845696,-177655.36614845696,17864.736614845697,17864.736614845697,17764.736614845697,0.0,100.0,0.0,0.0,17864.736614845697,17864.736614845697,1,0.0,100.0
3313,17764.59735553371,0.0,-177645.9735553371,0.0,10.0,0.0,-0.0,0.1,0.348923266,34.892326600000004,0.0,0.0,100.0,1.0,0.08,-8.0,-233.05957321059657,233.05957321059657,0.0,-233.05957321059657,233.05957321059657,0.0,-17398.47820911252,17398.47820911252,0.0,0.0,0.0,0.0,0.0,0.0,0.0,0.0,0.0,-177653.9735553371,-177653.9735553371,17864.59735553371,17864.59735553371,17764.59735553371,0.0,100.0,0.0,0.0,17864.59735553371,17864.59735553371,1,0.0,100.0
3314,17764.469521851617,0.0,-177644.69521851616,0.0,10.0,0.0,-0.0,0.1,0.3552770979999999,35.52770979999999,0.0,0.0,100.0,1.0,0.08,-8.0,-232.9956593925353,232.9956593925353,0.0,-232.9956593925353,232.9956593925353,0.0,-17398.47820306655,17398.47820306655,0.0,0.0,0.0,0.0,0.0,0.0,0.0,0.0,0.0,-177652.69521851616,-177652.69521851616,17864.469521851617,17864.469521851617,17764.469521851617,0.0,100.0,0.0,0.0,17864.469521851617,17864.469521851617,1,0.0,100.0
3315,18512.925962514262,0.0,-185129.25962514261,0.0,10.0,0.0,-0.0,0.1,0.368143269,36.8143269,0.0,0.0,100.0,1.0,0.08,-8.0,-237.7486944541277,237.7486944541277,0.0,-237.7486944541277,237.7486944541277,0.0,-18137.42857360601,18137.42857360601,0.0,0.0,0.0,0.0,0.0,0.0,0.0,0.0,0.0,-185137.25962514261,-185137.25962514261,18612.925962514262,18612.925962514262,18512.925962514262,0.0,100.0,0.0,0.0,18612.925962514262,18612.925962514262,1,0.0,100.0
3316,19429.829838863596,0.0,-194298.29838863597,0.0,10.0,0.0,-0.0,0.1,0.352614262,35.2614262,0.0,0.0,100.0,1.0,0.08,-8.0,-236.963148670328,236.963148670328,0.0,-236.963148670328,236.963148670328,0.0,-19055.90354152294,19055.90354152294,0.0,0.0,0.0,0.0,0.0,0.0,0.0,0.0,0.0,-194306.29838863597,-194306.29838863597,19529.829838863596,19529.829838863596,19429.829838863596,0.0,100.0,0.0,0.0,19529.829838863596,19529.829838863596,1,0.0,100.0
3317,18751.95404259828,0.0,-187519.54042598282,0.0,10.0,0.0,-0.0,0.1,0.34113183,34.113183,0.0,0.0,100.0,1.0,0.11,-11.0,-266.1087897236311,266.1087897236311,0.0,-266.1087897236311,266.1087897236311,0.0,-22792.500565946782,22792.500565946782,0.0,0.0,3477.694130859375,3477.694130859375,0.0,0.0,995.0699719363892,995.0699719363892,0.0,-187530.54042598282,-187530.54042598282,23324.718145394047,23324.718145394043,23224.718145394047,0.0,100.0,0.0,0.0,23324.718145394043,18851.954042598278,1,0.0,100.0
3318,24306.376713723534,0.0,-243063.76713723532,0.0,10.0,0.0,-0.0,0.1,0.313954138,31.3954138,0.0,0.0,100.0,1.0,0.11,-11.0,-536.702832526972,536.702832526972,0.0,-536.702832526972,536.702832526972,0.0,-34371.132390661965,34371.132390661965,0.0,0.0,5758.76232421875,5758.76232421875,0.0,0.0,5279.399017773621,5279.399017773621,0.0,-243074.76713723532,-243074.76713723532,35444.53805571591,35444.53805571591,35344.53805571591,0.0,100.0,0.0,0.0,35444.53805571591,24406.376713723537,1,0.0,100.0
3319,58882.15825509465,0.0,-588821.5825509465,0.0,10.0,0.0,-0.0,0.1,0.290712508,29.071250799999998,0.0,0.0,100.0,1.0,0.11,-11.0,-772.0220943503066,772.0220943503066,0.0,-772.0220943503066,772.0220943503066,0.0,-75378.31855082567,75378.31855082567,0.0,0.0,6469.258974609375,6469.258974609375,0.0,0.0,11470.945509822266,11470.945509822266,0.0,-588832.5825509465,-588832.5825509465,76922.36273952629,76922.36273952629,76822.36273952629,0.0,100.0,0.0,0.0,76922.36273952629,58982.15825509465,1,0.0,100.0
3320,60552.55843048851,0.0,-605525.5843048851,0.0,10.0,0.0,-0.0,0.1,0.269601488,26.9601488,0.0,0.0,100.0,1.0,0.11,-11.0,-831.785883774431,831.785883774431,0.0,-831.785883774431,831.785883774431,0.0,-86203.29511851839,86203.29511851839,0.0,0.0,10657.449755859374,10657.449755859374,0.0,0.0,16556.858699719367,16556.858699719367,0.0,-605536.5843048851,-605536.5843048851,87866.86688606726,87866.86688606725,87766.86688606726,0.0,100.0,0.0,0.0,87866.86688606725,60652.558430488505,1,0.0,100.0
3321,60362.40066321028,0.0,-603624.0066321029,0.0,10.0,0.0,-0.0,0.1,0.258352304,25.835230399999997,0.0,0.0,100.0,1.0,0.11,-11.0,-893.9590353326244,893.9590353326244,0.0,-893.9590353326244,893.9590353326244,0.0,-87874.19641548119,87874.19641548119,0.0,0.0,7778.06859375,7778.06859375,0.0,0.0,21421.64522918616,21421.64522918616,0.0,-603635.0066321029,-603635.0066321029,89662.11448614644,89662.11448614644,89562.11448614644,0.0,100.0,0.0,0.0,89662.11448614644,60462.40066321028,1,0.0,100.0
3322,55285.724140758015,0.0,-552857.2414075802,0.0,10.0,0.0,-0.0,0.1,0.243223646,24.3223646,0.0,0.0,100.0,1.0,0.11,-11.0,-962.8572480900554,962.8572480900554,0.0,-962.8572480900554,962.8572480900554,0.0,-89587.66061332061,89587.66061332061,0.0,0.0,10919.2116796875,10919.2116796875,0.0,0.0,25208.4392890552,25208.4392890552,0.0,-552868.2414075802,-552868.2414075802,91513.37510950072,91513.37510950072,91413.37510950072,0.0,100.0,0.0,0.0,91513.37510950072,55385.724140758015,1,0.0,100.0
3323,42631.27300435172,0.0,-426312.7300435172,0.0,10.0,0.0,-0.0,0.1,0.236979656,23.6979656,0.0,0.0,100.0,1.0,0.11,-11.0,-1023.4448485663602,1023.4448485663602,0.0,-1023.4448485663602,1023.4448485663602,0.0,-86809.47123114215,86809.47123114215,0.0,0.0,19258.198681640624,19258.198681640624,0.0,0.0,26866.889242282512,26866.889242282512,0.0,-426323.7300435172,-426323.7300435172,88856.36092827487,88856.36092827487,88756.36092827487,0.0,100.0,0.0,0.0,88856.36092827487,42731.27300435173,1,0.0,100.0
3324,51340.6232025747,0.0,-513406.232025747,0.0,10.0,0.0,-0.0,0.1,0.256297628,25.6297628,0.0,0.0,100.0,1.0,0.11,-11.0,-1029.4713792731432,1029.4713792731432,0.0,-1029.4713792731432,1029.4713792731432,0.0,-89242.36930063725,89242.36930063725,0.0,0.0,12938.517949218747,12938.517949218747,0.0,0.0,26922.17090739009,26922.17090739009,0.0,-513417.232025747,-513417.232025747,91301.31205918355,91301.31205918353,91201.31205918355,0.0,100.0,0.0,0.0,91301.31205918353,51440.623202574694,1,0.0,100.0
3325,54522.45009445732,0.0,-545224.5009445732,0.0,10.0,0.0,-0.0,0.1,0.299893189,29.9893189,0.0,0.0,100.0,1.0,0.11,-11.0,-1053.4226335456244,1053.4226335456244,0.0,-1053.4226335456244,1053.4226335456244,0.0,-88711.43703373958,88711.43703373958,0.0,0.0,13088.09619140625,13088.09619140625,0.0,0.0,23107.736014967264,23107.736014967264,0.0,-545235.5009445732,-545235.5009445732,90818.28230083083,90818.28230083083,90718.28230083083,0.0,100.0,0.0,0.0,90818.28230083083,54622.45009445732,1,0.0,100.0
3326,62847.897084978016,0.0,-628478.9708497801,0.0,10.0,0.0,-0.0,0.1,0.3366330079999999,33.66330079999999,0.0,0.0,100.0,1.0,0.08,-8.0,-1061.257041203507,1061.257041203507,0.0,-1061.257041203507,1061.257041203507,0.0,-89008.99390447992,89008.99390447992,0.0,0.0,5683.973203125,5683.973203125,0.0,0.0,22499.63769878392,22499.63769878392,0.0,-628486.9708497801,-628486.9708497801,91131.50798688694,91131.50798688694,91031.50798688694,0.0,100.0,0.0,0.0,91131.50798688694,62947.897084978016,0,0.0,100.0
3327,73540.11163379459,0.0,-735401.1163379459,0.0,10.0,0.0,-0.0,0.1,0.335619981,33.561998100000004,0.0,0.0,100.0,1.0,0.08,-8.0,-1013.8885956740472,1013.8885956740472,0.0,-1013.8885956740472,1013.8885956740472,0.0,-92941.08210989636,92941.08210989636,0.0,0.0,4412.55814453125,4412.55814453125,0.0,0.0,16916.18952291862,16916.18952291862,0.0,-735409.1163379459,-735409.1163379459,94968.85930124446,94968.85930124446,94868.85930124446,0.0,100.0,0.0,0.0,94968.85930124446,73640.11163379459,0,0.0,100.0
3328,73197.45524226324,0.0,-731974.5524226325,0.0,10.0,0.0,-0.0,0.1,0.350665656,35.0665656,0.0,0.0,100.0,1.0,0.08,-8.0,-781.9470247725608,781.9470247725608,0.0,-781.9470247725608,781.9470247725608,0.0,-86407.4444787276,86407.4444787276,0.0,0.0,2954.170283203125,2954.170283203125,0.0,0.0,11719.713002806362,11719.713002806362,0.0,-731982.5524226325,-731982.5524226325,87971.33852827272,87971.33852827272,87871.33852827272,0.0,100.0,0.0,0.0,87971.33852827272,73297.45524226324,0,0.0,100.0
3329,63746.40861509341,0.0,-637464.0861509341,0.0,10.0,0.0,-0.0,0.1,0.3701405989999999,37.01405989999999,0.0,0.0,100.0,1.0,0.11,-11.0,-765.4646132378892,765.4646132378892,0.0,-765.4646132378892,765.4646132378892,0.0,-73901.62794684962,73901.62794684962,0.0,0.0,4786.50375,4786.50375,0.0,0.0,6799.644808231994,6799.644808231994,0.0,-637475.0861509341,-637475.0861509341,75432.5571733254,75432.5571733254,75332.5571733254,0.0,100.0,0.0,0.0,75432.5571733254,63846.40861509341,1,0.0,100.0
3330,70943.09909571876,0.0,-709430.9909571876,0.0,10.0,0.0,-0.0,0.1,0.370770992,37.0770992,0.0,0.0,100.0,1.0,0.11,-11.0,-724.9403285999407,724.9403285999407,0.0,-724.9403285999407,724.9403285999407,0.0,-73277.48768641958,73277.48768641958,0.0,0.0,1832.333466796875,1832.333466796875,0.0,0.0,1851.935781103836,1851.935781103836,0.0,-709441.9909571876,-709441.9909571876,74727.36834361947,74727.36834361947,74627.36834361947,0.0,100.0,0.0,0.0,74727.36834361947,71043.09909571876,1,0.0,100.0
3331,68105.10476580437,0.0,-681051.0476580437,0.0,10.0,0.0,-0.0,0.1,0.3614179,36.14179,0.0,0.0,100.0,1.0,0.11,-11.0,-688.1276347831259,688.1276347831259,0.0,-688.1276347831259,688.1276347831259,0.0,-66828.84949623812,66828.84949623812,0.0,0.0,0.0,0.0,0.0,0.0,0.0,0.0,0.0,-681062.0476580437,-681062.0476580437,68205.10476580437,68205.10476580437,68105.10476580437,0.0,100.0,0.0,0.0,68205.10476580437,68205.10476580437,1,0.0,100.0
3332,64603.28263652313,0.0,-646032.8263652313,0.0,10.0,0.0,-0.0,0.1,0.3595369,35.95369,0.0,0.0,100.0,1.0,0.11,-11.0,-233.18942276695927,233.18942276695927,0.0,-233.18942276695927,233.18942276695927,0.0,-64236.903790989214,64236.903790989214,0.0,0.0,0.0,0.0,0.0,0.0,0.0,0.0,0.0,-646043.8263652313,-646043.8263652313,64703.28263652313,64703.28263652313,64603.28263652313,0.0,100.0,0.0,0.0,64703.28263652313,64703.28263652313,1,0.0,100.0
3333,21488.543761776695,0.0,-214885.43761776696,0.0,10.0,0.0,-0.0,0.1,0.354872227,35.4872227,0.0,0.0,100.0,1.0,0.11,-11.0,-233.2684186212831,233.2684186212831,0.0,-233.2684186212831,233.2684186212831,0.0,-21122.00692453413,21122.00692453413,0.0,0.0,0.0,0.0,0.0,0.0,0.0,0.0,0.0,-214896.43761776696,-214896.43761776696,21588.543761776695,21588.543761776695,21488.543761776695,0.0,100.0,0.0,0.0,21588.543761776695,21588.543761776695,1,0.0,100.0
3334,18509.96419131426,0.0,-185099.64191314258,0.0,10.0,0.0,-0.0,0.1,0.353538089,35.3538089,0.0,0.0,100.0,1.0,0.11,-11.0,-236.26781187710776,236.26781187710776,0.0,-236.26781187710776,236.26781187710776,0.0,-18137.428567560044,18137.428567560044,0.0,0.0,0.0,0.0,0.0,0.0,0.0,0.0,0.0,-185110.64191314258,-185110.64191314258,18609.96419131426,18609.96419131426,18509.96419131426,0.0,100.0,0.0,0.0,18609.96419131426,18609.96419131426,1,0.0,100.0
3335,17764.979229082106,0.0,-177649.79229082106,0.0,10.0,0.0,-0.0,0.1,0.3456586889999999,34.56586889999999,0.0,0.0,100.0,1.0,0.11,-11.0,-233.2505160307627,233.2505160307627,0.0,-233.2505160307627,233.2505160307627,0.0,-17398.47819702058,17398.47819702058,0.0,0.0,0.0,0.0,0.0,0.0,0.0,0.0,0.0,-177660.79229082106,-177660.79229082106,17864.979229082106,17864.979229082106,17764.979229082106,0.0,100.0,0.0,0.0,17864.979229082106,17864.979229082106,1,0.0,100.0
3336,14751.39941814307,0.0,-147513.9941814307,0.0,10.0,0.0,-0.0,0.1,0.349845321,34.984532099999996,0.0,0.0,100.0,1.0,0.08,-8.0,-233.1383141229667,233.1383141229667,0.0,-233.1383141229667,233.1383141229667,0.0,-14385.122789897136,14385.122789897136,0.0,0.0,0.0,0.0,0.0,0.0,0.0,0.0,0.0,-147521.9941814307,-147521.9941814307,14851.39941814307,14851.39941814307,14751.39941814307,0.0,100.0,0.0,0.0,14851.39941814307,14851.39941814307,1,0.0,100.0
3337,14751.256834983167,0.0,-147512.56834983168,0.0,10.0,0.0,-0.0,0.1,0.354638967,35.4638967,0.0,0.0,100.0,1.0,0.08,-8.0,-233.06702556600013,233.06702556600013,0.0,-233.06702556600013,233.06702556600013,0.0,-14385.122783851168,14385.122783851168,0.0,0.0,0.0,0.0,0.0,0.0,0.0,0.0,0.0,-147520.56834983168,-147520.56834983168,14851.256834983167,14851.256834983167,14751.256834983167,0.0,100.0,0.0,0.0,14851.256834983167,14851.256834983167,1,0.0,100.0
3338,14751.109182000964,0.0,-147511.09182000963,0.0,10.0,0.0,-0.0,0.1,0.350382529,35.0382529,0.0,0.0,100.0,1.0,0.08,-8.0,-232.9931930289286,232.9931930289286,0.0,-232.9931930289286,232.9931930289286,0.0,-14385.122795943107,14385.122795943107,0.0,0.0,0.0,0.0,0.0,0.0,0.0,0.0,0.0,-147519.09182000963,-147519.09182000963,14851.109182000964,14851.109182000964,14751.109182000964,0.0,100.0,0.0,0.0,14851.109182000964,14851.109182000964,1,0.0,100.0
3339,15491.914171192826,0.0,-154919.14171192827,0.0,10.0,0.0,-0.0,0.1,0.371092085,37.1092085,0.0,0.0,100.0,1.0,0.08,-8.0,-233.9205023551292,233.9205023551292,0.0,-233.9205023551292,233.9205023551292,0.0,-15124.073166482567,15124.073166482567,0.0,0.0,0.0,0.0,0.0,0.0,0.0,0.0,0.0,-154927.14171192827,-154927.14171192827,15591.914171192826,15591.914171192826,15491.914171192826,0.0,100.0,0.0,0.0,15591.914171192826,15591.914171192826,1,0.0,100.0
3340,14903.516492121656,0.0,-149035.16492121655,0.0,10.0,0.0,-0.0,0.1,0.37251777,37.251777000000004,0.0,0.0,100.0,1.0,0.08,-8.0,-233.82305331432784,233.82305331432784,0.0,-233.82305331432784,233.82305331432784,0.0,-14535.870385493,14535.870385493,0.0,0.0,0.0,0.0,0.0,0.0,0.0,0.0,0.0,-149043.16492121655,-149043.16492121655,15003.516492121656,15003.516492121656,14903.516492121656,0.0,100.0,0.0,0.0,15003.516492121656,15003.516492121656,1,0.0,100.0
3341,44638.49319506135,0.0,-446384.9319506135,0.0,10.0,0.0,-0.0,0.1,0.348124083,34.812408299999994,0.0,0.0,100.0,1.0,0.11,-11.0,-209.93852621737977,209.93852621737977,0.0,-209.93852621737977,209.93852621737977,0.0,-49284.02255767388,49284.02255767388,0.0,0.0,3776.850615234375,3776.850615234375,0.0,0.0,1188.5557998129095,1188.5557998129095,0.0,-446395.9319506135,-446395.9319506135,49703.89961010864,49703.89961010864,49603.89961010864,0.0,100.0,0.0,0.0,49703.89961010864,44738.49319506135,1,0.0,100.0
3342,41556.709832402965,0.0,-415567.09832402965,0.0,10.0,0.0,-0.0,0.1,0.332615462,33.2615462,0.0,0.0,100.0,1.0,0.11,-11.0,-197.89500610998604,197.89500610998604,0.0,-197.89500610998604,197.89500610998604,0.0,-53752.57634978682,53752.57634978682,0.0,0.0,7516.306669921874,7516.306669921874,0.0,0.0,4975.349859681946,4975.349859681946,0.0,-415578.09832402965,-415578.09832402965,54148.36636200678,54148.36636200679,54048.36636200678,0.0,100.0,0.0,0.0,54148.36636200679,41656.709832402965,1,0.0,100.0
3343,48139.15279518781,0.0,-481391.5279518781,0.0,10.0,0.0,-0.0,0.1,0.308754604,30.875460399999998,0.0,0.0,100.0,1.0,0.11,-11.0,-198.1412043035577,198.1412043035577,0.0,-198.1412043035577,198.1412043035577,0.0,-71714.13197681544,71714.13197681544,0.0,0.0,13312.4635546875,13312.4635546875,0.0,0.0,10558.798035547245,10558.798035547245,0.0,-481402.5279518781,-481402.5279518781,72110.41438542255,72110.41438542255,72010.41438542255,0.0,100.0,0.0,0.0,72110.41438542255,48239.15279518781,1,0.0,100.0
3344,31283.22408064855,0.0,-312832.2408064855,0.0,10.0,0.0,-0.0,0.1,0.297183578,29.7183578,0.0,0.0,100.0,1.0,0.11,-11.0,-198.36235462801457,198.36235462801457,0.0,-198.36235462801457,198.36235462801457,0.0,-71935.92238821242,71935.92238821242,0.0,0.0,25802.24677734375,25802.24677734375,0.0,0.0,15147.176239476148,15147.176239476148,0.0,-312843.2408064855,-312843.2408064855,72332.64709746845,72332.64709746845,72232.64709746845,0.0,100.0,0.0,0.0,72332.64709746845,31383.22408064855,1,0.0,100.0
3345,17614.686379992163,0.0,-176146.86379992164,0.0,10.0,0.0,-0.0,0.1,0.295980432,29.598043200000003,0.0,0.0,100.0,1.0,0.11,-11.0,-198.5276334170424,198.5276334170424,0.0,-198.5276334170424,198.5276334170424,0.0,-70051.51795092264,70051.51795092264,0.0,0.0,31561.0091015625,31561.0091015625,0.0,0.0,21172.877736202063,21172.877736202063,0.0,-176157.86379992164,-176157.86379992164,70448.57321775673,70448.57321775673,70348.57321775673,0.0,100.0,0.0,0.0,70448.57321775673,17714.686379992163,1,0.0,100.0
3346,11986.396880840857,0.0,-119863.96880840856,0.0,10.0,0.0,-0.0,0.1,0.324084314,32.4084314,0.0,0.0,100.0,1.0,0.11,-11.0,-201.53674547186188,201.53674547186188,0.0,-201.53674547186188,201.53674547186188,0.0,-69915.98907667909,69915.98907667909,0.0,0.0,33991.65553710937,33991.65553710937,0.0,0.0,24241.010149672595,24241.010149672595,0.0,-119874.96880840856,-119874.96880840856,70319.06256762282,70319.06256762282,70219.06256762282,0.0,100.0,0.0,0.0,70319.06256762282,12086.396880840854,1,0.0,100.0
3347,6965.531088226955,0.0,-69655.31088226955,0.0,10.0,0.0,-0.0,0.1,0.35694435,35.694435,0.0,0.0,100.0,1.0,0.11,-11.0,-198.6717040314009,198.6717040314009,0.0,-198.6717040314009,198.6717040314009,0.0,-69846.78394544749,69846.78394544749,0.0,0.0,37058.00950195312,37058.00950195312,0.0,0.0,26120.58676333022,26120.58676333022,0.0,-69666.31088226955,-69666.31088226955,70244.1273535103,70244.1273535103,70144.1273535103,0.0,100.0,0.0,0.0,70244.1273535103,7065.531088226955,1,0.0,100.0
3348,8284.597788375697,0.0,-82845.97788375698,0.0,10.0,0.0,-0.0,0.1,0.366487125,36.6487125,0.0,0.0,100.0,1.0,0.11,-11.0,-208.22270665924685,208.22270665924685,0.0,-208.22270665924685,208.22270665924685,0.0,-70096.42862273684,70096.42862273684,0.0,0.0,36422.30197265625,36422.30197265625,0.0,0.0,25705.97427502339,25705.97427502339,0.0,-82856.97788375698,-82856.97788375698,70512.87403605533,70512.87403605533,70412.87403605533,0.0,100.0,0.0,0.0,70512.87403605533,8384.5977883757,1,0.0,100.0
3349,0.0,0.0,-0.0,55.55555555555556,10.0,0.0,-0.0,0.1,0.368009907,0.0,0.0,100.0,0.0,1.0,0.11,0.0,-272.34583520251925,272.34583520251925,0.0,-272.34583520251925,272.34583520251925,0.0,-54084.54332479083,54084.54332479083,0.0,0.0,33355.9480078125,33355.9480078125,0.0,3199.139262486715,24627.98180542564,21428.842542938924,0.0,0.0,0.0,54784.79055075142,54784.79055075142,54784.79055075142,0.0,0.0,155.55555555555475,0.0,54629.23499519587,-3354.6948180422696,1,-55.55555555555556,-100.0
3350,3141.2053499190733,0.0,-31412.053499190733,0.0,60.0,45.0,-0.0,0.6,0.37256545,37.256545,0.0,0.0,100.0,1.0,0.08,-8.0,-303.3589439324756,303.3589439324756,0.0,-303.3589439324756,303.3589439324756,0.0,-54072.09441328813,54072.09441328813,0.0,0.0,29279.940908203123,29279.940908203123,0.0,0.0,22112.66604303088,22112.66604303088,0.0,-31420.053499190733,-31420.053499190733,54678.81230115308,54678.81230115308,54533.81230115308,0.0,145.0,0.0,0.0,54678.81230115308,3286.2053499190733,1,45.0,100.0
3351,17605.229455149496,0.0,-176052.29455149497,0.0,10.0,0.0,-0.0,0.1,0.372842822,37.2842822,0.0,0.0,100.0,1.0,0.08,-8.0,-321.90088355785804,321.90088355785804,0.0,-321.90088355785804,321.90088355785804,0.0,-58069.49955057325,58069.49955057325,0.0,0.0,23483.7840234375,23483.7840234375,0.0,0.0,17524.287839101966,17524.287839101966,0.0,-176060.29455149497,-176060.29455149497,58713.301317688965,58713.301317688965,58613.301317688965,0.0,100.0,0.0,0.0,58713.301317688965,17705.2294551495,1,0.0,100.0
3352,30297.4114024722,0.0,-302974.114024722,0.0,10.0,0.0,-0.0,0.1,0.369161928,36.9161928,0.0,0.0,100.0,1.0,0.08,-8.0,-322.8858019411627,322.8858019411627,0.0,-322.8858019411627,322.8858019411627,0.0,-55806.40068281286,55806.40068281286,0.0,0.0,15855.293671875,15855.293671875,0.0,0.0,10199.46721234799,10199.46721234799,0.0,-302982.114024722,-302982.114024722,56452.17228669519,56452.17228669519,56352.17228669519,0.0,100.0,0.0,0.0,56452.17228669519,30397.4114024722,1,0.0,100.0
3353,5808.59301224231,0.0,-58085.930122423095,0.0,10.0,0.0,-0.0,0.1,0.362307858,36.2307858,0.0,0.0,100.0,1.0,0.11,-11.0,-331.88399028620114,331.88399028620114,0.0,-331.88399028620114,331.88399028620114,0.0,-17936.44879485213,17936.44879485213,0.0,0.0,7965.041396484375,7965.041396484375,0.0,0.0,4726.5823666978495,4726.5823666978495,0.0,-58096.930122423095,-58096.930122423095,18600.216775424535,18600.216775424535,18500.216775424535,0.0,100.0,0.0,0.0,18600.216775424535,5908.593012242311,1,0.0,100.0
3354,13984.911783700114,0.0,-139849.11783700113,0.0,10.0,0.0,-0.0,0.1,0.356994967,35.6994967,0.0,0.0,100.0,1.0,0.11,-11.0,-305.9868574307999,305.9868574307999,0.0,-305.9868574307999,305.9868574307999,0.0,-16975.09556828126,16975.09556828126,0.0,0.0,1981.9117089843749,1981.9117089843749,0.0,0.0,1520.2457904583723,1520.2457904583723,0.0,-139860.11783700113,-139860.11783700113,17587.06928314286,17587.06928314286,17487.06928314286,0.0,100.0,0.0,0.0,17587.06928314286,14084.911783700114,1,0.0,100.0
3355,20095.43208499857,0.0,-200954.3208499857,0.0,10.0,0.0,-0.0,0.1,0.366036311,36.6036311,0.0,0.0,100.0,1.0,0.11,-11.0,-318.7995355712053,318.7995355712053,0.0,-318.7995355712053,318.7995355712053,0.0,-19557.83301385616,19557.83301385616,0.0,0.0,0.0,0.0,0.0,0.0,0.0,0.0,0.0,-200965.3208499857,-200965.3208499857,20195.43208499857,20195.43208499857,20095.43208499857,0.0,100.0,0.0,0.0,20195.43208499857,20195.43208499857,1,0.0,100.0
3356,18466.812731664562,0.0,-184668.12731664564,0.0,10.0,0.0,-0.0,0.1,0.36866864,36.866864,0.0,0.0,100.0,1.0,0.11,-11.0,-243.41139621436733,243.41139621436733,0.0,-243.41139621436733,243.41139621436733,0.0,-18079.989939235827,18079.989939235827,0.0,0.0,0.0,0.0,0.0,0.0,0.0,0.0,0.0,-184679.12731664564,-184679.12731664564,18566.812731664562,18566.812731664562,18466.812731664562,0.0,100.0,0.0,0.0,18566.812731664562,18566.812731664562,1,0.0,100.0
3357,16969.700192221317,0.0,-169697.00192221318,0.0,10.0,0.0,-0.0,0.1,0.370278255,37.0278255,0.0,0.0,100.0,1.0,0.11,-11.0,-233.8631453528961,233.8631453528961,0.0,-233.8631453528961,233.8631453528961,0.0,-16601.973901515525,16601.973901515525,0.0,0.0,0.0,0.0,0.0,0.0,0.0,0.0,0.0,-169708.00192221318,-169708.00192221318,17069.700192221317,17069.700192221317,16969.700192221317,0.0,100.0,0.0,0.0,17069.700192221317,17069.700192221317,1,0.0,100.0
3358,15497.553876147154,0.0,-154975.53876147154,0.0,10.0,0.0,-0.0,0.1,0.368565767,36.8565767,0.0,0.0,100.0,1.0,0.11,-11.0,-236.74035785527943,236.74035785527943,0.0,-236.74035785527943,236.74035785527943,0.0,-15124.073160436596,15124.073160436596,0.0,0.0,0.0,0.0,0.0,0.0,0.0,0.0,0.0,-154986.53876147154,-154986.53876147154,15597.553876147154,15597.553876147154,15497.553876147154,0.0,100.0,0.0,0.0,15597.553876147154,15597.553876147154,1,0.0,100.0
3359,14752.740829918672,0.0,-147527.40829918673,0.0,10.0,0.0,-0.0,0.1,0.3755509939999999,37.55509939999999,0.0,0.0,100.0,1.0,0.11,-11.0,-233.80901698778217,233.80901698778217,0.0,-233.80901698778217,233.80901698778217,0.0,-14385.122795943107,14385.122795943107,0.0,0.0,0.0,0.0,0.0,0.0,0.0,0.0,0.0,-147538.40829918673,-147538.40829918673,14852.740829918672,14852.740829918672,14752.740829918672,0.0,100.0,0.0,0.0,14852.740829918672,14852.740829918672,1,0.0,100.0
3360,14752.04286948549,0.0,-147520.4286948549,0.0,10.0,0.0,-0.0,0.1,0.389004225,38.9004225,0.0,0.0,100.0,1.0,0.08,-8.0,-233.4745289604643,233.4745289604643,0.0,-233.4745289604643,233.4745289604643,0.0,-14385.093811564562,14385.093811564562,0.0,0.0,0.0,0.0,0.0,0.0,0.0,0.0,0.0,-147528.4286948549,-147528.4286948549,14852.04286948549,14852.04286948549,14752.04286948549,0.0,100.0,0.0,0.0,14852.04286948549,14852.04286948549,1,0.0,100.0
3361,14751.75421732649,0.0,-147517.5421732649,0.0,10.0,0.0,-0.0,0.1,0.395805096,39.5805096,0.0,0.0,100.0,1.0,0.08,-8.0,-233.33019683499305,233.33019683499305,0.0,-233.33019683499305,233.33019683499305,0.0,-14385.093823656503,14385.093823656503,0.0,0.0,0.0,0.0,0.0,0.0,0.0,0.0,0.0,-147525.5421732649,-147525.5421732649,14851.75421732649,14851.75421732649,14751.75421732649,0.0,100.0,0.0,0.0,14851.75421732649,14851.75421732649,1,0.0,100.0
3362,14751.597347395911,0.0,-147515.9734739591,0.0,10.0,0.0,-0.0,0.1,0.409782294,40.9782294,0.0,0.0,100.0,1.0,0.08,-8.0,-233.251761869704,233.251761869704,0.0,-233.251761869704,233.251761869704,0.0,-14385.093823656503,14385.093823656503,0.0,0.0,0.0,0.0,0.0,0.0,0.0,0.0,0.0,-147523.9734739591,-147523.9734739591,14851.597347395911,14851.597347395911,14751.597347395911,0.0,100.0,0.0,0.0,14851.597347395911,14851.597347395911,1,0.0,100.0
3363,15492.460104852842,0.0,-154924.60104852842,0.0,10.0,0.0,-0.0,0.1,0.4076663789999999,40.76663789999999,0.0,0.0,100.0,1.0,0.08,-8.0,-234.20795532843923,234.20795532843923,0.0,-234.20795532843923,234.20795532843923,0.0,-15124.044194195963,15124.044194195963,0.0,0.0,0.0,0.0,0.0,0.0,0.0,0.0,0.0,-154932.60104852842,-154932.60104852842,15592.460104852842,15592.460104852842,15492.460104852842,0.0,100.0,0.0,0.0,15592.460104852842,15592.460104852842,1,0.0,100.0
3364,14903.98232754512,0.0,-149039.8232754512,0.0,10.0,0.0,-0.0,0.1,0.379911592,37.9911592,0.0,0.0,100.0,1.0,0.08,-8.0,-234.07049646816347,234.07049646816347,0.0,-234.07049646816347,234.07049646816347,0.0,-14535.841334608793,14535.841334608793,0.0,0.0,0.0,0.0,0.0,0.0,0.0,0.0,0.0,-149047.8232754512,-149047.8232754512,15003.98232754512,15003.98232754512,14903.98232754512,0.0,100.0,0.0,0.0,15003.98232754512,15003.98232754512,1,0.0,100.0
3365,12086.52682042837,0.0,-120865.2682042837,0.0,10.0,0.0,-0.0,0.1,0.341114676,34.1114676,0.0,0.0,100.0,1.0,0.11,-11.0,-210.15208376542589,210.15208376542589,0.0,-210.15208376542589,210.15208376542589,0.0,-16458.461445257857,16458.461445257857,0.0,0.0,4001.217978515625,4001.217978515625,0.0,0.0,691.0208138447148,691.0208138447148,0.0,-120876.2682042837,-120876.2682042837,16878.76561278871,16878.76561278871,16778.76561278871,0.0,100.0,0.0,0.0,16878.76561278871,12186.52682042837,1,0.0,100.0
3366,5779.95272842174,0.0,-57799.5272842174,0.0,10.0,0.0,-0.0,0.1,0.320592063,32.0592063,0.0,0.0,100.0,1.0,0.11,-11.0,-198.0370282345752,198.0370282345752,0.0,-198.0370282345752,198.0370282345752,0.0,-17936.36219238275,17936.36219238275,0.0,0.0,10545.266074218747,10545.266074218747,0.0,0.0,1907.2174462114128,1907.2174462114128,0.0,-57810.5272842174,-57810.5272842174,18332.4362488519,18332.4362488519,18232.4362488519,0.0,100.0,0.0,0.0,18332.4362488519,5879.95272842174,1,0.0,100.0
3367,15350.02847937537,0.0,-153500.2847937537,0.0,10.0,0.0,-0.0,0.1,0.303657718,30.3657718,0.0,0.0,100.0,1.0,0.11,-11.0,-198.2713382584859,198.2713382584859,0.0,-198.2713382584859,198.2713382584859,0.0,-36779.91519723435,36779.91519723435,0.0,0.0,17911.994501953126,17911.994501953126,0.0,0.0,3814.4348924228257,3814.4348924228257,0.0,-153511.2847937537,-153511.2847937537,37176.45787375132,37176.45787375132,37076.45787375132,0.0,100.0,0.0,0.0,37176.45787375132,15450.02847937537,1,0.0,100.0
3368,13760.089945450698,0.0,-137600.899454507,0.0,10.0,0.0,-0.0,0.1,0.282544568,28.2544568,0.0,0.0,100.0,1.0,0.11,-11.0,-198.49682238694527,198.49682238694527,0.0,-198.49682238694527,198.49682238694527,0.0,-43294.48646405234,43294.48646405234,0.0,0.0,24082.0969921875,24082.0969921875,0.0,0.0,5749.293171188027,5749.293171188027,0.0,-137611.899454507,-137611.899454507,43691.480108826225,43691.480108826225,43591.480108826225,0.0,100.0,0.0,0.0,43691.480108826225,13860.089945450698,1,0.0,100.0
3369,6159.90691995621,0.0,-61599.0691995621,0.0,10.0,0.0,-0.0,0.1,0.27066072,27.066072000000002,0.0,0.0,100.0,1.0,0.11,-11.0,-221.04538582144,221.04538582144,0.0,-221.04538582144,221.04538582144,0.0,-43337.934240956136,43337.934240956136,0.0,0.0,30140.01580078125,30140.01580078125,0.0,0.0,7380.102291861554,7380.102291861554,0.0,-61610.0691995621,-61610.0691995621,43780.02501259901,43780.02501259901,43680.02501259901,0.0,100.0,0.0,0.0,43780.02501259901,6259.906919956207,1,0.0,100.0
3370,0.0,0.0,-0.0,55.55555555555556,10.0,0.0,-0.0,0.1,0.276842449,0.0,0.0,100.0,0.0,1.0,0.11,0.0,-222.68129992683623,222.68129992683623,0.0,-222.68129992683623,222.68129992683623,0.0,-24656.71652505514,24656.71652505514,0.0,9220.150143754377,34477.78482421875,25257.63468046437,0.0,21532.20855940131,21532.20855940131,0.0,0.0,0.0,0.0,25257.63468046437,25257.63468046437,25257.63468046437,0.0,0.0,155.55555555555475,0.0,25102.079124908814,-30907.914258711244,1,-55.55555555555556,-100.0
3371,0.0,0.0,-0.0,44.44444444444444,60.0,0.0,-0.0,0.6,0.30526134,0.0,0.0,100.0,0.0,1.0,0.11,0.0,-212.7004174237304,212.7004174237304,0.0,-212.7004174237304,212.7004174237304,0.0,-20782.0817364047,20782.0817364047,0.0,14846.007593678394,36197.934609375,21351.927015696605,0.0,21394.00439663237,21394.00439663237,0.0,0.0,0.0,0.0,21351.927015696605,21351.927015696605,21351.927015696605,0.0,0.0,144.44444444444525,0.0,21207.48257125216,-36384.45643475521,1,-44.44444444444444,-100.0
3372,0.0,0.0,-0.0,0.0,100.0,-0.0,-0.0,1.0,0.318568951,0.0,0.0,100.0,0.0,1.0,0.11,0.0,-286.66762577259607,286.66762577259607,0.0,-286.66762577259607,286.66762577259607,0.0,-32180.47800607837,32180.47800607837,0.0,3718.0669572201878,36571.88021484375,32853.813257623566,0.0,9287.319738072969,9287.319738072969,0.0,0.0,0.0,0.0,32853.813257623566,32853.813257623566,32853.813257623566,0.0,0.0,100.00000000000364,0.0,32753.813257623562,-13105.38669529316,1,-0.0,-100.0
3373,0.0,0.0,-0.0,0.0,100.0,-0.0,-0.0,1.0,0.3182687369999999,0.0,0.0,100.0,0.0,1.0,0.11,0.0,-314.5270066350065,314.5270066350065,0.0,-314.5270066350065,314.5270066350065,0.0,-21320.763594198765,21320.763594198765,0.0,11829.654247999973,33879.47185546875,22049.817607468776,0.0,24710.904303087,24710.904303087,0.0,0.0,0.0,0.0,22049.817607468776,22049.817607468776,22049.817607468776,0.0,0.0,100.0,0.0,21949.817607468776,-36640.55855108697,1,-0.0,-100.0
3374,0.0,0.0,-0.0,0.0,100.0,-0.0,-0.0,1.0,0.320801158,0.0,0.0,100.0,0.0,1.0,0.08,0.0,-327.8354357852681,327.8354357852681,0.0,-327.8354357852681,327.8354357852681,0.0,-34752.107953392646,34752.107953392646,0.0,0.0,27298.02919921875,27298.02919921875,0.0,7241.475771823387,15451.225397567823,8209.749625744436,0.0,0.0,0.0,35507.778824963185,35507.778824963185,35507.778824963185,0.0,0.0,100.0,0.0,35407.778824963185,-7341.475771823389,1,-0.0,-100.0
3375,10119.835476847042,0.0,-101198.35476847042,0.0,100.0,45.0,-0.0,1.0,0.3437086,34.37086,0.0,0.0,100.0,1.0,0.08,-8.0,-335.5180372882345,335.5180372882345,0.0,-335.5180372882345,335.5180372882345,0.0,-41797.53496931629,41797.53496931629,0.0,0.0,21838.423359375,21838.423359375,0.0,0.0,10365.312207670722,10365.312207670722,0.0,-101206.35476847042,-101206.35476847042,42468.57104389276,42468.57104389276,42323.57104389276,0.0,145.0,0.0,0.0,42468.57104389276,10264.835476847042,1,45.0,100.0
3376,22617.942762470502,0.0,-226179.42762470501,0.0,50.0,36.0,-0.0,0.5,0.356093879,35.6093879,0.0,0.0,100.0,1.0,0.08,-8.0,-323.37868478081765,323.37868478081765,0.0,-323.37868478081765,323.37868478081765,0.0,-37816.362861529145,37816.362861529145,0.0,0.0,11480.130087890624,11480.130087890624,0.0,0.0,4229.047380729655,4229.047380729655,0.0,-226187.42762470501,-226187.42762470501,38463.12023109078,38463.12023109078,38327.12023109078,0.0,136.0,0.0,0.0,38463.12023109078,22753.942762470506,1,36.0,100.0
3377,32680.579906719806,0.0,-326805.79906719807,0.0,10.0,0.0,-0.0,0.1,0.3813611079999999,38.13611079999999,0.0,0.0,100.0,1.0,0.11,-11.0,-330.6011114130756,330.6011114130756,0.0,-330.6011114130756,330.6011114130756,0.0,-41677.86525994495,41677.86525994495,0.0,0.0,7291.939306640625,7291.939306640625,0.0,0.0,2266.5482694106645,2266.5482694106645,0.0,-326816.79906719807,-326816.79906719807,42339.0674827711,42339.0674827711,42239.0674827711,0.0,100.0,0.0,0.0,42339.0674827711,32780.57990671981,1,0.0,100.0
3378,32558.331428128906,0.0,-325583.31428128906,0.0,10.0,0.0,-0.0,0.1,0.397895659,39.7895659,0.0,0.0,100.0,1.0,0.11,-11.0,-309.6902960091088,309.6902960091088,0.0,-309.6902960091088,309.6902960091088,0.0,-35295.61316486054,35295.61316486054,0.0,0.0,1570.57154296875,1570.57154296875,0.0,0.0,1686.0907857811042,1686.0907857811042,0.0,-325594.31428128906,-325594.31428128906,35914.99375687876,35914.99375687876,35814.99375687876,0.0,100.0,0.0,0.0,35914.99375687876,32658.331428128902,1,0.0,100.0
3379,20080.63910672876,0.0,-200806.3910672876,0.0,10.0,0.0,-0.0,0.1,0.381856804,38.1856804,0.0,0.0,100.0,1.0,0.11,-11.0,-311.446341625025,311.446341625025,0.0,-311.446341625025,311.446341625025,0.0,-19557.746423478708,19557.746423478708,0.0,0.0,0.0,0.0,0.0,0.0,0.0,0.0,0.0,-200817.3910672876,-200817.3910672876,20180.63910672876,20180.63910672876,20080.63910672876,0.0,100.0,0.0,0.0,20180.63910672876,20180.63910672876,1,0.0,100.0
3380,18467.9909448065,0.0,-184679.909448065,0.0,10.0,0.0,-0.0,0.1,0.372330933,37.2330933,0.0,0.0,100.0,1.0,0.11,-11.0,-244.0294569340249,244.0294569340249,0.0,-244.0294569340249,244.0294569340249,0.0,-18079.93203093845,18079.93203093845,0.0,0.0,0.0,0.0,0.0,0.0,0.0,0.0,0.0,-184690.909448065,-184690.909448065,18567.9909448065,18567.9909448065,18467.9909448065,0.0,100.0,0.0,0.0,18567.9909448065,18567.9909448065,1,0.0,100.0
3381,16969.852239537708,0.0,-169698.52239537708,0.0,10.0,0.0,-0.0,0.1,0.37419439,37.419439,0.0,0.0,100.0,1.0,0.11,-11.0,-233.95365213141005,233.95365213141005,0.0,-233.95365213141005,233.95365213141005,0.0,-16601.94493527489,16601.94493527489,0.0,0.0,0.0,0.0,0.0,0.0,0.0,0.0,0.0,-169709.52239537708,-169709.52239537708,17069.852239537708,17069.852239537708,16969.852239537708,0.0,100.0,0.0,0.0,17069.852239537708,17069.852239537708,1,0.0,100.0
3382,15497.540643419268,0.0,-154975.40643419267,0.0,10.0,0.0,-0.0,0.1,0.37442236,37.442236,0.0,0.0,100.0,1.0,0.11,-11.0,-236.74822461165272,236.74822461165272,0.0,-236.74822461165272,236.74822461165272,0.0,-15124.044194195963,15124.044194195963,0.0,0.0,0.0,0.0,0.0,0.0,0.0,0.0,0.0,-154986.40643419267,-154986.40643419267,15597.540643419268,15597.540643419268,15497.540643419268,0.0,100.0,0.0,0.0,15597.540643419268,15597.540643419268,1,0.0,100.0
3383,14752.834092633206,0.0,-147528.34092633205,0.0,10.0,0.0,-0.0,0.1,0.3816299829999999,38.16299829999999,0.0,0.0,100.0,1.0,0.11,-11.0,-233.87013146536705,233.87013146536705,0.0,-233.87013146536705,233.87013146536705,0.0,-14385.093829702471,14385.093829702471,0.0,0.0,0.0,0.0,0.0,0.0,0.0,0.0,0.0,-147539.34092633205,-147539.34092633205,14852.834092633206,14852.834092633206,14752.834092633206,0.0,100.0,0.0,0.0,14852.834092633206,14852.834092633206,1,0.0,100.0
3384,17766.172116326656,0.0,-177661.72116326657,0.0,10.0,0.0,-0.0,0.1,0.3908824179999999,39.08824179999999,0.0,0.0,100.0,1.0,0.08,-8.0,-233.84722869868705,233.84722869868705,0.0,-233.84722869868705,233.84722869868705,0.0,-17398.47765892928,17398.47765892928,0.0,0.0,0.0,0.0,0.0,0.0,0.0,0.0,0.0,-177669.72116326657,-177669.72116326657,17866.172116326656,17866.172116326656,17766.172116326656,0.0,100.0,0.0,0.0,17866.172116326656,17866.172116326656,1,0.0,100.0
3385,17765.985722607194,0.0,-177659.85722607194,0.0,10.0,0.0,-0.0,0.1,0.394474652,39.447465199999996,0.0,0.0,100.0,1.0,0.08,-8.0,-233.7540288159712,233.7540288159712,0.0,-233.7540288159712,233.7540288159712,0.0,-17398.477664975253,17398.477664975253,0.0,0.0,0.0,0.0,0.0,0.0,0.0,0.0,0.0,-177667.85722607194,-177667.85722607194,17865.985722607194,17865.985722607194,17765.985722607194,0.0,100.0,0.0,0.0,17865.985722607194,17865.985722607194,1,0.0,100.0
3386,17765.567458386096,0.0,-177655.67458386096,0.0,10.0,0.0,-0.0,0.1,0.404987508,40.498750799999996,0.0,0.0,100.0,1.0,0.08,-8.0,-233.54489670542148,233.54489670542148,0.0,-233.54489670542148,233.54489670542148,0.0,-17398.477664975253,17398.477664975253,0.0,0.0,0.0,0.0,0.0,0.0,0.0,0.0,0.0,-177663.67458386096,-177663.67458386096,17865.567458386096,17865.567458386096,17765.567458386096,0.0,100.0,0.0,0.0,17865.567458386096,17865.567458386096,1,0.0,100.0
3387,18506.70815261524,0.0,-185067.08152615238,0.0,10.0,0.0,-0.0,0.1,0.417423583,41.7423583,0.0,0.0,100.0,1.0,0.08,-8.0,-234.64005855025908,234.64005855025908,0.0,-234.64005855025908,234.64005855025908,0.0,-18137.42803551472,18137.42803551472,0.0,0.0,0.0,0.0,0.0,0.0,0.0,0.0,0.0,-185075.08152615238,-185075.08152615238,18606.70815261524,18606.70815261524,18506.70815261524,0.0,100.0,0.0,0.0,18606.70815261524,18606.70815261524,1,0.0,100.0
3388,19425.002090644783,0.0,-194250.02090644784,0.0,10.0,0.0,-0.0,0.1,0.388135492,38.813549200000004,0.0,0.0,100.0,1.0,0.08,-8.0,-234.5497038247666,234.5497038247666,0.0,-234.5497038247666,234.5497038247666,0.0,-19055.90268299525,19055.90268299525,0.0,0.0,0.0,0.0,0.0,0.0,0.0,0.0,0.0,-194258.02090644784,-194258.02090644784,19525.002090644783,19525.002090644783,19425.002090644783,0.0,100.0,0.0,0.0,19525.002090644783,19525.002090644783,1,0.0,100.0
3389,33301.40638145701,0.0,-333014.0638145701,0.0,10.0,0.0,-0.0,0.1,0.354653321,35.465332100000005,0.0,0.0,100.0,1.0,0.11,-11.0,-382.5650439856944,382.5650439856944,0.0,-382.5650439856944,382.5650439856944,0.0,-36557.87571607134,36557.87571607134,0.0,0.0,2954.170283203125,2954.170283203125,0.0,0.0,967.4291393826009,967.4291393826009,0.0,-333025.0638145701,-333025.0638145701,37323.00580404274,37323.00580404273,37223.00580404274,0.0,100.0,0.0,0.0,37323.00580404273,33401.406381457,1,0.0,100.0
3390,34840.64224602344,0.0,-348406.4224602344,0.0,10.0,0.0,-0.0,0.1,0.324172267,32.4172267,0.0,0.0,100.0,1.0,0.11,-11.0,-659.1911933311604,659.1911933311604,0.0,-659.1911933311604,659.1911933311604,0.0,-45860.25622226417,45860.25622226417,0.0,0.0,7815.463154296875,7815.463154296875,0.0,0.0,4422.533208606174,4422.533208606174,0.0,-348417.4224602344,-348417.4224602344,47178.638608926485,47178.63860892649,47078.638608926485,0.0,100.0,0.0,0.0,47178.63860892649,34940.642246023446,1,0.0,100.0
3391,64357.10791733516,0.0,-643571.0791733516,0.0,10.0,0.0,-0.0,0.1,0.296886168,29.688616800000002,0.0,0.0,100.0,1.0,0.11,-11.0,-998.3270225090766,998.3270225090766,0.0,-998.3270225090766,998.3270225090766,0.0,-85839.1047697405,85839.1047697405,0.0,0.0,12377.599541015625,12377.599541015625,0.0,0.0,11001.05135640786,11001.05135640786,0.0,-643582.0791733516,-643582.0791733516,87835.75881475865,87835.75881475865,87735.75881475865,0.0,100.0,0.0,0.0,87835.75881475865,64457.10791733517,1,0.0,100.0
3392,55062.098162660826,0.0,-550620.9816266083,0.0,10.0,0.0,-0.0,0.1,0.283115489,28.3115489,0.0,0.0,100.0,1.0,0.11,-11.0,-1071.1882169295516,1071.1882169295516,0.0,-1071.1882169295516,1071.1882169295516,0.0,-85940.75154634258,85940.75154634258,0.0,0.0,16640.579443359373,16640.579443359373,0.0,0.0,16280.45037418148,16280.45037418148,0.0,-550631.9816266083,-550631.9816266083,88083.12798020168,88083.12798020168,87983.12798020168,0.0,100.0,0.0,0.0,88083.12798020168,55162.098162660826,1,0.0,100.0
3393,44482.298402390705,0.0,-444822.98402390705,0.0,10.0,0.0,-0.0,0.1,0.283619509,28.3619509,0.0,0.0,100.0,1.0,0.11,-11.0,-1164.08657733236,1164.08657733236,0.0,-1164.08657733236,1164.08657733236,0.0,-83872.10549451585,83872.10549451585,0.0,0.0,19781.72252929688,19781.72252929688,0.0,0.0,21836.257717492987,21836.257717492987,0.0,-444833.98402390705,-444833.98402390705,86200.27864918057,86200.27864918057,86100.27864918057,0.0,100.0,0.0,0.0,86200.27864918057,44582.298402390705,1,0.0,100.0
3394,41054.474903781855,0.0,-410544.7490378185,0.0,10.0,0.0,-0.0,0.1,0.293041442,29.3041442,0.0,0.0,100.0,1.0,0.11,-11.0,-1245.4998102564305,1245.4998102564305,0.0,-1245.4998102564305,1245.4998102564305,0.0,-85053.43935611015,85053.43935611015,0.0,0.0,22287.1580859375,22287.1580859375,0.0,0.0,24102.80598690365,24102.80598690365,0.0,-410555.7490378185,-410555.7490378185,87544.438976623,87544.438976623,87444.438976623,0.0,100.0,0.0,0.0,87544.438976623,41154.474903781855,1,0.0,100.0
3395,35705.61225633108,0.0,-357056.1225633108,0.0,10.0,0.0,-0.0,0.1,0.31648997,31.648997,0.0,0.0,100.0,1.0,0.11,-11.0,-1292.2927622970226,1292.2927622970226,0.0,-1292.2927622970226,1292.2927622970226,0.0,-83496.9108763633,83496.9108763633,0.0,0.0,23408.994902343748,23408.994902343748,0.0,0.0,26866.889242282512,26866.889242282512,0.0,-357067.1225633108,-357067.1225633108,86081.49640095735,86081.49640095735,85981.49640095735,0.0,100.0,0.0,0.0,86081.49640095735,35805.612256331086,1,0.0,100.0
3396,40113.2766099795,0.0,-401132.766099795,0.0,10.0,0.0,-0.0,0.1,0.328665953,32.8665953,0.0,0.0,100.0,1.0,0.11,-11.0,-1293.516072369686,1293.516072369686,0.0,-1293.516072369686,1293.516072369686,0.0,-87993.18448409537,87993.18448409537,0.0,0.0,23334.20578125,23334.20578125,0.0,0.0,27032.734237605244,27032.734237605244,0.0,-401143.766099795,-401143.766099795,90580.21662883474,90580.21662883474,90480.21662883474,0.0,100.0,0.0,0.0,90580.21662883474,40213.2766099795,1,0.0,100.0
3397,43658.95432798295,0.0,-436589.54327982955,0.0,10.0,0.0,-0.0,0.1,0.333582693,33.358269299999996,0.0,0.0,100.0,1.0,0.11,-11.0,-1330.3535122508706,1330.3535122508706,0.0,-1330.3535122508706,1330.3535122508706,0.0,-88678.41914700101,88678.41914700101,0.0,0.0,21763.63423828125,21763.63423828125,0.0,0.0,25816.537605238544,25816.537605238544,0.0,-436600.54327982955,-436600.54327982955,91339.12617150275,91339.12617150275,91239.12617150275,0.0,100.0,0.0,0.0,91339.12617150275,43758.95432798295,1,0.0,100.0
3398,56893.271827308476,0.0,-568932.7182730847,0.0,10.0,0.0,-0.0,0.1,0.335659644,33.5659644,0.0,0.0,100.0,1.0,0.08,-8.0,-1346.4286007709834,1346.4286007709834,0.0,-1346.4286007709834,1346.4286007709834,0.0,-89695.99846454327,89695.99846454327,0.0,0.0,18921.64763671875,18921.64763671875,0.0,0.0,16473.936202058,16473.936202058,0.0,-568940.7182730847,-568940.7182730847,92388.85566608523,92388.85566608523,92288.85566608523,0.0,100.0,0.0,0.0,92388.85566608523,56993.27182730848,1,0.0,100.0
3399,63143.03379537641,0.0,-631430.3379537641,0.0,10.0,0.0,-0.0,0.1,0.341703477,34.1703477,0.0,0.0,100.0,1.0,0.08,-8.0,-1260.4948984673465,1260.4948984673465,0.0,-1260.4948984673465,1260.4948984673465,0.0,-93428.52341957492,93428.52341957492,0.0,0.0,15182.19158203125,15182.19158203125,0.0,0.0,17524.287839101966,17524.287839101966,0.0,-631438.3379537641,-631438.3379537641,95949.51321650963,95949.51321650961,95849.51321650963,0.0,100.0,0.0,0.0,95949.51321650961,63243.033795376396,0,0.0,100.0
3400,64738.912503193205,0.0,-647389.125031932,0.0,10.0,0.0,-0.0,0.1,0.3419549739999999,34.195497399999994,0.0,0.0,100.0,1.0,0.08,-8.0,-989.477435824541,989.477435824541,0.0,-989.477435824541,989.477435824541,0.0,-86298.84610667238,86298.84610667238,0.0,0.0,10807.027998046877,10807.027998046877,0.0,0.0,12631.860477081387,12631.860477081387,0.0,-647397.125031932,-647397.125031932,88277.80097832147,88277.80097832147,88177.80097832147,0.0,100.0,0.0,0.0,88277.80097832147,64838.912503193205,1,0.0,100.0
3401,62165.86857294592,0.0,-621658.6857294592,0.0,10.0,0.0,-0.0,0.1,0.353173831,35.3173831,0.0,0.0,100.0,1.0,0.11,-11.0,-954.0469822164348,954.0469822164348,0.0,-954.0469822164348,954.0469822164348,0.0,-73693.3657553208,73693.3657553208,0.0,0.0,5983.1296875,5983.1296875,0.0,0.0,7352.461459307765,7352.461459307765,0.0,-621669.6857294592,-621669.6857294592,75601.45971975368,75601.45971975368,75501.45971975368,0.0,100.0,0.0,0.0,75601.45971975368,62265.86857294591,1,0.0,100.0
3402,69258.96547992325,0.0,-692589.6547992325,0.0,10.0,0.0,-0.0,0.1,0.369681298,36.9681298,0.0,0.0,100.0,1.0,0.11,-11.0,-906.8187430457646,906.8187430457646,0.0,-906.8187430457646,906.8187430457646,0.0,-71775.90086766607,71775.90086766607,0.0,0.0,2019.3062695312497,2019.3062695312497,0.0,0.0,2211.266604303087,2211.266604303087,0.0,-692600.6547992325,-692600.6547992325,73589.53835375758,73589.5383537576,73489.53835375758,0.0,100.0,0.0,0.0,73589.5383537576,69358.96547992327,1,0.0,100.0
3403,65957.50232683166,0.0,-659575.0232683166,0.0,10.0,0.0,-0.0,0.1,0.383187581,38.3187581,0.0,0.0,100.0,1.0,0.11,-11.0,-878.0115529382612,878.0115529382612,0.0,-878.0115529382612,878.0115529382612,0.0,-64301.47922095513,64301.47922095513,0.0,0.0,0.0,0.0,0.0,0.0,0.0,0.0,0.0,-659586.0232683166,-659586.0232683166,66057.50232683166,66057.50232683166,65957.50232683166,0.0,100.0,0.0,0.0,66057.50232683166,66057.50232683166,1,0.0,100.0
3404,62107.2391957597,0.0,-621072.391957597,0.0,10.0,0.0,-0.0,0.1,0.389408223,38.9408223,0.0,0.0,100.0,1.0,0.11,-11.0,-234.5916370270941,234.5916370270941,0.0,-234.5916370270941,234.5916370270941,0.0,-61738.05592170551,61738.05592170551,0.0,0.0,0.0,0.0,0.0,0.0,0.0,0.0,0.0,-621083.391957597,-621083.391957597,62207.2391957597,62207.2391957597,62107.2391957597,0.0,100.0,0.0,0.0,62207.2391957597,62207.2391957597,1,0.0,100.0
3405,21489.64583022826,0.0,-214896.45830228258,0.0,10.0,0.0,-0.0,0.1,0.409703821,40.9703821,0.0,0.0,100.0,1.0,0.11,-11.0,-233.8197158467441,233.8197158467441,0.0,-233.8197158467441,233.8197158467441,0.0,-21122.00639853477,21122.00639853477,0.0,0.0,0.0,0.0,0.0,0.0,0.0,0.0,0.0,-214907.45830228258,-214907.45830228258,21589.64583022826,21589.64583022826,21489.64583022826,0.0,100.0,0.0,0.0,21589.64583022826,21589.64583022826,1,0.0,100.0
3406,18511.055316885606,0.0,-185110.55316885607,0.0,10.0,0.0,-0.0,0.1,0.412576425,41.2576425,0.0,0.0,100.0,1.0,0.11,-11.0,-236.813637662463,236.813637662463,0.0,-236.813637662463,236.813637662463,0.0,-18137.42804156068,18137.42804156068,0.0,0.0,0.0,0.0,0.0,0.0,0.0,0.0,0.0,-185121.55316885607,-185121.55316885607,18611.055316885606,18611.055316885606,18511.055316885606,0.0,100.0,0.0,0.0,18611.055316885606,18611.055316885606,1,0.0,100.0
3407,17766.133966206515,0.0,-177661.33966206515,0.0,10.0,0.0,-0.0,0.1,0.4118034129999999,41.18034129999999,0.0,0.0,100.0,1.0,0.11,-11.0,-233.8281475926463,233.8281475926463,0.0,-233.8281475926463,233.8281475926463,0.0,-17398.47767102122,17398.47767102122,0.0,0.0,0.0,0.0,0.0,0.0,0.0,0.0,0.0,-177672.33966206515,-177672.33966206515,17866.133966206515,17866.133966206515,17766.133966206515,0.0,100.0,0.0,0.0,17866.133966206515,17866.133966206515,1,0.0,100.0
3408,17766.035844501548,0.0,-177660.35844501547,0.0,10.0,0.0,-0.0,0.1,0.412334117,41.2334117,0.0,0.0,100.0,1.0,0.08,-8.0,-233.77918045269564,233.77918045269564,0.0,-233.77918045269564,233.77918045269564,0.0,-17398.477483596158,17398.477483596158,0.0,0.0,0.0,0.0,0.0,0.0,0.0,0.0,0.0,-177668.35844501547,-177668.35844501547,17866.035844501548,17866.035844501548,17766.035844501548,0.0,100.0,0.0,0.0,17866.035844501548,17866.035844501548,1,0.0,100.0
3409,17765.983430226715,0.0,-177659.83430226715,0.0,10.0,0.0,-0.0,0.1,0.417306554,41.730655399999996,0.0,0.0,100.0,1.0,0.08,-8.0,-233.7529733152783,233.7529733152783,0.0,-233.7529733152783,233.7529733152783,0.0,-17398.477483596158,17398.477483596158,0.0,0.0,0.0,0.0,0.0,0.0,0.0,0.0,0.0,-177667.83430226715,-177667.83430226715,17865.983430226715,17865.983430226715,17765.983430226715,0.0,100.0,0.0,0.0,17865.983430226715,17865.983430226715,1,0.0,100.0
3410,17765.9370933657,0.0,-177659.37093365702,0.0,10.0,0.0,-0.0,0.1,0.419346324,41.9346324,0.0,0.0,100.0,1.0,0.08,-8.0,-233.7298079077576,233.7298079077576,0.0,-233.7298079077576,233.7298079077576,0.0,-17398.477477550186,17398.477477550186,0.0,0.0,0.0,0.0,0.0,0.0,0.0,0.0,0.0,-177667.37093365702,-177667.37093365702,17865.9370933657,17865.9370933657,17765.9370933657,0.0,100.0,0.0,0.0,17865.9370933657,17865.9370933657,1,0.0,100.0
3411,18516.285255563453,0.0,-185162.8525556345,0.0,10.0,0.0,-0.0,0.1,0.4044208529999999,40.44208529999999,0.0,0.0,100.0,1.0,0.08,-8.0,-239.42870071391496,239.42870071391496,0.0,-239.42870071391496,239.42870071391496,0.0,-18137.42785413562,18137.42785413562,0.0,0.0,0.0,0.0,0.0,0.0,0.0,0.0,0.0,-185170.8525556345,-185170.8525556345,18616.285255563453,18616.285255563453,18516.285255563453,0.0,100.0,0.0,0.0,18616.285255563453,18616.285255563453,1,0.0,100.0
3412,19433.060678273443,0.0,-194330.60678273442,0.0,10.0,0.0,-0.0,0.1,0.37628462,37.628462,0.0,0.0,100.0,1.0,0.08,-8.0,-238.5791548343076,238.5791548343076,0.0,-238.5791548343076,238.5791548343076,0.0,-19055.902368604828,19055.902368604828,0.0,0.0,0.0,0.0,0.0,0.0,0.0,0.0,0.0,-194338.60678273442,-194338.60678273442,19533.060678273443,19533.060678273443,19433.060678273443,0.0,100.0,0.0,0.0,19533.060678273443,19533.060678273443,1,0.0,100.0
3413,45697.05958025232,0.0,-456970.5958025232,0.0,10.0,0.0,-0.0,0.1,0.339281001,33.9281001,0.0,0.0,100.0,1.0,0.11,-11.0,-465.6703120949546,465.6703120949546,0.0,-465.6703120949546,465.6703120949546,0.0,-47228.1525345382,47228.1525345382,0.0,0.0,897.469453125,897.469453125,0.0,0.0,1464.9641253507953,1464.9641253507953,0.0,-456981.5958025232,-456981.5958025232,48159.49315872811,48159.49315872811,48059.49315872811,0.0,100.0,0.0,0.0,48159.49315872811,45797.05958025232,1,0.0,100.0
3414,42404.53513279801,0.0,-424045.3513279801,0.0,10.0,0.0,-0.0,0.1,0.318107443,31.8107443,0.0,0.0,100.0,1.0,0.11,-11.0,-741.6532649002307,741.6532649002307,0.0,-741.6532649002307,741.6532649002307,0.0,-55592.4289798374,55592.4289798374,0.0,0.0,7965.041396484375,7965.041396484375,0.0,0.0,6606.158980355473,6606.158980355473,0.0,-424056.3513279801,-424056.3513279801,57075.73550963786,57075.73550963786,56975.73550963786,0.0,100.0,0.0,0.0,57075.73550963786,42504.53513279801,1,0.0,100.0
3415,67698.763235677,0.0,-676987.6323567701,0.0,10.0,0.0,-0.0,0.1,0.293638708,29.3638708,0.0,0.0,100.0,1.0,0.11,-11.0,-1137.433949667358,1137.433949667358,0.0,-1137.433949667358,1137.433949667358,0.0,-90990.22345756942,90990.22345756942,0.0,0.0,12751.545146484375,12751.545146484375,0.0,0.0,12714.782974742751,12714.782974742751,0.0,-676998.6323567701,-676998.6323567701,93265.09135690413,93265.09135690413,93165.09135690413,0.0,100.0,0.0,0.0,93265.09135690413,67798.763235677,1,0.0,100.0
3416,63649.44904833053,0.0,-636494.4904833053,0.0,10.0,0.0,-0.0,0.1,0.275855764,27.5855764,0.0,0.0,100.0,1.0,0.11,-11.0,-1224.9057352293653,1224.9057352293653,0.0,-1224.9057352293653,1224.9057352293653,0.0,-90312.25212031252,90312.25212031252,0.0,0.0,10133.925908203124,10133.925908203124,0.0,0.0,18878.68863423761,18878.68863423761,0.0,-636505.4904833053,-636505.4904833053,92762.06359077126,92762.06359077126,92662.06359077126,0.0,100.0,0.0,0.0,92762.06359077126,63749.44904833053,1,0.0,100.0
3417,55657.49420141378,0.0,-556574.9420141377,0.0,10.0,0.0,-0.0,0.1,0.276037113,27.6037113,0.0,0.0,100.0,1.0,0.11,-11.0,-1294.6589177742494,1294.6589177742494,0.0,-1294.6589177742494,1294.6589177742494,0.0,-88747.80849892809,88747.80849892809,0.0,0.0,12527.177783203124,12527.177783203124,0.0,0.0,23052.454349859687,23052.454349859687,0.0,-556585.9420141377,-556585.9420141377,91337.12633447659,91337.12633447659,91237.12633447659,0.0,100.0,0.0,0.0,91337.12633447659,55757.49420141378,1,0.0,100.0
3418,54734.8047937822,0.0,-547348.047937822,0.0,10.0,0.0,-0.0,0.1,0.297086061,29.7086061,0.0,0.0,100.0,1.0,0.11,-11.0,-1361.4611444863494,1361.4611444863494,0.0,-1361.4611444863494,1361.4611444863494,0.0,-90323.93837506464,90323.93837506464,0.0,0.0,11704.497451171874,11704.497451171874,0.0,0.0,26507.55841908326,26507.55841908326,0.0,-547359.047937822,-547359.047937822,93046.86066403733,93046.86066403733,92946.86066403733,0.0,100.0,0.0,0.0,93046.86066403733,54834.8047937822,1,0.0,100.0
3419,50218.01851685555,0.0,-502180.1851685555,0.0,10.0,0.0,-0.0,0.1,0.322418139,32.2418139,0.0,0.0,100.0,1.0,0.11,-11.0,-1426.2582177954002,1426.2582177954002,0.0,-1426.2582177954002,1426.2582177954002,0.0,-88174.95498991368,88174.95498991368,0.0,0.0,12377.599541015625,12377.599541015625,0.0,0.0,28331.853367633303,28331.853367633303,0.0,-502191.1851685555,-502191.1851685555,91027.47142550448,91027.47142550448,90927.47142550448,0.0,100.0,0.0,0.0,91027.47142550448,50318.018516855554,1,0.0,100.0
3420,54436.80337648271,0.0,-544368.0337648271,0.0,10.0,0.0,-0.0,0.1,0.353089876,35.3089876,0.0,0.0,100.0,1.0,0.11,-11.0,-1433.8726184554105,1433.8726184554105,0.0,-1433.8726184554105,1433.8726184554105,0.0,-92412.66490591675,92412.66490591675,0.0,0.0,12190.62673828125,12190.62673828125,0.0,0.0,28552.98002806361,28552.98002806361,0.0,-544379.0337648271,-544379.0337648271,95280.41014282758,95280.41014282758,95180.41014282758,0.0,100.0,0.0,0.0,95280.41014282758,54536.80337648272,1,0.0,100.0
3421,56757.60126553288,0.0,-567576.0126553288,0.0,10.0,0.0,-0.0,0.1,0.360114707,36.0114707,0.0,0.0,100.0,1.0,0.11,-11.0,-1450.9930518320564,1450.9930518320564,0.0,-1450.9930518320564,1450.9930518320564,0.0,-92421.33119882469,92421.33119882469,0.0,0.0,11405.340966796875,11405.340966796875,0.0,0.0,27060.375070159032,27060.375070159032,0.0,-567587.0126553288,-567587.0126553288,95323.31730248878,95323.3173024888,95223.31730248878,0.0,100.0,0.0,0.0,95323.3173024888,56857.60126553289,1,0.0,100.0
3422,64911.21988814883,0.0,-649112.1988814883,0.0,10.0,0.0,-0.0,0.1,0.354373577,35.4373577,0.0,0.0,100.0,1.0,0.08,-8.0,-1456.8301238046988,1456.8301238046988,0.0,-1456.8301238046988,1456.8301238046988,0.0,-92456.63131818976,92456.63131818976,0.0,0.0,6394.469853515625,6394.469853515625,0.0,0.0,23964.60182413471,23964.60182413471,0.0,-649120.1988814883,-649120.1988814883,95370.29156579915,95370.29156579915,95270.29156579915,0.0,100.0,0.0,0.0,95370.29156579915,65011.21988814882,0,0.0,100.0
3423,62749.87684895531,0.0,-627498.7684895531,0.0,10.0,0.0,-0.0,0.1,0.367268983,36.7268983,0.0,0.0,100.0,1.0,0.08,-8.0,-1438.9362677554975,1438.9362677554975,0.0,-1438.9362677554975,1438.9362677554975,0.0,-95949.79246503716,95949.79246503716,0.0,0.0,16491.001201171875,16491.001201171875,0.0,0.0,19486.78695042096,19486.78695042096,0.0,-627506.7684895531,-627506.7684895531,98827.66500054815,98827.66500054815,98727.66500054815,0.0,100.0,0.0,0.0,98827.66500054815,62849.87684895532,0,0.0,100.0
3424,65587.06578560453,0.0,-655870.6578560453,0.0,10.0,0.0,-0.0,0.1,0.379090755,37.9090755,0.0,0.0,100.0,1.0,0.08,-8.0,-1194.521700477149,1194.521700477149,0.0,-1194.521700477149,1194.521700477149,0.0,-89500.93087627683,89500.93087627683,0.0,0.0,12078.443056640624,12078.443056640624,0.0,0.0,14124.46543498597,14124.46543498597,0.0,-655878.6578560453,-655878.6578560453,91889.97427723111,91889.97427723113,91789.97427723111,0.0,100.0,0.0,0.0,91889.97427723113,65687.06578560453,1,0.0,100.0
3425,63931.207562448246,0.0,-639312.0756244825,0.0,10.0,0.0,-0.0,0.1,0.387704107,38.7704107,0.0,0.0,100.0,1.0,0.11,-11.0,-1166.055901202454,1166.055901202454,0.0,-1166.055901202454,1166.055901202454,0.0,-76112.6477570086,76112.6477570086,0.0,0.0,6618.837216796875,6618.837216796875,0.0,0.0,7794.714780168383,7794.714780168383,0.0,-639323.0756244825,-639323.0756244825,78444.7595594135,78444.7595594135,78344.7595594135,0.0,100.0,0.0,0.0,78444.7595594135,64031.207562448246,1,0.0,100.0
3426,70596.36782401433,0.0,-705963.6782401433,0.0,10.0,0.0,-0.0,0.1,0.397438966,39.7438966,0.0,0.0,100.0,1.0,0.11,-11.0,-1078.4127417596112,1078.4127417596112,0.0,-1078.4127417596112,1078.4127417596112,0.0,-72627.04999728409,72627.04999728409,0.0,0.0,1682.7552246093749,1682.7552246093749,0.0,0.0,2404.7524321796072,2404.7524321796072,0.0,-705974.6782401433,-705974.6782401433,74783.87548080331,74783.87548080331,74683.87548080331,0.0,100.0,0.0,0.0,74783.87548080331,70696.36782401433,1,0.0,100.0
3427,67105.89902173095,0.0,-671058.9902173094,0.0,10.0,0.0,-0.0,0.1,0.404225368,40.422536799999996,0.0,0.0,100.0,1.0,0.11,-11.0,-1018.6980959222154,1018.6980959222154,0.0,-1018.6980959222154,1018.6980959222154,0.0,-65168.50282988652,65168.50282988652,0.0,0.0,0.0,0.0,0.0,0.0,0.0,0.0,0.0,-671069.9902173094,-671069.9902173094,67205.89902173095,67205.89902173095,67105.89902173095,0.0,100.0,0.0,0.0,67205.89902173095,67205.89902173095,1,0.0,100.0
3428,63414.42078572883,0.0,-634144.2078572883,0.0,10.0,0.0,-0.0,0.1,0.390358913,39.035891299999996,0.0,0.0,100.0,1.0,0.11,-11.0,-234.1491140309719,234.1491140309719,0.0,-234.1491140309719,234.1491140309719,0.0,-63046.12255766688,63046.12255766688,0.0,0.0,0.0,0.0,0.0,0.0,0.0,0.0,0.0,-634155.2078572883,-634155.2078572883,63514.42078572883,63514.42078572883,63414.42078572883,0.0,100.0,0.0,0.0,63514.42078572883,63514.42078572883,1,0.0,100.0
3429,21490.24588951105,0.0,-214902.4588951105,0.0,10.0,0.0,-0.0,0.1,0.378927947,37.892794699999996,0.0,0.0,100.0,1.0,0.11,-11.0,-234.1198331546978,234.1198331546978,0.0,-234.1198331546978,234.1198331546978,0.0,-21122.006223201653,21122.006223201653,0.0,0.0,0.0,0.0,0.0,0.0,0.0,0.0,0.0,-214913.4588951105,-214913.4588951105,21590.24588951105,21590.24588951105,21490.24588951105,0.0,100.0,0.0,0.0,21590.24588951105,21590.24588951105,1,0.0,100.0
3430,18511.551508201508,0.0,-185115.51508201507,0.0,10.0,0.0,-0.0,0.1,0.376263985,37.6263985,0.0,0.0,100.0,1.0,0.11,-11.0,-237.0618240099602,237.0618240099602,0.0,-237.0618240099602,237.0618240099602,0.0,-18137.42786018159,18137.42786018159,0.0,0.0,0.0,0.0,0.0,0.0,0.0,0.0,0.0,-185126.51508201507,-185126.51508201507,18611.551508201508,18611.551508201508,18511.551508201508,0.0,100.0,0.0,0.0,18611.551508201508,18611.551508201508,1,0.0,100.0
3431,17766.70430701096,0.0,-177667.04307010962,0.0,10.0,0.0,-0.0,0.1,0.3611207939999999,36.11207939999999,0.0,0.0,100.0,1.0,0.11,-11.0,-234.1134086844136,234.1134086844136,0.0,-234.1134086844136,234.1134086844136,0.0,-17398.477489642133,17398.477489642133,0.0,0.0,0.0,0.0,0.0,0.0,0.0,0.0,0.0,-177678.04307010962,-177678.04307010962,17866.70430701096,17866.70430701096,17766.70430701096,0.0,100.0,0.0,0.0,17866.70430701096,17866.70430701096,1,0.0,100.0
3432,17766.438286029337,0.0,-177664.38286029338,0.0,10.0,0.0,-0.0,0.1,0.360556517,36.0556517,0.0,0.0,100.0,1.0,0.08,-8.0,-233.9804949291194,233.9804949291194,0.0,-233.9804949291194,233.9804949291194,0.0,-17398.4772961711,17398.4772961711,0.0,0.0,0.0,0.0,0.0,0.0,0.0,0.0,0.0,-177672.38286029338,-177672.38286029338,17866.438286029337,17866.438286029337,17766.438286029337,0.0,100.0,0.0,0.0,17866.438286029337,17866.438286029337,1,0.0,100.0
3433,17766.367887572516,0.0,-177663.67887572516,0.0,10.0,0.0,-0.0,0.1,0.3621769829999999,36.21769829999999,0.0,0.0,100.0,1.0,0.08,-8.0,-233.9452957007083,233.9452957007083,0.0,-233.9452957007083,233.9452957007083,0.0,-17398.4772961711,17398.4772961711,0.0,0.0,0.0,0.0,0.0,0.0,0.0,0.0,0.0,-177671.67887572516,-177671.67887572516,17866.367887572516,17866.367887572516,17766.367887572516,0.0,100.0,0.0,0.0,17866.367887572516,17866.367887572516,1,0.0,100.0
3434,17766.282096948173,0.0,-177662.82096948172,0.0,10.0,0.0,-0.0,0.1,0.369919875,36.9919875,0.0,0.0,100.0,1.0,0.08,-8.0,-233.90240038853648,233.90240038853648,0.0,-233.90240038853648,233.90240038853648,0.0,-17398.4772961711,17398.4772961711,0.0,0.0,0.0,0.0,0.0,0.0,0.0,0.0,0.0,-177670.82096948172,-177670.82096948172,17866.282096948173,17866.282096948173,17766.282096948173,0.0,100.0,0.0,0.0,17866.282096948173,17866.282096948173,1,0.0,100.0
3435,18507.493617591845,0.0,-185074.93617591844,0.0,10.0,0.0,-0.0,0.1,0.400723933,40.072393299999995,0.0,0.0,100.0,1.0,0.08,-8.0,-235.03297544063813,235.03297544063813,0.0,-235.03297544063813,235.03297544063813,0.0,-18137.42766671057,18137.42766671057,0.0,0.0,0.0,0.0,0.0,0.0,0.0,0.0,0.0,-185082.93617591844,-185082.93617591844,18607.493617591845,18607.493617591845,18507.493617591845,0.0,100.0,0.0,0.0,18607.493617591845,18607.493617591845,1,0.0,100.0
3436,19425.738249129554,0.0,-194257.38249129555,0.0,10.0,0.0,-0.0,0.1,0.386059977,38.6059977,0.0,0.0,100.0,1.0,0.08,-8.0,-234.91807327369608,234.91807327369608,0.0,-234.91807327369608,234.91807327369608,0.0,-19055.90210258216,19055.90210258216,0.0,0.0,0.0,0.0,0.0,0.0,0.0,0.0,0.0,-194265.38249129555,-194265.38249129555,19525.738249129554,19525.738249129554,19425.738249129554,0.0,100.0,0.0,0.0,19525.738249129554,19525.738249129554,1,0.0,100.0
3437,44823.04120028956,0.0,-448230.4120028956,0.0,10.0,0.0,-0.0,0.1,0.36403932,36.403932,0.0,0.0,100.0,1.0,0.11,-11.0,-528.5164083167473,528.5164083167473,0.0,-528.5164083167473,528.5164083167473,0.0,-45952.03363659397,45952.03363659397,0.0,0.0,897.469453125,897.469453125,0.0,0.0,1188.5557998129095,1188.5557998129095,0.0,-448241.4120028956,-448241.4120028956,47009.06645322747,47009.06645322747,46909.06645322747,0.0,100.0,0.0,0.0,47009.06645322747,44923.04120028956,1,0.0,100.0
3438,45935.70908609681,0.0,-459357.0908609681,0.0,10.0,0.0,-0.0,0.1,0.352138595,35.2138595,0.0,0.0,100.0,1.0,0.11,-11.0,-821.2853117434151,821.2853117434151,0.0,-821.2853117434151,821.2853117434151,0.0,-56208.45219951912,56208.45219951912,0.0,0.0,6618.837216796875,6618.837216796875,0.0,0.0,5196.476520112256,5196.476520112256,0.0,-459368.0908609681,-459368.0908609681,57851.022823005944,57851.022823005944,57751.022823005944,0.0,100.0,0.0,0.0,57851.022823005944,46035.70908609682,1,0.0,100.0
3439,73644.45043742514,0.0,-736444.5043742515,0.0,10.0,0.0,-0.0,0.1,0.340171529,34.0171529,0.0,0.0,100.0,1.0,0.11,-11.0,-1214.0232306115422,1214.0232306115422,0.0,-1214.0232306115422,1214.0232306115422,0.0,-90835.2817607298,90835.2817607298,0.0,0.0,8600.74892578125,8600.74892578125,0.0,0.0,10918.128858746491,10918.128858746491,0.0,-736455.5043742515,-736455.5043742515,93263.32822195289,93263.32822195289,93163.32822195289,0.0,100.0,0.0,0.0,93263.32822195289,73744.45043742514,1,0.0,100.0
3440,67625.54469222808,0.0,-676255.4469222808,0.0,10.0,0.0,-0.0,0.1,0.3196018639999999,31.96018639999999,0.0,0.0,100.0,1.0,0.11,-11.0,-1264.3737091175915,1264.3737091175915,0.0,-1264.3737091175915,1264.3737091175915,0.0,-88476.57511502241,88476.57511502241,0.0,0.0,6170.102490234375,6170.102490234375,0.0,0.0,17109.67535079514,17109.67535079514,0.0,-676266.4469222808,-676266.4469222808,91005.3225332576,91005.3225332576,90905.3225332576,0.0,100.0,0.0,0.0,91005.3225332576,67725.54469222808,1,0.0,100.0
3441,60705.04859049783,0.0,-607050.4859049782,0.0,10.0,0.0,-0.0,0.1,0.314711951,31.4711951,0.0,0.0,100.0,1.0,0.11,-11.0,-1336.380283966295,1336.380283966295,0.0,-1336.380283966295,1336.380283966295,0.0,-86896.29316922318,86896.29316922318,0.0,0.0,6955.38826171875,6955.38826171875,0.0,0.0,21808.6168849392,21808.6168849392,0.0,-607061.4859049782,-607061.4859049782,89569.05373715577,89569.05373715577,89469.05373715577,0.0,100.0,0.0,0.0,89569.05373715577,60805.04859049782,1,0.0,100.0
3442,60424.42374329036,0.0,-604244.2374329036,0.0,10.0,0.0,-0.0,0.1,0.328690177,32.8690177,0.0,0.0,100.0,1.0,0.11,-11.0,-1411.555428295951,1411.555428295951,0.0,-1411.555428295951,1411.555428295951,0.0,-89161.12519278367,89161.12519278367,0.0,0.0,6693.626337890625,6693.626337890625,0.0,0.0,24766.18596819458,24766.18596819458,0.0,-604255.2374329036,-604255.2374329036,91984.23604937557,91984.23604937557,91884.23604937557,0.0,100.0,0.0,0.0,91984.23604937557,60524.42374329036,1,0.0,100.0
3443,55423.1146000386,0.0,-554231.146000386,0.0,10.0,0.0,-0.0,0.1,0.347861329,34.7861329,0.0,0.0,100.0,1.0,0.11,-11.0,-1452.5843293796877,1452.5843293796877,0.0,-1452.5843293796877,1452.5843293796877,0.0,-87438.53412006782,87438.53412006782,0.0,0.0,7179.755625,7179.755625,0.0,0.0,27640.83255378859,27640.83255378859,0.0,-554242.146000386,-554242.146000386,90343.7027788272,90343.7027788272,90243.7027788272,0.0,100.0,0.0,0.0,90343.7027788272,55523.11460003861,1,0.0,100.0
3444,59372.59166405449,0.0,-593725.9166405449,0.0,10.0,0.0,-0.0,0.1,0.363156081,36.3156081,0.0,0.0,100.0,1.0,0.11,-11.0,-1459.1192577737402,1459.1192577737402,0.0,-1459.1192577737402,1459.1192577737402,0.0,-91456.2434735315,91456.2434735315,0.0,0.0,7067.571943359375,7067.571943359375,0.0,0.0,27834.31838166511,27834.31838166511,0.0,-593736.9166405449,-593736.9166405449,94374.48198907898,94374.48198907898,94274.48198907898,0.0,100.0,0.0,0.0,94374.48198907898,59472.5916640545,1,0.0,100.0
3445,59714.86407018108,0.0,-597148.6407018108,0.0,10.0,0.0,-0.0,0.1,0.371345527,37.1345527,0.0,0.0,100.0,1.0,0.11,-11.0,-1463.4254357423154,1463.4254357423154,0.0,-1463.4254357423154,1463.4254357423154,0.0,-91142.72705668471,91142.72705668471,0.0,0.0,8189.408759765624,8189.408759765624,0.0,0.0,26065.30509822264,26065.30509822264,0.0,-597159.6407018108,-597159.6407018108,94069.57792816934,94069.57792816934,93969.57792816934,0.0,100.0,0.0,0.0,94069.57792816934,59814.86407018107,1,0.0,100.0
3446,65861.93991844665,0.0,-658619.3991844665,0.0,10.0,0.0,-0.0,0.1,0.371963104,37.1963104,0.0,0.0,100.0,1.0,0.08,-8.0,-1455.1981622410233,1455.1981622410233,0.0,-1455.1981622410233,1455.1981622410233,0.0,-90879.0643755252,90879.0643755252,0.0,0.0,5908.34056640625,5908.34056640625,0.0,0.0,21919.180215154352,21919.180215154352,0.0,-658627.3991844665,-658627.3991844665,93789.46070000724,93789.46070000724,93689.46070000724,0.0,100.0,0.0,0.0,93789.46070000724,65961.93991844665,0,0.0,100.0
3447,73294.12562049647,0.0,-732941.2562049647,0.0,10.0,0.0,-0.0,0.1,0.373658245,37.3658245,0.0,0.0,100.0,1.0,0.08,-8.0,-1453.1347077597025,1453.1347077597025,0.0,-1453.1347077597025,1453.1347077597025,0.0,-93405.12575883692,93405.12575883692,0.0,0.0,4674.320068359375,4674.320068359375,0.0,0.0,18242.94948550047,18242.94948550047,0.0,-732949.2562049647,-732949.2562049647,96311.39517435632,96311.39517435632,96211.39517435632,0.0,100.0,0.0,0.0,96311.39517435632,73394.12562049647,0,0.0,100.0
3448,72541.01739305495,0.0,-725410.1739305495,0.0,10.0,0.0,-0.0,0.1,0.370544739,37.0544739,0.0,0.0,100.0,1.0,0.08,-8.0,-1211.1092604000412,1211.1092604000412,0.0,-1211.1092604000412,1211.1092604000412,0.0,-85876.34643134192,85876.34643134192,0.0,0.0,3440.2995703125,3440.2995703125,0.0,0.0,12217.247988774558,12217.247988774558,0.0,-725418.1739305495,-725418.1739305495,88298.56495214201,88298.56495214201,88198.56495214201,0.0,100.0,0.0,0.0,88298.56495214201,72641.01739305495,0,0.0,100.0
3449,67896.89287479808,0.0,-678968.9287479809,0.0,10.0,0.0,-0.0,0.1,0.374104272,37.4104272,0.0,0.0,100.0,1.0,0.11,-11.0,-1162.2750032417528,1162.2750032417528,0.0,-1162.2750032417528,1162.2750032417528,0.0,-73627.94673120849,73627.94673120849,0.0,0.0,1570.57154296875,1570.57154296875,0.0,0.0,6385.032319925164,6385.032319925164,0.0,-678979.9287479809,-678979.9287479809,75952.496737692,75952.496737692,75852.496737692,0.0,100.0,0.0,0.0,75952.496737692,67996.89287479808,1,0.0,100.0
3450,69767.337292877,0.0,-697673.37292877,0.0,10.0,0.0,-0.0,0.1,0.374270366,37.4270366,0.0,0.0,100.0,1.0,0.11,-11.0,-1091.2850626767422,1091.2850626767422,0.0,-1091.2850626767422,1091.2850626767422,0.0,-71733.22829289989,71733.22829289989,0.0,0.0,2168.8845117187498,2168.8845117187498,0.0,0.0,1879.576613657624,1879.576613657624,0.0,-697684.37292877,-697684.37292877,73915.79841825337,73915.79841825337,73815.79841825337,0.0,100.0,0.0,0.0,73915.79841825337,69867.337292877,1,0.0,100.0
3451,67510.5079975561,0.0,-675105.079975561,0.0,10.0,0.0,-0.0,0.1,0.3725715129999999,37.25715129999999,0.0,0.0,100.0,1.0,0.11,-11.0,-1049.0632478984194,1049.0632478984194,0.0,-1049.0632478984194,1049.0632478984194,0.0,-65512.38150175926,65512.38150175926,0.0,0.0,0.0,0.0,0.0,0.0,0.0,0.0,0.0,-675116.079975561,-675116.079975561,67610.5079975561,67610.5079975561,67510.5079975561,0.0,100.0,0.0,0.0,67610.5079975561,67610.5079975561,1,0.0,100.0
3452,64266.32337123179,0.0,-642663.2337123179,0.0,10.0,0.0,-0.0,0.1,0.377843085,37.7843085,0.0,0.0,100.0,1.0,0.11,-11.0,-235.09117036631827,235.09117036631827,0.0,-235.09117036631827,235.09117036631827,0.0,-63896.14103049915,63896.14103049915,0.0,0.0,0.0,0.0,0.0,0.0,0.0,0.0,0.0,-642674.2337123179,-642674.2337123179,64366.32337123179,64366.32337123179,64266.32337123179,0.0,100.0,0.0,0.0,64366.32337123179,64366.32337123179,1,0.0,100.0
3453,21490.077881639238,0.0,-214900.77881639238,0.0,10.0,0.0,-0.0,0.1,0.371492281,37.149228099999995,0.0,0.0,100.0,1.0,0.11,-11.0,-234.0359259543092,234.0359259543092,0.0,-234.0359259543092,234.0359259543092,0.0,-21122.00602973062,21122.00602973062,0.0,0.0,0.0,0.0,0.0,0.0,0.0,0.0,0.0,-214911.77881639238,-214911.77881639238,21590.077881639238,21590.077881639238,21490.077881639238,0.0,100.0,0.0,0.0,21590.077881639238,21590.077881639238,1,0.0,100.0
3454,18511.106079152643,0.0,-185111.06079152643,0.0,10.0,0.0,-0.0,0.1,0.371555704,37.1555704,0.0,0.0,100.0,1.0,0.11,-11.0,-236.83920319805583,236.83920319805583,0.0,-236.83920319805583,236.83920319805583,0.0,-18137.42767275653,18137.42767275653,0.0,0.0,0.0,0.0,0.0,0.0,0.0,0.0,0.0,-185122.06079152643,-185122.06079152643,18611.106079152643,18611.106079152643,18511.106079152643,0.0,100.0,0.0,0.0,18611.106079152643,18611.106079152643,1,0.0,100.0
3455,17766.263886673973,0.0,-177662.63886673973,0.0,10.0,0.0,-0.0,0.1,0.374495088,37.4495088,0.0,0.0,100.0,1.0,0.11,-11.0,-233.89329222845043,233.89329222845043,0.0,-233.89329222845043,233.89329222845043,0.0,-17398.47730221707,17398.47730221707,0.0,0.0,0.0,0.0,0.0,0.0,0.0,0.0,0.0,-177673.63886673973,-177673.63886673973,17866.263886673973,17866.263886673973,17766.263886673973,0.0,100.0,0.0,0.0,17866.263886673973,17866.263886673973,1,0.0,100.0
3456,17766.328657374823,0.0,-177663.28657374822,0.0,10.0,0.0,-0.0,0.1,0.382447807,38.2447807,0.0,0.0,100.0,1.0,0.08,-8.0,-233.9257682684212,233.9257682684212,0.0,-233.9257682684212,233.9257682684212,0.0,-17398.47712083798,17398.47712083798,0.0,0.0,0.0,0.0,0.0,0.0,0.0,0.0,0.0,-177671.28657374822,-177671.28657374822,17866.328657374823,17866.328657374823,17766.328657374823,0.0,100.0,0.0,0.0,17866.328657374823,17866.328657374823,1,0.0,100.0
3457,17766.056950759685,0.0,-177660.56950759684,0.0,10.0,0.0,-0.0,0.1,0.392621848,39.2621848,0.0,0.0,100.0,1.0,0.08,-8.0,-233.78991496085243,233.78991496085243,0.0,-233.78991496085243,233.78991496085243,0.0,-17398.47712083798,17398.47712083798,0.0,0.0,0.0,0.0,0.0,0.0,0.0,0.0,0.0,-177668.56950759684,-177668.56950759684,17866.056950759685,17866.056950759685,17766.056950759685,0.0,100.0,0.0,0.0,17866.056950759685,17866.056950759685,1,0.0,100.0
3458,17765.7476028626,0.0,-177657.476028626,0.0,10.0,0.0,-0.0,0.1,0.403514866,40.3514866,0.0,0.0,100.0,1.0,0.08,-8.0,-233.63524101231127,233.63524101231127,0.0,-233.63524101231127,233.63524101231127,0.0,-17398.47712083798,17398.47712083798,0.0,0.0,0.0,0.0,0.0,0.0,0.0,0.0,0.0,-177665.476028626,-177665.476028626,17865.7476028626,17865.7476028626,17765.7476028626,0.0,100.0,0.0,0.0,17865.7476028626,17865.7476028626,1,0.0,100.0
3459,18506.802036396108,0.0,-185068.02036396108,0.0,10.0,0.0,-0.0,0.1,0.421207449,42.1207449,0.0,0.0,100.0,1.0,0.08,-8.0,-234.68727553231776,234.68727553231776,0.0,-234.68727553231776,234.68727553231776,0.0,-18137.42748533147,18137.42748533147,0.0,0.0,0.0,0.0,0.0,0.0,0.0,0.0,0.0,-185076.02036396108,-185076.02036396108,18606.802036396108,18606.802036396108,18506.802036396108,0.0,100.0,0.0,0.0,18606.802036396108,18606.802036396108,1,0.0,100.0
3460,18908.539287225783,0.0,-189085.39287225783,0.0,10.0,0.0,-0.0,0.1,0.4262853829999999,42.62853829999999,0.0,0.0,100.0,1.0,0.08,-8.0,-234.59250072507643,234.59250072507643,0.0,-234.59250072507643,234.59250072507643,0.0,-18539.35428577563,18539.35428577563,0.0,0.0,0.0,0.0,0.0,0.0,0.0,0.0,0.0,-189093.39287225783,-189093.39287225783,19008.539287225783,19008.539287225783,18908.539287225783,0.0,100.0,0.0,0.0,19008.539287225783,19008.539287225783,1,0.0,100.0
3461,34807.96569939219,0.0,-348079.6569939219,0.0,10.0,0.0,-0.0,0.1,0.40603902,40.603902,0.0,0.0,100.0,1.0,0.11,-11.0,-391.2010628291066,391.2010628291066,0.0,-391.2010628291066,391.2010628291066,0.0,-39864.88168084708,39864.88168084708,0.0,0.0,4412.55814453125,4412.55814453125,0.0,0.0,1326.7599625818525,1326.7599625818525,0.0,-348090.6569939219,-348090.6569939219,40647.28380650529,40647.28380650529,40547.28380650529,0.0,100.0,0.0,0.0,40647.28380650529,34907.96569939219,1,0.0,100.0
3462,27804.954443919225,0.0,-278049.5444391923,0.0,10.0,0.0,-0.0,0.1,0.399246724,39.9246724,0.0,0.0,100.0,1.0,0.11,-11.0,-640.6566605791688,640.6566605791688,0.0,-640.6566605791688,640.6566605791688,0.0,-43129.57330060488,43129.57330060488,0.0,0.0,10507.871513671877,10507.871513671877,0.0,0.0,5998.060664172124,5998.060664172124,0.0,-278060.5444391923,-278060.5444391923,44410.886621763224,44410.886621763224,44310.886621763224,0.0,100.0,0.0,0.0,44410.886621763224,27904.954443919225,1,0.0,100.0
3463,51719.433433200866,0.0,-517194.3343320087,0.0,10.0,0.0,-0.0,0.1,0.367596465,36.759646499999995,0.0,0.0,100.0,1.0,0.11,-11.0,-975.7488095304016,975.7488095304016,0.0,-975.7488095304016,975.7488095304016,0.0,-78803.72983133816,78803.72983133816,0.0,0.0,18211.150986328124,18211.150986328124,0.0,0.0,10724.643030869973,10724.643030869973,0.0,-517205.3343320087,-517205.3343320087,80755.22745039896,80755.22745039896,80655.22745039896,0.0,100.0,0.0,0.0,80755.22745039896,51819.433433200866,1,0.0,100.0
3464,41656.21589442836,0.0,-416562.1589442836,0.0,10.0,0.0,-0.0,0.1,0.337228235,33.7228235,0.0,0.0,100.0,1.0,0.11,-11.0,-1064.6235135078264,1064.6235135078264,0.0,-1064.6235135078264,1064.6235135078264,0.0,-81199.16822156598,81199.16822156598,0.0,0.0,24904.77732421875,24904.77732421875,0.0,0.0,16667.42202993452,16667.42202993452,0.0,-416573.1589442836,-416573.1589442836,83328.41524858163,83328.41524858163,83228.41524858163,0.0,100.0,0.0,0.0,83328.41524858163,41756.21589442836,1,0.0,100.0
3465,26719.82916283132,0.0,-267198.2916283132,0.0,10.0,0.0,-0.0,0.1,0.308855592,30.885559200000003,0.0,0.0,100.0,1.0,0.11,-11.0,-1203.6937931263913,1203.6937931263913,0.0,-1203.6937931263913,1203.6937931263913,0.0,-76531.8119313384,76531.8119313384,0.0,0.0,29840.859316406248,29840.859316406248,0.0,0.0,22278.511038353605,22278.511038353605,0.0,-267209.2916283132,-267209.2916283132,78939.19951759117,78939.19951759117,78839.19951759117,0.0,100.0,0.0,0.0,78939.19951759117,26819.829162831316,1,0.0,100.0
3466,35703.88380092931,0.0,-357038.8380092931,0.0,10.0,0.0,-0.0,0.1,0.295376662,29.5376662,0.0,0.0,100.0,1.0,0.11,-11.0,-1347.5835304994632,1347.5835304994632,0.0,-1347.5835304994632,1347.5835304994632,0.0,-74627.72907200549,74627.72907200549,0.0,0.0,15481.34806640625,15481.34806640625,0.0,0.0,26037.664265668853,26037.664265668853,0.0,-357049.8380092931,-357049.8380092931,77322.89613300441,77322.89613300441,77222.89613300441,0.0,100.0,0.0,0.0,77322.89613300441,35803.88380092931,1,0.0,100.0
3467,27305.534361671824,0.0,-273055.34361671825,0.0,10.0,0.0,-0.0,0.1,0.305293525,30.5293525,0.0,0.0,100.0,1.0,0.11,-11.0,-1408.1523636830625,1408.1523636830625,0.0,-1408.1523636830625,1408.1523636830625,0.0,-73356.3685456532,73356.3685456532,0.0,0.0,21015.74302734375,21015.74302734375,0.0,0.0,27751.395884003745,27751.395884003745,0.0,-273066.34361671825,-273066.34361671825,76172.67327301932,76172.67327301932,76072.67327301932,0.0,100.0,0.0,0.0,76172.67327301932,27405.534361671824,1,0.0,100.0
3468,20078.560644859648,0.0,-200785.6064485965,0.0,10.0,0.0,-0.0,0.1,0.309398958,30.9398958,0.0,0.0,100.0,1.0,0.11,-11.0,-1416.162673339,1416.162673339,0.0,-1416.162673339,1416.162673339,0.0,-80921.6518055319,80921.6518055319,0.0,0.0,35188.28147460937,35188.28147460937,0.0,0.0,28387.135032740884,28387.135032740884,0.0,-200796.6064485965,-200796.6064485965,83753.9771522099,83753.9771522099,83653.9771522099,0.0,100.0,0.0,0.0,83753.9771522099,20178.56064485965,1,0.0,100.0
3469,22786.013116391056,0.0,-227860.13116391056,0.0,10.0,0.0,-0.0,0.1,0.329528567,32.9528567,0.0,0.0,100.0,1.0,0.11,-11.0,-1321.7902814900667,1321.7902814900667,0.0,-1321.7902814900667,1321.7902814900667,0.0,-81169.25342875441,81169.25342875441,0.0,0.0,34253.4174609375,34253.4174609375,0.0,0.0,26673.40341440599,26673.40341440599,0.0,-227871.13116391056,-227871.13116391056,83812.83399173454,83812.83399173454,83712.83399173454,0.0,100.0,0.0,0.0,83812.83399173454,22886.013116391056,1,0.0,100.0
3470,34232.98506117237,0.0,-342329.85061172367,0.0,10.0,0.0,-0.0,0.1,0.3493953939999999,34.939539399999994,0.0,0.0,100.0,1.0,0.08,-8.0,-1183.9377001248938,1183.9377001248938,0.0,-1183.9377001248938,1183.9377001248938,0.0,-84113.83605798248,84113.83605798248,0.0,0.0,28045.92041015625,28045.92041015625,0.0,0.0,24102.80598690365,24102.80598690365,0.0,-342337.85061172367,-342337.85061172367,86481.71145823227,86481.71145823227,86381.71145823227,0.0,100.0,0.0,0.0,86481.71145823227,34332.98506117237,1,0.0,100.0
3471,58010.96413112452,0.0,-580109.6413112453,0.0,10.0,0.0,-0.0,0.1,0.363165653,36.3165653,0.0,0.0,100.0,1.0,0.08,-8.0,-1086.2906456194398,1086.2906456194398,0.0,-1086.2906456194398,1086.2906456194398,0.0,-89584.68218728794,89584.68218728794,0.0,0.0,14546.484052734377,14546.484052734377,0.0,0.0,19099.81529466792,19099.81529466792,0.0,-580117.6413112453,-580117.6413112453,91757.26347852682,91757.26347852682,91657.26347852682,0.0,100.0,0.0,0.0,91757.26347852682,58110.96413112452,1,0.0,100.0
3472,69103.46458283567,0.0,-691034.6458283567,0.0,10.0,0.0,-0.0,0.1,0.390374406,39.037440600000004,0.0,0.0,100.0,1.0,0.08,-8.0,-845.270823971669,845.270823971669,0.0,-845.270823971669,845.270823971669,0.0,-82928.18440669718,82928.18440669718,0.0,0.0,3889.034296875,3889.034296875,0.0,0.0,11526.227174929843,11526.227174929843,0.0,-691042.6458283567,-691042.6458283567,84618.72605464052,84618.72605464052,84518.72605464052,0.0,100.0,0.0,0.0,84618.72605464052,69203.46458283567,1,0.0,100.0
3473,58260.4952244889,0.0,-582604.952244889,0.0,10.0,0.0,-0.0,0.1,0.399852968,39.9852968,0.0,0.0,100.0,1.0,0.11,-11.0,-824.9391621661038,824.9391621661038,0.0,-824.9391621661038,824.9391621661038,0.0,-71278.5765741456,71278.5765741456,0.0,0.0,7740.674033203125,7740.674033203125,0.0,0.0,6827.285640785782,6827.285640785782,0.0,-582615.952244889,-582615.952244889,72928.45489847781,72928.45489847781,72828.45489847781,0.0,100.0,0.0,0.0,72928.45489847781,58360.4952244889,1,0.0,100.0
3474,67331.08891980321,0.0,-673310.8891980321,0.0,10.0,0.0,-0.0,0.1,0.399925485,39.992548500000005,0.0,0.0,100.0,1.0,0.11,-11.0,-798.1663619856392,798.1663619856392,0.0,-798.1663619856392,798.1663619856392,0.0,-70096.21060507098,70096.21060507098,0.0,0.0,2243.6736328125,2243.6736328125,0.0,0.0,2017.7807764265672,2017.7807764265672,0.0,-673321.8891980321,-673321.8891980321,71692.54332904228,71692.54332904227,71592.54332904228,0.0,100.0,0.0,0.0,71692.54332904227,67431.0889198032,1,0.0,100.0
3475,65486.244046982334,0.0,-654862.4404698233,0.0,10.0,0.0,-0.0,0.1,0.389155002,38.915500200000004,0.0,0.0,100.0,1.0,0.11,-11.0,-810.7031151902121,810.7031151902121,0.0,-810.7031151902121,810.7031151902121,0.0,-63964.83781660191,63964.83781660191,0.0,0.0,0.0,0.0,0.0,0.0,0.0,0.0,0.0,-654873.4404698233,-654873.4404698233,65586.24404698233,65586.24404698233,65486.244046982334,0.0,100.0,0.0,0.0,65586.24404698233,65586.24404698233,1,0.0,100.0
3476,62344.643296050825,0.0,-623446.4329605083,0.0,10.0,0.0,-0.0,0.1,0.384154475,38.4154475,0.0,0.0,100.0,1.0,0.11,-11.0,-234.54234850044628,234.54234850044628,0.0,-234.54234850044628,234.54234850044628,0.0,-61975.55859904993,61975.55859904993,0.0,0.0,0.0,0.0,0.0,0.0,0.0,0.0,0.0,-623457.4329605083,-623457.4329605083,62444.643296050825,62444.643296050825,62344.643296050825,0.0,100.0,0.0,0.0,62444.643296050825,62444.643296050825,1,0.0,100.0
3477,21489.396897271465,0.0,-214893.96897271465,0.0,10.0,0.0,-0.0,0.1,0.3789627129999999,37.89627129999999,0.0,0.0,100.0,1.0,0.11,-11.0,-233.6955274829504,233.6955274829504,0.0,-233.6955274829504,233.6955274829504,0.0,-21122.005842305563,21122.005842305563,0.0,0.0,0.0,0.0,0.0,0.0,0.0,0.0,0.0,-214904.96897271465,-214904.96897271465,21589.396897271465,21589.396897271465,21489.396897271465,0.0,100.0,0.0,0.0,21589.396897271465,21589.396897271465,1,0.0,100.0
3478,18510.74156373415,0.0,-185107.4156373415,0.0,10.0,0.0,-0.0,0.1,0.37416914,37.416914,0.0,0.0,100.0,1.0,0.11,-11.0,-236.65703920134075,236.65703920134075,0.0,-236.65703920134075,236.65703920134075,0.0,-18137.42748533147,18137.42748533147,0.0,0.0,0.0,0.0,0.0,0.0,0.0,0.0,0.0,-185118.4156373415,-185118.4156373415,18610.74156373415,18610.74156373415,18510.74156373415,0.0,100.0,0.0,0.0,18610.74156373415,18610.74156373415,1,0.0,100.0
3479,17765.831565231543,0.0,-177658.31565231545,0.0,10.0,0.0,-0.0,0.1,0.3771254029999999,37.71254029999999,0.0,0.0,100.0,1.0,0.11,-11.0,-233.6772252197662,233.6772252197662,0.0,-233.6772252197662,233.6772252197662,0.0,-17398.47711479201,17398.47711479201,0.0,0.0,0.0,0.0,0.0,0.0,0.0,0.0,0.0,-177669.31565231545,-177669.31565231545,17865.831565231543,17865.831565231543,17765.831565231543,0.0,100.0,0.0,0.0,17865.831565231543,17865.831565231543,1,0.0,100.0
3480,17765.708838217954,0.0,-177657.08838217953,0.0,10.0,0.0,-0.0,0.1,0.382338326,38.2338326,0.0,0.0,100.0,1.0,0.08,-8.0,-233.61595542550128,233.61595542550128,0.0,-233.61595542550128,233.61595542550128,0.0,-17398.47692736695,17398.47692736695,0.0,0.0,0.0,0.0,0.0,0.0,0.0,0.0,0.0,-177665.08838217953,-177665.08838217953,17865.708838217954,17865.708838217954,17765.708838217954,0.0,100.0,0.0,0.0,17865.708838217954,17865.708838217954,1,0.0,100.0
3481,17765.59595838967,0.0,-177655.95958389668,0.0,10.0,0.0,-0.0,0.1,0.3927424579999999,39.27424579999999,0.0,0.0,100.0,1.0,0.08,-8.0,-233.5595155113593,233.5595155113593,0.0,-233.5595155113593,233.5595155113593,0.0,-17398.47692736695,17398.47692736695,0.0,0.0,0.0,0.0,0.0,0.0,0.0,0.0,0.0,-177663.95958389668,-177663.95958389668,17865.59595838967,17865.59595838967,17765.59595838967,0.0,100.0,0.0,0.0,17865.59595838967,17865.59595838967,1,0.0,100.0
3482,17765.523115201442,0.0,-177655.23115201443,0.0,10.0,0.0,-0.0,0.1,0.414741517,41.4741517,0.0,0.0,100.0,1.0,0.08,-8.0,-233.52309391724447,233.52309391724447,0.0,-233.52309391724447,233.52309391724447,0.0,-17398.47692736695,17398.47692736695,0.0,0.0,0.0,0.0,0.0,0.0,0.0,0.0,0.0,-177663.23115201443,-177663.23115201443,17865.523115201442,17865.523115201442,17765.523115201442,0.0,100.0,0.0,0.0,17865.523115201442,17865.523115201442,1,0.0,100.0
3483,18515.22272387724,0.0,-185152.22723877238,0.0,10.0,0.0,-0.0,0.1,0.423379996,42.337999599999996,0.0,0.0,100.0,1.0,0.08,-8.0,-238.89771298541447,238.89771298541447,0.0,-238.89771298541447,238.89771298541447,0.0,-18137.42729790641,18137.42729790641,0.0,0.0,0.0,0.0,0.0,0.0,0.0,0.0,0.0,-185160.22723877238,-185160.22723877238,18615.22272387724,18615.22272387724,18515.22272387724,0.0,100.0,0.0,0.0,18615.22272387724,18615.22272387724,1,0.0,100.0
3484,18915.45040047122,0.0,-189154.50400471222,0.0,10.0,0.0,-0.0,0.1,0.404522696,40.4522696,0.0,0.0,100.0,1.0,0.08,-8.0,-238.0481812901699,238.0481812901699,0.0,-238.0481812901699,238.0481812901699,0.0,-18539.35403789088,18539.35403789088,0.0,0.0,0.0,0.0,0.0,0.0,0.0,0.0,0.0,-189162.50400471222,-189162.50400471222,19015.45040047122,19015.45040047122,18915.45040047122,0.0,100.0,0.0,0.0,19015.45040047122,19015.45040047122,1,0.0,100.0
3485,37463.52163357767,0.0,-374635.2163357767,0.0,10.0,0.0,-0.0,0.1,0.394858012,39.4858012,0.0,0.0,100.0,1.0,0.11,-11.0,-379.5365804851063,379.5365804851063,0.0,-379.5365804851063,379.5365804851063,0.0,-41795.87536878306,41795.87536878306,0.0,0.0,3664.66693359375,3664.66693359375,0.0,0.0,1326.7599625818525,1326.7599625818525,0.0,-374646.2163357767,-374646.2163357767,42554.948529753274,42554.948529753274,42454.948529753274,0.0,100.0,0.0,0.0,42554.948529753274,37563.52163357767,1,0.0,100.0
3486,34317.81303897078,0.0,-343178.1303897078,0.0,10.0,0.0,-0.0,0.1,0.3793581239999999,37.93581239999999,0.0,0.0,100.0,1.0,0.11,-11.0,-633.8170880570377,633.8170880570377,0.0,-633.8170880570377,633.8170880570377,0.0,-46913.15559273349,46913.15559273349,0.0,0.0,10694.84431640625,10694.84431640625,0.0,0.0,3068.1324134705337,3068.1324134705337,0.0,-343189.1303897078,-343189.1303897078,48180.789768847564,48180.789768847564,48080.789768847564,0.0,100.0,0.0,0.0,48180.789768847564,34417.81303897078,1,0.0,100.0
3487,64602.59718484683,0.0,-646025.9718484683,0.0,10.0,0.0,-0.0,0.1,0.354455191,35.4455191,0.0,0.0,100.0,1.0,0.11,-11.0,-936.7906496736316,936.7906496736316,0.0,-936.7906496736316,936.7906496736316,0.0,-88016.9991353607,88016.9991353607,0.0,0.0,18996.4367578125,18996.4367578125,0.0,0.0,6191.546492048645,6191.546492048645,0.0,-646036.9718484683,-646036.9718484683,89890.58043470798,89890.58043470797,89790.58043470798,0.0,100.0,0.0,0.0,89890.58043470797,64702.597184846825,1,0.0,100.0
3488,51464.420716033026,0.0,-514644.20716033026,0.0,10.0,0.0,-0.0,0.1,0.339049402,33.9049402,0.0,0.0,100.0,1.0,0.11,-11.0,-1023.4252636853118,1023.4252636853118,0.0,-1023.4252636853118,1023.4252636853118,0.0,-90135.30321483684,90135.30321483684,0.0,0.0,25802.24677734375,25802.24677734375,0.0,0.0,14815.486248830684,14815.486248830684,0.0,-514655.20716033026,-514655.20716033026,92182.15374220746,92182.15374220746,92082.15374220746,0.0,100.0,0.0,0.0,92182.15374220746,51564.420716033026,1,0.0,100.0
3489,42287.12370658408,0.0,-422871.23706584086,0.0,10.0,0.0,-0.0,0.1,0.334953946,33.4953946,0.0,0.0,100.0,1.0,0.11,-11.0,-1115.8650607953346,1115.8650607953346,0.0,-1115.8650607953346,1115.8650607953346,0.0,-88592.02018495725,88592.02018495725,0.0,0.0,30027.832119140625,30027.832119140625,0.0,0.0,18408.7944808232,18408.7944808232,0.0,-422882.23706584086,-422882.23706584086,90823.75030654791,90823.75030654791,90723.75030654791,0.0,100.0,0.0,0.0,90823.75030654791,42387.12370658408,1,0.0,100.0
3490,43574.855748764676,0.0,-435748.55748764676,0.0,10.0,0.0,-0.0,0.1,0.319413761,31.941376100000003,0.0,0.0,100.0,1.0,0.11,-11.0,-1190.7926879948916,1190.7926879948916,0.0,-1190.7926879948916,1190.7926879948916,0.0,-89650.21517792829,89650.21517792829,0.0,0.0,30252.199482421875,30252.199482421875,0.0,0.0,18104.745322731527,18104.745322731527,0.0,-435759.55748764676,-435759.55748764676,92031.80055391807,92031.80055391807,91931.80055391807,0.0,100.0,0.0,0.0,92031.80055391807,43674.855748764676,1,0.0,100.0
3491,36304.75250716039,0.0,-363047.5250716039,0.0,10.0,0.0,-0.0,0.1,0.310645111,31.064511099999997,0.0,0.0,100.0,1.0,0.11,-11.0,-1245.7048437556125,1245.7048437556125,0.0,-1245.7048437556125,1245.7048437556125,0.0,-85492.6063792149,85492.6063792149,0.0,0.0,35823.98900390625,35823.98900390625,0.0,0.0,15755.274555659496,15755.274555659496,0.0,-363058.5250716039,-363058.5250716039,87984.01606672614,87984.01606672614,87884.01606672614,0.0,100.0,0.0,0.0,87984.01606672614,36404.75250716039,1,0.0,100.0
3492,63794.200696391476,0.0,-637942.0069639147,0.0,10.0,0.0,-0.0,0.1,0.339119403,33.9119403,0.0,0.0,100.0,1.0,0.11,-11.0,-1253.4726535290552,1253.4726535290552,0.0,-1253.4726535290552,1253.4726535290552,0.0,-87484.52484390175,87484.52484390175,0.0,0.0,11143.57904296875,11143.57904296875,0.0,0.0,14953.690411599628,14953.690411599628,0.0,-637953.0069639147,-637953.0069639147,89991.47015095985,89991.47015095985,89891.47015095985,0.0,100.0,0.0,0.0,89991.47015095985,63894.200696391476,1,0.0,100.0
3493,60385.30823876832,0.0,-603853.0823876832,0.0,10.0,0.0,-0.0,0.1,0.372850907,37.2850907,0.0,0.0,100.0,1.0,0.11,-11.0,-1267.7402923026225,1267.7402923026225,0.0,-1267.7402923026225,1267.7402923026225,0.0,-87389.54320471046,87389.54320471046,0.0,0.0,20567.00830078125,20567.00830078125,0.0,0.0,8872.707249766137,8872.707249766137,0.0,-603864.0823876832,-603864.0823876832,89925.0237893157,89925.0237893157,89825.0237893157,0.0,100.0,0.0,0.0,89925.0237893157,60485.30823876832,1,0.0,100.0
3494,66583.83855641933,0.0,-665838.3855641934,0.0,10.0,0.0,-0.0,0.1,0.399488636,39.9488636,0.0,0.0,100.0,1.0,0.08,-8.0,-1250.6288101375535,1250.6288101375535,0.0,-1250.6288101375535,1250.6288101375535,0.0,-87187.12813089765,87187.12813089765,0.0,0.0,15182.19158203125,15182.19158203125,0.0,0.0,7822.355612722172,7822.355612722172,0.0,-665846.3855641934,-665846.3855641934,89688.38575117275,89688.38575117275,89588.38575117275,0.0,100.0,0.0,0.0,89688.38575117275,66683.83855641933,1,0.0,100.0
3495,72474.3315265306,0.0,-724743.315265306,0.0,10.0,0.0,-0.0,0.1,0.418580317,41.8580317,0.0,0.0,100.0,1.0,0.08,-8.0,-1172.4773919336378,1172.4773919336378,0.0,-1172.4773919336378,1172.4773919336378,0.0,-89283.0317114115,89283.0317114115,0.0,0.0,12751.545146484375,12751.545146484375,0.0,0.0,6302.109822263799,6302.109822263799,0.0,-724751.315265306,-724751.315265306,91627.98649527878,91627.98649527878,91527.98649527878,0.0,100.0,0.0,0.0,91627.98649527878,72574.3315265306,1,0.0,100.0
3496,65355.383407773304,0.0,-653553.8340777331,0.0,10.0,0.0,-0.0,0.1,0.429939458,42.9939458,0.0,0.0,100.0,1.0,0.08,-8.0,-913.7768650407878,913.7768650407878,0.0,-913.7768650407878,913.7768650407878,0.0,-78660.6643536173,78660.6643536173,0.0,0.0,10582.660634765623,10582.660634765623,0.0,0.0,4450.174041159963,4450.174041159963,0.0,-653561.8340777331,-653561.8340777331,80488.21808369888,80488.21808369888,80388.21808369888,0.0,100.0,0.0,0.0,80488.21808369888,65455.3834077733,1,0.0,100.0
3497,59786.19878197095,0.0,-597861.9878197095,0.0,10.0,0.0,-0.0,0.1,0.429336084,42.9336084,0.0,0.0,100.0,1.0,0.11,-11.0,-890.060538962646,890.060538962646,0.0,-890.060538962646,890.060538962646,0.0,-65342.86182333975,65342.86182333975,0.0,0.0,4749.109189453125,4749.109189453125,0.0,0.0,2487.674929840973,2487.674929840973,0.0,-597872.9878197095,-597872.9878197095,67122.98290126504,67122.98290126504,67022.98290126504,0.0,100.0,0.0,0.0,67122.98290126504,59886.19878197095,1,0.0,100.0
3498,55902.65088733571,0.0,-559026.5088733571,0.0,10.0,0.0,-0.0,0.1,0.434713337,43.471333699999995,0.0,0.0,100.0,1.0,0.11,-11.0,-868.2209973861904,868.2209973861904,0.0,-868.2209973861904,868.2209973861904,0.0,-57197.6626363696,57197.6626363696,0.0,0.0,2019.3062695312497,2019.3062695312497,0.0,0.0,912.1474742750236,912.1474742750236,0.0,-559037.5088733571,-559037.5088733571,58934.104631141985,58934.10463114198,58834.104631141985,0.0,100.0,0.0,0.0,58934.10463114198,56002.6508873357,1,0.0,100.0
3499,46489.97805457077,0.0,-464899.7805457077,0.0,10.0,0.0,-0.0,0.1,0.427072324,42.7072324,0.0,0.0,100.0,1.0,0.11,-11.0,-862.1828003548535,862.1828003548535,0.0,-862.1828003548535,862.1828003548535,0.0,-44865.61245386106,44865.61245386106,0.0,0.0,0.0,0.0,0.0,0.0,0.0,0.0,0.0,-464910.7805457077,-464910.7805457077,46589.97805457077,46589.97805457077,46489.97805457077,0.0,100.0,0.0,0.0,46589.97805457077,46589.97805457077,1,0.0,100.0
3500,41136.70886274749,0.0,-411367.08862747485,0.0,10.0,0.0,-0.0,0.1,0.417010363,41.7010363,0.0,0.0,100.0,1.0,0.11,-11.0,-233.76354631417183,233.76354631417183,0.0,-233.76354631417183,233.76354631417183,0.0,-40769.18177011915,40769.18177011915,0.0,0.0,0.0,0.0,0.0,0.0,0.0,0.0,0.0,-411378.08862747485,-411378.08862747485,41236.70886274749,41236.70886274749,41136.70886274749,0.0,100.0,0.0,0.0,41236.70886274749,41236.70886274749,1,0.0,100.0
3501,21489.52465698264,0.0,-214895.2465698264,0.0,10.0,0.0,-0.0,0.1,0.405768003,40.5768003,0.0,0.0,100.0,1.0,0.11,-11.0,-233.75950105107069,233.75950105107069,0.0,-233.75950105107069,233.75950105107069,0.0,-21122.0056548805,21122.0056548805,0.0,0.0,0.0,0.0,0.0,0.0,0.0,0.0,0.0,-214906.2465698264,-214906.2465698264,21589.52465698264,21589.52465698264,21489.52465698264,0.0,100.0,0.0,0.0,21589.52465698264,21589.52465698264,1,0.0,100.0
3502,18510.75538117062,0.0,-185107.5538117062,0.0,10.0,0.0,-0.0,0.1,0.395809797,39.5809797,0.0,0.0,100.0,1.0,0.11,-11.0,-236.66404163210507,236.66404163210507,0.0,-236.66404163210507,236.66404163210507,0.0,-18137.42729790641,18137.42729790641,0.0,0.0,0.0,0.0,0.0,0.0,0.0,0.0,0.0,-185118.5538117062,-185118.5538117062,18610.75538117062,18610.75538117062,18510.75538117062,0.0,100.0,0.0,0.0,18610.75538117062,18610.75538117062,1,0.0,100.0
3503,17765.864469631902,0.0,-177658.644696319,0.0,10.0,0.0,-0.0,0.1,0.396551297,39.6551297,0.0,0.0,100.0,1.0,0.11,-11.0,-233.6937711324753,233.6937711324753,0.0,-233.6937711324753,233.6937711324753,0.0,-17398.47692736695,17398.47692736695,0.0,0.0,0.0,0.0,0.0,0.0,0.0,0.0,0.0,-177669.644696319,-177669.644696319,17865.864469631902,17865.864469631902,17765.864469631902,0.0,100.0,0.0,0.0,17865.864469631902,17865.864469631902,1,0.0,100.0
3504,14752.470665083323,0.0,-147524.70665083322,0.0,10.0,0.0,-0.0,0.1,0.408649927,40.8649927,0.0,0.0,100.0,1.0,0.08,-8.0,-233.6745814888624,233.6745814888624,0.0,-233.6745814888624,233.6745814888624,0.0,-14385.121502105598,14385.121502105598,0.0,0.0,0.0,0.0,0.0,0.0,0.0,0.0,0.0,-147532.70665083322,-147532.70665083322,14852.470665083323,14852.470665083323,14752.470665083323,0.0,100.0,0.0,0.0,14852.470665083323,14852.470665083323,1,0.0,100.0
3505,14752.382786240272,0.0,-147523.82786240272,0.0,10.0,0.0,-0.0,0.1,0.430216955,43.0216955,0.0,0.0,100.0,1.0,0.08,-8.0,-233.63063904435325,233.63063904435325,0.0,-233.63063904435325,233.63063904435325,0.0,-14385.121508151566,14385.121508151566,0.0,0.0,0.0,0.0,0.0,0.0,0.0,0.0,0.0,-147531.82786240272,-147531.82786240272,14852.382786240272,14852.382786240272,14752.382786240272,0.0,100.0,0.0,0.0,14852.382786240272,14852.382786240272,1,0.0,100.0
3506,14752.313153822723,0.0,-147523.13153822723,0.0,10.0,0.0,-0.0,0.1,0.449310842,44.9310842,0.0,0.0,100.0,1.0,0.08,-8.0,-233.5958228355784,233.5958228355784,0.0,-233.5958228355784,233.5958228355784,0.0,-14385.121508151566,14385.121508151566,0.0,0.0,0.0,0.0,0.0,0.0,0.0,0.0,0.0,-147531.13153822723,-147531.13153822723,14852.313153822723,14852.313153822723,14752.313153822723,0.0,100.0,0.0,0.0,14852.313153822723,14852.313153822723,1,0.0,100.0
3507,15493.48458569148,0.0,-154934.8458569148,0.0,10.0,0.0,-0.0,0.1,0.44562292,44.562292,0.0,0.0,100.0,1.0,0.08,-8.0,-234.7063535002252,234.7063535002252,0.0,-234.7063535002252,234.7063535002252,0.0,-15124.07187869103,15124.07187869103,0.0,0.0,0.0,0.0,0.0,0.0,0.0,0.0,0.0,-154942.8458569148,-154942.8458569148,15593.48458569148,15593.48458569148,15493.48458569148,0.0,100.0,0.0,0.0,15593.48458569148,15593.48458569148,1,0.0,100.0
3508,14388.557247315115,0.0,-143885.57247315114,0.0,10.0,0.0,-0.0,0.1,0.424083497,42.408349699999995,0.0,0.0,100.0,1.0,0.08,-8.0,-234.61817668112155,234.61817668112155,0.0,-234.61817668112155,234.61817668112155,0.0,-14019.320893952872,14019.320893952872,0.0,0.0,0.0,0.0,0.0,0.0,0.0,0.0,0.0,-143893.57247315114,-143893.57247315114,14488.557247315115,14488.557247315115,14388.557247315115,0.0,100.0,0.0,0.0,14488.557247315115,14488.557247315115,1,0.0,100.0
3509,26138.317456377474,0.0,-261383.17456377472,0.0,10.0,0.0,-0.0,0.1,0.373347962,37.3347962,0.0,0.0,100.0,1.0,0.11,-11.0,-210.6965729151816,210.6965729151816,0.0,-210.6965729151816,210.6965729151816,0.0,-29237.77966375396,29237.77966375396,0.0,0.0,2094.095390625,2094.095390625,0.0,0.0,1326.7599625818525,1326.7599625818525,0.0,-261394.17456377472,-261394.17456377472,29659.17280958433,29659.172809584325,29559.17280958433,0.0,100.0,0.0,0.0,29659.172809584325,26238.317456377474,1,0.0,100.0
3510,15191.090558065953,0.0,-151910.9055806595,0.0,10.0,0.0,-0.0,0.1,0.32256386,32.256386,0.0,0.0,100.0,1.0,0.11,-11.0,-198.3786325441353,198.3786325441353,0.0,-198.3786325441353,198.3786325441353,0.0,-30489.76996741239,30489.76996741239,0.0,0.0,9984.347666015625,9984.347666015625,0.0,0.0,5611.089008419084,5611.089008419084,0.0,-151921.9055806595,-151921.9055806595,30886.527232500663,30886.527232500663,30786.527232500663,0.0,100.0,0.0,0.0,30886.527232500663,15291.090558065953,1,0.0,100.0
3511,17534.298417255988,0.0,-175342.98417255987,0.0,10.0,0.0,-0.0,0.1,0.286073182,28.607318199999998,0.0,0.0,100.0,1.0,0.11,-11.0,-198.3977015160604,198.3977015160604,0.0,-198.3977015160604,198.3977015160604,0.0,-47282.17103642445,47282.17103642445,0.0,0.0,18435.51834960937,18435.51834960937,0.0,0.0,11609.14967259121,11609.14967259121,0.0,-175353.98417255987,-175353.98417255987,47678.96643945657,47678.96643945657,47578.96643945657,0.0,100.0,0.0,0.0,47678.96643945657,17634.298417255988,1,0.0,100.0
3512,7128.332306143824,0.0,-71283.32306143825,0.0,10.0,0.0,-0.0,0.1,0.278173462,27.8173462,0.0,0.0,100.0,1.0,0.11,-11.0,-198.4140244957761,198.4140244957761,0.0,-198.4140244957761,198.4140244957761,0.0,-45934.04226378632,45934.04226378632,0.0,0.0,22324.55264648437,22324.55264648437,0.0,0.0,16777.985360149676,16777.985360149676,0.0,-71294.32306143825,-71294.32306143825,46330.87031277787,46330.87031277787,46230.87031277787,0.0,100.0,0.0,0.0,46330.87031277787,7228.332306143828,1,0.0,100.0
3513,0.0,0.0,-0.0,55.55555555555556,10.0,0.0,-0.0,0.1,0.274231322,0.0,0.0,100.0,0.0,1.0,0.11,0.0,-198.50704542120727,198.50704542120727,0.0,-198.50704542120727,198.50704542120727,0.0,-42634.34117860877,42634.34117860877,0.0,0.0,27111.05639648437,27111.05639648437,0.0,5677.480791309255,21753.33521983162,16075.854428522365,0.0,0.0,0.0,43186.91082500674,43186.91082500674,43186.91082500674,0.0,0.0,155.55555555555475,0.0,43031.35526945118,-5833.036346864807,1,-55.55555555555556,-100.0
3514,0.0,0.0,-0.0,44.44444444444444,60.0,0.0,-0.0,0.6,0.273293859,0.0,0.0,100.0,0.0,1.0,0.11,0.0,-201.5319708228859,201.5319708228859,0.0,-201.5319708228859,201.5319708228859,0.0,-42656.178864301575,42656.178864301575,0.0,0.0,30065.226679687497,30065.226679687497,0.0,12263.464546227427,25401.92511693172,13138.460570704294,0.0,0.0,0.0,43203.68725039179,43203.68725039179,43203.68725039179,0.0,0.0,144.44444444444525,0.0,43059.242805947346,-12407.908990671873,1,-44.44444444444444,-100.0
3515,468.98410892025277,0.0,-4689.841089202528,0.0,100.0,45.0,-0.0,1.0,0.269521053,26.9521053,0.0,0.0,100.0,1.0,0.11,-11.0,-198.62041442171824,198.62041442171824,0.0,-198.62041442171824,198.62041442171824,0.0,-48935.01869313809,48935.01869313809,0.0,0.0,22735.8928125,22735.8928125,0.0,0.0,25982.382600561275,25982.382600561275,0.0,-4700.841089202528,-4700.841089202528,49332.25952198153,49332.25952198153,49187.25952198153,0.0,145.0,0.0,0.0,49332.25952198153,613.9841089202528,1,45.0,100.0
3516,0.0,0.0,-0.0,55.55555555555556,50.0,0.0,-0.0,0.5,0.272026179,0.0,0.0,100.0,0.0,1.0,0.11,0.0,-222.40639722748293,222.40639722748293,0.0,-222.40639722748293,222.40639722748293,0.0,-60325.09764931851,60325.09764931851,0.0,0.0,36497.09109375,36497.09109375,0.0,3516.5068063012404,27944.881711880265,24428.374905579025,0.0,0.0,0.0,60925.465999329026,60925.465999329026,60925.465999329026,0.0,0.0,155.55555555555475,0.0,60769.91044377347,-3672.062361856799,1,-55.55555555555556,-100.0
3517,0.0,0.0,-0.0,0.0,100.0,-0.0,-0.0,1.0,0.292088836,0.0,0.0,100.0,0.0,1.0,0.11,0.0,-261.9847296839733,261.9847296839733,0.0,-261.9847296839733,261.9847296839733,0.0,-47400.33708291197,47400.33708291197,0.0,0.0,35450.0433984375,35450.0433984375,0.0,14734.879419300712,27309.142563143127,12574.263143842414,0.0,0.0,0.0,48024.30654227991,48024.30654227991,48024.30654227991,0.0,0.0,100.0,0.0,47924.30654227991,-14834.879419300712,1,-0.0,-100.0
3518,0.0,0.0,-0.0,0.0,100.0,-0.0,-0.0,1.0,0.320389904,0.0,0.0,100.0,0.0,1.0,0.08,0.0,-275.107598958814,275.107598958814,0.0,-275.107598958814,275.107598958814,0.0,-47041.16146693148,47041.16146693148,0.0,0.0,30065.226679687497,30065.226679687497,0.0,6200.247676204155,23826.397661365765,17626.14998516161,0.0,0.0,0.0,47691.37666484911,47691.37666484911,47691.37666484911,0.0,0.0,100.0,0.0,47591.37666484911,-6300.247676204155,1,-0.0,-100.0
3519,8942.940868838796,0.0,-89429.40868838795,0.0,100.0,45.0,-0.0,1.0,0.345418721,34.5418721,0.0,0.0,100.0,1.0,0.08,-8.0,-268.73609977983256,268.73609977983256,0.0,-268.73609977983256,268.73609977983256,0.0,-49940.68275273549,49940.68275273549,0.0,0.0,22511.52544921875,22511.52544921875,0.0,0.0,18878.68863423761,18878.68863423761,0.0,-89437.40868838795,-89437.40868838795,50478.15495229515,50478.15495229515,50333.15495229515,0.0,145.0,0.0,0.0,50478.15495229515,9087.940868838792,1,45.0,100.0
3520,16075.660095950867,0.0,-160756.60095950868,0.0,50.0,36.0,-0.0,0.5,0.371772931,37.1772931,0.0,0.0,100.0,1.0,0.08,-8.0,-281.13981859926497,281.13981859926497,0.0,-281.13981859926497,281.13981859926497,0.0,-44944.60015747047,44944.60015747047,0.0,0.0,16304.0283984375,16304.0283984375,0.0,0.0,12991.191300280638,12991.191300280638,0.0,-160764.60095950868,-160764.60095950868,45506.879794669,45506.879794669,45370.879794669,0.0,136.0,0.0,0.0,45506.879794669,16211.660095950865,1,36.0,100.0
3521,2549.093866498035,0.0,-25490.93866498035,0.0,10.0,0.0,-0.0,0.1,0.403961286,40.3961286,0.0,0.0,100.0,1.0,0.11,-11.0,-287.4006890794629,287.4006890794629,0.0,-287.4006890794629,287.4006890794629,0.0,-17936.446999199143,17936.446999199143,0.0,0.0,8675.538046874999,8675.538046874999,0.0,0.0,7186.616463985034,7186.616463985034,0.0,-25501.93866498035,-25501.93866498035,18511.248377358068,18511.248377358068,18411.248377358068,0.0,100.0,0.0,0.0,18511.248377358068,2649.093866498035,1,0.0,100.0
3522,12276.979670400346,0.0,-122769.79670400346,0.0,10.0,0.0,-0.0,0.1,0.4286180639999999,42.86180639999999,0.0,0.0,100.0,1.0,0.11,-11.0,-271.22965564678606,271.22965564678606,0.0,-271.22965564678606,271.22965564678606,0.0,-16458.546294396034,16458.546294396034,0.0,0.0,2468.04099609375,2468.04099609375,0.0,0.0,2155.98493919551,2155.98493919551,0.0,-122780.79670400346,-122780.79670400346,17001.005605689606,17001.005605689606,16901.005605689606,0.0,100.0,0.0,0.0,17001.005605689606,12376.979670400346,1,0.0,100.0
3523,19941.193894628123,0.0,-199411.9389462812,0.0,10.0,0.0,-0.0,0.1,0.425077366,42.5077366,0.0,0.0,100.0,1.0,0.11,-11.0,-241.6813200745692,241.6813200745692,0.0,-241.6813200745692,241.6813200745692,0.0,-19557.831254478984,19557.831254478984,0.0,0.0,0.0,0.0,0.0,0.0,0.0,0.0,0.0,-199422.9389462812,-199422.9389462812,20041.193894628123,20041.193894628123,19941.193894628123,0.0,100.0,0.0,0.0,20041.193894628123,20041.193894628123,1,0.0,100.0
3524,18449.029948339386,0.0,-184490.29948339387,0.0,10.0,0.0,-0.0,0.1,0.422037702,42.2037702,0.0,0.0,100.0,1.0,0.11,-11.0,-234.5211442170624,234.5211442170624,0.0,-234.5211442170624,234.5211442170624,0.0,-18079.987659905262,18079.987659905262,0.0,0.0,0.0,0.0,0.0,0.0,0.0,0.0,0.0,-184501.29948339387,-184501.29948339387,18549.029948339386,18549.029948339386,18449.029948339386,0.0,100.0,0.0,0.0,18549.029948339386,18549.029948339386,1,0.0,100.0
3525,16969.30297955473,0.0,-169693.0297955473,0.0,10.0,0.0,-0.0,0.1,0.414576458,41.457645799999995,0.0,0.0,100.0,1.0,0.11,-11.0,-233.66517989238687,233.66517989238687,0.0,-233.66517989238687,233.66517989238687,0.0,-16601.972619769957,16601.972619769957,0.0,0.0,0.0,0.0,0.0,0.0,0.0,0.0,0.0,-169704.0297955473,-169704.0297955473,17069.30297955473,17069.30297955473,16969.30297955473,0.0,100.0,0.0,0.0,17069.30297955473,17069.30297955473,1,0.0,100.0
3526,15497.084429194649,0.0,-154970.8442919465,0.0,10.0,0.0,-0.0,0.1,0.397681732,39.7681732,0.0,0.0,100.0,1.0,0.11,-11.0,-236.50627222882432,236.50627222882432,0.0,-236.50627222882432,236.50627222882432,0.0,-15124.071884737,15124.071884737,0.0,0.0,0.0,0.0,0.0,0.0,0.0,0.0,0.0,-154981.8442919465,-154981.8442919465,15597.084429194649,15597.084429194649,15497.084429194649,0.0,100.0,0.0,0.0,15597.084429194649,15597.084429194649,1,0.0,100.0
3527,14752.335897172228,0.0,-147523.35897172228,0.0,10.0,0.0,-0.0,0.1,0.3898669039999999,38.98669039999999,0.0,0.0,100.0,1.0,0.11,-11.0,-233.6071945103312,233.6071945103312,0.0,-233.6071945103312,233.6071945103312,0.0,-14385.121508151566,14385.121508151566,0.0,0.0,0.0,0.0,0.0,0.0,0.0,0.0,0.0,-147534.35897172228,-147534.35897172228,14852.335897172228,14852.335897172228,14752.335897172228,0.0,100.0,0.0,0.0,14852.335897172228,14852.335897172228,1,0.0,100.0
3528,14752.199221463714,0.0,-147521.99221463714,0.0,10.0,0.0,-0.0,0.1,0.400721142,40.072114199999994,0.0,0.0,100.0,1.0,0.08,-8.0,-233.5532097880412,233.5532097880412,0.0,-233.5532097880412,233.5532097880412,0.0,-14385.092801887631,14385.092801887631,0.0,0.0,0.0,0.0,0.0,0.0,0.0,0.0,0.0,-147529.99221463714,-147529.99221463714,14852.199221463714,14852.199221463714,14752.199221463714,0.0,100.0,0.0,0.0,14852.199221463714,14852.199221463714,1,0.0,100.0
3529,14752.091565309616,0.0,-147520.91565309616,0.0,10.0,0.0,-0.0,0.1,0.421660914,42.1660914,0.0,0.0,100.0,1.0,0.08,-8.0,-233.49938473397623,233.49938473397623,0.0,-233.49938473397623,233.49938473397623,0.0,-14385.092795841663,14385.092795841663,0.0,0.0,0.0,0.0,0.0,0.0,0.0,0.0,0.0,-147528.91565309616,-147528.91565309616,14852.091565309616,14852.091565309616,14752.091565309616,0.0,100.0,0.0,0.0,14852.091565309616,14852.091565309616,1,0.0,100.0
3530,14752.027475547211,0.0,-147520.2747554721,0.0,10.0,0.0,-0.0,0.1,0.437650436,43.7650436,0.0,0.0,100.0,1.0,0.08,-8.0,-233.4673458987442,233.4673458987442,0.0,-233.4673458987442,233.4673458987442,0.0,-14385.092783749722,14385.092783749722,0.0,0.0,0.0,0.0,0.0,0.0,0.0,0.0,0.0,-147528.2747554721,-147528.2747554721,14852.027475547211,14852.027475547211,14752.027475547211,0.0,100.0,0.0,0.0,14852.027475547211,14852.027475547211,1,0.0,100.0
3531,15493.156219764538,0.0,-154931.56219764537,0.0,10.0,0.0,-0.0,0.1,0.416803951,41.6803951,0.0,0.0,100.0,1.0,0.08,-8.0,-234.5565327376773,234.5565327376773,0.0,-234.5565327376773,234.5565327376773,0.0,-15124.043154289184,15124.043154289184,0.0,0.0,0.0,0.0,0.0,0.0,0.0,0.0,0.0,-154939.56219764537,-154939.56219764537,15593.156219764538,15593.156219764538,15493.156219764538,0.0,100.0,0.0,0.0,15593.156219764538,15593.156219764538,1,0.0,100.0
3532,14388.116303221703,0.0,-143881.16303221704,0.0,10.0,0.0,-0.0,0.1,0.376398026,37.6398026,0.0,0.0,100.0,1.0,0.08,-8.0,-234.4121303180189,234.4121303180189,0.0,-234.4121303180189,234.4121303180189,0.0,-14019.292042585665,14019.292042585665,0.0,0.0,0.0,0.0,0.0,0.0,0.0,0.0,0.0,-143889.16303221704,-143889.16303221704,14488.116303221703,14488.116303221703,14388.116303221703,0.0,100.0,0.0,0.0,14488.116303221703,14488.116303221703,1,0.0,100.0
3533,11347.406350295407,0.0,-113474.06350295407,0.0,10.0,0.0,-0.0,0.1,0.331812388,33.1812388,0.0,0.0,100.0,1.0,0.11,-11.0,-210.48708648845545,210.48708648845545,0.0,-210.48708648845545,210.48708648845545,0.0,-16458.46042348898,16458.46042348898,0.0,0.0,4188.190781249999,4188.190781249999,0.0,0.0,1243.8374649204866,1243.8374649204866,0.0,-113485.06350295407,-113485.06350295407,16879.434596465893,16879.434596465893,16779.434596465893,0.0,100.0,0.0,0.0,16879.434596465893,11447.406350295407,1,0.0,100.0
3534,19060.959835620484,0.0,-190609.59835620483,0.0,10.0,0.0,-0.0,0.1,0.299912853,29.991285299999998,0.0,0.0,100.0,1.0,0.11,-11.0,-198.30529390741185,198.30529390741185,0.0,-198.30529390741185,198.30529390741185,0.0,-35315.77774332389,35315.77774332389,0.0,0.0,11106.184482421875,11106.184482421875,0.0,0.0,5445.244013096352,5445.244013096352,0.0,-190620.59835620483,-190620.59835620483,35712.38833113871,35712.38833113871,35612.38833113871,0.0,100.0,0.0,0.0,35712.38833113871,19160.959835620484,1,0.0,100.0
3535,15106.978674549548,0.0,-151069.78674549548,0.0,10.0,0.0,-0.0,0.1,0.282576379,28.2576379,0.0,0.0,100.0,1.0,0.11,-11.0,-198.41194763728123,198.41194763728123,0.0,-198.41194763728123,198.41194763728123,0.0,-44459.74938859518,44459.74938859518,0.0,0.0,17874.59994140625,17874.59994140625,0.0,0.0,11774.99466791394,11774.99466791394,0.0,-151080.78674549548,-151080.78674549548,44856.57328386974,44856.57328386974,44756.57328386974,0.0,100.0,0.0,0.0,44856.57328386974,15206.978674549548,1,0.0,100.0
3536,176.2708282424901,0.0,-1762.708282424901,0.0,10.0,0.0,-0.0,0.1,0.271838234,27.1838234,0.0,0.0,100.0,1.0,0.11,-11.0,-214.9683769425758,214.9683769425758,0.0,-214.9683769425758,214.9683769425758,0.0,-38929.2065278039,38929.2065278039,0.0,0.0,25428.301171875,25428.301171875,0.0,0.0,13654.571281571563,13654.571281571563,0.0,-1773.708282424901,-1773.708282424901,39359.143281689045,39359.14328168905,39259.143281689045,0.0,100.0,0.0,0.0,39359.14328168905,276.27082824249374,1,0.0,100.0
3537,0.0,0.0,-0.0,55.55555555555556,10.0,0.0,-0.0,0.1,0.264592636,0.0,0.0,100.0,0.0,1.0,0.11,0.0,-226.56371085287284,226.56371085287284,0.0,-226.56371085287284,226.56371085287284,0.0,-41538.12469068594,41538.12469068594,0.0,0.0,29167.7572265625,29167.7572265625,0.0,2942.0691095974908,15921.119550982228,12979.050441384737,0.0,0.0,0.0,42146.807667947236,42146.807667947236,42146.807667947236,0.0,0.0,155.55555555555475,0.0,41991.25211239168,-3097.6246651530455,1,-55.55555555555556,-100.0
3538,0.0,0.0,-0.0,44.44444444444444,60.0,0.0,-0.0,0.6,0.281630176,0.0,0.0,100.0,0.0,1.0,0.11,0.0,-239.712783834105,239.712783834105,0.0,-239.712783834105,239.712783834105,0.0,-12763.76564474524,12763.76564474524,0.0,20155.28515368898,33542.92081054687,13387.635656857894,0.0,19873.758606174,19873.758606174,0.0,0.0,0.0,0.0,13387.635656857894,13387.635656857894,13387.635656857894,0.0,0.0,144.44444444444525,0.0,13243.191212413449,-40173.488204307425,1,-44.44444444444444,-100.0
3539,0.0,0.0,-0.0,0.0,100.0,-0.0,-0.0,1.0,0.318014807,0.0,0.0,100.0,0.0,1.0,0.11,0.0,-268.75156424994634,268.75156424994634,0.0,-268.75156424994634,268.75156424994634,0.0,-12763.765650791212,12763.765650791212,0.0,22572.298466802644,35973.56724609375,13401.268779291106,0.0,18298.231150608048,18298.231150608048,0.0,0.0,0.0,0.0,13401.268779291106,13401.268779291106,13401.268779291106,0.0,0.0,100.0,0.0,13301.268779291106,-40970.52961741069,1,-0.0,-100.0
3540,0.0,0.0,-0.0,0.0,100.0,-0.0,-0.0,1.0,0.345169565,0.0,0.0,100.0,0.0,1.0,0.11,0.0,-311.1955361077477,311.1955361077477,0.0,-311.1955361077477,311.1955361077477,0.0,-18795.131970502283,18795.131970502283,0.0,15147.23458423535,34664.75762695313,19517.523042717778,0.0,23798.756828811976,23798.756828811976,0.0,0.0,0.0,0.0,19517.523042717778,19517.523042717778,19517.523042717778,0.0,0.0,100.0,0.0,19417.523042717778,-39045.99141304733,1,-0.0,-100.0
3541,0.0,0.0,-0.0,0.0,100.0,-0.0,-0.0,1.0,0.355783001,0.0,0.0,100.0,0.0,1.0,0.11,0.0,-304.960438823887,304.960438823887,0.0,-304.960438823887,304.960438823887,0.0,-25458.26476748297,25458.26476748297,0.0,2513.4422943223763,28681.627939453123,26168.185645130747,0.0,20951.75107577176,20951.75107577176,0.0,0.0,0.0,0.0,26168.185645130747,26168.185645130747,26168.185645130747,0.0,0.0,100.0,0.0,26068.185645130747,-23565.193370094137,1,-0.0,-100.0
3542,0.0,0.0,-0.0,0.0,100.0,-0.0,-0.0,1.0,0.3782124129999999,0.0,0.0,100.0,0.0,1.0,0.08,0.0,-333.31188121369115,333.31188121369115,0.0,-333.31188121369115,333.31188121369115,0.0,-34659.81216971629,34659.81216971629,0.0,0.0,28831.206181640624,28831.206181640624,0.0,12476.944711611075,19072.17446211413,6595.229750503055,0.0,0.0,0.0,35426.43593214368,35426.43593214368,35426.43593214368,0.0,0.0,100.0,0.0,35326.43593214368,-12576.944711611075,1,-0.0,-100.0
3543,9546.272184304507,0.0,-95462.72184304507,0.0,100.0,45.0,-0.0,1.0,0.416786073,41.678607299999996,0.0,0.0,100.0,1.0,0.08,-8.0,-338.63790034535464,338.63790034535464,0.0,-338.63790034535464,338.63790034535464,0.0,-45612.81404335348,45612.81404335348,0.0,0.0,18024.17818359375,18024.17818359375,0.0,0.0,18574.63947614593,18574.63947614593,0.0,-95470.72184304507,-95470.72184304507,46290.08984404419,46290.08984404419,46145.08984404419,0.0,145.0,0.0,0.0,46290.08984404419,9691.272184304507,1,45.0,100.0
3544,25924.057555909447,0.0,-259240.57555909446,0.0,50.0,36.0,-0.0,0.5,0.4349735429999999,43.49735429999999,0.0,0.0,100.0,1.0,0.08,-8.0,-335.68606403603525,335.68606403603525,0.0,-335.68606403603525,335.68606403603525,0.0,-50581.90916525808,50581.90916525808,0.0,0.0,11704.497451171874,11704.497451171874,0.0,0.0,13488.726286248831,13488.726286248831,0.0,-259248.57555909446,-259248.57555909446,51253.28129333015,51253.281293330154,51117.28129333015,0.0,136.0,0.0,0.0,51253.281293330154,26060.05755590945,1,36.0,100.0
3545,36075.274472541256,0.0,-360752.7447254126,0.0,10.0,0.0,-0.0,0.1,0.437105941,43.7105941,0.0,0.0,100.0,1.0,0.11,-11.0,-329.57456351506846,329.57456351506846,0.0,-329.57456351506846,329.57456351506846,0.0,-48020.87116427976,48020.87116427976,0.0,0.0,5870.946005859375,5870.946005859375,0.0,0.0,6633.799812909262,6633.799812909262,0.0,-360763.7447254126,-360763.7447254126,48680.02029130989,48680.02029130989,48580.02029130989,0.0,100.0,0.0,0.0,48680.02029130989,36175.274472541256,1,0.0,100.0
3546,16737.1784225525,0.0,-167371.784225525,0.0,10.0,0.0,-0.0,0.1,0.429679927,42.9679927,0.0,0.0,100.0,1.0,0.11,-11.0,-313.1624383849375,313.1624383849375,0.0,-313.1624383849375,313.1624383849375,0.0,-21018.61158095532,21018.61158095532,0.0,0.0,2430.6464355468747,2430.6464355468747,0.0,0.0,2377.111599625819,2377.111599625819,0.0,-167382.784225525,-167382.784225525,21644.936457725194,21644.936457725194,21544.936457725194,0.0,100.0,0.0,0.0,21644.936457725194,16837.1784225525,1,0.0,100.0
3547,20073.58541209482,0.0,-200735.8541209482,0.0,10.0,0.0,-0.0,0.1,0.412884651,41.288465099999996,0.0,0.0,100.0,1.0,0.11,-11.0,-307.9200051924908,307.9200051924908,0.0,-307.9200051924908,307.9200051924908,0.0,-19557.74540170984,19557.74540170984,0.0,0.0,0.0,0.0,0.0,0.0,0.0,0.0,0.0,-200746.8541209482,-200746.8541209482,20173.58541209482,20173.58541209482,20073.58541209482,0.0,100.0,0.0,0.0,20173.58541209482,20173.58541209482,1,0.0,100.0
3548,18473.524346003254,0.0,-184735.24346003254,0.0,10.0,0.0,-0.0,0.1,0.417174075,41.7174075,0.0,0.0,100.0,1.0,0.11,-11.0,-246.79705535890048,246.79705535890048,0.0,-246.79705535890048,246.79705535890048,0.0,-18079.930235285454,18079.930235285454,0.0,0.0,0.0,0.0,0.0,0.0,0.0,0.0,0.0,-184746.24346003254,-184746.24346003254,18573.524346003254,18573.524346003254,18473.524346003254,0.0,100.0,0.0,0.0,18573.524346003254,18573.524346003254,1,0.0,100.0
3549,16969.853173788277,0.0,-169698.53173788276,0.0,10.0,0.0,-0.0,0.1,0.4077711679999999,40.77711679999999,0.0,0.0,100.0,1.0,0.11,-11.0,-233.95463014113,233.95463014113,0.0,-233.95463014113,233.95463014113,0.0,-16601.943913506017,16601.943913506017,0.0,0.0,0.0,0.0,0.0,0.0,0.0,0.0,0.0,-169709.53173788276,-169709.53173788276,17069.853173788277,17069.853173788277,16969.853173788277,0.0,100.0,0.0,0.0,17069.853173788277,17069.853173788277,1,0.0,100.0
3550,15497.541671918278,0.0,-154975.41671918277,0.0,10.0,0.0,-0.0,0.1,0.406624315,40.662431500000004,0.0,0.0,100.0,1.0,0.11,-11.0,-236.7492467226068,236.7492467226068,0.0,-236.7492467226068,236.7492467226068,0.0,-15124.043178473064,15124.043178473064,0.0,0.0,0.0,0.0,0.0,0.0,0.0,0.0,0.0,-154986.41671918277,-154986.41671918277,15597.541671918278,15597.541671918278,15497.541671918278,0.0,100.0,0.0,0.0,15597.541671918278,15597.541671918278,1,0.0,100.0
3551,14752.79218600776,0.0,-147527.9218600776,0.0,10.0,0.0,-0.0,0.1,0.410177523,41.0177523,0.0,0.0,100.0,1.0,0.11,-11.0,-233.8496890370777,233.8496890370777,0.0,-233.8496890370777,233.8496890370777,0.0,-14385.092807933604,14385.092807933604,0.0,0.0,0.0,0.0,0.0,0.0,0.0,0.0,0.0,-147538.9218600776,-147538.9218600776,14852.79218600776,14852.79218600776,14752.79218600776,0.0,100.0,0.0,0.0,14852.79218600776,14852.79218600776,1,0.0,100.0
3552,14752.758035317562,0.0,-147527.5803531756,0.0,10.0,0.0,-0.0,0.1,0.424705279,42.4705279,0.0,0.0,100.0,1.0,0.08,-8.0,-233.83268926660213,233.83268926660213,0.0,-233.83268926660213,233.83268926660213,0.0,-14385.092656784358,14385.092656784358,0.0,0.0,0.0,0.0,0.0,0.0,0.0,0.0,0.0,-147535.5803531756,-147535.5803531756,14852.758035317562,14852.758035317562,14752.758035317562,0.0,100.0,0.0,0.0,14852.758035317562,14852.758035317562,1,0.0,100.0
3553,14752.719234077094,0.0,-147527.19234077094,0.0,10.0,0.0,-0.0,0.1,0.431447965,43.1447965,0.0,0.0,100.0,1.0,0.08,-8.0,-233.8132916693523,233.8132916693523,0.0,-233.8132916693523,233.8132916693523,0.0,-14385.09265073839,14385.09265073839,0.0,0.0,0.0,0.0,0.0,0.0,0.0,0.0,0.0,-147535.19234077094,-147535.19234077094,14852.719234077094,14852.719234077094,14752.719234077094,0.0,100.0,0.0,0.0,14852.719234077094,14852.719234077094,1,0.0,100.0
3554,14752.623323977223,0.0,-147526.23323977223,0.0,10.0,0.0,-0.0,0.1,0.443256805,44.3256805,0.0,0.0,100.0,1.0,0.08,-8.0,-233.7653426653868,233.7653426653868,0.0,-233.7653426653868,233.7653426653868,0.0,-14385.092638646449,14385.092638646449,0.0,0.0,0.0,0.0,0.0,0.0,0.0,0.0,0.0,-147534.23323977223,-147534.23323977223,14852.623323977223,14852.623323977223,14752.623323977223,0.0,100.0,0.0,0.0,14852.623323977223,14852.623323977223,1,0.0,100.0
3555,15493.144451433745,0.0,-154931.44451433746,0.0,10.0,0.0,-0.0,0.1,0.444977429,44.4977429,0.0,0.0,100.0,1.0,0.08,-8.0,-234.55072112391616,234.55072112391616,0.0,-234.55072112391616,234.55072112391616,0.0,-15124.043009185913,15124.043009185913,0.0,0.0,0.0,0.0,0.0,0.0,0.0,0.0,0.0,-154939.44451433746,-154939.44451433746,15593.144451433745,15593.144451433745,15493.144451433745,0.0,100.0,0.0,0.0,15593.144451433745,15593.144451433745,1,0.0,100.0
3556,14388.14911306165,0.0,-143881.49113061652,0.0,10.0,0.0,-0.0,0.1,0.427151272,42.715127200000005,0.0,0.0,100.0,1.0,0.08,-8.0,-234.42866522634043,234.42866522634043,0.0,-234.42866522634043,234.42866522634043,0.0,-14019.291782608969,14019.291782608969,0.0,0.0,0.0,0.0,0.0,0.0,0.0,0.0,0.0,-143889.49113061652,-143889.49113061652,14488.14911306165,14488.14911306165,14388.14911306165,0.0,100.0,0.0,0.0,14488.14911306165,14488.14911306165,1,0.0,100.0
3557,11314.870837993769,0.0,-113148.70837993769,0.0,10.0,0.0,-0.0,0.1,0.390896301,39.0896301,0.0,0.0,100.0,1.0,0.11,-11.0,-210.47034630437085,210.47034630437085,0.0,-210.47034630437085,210.47034630437085,0.0,-16458.46027838571,16458.46027838571,0.0,0.0,4524.741826171875,4524.741826171875,0.0,0.0,939.788306828812,939.788306828812,0.0,-113159.70837993769,-113159.70837993769,16879.400970994455,16879.400970994455,16779.400970994455,0.0,100.0,0.0,0.0,16879.400970994455,11414.870837993767,1,0.0,100.0
3558,4980.5451968671605,0.0,-49805.45196867161,0.0,10.0,0.0,-0.0,0.1,0.364674226,36.4674226,0.0,0.0,100.0,1.0,0.11,-11.0,-198.2999385363984,198.2999385363984,0.0,-198.2999385363984,198.2999385363984,0.0,-17936.361013418664,17936.361013418664,0.0,0.0,11068.789921875,11068.789921875,0.0,0.0,2183.6257717492986,2183.6257717492986,0.0,-49816.45196867161,-49816.45196867161,18332.96089049146,18332.96089049146,18232.96089049146,0.0,100.0,0.0,0.0,18332.96089049146,5080.5451968671605,1,0.0,100.0
3559,26415.709231882076,0.0,-264157.09231882077,0.0,10.0,0.0,-0.0,0.1,0.327380471,32.7380471,0.0,0.0,100.0,1.0,0.11,-11.0,-198.4741415072142,198.4741415072142,0.0,-198.4741415072142,198.4741415072142,0.0,-48700.40418154531,48700.40418154531,0.0,0.0,18435.51834960937,18435.51834960937,0.0,0.0,4146.124883068289,4146.124883068289,0.0,-264168.09231882077,-264168.09231882077,49097.352464559735,49097.352464559735,48997.352464559735,0.0,100.0,0.0,0.0,49097.352464559735,26515.709231882076,1,0.0,100.0
3560,8707.514225840638,0.0,-87075.14225840638,0.0,10.0,0.0,-0.0,0.1,0.305744388,30.5744388,0.0,0.0,100.0,1.0,0.11,-11.0,-223.10402192912647,223.10402192912647,0.0,-223.10402192912647,223.10402192912647,0.0,-39852.70341113017,39852.70341113017,0.0,0.0,25465.695732421875,25465.695732421875,0.0,0.0,6025.701496725913,6025.701496725913,0.0,-87086.14225840638,-87086.14225840638,40298.911454988425,40298.911454988425,40198.911454988425,0.0,100.0,0.0,0.0,40298.911454988425,8807.514225840638,1,0.0,100.0
3561,0.0,0.0,-0.0,55.55555555555556,10.0,0.0,-0.0,0.1,0.308738299,0.0,0.0,100.0,0.0,1.0,0.11,0.0,-236.6891364058532,236.6891364058532,0.0,-236.6891364058532,236.6891364058532,0.0,-42273.57127670527,42273.57127670527,0.0,0.0,31261.8526171875,31261.8526171875,0.0,10167.96439705417,21808.6168849392,11640.652487885032,0.0,0.0,0.0,42902.50510507253,42902.50510507253,42902.50510507253,0.0,0.0,155.55555555555475,0.0,42746.949549516976,-10323.51995260972,1,-55.55555555555556,-100.0
3562,0.0,0.0,-0.0,44.44444444444444,60.0,0.0,-0.0,0.6,0.319043988,0.0,0.0,100.0,0.0,1.0,0.11,0.0,-247.5841178653125,247.5841178653125,0.0,-247.5841178653125,247.5841178653125,0.0,-25172.71042221354,25172.71042221354,0.0,9114.196448392639,34926.519550781246,25812.323102388607,0.0,25042.594293732465,25042.594293732465,0.0,0.0,0.0,0.0,25812.323102388607,25812.323102388607,25812.323102388607,0.0,0.0,144.44444444444525,0.0,25667.878657944162,-34301.23518656955,1,-44.44444444444444,-100.0
3563,0.0,0.0,-0.0,0.0,100.0,-0.0,-0.0,1.0,0.348528175,0.0,0.0,100.0,0.0,1.0,0.11,0.0,-323.80211997621467,323.80211997621467,0.0,-323.80211997621467,323.80211997621467,0.0,-32561.175236549872,32561.175236549872,0.0,4310.148433653951,37618.92791015625,33308.7794765023,0.0,26811.60757717493,26811.60757717493,0.0,0.0,0.0,0.0,33308.7794765023,33308.7794765023,33308.7794765023,0.0,0.0,100.0,0.0,33208.7794765023,-31221.75601082888,1,-0.0,-100.0
3564,0.0,0.0,-0.0,0.0,100.0,-0.0,-0.0,1.0,0.375312306,0.0,0.0,100.0,0.0,1.0,0.11,0.0,-336.66678050062177,336.66678050062177,0.0,-336.66678050062177,336.66678050062177,0.0,-35946.027498415235,35946.027498415235,0.0,600.4103663647693,37319.77142578125,36719.36105941648,0.0,25263.72095416277,25263.72095416277,0.0,0.0,0.0,0.0,36719.36105941648,36719.36105941648,36719.36105941648,0.0,0.0,100.0,0.0,36619.36105941648,-25964.131320527536,1,-0.0,-100.0
3565,0.0,0.0,-0.0,0.0,100.0,-0.0,-0.0,1.0,0.387185417,0.0,0.0,100.0,0.0,1.0,0.11,0.0,-332.9840345644349,332.9840345644349,0.0,-332.9840345644349,332.9840345644349,0.0,-37184.74779347768,37184.74779347768,0.0,0.0,33131.58064453125,33131.58064453125,0.0,20914.479889501876,25733.615107577178,4819.135218075302,0.0,0.0,0.0,37950.71586260655,37950.71586260655,37950.71586260655,0.0,0.0,100.0,0.0,37850.71586260655,-21014.479889501876,1,-0.0,-100.0
3566,3863.880726287309,0.0,-38638.80726287309,0.0,100.0,45.0,-0.0,1.0,0.398668344,39.8668344,0.0,0.0,100.0,1.0,0.08,-8.0,-360.9014916055594,360.9014916055594,0.0,-360.9014916055594,360.9014916055594,0.0,-49202.22336934599,49202.22336934599,0.0,0.0,23222.02209960937,23222.02209960937,0.0,0.0,22693.123526660434,22693.123526660434,0.0,-38646.80726287309,-38646.80726287309,49924.02635255711,49924.02635255711,49779.02635255711,0.0,145.0,0.0,0.0,49924.02635255711,4008.880726287309,1,45.0,100.0
3567,21069.645109733265,0.0,-210696.45109733264,0.0,50.0,36.0,-0.0,0.5,0.42408739,42.408739000000004,0.0,0.0,100.0,1.0,0.08,-8.0,-347.386727886028,347.386727886028,0.0,-347.386727886028,347.386727886028,0.0,-50112.07705659912,50112.07705659912,0.0,0.0,10059.136787109375,10059.136787109375,0.0,0.0,19542.068615528533,19542.068615528533,0.0,-210704.45109733264,-210704.45109733264,50806.85051237117,50806.85051237117,50670.85051237117,0.0,136.0,0.0,0.0,50806.85051237117,21205.645109733265,1,36.0,100.0
3568,29883.75201229273,0.0,-298837.5201229273,0.0,10.0,0.0,-0.0,0.1,0.436372931,43.6372931,0.0,0.0,100.0,1.0,0.08,-8.0,-369.9551367503229,369.9551367503229,0.0,-369.9551367503229,369.9551367503229,0.0,-54967.10234901119,54967.10234901119,0.0,0.0,12041.04849609375,12041.04849609375,0.0,0.0,13682.212114125352,13682.212114125352,0.0,-298845.5201229273,-298845.5201229273,55707.01262251183,55707.01262251184,55607.01262251183,0.0,100.0,0.0,0.0,55707.01262251184,29983.752012292734,1,0.0,100.0
3569,39756.46694156507,0.0,-397564.6694156507,0.0,10.0,0.0,-0.0,0.1,0.426543635,42.654363499999995,0.0,0.0,100.0,1.0,0.11,-11.0,-344.9314760329417,344.9314760329417,0.0,-344.9314760329417,344.9314760329417,0.0,-51290.954416537454,51290.954416537454,0.0,0.0,4412.55814453125,4412.55814453125,0.0,0.0,7711.792282507017,7711.792282507017,0.0,-397575.6694156507,-397575.6694156507,51980.81736860334,51980.81736860334,51880.81736860334,0.0,100.0,0.0,0.0,51980.81736860334,39856.46694156507,1,0.0,100.0
3570,48056.477105380145,0.0,-480564.77105380147,0.0,10.0,0.0,-0.0,0.1,0.420495781,42.0495781,0.0,0.0,100.0,1.0,0.11,-11.0,-353.36204965407643,353.36204965407643,0.0,-353.36204965407643,353.36204965407643,0.0,-52187.58297442736,52187.58297442736,0.0,0.0,2692.408359375,2692.408359375,0.0,0.0,2045.421608980356,2045.421608980356,0.0,-480575.77105380147,-480575.77105380147,52894.3070737355,52894.30707373551,52794.3070737355,0.0,100.0,0.0,0.0,52894.30707373551,48156.47710538015,1,0.0,100.0
3571,31166.888000230232,0.0,-311668.88000230235,0.0,10.0,0.0,-0.0,0.1,0.416474205,41.647420499999996,0.0,0.0,100.0,1.0,0.11,-11.0,-339.464811705921,339.464811705921,0.0,-339.464811705921,339.464811705921,0.0,-30587.95837681839,30587.95837681839,0.0,0.0,0.0,0.0,0.0,0.0,0.0,0.0,0.0,-311679.88000230235,-311679.88000230235,31266.888000230232,31266.888000230232,31166.888000230232,0.0,100.0,0.0,0.0,31266.888000230232,31266.888000230232,1,0.0,100.0
3572,18632.644448686446,0.0,-186326.44448686446,0.0,10.0,0.0,-0.0,0.1,0.414150175,41.4150175,0.0,0.0,100.0,1.0,0.11,-11.0,-326.3572366888412,326.3572366888412,0.0,-326.3572366888412,326.3572366888412,0.0,-18079.92997530876,18079.92997530876,0.0,0.0,0.0,0.0,0.0,0.0,0.0,0.0,0.0,-186337.44448686446,-186337.44448686446,18732.644448686446,18732.644448686446,18632.644448686446,0.0,100.0,0.0,0.0,18732.644448686446,18732.644448686446,1,0.0,100.0
3573,17106.125939223653,0.0,-171061.25939223653,0.0,10.0,0.0,-0.0,0.1,0.409399464,40.9399464,0.0,0.0,100.0,1.0,0.11,-11.0,-302.09108843343967,302.09108843343967,0.0,-302.09108843343967,302.09108843343967,0.0,-16601.943762356776,16601.943762356776,0.0,0.0,0.0,0.0,0.0,0.0,0.0,0.0,0.0,-171072.25939223653,-171072.25939223653,17206.125939223653,17206.125939223653,17106.125939223653,0.0,100.0,0.0,0.0,17206.125939223653,17206.125939223653,1,0.0,100.0
3574,15498.04966330514,0.0,-154980.4966330514,0.0,10.0,0.0,-0.0,0.1,0.419844039,41.984403900000004,0.0,0.0,100.0,1.0,0.11,-11.0,-237.0033179906603,237.0033179906603,0.0,-237.0033179906603,237.0033179906603,0.0,-15124.04302732382,15124.04302732382,0.0,0.0,0.0,0.0,0.0,0.0,0.0,0.0,0.0,-154991.4966330514,-154991.4966330514,15598.04966330514,15598.04966330514,15498.04966330514,0.0,100.0,0.0,0.0,15598.04966330514,15598.04966330514,1,0.0,100.0
3575,14753.178907620371,0.0,-147531.7890762037,0.0,10.0,0.0,-0.0,0.1,0.422766398,42.2766398,0.0,0.0,100.0,1.0,0.11,-11.0,-234.0431254180063,234.0431254180063,0.0,-234.0431254180063,234.0431254180063,0.0,-14385.092656784358,14385.092656784358,0.0,0.0,0.0,0.0,0.0,0.0,0.0,0.0,0.0,-147542.7890762037,-147542.7890762037,14853.178907620371,14853.178907620371,14753.178907620371,0.0,100.0,0.0,0.0,14853.178907620371,14853.178907620371,1,0.0,100.0
3576,17766.381436075462,0.0,-177663.81436075462,0.0,10.0,0.0,-0.0,0.1,0.424508002,42.450800199999996,0.0,0.0,100.0,1.0,0.08,-8.0,-233.9526231584044,233.9526231584044,0.0,-233.9526231584044,233.9526231584044,0.0,-17398.476189758654,17398.476189758654,0.0,0.0,0.0,0.0,0.0,0.0,0.0,0.0,0.0,-177671.81436075462,-177671.81436075462,17866.381436075462,17866.381436075462,17766.381436075462,0.0,100.0,0.0,0.0,17866.381436075462,17866.381436075462,1,0.0,100.0
3577,17766.353070801728,0.0,-177663.5307080173,0.0,10.0,0.0,-0.0,0.1,0.41941796,41.941796,0.0,0.0,100.0,1.0,0.08,-8.0,-233.9384374985529,233.9384374985529,0.0,-233.9384374985529,233.9384374985529,0.0,-17398.476195804622,17398.476195804622,0.0,0.0,0.0,0.0,0.0,0.0,0.0,0.0,0.0,-177671.5307080173,-177671.5307080173,17866.353070801728,17866.353070801728,17766.353070801728,0.0,100.0,0.0,0.0,17866.353070801728,17866.353070801728,1,0.0,100.0
3578,17766.350224033766,0.0,-177663.50224033766,0.0,10.0,0.0,-0.0,0.1,0.435881468,43.5881468,0.0,0.0,100.0,1.0,0.08,-8.0,-233.93701713755547,233.93701713755547,0.0,-233.93701713755547,233.93701713755547,0.0,-17398.476189758654,17398.476189758654,0.0,0.0,0.0,0.0,0.0,0.0,0.0,0.0,0.0,-177671.50224033766,-177671.50224033766,17866.350224033766,17866.350224033766,17766.350224033766,0.0,100.0,0.0,0.0,17866.350224033766,17866.350224033766,1,0.0,100.0
3579,18516.63647962648,0.0,-185166.3647962648,0.0,10.0,0.0,-0.0,0.1,0.445478054,44.5478054,0.0,0.0,100.0,1.0,0.08,-8.0,-239.60495966417847,239.60495966417847,0.0,-239.60495966417847,239.60495966417847,0.0,-18137.42656029812,18137.42656029812,0.0,0.0,0.0,0.0,0.0,0.0,0.0,0.0,0.0,-185174.3647962648,-185174.3647962648,18616.63647962648,18616.63647962648,18516.63647962648,0.0,100.0,0.0,0.0,18616.63647962648,18616.63647962648,1,0.0,100.0
3580,18916.916139411816,0.0,-189169.16139411816,0.0,10.0,0.0,-0.0,0.1,0.414577789,41.457778899999994,0.0,0.0,100.0,1.0,0.08,-8.0,-238.781643265498,238.781643265498,0.0,-238.781643265498,238.781643265498,0.0,-18539.35285288082,18539.35285288082,0.0,0.0,0.0,0.0,0.0,0.0,0.0,0.0,0.0,-189177.16139411816,-189177.16139411816,19016.916139411816,19016.916139411816,18916.916139411816,0.0,100.0,0.0,0.0,19016.916139411816,19016.916139411816,1,0.0,100.0
3581,52549.35679074975,0.0,-525493.5679074975,0.0,10.0,0.0,-0.0,0.1,0.3768188,37.68188,0.0,0.0,100.0,1.0,0.11,-11.0,-459.26215257267273,459.26215257267273,0.0,-459.26215257267273,459.26215257267273,0.0,-57583.954625783605,57583.954625783605,0.0,0.0,4636.9255078125,4636.9255078125,0.0,0.0,1216.196632366698,1216.196632366698,0.0,-525504.5679074975,-525504.5679074975,58502.47893092895,58502.47893092895,58402.47893092895,0.0,100.0,0.0,0.0,58502.47893092895,52649.35679074975,1,0.0,100.0
3582,51403.192851610445,0.0,-514031.92851610447,0.0,10.0,0.0,-0.0,0.1,0.3414211179999999,34.14211179999999,0.0,0.0,100.0,1.0,0.11,-11.0,-722.0127644131712,722.0127644131712,0.0,-722.0127644131712,722.0127644131712,0.0,-65259.46734545789,65259.46734545789,0.0,0.0,10694.84431640625,10694.84431640625,0.0,0.0,4505.45570626754,4505.45570626754,0.0,-514042.92851610447,-514042.92851610447,66703.49287428423,66703.49287428423,66603.49287428423,0.0,100.0,0.0,0.0,66703.49287428423,51503.19285161044,1,0.0,100.0
3583,70703.21458089375,0.0,-707032.1458089375,0.0,10.0,0.0,-0.0,0.1,0.31341194,31.341194,0.0,0.0,100.0,1.0,0.11,-11.0,-1119.028495871703,1119.028495871703,0.0,-1119.028495871703,1119.028495871703,0.0,-98144.8241316532,98144.8241316532,0.0,0.0,18136.361865234376,18136.361865234376,0.0,0.0,11443.304677268476,11443.304677268476,0.0,-707043.1458089375,-707043.1458089375,100382.8811233966,100382.8811233966,100282.8811233966,0.0,100.0,0.0,0.0,100382.8811233966,70803.21458089375,1,0.0,100.0
3584,55362.81290763377,0.0,-553628.1290763377,0.0,10.0,0.0,-0.0,0.1,0.295818174,29.5818174,0.0,0.0,100.0,1.0,0.11,-11.0,-1216.2270337136972,1216.2270337136972,0.0,-1216.2270337136972,1216.2270337136972,0.0,-94901.77791761518,94901.77791761518,0.0,0.0,23932.51875,23932.51875,0.0,0.0,17938.900327408795,17938.900327408795,0.0,-553639.1290763377,-553639.1290763377,97334.23198504257,97334.23198504257,97234.23198504257,0.0,100.0,0.0,0.0,97334.23198504257,55462.81290763378,1,0.0,100.0
3585,40588.21730899396,0.0,-405882.17308993964,0.0,10.0,0.0,-0.0,0.1,0.289753759,28.9753759,0.0,0.0,100.0,1.0,0.11,-11.0,-1317.373513610036,1317.373513610036,0.0,-1317.373513610036,1317.373513610036,0.0,-91206.92552044248,91206.92552044248,0.0,0.0,29990.43755859375,29990.43755859375,0.0,0.0,23163.01768007484,23163.01768007484,0.0,-405893.17308993964,-405893.17308993964,93841.67254766254,93841.67254766256,93741.67254766254,0.0,100.0,0.0,0.0,93841.67254766256,40688.21730899397,1,0.0,100.0
3586,33120.44637319227,0.0,-331204.46373192273,0.0,10.0,0.0,-0.0,0.1,0.319483531,31.9483531,0.0,0.0,100.0,1.0,0.11,-11.0,-1391.4814959432522,1391.4814959432522,0.0,-1391.4814959432522,1391.4814959432522,0.0,-90896.03045466031,90896.03045466031,0.0,0.0,34365.601142578125,34365.601142578125,0.0,0.0,26092.94593077643,26092.94593077643,0.0,-331215.46373192273,-331215.46373192273,93678.99344654682,93678.99344654682,93578.99344654682,0.0,100.0,0.0,0.0,93678.99344654682,33220.44637319227,1,0.0,100.0
3587,25409.983051493175,0.0,-254099.83051493176,0.0,10.0,0.0,-0.0,0.1,0.3600064189999999,36.00064189999999,0.0,0.0,100.0,1.0,0.11,-11.0,-1420.3867363997492,1420.3867363997492,0.0,-1420.3867363997492,1420.3867363997492,0.0,-87995.65740660492,87995.65740660492,0.0,0.0,37132.79862304688,37132.79862304688,0.0,0.0,28193.649204864363,28193.649204864363,0.0,-254110.83051493176,-254110.83051493176,90836.43087940442,90836.43087940442,90736.43087940442,0.0,100.0,0.0,0.0,90836.43087940442,25509.983051493175,1,0.0,100.0
3588,27937.80037028397,0.0,-279378.0037028397,0.0,10.0,0.0,-0.0,0.1,0.381303145,38.130314500000004,0.0,0.0,100.0,1.0,0.11,-11.0,-1389.6459477690798,1389.6459477690798,0.0,-1389.6459477690798,1389.6459477690798,0.0,-90506.92647871235,90506.92647871235,0.0,0.0,36833.64213867187,36833.64213867187,0.0,0.0,28414.775865294672,28414.775865294672,0.0,-279389.0037028397,-279389.0037028397,93286.21837425051,93286.21837425051,93186.21837425051,0.0,100.0,0.0,0.0,93286.21837425051,28037.80037028397,1,0.0,100.0
3589,32269.107828054337,0.0,-322691.0782805434,0.0,10.0,0.0,-0.0,0.1,0.391123395,39.1123395,0.0,0.0,100.0,1.0,0.11,-11.0,-1405.779676285866,1405.779676285866,0.0,-1405.779676285866,1405.779676285866,0.0,-91090.81569614372,91090.81569614372,0.0,0.0,34776.94130859375,34776.94130859375,0.0,0.0,26756.32591206736,26756.32591206736,0.0,-322702.0782805434,-322702.0782805434,93902.37504871545,93902.37504871545,93802.37504871545,0.0,100.0,0.0,0.0,93902.37504871545,32369.107828054337,1,0.0,100.0
3590,40834.153883217616,0.0,-408341.5388321761,0.0,10.0,0.0,-0.0,0.1,0.4084919629999999,40.84919629999999,0.0,0.0,100.0,1.0,0.08,-8.0,-1351.9112168156232,1351.9112168156232,0.0,-1351.9112168156232,1351.9112168156232,0.0,-91826.07162855584,91826.07162855584,0.0,0.0,29354.73002929688,29354.73002929688,0.0,0.0,24241.010149672595,24241.010149672595,0.0,-408349.5388321761,-408349.5388321761,94529.89406218709,94529.89406218709,94429.89406218709,0.0,100.0,0.0,0.0,94529.89406218709,40934.153883217616,1,0.0,100.0
3591,55998.57341508731,0.0,-559985.7341508731,0.0,10.0,0.0,-0.0,0.1,0.423681319,42.3681319,0.0,0.0,100.0,1.0,0.08,-8.0,-1198.8821246372847,1198.8821246372847,0.0,-1198.8821246372847,1198.8821246372847,0.0,-94817.85562658215,94817.85562658215,0.0,0.0,22735.8928125,22735.8928125,0.0,0.0,18381.153648269414,18381.153648269414,0.0,-559993.7341508731,-559993.7341508731,97215.61987585673,97215.61987585672,97115.61987585673,0.0,100.0,0.0,0.0,97215.61987585672,56098.5734150873,1,0.0,100.0
3592,62137.073663353396,0.0,-621370.736633534,0.0,10.0,0.0,-0.0,0.1,0.44755441,44.755441000000005,0.0,0.0,100.0,1.0,0.08,-8.0,-907.7012334258897,907.7012334258897,0.0,-907.7012334258897,907.7012334258897,0.0,-88129.98936023525,88129.98936023525,0.0,0.0,16154.45015625,16154.45015625,0.0,0.0,11553.868007483632,11553.868007483632,0.0,-621378.736633534,-621378.736633534,89945.39182708703,89945.39182708703,89845.39182708703,0.0,100.0,0.0,0.0,89945.39182708703,62237.0736633534,1,0.0,100.0
3593,62324.88112632341,0.0,-623248.8112632341,0.0,10.0,0.0,-0.0,0.1,0.4037038739999999,40.37038739999999,0.0,0.0,100.0,1.0,0.11,-11.0,-883.72127025424,883.72127025424,0.0,-883.72127025424,883.72127025424,0.0,-75739.13676002674,75739.13676002674,0.0,0.0,8862.510849609374,8862.510849609374,0.0,0.0,6219.187324602433,6219.187324602433,0.0,-623259.8112632341,-623259.8112632341,77506.57930053522,77506.57930053522,77406.57930053522,0.0,100.0,0.0,0.0,77506.57930053522,62424.88112632341,1,0.0,100.0
3594,71618.90434159097,0.0,-716189.0434159096,0.0,10.0,0.0,-0.0,0.1,0.389483492,38.948349199999996,0.0,0.0,100.0,1.0,0.11,-11.0,-857.2517798675522,857.2517798675522,0.0,-857.2517798675522,857.2517798675522,0.0,-74584.5191314561,74584.5191314561,0.0,0.0,2617.61923828125,2617.61923828125,0.0,0.0,1962.49911131899,1962.49911131899,0.0,-716200.0434159096,-716200.0434159096,76299.0226911912,76299.0226911912,76199.0226911912,0.0,100.0,0.0,0.0,76299.0226911912,71718.90434159097,1,0.0,100.0
3595,70751.65900717484,0.0,-707516.5900717484,0.0,10.0,0.0,-0.0,0.1,0.385779985,38.5779985,0.0,0.0,100.0,1.0,0.11,-11.0,-856.6576826873315,856.6576826873315,0.0,-856.6576826873315,856.6576826873315,0.0,-69138.34364180017,69138.34364180017,0.0,0.0,0.0,0.0,0.0,0.0,0.0,0.0,0.0,-707527.5900717484,-707527.5900717484,70851.65900717484,70851.65900717484,70751.65900717484,0.0,100.0,0.0,0.0,70851.65900717484,70851.65900717484,1,0.0,100.0
3596,68850.9976204275,0.0,-688509.976204275,0.0,10.0,0.0,-0.0,0.1,0.392771452,39.2771452,0.0,0.0,100.0,1.0,0.11,-11.0,-233.9537622171281,233.9537622171281,0.0,-233.9537622171281,233.9537622171281,0.0,-68483.09009599325,68483.09009599325,0.0,0.0,0.0,0.0,0.0,0.0,0.0,0.0,0.0,-688520.976204275,-688520.976204275,68950.9976204275,68950.9976204275,68850.9976204275,0.0,100.0,0.0,0.0,68950.9976204275,68950.9976204275,1,0.0,100.0
3597,21489.93765083345,0.0,-214899.3765083345,0.0,10.0,0.0,-0.0,0.1,0.384666135,38.4666135,0.0,0.0,100.0,1.0,0.11,-11.0,-233.96636073465487,233.96636073465487,0.0,-233.96636073465487,233.96636073465487,0.0,-21122.00492936414,21122.00492936414,0.0,0.0,0.0,0.0,0.0,0.0,0.0,0.0,0.0,-214910.3765083345,-214910.3765083345,21589.93765083345,21589.93765083345,21489.93765083345,0.0,100.0,0.0,0.0,21589.93765083345,21589.93765083345,1,0.0,100.0
3598,18511.22944926832,0.0,-185112.2944926832,0.0,10.0,0.0,-0.0,0.1,0.3887688139999999,38.87688139999999,0.0,0.0,100.0,1.0,0.11,-11.0,-236.90144146211537,236.90144146211537,0.0,-236.90144146211537,236.90144146211537,0.0,-18137.42656634409,18137.42656634409,0.0,0.0,0.0,0.0,0.0,0.0,0.0,0.0,0.0,-185123.2944926832,-185123.2944926832,18611.22944926832,18611.22944926832,18511.22944926832,0.0,100.0,0.0,0.0,18611.22944926832,18611.22944926832,1,0.0,100.0
3599,17766.37416150544,0.0,-177663.74161505437,0.0,10.0,0.0,-0.0,0.1,0.392800854,39.2800854,0.0,0.0,100.0,1.0,0.11,-11.0,-233.9489798274232,233.9489798274232,0.0,-233.9489798274232,233.9489798274232,0.0,-17398.476201850593,17398.476201850593,0.0,0.0,0.0,0.0,0.0,0.0,0.0,0.0,0.0,-177674.74161505437,-177674.74161505437,17866.37416150544,17866.37416150544,17766.37416150544,0.0,100.0,0.0,0.0,17866.37416150544,17866.37416150544,1,0.0,100.0
3600,17765.97032920916,0.0,-177659.7032920916,0.0,10.0,0.0,-0.0,0.1,0.398972946,39.8972946,0.0,0.0,100.0,1.0,0.08,-8.0,-233.747157391814,233.747157391814,0.0,-233.747157391814,233.747157391814,0.0,-17398.476014425534,17398.476014425534,0.0,0.0,0.0,0.0,0.0,0.0,0.0,0.0,0.0,-177667.7032920916,-177667.7032920916,17865.97032920916,17865.97032920916,17765.97032920916,0.0,100.0,0.0,0.0,17865.97032920916,17865.97032920916,1,0.0,100.0
3601,17765.959006656656,0.0,-177659.59006656657,0.0,10.0,0.0,-0.0,0.1,0.3949468889999999,39.49468889999999,0.0,0.0,100.0,1.0,0.08,-8.0,-233.74149611556123,233.74149611556123,0.0,-233.74149611556123,233.74149611556123,0.0,-17398.476014425534,17398.476014425534,0.0,0.0,0.0,0.0,0.0,0.0,0.0,0.0,0.0,-177667.59006656657,-177667.59006656657,17865.959006656656,17865.959006656656,17765.959006656656,0.0,100.0,0.0,0.0,17865.959006656656,17865.959006656656,1,0.0,100.0
3602,17765.925453818527,0.0,-177659.25453818525,0.0,10.0,0.0,-0.0,0.1,0.3888562929999999,38.88562929999999,0.0,0.0,100.0,1.0,0.08,-8.0,-233.7247196964969,233.7247196964969,0.0,-233.7247196964969,233.7247196964969,0.0,-17398.476014425534,17398.476014425534,0.0,0.0,0.0,0.0,0.0,0.0,0.0,0.0,0.0,-177667.25453818525,-177667.25453818525,17865.925453818527,17865.925453818527,17765.925453818527,0.0,100.0,0.0,0.0,17865.925453818527,17865.925453818527,1,0.0,100.0
3603,18507.120157080033,0.0,-185071.20157080033,0.0,10.0,0.0,-0.0,0.1,0.410220901,41.0220901,0.0,0.0,100.0,1.0,0.08,-8.0,-234.846886057516,234.846886057516,0.0,-234.846886057516,234.846886057516,0.0,-18137.426384965,18137.426384965,0.0,0.0,0.0,0.0,0.0,0.0,0.0,0.0,0.0,-185079.20157080033,-185079.20157080033,18607.120157080033,18607.120157080033,18507.120157080033,0.0,100.0,0.0,0.0,18607.120157080033,18607.120157080033,1,0.0,100.0
3604,18908.836099940036,0.0,-189088.36099940035,0.0,10.0,0.0,-0.0,0.1,0.4062313529999999,40.62313529999999,0.0,0.0,100.0,1.0,0.08,-8.0,-234.74179281675868,234.74179281675868,0.0,-234.74179281675868,234.74179281675868,0.0,-18539.35251430652,18539.35251430652,0.0,0.0,0.0,0.0,0.0,0.0,0.0,0.0,0.0,-189096.36099940035,-189096.36099940035,19008.836099940036,19008.836099940036,18908.836099940036,0.0,100.0,0.0,0.0,19008.836099940036,19008.836099940036,1,0.0,100.0
3605,48833.03125922207,0.0,-488330.3125922207,0.0,10.0,0.0,-0.0,0.1,0.368302009,36.8302009,0.0,0.0,100.0,1.0,0.11,-11.0,-464.1953823058549,464.1953823058549,0.0,-464.1953823058549,464.1953823058549,0.0,-53800.86061825652,53800.86061825652,0.0,0.0,4524.741826171875,4524.741826171875,0.0,0.0,1271.4782974742752,1271.4782974742752,0.0,-488341.3125922207,-488341.3125922207,54729.25138286822,54729.25138286823,54629.25138286822,0.0,100.0,0.0,0.0,54729.25138286823,48933.03125922208,1,0.0,100.0
3606,43308.187060027696,0.0,-433081.870600277,0.0,10.0,0.0,-0.0,0.1,0.340016231,34.0016231,0.0,0.0,100.0,1.0,0.11,-11.0,-719.1129208227729,719.1129208227729,0.0,-719.1129208227729,719.1129208227729,0.0,-59225.40495858912,59225.40495858912,0.0,0.0,11367.94640625,11367.94640625,0.0,0.0,5887.49733395697,5887.49733395697,0.0,-433092.870600277,-433092.870600277,60663.63080023466,60663.63080023466,60563.63080023466,0.0,100.0,0.0,0.0,60663.63080023466,43408.187060027696,1,0.0,100.0
3607,63639.546782701014,0.0,-636395.4678270102,0.0,10.0,0.0,-0.0,0.1,0.324814201,32.4814201,0.0,0.0,100.0,1.0,0.11,-11.0,-1059.147693404776,1059.147693404776,0.0,-1059.147693404776,1059.147693404776,0.0,-92526.02593011044,92526.02593011044,0.0,0.0,18659.885712890624,18659.885712890624,0.0,0.0,12244.888821328346,12244.888821328346,0.0,-636406.4678270102,-636406.4678270102,94644.32131691999,94644.32131691999,94544.32131691999,0.0,100.0,0.0,0.0,94644.32131691999,63739.546782701014,1,0.0,100.0
3608,49859.5833229242,0.0,-498595.833229242,0.0,10.0,0.0,-0.0,0.1,0.309748341,30.9748341,0.0,0.0,100.0,1.0,0.11,-11.0,-1112.531191604466,1112.531191604466,0.0,-1112.531191604466,1112.531191604466,0.0,-91152.14304983022,91152.14304983022,0.0,0.0,25091.750126953124,25091.750126953124,0.0,0.0,18325.87198316184,18325.87198316184,0.0,-498606.833229242,-498606.833229242,93377.20543303917,93377.20543303915,93277.20543303917,0.0,100.0,0.0,0.0,93377.20543303915,49959.58332292419,1,0.0,100.0
3609,38683.42454387757,0.0,-386834.2454387757,0.0,10.0,0.0,-0.0,0.1,0.299977775,29.9977775,0.0,0.0,100.0,1.0,0.11,-11.0,-1233.409449408246,1233.409449408246,0.0,-1233.409449408246,1233.409449408246,0.0,-88530.30419634112,88530.30419634112,0.0,0.0,29354.73002929688,29354.73002929688,0.0,0.0,22858.968521983166,22858.968521983166,0.0,-386845.2454387757,-386845.2454387757,90997.12309515761,90997.12309515761,90897.12309515761,0.0,100.0,0.0,0.0,90997.12309515761,38783.42454387757,1,0.0,100.0
3610,29355.064573468295,0.0,-293550.64573468297,0.0,10.0,0.0,-0.0,0.1,0.3094585589999999,30.94585589999999,0.0,0.0,100.0,1.0,0.11,-11.0,-1344.1429313011638,1344.1429313011638,0.0,-1344.1429313011638,1344.1429313011638,0.0,-88114.69348021818,88114.69348021818,0.0,0.0,34702.1521875,34702.1521875,0.0,0.0,26645.762581852203,26645.762581852203,0.0,-293561.64573468297,-293561.64573468297,90802.9793428205,90802.9793428205,90702.9793428205,0.0,100.0,0.0,0.0,90802.9793428205,29455.06457346829,1,0.0,100.0
3611,22497.416217387377,0.0,-224974.16217387377,0.0,10.0,0.0,-0.0,0.1,0.334868679,33.4868679,0.0,0.0,100.0,1.0,0.11,-11.0,-1374.0914266173806,1374.0914266173806,0.0,-1374.0914266173806,1374.0914266173806,0.0,-84868.42295056151,84868.42295056151,0.0,0.0,36272.72373046875,36272.72373046875,0.0,0.0,28746.465855940136,28746.465855940136,0.0,-224985.16217387377,-224985.16217387377,87616.60580379626,87616.60580379626,87516.60580379626,0.0,100.0,0.0,0.0,87616.60580379626,22597.416217387377,1,0.0,100.0
3612,24698.234704133425,0.0,-246982.34704133426,0.0,10.0,0.0,-0.0,0.1,0.368022295,36.8022295,0.0,0.0,100.0,1.0,0.11,-11.0,-1366.523421376117,1366.523421376117,0.0,-1366.523421376117,1366.523421376117,0.0,-88661.46201590098,88661.46201590098,0.0,0.0,37656.322470703126,37656.322470703126,0.0,0.0,28939.951683816656,28939.951683816656,0.0,-246993.34704133426,-246993.34704133426,91394.50885865321,91394.50885865321,91294.50885865321,0.0,100.0,0.0,0.0,91394.50885865321,24798.23470413343,1,0.0,100.0
3613,30230.96294794292,0.0,-302309.6294794292,0.0,10.0,0.0,-0.0,0.1,0.373671452,37.3671452,0.0,0.0,100.0,1.0,0.11,-11.0,-1352.5009411116205,1352.5009411116205,0.0,-1352.5009411116205,1352.5009411116205,0.0,-89647.0095443559,89647.0095443559,0.0,0.0,34739.54674804687,34739.54674804687,0.0,0.0,27281.50173058934,27281.50173058934,0.0,-302320.6294794292,-302320.6294794292,92352.01142657913,92352.01142657913,92252.01142657913,0.0,100.0,0.0,0.0,92352.01142657913,30330.96294794292,1,0.0,100.0
3614,39252.01463594356,0.0,-392520.14635943563,0.0,10.0,0.0,-0.0,0.1,0.388063986,38.8063986,0.0,0.0,100.0,1.0,0.08,-8.0,-1336.8697984591342,1336.8697984591342,0.0,-1336.8697984591342,1336.8697984591342,0.0,-89867.53610625555,89867.53610625555,0.0,0.0,29279.940908203123,29279.940908203123,0.0,0.0,23909.32015902713,23909.32015902713,0.0,-392528.14635943563,-392528.14635943563,92541.27570317381,92541.27570317381,92441.27570317381,0.0,100.0,0.0,0.0,92541.27570317381,39352.01463594356,1,0.0,100.0
3615,52783.819281035394,0.0,-527838.1928103539,0.0,10.0,0.0,-0.0,0.1,0.420154415,42.0154415,0.0,0.0,100.0,1.0,0.08,-8.0,-1251.8441966327089,1251.8441966327089,0.0,-1251.8441966327089,1251.8441966327089,0.0,-92562.17538729311,92562.17538729311,0.0,0.0,22474.13088867188,22474.13088867188,0.0,0.0,19707.913610851265,19707.913610851265,0.0,-527846.1928103539,-527846.1928103539,95065.86378055855,95065.86378055853,94965.86378055855,0.0,100.0,0.0,0.0,95065.86378055853,52883.81928103539,1,0.0,100.0
3616,58797.525131356546,0.0,-587975.2513135654,0.0,10.0,0.0,-0.0,0.1,0.441111773,44.1111773,0.0,0.0,100.0,1.0,0.08,-8.0,-994.6387074322324,994.6387074322324,0.0,-994.6387074322324,994.6387074322324,0.0,-85032.86195883853,85032.86195883853,0.0,0.0,14995.218779296874,14995.218779296874,0.0,0.0,13129.39546304958,13129.39546304958,0.0,-587983.2513135654,-587983.2513135654,87022.139373703,87022.139373703,86922.139373703,0.0,100.0,0.0,0.0,87022.139373703,58897.525131356546,1,0.0,100.0
3617,57400.20984439913,0.0,-574002.0984439913,0.0,10.0,0.0,-0.0,0.1,0.445734836,44.5734836,0.0,0.0,100.0,1.0,0.11,-11.0,-976.2875646828944,976.2875646828944,0.0,-976.2875646828944,976.2875646828944,0.0,-71544.75268581137,71544.75268581137,0.0,0.0,8451.17068359375,8451.17068359375,0.0,0.0,7545.947287184285,7545.947287184285,0.0,-574013.0984439913,-574013.0984439913,73497.32781517717,73497.32781517717,73397.32781517717,0.0,100.0,0.0,0.0,73497.32781517717,57500.20984439913,1,0.0,100.0
3618,63575.40316407246,0.0,-635754.0316407245,0.0,10.0,0.0,-0.0,0.1,0.4425731089999999,44.25731089999999,0.0,0.0,100.0,1.0,0.11,-11.0,-937.9844144299838,937.9844144299838,0.0,-937.9844144299838,937.9844144299838,0.0,-66859.20056622021,66859.20056622021,0.0,0.0,2655.013798828125,2655.013798828125,0.0,0.0,2404.7524321796072,2404.7524321796072,0.0,-635765.0316407245,-635765.0316407245,68735.16939508019,68735.16939508019,68635.16939508019,0.0,100.0,0.0,0.0,68735.16939508019,63675.40316407246,1,0.0,100.0
3619,62707.40722526372,0.0,-627074.0722526372,0.0,10.0,0.0,-0.0,0.1,0.435664747,43.5664747,0.0,0.0,100.0,1.0,0.11,-11.0,-917.8309981804618,917.8309981804618,0.0,-917.8309981804618,917.8309981804618,0.0,-60971.74522890279,60971.74522890279,0.0,0.0,0.0,0.0,0.0,0.0,0.0,0.0,0.0,-627085.0722526372,-627085.0722526372,62807.40722526372,62807.40722526372,62707.40722526372,0.0,100.0,0.0,0.0,62807.40722526372,62807.40722526372,1,0.0,100.0
3620,59363.210911516006,0.0,-593632.1091151601,0.0,10.0,0.0,-0.0,0.1,0.433506724,43.3506724,0.0,0.0,100.0,1.0,0.11,-11.0,-234.9747685900512,234.9747685900512,0.0,-234.9747685900512,234.9747685900512,0.0,-58993.2613743359,58993.2613743359,0.0,0.0,0.0,0.0,0.0,0.0,0.0,0.0,0.0,-593643.1091151601,-593643.1091151601,59463.210911516006,59463.210911516006,59363.210911516006,0.0,100.0,0.0,0.0,59463.210911516006,59463.210911516006,1,0.0,100.0
3621,21490.165818175723,0.0,-214901.65818175723,0.0,10.0,0.0,-0.0,0.1,0.439555562,43.955556200000004,0.0,0.0,100.0,1.0,0.11,-11.0,-234.0805381183177,234.0805381183177,0.0,-234.0805381183177,234.0805381183177,0.0,-21122.004741939087,21122.004741939087,0.0,0.0,0.0,0.0,0.0,0.0,0.0,0.0,0.0,-214912.65818175723,-214912.65818175723,21590.165818175723,21590.165818175723,21490.165818175723,0.0,100.0,0.0,0.0,21590.165818175723,21590.165818175723,1,0.0,100.0
3622,18511.37057763646,0.0,-185113.7057763646,0.0,10.0,0.0,-0.0,0.1,0.434254963,43.4254963,0.0,0.0,100.0,1.0,0.11,-11.0,-236.9720933127454,236.9720933127454,0.0,-236.9720933127454,236.9720933127454,0.0,-18137.42639101097,18137.42639101097,0.0,0.0,0.0,0.0,0.0,0.0,0.0,0.0,0.0,-185124.7057763646,-185124.7057763646,18611.37057763646,18611.37057763646,18511.37057763646,0.0,100.0,0.0,0.0,18611.37057763646,18611.37057763646,1,0.0,100.0
3623,17766.187091962933,0.0,-177661.87091962932,0.0,10.0,0.0,-0.0,0.1,0.442349661,44.2349661,0.0,0.0,100.0,1.0,0.11,-11.0,-233.8555387686987,233.8555387686987,0.0,-233.8555387686987,233.8555387686987,0.0,-17398.476014425534,17398.476014425534,0.0,0.0,0.0,0.0,0.0,0.0,0.0,0.0,0.0,-177672.87091962932,-177672.87091962932,17866.187091962933,17866.187091962933,17766.187091962933,0.0,100.0,0.0,0.0,17866.187091962933,17866.187091962933,1,0.0,100.0
3624,17766.001122420013,0.0,-177660.01122420013,0.0,10.0,0.0,-0.0,0.1,0.432639887,43.2639887,0.0,0.0,100.0,1.0,0.08,-8.0,-233.7626507327546,233.7626507327546,0.0,-233.7626507327546,233.7626507327546,0.0,-17398.475820954503,17398.475820954503,0.0,0.0,0.0,0.0,0.0,0.0,0.0,0.0,0.0,-177668.01122420013,-177668.01122420013,17866.001122420013,17866.001122420013,17766.001122420013,0.0,100.0,0.0,0.0,17866.001122420013,17866.001122420013,1,0.0,100.0
3625,17765.85548893156,0.0,-177658.5548893156,0.0,10.0,0.0,-0.0,0.1,0.408797221,40.8797221,0.0,0.0,100.0,1.0,0.08,-8.0,-233.68983398852865,233.68983398852865,0.0,-233.68983398852865,233.68983398852865,0.0,-17398.475820954503,17398.475820954503,0.0,0.0,0.0,0.0,0.0,0.0,0.0,0.0,0.0,-177666.5548893156,-177666.5548893156,17865.85548893156,17865.85548893156,17765.85548893156,0.0,100.0,0.0,0.0,17865.85548893156,17865.85548893156,1,0.0,100.0
3626,17765.719949541766,0.0,-177657.19949541765,0.0,10.0,0.0,-0.0,0.1,0.390457369,39.0457369,0.0,0.0,100.0,1.0,0.08,-8.0,-233.62206127064564,233.62206127064564,0.0,-233.62206127064564,233.62206127064564,0.0,-17398.475827000475,17398.475827000475,0.0,0.0,0.0,0.0,0.0,0.0,0.0,0.0,0.0,-177665.19949541765,-177665.19949541765,17865.719949541766,17865.719949541766,17765.719949541766,0.0,100.0,0.0,0.0,17865.719949541766,17865.719949541766,1,0.0,100.0
3627,18506.7604937178,0.0,-185067.604937178,0.0,10.0,0.0,-0.0,0.1,0.348317259,34.8317259,0.0,0.0,100.0,1.0,0.08,-8.0,-234.6671480889336,234.6671480889336,0.0,-234.6671480889336,234.6671480889336,0.0,-18137.42619753993,18137.42619753993,0.0,0.0,0.0,0.0,0.0,0.0,0.0,0.0,0.0,-185075.604937178,-185075.604937178,18606.7604937178,18606.7604937178,18506.7604937178,0.0,100.0,0.0,0.0,18606.7604937178,18606.7604937178,1,0.0,100.0
3628,18646.734454711146,0.0,-186467.34454711145,0.0,10.0,0.0,-0.0,0.1,0.310449503,31.0449503,0.0,0.0,100.0,1.0,0.08,-8.0,-234.57207419666275,234.57207419666275,0.0,-234.57207419666275,234.57207419666275,0.0,-18539.352230145945,18539.352230145945,0.0,0.0,261.76192382812496,261.76192382812496,0.0,0.0,0.0,0.0,0.0,-186475.34454711145,-186475.34454711145,19008.496378539272,19008.496378539272,18908.496378539272,0.0,100.0,0.0,0.0,19008.496378539272,18746.734454711146,1,0.0,100.0
3629,47314.74780108545,0.0,-473147.47801085445,0.0,10.0,0.0,-0.0,0.1,0.275829698,27.5829698,0.0,0.0,100.0,1.0,0.11,-11.0,-431.4414095796766,431.4414095796766,0.0,-431.4414095796766,431.4414095796766,0.0,-51790.43901966032,51790.43901966032,0.0,0.0,3552.483251953125,3552.483251953125,0.0,0.0,1686.0907857811042,1686.0907857811042,0.0,-473158.47801085445,-473158.47801085445,52653.32183881968,52653.32183881968,52553.32183881968,0.0,100.0,0.0,0.0,52653.32183881968,47414.74780108545,1,0.0,100.0
3630,43745.139131391625,0.0,-437451.39131391625,0.0,10.0,0.0,-0.0,0.1,0.250863131,25.0863131,0.0,0.0,100.0,1.0,0.11,-11.0,-748.0660592362661,748.0660592362661,0.0,-748.0660592362661,748.0660592362661,0.0,-59303.67391732559,59303.67391732559,0.0,0.0,10956.606240234374,10956.606240234374,0.0,0.0,5998.060664172124,5998.060664172124,0.0,-437462.39131391625,-437462.39131391625,60799.80603579812,60799.80603579812,60699.80603579812,0.0,100.0,0.0,0.0,60799.80603579812,43845.139131391625,1,0.0,100.0
3631,72225.46431835409,0.0,-722254.6431835409,0.0,10.0,0.0,-0.0,0.1,0.237004326,23.7004326,0.0,0.0,100.0,1.0,0.11,-11.0,-1184.976001754929,1184.976001754929,0.0,-1184.976001754929,1184.976001754929,0.0,-93000.91610907733,93000.91610907733,0.0,0.0,10994.00080078125,10994.00080078125,0.0,0.0,12051.402993451826,12051.402993451826,0.0,-722265.6431835409,-722265.6431835409,95370.86811258717,95370.86811258718,95270.86811258717,0.0,100.0,0.0,0.0,95370.86811258718,72325.4643183541,1,0.0,100.0
3632,68230.40097196383,0.0,-682304.0097196383,0.0,10.0,0.0,-0.0,0.1,0.226018517,22.6018517,0.0,0.0,100.0,1.0,0.11,-11.0,-1253.7259352009153,1253.7259352009153,0.0,-1253.7259352009153,1253.7259352009153,0.0,-92359.3576519011,92359.3576519011,0.0,0.0,8376.381562499999,8376.381562499999,0.0,0.0,18160.026987839105,18160.026987839105,0.0,-682315.0097196383,-682315.0097196383,94866.80952230294,94866.80952230292,94766.80952230294,0.0,100.0,0.0,0.0,94866.80952230292,68330.40097196383,1,0.0,100.0
3633,43301.579135913315,0.0,-433015.79135913315,0.0,10.0,0.0,-0.0,0.1,0.2209042389999999,22.09042389999999,0.0,0.0,100.0,1.0,0.11,-11.0,-1318.6780712104671,1318.6780712104671,0.0,-1318.6780712104671,1318.6780712104671,0.0,-90706.5438405256,90706.5438405256,0.0,0.0,28382.471455078125,28382.471455078125,0.0,0.0,21559.8493919551,21559.8493919551,0.0,-433026.79135913315,-433026.79135913315,93343.89998294655,93343.89998294653,93243.89998294655,0.0,100.0,0.0,0.0,93343.89998294653,43401.57913591331,1,0.0,100.0
3634,43491.327326729384,0.0,-434913.2732672938,0.0,10.0,0.0,-0.0,0.1,0.222826012,22.2826012,0.0,0.0,100.0,1.0,0.11,-11.0,-1395.5583198791585,1395.5583198791585,0.0,-1395.5583198791585,1395.5583198791585,0.0,-91812.39062703445,91812.39062703445,0.0,0.0,28457.26057617188,28457.26057617188,0.0,0.0,22554.91936389149,22554.91936389149,0.0,-434924.2732672938,-434924.2732672938,94603.50726679276,94603.50726679276,94503.50726679276,0.0,100.0,0.0,0.0,94603.50726679276,43591.327326729384,1,0.0,100.0
3635,30871.39992499124,0.0,-308713.9992499124,0.0,10.0,0.0,-0.0,0.1,0.2263367369999999,22.63367369999999,0.0,0.0,100.0,1.0,0.11,-11.0,-1447.8853872432232,1447.8853872432232,0.0,-1447.8853872432232,1447.8853872432232,0.0,-89630.02417857754,89630.02417857754,0.0,0.0,34963.91411132812,34963.91411132812,0.0,0.0,26590.480916744626,26590.480916744626,0.0,-308724.9992499124,-308724.9992499124,92525.79495306399,92525.79495306399,92425.79495306399,0.0,100.0,0.0,0.0,92525.79495306399,30971.399924991245,1,0.0,100.0
3636,33460.957283317206,0.0,-334609.57283317205,0.0,10.0,0.0,-0.0,0.1,0.23797558,23.797558,0.0,0.0,100.0,1.0,0.11,-11.0,-1453.3862504872675,1453.3862504872675,0.0,-1453.3862504872675,1453.3862504872675,0.0,-92637.77546155149,92637.77546155149,0.0,0.0,35973.56724609375,35973.56724609375,0.0,0.0,26010.023433115064,26010.023433115064,0.0,-334620.57283317205,-334620.57283317205,95544.54796252602,95544.54796252602,95444.54796252602,0.0,100.0,0.0,0.0,95544.54796252602,33560.957283317206,1,0.0,100.0
3637,37368.47738266403,0.0,-373684.77382664033,0.0,10.0,0.0,-0.0,0.1,0.250614725,25.061472499999997,0.0,0.0,100.0,1.0,0.11,-11.0,-1468.614745943891,1468.614745943891,0.0,-1468.614745943891,1468.614745943891,0.0,-92349.33270869164,92349.33270869164,0.0,0.0,33355.9480078125,33355.9480078125,0.0,0.0,24462.136810102904,24462.136810102904,0.0,-373695.77382664033,-373695.77382664033,95286.56220057943,95286.56220057943,95186.56220057943,0.0,100.0,0.0,0.0,95286.56220057943,37468.47738266403,1,0.0,100.0
3638,44928.53825305941,0.0,-449285.38253059407,0.0,10.0,0.0,-0.0,0.1,0.257284748,25.7284748,0.0,0.0,100.0,1.0,0.08,-8.0,-1451.259627055218,1451.259627055218,0.0,-1451.259627055218,1451.259627055218,0.0,-92300.84058583106,92300.84058583106,0.0,0.0,28532.049697265626,28532.049697265626,0.0,0.0,21642.771889616462,21642.771889616462,0.0,-449293.38253059407,-449293.38253059407,95203.35983994149,95203.35983994149,95103.35983994149,0.0,100.0,0.0,0.0,95203.35983994149,45028.53825305941,1,0.0,100.0
3639,59879.722657347185,0.0,-598797.2265734719,0.0,10.0,0.0,-0.0,0.1,0.262802336,26.280233600000003,0.0,0.0,100.0,1.0,0.08,-8.0,-1430.8524927240912,1430.8524927240912,0.0,-1430.8524927240912,1430.8524927240912,0.0,-95248.23386543377,95248.23386543377,0.0,0.0,22623.709130859374,22623.709130859374,0.0,0.0,15506.5070626754,15506.5070626754,0.0,-598805.2265734719,-598805.2265734719,98109.93885088197,98109.93885088195,98009.93885088197,0.0,100.0,0.0,0.0,98109.93885088195,59979.72265734718,0,0.0,100.0
3640,67655.46392868372,0.0,-676554.6392868372,0.0,10.0,0.0,-0.0,0.1,0.275625553,27.562555300000003,0.0,0.0,100.0,1.0,0.08,-8.0,-1182.2934496310074,1182.2934496310074,0.0,-1182.2934496310074,1182.2934496310074,0.0,-88202.00163517913,88202.00163517913,0.0,0.0,13910.7765234375,13910.7765234375,0.0,0.0,8900.348082319926,8900.348082319926,0.0,-676562.6392868372,-676562.6392868372,90566.58853444114,90566.58853444114,90466.58853444114,0.0,100.0,0.0,0.0,90566.58853444114,67755.46392868372,1,0.0,100.0
3641,64371.66315294978,0.0,-643716.6315294978,0.0,10.0,0.0,-0.0,0.1,0.2974263119999999,29.74263119999999,0.0,0.0,100.0,1.0,0.11,-11.0,-1122.277495292079,1122.277495292079,0.0,-1122.277495292079,1122.277495292079,0.0,-76291.08306412472,76291.08306412472,0.0,0.0,6656.23177734375,6656.23177734375,0.0,0.0,7407.743124415342,7407.743124415342,0.0,-643727.6315294978,-643727.6315294978,78535.63805470888,78535.63805470888,78435.63805470888,0.0,100.0,0.0,0.0,78535.63805470888,64471.66315294978,1,0.0,100.0
3642,71373.99690940602,0.0,-713739.9690940602,0.0,10.0,0.0,-0.0,0.1,0.320003238,32.000323800000004,0.0,0.0,100.0,1.0,0.11,-11.0,-1034.0411190200257,1034.0411190200257,0.0,-1034.0411190200257,1034.0411190200257,0.0,-74267.33402022078,74267.33402022078,0.0,0.0,2318.46275390625,2318.46275390625,0.0,0.0,2542.9565949485504,2542.9565949485504,0.0,-713750.9690940602,-713750.9690940602,76335.41625826083,76335.41625826083,76235.41625826083,0.0,100.0,0.0,0.0,76335.41625826083,71473.99690940602,1,0.0,100.0
3643,69265.51477092472,0.0,-692655.1477092472,0.0,10.0,0.0,-0.0,0.1,0.345225466,34.5225466,0.0,0.0,100.0,1.0,0.11,-11.0,-967.8451641903032,967.8451641903032,0.0,-967.8451641903032,967.8451641903032,0.0,-67429.82444254412,67429.82444254412,0.0,0.0,0.0,0.0,0.0,0.0,0.0,0.0,0.0,-692666.1477092472,-692666.1477092472,69365.51477092472,69365.51477092472,69265.51477092472,0.0,100.0,0.0,0.0,69365.51477092472,69365.51477092472,1,0.0,100.0
3644,65367.51755730338,0.0,-653675.1755730337,0.0,10.0,0.0,-0.0,0.1,0.354817951,35.4817951,0.0,0.0,100.0,1.0,0.11,-11.0,-234.97455113833072,234.97455113833072,0.0,-234.97455113833072,234.97455113833072,0.0,-64997.56845502672,64997.56845502672,0.0,0.0,0.0,0.0,0.0,0.0,0.0,0.0,0.0,-653686.1755730337,-653686.1755730337,65467.51755730338,65467.51755730338,65367.51755730338,0.0,100.0,0.0,0.0,65467.51755730338,65467.51755730338,1,0.0,100.0
3645,21490.131582588892,0.0,-214901.31582588892,0.0,10.0,0.0,-0.0,0.1,0.378106062,37.8106062,0.0,0.0,100.0,1.0,0.11,-11.0,-234.0635019454952,234.0635019454952,0.0,-234.0635019454952,234.0635019454952,0.0,-21122.004578697903,21122.004578697903,0.0,0.0,0.0,0.0,0.0,0.0,0.0,0.0,0.0,-214912.31582588892,-214912.31582588892,21590.131582588892,21590.131582588892,21490.131582588892,0.0,100.0,0.0,0.0,21590.131582588892,21590.131582588892,1,0.0,100.0
3646,18511.292346864062,0.0,-185112.92346864063,0.0,10.0,0.0,-0.0,0.1,0.39721703,39.721703000000005,0.0,0.0,100.0,1.0,0.11,-11.0,-236.93306861609324,236.93306861609324,0.0,-236.93306861609324,236.93306861609324,0.0,-18137.426209631874,18137.426209631874,0.0,0.0,0.0,0.0,0.0,0.0,0.0,0.0,0.0,-185123.92346864063,-185123.92346864063,18611.292346864062,18611.292346864062,18511.292346864062,0.0,100.0,0.0,0.0,18611.292346864062,18611.292346864062,1,0.0,100.0
3647,17766.421223536676,0.0,-177664.21223536675,0.0,10.0,0.0,-0.0,0.1,0.398815667,39.8815667,0.0,0.0,100.0,1.0,0.11,-11.0,-233.97269524511628,233.97269524511628,0.0,-233.97269524511628,233.97269524511628,0.0,-17398.475833046443,17398.475833046443,0.0,0.0,0.0,0.0,0.0,0.0,0.0,0.0,0.0,-177675.21223536675,-177675.21223536675,17866.421223536676,17866.421223536676,17766.421223536676,0.0,100.0,0.0,0.0,17866.421223536676,17866.421223536676,1,0.0,100.0
3648,17766.15471896854,0.0,-177661.5471896854,0.0,10.0,0.0,-0.0,0.1,0.403896078,40.3896078,0.0,0.0,100.0,1.0,0.08,-8.0,-233.8395366735788,233.8395366735788,0.0,-233.8395366735788,233.8395366735788,0.0,-17398.475645621384,17398.475645621384,0.0,0.0,0.0,0.0,0.0,0.0,0.0,0.0,0.0,-177669.5471896854,-177669.5471896854,17866.15471896854,17866.15471896854,17766.15471896854,0.0,100.0,0.0,0.0,17866.15471896854,17866.15471896854,1,0.0,100.0
3649,17765.827538691443,0.0,-177658.27538691444,0.0,10.0,0.0,-0.0,0.1,0.397662487,39.7662487,0.0,0.0,100.0,1.0,0.08,-8.0,-233.6759465350292,233.6759465350292,0.0,-233.6759465350292,233.6759465350292,0.0,-17398.475645621384,17398.475645621384,0.0,0.0,0.0,0.0,0.0,0.0,0.0,0.0,0.0,-177666.27538691444,-177666.27538691444,17865.827538691443,17865.827538691443,17765.827538691443,0.0,100.0,0.0,0.0,17865.827538691443,17865.827538691443,1,0.0,100.0
3650,17765.723309985504,0.0,-177657.23309985505,0.0,10.0,0.0,-0.0,0.1,0.3980988789999999,39.80988789999999,0.0,0.0,100.0,1.0,0.08,-8.0,-233.6238321820596,233.6238321820596,0.0,-233.6238321820596,233.6238321820596,0.0,-17398.475645621384,17398.475645621384,0.0,0.0,0.0,0.0,0.0,0.0,0.0,0.0,0.0,-177665.23309985505,-177665.23309985505,17865.723309985504,17865.723309985504,17765.723309985504,0.0,100.0,0.0,0.0,17865.723309985504,17865.723309985504,1,0.0,100.0
3651,18515.584367902688,0.0,-185155.84367902688,0.0,10.0,0.0,-0.0,0.1,0.369022066,36.9022066,0.0,0.0,100.0,1.0,0.08,-8.0,-239.0791788939047,239.0791788939047,0.0,-239.0791788939047,239.0791788939047,0.0,-18137.42601011488,18137.42601011488,0.0,0.0,0.0,0.0,0.0,0.0,0.0,0.0,0.0,-185163.84367902688,-185163.84367902688,18615.584367902688,18615.584367902688,18515.584367902688,0.0,100.0,0.0,0.0,18615.584367902688,18615.584367902688,1,0.0,100.0
3652,18654.01674392335,0.0,-186540.16743923348,0.0,10.0,0.0,-0.0,0.1,0.322229679,32.2229679,0.0,0.0,100.0,1.0,0.08,-8.0,-238.2133699520078,238.2133699520078,0.0,-238.2133699520078,238.2133699520078,0.0,-18539.35192784746,18539.35192784746,0.0,0.0,261.76192382812496,261.76192382812496,0.0,0.0,0.0,0.0,0.0,-186548.16743923348,-186548.16743923348,19015.778667751474,19015.778667751474,18915.778667751474,0.0,100.0,0.0,0.0,19015.778667751474,18754.01674392335,1,0.0,100.0
3653,47862.04188444795,0.0,-478620.4188444795,0.0,10.0,0.0,-0.0,0.1,0.2817560739999999,28.17560739999999,0.0,0.0,100.0,1.0,0.11,-11.0,-402.8771468102718,402.8771468102718,0.0,-402.8771468102718,402.8771468102718,0.0,-52178.627641848005,52178.627641848005,0.0,0.0,3253.326767578125,3253.326767578125,0.0,0.0,1769.01328344247,1769.01328344247,0.0,-478631.4188444795,-478631.4188444795,52984.38193546855,52984.38193546855,52884.38193546855,0.0,100.0,0.0,0.0,52984.38193546855,47962.04188444795,1,0.0,100.0
3654,41963.96389654689,0.0,-419639.6389654689,0.0,10.0,0.0,-0.0,0.1,0.242505623,24.2505623,0.0,0.0,100.0,1.0,0.11,-11.0,-699.3291787743451,699.3291787743451,0.0,-699.3291787743451,699.3291787743451,0.0,-58421.55658746457,58421.55658746457,0.0,0.0,10956.606240234374,10956.606240234374,0.0,0.0,6799.644808231994,6799.644808231994,0.0,-419650.6389654689,-419650.6389654689,59820.21494501326,59820.21494501326,59720.21494501326,0.0,100.0,0.0,0.0,59820.21494501326,42063.96389654689,1,0.0,100.0
3655,63413.15794778369,0.0,-634131.579477837,0.0,10.0,0.0,-0.0,0.1,0.2339209119999999,23.39209119999999,0.0,0.0,100.0,1.0,0.11,-11.0,-1128.5284109019706,1128.5284109019706,0.0,-1128.5284109019706,1128.5284109019706,0.0,-92421.04885204164,92421.04885204164,0.0,0.0,18173.75642578125,18173.75642578125,0.0,0.0,12991.191300280638,12991.191300280638,0.0,-634142.579477837,-634142.579477837,94678.10567384558,94678.10567384558,94578.10567384558,0.0,100.0,0.0,0.0,94678.10567384558,63513.15794778369,1,0.0,100.0
3656,51074.86276644153,0.0,-510748.62766441534,0.0,10.0,0.0,-0.0,0.1,0.227952613,22.7952613,0.0,0.0,100.0,1.0,0.11,-11.0,-1228.013464672954,1228.013464672954,0.0,-1228.013464672954,1228.013464672954,0.0,-92191.73961231815,92191.73961231815,0.0,0.0,25091.750126953124,25091.750126953124,0.0,0.0,18381.153648269414,18381.153648269414,0.0,-510759.62766441534,-510759.62766441534,94647.76654166408,94647.76654166407,94547.76654166408,0.0,100.0,0.0,0.0,94647.76654166407,51174.862766441525,1,0.0,100.0
3657,38295.66984729834,0.0,-382956.69847298344,0.0,10.0,0.0,-0.0,0.1,0.222052494,22.2052494,0.0,0.0,100.0,1.0,0.11,-11.0,-1303.3629130631618,1303.3629130631618,0.0,-1303.3629130631618,1303.3629130631618,0.0,-90786.10680605604,90786.10680605604,0.0,0.0,31972.349267578124,31972.349267578124,0.0,0.0,23024.81351730589,23024.81351730589,0.0,-382967.69847298344,-382967.69847298344,93392.83263218236,93392.83263218236,93292.83263218236,0.0,100.0,0.0,0.0,93392.83263218236,38395.66984729834,1,0.0,100.0
3658,31621.978150682327,0.0,-316219.78150682326,0.0,10.0,0.0,-0.0,0.1,0.22469829,22.469829,0.0,0.0,100.0,1.0,0.11,-11.0,-1370.027438902142,1370.027438902142,0.0,-1370.027438902142,1370.027438902142,0.0,-91250.05565419236,91250.05565419236,0.0,0.0,35898.778125,35898.778125,0.0,0.0,26369.35425631432,26369.35425631432,0.0,-316230.78150682326,-316230.78150682326,93990.11053199664,93990.11053199664,93890.11053199664,0.0,100.0,0.0,0.0,93990.11053199664,31721.978150682327,1,0.0,100.0
3659,24546.384707937887,0.0,-245463.84707937887,0.0,10.0,0.0,-0.0,0.1,0.232696929,23.2696929,0.0,0.0,100.0,1.0,0.11,-11.0,-1413.581740667739,1413.581740667739,0.0,-1413.581740667739,1413.581740667739,0.0,-87809.01741636431,87809.01741636431,0.0,0.0,37768.50615234375,37768.50615234375,0.0,0.0,28221.29003741815,28221.29003741815,0.0,-245474.84707937887,-245474.84707937887,90636.18089769979,90636.18089769979,90536.18089769979,0.0,100.0,0.0,0.0,90636.18089769979,24646.38470793789,1,0.0,100.0
3660,27509.545212324887,0.0,-275095.4521232489,0.0,10.0,0.0,-0.0,0.1,0.242025049,24.2025049,0.0,0.0,100.0,1.0,0.11,-11.0,-1424.4001579078056,1424.4001579078056,0.0,-1424.4001579078056,1424.4001579078056,0.0,-90709.90582287336,90709.90582287336,0.0,0.0,37506.74422851562,37506.74422851562,0.0,0.0,28442.41669784846,28442.41669784846,0.0,-275106.4521232489,-275106.4521232489,93558.70613868897,93558.70613868897,93458.70613868897,0.0,100.0,0.0,0.0,93558.70613868897,27609.545212324883,1,0.0,100.0
3661,31341.393069597518,0.0,-313413.9306959752,0.0,10.0,0.0,-0.0,0.1,0.262651779,26.265177899999998,0.0,0.0,100.0,1.0,0.11,-11.0,-1442.6582683925906,1442.6582683925906,0.0,-1442.6582683925906,1442.6582683925906,0.0,-89403.24723278567,89403.24723278567,0.0,0.0,33842.07729492187,33842.07729492187,0.0,0.0,27005.09340505145,27005.09340505145,0.0,-313424.9306959752,-313424.9306959752,92288.56376957084,92288.56376957084,92188.56376957084,0.0,100.0,0.0,0.0,92288.56376957084,31441.393069597514,1,0.0,100.0
3662,39959.537903017575,0.0,-399595.37903017574,0.0,10.0,0.0,-0.0,0.1,0.295687763,29.5687763,0.0,0.0,100.0,1.0,0.08,-8.0,-1468.780523486913,1468.780523486913,0.0,-1468.780523486913,1468.780523486913,0.0,-88804.08142198045,88804.08142198045,0.0,0.0,27634.580244140623,27634.580244140623,0.0,0.0,24047.524321796074,24047.524321796074,0.0,-399603.37903017574,-399603.37903017574,91741.64246895426,91741.64246895428,91641.64246895426,0.0,100.0,0.0,0.0,91741.64246895428,40059.53790301758,1,0.0,100.0
3663,55920.353254069225,0.0,-559203.5325406922,0.0,10.0,0.0,-0.0,0.1,0.312047452,31.2047452,0.0,0.0,100.0,1.0,0.08,-8.0,-1469.730292098788,1469.730292098788,0.0,-1469.730292098788,1469.730292098788,0.0,-91495.84028215351,91495.84028215351,0.0,0.0,18734.674833984376,18734.674833984376,0.0,0.0,19680.27277829748,19680.27277829748,0.0,-559211.5325406922,-559211.5325406922,94435.30086635108,94435.30086635108,94335.30086635108,0.0,100.0,0.0,0.0,94435.30086635108,56020.353254069225,0,0.0,100.0
3664,53511.594324856705,0.0,-535115.943248567,0.0,10.0,0.0,-0.0,0.1,0.32921105,32.921105,0.0,0.0,100.0,1.0,0.08,-8.0,-1197.4042847525222,1197.4042847525222,0.0,-1197.4042847525222,1197.4042847525222,0.0,-82788.2758320333,82788.2758320333,0.0,0.0,16977.13048828125,16977.13048828125,0.0,0.0,14594.359588400375,14594.359588400375,0.0,-535123.943248567,-535123.943248567,85183.08440153833,85183.08440153833,85083.08440153833,0.0,100.0,0.0,0.0,85183.08440153833,53611.594324856705,1,0.0,100.0
3665,53785.503438059706,0.0,-537855.0343805971,0.0,10.0,0.0,-0.0,0.1,0.366940342,36.6940342,0.0,0.0,100.0,1.0,0.11,-11.0,-1134.6213152212624,1134.6213152212624,0.0,-1134.6213152212624,1134.6213152212624,0.0,-68639.33028573633,68639.33028573633,0.0,0.0,8675.538046874999,8675.538046874999,0.0,0.0,8347.531431244155,8347.531431244155,0.0,-537866.0343805971,-537866.0343805971,70908.57291617886,70908.57291617886,70808.57291617886,0.0,100.0,0.0,0.0,70908.57291617886,53885.503438059706,1,0.0,100.0
3666,62336.56970830838,0.0,-623365.6970830838,0.0,10.0,0.0,-0.0,0.1,0.377273955,37.7273955,0.0,0.0,100.0,1.0,0.11,-11.0,-1074.3861877910983,1074.3861877910983,0.0,-1074.3861877910983,1074.3861877910983,0.0,-66154.0087620702,66154.0087620702,0.0,0.0,2991.56484375,2991.56484375,0.0,0.0,2874.6465855940137,2874.6465855940137,0.0,-623376.6970830838,-623376.6970830838,68302.78113765239,68302.78113765239,68202.78113765239,0.0,100.0,0.0,0.0,68302.78113765239,62436.56970830838,1,0.0,100.0
3667,61523.87142461758,0.0,-615238.7142461758,0.0,10.0,0.0,-0.0,0.1,0.393026962,39.3026962,0.0,0.0,100.0,1.0,0.11,-11.0,-1057.5502236924124,1057.5502236924124,0.0,-1057.5502236924124,1057.5502236924124,0.0,-59508.77097723276,59508.77097723276,0.0,0.0,0.0,0.0,0.0,0.0,0.0,0.0,0.0,-615249.7142461758,-615249.7142461758,61623.87142461758,61623.87142461758,61523.87142461758,0.0,100.0,0.0,0.0,61623.87142461758,61623.87142461758,1,0.0,100.0
3668,56487.71477918104,0.0,-564877.1477918105,0.0,10.0,0.0,-0.0,0.1,0.399050705,39.9050705,0.0,0.0,100.0,1.0,0.11,-11.0,-234.20671262763145,234.20671262763145,0.0,-234.20671262763145,234.20671262763145,0.0,-56119.30135392578,56119.30135392578,0.0,0.0,0.0,0.0,0.0,0.0,0.0,0.0,0.0,-564888.1477918105,-564888.1477918105,56587.71477918104,56587.71477918104,56487.71477918104,0.0,100.0,0.0,0.0,56587.71477918104,56587.71477918104,1,0.0,100.0
3669,21490.41769276079,0.0,-214904.1769276079,0.0,10.0,0.0,-0.0,0.1,0.391904832,39.190483199999996,0.0,0.0,100.0,1.0,0.11,-11.0,-234.20666283591552,234.20666283591552,0.0,-234.20666283591552,234.20666283591552,0.0,-21122.00436708896,21122.00436708896,0.0,0.0,0.0,0.0,0.0,0.0,0.0,0.0,0.0,-214915.1769276079,-214915.1769276079,21590.41769276079,21590.41769276079,21490.41769276079,0.0,100.0,0.0,0.0,21590.41769276079,21590.41769276079,1,0.0,100.0
3670,18511.68318246607,0.0,-185116.8318246607,0.0,10.0,0.0,-0.0,0.1,0.389630728,38.9630728,0.0,0.0,100.0,1.0,0.11,-11.0,-237.1285831526119,237.1285831526119,0.0,-237.1285831526119,237.1285831526119,0.0,-18137.426016160847,18137.426016160847,0.0,0.0,0.0,0.0,0.0,0.0,0.0,0.0,0.0,-185127.8318246607,-185127.8318246607,18611.68318246607,18611.68318246607,18511.68318246607,0.0,100.0,0.0,0.0,18611.68318246607,18611.68318246607,1,0.0,100.0
3671,17766.837362702907,0.0,-177668.37362702907,0.0,10.0,0.0,-0.0,0.1,0.3895624239999999,38.956242399999994,0.0,0.0,100.0,1.0,0.11,-11.0,-234.1808615637452,234.1808615637452,0.0,-234.1808615637452,234.1808615637452,0.0,-17398.475639575416,17398.475639575416,0.0,0.0,0.0,0.0,0.0,0.0,0.0,0.0,0.0,-177679.37362702907,-177679.37362702907,17866.837362702907,17866.837362702907,17766.837362702907,0.0,100.0,0.0,0.0,17866.837362702907,17866.837362702907,1,0.0,100.0
3672,14753.436566393215,0.0,-147534.36566393214,0.0,10.0,0.0,-0.0,0.1,0.3953923239999999,39.53923239999999,0.0,0.0,100.0,1.0,0.08,-8.0,-234.1581760395768,234.1581760395768,0.0,-234.1581760395768,234.1581760395768,0.0,-14385.120214314062,14385.120214314062,0.0,0.0,0.0,0.0,0.0,0.0,0.0,0.0,0.0,-147542.36566393214,-147542.36566393214,14853.436566393215,14853.436566393215,14753.436566393215,0.0,100.0,0.0,0.0,14853.436566393215,14853.436566393215,1,0.0,100.0
3673,14753.261047351867,0.0,-147532.61047351867,0.0,10.0,0.0,-0.0,0.1,0.391835817,39.1835817,0.0,0.0,100.0,1.0,0.08,-8.0,-234.0704134959176,234.0704134959176,0.0,-234.0704134959176,234.0704134959176,0.0,-14385.120220360031,14385.120220360031,0.0,0.0,0.0,0.0,0.0,0.0,0.0,0.0,0.0,-147540.61047351867,-147540.61047351867,14853.261047351867,14853.261047351867,14753.261047351867,0.0,100.0,0.0,0.0,14853.261047351867,14853.261047351867,1,0.0,100.0
3674,14753.043069512863,0.0,-147530.43069512863,0.0,10.0,0.0,-0.0,0.1,0.398415478,39.8415478,0.0,0.0,100.0,1.0,0.08,-8.0,-233.96142457641568,233.96142457641568,0.0,-233.96142457641568,233.96142457641568,0.0,-14385.120220360031,14385.120220360031,0.0,0.0,0.0,0.0,0.0,0.0,0.0,0.0,0.0,-147538.43069512863,-147538.43069512863,14853.043069512863,14853.043069512863,14753.043069512863,0.0,100.0,0.0,0.0,14853.043069512863,14853.043069512863,1,0.0,100.0
3675,15494.23045740894,0.0,-154942.3045740894,0.0,10.0,0.0,-0.0,0.1,0.364135429,36.4135429,0.0,0.0,100.0,1.0,0.08,-8.0,-235.0799332547236,235.0799332547236,0.0,-235.0799332547236,235.0799332547236,0.0,-15124.070590899491,15124.070590899491,0.0,0.0,0.0,0.0,0.0,0.0,0.0,0.0,0.0,-154950.3045740894,-154950.3045740894,15594.23045740894,15594.23045740894,15494.23045740894,0.0,100.0,0.0,0.0,15594.23045740894,15594.23045740894,1,0.0,100.0
3676,14090.050053290382,0.0,-140900.50053290382,0.0,10.0,0.0,-0.0,0.1,0.327085019,32.708501899999995,0.0,0.0,100.0,1.0,0.08,-8.0,-234.9438557170664,234.9438557170664,0.0,-234.9438557170664,234.9438557170664,0.0,-14019.31882623125,14019.31882623125,0.0,0.0,299.156484375,299.156484375,0.0,0.0,0.0,0.0,0.0,-140908.50053290382,-140908.50053290382,14489.206537665383,14489.206537665383,14389.206537665383,0.0,100.0,0.0,0.0,14489.206537665383,14190.050053290382,1,0.0,100.0
3677,17769.865345871454,0.0,-177698.65345871454,0.0,10.0,0.0,-0.0,0.1,0.2859206569999999,28.592065699999992,0.0,0.0,100.0,1.0,0.11,-11.0,-210.96689314484547,210.96689314484547,0.0,-210.96689314484547,210.96689314484547,0.0,-22894.60620746201,22894.60620746201,0.0,0.0,3926.428857421875,3926.428857421875,0.0,0.0,1520.2457904583723,1520.2457904583723,0.0,-177709.65345871454,-177709.65345871454,23316.5399937517,23316.5399937517,23216.5399937517,0.0,100.0,0.0,0.0,23316.5399937517,17869.865345871454,1,0.0,100.0
3678,13848.422193802868,0.0,-138484.22193802867,0.0,10.0,0.0,-0.0,0.1,0.260855874,26.085587399999998,0.0,0.0,100.0,1.0,0.11,-11.0,-198.6638563967201,198.6638563967201,0.0,-198.6638563967201,198.6638563967201,0.0,-30492.7669545719,30492.7669545719,0.0,0.0,10694.84431640625,10694.84431640625,0.0,0.0,6246.828157156222,6246.828157156222,0.0,-138495.22193802867,-138495.22193802867,30890.09466736534,30890.09466736534,30790.09466736534,0.0,100.0,0.0,0.0,30890.09466736534,13948.422193802868,1,0.0,100.0
3679,19114.398432595204,0.0,-191143.98432595204,0.0,10.0,0.0,-0.0,0.1,0.247692277,24.7692277,0.0,0.0,100.0,1.0,0.11,-11.0,-198.74069371739827,198.74069371739827,0.0,-198.74069371739827,198.74069371739827,0.0,-49547.71320748903,49547.71320748903,0.0,0.0,18734.674833984376,18734.674833984376,0.0,0.0,11996.121328344248,11996.121328344248,0.0,-191154.98432595204,-191154.98432595204,49945.19459492383,49945.19459492383,49845.19459492383,0.0,100.0,0.0,0.0,49945.19459492383,19214.398432595204,1,0.0,100.0
3680,8043.799961154702,0.0,-80437.99961154701,0.0,10.0,0.0,-0.0,0.1,0.235704681,23.5704681,0.0,0.0,100.0,1.0,0.11,-11.0,-290.5224325897718,290.5224325897718,0.0,-290.5224325897718,290.5224325897718,0.0,-51947.7431065922,51947.7431065922,0.0,0.0,26363.16518554688,26363.16518554688,0.0,0.0,18021.82282507016,18021.82282507016,0.0,-80448.99961154701,-80448.99961154701,52528.787971771744,52528.787971771744,52428.787971771744,0.0,100.0,0.0,0.0,52528.787971771744,8143.799961154698,1,0.0,100.0
3681,882.5346423700903,0.0,-8825.346423700903,0.0,10.0,0.0,-0.0,0.1,0.233872691,23.3872691,0.0,0.0,100.0,1.0,0.11,-11.0,-265.7068401975754,265.7068401975754,0.0,-265.7068401975754,265.7068401975754,0.0,-55380.00765090736,55380.00765090736,0.0,0.0,31710.58734375,31710.58734375,0.0,0.0,23218.29934518242,23218.29934518242,0.0,-8836.346423700903,-8836.346423700903,55911.42133130251,55911.42133130251,55811.42133130251,0.0,100.0,0.0,0.0,55911.42133130251,982.5346423700903,1,0.0,100.0
3682,0.0,0.0,-0.0,55.55555555555556,10.0,0.0,-0.0,0.1,0.25052574,0.0,0.0,100.0,0.0,1.0,0.11,0.0,-334.6126499992784,334.6126499992784,0.0,-334.6126499992784,334.6126499992784,0.0,-57823.19753875858,57823.19753875858,0.0,0.0,36123.14548828125,36123.14548828125,0.0,3236.4230340995236,25761.255940130966,22524.832906031443,0.0,0.0,0.0,58647.97839431269,58647.97839431269,58647.97839431269,0.0,0.0,155.55555555555475,0.0,58492.422838757135,-3391.9785896550748,1,-55.55555555555556,-100.0
3683,0.0,0.0,-0.0,44.44444444444444,60.0,0.0,-0.0,0.6,0.28088056,0.0,0.0,100.0,0.0,1.0,0.11,0.0,-311.1915224770308,311.1915224770308,0.0,-311.1915224770308,311.1915224770308,0.0,-58529.671687027134,58529.671687027134,0.0,0.0,38292.03,38292.03,0.0,6885.130870347046,27889.600046772688,21004.469176425642,0.0,0.0,0.0,59296.49917642564,59296.49917642564,59296.49917642564,0.0,0.0,144.44444444444525,0.0,59152.054731981196,-7029.5753147914875,1,-44.44444444444444,-100.0
3684,0.0,0.0,-0.0,0.0,100.0,-0.0,-0.0,1.0,0.303591761,0.0,0.0,100.0,0.0,1.0,0.11,0.0,-372.8839822160195,372.8839822160195,0.0,-372.8839822160195,372.8839822160195,0.0,-59274.26295330355,59274.26295330355,0.0,0.0,38030.26807617187,38030.26807617187,0.0,6020.963865639285,28110.726707203,22089.762841563715,0.0,0.0,0.0,60120.03091773559,60120.03091773559,60120.03091773559,0.0,0.0,100.0,0.0,60020.03091773559,-6120.963865639285,1,-0.0,-100.0
3685,0.0,0.0,-0.0,0.0,100.0,-0.0,-0.0,1.0,0.313899219,0.0,0.0,100.0,0.0,1.0,0.11,0.0,-341.88870766527646,341.88870766527646,0.0,-341.88870766527646,341.88870766527646,0.0,-44586.20013056968,44586.20013056968,0.0,0.0,35300.46515625,35300.46515625,0.0,16465.686861986815,26535.19925163705,10069.512389650234,0.0,0.0,0.0,45369.977545900234,45369.977545900234,45369.977545900234,0.0,0.0,100.0,0.0,45269.977545900234,-16565.68686198681,1,-0.0,-100.0
3686,0.0,0.0,-0.0,0.0,100.0,-0.0,-0.0,1.0,0.325973798,0.0,0.0,100.0,0.0,1.0,0.08,0.0,-377.4455734021536,377.4455734021536,0.0,-377.4455734021536,377.4455734021536,0.0,-45303.32882514399,45303.32882514399,0.0,0.0,30476.566845703124,30476.566845703124,0.0,8393.512028104691,24075.165154349863,15681.653126245172,0.0,0.0,0.0,46158.219971948296,46158.219971948296,46158.219971948296,0.0,0.0,100.0,0.0,46058.219971948296,-8493.512028104691,1,-0.0,-100.0
3687,5168.079512104454,0.0,-51680.79512104454,0.0,100.0,45.0,-0.0,1.0,0.352107121,35.2107121,0.0,0.0,100.0,1.0,0.08,-8.0,-332.4762752990147,332.4762752990147,0.0,-332.4762752990147,332.4762752990147,0.0,-48724.2679986359,48724.2679986359,0.0,0.0,24755.19908203125,24755.19908203125,0.0,0.0,19320.941955098224,19320.941955098224,0.0,-51688.79512104454,-51688.79512104454,49389.22054923393,49389.22054923393,49244.22054923393,0.0,145.0,0.0,0.0,49389.22054923393,5313.07951210445,1,45.0,100.0
3688,16271.56374004606,0.0,-162715.6374004606,0.0,50.0,36.0,-0.0,0.5,0.379439381,37.943938100000004,0.0,0.0,100.0,1.0,0.08,-8.0,-361.5629257633864,361.5629257633864,0.0,-361.5629257633864,361.5629257633864,0.0,-46057.61843739492,46057.61843739492,0.0,0.0,16939.735927734375,16939.735927734375,0.0,0.0,13433.444621141256,13433.444621141256,0.0,-162723.6374004606,-162723.6374004606,46780.74428892169,46780.74428892169,46644.74428892169,0.0,136.0,0.0,0.0,46780.74428892169,16407.563740046062,1,36.0,100.0
3689,22383.938856508055,0.0,-223839.38856508056,0.0,10.0,0.0,-0.0,0.1,0.39848547,39.848547,0.0,0.0,100.0,1.0,0.11,-11.0,-297.2770540009938,297.2770540009938,0.0,-297.2770540009938,297.2770540009938,0.0,-38419.78029493344,38419.78029493344,0.0,0.0,9012.089091796875,9012.089091796875,0.0,0.0,7518.306454630497,7518.306454630497,0.0,-223850.38856508056,-223850.38856508056,39014.33440293543,39014.33440293543,38914.33440293543,0.0,100.0,0.0,0.0,39014.33440293543,22483.938856508055,1,0.0,100.0
3690,19102.730094709103,0.0,-191027.30094709102,0.0,10.0,0.0,-0.0,0.1,0.410658561,41.0658561,0.0,0.0,100.0,1.0,0.11,-11.0,-322.8315512725315,322.8315512725315,0.0,-322.8315512725315,322.8315512725315,0.0,-23774.54484192689,23774.54484192689,0.0,0.0,2729.802919921875,2729.802919921875,0.0,0.0,2487.674929840973,2487.674929840973,0.0,-191038.30094709102,-191038.30094709102,24420.20794447195,24420.207944471953,24320.20794447195,0.0,100.0,0.0,0.0,24420.207944471953,19202.730094709106,1,0.0,100.0
3691,20073.109689967554,0.0,-200731.09689967555,0.0,10.0,0.0,-0.0,0.1,0.411284585,41.1284585,0.0,0.0,100.0,1.0,0.11,-11.0,-307.6401306857033,307.6401306857033,0.0,-307.6401306857033,307.6401306857033,0.0,-19557.829428596146,19557.829428596146,0.0,0.0,0.0,0.0,0.0,0.0,0.0,0.0,0.0,-200742.09689967555,-200742.09689967555,20173.109689967554,20173.109689967554,20073.109689967554,0.0,100.0,0.0,0.0,20173.109689967554,20173.109689967554,1,0.0,100.0
3692,18566.07441387931,0.0,-185660.7441387931,0.0,10.0,0.0,-0.0,0.1,0.410423318,41.0423318,0.0,0.0,100.0,1.0,0.11,-11.0,-293.044537813194,293.044537813194,0.0,-293.044537813194,293.044537813194,0.0,-18079.98533825292,18079.98533825292,0.0,0.0,0.0,0.0,0.0,0.0,0.0,0.0,0.0,-185671.7441387931,-185671.7441387931,18666.07441387931,18666.07441387931,18566.07441387931,0.0,100.0,0.0,0.0,18666.07441387931,18666.07441387931,1,0.0,100.0
3693,16970.25210128667,0.0,-169702.5210128667,0.0,10.0,0.0,-0.0,0.1,0.410745465,41.0745465,0.0,0.0,100.0,1.0,0.11,-11.0,-234.14038767711048,234.14038767711048,0.0,-234.14038767711048,234.14038767711048,0.0,-16601.97132593245,16601.97132593245,0.0,0.0,0.0,0.0,0.0,0.0,0.0,0.0,0.0,-169713.5210128667,-169713.5210128667,17070.25210128667,17070.25210128667,16970.25210128667,0.0,100.0,0.0,0.0,17070.25210128667,17070.25210128667,1,0.0,100.0
3694,15497.999867709477,0.0,-154979.99867709476,0.0,10.0,0.0,-0.0,0.1,0.403894779,40.389477899999996,0.0,0.0,100.0,1.0,0.11,-11.0,-236.96463840499337,236.96463840499337,0.0,-236.96463840499337,236.96463840499337,0.0,-15124.070590899491,15124.070590899491,0.0,0.0,0.0,0.0,0.0,0.0,0.0,0.0,0.0,-154990.99867709476,-154990.99867709476,15597.999867709477,15597.999867709477,15497.999867709477,0.0,100.0,0.0,0.0,15597.999867709477,15597.999867709477,1,0.0,100.0
3695,14753.297621250054,0.0,-147532.97621250054,0.0,10.0,0.0,-0.0,0.1,0.406024382,40.6024382,0.0,0.0,100.0,1.0,0.11,-11.0,-234.08870044501103,234.08870044501103,0.0,-234.08870044501103,234.08870044501103,0.0,-14385.120220360031,14385.120220360031,0.0,0.0,0.0,0.0,0.0,0.0,0.0,0.0,0.0,-147543.97621250054,-147543.97621250054,14853.297621250054,14853.297621250054,14753.297621250054,0.0,100.0,0.0,0.0,14853.297621250054,14853.297621250054,1,0.0,100.0
3696,14753.193635030477,0.0,-147531.93635030478,0.0,10.0,0.0,-0.0,0.1,0.415852015,41.585201500000004,0.0,0.0,100.0,1.0,0.08,-8.0,-234.05093652481483,234.05093652481483,0.0,-234.05093652481483,234.05093652481483,0.0,-14385.091761980848,14385.091761980848,0.0,0.0,0.0,0.0,0.0,0.0,0.0,0.0,0.0,-147539.93635030478,-147539.93635030478,14853.193635030477,14853.193635030477,14753.193635030477,0.0,100.0,0.0,0.0,14853.193635030477,14853.193635030477,1,0.0,100.0
3697,14753.08250414701,0.0,-147530.82504147012,0.0,10.0,0.0,-0.0,0.1,0.414500476,41.4500476,0.0,0.0,100.0,1.0,0.08,-8.0,-233.99537712905,233.99537712905,0.0,-233.99537712905,233.99537712905,0.0,-14385.09174988891,14385.09174988891,0.0,0.0,0.0,0.0,0.0,0.0,0.0,0.0,0.0,-147538.82504147012,-147538.82504147012,14853.08250414701,14853.08250414701,14753.08250414701,0.0,100.0,0.0,0.0,14853.08250414701,14853.08250414701,1,0.0,100.0
3698,14753.066886264187,0.0,-147530.66886264188,0.0,10.0,0.0,-0.0,0.1,0.4172070879999999,41.72070879999999,0.0,0.0,100.0,1.0,0.08,-8.0,-233.98757121062195,233.98757121062195,0.0,-233.98757121062195,233.98757121062195,0.0,-14385.091743842942,14385.091743842942,0.0,0.0,0.0,0.0,0.0,0.0,0.0,0.0,0.0,-147538.66886264188,-147538.66886264188,14853.066886264187,14853.066886264187,14753.066886264187,0.0,100.0,0.0,0.0,14853.066886264187,14853.066886264187,1,0.0,100.0
3699,15494.439362311145,0.0,-154944.39362311145,0.0,10.0,0.0,-0.0,0.1,0.38516336,38.516336,0.0,0.0,100.0,1.0,0.08,-8.0,-235.19861791840069,235.19861791840069,0.0,-235.19861791840069,235.19861791840069,0.0,-15124.042126474344,15124.042126474344,0.0,0.0,0.0,0.0,0.0,0.0,0.0,0.0,0.0,-154952.39362311145,-154952.39362311145,15594.439362311145,15594.439362311145,15494.439362311145,0.0,100.0,0.0,0.0,15594.439362311145,15594.439362311145,1,0.0,100.0
3700,14127.681171283024,0.0,-141276.81171283024,0.0,10.0,0.0,-0.0,0.1,0.321824188,32.1824188,0.0,0.0,100.0,1.0,0.08,-8.0,-235.0764180432668,235.0764180432668,0.0,-235.0764180432668,235.0764180432668,0.0,-14019.290259024614,14019.290259024614,0.0,0.0,261.76192382812496,261.76192382812496,0.0,0.0,0.0,0.0,0.0,-141284.81171283024,-141284.81171283024,14489.44309511115,14489.443095111148,14389.44309511115,0.0,100.0,0.0,0.0,14489.443095111148,14227.681171283024,1,0.0,100.0
3701,11902.808874902643,0.0,-119028.08874902643,0.0,10.0,0.0,-0.0,0.1,0.275080711,27.5080711,0.0,0.0,100.0,1.0,0.11,-11.0,-210.98618023795947,210.98618023795947,0.0,-210.98618023795947,210.98618023795947,0.0,-16458.45937753623,16458.45937753623,0.0,0.0,3440.2995703125,3440.2995703125,0.0,0.0,1437.3232927970068,1437.3232927970068,0.0,-119039.08874902643,-119039.08874902643,16880.43173801215,16880.43173801215,16780.43173801215,0.0,100.0,0.0,0.0,16880.43173801215,12002.808874902643,1,0.0,100.0
3702,7281.501829769481,0.0,-72815.01829769481,0.0,10.0,0.0,-0.0,0.1,0.247802221,24.7802221,0.0,0.0,100.0,1.0,0.11,-11.0,-198.6309977136892,198.6309977136892,0.0,-198.6309977136892,198.6309977136892,0.0,-22605.69698990513,22605.69698990513,0.0,0.0,9872.163984375,9872.163984375,0.0,0.0,5749.293171188027,5749.293171188027,0.0,-72826.01829769481,-72826.01829769481,23002.95898533251,23002.95898533251,22902.95898533251,0.0,100.0,0.0,0.0,23002.95898533251,7381.5018297694805,1,0.0,100.0
3703,1974.0513097602525,0.0,-19740.513097602525,0.0,10.0,0.0,-0.0,0.1,0.232377202,23.237720200000002,0.0,0.0,100.0,1.0,0.11,-11.0,-198.6924957966952,198.6924957966952,0.0,-198.6924957966952,198.6924957966952,0.0,-30867.772472931465,30867.772472931465,0.0,0.0,17388.470654296874,17388.470654296874,0.0,0.0,11802.635500467728,11802.635500467728,0.0,-19751.513097602525,-19751.513097602525,31265.157464524855,31265.157464524855,31165.157464524855,0.0,100.0,0.0,0.0,31265.157464524855,2074.0513097602525,1,0.0,100.0
3704,0.0,0.0,-0.0,55.55555555555556,10.0,0.0,-0.0,0.1,0.225937858,0.0,0.0,100.0,0.0,1.0,0.11,0.0,-198.74614335793763,198.74614335793763,0.0,-198.74614335793763,198.74614335793763,0.0,-28385.11031134122,28385.11031134122,0.0,0.0,24979.5664453125,24979.5664453125,0.0,13316.928637817717,17275.520346117868,3958.5917083001514,0.0,0.0,0.0,28938.15815361265,28938.15815361265,28938.15815361265,0.0,0.0,155.55555555555475,0.0,28782.602598057096,-13472.484193373271,1,-55.55555555555556,-100.0
3705,0.0,0.0,-0.0,44.44444444444444,60.0,0.0,-0.0,0.6,0.225266883,0.0,0.0,100.0,0.0,1.0,0.11,0.0,-297.79031453970754,297.79031453970754,0.0,-297.79031453970754,297.79031453970754,0.0,-22256.93850709389,22256.93850709389,0.0,7330.025022897873,30326.988603515623,22996.96358061775,0.0,22444.356033676337,22444.356033676337,0.0,0.0,0.0,0.0,22996.96358061775,22996.96358061775,22996.96358061775,0.0,0.0,144.44444444444525,0.0,22852.519136173305,-29918.82550101865,1,-44.44444444444444,-100.0
3706,0.0,0.0,-0.0,0.0,100.0,-0.0,-0.0,1.0,0.2423907569999999,0.0,0.0,100.0,0.0,1.0,0.11,0.0,-300.38941855122914,300.38941855122914,0.0,-300.38941855122914,300.38941855122914,0.0,-12763.7640788391,12763.7640788391,0.0,21648.94943757407,35113.49235351563,13464.542915941558,0.0,26258.79092609916,26258.79092609916,0.0,0.0,0.0,0.0,13464.542915941558,13464.542915941558,13464.542915941558,0.0,0.0,100.0,0.0,13364.542915941558,-48007.74036367323,1,-0.0,-100.0
3707,0.0,0.0,-0.0,0.0,100.0,-0.0,-0.0,1.0,0.261249668,0.0,0.0,100.0,0.0,1.0,0.11,0.0,-279.88636742521265,279.88636742521265,0.0,-279.88636742521265,279.88636742521265,0.0,-12763.764090931038,12763.764090931038,0.0,23858.84003945291,37282.37686523437,13423.536825781463,0.0,28414.775865294672,28414.775865294672,0.0,0.0,0.0,0.0,13423.536825781463,13423.536825781463,13423.536825781463,0.0,0.0,100.0,0.0,13323.536825781463,-52373.61590474759,1,-0.0,-100.0
3708,0.0,0.0,-0.0,0.0,100.0,-0.0,-0.0,1.0,0.282799011,0.0,0.0,100.0,0.0,1.0,0.11,0.0,-278.592060934877,278.592060934877,0.0,-278.592060934877,278.592060934877,0.0,-12763.848921931312,12763.848921931312,0.0,23599.58189760518,37020.614941406246,13421.033043801066,0.0,28691.18419083256,28691.18419083256,0.0,0.0,0.0,0.0,13421.033043801066,13421.033043801066,13421.033043801066,0.0,0.0,100.0,0.0,13321.033043801066,-52390.76608843775,1,-0.0,-100.0
3709,0.0,0.0,-0.0,0.0,100.0,-0.0,-0.0,1.0,0.291023182,0.0,0.0,100.0,0.0,1.0,0.11,0.0,-301.10608360502164,301.10608360502164,0.0,-301.10608360502164,301.10608360502164,0.0,-12763.7640788391,12763.7640788391,0.0,20563.073851607103,34029.05009765625,13465.976246049144,0.0,27005.09340505145,27005.09340505145,0.0,0.0,0.0,0.0,13465.976246049144,13465.976246049144,13465.976246049144,0.0,0.0,100.0,0.0,13365.976246049144,-47668.16725665855,1,-0.0,-100.0
3710,0.0,0.0,-0.0,0.0,100.0,-0.0,-0.0,1.0,0.288320485,0.0,0.0,100.0,0.0,1.0,0.08,0.0,-335.5641404840036,335.5641404840036,0.0,-335.5641404840036,335.5641404840036,0.0,-26880.203535775032,26880.203535775032,0.0,1591.2145309132102,29242.54634765625,27651.33181674304,0.0,23605.271000935456,23605.271000935456,0.0,0.0,0.0,0.0,27651.33181674304,27651.33181674304,27651.33181674304,0.0,0.0,100.0,0.0,27551.33181674304,-25296.485531848666,1,-0.0,-100.0
3711,0.0,0.0,-0.0,0.0,100.0,-0.0,-0.0,1.0,0.290785078,0.0,0.0,100.0,0.0,1.0,0.08,0.0,-325.24822199365457,325.24822199365457,0.0,-325.24822199365457,325.24822199365457,0.0,-39720.23483139441,39720.23483139441,0.0,0.0,21726.23967773437,21726.23967773437,0.0,23.63370637510525,18768.12530402245,18744.491597647346,0.0,0.0,0.0,40470.73127538172,40470.73127538172,40470.73127538172,0.0,0.0,100.0,0.0,40370.73127538172,-123.63370637510525,1,-0.0,-100.0
3712,9911.064319516961,0.0,-99110.64319516961,0.0,100.0,45.0,-0.0,1.0,0.294328606,29.432860599999998,0.0,0.0,100.0,1.0,0.08,-8.0,-319.4228656770224,319.4228656770224,0.0,-319.4228656770224,319.4228656770224,0.0,-38873.422227927374,38873.422227927374,0.0,0.0,15967.477353515624,15967.477353515624,0.0,0.0,13488.726286248831,13488.726286248831,0.0,-99118.64319516961,-99118.64319516961,39512.26795928142,39512.26795928142,39367.26795928142,0.0,145.0,0.0,0.0,39512.26795928142,10056.064319516961,1,45.0,100.0
3713,13154.332450943593,0.0,-131543.32450943594,0.0,50.0,36.0,-0.0,0.5,0.290853315,29.0853315,0.0,0.0,100.0,1.0,0.11,-11.0,-303.3381113714478,303.3381113714478,0.0,-303.3381113714478,303.3381113714478,0.0,-27357.31817812835,27357.31817812835,0.0,0.0,7404.1229882812495,7404.1229882812495,0.0,0.0,7269.5389616464,7269.5389616464,0.0,-131554.32450943594,-131554.32450943594,27963.99440087124,27963.994400871245,27827.99440087124,0.0,136.0,0.0,0.0,27963.994400871245,13290.332450943595,1,36.0,100.0
3714,12125.865103062515,0.0,-121258.65103062516,0.0,10.0,0.0,-0.0,0.1,0.3125534219999999,31.25534219999999,0.0,0.0,100.0,1.0,0.11,-11.0,-273.76146104961174,273.76146104961174,0.0,-273.76146104961174,273.76146104961174,0.0,-16458.459383582198,16458.459383582198,0.0,0.0,2430.6464355468747,2430.6464355468747,0.0,0.0,2349.4707670720304,2349.4707670720304,0.0,-121269.65103062516,-121269.65103062516,17005.98230568142,17005.98230568142,16905.98230568142,0.0,100.0,0.0,0.0,17005.98230568142,12225.865103062515,1,0.0,100.0
3715,19461.41521544599,0.0,-194614.1521544599,0.0,10.0,0.0,-0.0,0.1,0.353485958,35.3485958,0.0,0.0,100.0,1.0,0.11,-11.0,-260.1091840754931,260.1091840754931,0.0,-260.1091840754931,260.1091840754931,0.0,-19041.196847295007,19041.196847295007,0.0,0.0,0.0,0.0,0.0,0.0,0.0,0.0,0.0,-194625.1521544599,-194625.1521544599,19561.41521544599,19561.41521544599,19461.41521544599,0.0,100.0,0.0,0.0,19561.41521544599,19561.41521544599,1,0.0,100.0
3716,18482.68578938372,0.0,-184826.85789383718,0.0,10.0,0.0,-0.0,0.1,0.380119532,38.0119532,0.0,0.0,100.0,1.0,0.11,-11.0,-251.37867185263863,251.37867185263863,0.0,-251.37867185263863,251.37867185263863,0.0,-18079.92844567844,18079.92844567844,0.0,0.0,0.0,0.0,0.0,0.0,0.0,0.0,0.0,-184837.85789383718,-184837.85789383718,18582.68578938372,18582.68578938372,18482.68578938372,0.0,100.0,0.0,0.0,18582.68578938372,18582.68578938372,1,0.0,100.0
3717,16970.223335140123,0.0,-169702.23335140123,0.0,10.0,0.0,-0.0,0.1,0.383993202,38.3993202,0.0,0.0,100.0,1.0,0.11,-11.0,-234.14023077044288,234.14023077044288,0.0,-234.14023077044288,234.14023077044288,0.0,-16601.942873599237,16601.942873599237,0.0,0.0,0.0,0.0,0.0,0.0,0.0,0.0,0.0,-169713.23335140123,-169713.23335140123,17070.223335140123,17070.223335140123,16970.223335140123,0.0,100.0,0.0,0.0,17070.223335140123,17070.223335140123,1,0.0,100.0
3718,15497.979077631453,0.0,-154979.79077631453,0.0,10.0,0.0,-0.0,0.1,0.386308584,38.6308584,0.0,0.0,100.0,1.0,0.11,-11.0,-236.9684786015404,236.9684786015404,0.0,-236.9684786015404,236.9684786015404,0.0,-15124.042120428372,15124.042120428372,0.0,0.0,0.0,0.0,0.0,0.0,0.0,0.0,0.0,-154990.79077631453,-154990.79077631453,15597.979077631453,15597.979077631453,15497.979077631453,0.0,100.0,0.0,0.0,15597.979077631453,15597.979077631453,1,0.0,100.0
3719,14753.307684127585,0.0,-147533.07684127585,0.0,10.0,0.0,-0.0,0.1,0.384935244,38.4935244,0.0,0.0,100.0,1.0,0.11,-11.0,-234.1079671193374,234.1079671193374,0.0,-234.1079671193374,234.1079671193374,0.0,-14385.09174988891,14385.09174988891,0.0,0.0,0.0,0.0,0.0,0.0,0.0,0.0,0.0,-147544.07684127585,-147544.07684127585,14853.307684127585,14853.307684127585,14753.307684127585,0.0,100.0,0.0,0.0,14853.307684127585,14853.307684127585,1,0.0,100.0
3720,17766.278412987114,0.0,-177662.78412987114,0.0,10.0,0.0,-0.0,0.1,0.395844416,39.5844416,0.0,0.0,100.0,1.0,0.08,-8.0,-233.90166179747047,233.90166179747047,0.0,-233.90166179747047,233.90166179747047,0.0,-17398.475089392174,17398.475089392174,0.0,0.0,0.0,0.0,0.0,0.0,0.0,0.0,0.0,-177670.78412987114,-177670.78412987114,17866.278412987114,17866.278412987114,17766.278412987114,0.0,100.0,0.0,0.0,17866.278412987114,17866.278412987114,1,0.0,100.0
3721,17766.029511145214,0.0,-177660.29511145214,0.0,10.0,0.0,-0.0,0.1,0.403212058,40.3212058,0.0,0.0,100.0,1.0,0.08,-8.0,-233.7772108765196,233.7772108765196,0.0,-233.7772108765196,233.7772108765196,0.0,-17398.475089392174,17398.475089392174,0.0,0.0,0.0,0.0,0.0,0.0,0.0,0.0,0.0,-177668.29511145214,-177668.29511145214,17866.029511145214,17866.029511145214,17766.029511145214,0.0,100.0,0.0,0.0,17866.029511145214,17866.029511145214,1,0.0,100.0
3722,17765.905981580214,0.0,-177659.05981580215,0.0,10.0,0.0,-0.0,0.1,0.407353606,40.7353606,0.0,0.0,100.0,1.0,0.08,-8.0,-233.7154460940204,233.7154460940204,0.0,-233.7154460940204,233.7154460940204,0.0,-17398.475089392174,17398.475089392174,0.0,0.0,0.0,0.0,0.0,0.0,0.0,0.0,0.0,-177667.05981580215,-177667.05981580215,17865.905981580214,17865.905981580214,17765.905981580214,0.0,100.0,0.0,0.0,17865.905981580214,17865.905981580214,1,0.0,100.0
3723,18507.099762230515,0.0,-185070.99762230515,0.0,10.0,0.0,-0.0,0.1,0.376563363,37.6563363,0.0,0.0,100.0,1.0,0.08,-8.0,-234.8371511494366,234.8371511494366,0.0,-234.8371511494366,234.8371511494366,0.0,-18137.42545993164,18137.42545993164,0.0,0.0,0.0,0.0,0.0,0.0,0.0,0.0,0.0,-185078.99762230515,-185078.99762230515,18607.099762230515,18607.099762230515,18507.099762230515,0.0,100.0,0.0,0.0,18607.099762230515,18607.099762230515,1,0.0,100.0
3724,18609.545857964153,0.0,-186095.45857964153,0.0,10.0,0.0,-0.0,0.1,0.339511642,33.9511642,0.0,0.0,100.0,1.0,0.08,-8.0,-234.67564255566108,234.67564255566108,0.0,-234.67564255566108,234.67564255566108,0.0,-18539.35105722783,18539.35105722783,0.0,0.0,299.156484375,299.156484375,0.0,0.0,0.0,0.0,0.0,-186103.45857964153,-186103.45857964153,19008.70234233915,19008.70234233915,18908.70234233915,0.0,100.0,0.0,0.0,19008.70234233915,18709.545857964153,1,0.0,100.0
3725,44061.85831870934,0.0,-440618.5831870934,0.0,10.0,0.0,-0.0,0.1,0.310598421,31.0598421,0.0,0.0,100.0,1.0,0.11,-11.0,-437.6705302258035,437.6705302258035,0.0,-437.6705302258035,437.6705302258035,0.0,-48713.684450151806,48713.684450151806,0.0,0.0,3851.639736328125,3851.639736328125,0.0,0.0,1575.5274555659498,1575.5274555659498,0.0,-440629.5831870934,-440629.5831870934,49589.02551060342,49589.02551060342,49489.02551060342,0.0,100.0,0.0,0.0,49589.02551060342,44161.85831870934,1,0.0,100.0
3726,42633.37164548399,0.0,-426333.7164548399,0.0,10.0,0.0,-0.0,0.1,0.279917645,27.9917645,0.0,0.0,100.0,1.0,0.11,-11.0,-716.0006101229059,716.0006101229059,0.0,-716.0006101229059,716.0006101229059,0.0,-57973.14759840491,57973.14759840491,0.0,0.0,10507.871513671877,10507.871513671877,0.0,0.0,6163.905659494856,6163.905659494856,0.0,-426344.7164548399,-426344.7164548399,59405.14881865072,59405.14881865072,59305.14881865072,0.0,100.0,0.0,0.0,59405.14881865072,42733.37164548399,1,0.0,100.0
3727,64010.896236690314,0.0,-640108.9623669032,0.0,10.0,0.0,-0.0,0.1,0.258220737,25.822073699999997,0.0,0.0,100.0,1.0,0.11,-11.0,-1108.527603751085,1108.527603751085,0.0,-1108.527603751085,1108.527603751085,0.0,-92518.96653501828,92518.96653501828,0.0,0.0,18435.51834960937,18435.51834960937,0.0,0.0,12189.607156220767,12189.607156220767,0.0,-640119.9623669032,-640119.9623669032,94736.02174252045,94736.02174252045,94636.02174252045,0.0,100.0,0.0,0.0,94736.02174252045,64110.89623669031,1,0.0,100.0
3728,50300.182379921025,0.0,-503001.82379921025,0.0,10.0,0.0,-0.0,0.1,0.251480625,25.1480625,0.0,0.0,100.0,1.0,0.11,-11.0,-1166.1799938741012,1166.1799938741012,0.0,-1166.1799938741012,1166.1799938741012,0.0,-92132.5261110032,92132.5261110032,0.0,0.0,25877.03589843749,25877.03589843749,0.0,0.0,18187.667820392893,18187.667820392893,0.0,-503012.82379921025,-503012.82379921025,94464.8860987514,94464.8860987514,94364.8860987514,0.0,100.0,0.0,0.0,94464.8860987514,50400.182379921025,1,0.0,100.0
3729,41715.31391224953,0.0,-417153.13912249525,0.0,10.0,0.0,-0.0,0.1,0.254003942,25.400394199999997,0.0,0.0,100.0,1.0,0.11,-11.0,-1201.1367747049526,1201.1367747049526,0.0,-1201.1367747049526,1201.1367747049526,0.0,-90984.51835968065,90984.51835968065,0.0,0.0,28905.995302734373,28905.995302734373,0.0,0.0,22665.48269410665,22665.48269410665,0.0,-417164.13912249525,-417164.13912249525,93386.79190909055,93386.79190909055,93286.79190909055,0.0,100.0,0.0,0.0,93386.79190909055,41815.31391224953,1,0.0,100.0
3730,34381.54692392658,0.0,-343815.4692392658,0.0,10.0,0.0,-0.0,0.1,0.277154231,27.7154231,0.0,0.0,100.0,1.0,0.11,-11.0,-1243.4675990307742,1243.4675990307742,0.0,-1243.4675990307742,1243.4675990307742,0.0,-92009.31674637376,92009.31674637376,0.0,0.0,33617.709931640624,33617.709931640624,0.0,0.0,26396.995088868105,26396.995088868105,0.0,-343826.4692392658,-343826.4692392658,94496.25194443531,94496.25194443531,94396.25194443531,0.0,100.0,0.0,0.0,94496.25194443531,34481.54692392658,1,0.0,100.0
3731,27398.43956443191,0.0,-273984.39564431907,0.0,10.0,0.0,-0.0,0.1,0.306759744,30.6759744,0.0,0.0,100.0,1.0,0.11,-11.0,-1254.6645056977327,1254.6645056977327,0.0,-1254.6645056977327,1254.6645056977327,0.0,-89562.80611573377,89562.80611573377,0.0,0.0,36048.3563671875,36048.3563671875,0.0,0.0,28525.339195509827,28525.339195509827,0.0,-273995.39564431907,-273995.39564431907,92072.13512712924,92072.13512712924,91972.13512712924,0.0,100.0,0.0,0.0,92072.13512712924,27498.43956443191,1,0.0,100.0
3732,31794.942098713273,0.0,-317949.4209871327,0.0,10.0,0.0,-0.0,0.1,0.320567485,32.0567485,0.0,0.0,100.0,1.0,0.11,-11.0,-1250.113466296711,1250.113466296711,0.0,-1250.113466296711,1250.113466296711,0.0,-93170.13052648878,93170.13052648878,0.0,0.0,35001.308671875,35001.308671875,0.0,0.0,28774.106688493925,28774.106688493925,0.0,-317960.4209871327,-317960.4209871327,95670.3574590822,95670.3574590822,95570.3574590822,0.0,100.0,0.0,0.0,95670.3574590822,31894.942098713276,1,0.0,100.0
3733,39573.063604130075,0.0,-395730.6360413007,0.0,10.0,0.0,-0.0,0.1,0.327797457,32.7797457,0.0,0.0,100.0,1.0,0.11,-11.0,-1265.328259407861,1265.328259407861,0.0,-1265.328259407861,1265.328259407861,0.0,-92583.63325912604,92583.63325912604,0.0,0.0,28270.2877734375,28270.2877734375,0.0,0.0,27170.938400374187,27170.938400374187,0.0,-395741.6360413007,-395741.6360413007,95114.28977794177,95114.28977794177,95014.28977794177,0.0,100.0,0.0,0.0,95114.28977794177,39673.06360413008,1,0.0,100.0
3734,46822.01485551995,0.0,-468220.1485551995,0.0,10.0,0.0,-0.0,0.1,0.3425800129999999,34.25800129999999,0.0,0.0,100.0,1.0,0.08,-8.0,-1269.3331594194017,1269.3331594194017,0.0,-1269.3331594194017,1269.3331594194017,0.0,-92030.08126640628,92030.08126640628,0.0,0.0,23820.33506835937,23820.33506835937,0.0,0.0,23826.397661365765,23826.397661365765,0.0,-468228.1485551995,-468228.1485551995,94568.74758524509,94568.74758524509,94468.74758524509,0.0,100.0,0.0,0.0,94568.74758524509,46922.014855519956,1,0.0,100.0
3735,66936.54735133913,0.0,-669365.4735133913,0.0,10.0,0.0,-0.0,0.1,0.359909673,35.9909673,0.0,0.0,100.0,1.0,0.08,-8.0,-1195.2012963097857,1195.2012963097857,0.0,-1195.2012963097857,1195.2012963097857,0.0,-94076.64411175832,94076.64411175832,0.0,0.0,9722.5857421875,9722.5857421875,0.0,0.0,19707.913610851265,19707.913610851265,0.0,-669373.4735133913,-669373.4735133913,96467.04670437789,96467.04670437789,96367.04670437789,0.0,100.0,0.0,0.0,96467.04670437789,67036.54735133913,0,0.0,100.0
3736,68631.30004163984,0.0,-686313.0004163984,0.0,10.0,0.0,-0.0,0.1,0.374714393,37.4714393,0.0,0.0,100.0,1.0,0.08,-8.0,-963.9659870060826,963.9659870060826,0.0,-963.9659870060826,963.9659870060826,0.0,-87307.65695441951,87307.65695441951,0.0,0.0,6656.23177734375,6656.23177734375,0.0,0.0,13848.057109448084,13848.057109448084,0.0,-686321.0004163984,-686321.0004163984,89235.58892843168,89235.58892843168,89135.58892843168,0.0,100.0,0.0,0.0,89235.58892843168,68731.30004163984,0,0.0,100.0
3737,62836.34101646075,0.0,-628363.4101646075,0.0,10.0,0.0,-0.0,0.1,0.3856385679999999,38.56385679999999,0.0,0.0,100.0,1.0,0.11,-11.0,-945.6710737485848,945.6710737485848,0.0,-945.6710737485848,945.6710737485848,0.0,-75543.09371501568,75543.09371501568,0.0,0.0,6731.020898437499,6731.020898437499,0.0,0.0,7767.073947614594,7767.073947614594,0.0,-628374.4101646075,-628374.4101646075,77434.43586251284,77434.43586251285,77334.43586251284,0.0,100.0,0.0,0.0,77434.43586251285,62936.34101646076,1,0.0,100.0
3738,71289.81499603315,0.0,-712898.1499603315,0.0,10.0,0.0,-0.0,0.1,0.393112258,39.3112258,0.0,0.0,100.0,1.0,0.11,-11.0,-909.7362421928258,909.7362421928258,0.0,-909.7362421928258,909.7362421928258,0.0,-74280.56326688934,74280.56326688934,0.0,0.0,2056.700830078125,2056.700830078125,0.0,0.0,2653.519925163705,2653.519925163705,0.0,-712909.1499603315,-712909.1499603315,76100.03575127498,76100.03575127499,76000.03575127498,0.0,100.0,0.0,0.0,76100.03575127499,71389.81499603316,1,0.0,100.0
3739,70052.00306705017,0.0,-700520.0306705018,0.0,10.0,0.0,-0.0,0.1,0.3914114389999999,39.14114389999999,0.0,0.0,100.0,1.0,0.11,-11.0,-895.95197763117,895.95197763117,0.0,-895.95197763117,895.95197763117,0.0,-68360.09911178783,68360.09911178783,0.0,0.0,0.0,0.0,0.0,0.0,0.0,0.0,0.0,-700531.0306705018,-700531.0306705018,70152.00306705017,70152.00306705017,70052.00306705017,0.0,100.0,0.0,0.0,70152.00306705017,70152.00306705017,1,0.0,100.0
3740,67799.80884530218,0.0,-677998.0884530218,0.0,10.0,0.0,-0.0,0.1,0.382126942,38.2126942,0.0,0.0,100.0,1.0,0.11,-11.0,-234.8098851639841,234.8098851639841,0.0,-234.8098851639841,234.8098851639841,0.0,-67430.18907497422,67430.18907497422,0.0,0.0,0.0,0.0,0.0,0.0,0.0,0.0,0.0,-678009.0884530218,-678009.0884530218,67899.80884530218,67899.80884530218,67799.80884530218,0.0,100.0,0.0,0.0,67899.80884530218,67899.80884530218,1,0.0,100.0
3741,21489.823650220573,0.0,-214898.23650220572,0.0,10.0,0.0,-0.0,0.1,0.377405552,37.740555199999996,0.0,0.0,100.0,1.0,0.11,-11.0,-233.90992270339297,233.90992270339297,0.0,-233.90992270339297,233.90992270339297,0.0,-21122.003804813787,21122.003804813787,0.0,0.0,0.0,0.0,0.0,0.0,0.0,0.0,0.0,-214909.23650220572,-214909.23650220572,21589.823650220573,21589.823650220573,21489.823650220573,0.0,100.0,0.0,0.0,21589.823650220573,21589.823650220573,1,0.0,100.0
3742,18511.009160685295,0.0,-185110.09160685295,0.0,10.0,0.0,-0.0,0.1,0.369462644,36.946264400000004,0.0,0.0,100.0,1.0,0.11,-11.0,-236.79185642280163,236.79185642280163,0.0,-236.79185642280163,236.79185642280163,0.0,-18137.42544783969,18137.42544783969,0.0,0.0,0.0,0.0,0.0,0.0,0.0,0.0,0.0,-185121.09160685295,-185121.09160685295,18611.009160685295,18611.009160685295,18511.009160685295,0.0,100.0,0.0,0.0,18611.009160685295,18611.009160685295,1,0.0,100.0
3743,17765.773805391033,0.0,-177657.73805391032,0.0,10.0,0.0,-0.0,0.1,0.364916546,36.491654600000004,0.0,0.0,100.0,1.0,0.11,-11.0,-233.64936102241305,233.64936102241305,0.0,-233.64936102241305,233.64936102241305,0.0,-17398.475083346206,17398.475083346206,0.0,0.0,0.0,0.0,0.0,0.0,0.0,0.0,0.0,-177668.73805391032,-177668.73805391032,17865.773805391033,17865.773805391033,17765.773805391033,0.0,100.0,0.0,0.0,17865.773805391033,17865.773805391033,1,0.0,100.0
3744,17765.61309510156,0.0,-177656.13095101557,0.0,10.0,0.0,-0.0,0.1,0.3737061029999999,37.37061029999999,0.0,0.0,100.0,1.0,0.08,-8.0,-233.5690965672208,233.5690965672208,0.0,-233.5690965672208,233.5690965672208,0.0,-17398.474901967118,17398.474901967118,0.0,0.0,0.0,0.0,0.0,0.0,0.0,0.0,0.0,-177664.13095101557,-177664.13095101557,17865.61309510156,17865.61309510156,17765.61309510156,0.0,100.0,0.0,0.0,17865.61309510156,17865.61309510156,1,0.0,100.0
3745,17765.48790525481,0.0,-177654.8790525481,0.0,10.0,0.0,-0.0,0.1,0.37737075,37.737075,0.0,0.0,100.0,1.0,0.08,-8.0,-233.50650164384527,233.50650164384527,0.0,-233.50650164384527,233.50650164384527,0.0,-17398.474901967118,17398.474901967118,0.0,0.0,0.0,0.0,0.0,0.0,0.0,0.0,0.0,-177662.8790525481,-177662.8790525481,17865.48790525481,17865.48790525481,17765.48790525481,0.0,100.0,0.0,0.0,17865.48790525481,17865.48790525481,1,0.0,100.0
3746,17765.404816103022,0.0,-177654.04816103022,0.0,10.0,0.0,-0.0,0.1,0.375806297,37.5806297,0.0,0.0,100.0,1.0,0.08,-8.0,-233.4649570679522,233.4649570679522,0.0,-233.4649570679522,233.4649570679522,0.0,-17398.474901967118,17398.474901967118,0.0,0.0,0.0,0.0,0.0,0.0,0.0,0.0,0.0,-177662.04816103022,-177662.04816103022,17865.404816103022,17865.404816103022,17765.404816103022,0.0,100.0,0.0,0.0,17865.404816103022,17865.404816103022,1,0.0,100.0
3747,18515.094759746517,0.0,-185150.94759746516,0.0,10.0,0.0,-0.0,0.1,0.36457705,36.457705000000004,0.0,0.0,100.0,1.0,0.08,-8.0,-238.8347436199672,238.8347436199672,0.0,-238.8347436199672,238.8347436199672,0.0,-18137.42527250658,18137.42527250658,0.0,0.0,0.0,0.0,0.0,0.0,0.0,0.0,0.0,-185158.94759746516,-185158.94759746516,18615.094759746517,18615.094759746517,18515.094759746517,0.0,100.0,0.0,0.0,18615.094759746517,18615.094759746517,1,0.0,100.0
3748,18541.45263025788,0.0,-185414.5263025788,0.0,10.0,0.0,-0.0,0.1,0.320570249,32.057024899999995,0.0,0.0,100.0,1.0,0.08,-8.0,-238.02373435267123,238.02373435267123,0.0,-238.02373435267123,238.02373435267123,0.0,-18539.35076702129,18539.35076702129,0.0,0.0,373.94560546875,373.94560546875,0.0,0.0,0.0,0.0,0.0,-185422.5263025788,-185422.5263025788,19015.398235726632,19015.398235726632,18915.398235726632,0.0,100.0,0.0,0.0,19015.398235726632,18641.45263025788,1,0.0,100.0
3749,52634.041104774435,0.0,-526340.4110477443,0.0,10.0,0.0,-0.0,0.1,0.299161049,29.9161049,0.0,0.0,100.0,1.0,0.11,-11.0,-391.3589916914035,391.3589916914035,0.0,-391.3589916914035,391.3589916914035,0.0,-56641.97318176676,56641.97318176676,0.0,0.0,3253.326767578125,3253.326767578125,0.0,0.0,1437.3232927970068,1437.3232927970068,0.0,-526351.4110477443,-526351.4110477443,57424.69116514957,57424.69116514957,57324.69116514957,0.0,100.0,0.0,0.0,57424.69116514957,52734.041104774435,1,0.0,100.0
3750,49299.831715288245,0.0,-492998.31715288246,0.0,10.0,0.0,-0.0,0.1,0.272875891,27.287589099999998,0.0,0.0,100.0,1.0,0.11,-11.0,-654.8951276835024,654.8951276835024,0.0,-654.8951276835024,654.8951276835024,0.0,-63984.63461873095,63984.63461873095,0.0,0.0,10283.504150390623,10283.504150390623,0.0,0.0,5611.089008419084,5611.089008419084,0.0,-493009.31715288246,-493009.31715288246,65294.42487409795,65294.42487409795,65194.42487409795,0.0,100.0,0.0,0.0,65294.42487409795,49399.831715288245,1,0.0,100.0
3751,81169.94559003931,0.0,-811699.4559003931,0.0,10.0,0.0,-0.0,0.1,0.268034342,26.803434199999998,0.0,0.0,100.0,1.0,0.11,-11.0,-968.7448716252572,968.7448716252572,0.0,-968.7448716252572,968.7448716252572,0.0,-96973.50384684544,96973.50384684544,0.0,0.0,6170.102490234375,6170.102490234375,0.0,0.0,11470.945509822266,11470.945509822266,0.0,-811710.4559003931,-811710.4559003931,98910.99359009595,98910.99359009595,98810.99359009595,0.0,100.0,0.0,0.0,98910.99359009595,81269.94559003931,1,0.0,100.0
3752,70632.4859050792,0.0,-706324.859050792,0.0,10.0,0.0,-0.0,0.1,0.262601526,26.260152599999998,0.0,0.0,100.0,1.0,0.11,-11.0,-1035.124832787024,1035.124832787024,0.0,-1035.124832787024,1035.124832787024,0.0,-94179.17468820502,94179.17468820502,0.0,0.0,8600.74892578125,8600.74892578125,0.0,0.0,16916.18952291862,16916.18952291862,0.0,-706335.859050792,-706335.859050792,96249.42435377906,96249.42435377908,96149.42435377906,0.0,100.0,0.0,0.0,96249.42435377908,70732.4859050792,1,0.0,100.0
3753,61106.17323525163,0.0,-611061.7323525163,0.0,10.0,0.0,-0.0,0.1,0.259764832,25.9764832,0.0,0.0,100.0,1.0,0.11,-11.0,-1103.36630076206,1103.36630076206,0.0,-1103.36630076206,1103.36630076206,0.0,-91657.37275097713,91657.37275097713,0.0,0.0,10545.266074218747,10545.266074218747,0.0,0.0,22112.66604303088,22112.66604303088,0.0,-611072.7323525163,-611072.7323525163,93864.10535250125,93864.10535250125,93764.10535250125,0.0,100.0,0.0,0.0,93864.10535250125,61206.17323525163,1,0.0,100.0
3754,56896.81831730033,0.0,-568968.1831730033,0.0,10.0,0.0,-0.0,0.1,0.271678661,27.167866099999998,0.0,0.0,100.0,1.0,0.11,-11.0,-1178.3137161937063,1178.3137161937063,0.0,-1178.3137161937063,1178.3137161937063,0.0,-92579.0791324811,92579.0791324811,0.0,0.0,11928.864814453123,11928.864814453123,0.0,0.0,26010.023433115064,26010.023433115064,0.0,-568979.1831730033,-568979.1831730033,94935.70656486851,94935.70656486851,94835.70656486851,0.0,100.0,0.0,0.0,94935.70656486851,56996.81831730032,1,0.0,100.0
3755,46815.19835905613,0.0,-468151.9835905613,0.0,10.0,0.0,-0.0,0.1,0.309092649,30.9092649,0.0,0.0,100.0,1.0,0.11,-11.0,-1232.7980042084312,1232.7980042084312,0.0,-1232.7980042084312,1232.7980042084312,0.0,-85189.93679469293,85189.93679469293,0.0,0.0,12601.966904296874,12601.966904296874,0.0,0.0,28138.367539756782,28138.367539756782,0.0,-468162.9835905613,-468162.9835905613,87655.53280310979,87655.53280310979,87555.53280310979,0.0,100.0,0.0,0.0,87655.53280310979,46915.19835905613,1,0.0,100.0
3756,47651.53711373074,0.0,-476515.3711373074,0.0,10.0,0.0,-0.0,0.1,0.331665871,33.1665871,0.0,0.0,100.0,1.0,0.11,-11.0,-1258.8777924085473,1258.8777924085473,0.0,-1258.8777924085473,1258.8777924085473,0.0,-86165.98144941835,86165.98144941835,0.0,0.0,12489.78322265625,12489.78322265625,0.0,0.0,28442.41669784846,28442.41669784846,0.0,-476526.3711373074,-476526.3711373074,88683.73703423544,88683.73703423544,88583.73703423544,0.0,100.0,0.0,0.0,88683.73703423544,47751.53711373073,1,0.0,100.0
3757,44457.235793292246,0.0,-444572.35793292243,0.0,10.0,0.0,-0.0,0.1,0.333167126,33.316712599999995,0.0,0.0,100.0,1.0,0.11,-11.0,-1292.028433140506,1292.028433140506,0.0,-1292.028433140506,1292.028433140506,0.0,-80451.88939481117,80451.88939481117,0.0,0.0,11667.102890625,11667.102890625,0.0,0.0,26811.60757717493,26811.60757717493,0.0,-444583.35793292243,-444583.35793292243,83035.94626109218,83035.94626109218,82935.94626109218,0.0,100.0,0.0,0.0,83035.94626109218,44557.235793292246,1,0.0,100.0
3758,35506.585131857326,0.0,-355065.85131857323,0.0,10.0,0.0,-0.0,0.1,0.340002828,34.0002828,0.0,0.0,100.0,1.0,0.08,-8.0,-1319.3990452142457,1319.3990452142457,0.0,-1319.3990452142457,1319.3990452142457,0.0,-73319.30814222214,73319.30814222214,0.0,0.0,16939.735927734375,16939.735927734375,0.0,0.0,23411.78517305893,23411.78517305893,0.0,-355073.85131857323,-355073.85131857323,75958.10623265064,75958.10623265064,75858.10623265064,0.0,100.0,0.0,0.0,75958.10623265064,35606.58513185733,1,0.0,100.0
3759,37815.7677551752,0.0,-378157.67755175196,0.0,10.0,0.0,-0.0,0.1,0.355707995,35.5707995,0.0,0.0,100.0,1.0,0.08,-8.0,-1271.7967539372446,1271.7967539372446,0.0,-1271.7967539372446,1271.7967539372446,0.0,-71896.20278594663,71896.20278594663,0.0,0.0,17949.3890625,17949.3890625,0.0,0.0,18574.63947614593,18574.63947614593,0.0,-378165.67755175196,-378165.67755175196,74439.79629382113,74439.79629382113,74339.79629382113,0.0,100.0,0.0,0.0,74439.79629382113,37915.7677551752,1,0.0,100.0
3760,43581.20788605856,0.0,-435812.0788605856,0.0,10.0,0.0,-0.0,0.1,0.354221844,35.4221844,0.0,0.0,100.0,1.0,0.08,-8.0,-1002.6803092987144,1002.6803092987144,0.0,-1002.6803092987144,1002.6803092987144,0.0,-61981.75765265977,61981.75765265977,0.0,0.0,6955.38826171875,6955.38826171875,0.0,0.0,13350.52212347989,13350.52212347989,0.0,-435820.0788605856,-435820.0788605856,63987.118271257204,63987.1182712572,63887.118271257204,0.0,100.0,0.0,0.0,63987.1182712572,43681.20788605856,1,0.0,100.0
3761,40218.00190682442,0.0,-402180.0190682442,0.0,10.0,0.0,-0.0,0.1,0.35685769,35.685769,0.0,0.0,100.0,1.0,0.11,-11.0,-971.047456889104,971.047456889104,0.0,-971.047456889104,971.047456889104,0.0,-48731.30737552254,48731.30737552254,0.0,0.0,3141.1430859375,3141.1430859375,0.0,0.0,7214.257296538823,7214.257296538823,0.0,-402191.0190682442,-402191.0190682442,50673.40228930074,50673.40228930075,50573.40228930074,0.0,100.0,0.0,0.0,50673.40228930075,40318.00190682443,1,0.0,100.0
3762,45279.32882455849,0.0,-452793.28824558493,0.0,10.0,0.0,-0.0,0.1,0.340607811,34.0607811,0.0,0.0,100.0,1.0,0.11,-11.0,-910.263721404554,910.263721404554,0.0,-910.263721404554,910.263721404554,0.0,-47179.68720741517,47179.68720741517,0.0,0.0,1271.41505859375,1271.41505859375,0.0,0.0,2349.4707670720304,2349.4707670720304,0.0,-452804.28824558493,-452804.28824558493,49000.21465022427,49000.214650224276,48900.21465022427,0.0,100.0,0.0,0.0,49000.214650224276,45379.3288245585,1,0.0,100.0
3763,40942.103275821246,0.0,-409421.0327582125,0.0,10.0,0.0,-0.0,0.1,0.3454815679999999,34.548156799999994,0.0,0.0,100.0,1.0,0.11,-11.0,-847.9467378975039,847.9467378975039,0.0,-847.9467378975039,847.9467378975039,0.0,-39346.20980002624,39346.20980002624,0.0,0.0,0.0,0.0,0.0,0.0,0.0,0.0,0.0,-409432.0327582125,-409432.0327582125,41042.103275821246,41042.103275821246,40942.103275821246,0.0,100.0,0.0,0.0,41042.103275821246,41042.103275821246,1,0.0,100.0
3764,38990.350995456785,0.0,-389903.5099545679,0.0,10.0,0.0,-0.0,0.1,0.344894918,34.489491799999996,0.0,0.0,100.0,1.0,0.11,-11.0,-233.58344348528493,233.58344348528493,0.0,-233.58344348528493,233.58344348528493,0.0,-38623.18410848622,38623.18410848622,0.0,0.0,0.0,0.0,0.0,0.0,0.0,0.0,0.0,-389914.5099545679,-389914.5099545679,39090.350995456785,39090.350995456785,38990.350995456785,0.0,100.0,0.0,0.0,39090.350995456785,39090.350995456785,1,0.0,100.0
3765,21489.28334525331,0.0,-214892.8334525331,0.0,10.0,0.0,-0.0,0.1,0.340230322,34.023032199999996,0.0,0.0,100.0,1.0,0.11,-11.0,-233.63985486333425,233.63985486333425,0.0,-233.63985486333425,233.63985486333425,0.0,-21122.00363552664,21122.00363552664,0.0,0.0,0.0,0.0,0.0,0.0,0.0,0.0,0.0,-214903.8334525331,-214903.8334525331,21589.28334525331,21589.28334525331,21489.28334525331,0.0,100.0,0.0,0.0,21589.28334525331,21589.28334525331,1,0.0,100.0
3766,18510.58459859107,0.0,-185105.8459859107,0.0,10.0,0.0,-0.0,0.1,0.341766064,34.1766064,0.0,0.0,100.0,1.0,0.11,-11.0,-236.57966304224504,236.57966304224504,0.0,-236.57966304224504,236.57966304224504,0.0,-18137.42527250658,18137.42527250658,0.0,0.0,0.0,0.0,0.0,0.0,0.0,0.0,0.0,-185116.8459859107,-185116.8459859107,18610.58459859107,18610.58459859107,18510.58459859107,0.0,100.0,0.0,0.0,18610.58459859107,18610.58459859107,1,0.0,100.0
3767,17765.63672976462,0.0,-177656.3672976462,0.0,10.0,0.0,-0.0,0.1,0.336815191,33.6815191,0.0,0.0,100.0,1.0,0.11,-11.0,-233.5809138987516,233.5809138987516,0.0,-233.5809138987516,233.5809138987516,0.0,-17398.474901967118,17398.474901967118,0.0,0.0,0.0,0.0,0.0,0.0,0.0,0.0,0.0,-177667.3672976462,-177667.3672976462,17865.63672976462,17865.63672976462,17765.63672976462,0.0,100.0,0.0,0.0,17865.63672976462,17865.63672976462,1,0.0,100.0
3768,17765.440175862597,0.0,-177654.401758626,0.0,10.0,0.0,-0.0,0.1,0.327476082,32.7476082,0.0,0.0,100.0,1.0,0.08,-8.0,-233.4827306602709,233.4827306602709,0.0,-233.4827306602709,233.4827306602709,0.0,-17398.474714542055,17398.474714542055,0.0,0.0,0.0,0.0,0.0,0.0,0.0,0.0,0.0,-177662.401758626,-177662.401758626,17865.440175862597,17865.440175862597,17765.440175862597,0.0,100.0,0.0,0.0,17865.440175862597,17865.440175862597,1,0.0,100.0
3769,17765.226653189507,0.0,-177652.2665318951,0.0,10.0,0.0,-0.0,0.1,0.322266628,32.2266628,0.0,0.0,100.0,1.0,0.08,-8.0,-233.3759663007404,233.3759663007404,0.0,-233.3759663007404,233.3759663007404,0.0,-17398.474720588027,17398.474720588027,0.0,0.0,0.0,0.0,0.0,0.0,0.0,0.0,0.0,-177660.2665318951,-177660.2665318951,17865.226653189507,17865.226653189507,17765.226653189507,0.0,100.0,0.0,0.0,17865.226653189507,17865.226653189507,1,0.0,100.0
3770,17765.098084619178,0.0,-177650.9808461918,0.0,10.0,0.0,-0.0,0.1,0.321407092,32.1407092,0.0,0.0,100.0,1.0,0.08,-8.0,-233.3116820155764,233.3116820155764,0.0,-233.3116820155764,233.3116820155764,0.0,-17398.474720588027,17398.474720588027,0.0,0.0,0.0,0.0,0.0,0.0,0.0,0.0,0.0,-177658.9808461918,-177658.9808461918,17865.098084619178,17865.098084619178,17765.098084619178,0.0,100.0,0.0,0.0,17865.098084619178,17865.098084619178,1,0.0,100.0
3771,18506.011007690115,0.0,-185060.11007690115,0.0,10.0,0.0,-0.0,0.1,0.3238085519999999,32.38085519999999,0.0,0.0,100.0,1.0,0.08,-8.0,-234.2929582813113,234.2929582813113,0.0,-234.2929582813113,234.2929582813113,0.0,-18137.42509112749,18137.42509112749,0.0,0.0,0.0,0.0,0.0,0.0,0.0,0.0,0.0,-185068.11007690115,-185068.11007690115,18606.011007690115,18606.011007690115,18506.011007690115,0.0,100.0,0.0,0.0,18606.011007690115,18606.011007690115,1,0.0,100.0
3772,18758.075771217824,0.0,-187580.75771217822,0.0,10.0,0.0,-0.0,0.1,0.297369957,29.7369957,0.0,0.0,100.0,1.0,0.08,-8.0,-234.151759226338,234.151759226338,0.0,-234.151759226338,234.151759226338,0.0,-18539.35049495265,18539.35049495265,0.0,0.0,149.5782421875,149.5782421875,0.0,0.0,0.0,0.0,0.0,-187588.75771217822,-187588.75771217822,19007.654013405325,19007.654013405325,18907.654013405325,0.0,100.0,0.0,0.0,19007.654013405325,18858.075771217824,1,0.0,100.0
3773,25066.588906723973,0.0,-250665.88906723974,0.0,10.0,0.0,-0.0,0.1,0.268885331,26.8885331,0.0,0.0,100.0,1.0,0.11,-11.0,-304.5467984539956,304.5467984539956,0.0,-304.5467984539956,304.5467984539956,0.0,-28023.878600137323,28023.878600137323,0.0,0.0,2056.700830078125,2056.700830078125,0.0,0.0,1409.6824602432182,1409.6824602432182,0.0,-250676.88906723974,-250676.88906723974,28632.972197045317,28632.972197045314,28532.972197045317,0.0,100.0,0.0,0.0,28632.972197045314,25166.58890672397,1,0.0,100.0
3774,26223.10170786699,0.0,-262231.0170786699,0.0,10.0,0.0,-0.0,0.1,0.254183641,25.4183641,0.0,0.0,100.0,1.0,0.11,-11.0,-577.4235258183943,577.4235258183943,0.0,-577.4235258183943,577.4235258183943,0.0,-38185.087004356006,38185.087004356006,0.0,0.0,7516.306669921874,7516.306669921874,0.0,0.0,5500.52567820393,5500.52567820393,0.0,-262242.0170786699,-262242.0170786699,39339.934055992795,39339.934055992795,39239.934055992795,0.0,100.0,0.0,0.0,39339.934055992795,26323.10170786699,1,0.0,100.0
3775,55275.67385849013,0.0,-552756.7385849013,0.0,10.0,0.0,-0.0,0.1,0.2369052089999999,23.69052089999999,0.0,0.0,100.0,1.0,0.11,-11.0,-840.2000000619008,840.2000000619008,0.0,-840.2000000619008,840.2000000619008,0.0,-70632.30661373422,70632.30661373422,0.0,0.0,5908.34056640625,5908.34056640625,0.0,0.0,11028.692188961648,11028.692188961648,0.0,-552767.7385849013,-552767.7385849013,72312.70661385803,72312.70661385803,72212.70661385803,0.0,100.0,0.0,0.0,72312.70661385803,55375.67385849013,1,0.0,100.0
3776,43950.29497717891,0.0,-439502.94977178914,0.0,10.0,0.0,-0.0,0.1,0.227556874,22.7556874,0.0,0.0,100.0,1.0,0.11,-11.0,-913.7678309824904,913.7678309824904,0.0,-913.7678309824904,913.7678309824904,0.0,-67450.29500753188,67450.29500753188,0.0,0.0,8338.987001953124,8338.987001953124,0.0,0.0,16888.54869036483,16888.54869036483,0.0,-439513.94977178914,-439513.94977178914,69277.83066949688,69277.83066949686,69177.83066949688,0.0,100.0,0.0,0.0,69277.83066949686,44050.294977178906,1,0.0,100.0
3777,18650.063330695342,0.0,-186500.63330695342,0.0,10.0,0.0,-0.0,0.1,0.221119559,22.111955899999998,0.0,0.0,100.0,1.0,0.11,-11.0,-1021.8597054418076,1021.8597054418076,0.0,-1021.8597054418076,1021.8597054418076,0.0,-59886.73071356247,59886.73071356247,0.0,0.0,22062.79072265625,22062.79072265625,0.0,0.0,21117.59607109449,21117.59607109449,0.0,-186511.63330695342,-186511.63330695342,61930.450124446084,61930.450124446084,61830.450124446084,0.0,100.0,0.0,0.0,61930.450124446084,18750.063330695346,1,0.0,100.0
3778,3813.9799589546055,0.0,-38139.799589546055,0.0,10.0,0.0,-0.0,0.1,0.235370565,23.537056500000002,0.0,0.0,100.0,1.0,0.11,-11.0,-1091.9612161863,1091.9612161863,0.0,-1091.9612161863,1091.9612161863,0.0,-58205.21048710111,58205.21048710111,0.0,0.0,31598.403662109373,31598.403662109373,0.0,0.0,24876.749298409733,24876.749298409733,0.0,-38150.799589546055,-38150.799589546055,60389.132919473705,60389.13291947371,60289.132919473705,0.0,100.0,0.0,0.0,60389.13291947371,3913.979958954609,1,0.0,100.0
3779,283.3941668194275,0.0,-2833.941668194275,0.0,10.0,0.0,-0.0,0.1,0.274192388,27.419238800000002,0.0,0.0,100.0,1.0,0.11,-11.0,-1119.7008472188895,1119.7008472188895,0.0,-1119.7008472188895,1119.7008472188895,0.0,-55175.01307018589,55175.01307018589,0.0,0.0,35637.01620117187,35637.01620117187,0.0,0.0,21394.00439663237,21394.00439663237,0.0,-2844.941668194275,-2844.941668194275,57414.41476462367,57414.41476462367,57314.41476462367,0.0,100.0,0.0,0.0,57414.41476462367,383.3941668194311,1,0.0,100.0
3780,5655.33360520098,0.0,-56553.3360520098,0.0,10.0,0.0,-0.0,0.1,0.288736437,28.873643700000002,0.0,0.0,100.0,1.0,0.11,-11.0,-1144.419039943583,1144.419039943583,0.0,-1144.419039943583,1144.419039943583,0.0,-58229.50559948324,58229.50559948324,0.0,0.0,32346.294873046874,32346.294873046874,0.0,0.0,22416.715201122548,22416.715201122548,0.0,-56564.3360520098,-56564.3360520098,60518.3436793704,60518.3436793704,60418.3436793704,0.0,100.0,0.0,0.0,60518.3436793704,5755.333605200984,1,0.0,100.0
3781,1411.9331687482154,0.0,-14119.331687482154,0.0,10.0,0.0,-0.0,0.1,0.307001541,30.7001541,0.0,0.0,100.0,1.0,0.11,-11.0,-1213.1781082865514,1213.1781082865514,0.0,-1213.1781082865514,1213.1781082865514,0.0,-58258.094184666414,58258.094184666414,0.0,0.0,32720.240478515625,32720.240478515625,0.0,0.0,26452.27675397568,26452.27675397568,0.0,-14130.331687482154,-14130.331687482154,60684.45040123952,60684.45040123952,60584.45040123952,0.0,100.0,0.0,0.0,60684.45040123952,1511.933168748219,1,0.0,100.0
3782,16290.34559419467,0.0,-162903.4559419467,0.0,10.0,0.0,-0.0,0.1,0.320399603,32.0399603,0.0,0.0,100.0,1.0,0.08,-8.0,-1272.7800076872518,1272.7800076872518,0.0,-1272.7800076872518,1272.7800076872518,0.0,-65043.93832161791,65043.93832161791,0.0,0.0,28644.23337890625,28644.23337890625,0.0,0.0,22554.91936389149,22554.91936389149,0.0,-162911.4559419467,-162911.4559419467,67589.49833699242,67589.49833699242,67489.49833699242,0.0,100.0,0.0,0.0,67589.49833699242,16390.345594194674,1,0.0,100.0
3783,36007.45194645725,0.0,-360074.51946457254,0.0,10.0,0.0,-0.0,0.1,0.34038766,34.038765999999995,0.0,0.0,100.0,1.0,0.08,-8.0,-1248.2307565808362,1248.2307565808362,0.0,-1248.2307565808362,1248.2307565808362,0.0,-73090.80960657011,73090.80960657011,0.0,0.0,21015.74302734375,21015.74302734375,0.0,0.0,18464.07614593078,18464.07614593078,0.0,-360082.51946457254,-360082.51946457254,75587.27111973178,75587.27111973178,75487.27111973178,0.0,100.0,0.0,0.0,75587.27111973178,36107.45194645725,1,0.0,100.0
3784,39897.054017828275,0.0,-398970.54017828277,0.0,10.0,0.0,-0.0,0.1,0.354748654,35.4748654,0.0,0.0,100.0,1.0,0.08,-8.0,-1002.4832759474943,1002.4832759474943,0.0,-1002.4832759474943,1002.4832759474943,0.0,-65272.86194939658,65272.86194939658,0.0,0.0,14621.273173828124,14621.273173828124,0.0,0.0,12659.501309635174,12659.501309635174,0.0,-398978.54017828277,-398978.54017828277,67277.82850129157,67277.82850129157,67177.82850129157,0.0,100.0,0.0,0.0,67277.82850129157,39997.054017828275,1,0.0,100.0
3785,38027.42391037785,0.0,-380274.2391037785,0.0,10.0,0.0,-0.0,0.1,0.3573387729999999,35.73387729999999,0.0,0.0,100.0,1.0,0.11,-11.0,-981.436758242936,981.436758242936,0.0,-981.436758242936,981.436758242936,0.0,-50927.61624718287,50927.61624718287,0.0,0.0,7852.85771484375,7852.85771484375,0.0,0.0,6910.208138447148,6910.208138447148,0.0,-380285.2391037785,-380285.2391037785,52890.48976366875,52890.489763668746,52790.48976366875,0.0,100.0,0.0,0.0,52890.489763668746,38127.42391037785,1,0.0,100.0
3786,45299.486327550134,0.0,-452994.86327550135,0.0,10.0,0.0,-0.0,0.1,0.351934402,35.1934402,0.0,0.0,100.0,1.0,0.11,-11.0,-938.2585400019934,938.2585400019934,0.0,-938.2585400019934,938.2585400019934,0.0,-48163.26193597064,48163.26193597064,0.0,0.0,2318.46275390625,2318.46275390625,0.0,0.0,2321.8299345182418,2321.8299345182418,0.0,-453005.86327550135,-453005.86327550135,50039.77901597462,50039.77901597462,49939.77901597462,0.0,100.0,0.0,0.0,50039.77901597462,45399.48632755013,1,0.0,100.0
3787,37740.8913491265,0.0,-377408.913491265,0.0,10.0,0.0,-0.0,0.1,0.35026092,35.026092,0.0,0.0,100.0,1.0,0.11,-11.0,-896.1888560707839,896.1888560707839,0.0,-896.1888560707839,896.1888560707839,0.0,-36048.51363698493,36048.51363698493,0.0,0.0,0.0,0.0,0.0,0.0,0.0,0.0,0.0,-377419.913491265,-377419.913491265,37840.8913491265,37840.8913491265,37740.8913491265,0.0,100.0,0.0,0.0,37840.8913491265,37840.8913491265,1,0.0,100.0
3788,33741.709500860394,0.0,-337417.09500860394,0.0,10.0,0.0,-0.0,0.1,0.33377063,33.377063,0.0,0.0,100.0,1.0,0.11,-11.0,-234.6001014095832,234.6001014095832,0.0,-234.6001014095832,234.6001014095832,0.0,-33372.50929804123,33372.50929804123,0.0,0.0,0.0,0.0,0.0,0.0,0.0,0.0,0.0,-337428.09500860394,-337428.09500860394,33841.709500860394,33841.709500860394,33741.709500860394,0.0,100.0,0.0,0.0,33841.709500860394,33841.709500860394,1,0.0,100.0
3789,21489.685822430278,0.0,-214896.85822430276,0.0,10.0,0.0,-0.0,0.1,0.335151667,33.5151667,0.0,0.0,100.0,1.0,0.11,-11.0,-233.84118716435543,233.84118716435543,0.0,-233.84118716435543,233.84118716435543,0.0,-21122.00344810157,21122.00344810157,0.0,0.0,0.0,0.0,0.0,0.0,0.0,0.0,0.0,-214907.85822430276,-214907.85822430276,21589.685822430278,21589.685822430278,21489.685822430278,0.0,100.0,0.0,0.0,21589.685822430278,21589.685822430278,1,0.0,100.0
3790,18511.054745575915,0.0,-185110.54745575914,0.0,10.0,0.0,-0.0,0.1,0.350727067,35.0727067,0.0,0.0,100.0,1.0,0.11,-11.0,-236.8148272242128,236.8148272242128,0.0,-236.8148272242128,236.8148272242128,0.0,-18137.42509112749,18137.42509112749,0.0,0.0,0.0,0.0,0.0,0.0,0.0,0.0,0.0,-185121.54745575914,-185121.54745575914,18611.054745575915,18611.054745575915,18511.054745575915,0.0,100.0,0.0,0.0,18611.054745575915,18611.054745575915,1,0.0,100.0
3791,17766.06583266383,0.0,-177660.65832663828,0.0,10.0,0.0,-0.0,0.1,0.353495532,35.3495532,0.0,0.0,100.0,1.0,0.11,-11.0,-233.7955530149183,233.7955530149183,0.0,-233.7955530149183,233.7955530149183,0.0,-17398.474726633995,17398.474726633995,0.0,0.0,0.0,0.0,0.0,0.0,0.0,0.0,0.0,-177671.65832663828,-177671.65832663828,17866.06583266383,17866.06583266383,17766.06583266383,0.0,100.0,0.0,0.0,17866.06583266383,17866.06583266383,1,0.0,100.0
3792,17765.855831734865,0.0,-177658.55831734865,0.0,10.0,0.0,-0.0,0.1,0.350484325,35.0484325,0.0,0.0,100.0,1.0,0.08,-8.0,-233.69064626296577,233.69064626296577,0.0,-233.69064626296577,233.69064626296577,0.0,-17398.474539208935,17398.474539208935,0.0,0.0,0.0,0.0,0.0,0.0,0.0,0.0,0.0,-177666.55831734865,-177666.55831734865,17865.855831734865,17865.855831734865,17765.855831734865,0.0,100.0,0.0,0.0,17865.855831734865,17865.855831734865,1,0.0,100.0
3793,17765.734357877176,0.0,-177657.34357877175,0.0,10.0,0.0,-0.0,0.1,0.3356077939999999,33.56077939999999,0.0,0.0,100.0,1.0,0.08,-8.0,-233.62990631113607,233.62990631113607,0.0,-233.62990631113607,233.62990631113607,0.0,-17398.474545254903,17398.474545254903,0.0,0.0,0.0,0.0,0.0,0.0,0.0,0.0,0.0,-177665.34357877175,-177665.34357877175,17865.734357877176,17865.734357877176,17765.734357877176,0.0,100.0,0.0,0.0,17865.734357877176,17865.734357877176,1,0.0,100.0
3794,17765.640292853106,0.0,-177656.40292853105,0.0,10.0,0.0,-0.0,0.1,0.3235970139999999,32.35970139999999,0.0,0.0,100.0,1.0,0.08,-8.0,-233.5828768220849,233.5828768220849,0.0,-233.5828768220849,233.5828768220849,0.0,-17398.474539208935,17398.474539208935,0.0,0.0,0.0,0.0,0.0,0.0,0.0,0.0,0.0,-177664.40292853105,-177664.40292853105,17865.640292853106,17865.640292853106,17765.640292853106,0.0,100.0,0.0,0.0,17865.640292853106,17865.640292853106,1,0.0,100.0
3795,18506.723155133986,0.0,-185067.23155133985,0.0,10.0,0.0,-0.0,0.1,0.30685564,30.685564,0.0,0.0,100.0,1.0,0.08,-8.0,-234.64912269279463,234.64912269279463,0.0,-234.64912269279463,234.64912269279463,0.0,-18137.4249097484,18137.4249097484,0.0,0.0,0.0,0.0,0.0,0.0,0.0,0.0,0.0,-185075.23155133985,-185075.23155133985,18606.723155133986,18606.723155133986,18506.723155133986,0.0,100.0,0.0,0.0,18606.723155133986,18606.723155133986,1,0.0,100.0
3796,18646.639172692478,0.0,-186466.39172692478,0.0,10.0,0.0,-0.0,0.1,0.270602147,27.060214700000003,0.0,0.0,100.0,1.0,0.08,-8.0,-234.52547007112707,234.52547007112707,0.0,-234.52547007112707,234.52547007112707,0.0,-18539.35015637835,18539.35015637835,0.0,0.0,261.76192382812496,261.76192382812496,0.0,0.0,0.0,0.0,0.0,-186474.39172692478,-186474.39172692478,19008.401096520603,19008.401096520603,18908.401096520603,0.0,100.0,0.0,0.0,19008.401096520603,18746.639172692478,1,0.0,100.0
3797,19899.52346485556,0.0,-198995.2346485556,0.0,10.0,0.0,-0.0,0.1,0.253088711,25.3088711,0.0,0.0,100.0,1.0,0.11,-11.0,-398.8887594890688,398.8887594890688,0.0,-398.8887594890688,398.8887594890688,0.0,-22816.087126960792,22816.087126960792,0.0,0.0,2094.095390625,2094.095390625,0.0,0.0,1520.2457904583723,1520.2457904583723,0.0,-199006.2346485556,-199006.2346485556,23613.86464593893,23613.86464593893,23513.86464593893,0.0,100.0,0.0,0.0,23613.86464593893,19999.52346485556,1,0.0,100.0
3798,21603.136733161093,0.0,-216031.36733161093,0.0,10.0,0.0,-0.0,0.1,0.24041206,24.041206000000003,0.0,0.0,100.0,1.0,0.11,-11.0,-658.8649299747854,658.8649299747854,0.0,-658.8649299747854,658.8649299747854,0.0,-32623.466474995093,32623.466474995093,0.0,0.0,6544.048095703125,6544.048095703125,0.0,0.0,5694.01150608045,5694.01150608045,0.0,-216042.36733161093,-216042.36733161093,33941.19633494467,33941.19633494467,33841.19633494467,0.0,100.0,0.0,0.0,33941.19633494467,21703.136733161093,1,0.0,100.0
3799,55607.21561856818,0.0,-556072.1561856818,0.0,10.0,0.0,-0.0,0.1,0.226675761,22.6675761,0.0,0.0,100.0,1.0,0.11,-11.0,-982.6881851536084,982.6881851536084,0.0,-982.6881851536084,982.6881851536084,0.0,-70726.02029216882,70726.02029216882,0.0,0.0,5983.1296875,5983.1296875,0.0,0.0,11001.05135640786,11001.05135640786,0.0,-556083.1561856818,-556083.1561856818,72691.39666247604,72691.39666247604,72591.39666247604,0.0,100.0,0.0,0.0,72691.39666247604,55707.21561856818,1,0.0,100.0
3800,43868.61581297439,0.0,-438686.15812974394,0.0,10.0,0.0,-0.0,0.1,0.217399234,21.7399234,0.0,0.0,100.0,1.0,0.11,-11.0,-1061.640700600494,1061.640700600494,0.0,-1061.640700600494,1061.640700600494,0.0,-70031.96468045142,70031.96468045142,0.0,0.0,10358.293271484376,10358.293271484376,0.0,0.0,17828.33699719364,17828.33699719364,0.0,-438697.15812974394,-438697.15812974394,72155.24608165241,72155.24608165241,72055.24608165241,0.0,100.0,0.0,0.0,72155.24608165241,43968.61581297439,1,0.0,100.0
3801,35893.35718820193,0.0,-358933.5718820193,0.0,10.0,0.0,-0.0,0.1,0.215190644,21.519064399999998,0.0,0.0,100.0,1.0,0.11,-11.0,-1154.6363393714912,1154.6363393714912,0.0,-1154.6363393714912,1154.6363393714912,0.0,-69525.47856634988,69525.47856634988,0.0,0.0,12788.93970703125,12788.93970703125,0.0,0.0,23052.454349859687,23052.454349859687,0.0,-358944.5718820193,-358944.5718820193,71834.75124509286,71834.75124509286,71734.75124509286,0.0,100.0,0.0,0.0,71834.75124509286,35993.357188201924,1,0.0,100.0
3802,16244.324921838179,0.0,-162443.2492183818,0.0,10.0,0.0,-0.0,0.1,0.220228609,22.022860899999998,0.0,0.0,100.0,1.0,0.11,-11.0,-1239.15421214226,1239.15421214226,0.0,-1239.15421214226,1239.15421214226,0.0,-71428.9156556636,71428.9156556636,0.0,0.0,31635.79822265625,31635.79822265625,0.0,0.0,25927.1009354537,25927.1009354537,0.0,-162454.2492183818,-162454.2492183818,73907.22407994812,73907.22407994812,73807.22407994812,0.0,100.0,0.0,0.0,73907.22407994812,16344.324921838175,1,0.0,100.0
3803,25911.891562759458,0.0,-259118.91562759457,0.0,10.0,0.0,-0.0,0.1,0.225158501,22.5158501,0.0,0.0,100.0,1.0,0.11,-11.0,-1323.0260474416357,1323.0260474416357,0.0,-1323.0260474416357,1323.0260474416357,0.0,-73147.52418770597,73147.52418770597,0.0,0.0,21726.23967773437,21726.23967773437,0.0,0.0,28055.44504209542,28055.44504209542,0.0,-259129.91562759457,-259129.91562759457,75793.57628258925,75793.57628258925,75693.57628258925,0.0,100.0,0.0,0.0,75793.57628258925,26011.891562759454,1,0.0,100.0
3804,24851.68949890502,0.0,-248516.8949890502,0.0,10.0,0.0,-0.0,0.1,0.232517201,23.2517201,0.0,0.0,100.0,1.0,0.11,-11.0,-1316.3573751514125,1316.3573751514125,0.0,-1316.3573751514125,1316.3573751514125,0.0,-81314.36776467299,81314.36776467299,0.0,0.0,30663.539648437498,30663.539648437498,0.0,0.0,28331.853367633303,28331.853367633303,0.0,-248527.8949890502,-248527.8949890502,83947.08251497582,83947.08251497582,83847.08251497582,0.0,100.0,0.0,0.0,83947.08251497582,24951.68949890502,1,0.0,100.0
3805,29274.188264216238,0.0,-292741.8826421624,0.0,10.0,0.0,-0.0,0.1,0.244134868,24.4134868,0.0,0.0,100.0,1.0,0.11,-11.0,-1286.522026697707,1286.522026697707,0.0,-1286.522026697707,1286.522026697707,0.0,-83819.42333330314,83819.42333330314,0.0,0.0,30289.59404296875,30289.59404296875,0.0,0.0,26728.68507951357,26728.68507951357,0.0,-292752.8826421624,-292752.8826421624,86392.46738669855,86392.46738669855,86292.46738669855,0.0,100.0,0.0,0.0,86392.46738669855,29374.188264216238,1,0.0,100.0
3806,44480.954403502095,0.0,-444809.544035021,0.0,10.0,0.0,-0.0,0.1,0.26284592,26.284592,0.0,0.0,100.0,1.0,0.08,-8.0,-1256.4812405532437,1256.4812405532437,0.0,-1256.4812405532437,1256.4812405532437,0.0,-84481.13814642398,84481.13814642398,0.0,0.0,18061.572744140623,18061.572744140623,0.0,0.0,24351.57347988775,24351.57347988775,0.0,-444817.544035021,-444817.544035021,86994.10062753047,86994.10062753047,86894.10062753047,0.0,100.0,0.0,0.0,86994.10062753047,44580.954403502095,1,0.0,100.0
3807,46929.724953452336,0.0,-469297.24953452335,0.0,10.0,0.0,-0.0,0.1,0.2877510689999999,28.77510689999999,0.0,0.0,100.0,1.0,0.08,-8.0,-1157.8116918230812,1157.8116918230812,0.0,-1157.8116918230812,1157.8116918230812,0.0,-87535.09430147713,87535.09430147713,0.0,0.0,23334.20578125,23334.20578125,0.0,0.0,19486.78695042096,19486.78695042096,0.0,-469305.24953452335,-469305.24953452335,89850.7176851233,89850.7176851233,89750.7176851233,0.0,100.0,0.0,0.0,89850.7176851233,47029.724953452336,1,0.0,100.0
3808,53663.04479388094,0.0,-536630.4479388094,0.0,10.0,0.0,-0.0,0.1,0.296981252,29.698125199999996,0.0,0.0,100.0,1.0,0.08,-8.0,-925.327630553576,925.327630553576,0.0,-925.327630553576,925.327630553576,0.0,-79141.18629286098,79141.18629286098,0.0,0.0,13574.225478515624,13574.225478515624,0.0,0.0,13654.571281571563,13654.571281571563,0.0,-536638.4479388094,-536638.4479388094,80991.84155396812,80991.84155396813,80891.84155396812,0.0,100.0,0.0,0.0,80991.84155396813,53763.044793880945,1,0.0,100.0
3809,53050.60152533522,0.0,-530506.0152533522,0.0,10.0,0.0,-0.0,0.1,0.295295774,29.5295774,0.0,0.0,100.0,1.0,0.11,-11.0,-928.650300374134,928.650300374134,0.0,-928.650300374134,928.650300374134,0.0,-63845.25827077608,63845.25827077608,0.0,0.0,4674.320068359375,4674.320068359375,0.0,0.0,7877.637277829748,7877.637277829748,0.0,-530517.0152533522,-530517.0152533522,65702.55887152435,65702.55887152435,65602.55887152435,0.0,100.0,0.0,0.0,65702.55887152435,53150.60152533522,1,0.0,100.0
3810,59083.14868436519,0.0,-590831.4868436519,0.0,10.0,0.0,-0.0,0.1,0.297322739,29.7322739,0.0,0.0,100.0,1.0,0.11,-11.0,-918.0219280715186,918.0219280715186,0.0,-918.0219280715186,918.0219280715186,0.0,-61815.07111562203,61815.07111562203,0.0,0.0,1869.72802734375,1869.72802734375,0.0,0.0,2598.238260056128,2598.238260056128,0.0,-590842.4868436519,-590842.4868436519,63651.11497176507,63651.11497176506,63551.11497176507,0.0,100.0,0.0,0.0,63651.11497176506,59183.14868436518,1,0.0,100.0
3811,56054.63690029615,0.0,-560546.3690029616,0.0,10.0,0.0,-0.0,0.1,0.296360717,29.6360717,0.0,0.0,100.0,1.0,0.11,-11.0,-933.2378914972006,933.2378914972006,0.0,-933.2378914972006,933.2378914972006,0.0,-54288.16111730175,54288.16111730175,0.0,0.0,0.0,0.0,0.0,0.0,0.0,0.0,0.0,-560557.3690029616,-560557.3690029616,56154.63690029615,56154.63690029615,56054.63690029615,0.0,100.0,0.0,0.0,56154.63690029615,56154.63690029615,1,0.0,100.0
3812,50827.96325696141,0.0,-508279.6325696141,0.0,10.0,0.0,-0.0,0.1,0.29503702,29.503701999999997,0.0,0.0,100.0,1.0,0.11,-11.0,-234.8903566104524,234.8903566104524,0.0,-234.8903566104524,234.8903566104524,0.0,-50458.182543740506,50458.182543740506,0.0,0.0,0.0,0.0,0.0,0.0,0.0,0.0,0.0,-508290.6325696141,-508290.6325696141,50927.96325696141,50927.96325696141,50827.96325696141,0.0,100.0,0.0,0.0,50927.96325696141,50927.96325696141,1,0.0,100.0
3813,21489.921695144854,0.0,-214899.21695144853,0.0,10.0,0.0,-0.0,0.1,0.292427304,29.2427304,0.0,0.0,100.0,1.0,0.11,-11.0,-233.959211188199,233.959211188199,0.0,-233.959211188199,233.959211188199,0.0,-21122.003272768456,21122.003272768456,0.0,0.0,0.0,0.0,0.0,0.0,0.0,0.0,0.0,-214910.21695144853,-214910.21695144853,21589.921695144854,21589.921695144854,21489.921695144854,0.0,100.0,0.0,0.0,21589.921695144854,21589.921695144854,1,0.0,100.0
3814,18511.16248830567,0.0,-185111.62488305668,0.0,10.0,0.0,-0.0,0.1,0.295260119,29.5260119,0.0,0.0,100.0,1.0,0.11,-11.0,-236.868786255651,236.868786255651,0.0,-236.868786255651,236.868786255651,0.0,-18137.424915794367,18137.424915794367,0.0,0.0,0.0,0.0,0.0,0.0,0.0,0.0,0.0,-185122.62488305668,-185122.62488305668,18611.16248830567,18611.16248830567,18511.16248830567,0.0,100.0,0.0,0.0,18611.16248830567,18611.16248830567,1,0.0,100.0
3815,17766.21499605522,0.0,-177662.1499605522,0.0,10.0,0.0,-0.0,0.1,0.3047377999999999,30.47377999999999,0.0,0.0,100.0,1.0,0.11,-11.0,-233.8702254001588,233.8702254001588,0.0,-233.8702254001588,233.8702254001588,0.0,-17398.474545254903,17398.474545254903,0.0,0.0,0.0,0.0,0.0,0.0,0.0,0.0,0.0,-177673.1499605522,-177673.1499605522,17866.21499605522,17866.21499605522,17766.21499605522,0.0,100.0,0.0,0.0,17866.21499605522,17866.21499605522,1,0.0,100.0
3816,17766.098994354303,0.0,-177660.98994354304,0.0,10.0,0.0,-0.0,0.1,0.299666754,29.9666754,0.0,0.0,100.0,1.0,0.08,-8.0,-233.812318262228,233.812318262228,0.0,-233.812318262228,233.812318262228,0.0,-17398.474357829848,17398.474357829848,0.0,0.0,0.0,0.0,0.0,0.0,0.0,0.0,0.0,-177668.98994354304,-177668.98994354304,17866.098994354303,17866.098994354303,17766.098994354303,0.0,100.0,0.0,0.0,17866.098994354303,17866.098994354303,1,0.0,100.0
3817,17766.040598964664,0.0,-177660.40598964665,0.0,10.0,0.0,-0.0,0.1,0.290466421,29.046642099999996,0.0,0.0,100.0,1.0,0.08,-8.0,-233.78312056740856,233.78312056740856,0.0,-233.78312056740856,233.78312056740856,0.0,-17398.474357829848,17398.474357829848,0.0,0.0,0.0,0.0,0.0,0.0,0.0,0.0,0.0,-177668.40598964665,-177668.40598964665,17866.040598964664,17866.040598964664,17766.040598964664,0.0,100.0,0.0,0.0,17866.040598964664,17866.040598964664,1,0.0,100.0
3818,17766.0383703042,0.0,-177660.383703042,0.0,10.0,0.0,-0.0,0.1,0.292779806,29.2779806,0.0,0.0,100.0,1.0,0.08,-8.0,-233.7820062371757,233.7820062371757,0.0,-233.7820062371757,233.7820062371757,0.0,-17398.474357829848,17398.474357829848,0.0,0.0,0.0,0.0,0.0,0.0,0.0,0.0,0.0,-177668.383703042,-177668.383703042,17866.0383703042,17866.0383703042,17766.0383703042,0.0,100.0,0.0,0.0,17866.0383703042,17866.0383703042,1,0.0,100.0
3819,18516.635141346967,0.0,-185166.35141346967,0.0,10.0,0.0,-0.0,0.1,0.282596643,28.259664299999997,0.0,0.0,100.0,1.0,0.08,-8.0,-239.60520648882712,239.60520648882712,0.0,-239.60520648882712,239.60520648882712,0.0,-18137.424728369315,18137.424728369315,0.0,0.0,0.0,0.0,0.0,0.0,0.0,0.0,0.0,-185174.35141346967,-185174.35141346967,18616.635141346967,18616.635141346967,18516.635141346967,0.0,100.0,0.0,0.0,18616.635141346967,18616.635141346967,1,0.0,100.0
3820,18655.076308387448,0.0,-186550.76308387448,0.0,10.0,0.0,-0.0,0.1,0.269615197,26.961519699999997,0.0,0.0,100.0,1.0,0.08,-8.0,-238.74416186098708,238.74416186098708,0.0,-238.74416186098708,238.74416186098708,0.0,-18539.3499084936,18539.3499084936,0.0,0.0,261.76192382812496,261.76192382812496,0.0,0.0,0.0,0.0,0.0,-186558.76308387448,-186558.76308387448,19016.838232215574,19016.838232215574,18916.838232215574,0.0,100.0,0.0,0.0,19016.838232215574,18755.076308387448,1,0.0,100.0
3821,25472.01549872327,0.0,-254720.1549872327,0.0,10.0,0.0,-0.0,0.1,0.252906086,25.2906086,0.0,0.0,100.0,1.0,0.11,-11.0,-520.3728752763582,520.3728752763582,0.0,-520.3728752763582,520.3728752763582,0.0,-29631.63962313584,29631.63962313584,0.0,0.0,3552.483251953125,3552.483251953125,0.0,0.0,1547.8866230121612,1547.8866230121612,0.0,-254731.1549872327,-254731.1549872327,30672.385373688558,30672.385373688558,30572.385373688558,0.0,100.0,0.0,0.0,30672.385373688558,25572.01549872327,1,0.0,100.0
3822,26466.591438657215,0.0,-264665.91438657214,0.0,10.0,0.0,-0.0,0.1,0.224652997,22.4652997,0.0,0.0,100.0,1.0,0.11,-11.0,-776.2593266922769,776.2593266922769,0.0,-776.2593266922769,776.2593266922769,0.0,-41357.43229008513,41357.43229008513,0.0,0.0,10096.53134765625,10096.53134765625,0.0,0.0,6246.828157156222,6246.828157156222,0.0,-264676.91438657214,-264676.91438657214,42909.95094346968,42909.95094346969,42809.95094346968,0.0,100.0,0.0,0.0,42909.95094346969,26566.59143865722,1,0.0,100.0
3823,56754.89670261952,0.0,-567548.9670261951,0.0,10.0,0.0,-0.0,0.1,0.214459283,21.4459283,0.0,0.0,100.0,1.0,0.11,-11.0,-1207.3811295240469,1207.3811295240469,0.0,-1207.3811295240469,1207.3811295240469,0.0,-83114.22977582192,83114.22977582192,0.0,0.0,16677.97400390625,16677.97400390625,0.0,0.0,11996.121328344248,11996.121328344248,0.0,-567559.9670261951,-567559.9670261951,85528.99203487001,85528.99203487001,85428.99203487001,0.0,100.0,0.0,0.0,85528.99203487001,56854.89670261952,1,0.0,100.0
3824,48953.733831418984,0.0,-489537.3383141898,0.0,10.0,0.0,-0.0,0.1,0.210179872,21.0179872,0.0,0.0,100.0,1.0,0.11,-11.0,-1298.7126036253162,1298.7126036253162,0.0,-1298.7126036253162,1298.7126036253162,0.0,-88148.8882754104,88148.8882754104,0.0,0.0,23670.75682617188,23670.75682617188,0.0,0.0,18021.82282507016,18021.82282507016,0.0,-489548.3383141898,-489548.3383141898,90746.31348266103,90746.31348266103,90646.31348266103,0.0,100.0,0.0,0.0,90746.31348266103,49053.73383141899,1,0.0,100.0
3825,35184.799879591665,0.0,-351847.9987959167,0.0,10.0,0.0,-0.0,0.1,0.204007618,20.4007618,0.0,0.0,100.0,1.0,0.11,-11.0,-1336.5798935157893,1336.5798935157893,0.0,-1336.5798935157893,1336.5798935157893,0.0,-86782.88184256192,86782.88184256192,0.0,0.0,30925.301572265624,30925.301572265624,0.0,0.0,23245.940177736207,23245.940177736207,0.0,-351858.9987959167,-351858.9987959167,89456.0416295935,89456.0416295935,89356.0416295935,0.0,100.0,0.0,0.0,89456.0416295935,35284.799879591665,1,0.0,100.0
3826,32464.694162683856,0.0,-324646.9416268386,0.0,10.0,0.0,-0.0,0.1,0.206686349,20.6686349,0.0,0.0,100.0,1.0,0.11,-11.0,-1272.7047560862777,1272.7047560862777,0.0,-1272.7047560862777,1272.7047560862777,0.0,-89765.71472204976,89765.71472204976,0.0,0.0,33542.92081054687,33542.92081054687,0.0,0.0,26203.509260991585,26203.509260991585,0.0,-324657.9416268386,-324657.9416268386,92311.12423422231,92311.12423422231,92211.12423422231,0.0,100.0,0.0,0.0,92311.12423422231,32564.694162683852,1,0.0,100.0
3827,28236.26458239196,0.0,-282362.64582391956,0.0,10.0,0.0,-0.0,0.1,0.209735888,20.9735888,0.0,0.0,100.0,1.0,0.11,-11.0,-1288.7056415603745,1288.7056415603745,0.0,-1288.7056415603745,1288.7056415603745,0.0,-89017.22621768576,89017.22621768576,0.0,0.0,34926.519550781246,34926.519550781246,0.0,0.0,28331.853367633303,28331.853367633303,0.0,-282373.64582391956,-282373.64582391956,91594.63750080651,91594.63750080651,91494.63750080651,0.0,100.0,0.0,0.0,91594.63750080651,28336.26458239196,1,0.0,100.0
3828,31672.019666434626,0.0,-316720.19666434627,0.0,10.0,0.0,-0.0,0.1,0.21029596,21.029596,0.0,0.0,100.0,1.0,0.11,-11.0,-1315.322576096617,1315.322576096617,0.0,-1315.322576096617,1315.322576096617,0.0,-93274.46872694384,93274.46872694384,0.0,0.0,35524.83251953125,35524.83251953125,0.0,0.0,28608.2616931712,28608.2616931712,0.0,-316731.19666434627,-316731.19666434627,95905.11387913708,95905.11387913708,95805.11387913708,0.0,100.0,0.0,0.0,95905.11387913708,31772.01966643463,1,0.0,100.0
3829,33853.38064916027,0.0,-338533.80649160274,0.0,10.0,0.0,-0.0,0.1,0.222873922,22.2873922,0.0,0.0,100.0,1.0,0.11,-11.0,-1332.4940397057635,1332.4940397057635,0.0,-1332.4940397057635,1332.4940397057635,0.0,-92948.48987376023,92948.48987376023,0.0,0.0,34627.36306640625,34627.36306640625,0.0,0.0,27032.734237605244,27032.734237605244,0.0,-338544.80649160274,-338544.80649160274,95613.47795317176,95613.47795317176,95513.47795317176,0.0,100.0,0.0,0.0,95613.47795317176,33953.38064916027,1,0.0,100.0
3830,41897.859696201325,0.0,-418978.5969620133,0.0,10.0,0.0,-0.0,0.1,0.232277125,23.2277125,0.0,0.0,100.0,1.0,0.08,-8.0,-1336.1034508128284,1336.1034508128284,0.0,-1336.1034508128284,1336.1034508128284,0.0,-92430.40263215936,92430.40263215936,0.0,0.0,28532.049697265626,28532.049697265626,0.0,0.0,24572.70014031806,24572.70014031806,0.0,-418986.5969620133,-418986.5969620133,95102.60953378501,95102.60953378501,95002.60953378501,0.0,100.0,0.0,0.0,95102.60953378501,41997.859696201325,1,0.0,100.0
3831,54660.5541838661,0.0,-546605.5418386611,0.0,10.0,0.0,-0.0,0.1,0.245566395,24.5566395,0.0,0.0,100.0,1.0,0.08,-8.0,-1258.7080156283798,1258.7080156283798,0.0,-1258.7080156283798,1258.7080156283798,0.0,-95108.03846996932,95108.03846996932,0.0,0.0,23184.627539062498,23184.627539062498,0.0,0.0,19680.27277829748,19680.27277829748,0.0,-546613.5418386611,-546613.5418386611,97625.45450122608,97625.45450122608,97525.45450122608,0.0,100.0,0.0,0.0,97625.45450122608,54760.5541838661,0,0.0,100.0
3832,60919.57817283025,0.0,-609195.7817283026,0.0,10.0,0.0,-0.0,0.1,0.249149171,24.9149171,0.0,0.0,100.0,1.0,0.08,-8.0,-999.504764374945,999.504764374945,0.0,-999.504764374945,999.504764374945,0.0,-88761.31398595033,88761.31398595033,0.0,0.0,15892.688232421877,15892.688232421877,0.0,0.0,13848.057109448084,13848.057109448084,0.0,-609203.7817283026,-609203.7817283026,90760.32351470021,90760.32351470021,90660.32351470021,0.0,100.0,0.0,0.0,90760.32351470021,61019.57817283025,1,0.0,100.0
3833,62894.92295375584,0.0,-628949.2295375584,0.0,10.0,0.0,-0.0,0.1,0.250576924,25.057692399999997,0.0,0.0,100.0,1.0,0.11,-11.0,-908.3681323709797,908.3681323709797,0.0,-908.3681323709797,908.3681323709797,0.0,-77411.07772193197,77411.07772193197,0.0,0.0,8189.408759765624,8189.408759765624,0.0,0.0,8043.48227315248,8043.48227315248,0.0,-628960.2295375584,-628960.2295375584,79227.81398667395,79227.81398667394,79127.81398667395,0.0,100.0,0.0,0.0,79227.81398667394,62994.92295375583,1,0.0,100.0
3834,72532.6410401411,0.0,-725326.410401411,0.0,10.0,0.0,-0.0,0.1,0.265361012,26.5361012,0.0,0.0,100.0,1.0,0.11,-11.0,-850.4481958771332,850.4481958771332,0.0,-850.4481958771332,850.4481958771332,0.0,-76389.85661456616,76389.85661456616,0.0,0.0,2804.592041015625,2804.592041015625,0.0,0.0,2653.519925163705,2653.519925163705,0.0,-725337.410401411,-725337.410401411,78090.75300632043,78090.75300632043,77990.75300632043,0.0,100.0,0.0,0.0,78090.75300632043,72632.6410401411,1,0.0,100.0
3835,71603.47105701412,0.0,-716034.7105701412,0.0,10.0,0.0,-0.0,0.1,0.266236096,26.623609599999998,0.0,0.0,100.0,1.0,0.11,-11.0,-820.5275056776791,820.5275056776791,0.0,-820.5275056776791,820.5275056776791,0.0,-70200.6202084277,70200.6202084277,0.0,0.0,0.0,0.0,0.0,0.0,138.20416276894295,138.20416276894295,0.0,-716045.7105701412,-716045.7105701412,71841.67521978306,71841.67521978306,71741.67521978306,0.0,100.0,0.0,0.0,71841.67521978306,71703.47105701412,1,0.0,100.0
3836,69932.48699448534,0.0,-699324.8699448535,0.0,10.0,0.0,-0.0,0.1,0.262442986,26.2442986,0.0,0.0,100.0,1.0,0.11,-11.0,-233.91648156946823,233.91648156946823,0.0,-233.91648156946823,233.91648156946823,0.0,-69564.6540313464,69564.6540313464,0.0,0.0,0.0,0.0,0.0,0.0,0.0,0.0,0.0,-699335.8699448535,-699335.8699448535,70032.48699448534,70032.48699448534,69932.48699448534,0.0,100.0,0.0,0.0,70032.48699448534,70032.48699448534,1,0.0,100.0
3837,21489.88404441202,0.0,-214898.84044412023,0.0,10.0,0.0,-0.0,0.1,0.263406921,26.340692100000002,0.0,0.0,100.0,1.0,0.11,-11.0,-233.9404825572965,233.9404825572965,0.0,-233.9404825572965,233.9404825572965,0.0,-21122.00307929743,21122.00307929743,0.0,0.0,0.0,0.0,0.0,0.0,0.0,0.0,0.0,-214909.84044412023,-214909.84044412023,21589.88404441202,21589.88404441202,21489.88404441202,0.0,100.0,0.0,0.0,21589.88404441202,21589.88404441202,1,0.0,100.0
3838,18511.14571377484,0.0,-185111.4571377484,0.0,10.0,0.0,-0.0,0.1,0.278719491,27.8719491,0.0,0.0,100.0,1.0,0.11,-11.0,-236.86049572574967,236.86049572574967,0.0,-236.86049572574967,236.86049572574967,0.0,-18137.42472232334,18137.42472232334,0.0,0.0,0.0,0.0,0.0,0.0,0.0,0.0,0.0,-185122.4571377484,-185122.4571377484,18611.14571377484,18611.14571377484,18511.14571377484,0.0,100.0,0.0,0.0,18611.14571377484,18611.14571377484,1,0.0,100.0
3839,17766.32433498655,0.0,-177663.24334986552,0.0,10.0,0.0,-0.0,0.1,0.284862902,28.4862902,0.0,0.0,100.0,1.0,0.11,-11.0,-233.9249916013372,233.9249916013372,0.0,-233.9249916013372,233.9249916013372,0.0,-17398.474351783876,17398.474351783876,0.0,0.0,0.0,0.0,0.0,0.0,0.0,0.0,0.0,-177674.24334986552,-177674.24334986552,17866.32433498655,17866.32433498655,17766.32433498655,0.0,100.0,0.0,0.0,17866.32433498655,17866.32433498655,1,0.0,100.0
3840,14752.523674816828,0.0,-147525.23674816827,0.0,10.0,0.0,-0.0,0.1,0.284860638,28.4860638,0.0,0.0,100.0,1.0,0.08,-8.0,-233.70237112416703,233.70237112416703,0.0,-233.70237112416703,233.70237112416703,0.0,-14385.118932568494,14385.118932568494,0.0,0.0,0.0,0.0,0.0,0.0,0.0,0.0,0.0,-147533.23674816827,-147533.23674816827,14852.523674816828,14852.523674816828,14752.523674816828,0.0,100.0,0.0,0.0,14852.523674816828,14852.523674816828,1,0.0,100.0
3841,14752.511377790064,0.0,-147525.11377790064,0.0,10.0,0.0,-0.0,0.1,0.277658747,27.765874699999998,0.0,0.0,100.0,1.0,0.08,-8.0,-233.69621958780104,233.69621958780104,0.0,-233.69621958780104,233.69621958780104,0.0,-14385.118938614462,14385.118938614462,0.0,0.0,0.0,0.0,0.0,0.0,0.0,0.0,0.0,-147533.11377790064,-147533.11377790064,14852.511377790064,14852.511377790064,14752.511377790064,0.0,100.0,0.0,0.0,14852.511377790064,14852.511377790064,1,0.0,100.0
3842,14752.480659816081,0.0,-147524.80659816082,0.0,10.0,0.0,-0.0,0.1,0.276439936,27.643993599999998,0.0,0.0,100.0,1.0,0.08,-8.0,-233.68086060080964,233.68086060080964,0.0,-233.68086060080964,233.68086060080964,0.0,-14385.118938614462,14385.118938614462,0.0,0.0,0.0,0.0,0.0,0.0,0.0,0.0,0.0,-147532.80659816082,-147532.80659816082,14852.480659816081,14852.480659816081,14752.480659816081,0.0,100.0,0.0,0.0,14852.480659816081,14852.480659816081,1,0.0,100.0
3843,15493.782323298474,0.0,-154937.82323298475,0.0,10.0,0.0,-0.0,0.1,0.270728475,27.0728475,0.0,0.0,100.0,1.0,0.08,-8.0,-234.85650707227552,234.85650707227552,0.0,-234.85650707227552,234.85650707227552,0.0,-15124.069309153923,15124.069309153923,0.0,0.0,0.0,0.0,0.0,0.0,0.0,0.0,0.0,-154945.82323298475,-154945.82323298475,15593.782323298474,15593.782323298474,15493.782323298474,0.0,100.0,0.0,0.0,15593.782323298474,15593.782323298474,1,0.0,100.0
3844,14014.864601157718,0.0,-140148.6460115772,0.0,10.0,0.0,-0.0,0.1,0.251096004,25.109600399999998,0.0,0.0,100.0,1.0,0.08,-8.0,-234.74671801245205,234.74671801245205,0.0,-234.74671801245205,234.74671801245205,0.0,-14019.316770601565,14019.316770601565,0.0,0.0,373.94560546875,373.94560546875,0.0,0.0,0.0,0.0,0.0,-140156.6460115772,-140156.6460115772,14488.81020662647,14488.81020662647,14388.81020662647,0.0,100.0,0.0,0.0,14488.81020662647,14114.864601157718,1,0.0,100.0
3845,47824.504460611875,0.0,-478245.04460611875,0.0,10.0,0.0,-0.0,0.1,0.223640929,22.3640929,0.0,0.0,100.0,1.0,0.11,-11.0,-210.8012193275912,210.8012193275912,0.0,-210.8012193275912,210.8012193275912,0.0,-52660.17391345503,52660.17391345503,0.0,0.0,3664.66693359375,3664.66693359375,0.0,0.0,1492.604957904584,1492.604957904584,0.0,-478256.04460611875,-478256.04460611875,53081.77635211021,53081.77635211021,52981.77635211021,0.0,100.0,0.0,0.0,53081.77635211021,47924.504460611875,1,0.0,100.0
3846,36846.20713378531,0.0,-368462.0713378531,0.0,10.0,0.0,-0.0,0.1,0.213054327,21.305432699999997,0.0,0.0,100.0,1.0,0.11,-11.0,-198.5305545170929,198.5305545170929,0.0,-198.5305545170929,198.5305545170929,0.0,-51325.17468944579,51325.17468944579,0.0,0.0,8750.32716796875,8750.32716796875,0.0,0.0,6025.701496725913,6025.701496725913,0.0,-368473.0713378531,-368473.0713378531,51722.235798479975,51722.235798479975,51622.235798479975,0.0,100.0,0.0,0.0,51722.235798479975,36946.20713378531,1,0.0,100.0
3847,38870.34378843454,0.0,-388703.4378843454,0.0,10.0,0.0,-0.0,0.1,0.206073378,20.6073378,0.0,0.0,100.0,1.0,0.11,-11.0,-198.629996565466,198.629996565466,0.0,-198.629996565466,198.629996565466,0.0,-66634.21975709434,66634.21975709434,0.0,0.0,16341.422958984374,16341.422958984374,0.0,0.0,11719.713002806362,11719.713002806362,0.0,-388714.4378843454,-388714.4378843454,67031.47975022528,67031.47975022528,66931.47975022528,0.0,100.0,0.0,0.0,67031.47975022528,38970.34378843454,1,0.0,100.0
3848,24347.424847723836,0.0,-243474.24847723835,0.0,10.0,0.0,-0.0,0.1,0.203329915,20.3329915,0.0,0.0,100.0,1.0,0.11,-11.0,-198.7463093442712,198.7463093442712,0.0,-198.7463093442712,198.7463093442712,0.0,-65139.30623781065,65139.30623781065,0.0,0.0,23371.600341796875,23371.600341796875,0.0,0.0,17717.773666978486,17717.773666978486,0.0,-243485.24847723835,-243485.24847723835,65536.7988564992,65536.7988564992,65436.7988564992,0.0,100.0,0.0,0.0,65536.7988564992,24447.424847723836,1,0.0,100.0
3849,10922.322629145849,0.0,-109223.22629145849,0.0,10.0,0.0,-0.0,0.1,0.206339174,20.633917399999998,0.0,0.0,100.0,1.0,0.11,-11.0,-198.8191665076547,198.8191665076547,0.0,-198.8191665076547,198.8191665076547,0.0,-62557.11346759628,62557.11346759628,0.0,0.0,29018.178984375,29018.178984375,0.0,0.0,22914.250187090744,22914.250187090744,0.0,-109234.22629145849,-109234.22629145849,62954.75180061159,62954.75180061159,62854.75180061159,0.0,100.0,0.0,0.0,62954.75180061159,11022.322629145849,1,0.0,100.0
3850,5085.85336153585,0.0,-50858.5336153585,0.0,10.0,0.0,-0.0,0.1,0.21491655,21.491655,0.0,0.0,100.0,1.0,0.11,-11.0,-305.4027294726157,305.4027294726157,0.0,-305.4027294726157,305.4027294726157,0.0,-62428.97016850795,62428.97016850795,0.0,0.0,32009.743828125,32009.743828125,0.0,0.0,25844.17843779233,25844.17843779233,0.0,-50869.5336153585,-50869.5336153585,63039.77562745317,63039.77562745318,62939.77562745317,0.0,100.0,0.0,0.0,63039.77562745318,5185.853361535854,1,0.0,100.0
3851,0.0,0.0,-0.0,55.55555555555556,10.0,0.0,-0.0,0.1,0.239186922,0.0,0.0,100.0,0.0,1.0,0.11,0.0,-305.3277504708258,305.3277504708258,0.0,-305.3277504708258,305.3277504708258,0.0,-61691.12541234793,61691.12541234793,0.0,0.0,34029.05009765625,34029.05009765625,0.0,566.9469777353552,28995.23334892424,28428.286371188886,0.0,0.0,0.0,62457.33646884513,62457.33646884513,62457.33646884513,0.0,0.0,155.55555555555475,0.0,62301.78091328958,-722.5025332909136,1,-55.55555555555556,-100.0
3852,0.0,0.0,-0.0,44.44444444444444,60.0,0.0,-0.0,0.6,0.24460897,0.0,0.0,100.0,0.0,1.0,0.11,0.0,-323.00990984321714,323.00990984321714,0.0,-323.00990984321714,323.00990984321714,0.0,-61400.21034157548,61400.21034157548,0.0,0.0,35487.437958984374,35487.437958984374,0.0,2568.4050277401293,29271.64167446212,26703.23664672199,0.0,0.0,0.0,62190.674605706365,62190.674605706365,62190.674605706365,0.0,0.0,144.44444444444525,0.0,62046.23016126192,-2712.849472184578,1,-44.44444444444444,-100.0
3853,0.0,0.0,-0.0,0.0,100.0,-0.0,-0.0,1.0,0.261920387,0.0,0.0,100.0,0.0,1.0,0.11,0.0,-350.17110356680354,350.17110356680354,0.0,-350.17110356680354,350.17110356680354,0.0,-47958.18184105434,47958.18184105434,0.0,0.0,33954.2609765625,33954.2609765625,0.0,12864.21031471693,27668.47338634238,14804.26307162545,0.0,0.0,0.0,48758.52404818795,48758.52404818795,48758.52404818795,0.0,0.0,100.0,0.0,48658.52404818795,-12964.210314716933,1,-0.0,-100.0
3854,0.0,0.0,-0.0,0.0,100.0,-0.0,-0.0,1.0,0.285115813,0.0,0.0,100.0,0.0,1.0,0.08,0.0,-299.43214272937945,299.43214272937945,0.0,-299.43214272937945,299.43214272937945,0.0,-49486.89431985077,49486.89431985077,0.0,0.0,27896.34216796875,27896.34216796875,0.0,1979.234544885603,24268.650982226383,22289.41643734078,0.0,0.0,0.0,50185.75860530953,50185.75860530953,50185.75860530953,0.0,0.0,100.0,0.0,50085.75860530953,-2079.2345448856067,1,-0.0,-100.0
3855,15649.962408213458,0.0,-156499.62408213457,0.0,100.0,45.0,-0.0,1.0,0.303109205,30.310920499999998,0.0,0.0,100.0,1.0,0.08,-8.0,-334.0632726838029,334.0632726838029,0.0,-334.0632726838029,334.0632726838029,0.0,-52771.08086647257,52771.08086647257,0.0,0.0,18959.042197265622,18959.042197265622,0.0,0.0,18685.20280636109,18685.20280636109,0.0,-156507.62408213457,-156507.62408213457,53439.207411840165,53439.20741184017,53294.207411840165,0.0,145.0,0.0,0.0,53439.20741184017,15794.962408213461,1,45.0,100.0
3856,24610.818244133938,0.0,-246108.18244133936,0.0,50.0,36.0,-0.0,0.5,0.2968030889999999,29.68030889999999,0.0,0.0,100.0,1.0,0.08,-8.0,-325.2292155333459,325.2292155333459,0.0,-325.2292155333459,325.2292155333459,0.0,-49933.392836912186,49933.392836912186,0.0,0.0,12901.123388671876,12901.123388671876,0.0,0.0,12935.90963517306,12935.90963517306,0.0,-246116.18244133936,-246116.18244133936,50583.85126797888,50583.85126797888,50447.85126797888,0.0,136.0,0.0,0.0,50583.85126797888,24746.818244133938,1,36.0,100.0
3857,2696.567063417663,0.0,-26965.670634176633,0.0,10.0,0.0,-0.0,0.1,0.291415789,29.1415789,0.0,0.0,100.0,1.0,0.11,-11.0,-305.0630551150677,305.0630551150677,0.0,-305.0630551150677,305.0630551150677,0.0,-17936.4434018472,17936.4434018472,0.0,0.0,7927.646835937499,7927.646835937499,0.0,0.0,7822.355612722172,7822.355612722172,0.0,-26976.670634176633,-26976.670634176633,18546.569512077334,18546.569512077334,18446.569512077334,0.0,100.0,0.0,0.0,18546.569512077334,2796.567063417664,1,0.0,100.0
3858,11652.427765257718,0.0,-116524.27765257718,0.0,10.0,0.0,-0.0,0.1,0.291048488,29.1048488,0.0,0.0,100.0,1.0,0.11,-11.0,-273.56856354894256,273.56856354894256,0.0,-273.56856354894256,273.56856354894256,0.0,-16458.542697044086,16458.542697044086,0.0,0.0,2655.013798828125,2655.013798828125,0.0,0.0,2598.238260056128,2598.238260056128,0.0,-116535.27765257718,-116535.27765257718,17005.67982414197,17005.67982414197,16905.67982414197,0.0,100.0,0.0,0.0,17005.67982414197,11752.427765257718,1,0.0,100.0
3859,19339.957129461072,0.0,-193399.57129461074,0.0,10.0,0.0,-0.0,0.1,0.288926122,28.892612200000002,0.0,0.0,100.0,1.0,0.11,-11.0,-268.44056573656206,268.44056573656206,0.0,-268.44056573656206,268.44056573656206,0.0,-19041.28016075689,19041.28016075689,0.0,0.0,0.0,0.0,0.0,0.0,138.20416276894295,138.20416276894295,0.0,-193410.57129461074,-193410.57129461074,19578.161292230016,19578.161292230016,19478.161292230016,0.0,100.0,0.0,0.0,19578.161292230016,19439.957129461072,1,0.0,100.0
3860,18450.05416653164,0.0,-184500.5416653164,0.0,10.0,0.0,-0.0,0.1,0.292453868,29.245386800000002,0.0,0.0,100.0,1.0,0.11,-11.0,-235.0355689195665,235.0355689195665,0.0,-235.0355689195665,235.0355689195665,0.0,-18079.98302869251,18079.98302869251,0.0,0.0,0.0,0.0,0.0,0.0,0.0,0.0,0.0,-184511.5416653164,-184511.5416653164,18550.05416653164,18550.05416653164,18450.05416653164,0.0,100.0,0.0,0.0,18550.05416653164,18550.05416653164,1,0.0,100.0
3861,16970.25022233307,0.0,-169702.5022233307,0.0,10.0,0.0,-0.0,0.1,0.281166202,28.116620199999996,0.0,0.0,100.0,1.0,0.11,-11.0,-234.1400830271245,234.1400830271245,0.0,-234.1400830271245,234.1400830271245,0.0,-16601.97005627882,16601.97005627882,0.0,0.0,0.0,0.0,0.0,0.0,0.0,0.0,0.0,-169713.5022233307,-169713.5022233307,17070.25022233307,17070.25022233307,16970.25022233307,0.0,100.0,0.0,0.0,17070.25022233307,17070.25022233307,1,0.0,100.0
3862,15498.00594704131,0.0,-154980.0594704131,0.0,10.0,0.0,-0.0,0.1,0.285069519,28.5069519,0.0,0.0,100.0,1.0,0.11,-11.0,-236.9683159207073,236.9683159207073,0.0,-236.9683159207073,236.9683159207073,0.0,-15124.069315199897,15124.069315199897,0.0,0.0,0.0,0.0,0.0,0.0,0.0,0.0,0.0,-154991.0594704131,-154991.0594704131,15598.00594704131,15598.00594704131,15498.00594704131,0.0,100.0,0.0,0.0,15598.00594704131,15598.00594704131,1,0.0,100.0
3863,14753.185229855215,0.0,-147531.85229855214,0.0,10.0,0.0,-0.0,0.1,0.285126592,28.5126592,0.0,0.0,100.0,1.0,0.11,-11.0,-234.03314259739204,234.03314259739204,0.0,-234.03314259739204,234.03314259739204,0.0,-14385.118944660431,14385.118944660431,0.0,0.0,0.0,0.0,0.0,0.0,0.0,0.0,0.0,-147542.85229855214,-147542.85229855214,14853.185229855215,14853.185229855215,14753.185229855215,0.0,100.0,0.0,0.0,14853.185229855215,14853.185229855215,1,0.0,100.0
3864,14752.734992622576,0.0,-147527.34992622575,0.0,10.0,0.0,-0.0,0.1,0.281925305,28.1925305,0.0,0.0,100.0,1.0,0.08,-8.0,-233.82213225126785,233.82213225126785,0.0,-233.82213225126785,233.82213225126785,0.0,-14385.09072812004,14385.09072812004,0.0,0.0,0.0,0.0,0.0,0.0,0.0,0.0,0.0,-147535.34992622575,-147535.34992622575,14852.734992622576,14852.734992622576,14752.734992622576,0.0,100.0,0.0,0.0,14852.734992622576,14852.734992622576,1,0.0,100.0
3865,14752.710870984145,0.0,-147527.10870984144,0.0,10.0,0.0,-0.0,0.1,0.282259367,28.2259367,0.0,0.0,100.0,1.0,0.08,-8.0,-233.81007445503863,233.81007445503863,0.0,-233.81007445503863,233.81007445503863,0.0,-14385.090722074068,14385.090722074068,0.0,0.0,0.0,0.0,0.0,0.0,0.0,0.0,0.0,-147535.10870984144,-147535.10870984144,14852.710870984145,14852.710870984145,14752.710870984145,0.0,100.0,0.0,0.0,14852.710870984145,14852.710870984145,1,0.0,100.0
3866,14752.71160612276,0.0,-147527.1160612276,0.0,10.0,0.0,-0.0,0.1,0.281891779,28.1891779,0.0,0.0,100.0,1.0,0.08,-8.0,-233.81043295539288,233.81043295539288,0.0,-233.81043295539288,233.81043295539288,0.0,-14385.090740211976,14385.090740211976,0.0,0.0,0.0,0.0,0.0,0.0,0.0,0.0,0.0,-147535.1160612276,-147535.1160612276,14852.71160612276,14852.71160612276,14752.71160612276,0.0,100.0,0.0,0.0,14852.71160612276,14852.71160612276,1,0.0,100.0
3867,15493.968302287803,0.0,-154939.68302287805,0.0,10.0,0.0,-0.0,0.1,0.297646513,29.7646513,0.0,0.0,100.0,1.0,0.08,-8.0,-234.9635897222116,234.9635897222116,0.0,-234.9635897222116,234.9635897222116,0.0,-15124.04112284338,15124.04112284338,0.0,0.0,0.0,0.0,0.0,0.0,0.0,0.0,0.0,-154947.68302287805,-154947.68302287805,15593.968302287803,15593.968302287803,15493.968302287803,0.0,100.0,0.0,0.0,15593.968302287803,15593.968302287803,1,0.0,100.0
3868,14052.44625613681,0.0,-140524.4625613681,0.0,10.0,0.0,-0.0,0.1,0.281323047,28.1323047,0.0,0.0,100.0,1.0,0.08,-8.0,-234.8544279124828,234.8544279124828,0.0,-234.8544279124828,234.8544279124828,0.0,-14019.288445233718,14019.288445233718,0.0,0.0,336.551044921875,336.551044921875,0.0,0.0,0.0,0.0,0.0,-140532.4625613681,-140532.4625613681,14488.997301058684,14488.997301058684,14388.997301058684,0.0,100.0,0.0,0.0,14488.997301058684,14152.44625613681,1,0.0,100.0
3869,11372.657699537,0.0,-113726.57699537,0.0,10.0,0.0,-0.0,0.1,0.260432623,26.0432623,0.0,0.0,100.0,1.0,0.11,-11.0,-210.92953379280112,210.92953379280112,0.0,-210.92953379280112,210.92953379280112,0.0,-16458.458367859297,16458.458367859297,0.0,0.0,3776.850615234375,3776.850615234375,0.0,0.0,1630.8091206735269,1630.8091206735269,0.0,-113737.57699537,-113737.57699537,16880.3174354449,16880.3174354449,16780.3174354449,0.0,100.0,0.0,0.0,16880.3174354449,11472.657699536998,1,0.0,100.0
3870,4359.895204090298,0.0,-43598.95204090298,0.0,10.0,0.0,-0.0,0.1,0.248590405,24.8590405,0.0,0.0,100.0,1.0,0.11,-11.0,-198.6171201766912,198.6171201766912,0.0,-198.6171201766912,198.6171201766912,0.0,-17936.359121030164,17936.359121030164,0.0,0.0,7516.306669921874,7516.306669921874,0.0,0.0,6357.391487371376,6357.391487371376,0.0,-43609.95204090298,-43609.95204090298,18333.593361383548,18333.593361383548,18233.593361383548,0.0,100.0,0.0,0.0,18333.593361383548,4459.895204090299,1,0.0,100.0
3871,0.0,0.0,-0.0,55.55555555555556,10.0,0.0,-0.0,0.1,0.237955366,0.0,0.0,100.0,0.0,1.0,0.11,0.0,-219.9120624339894,219.9120624339894,0.0,-219.9120624339894,219.9120624339894,0.0,-17936.359127076135,17936.359127076135,0.0,0.0,11293.15728515625,11293.15728515625,0.0,5227.433959415235,12466.015481758655,7238.58152234342,0.0,0.0,0.0,18531.73880749967,18531.73880749967,18531.73880749967,0.0,0.0,155.55555555555475,0.0,18376.183251944116,-5382.989514970788,1,-55.55555555555556,-100.0
3872,3.637978807091713e-12,0.0,-3.637978807091713e-11,0.0,60.0,0.0,-0.0,0.6,0.23403756,8.998535983531207,0.0,0.0,38.44911040574516,1.0,0.11,-4.229402144631967,-272.06427079000025,272.06427079000025,0.0,-272.06427079000025,272.06427079000025,0.0,-36598.77497166098,36598.77497166098,0.0,0.0,18585.096591796875,18585.096591796875,0.0,0.0,18519.35781103836,18519.35781103836,0.0,-4.229402144668347,-4.229402144668347,37142.90351324098,37142.903513240984,37104.45440283523,0.0,38.44911040574516,0.0,0.0,37142.903513240984,38.44911040574516,1,0.0,38.44911040574516
3873,0.0,0.0,-0.0,44.44444444444444,60.0,0.0,-0.0,0.6,0.2331024689999999,0.0,0.0,100.0,0.0,1.0,0.11,0.0,-317.7484891029455,317.7484891029455,0.0,-317.7484891029455,317.7484891029455,0.0,-42437.427042381314,42437.427042381314,0.0,0.0,21501.872314453125,21501.872314453125,0.0,1336.9581992811618,23052.454349859687,21715.496150578525,0.0,0.0,0.0,43217.36846503165,43217.36846503165,43217.36846503165,0.0,0.0,144.44444444444525,0.0,43072.924020587205,-1481.4026437256107,1,-44.44444444444444,-100.0
3874,0.0,0.0,-0.0,0.0,100.0,-0.0,-0.0,1.0,0.229181975,0.0,0.0,100.0,0.0,1.0,0.11,0.0,-316.204296191829,316.204296191829,0.0,-316.204296191829,316.204296191829,0.0,-28471.85932293624,28471.85932293624,0.0,0.0,24119.491552734373,24119.491552734373,0.0,21782.112879696986,26866.889242282512,5084.776362585526,0.0,0.0,0.0,29204.2679153199,29204.2679153199,29204.2679153199,0.0,0.0,100.0,0.0,29104.2679153199,-21882.112879696986,1,-0.0,-100.0
3875,0.0,0.0,-0.0,0.0,100.0,-0.0,-0.0,1.0,0.248670691,0.0,0.0,100.0,0.0,1.0,0.11,0.0,-293.6382903008471,293.6382903008471,0.0,-293.6382903008471,293.6382903008471,0.0,-38611.18550684962,38611.18550684962,0.0,0.0,15443.953505859374,15443.953505859374,0.0,5168.365599886078,29022.874181478022,23854.508581591945,0.0,0.0,0.0,39298.46208745132,39298.46208745132,39298.46208745132,0.0,0.0,100.0,0.0,39198.46208745132,-5268.365599886078,1,-0.0,-100.0
3876,0.0,0.0,-0.0,0.0,100.0,-0.0,-0.0,1.0,0.250346848,0.0,0.0,100.0,0.0,1.0,0.11,0.0,-201.4151724702465,201.4151724702465,0.0,-201.4151724702465,201.4151724702465,0.0,-31960.338077892386,31960.338077892386,0.0,0.0,13237.67443359375,13237.67443359375,0.0,10073.788517776782,29299.28250701591,19225.493989239127,0.0,0.0,0.0,32463.168422832874,32463.168422832878,32463.168422832874,0.0,0.0,100.0,0.0,32363.168422832878,-10173.788517776778,1,-0.0,-100.0
3877,0.0,0.0,-0.0,0.0,100.0,-0.0,-0.0,1.0,0.255383051,0.0,0.0,100.0,0.0,1.0,0.11,0.0,-237.36326623781565,237.36326623781565,0.0,-237.36326623781565,237.36326623781565,0.0,-41499.95200417091,41499.95200417091,0.0,0.0,14396.905810546874,14396.905810546874,0.0,45.98232535029092,27723.75505144996,27677.77272609967,0.0,0.0,0.0,42074.67853664654,42074.67853664654,42074.67853664654,0.0,0.0,100.0,0.0,41974.67853664654,-145.98232535029092,1,-0.0,-100.0
3878,16706.265928764067,0.0,-167062.65928764068,0.0,100.0,45.0,-0.0,1.0,0.26720752,26.720751999999997,0.0,0.0,100.0,1.0,0.08,-8.0,-309.4284997027841,309.4284997027841,0.0,-309.4284997027841,309.4284997027841,0.0,-50847.9791036507,50847.9791036507,0.0,0.0,10208.715029296874,10208.715029296874,0.0,0.0,24406.855144995327,24406.855144995327,0.0,-167070.65928764068,-167070.65928764068,51466.83610305627,51466.83610305627,51321.83610305627,0.0,145.0,0.0,0.0,51466.83610305627,16851.265928764064,1,45.0,100.0
3879,18671.356963008995,0.0,-186713.56963008994,0.0,50.0,36.0,-0.0,0.5,0.271840755,27.1840755,0.0,0.0,100.0,1.0,0.08,-8.0,-302.409880061668,302.409880061668,0.0,-302.409880061668,302.409880061668,0.0,-47839.51681464497,47839.51681464497,0.0,0.0,9984.347666015625,9984.347666015625,0.0,0.0,19652.631945743688,19652.631945743688,0.0,-186721.56963008994,-186721.56963008994,48444.33657476831,48444.336574768306,48308.33657476831,0.0,136.0,0.0,0.0,48444.336574768306,18807.35696300899,1,36.0,100.0
3880,7868.674847305447,0.0,-78686.74847305447,0.0,10.0,0.0,-0.0,0.1,0.286175069,28.617506900000002,0.0,0.0,100.0,1.0,0.08,-8.0,-288.04582737104647,288.04582737104647,0.0,-288.04582737104647,288.04582737104647,0.0,-28786.239775352835,28786.239775352835,0.0,0.0,6992.782822265624,6992.782822265624,0.0,0.0,14400.873760523857,14400.873760523857,0.0,-78694.74847305447,-78694.74847305447,29362.331430094928,29362.331430094928,29262.331430094928,0.0,100.0,0.0,0.0,29362.331430094928,7968.674847305447,1,0.0,100.0
3881,7031.983486230492,0.0,-70319.83486230492,0.0,10.0,0.0,-0.0,0.1,0.305106028,30.510602799999997,0.0,0.0,100.0,1.0,0.11,-11.0,-277.9242268260477,277.9242268260477,0.0,-277.9242268260477,277.9242268260477,0.0,-17936.359114984196,17936.359114984196,0.0,0.0,3178.537646484375,3178.537646484375,0.0,0.0,8181.686435921423,8181.686435921423,0.0,-70330.83486230492,-70330.83486230492,18492.20756863629,18492.20756863629,18392.20756863629,0.0,100.0,0.0,0.0,18492.20756863629,7131.983486230492,1,0.0,100.0
3882,12528.492882869268,0.0,-125284.92882869267,0.0,10.0,0.0,-0.0,0.1,0.311184674,31.1184674,0.0,0.0,100.0,1.0,0.11,-11.0,-223.08346665356177,223.08346665356177,0.0,-223.08346665356177,223.08346665356177,0.0,-16458.458379951237,16458.458379951237,0.0,0.0,1346.2041796875,1346.2041796875,0.0,0.0,2929.9282507015905,2929.9282507015905,0.0,-125295.92882869267,-125295.92882869267,16904.62531325836,16904.62531325836,16804.62531325836,0.0,100.0,0.0,0.0,16904.62531325836,12628.492882869268,1,0.0,100.0
3883,19269.030064083647,0.0,-192690.30064083647,0.0,10.0,0.0,-0.0,0.1,0.3048656939999999,30.48656939999999,0.0,0.0,100.0,1.0,0.11,-11.0,-260.6600211250791,260.6600211250791,0.0,-260.6600211250791,260.6600211250791,0.0,-19041.19584971001,19041.19584971001,0.0,0.0,0.0,0.0,0.0,0.0,193.4858278765201,193.4858278765201,0.0,-192701.30064083647,-192701.30064083647,19562.515891960167,19562.515891960167,19462.515891960167,0.0,100.0,0.0,0.0,19562.515891960167,19369.030064083647,1,0.0,100.0
3884,18449.951017857486,0.0,-184499.51017857486,0.0,10.0,0.0,-0.0,0.1,0.300429188,30.042918800000002,0.0,0.0,100.0,1.0,0.11,-11.0,-235.0121869390026,235.0121869390026,0.0,-235.0121869390026,235.0121869390026,0.0,-18079.92664397948,18079.92664397948,0.0,0.0,0.0,0.0,0.0,0.0,0.0,0.0,0.0,-184510.51017857486,-184510.51017857486,18549.951017857486,18549.951017857486,18449.951017857486,0.0,100.0,0.0,0.0,18549.951017857486,18549.951017857486,1,0.0,100.0
3885,16970.11597169703,0.0,-169701.1597169703,0.0,10.0,0.0,-0.0,0.1,0.2938607789999999,29.38607789999999,0.0,0.0,100.0,1.0,0.11,-11.0,-234.08705388736152,234.08705388736152,0.0,-234.08705388736152,234.08705388736152,0.0,-16601.941863922304,16601.941863922304,0.0,0.0,0.0,0.0,0.0,0.0,0.0,0.0,0.0,-169712.1597169703,-169712.1597169703,17070.11597169703,17070.11597169703,16970.11597169703,0.0,100.0,0.0,0.0,17070.11597169703,17070.11597169703,1,0.0,100.0
3886,15497.837723810422,0.0,-154978.37723810424,0.0,10.0,0.0,-0.0,0.1,0.287273399,28.727339899999997,0.0,0.0,100.0,1.0,0.11,-11.0,-236.89830048352127,236.89830048352127,0.0,-236.89830048352127,236.89830048352127,0.0,-15124.04112284338,15124.04112284338,0.0,0.0,0.0,0.0,0.0,0.0,0.0,0.0,0.0,-154989.37723810424,-154989.37723810424,15597.837723810422,15597.837723810422,15497.837723810422,0.0,100.0,0.0,0.0,15597.837723810422,15597.837723810422,1,0.0,100.0
3887,14752.987572670077,0.0,-147529.87572670076,0.0,10.0,0.0,-0.0,0.1,0.283632399,28.363239899999996,0.0,0.0,100.0,1.0,0.11,-11.0,-233.9484132060649,233.9484132060649,0.0,-233.9484132060649,233.9484132060649,0.0,-14385.090746257947,14385.090746257947,0.0,0.0,0.0,0.0,0.0,0.0,0.0,0.0,0.0,-147540.87572670076,-147540.87572670076,14852.987572670077,14852.987572670077,14752.987572670077,0.0,100.0,0.0,0.0,14852.987572670077,14852.987572670077,1,0.0,100.0
3888,17765.891269063068,0.0,-177658.91269063068,0.0,10.0,0.0,-0.0,0.1,0.282447635,28.244763499999998,0.0,0.0,100.0,1.0,0.08,-8.0,-233.7087276852455,233.7087276852455,0.0,-233.7087276852455,233.7087276852455,0.0,-17398.473813692577,17398.473813692577,0.0,0.0,0.0,0.0,0.0,0.0,0.0,0.0,0.0,-177666.91269063068,-177666.91269063068,17865.891269063068,17865.891269063068,17765.891269063068,0.0,100.0,0.0,0.0,17865.891269063068,17865.891269063068,1,0.0,100.0
3889,17765.79859948305,0.0,-177657.9859948305,0.0,10.0,0.0,-0.0,0.1,0.263889237,26.3889237,0.0,0.0,100.0,1.0,0.08,-8.0,-233.66239289523503,233.66239289523503,0.0,-233.66239289523503,233.66239289523503,0.0,-17398.473813692577,17398.473813692577,0.0,0.0,0.0,0.0,0.0,0.0,0.0,0.0,0.0,-177665.9859948305,-177665.9859948305,17865.79859948305,17865.79859948305,17765.79859948305,0.0,100.0,0.0,0.0,17865.79859948305,17865.79859948305,1,0.0,100.0
3890,17765.763749382433,0.0,-177657.63749382432,0.0,10.0,0.0,-0.0,0.1,0.260286416,26.0286416,0.0,0.0,100.0,1.0,0.08,-8.0,-233.64496784492744,233.64496784492744,0.0,-233.64496784492744,233.64496784492744,0.0,-17398.473813692577,17398.473813692577,0.0,0.0,0.0,0.0,0.0,0.0,0.0,0.0,0.0,-177665.63749382432,-177665.63749382432,17865.763749382433,17865.763749382433,17765.763749382433,0.0,100.0,0.0,0.0,17865.763749382433,17865.763749382433,1,0.0,100.0
3891,18506.983692692334,0.0,-185069.83692692334,0.0,10.0,0.0,-0.0,0.1,0.2555802239999999,25.55802239999999,0.0,0.0,100.0,1.0,0.08,-8.0,-234.7797542301473,234.7797542301473,0.0,-234.7797542301473,234.7797542301473,0.0,-18137.42418423204,18137.42418423204,0.0,0.0,0.0,0.0,0.0,0.0,0.0,0.0,0.0,-185077.83692692334,-185077.83692692334,18606.983692692334,18606.983692692334,18506.983692692334,0.0,100.0,0.0,0.0,18606.983692692334,18606.983692692334,1,0.0,100.0
3892,18684.41188296388,0.0,-186844.11882963878,0.0,10.0,0.0,-0.0,0.1,0.243051109,24.3051109,0.0,0.0,100.0,1.0,0.08,-8.0,-234.7151223234913,234.7151223234913,0.0,-234.7151223234913,234.7151223234913,0.0,-18539.349001598148,18539.349001598148,0.0,0.0,224.36736328125,224.36736328125,0.0,0.0,0.0,0.0,0.0,-186852.11882963878,-186852.11882963878,19008.77924624513,19008.77924624513,18908.77924624513,0.0,100.0,0.0,0.0,19008.77924624513,18784.41188296388,1,0.0,100.0
3893,22485.606147929404,0.0,-224856.06147929403,0.0,10.0,0.0,-0.0,0.1,0.216806752,21.6806752,0.0,0.0,100.0,1.0,0.11,-11.0,-489.1051455192268,489.1051455192268,0.0,-489.1051455192268,489.1051455192268,0.0,-24560.00902754913,24560.00902754913,0.0,0.0,1570.57154296875,1570.57154296875,0.0,0.0,1382.0416276894296,1382.0416276894296,0.0,-224867.06147929403,-224867.06147929403,25538.219318587584,25538.219318587584,25438.219318587584,0.0,100.0,0.0,0.0,25538.219318587584,22585.606147929404,1,0.0,100.0
3894,27590.229109534972,0.0,-275902.2910953497,0.0,10.0,0.0,-0.0,0.1,0.196075346,19.6075346,0.0,0.0,100.0,1.0,0.11,-11.0,-795.866283881133,795.866283881133,0.0,-795.866283881133,795.866283881133,0.0,-34792.17464873051,34792.17464873051,0.0,0.0,3552.483251953125,3552.483251953125,0.0,0.0,5141.194855004678,5141.194855004678,0.0,-275913.2910953497,-275913.2910953497,36383.90721649278,36383.90721649278,36283.90721649278,0.0,100.0,0.0,0.0,36383.90721649278,27690.229109534976,1,0.0,100.0
3895,54057.04258248831,0.0,-540570.4258248832,0.0,10.0,0.0,-0.0,0.1,0.187581701,18.758170099999997,0.0,0.0,100.0,1.0,0.11,-11.0,-1230.8359675024014,1230.8359675024014,0.0,-1230.8359675024014,1230.8359675024014,0.0,-67972.26412441142,67972.26412441142,0.0,0.0,6132.7079296875,6132.7079296875,0.0,0.0,10144.185547240411,10144.185547240411,0.0,-540581.4258248832,-540581.4258248832,70433.93605941623,70433.93605941623,70333.93605941623,0.0,100.0,0.0,0.0,70433.93605941623,54157.04258248831,1,0.0,100.0
3896,44653.90014316555,0.0,-446539.0014316555,0.0,10.0,0.0,-0.0,0.1,0.182005652,18.2005652,0.0,0.0,100.0,1.0,0.11,-11.0,-1291.3614019753973,1291.3614019753973,0.0,-1291.3614019753973,1291.3614019753973,0.0,-67696.24916448224,67696.24916448224,0.0,0.0,8525.9598046875,8525.9598046875,0.0,0.0,16999.112020579985,16999.112020579985,0.0,-446550.0014316555,-446550.0014316555,70278.97196843303,70278.97196843303,70178.97196843303,0.0,100.0,0.0,0.0,70278.97196843303,44753.90014316555,1,0.0,100.0
3897,34422.88152461287,0.0,-344228.8152461287,0.0,10.0,0.0,-0.0,0.1,0.18522769,18.522769,0.0,0.0,100.0,1.0,0.11,-11.0,-1361.8472520457697,1361.8472520457697,0.0,-1361.8472520457697,1361.8472520457697,0.0,-64668.49207020817,64668.49207020817,0.0,0.0,10507.871513671877,10507.871513671877,0.0,0.0,22361.43353601497,22361.43353601497,0.0,-344239.8152461287,-344239.8152461287,67392.18657429972,67392.18657429972,67292.18657429972,0.0,100.0,0.0,0.0,67392.18657429972,34522.88152461287,1,0.0,100.0
3898,31801.33799338095,0.0,-318013.3799338095,0.0,10.0,0.0,-0.0,0.1,0.1960982869999999,19.60982869999999,0.0,0.0,100.0,1.0,0.11,-11.0,-1442.8710560100792,1442.8710560100792,0.0,-1442.8710560100792,1442.8710560100792,0.0,-65949.6604289995,65949.6604289995,0.0,0.0,11891.47025390625,11891.47025390625,0.0,0.0,25042.594293732465,25042.594293732465,0.0,-318024.3799338095,-318024.3799338095,68835.40254101966,68835.40254101966,68735.40254101966,0.0,100.0,0.0,0.0,68835.40254101966,31901.33799338095,1,0.0,100.0
3899,16206.362230141593,0.0,-162063.62230141592,0.0,10.0,0.0,-0.0,0.1,0.216018558,21.6018558,0.0,0.0,100.0,1.0,0.11,-11.0,-1465.795612214412,1465.795612214412,0.0,-1465.795612214412,1465.795612214412,0.0,-62481.70166483308,62481.70166483308,0.0,0.0,21576.66143554688,21576.66143554688,0.0,0.0,27530.26922357344,27530.26922357344,0.0,-162074.62230141592,-162074.62230141592,65413.29288926191,65413.29288926191,65313.29288926191,0.0,100.0,0.0,0.0,65413.29288926191,16306.362230141589,1,0.0,100.0
3900,27036.171340340767,0.0,-270361.71340340766,0.0,10.0,0.0,-0.0,0.1,0.22247557,22.247557,0.0,0.0,100.0,1.0,0.11,-11.0,-1453.4556170421597,1453.4556170421597,0.0,-1453.4556170421597,1453.4556170421597,0.0,-64611.85245909607,64611.85245909607,0.0,0.0,13349.858115234374,13349.858115234374,0.0,0.0,27032.734237605244,27032.734237605244,0.0,-270372.71340340766,-270372.71340340766,67518.76369318039,67518.76369318039,67418.76369318039,0.0,100.0,0.0,0.0,67518.76369318039,27136.17134034077,1,0.0,100.0
3901,29443.03052636849,0.0,-294430.3052636849,0.0,10.0,0.0,-0.0,0.1,0.214535751,21.4535751,0.0,0.0,100.0,1.0,0.11,-11.0,-1466.0916490703291,1466.0916490703291,0.0,-1466.0916490703291,1466.0916490703291,0.0,-64629.41727060645,64629.41727060645,0.0,0.0,11704.497451171874,11704.497451171874,0.0,0.0,26314.07259120674,26314.07259120674,0.0,-294441.3052636849,-294441.3052636849,67561.6005687471,67561.6005687471,67461.6005687471,0.0,100.0,0.0,0.0,67561.6005687471,29543.030526368493,1,0.0,100.0
3902,23315.81682316958,0.0,-233158.16823169583,0.0,10.0,0.0,-0.0,0.1,0.2135942589999999,21.35942589999999,0.0,0.0,100.0,1.0,0.08,-8.0,-1453.534825620083,1453.534825620083,0.0,-1453.534825620083,1453.534825620083,0.0,-61801.55045321596,61801.55045321596,0.0,0.0,19594.7497265625,19594.7497265625,0.0,0.0,21698.053554724043,21698.053554724043,0.0,-233166.16823169583,-233166.16823169583,64708.620104456124,64708.620104456124,64608.620104456124,0.0,100.0,0.0,0.0,64708.620104456124,23415.81682316958,1,0.0,100.0
3903,32952.648506929436,0.0,-329526.48506929434,0.0,10.0,0.0,-0.0,0.1,0.2175809389999999,21.758093899999988,0.0,0.0,100.0,1.0,0.08,-8.0,-1439.2351975519489,1439.2351975519489,0.0,-1439.2351975519489,1439.2351975519489,0.0,-61280.66670880943,61280.66670880943,0.0,0.0,16677.97400390625,16677.97400390625,0.0,0.0,14428.514593077643,14428.514593077643,0.0,-329534.48506929434,-329534.48506929434,64159.13710391333,64159.13710391333,64059.13710391333,0.0,100.0,0.0,0.0,64159.13710391333,33052.648506929436,1,0.0,100.0
3904,35453.37482085173,0.0,-354533.74820851727,0.0,10.0,0.0,-0.0,0.1,0.219120388,21.9120388,0.0,0.0,100.0,1.0,0.08,-8.0,-1205.2926980117418,1205.2926980117418,0.0,-1205.2926980117418,1205.2926980117418,0.0,-54324.91497797919,54324.91497797919,0.0,0.0,10208.715029296874,10208.715029296874,0.0,0.0,10973.41052385407,10973.41052385407,0.0,-354541.74820851727,-354541.74820851727,56735.50037400267,56735.50037400267,56635.50037400267,0.0,100.0,0.0,0.0,56735.50037400267,35553.37482085173,1,0.0,100.0
3905,37014.281090377954,0.0,-370142.8109037795,0.0,10.0,0.0,-0.0,0.1,0.227649982,22.7649982,0.0,0.0,100.0,1.0,0.11,-11.0,-1169.014696510772,1169.014696510772,0.0,-1169.014696510772,1169.014696510772,0.0,-42266.759222231805,42266.759222231805,0.0,0.0,3178.537646484375,3178.537646484375,0.0,0.0,4311.96987839102,4311.96987839102,0.0,-370153.8109037795,-370153.8109037795,44604.78861525335,44604.78861525335,44504.78861525335,0.0,100.0,0.0,0.0,44604.78861525335,37114.281090377954,1,0.0,100.0
3906,38994.094781859996,0.0,-389940.9478186,0.0,10.0,0.0,-0.0,0.1,0.236471966,23.6471966,0.0,0.0,100.0,1.0,0.11,-11.0,-1082.2556446327756,1082.2556446327756,0.0,-1082.2556446327756,1082.2556446327756,0.0,-40789.45146381097,40789.45146381097,0.0,0.0,1869.72802734375,1869.72802734375,0.0,0.0,1990.1399438727783,1990.1399438727783,0.0,-389951.9478186,-389951.9478186,42953.96275307653,42953.96275307652,42853.96275307653,0.0,100.0,0.0,0.0,42953.96275307652,39094.094781859996,1,0.0,100.0
3907,36161.55340631213,0.0,-361615.5340631213,0.0,10.0,0.0,-0.0,0.1,0.242092615,24.2092615,0.0,0.0,100.0,1.0,0.11,-11.0,-1033.0473018947343,1033.0473018947343,0.0,-1033.0473018947343,1033.0473018947343,0.0,-34333.6629652916,34333.6629652916,0.0,0.0,0.0,0.0,0.0,0.0,138.20416276894295,138.20416276894295,0.0,-361626.5340631213,-361626.5340631213,36399.75756908107,36399.75756908107,36299.75756908107,0.0,100.0,0.0,0.0,36399.75756908107,36261.55340631213,1,0.0,100.0
3908,33742.968381792976,0.0,-337429.68381792976,0.0,10.0,0.0,-0.0,0.1,0.24083149,24.083149000000002,0.0,0.0,100.0,1.0,0.11,-11.0,-234.9965060213709,234.9965060213709,0.0,-234.9965060213709,234.9965060213709,0.0,-33372.97536975023,33372.97536975023,0.0,0.0,0.0,0.0,0.0,0.0,0.0,0.0,0.0,-337440.68381792976,-337440.68381792976,33842.968381792976,33842.968381792976,33742.968381792976,0.0,100.0,0.0,0.0,33842.968381792976,33842.968381792976,1,0.0,100.0
3909,21490.099774169943,0.0,-214900.99774169942,0.0,10.0,0.0,-0.0,0.1,0.24058474,24.058474,0.0,0.0,100.0,1.0,0.11,-11.0,-234.04861648190592,234.04861648190592,0.0,-234.04861648190592,234.04861648190592,0.0,-21122.00254120613,21122.00254120613,0.0,0.0,0.0,0.0,0.0,0.0,0.0,0.0,0.0,-214911.99774169942,-214911.99774169942,21590.099774169943,21590.099774169943,21490.099774169943,0.0,100.0,0.0,0.0,21590.099774169943,21590.099774169943,1,0.0,100.0
3910,18511.275470059845,0.0,-185112.75470059845,0.0,10.0,0.0,-0.0,0.1,0.239708665,23.9708665,0.0,0.0,100.0,1.0,0.11,-11.0,-236.92564291390224,236.92564291390224,0.0,-236.92564291390224,236.92564291390224,0.0,-18137.42418423204,18137.42418423204,0.0,0.0,0.0,0.0,0.0,0.0,0.0,0.0,0.0,-185123.75470059845,-185123.75470059845,18611.275470059845,18611.275470059845,18511.275470059845,0.0,100.0,0.0,0.0,18611.275470059845,18611.275470059845,1,0.0,100.0
3911,17766.38524648364,0.0,-177663.85246483638,0.0,10.0,0.0,-0.0,0.1,0.243143418,24.3143418,0.0,0.0,100.0,1.0,0.11,-11.0,-233.9557163955297,233.9557163955297,0.0,-233.9557163955297,233.9557163955297,0.0,-17398.473813692577,17398.473813692577,0.0,0.0,0.0,0.0,0.0,0.0,0.0,0.0,0.0,-177674.85246483638,-177674.85246483638,17866.38524648364,17866.38524648364,17766.38524648364,0.0,100.0,0.0,0.0,17866.38524648364,17866.38524648364,1,0.0,100.0
3912,17766.27698770818,0.0,-177662.7698770818,0.0,10.0,0.0,-0.0,0.1,0.243445526,24.3445526,0.0,0.0,100.0,1.0,0.08,-8.0,-233.9016776973461,233.9016776973461,0.0,-233.9016776973461,233.9016776973461,0.0,-17398.47363231349,17398.47363231349,0.0,0.0,0.0,0.0,0.0,0.0,0.0,0.0,0.0,-177670.7698770818,-177670.7698770818,17866.27698770818,17866.27698770818,17766.27698770818,0.0,100.0,0.0,0.0,17866.27698770818,17866.27698770818,1,0.0,100.0
3913,17766.207054531933,0.0,-177662.07054531932,0.0,10.0,0.0,-0.0,0.1,0.24347017,24.347017,0.0,0.0,100.0,1.0,0.08,-8.0,-233.86671110922097,233.86671110922097,0.0,-233.86671110922097,233.86671110922097,0.0,-17398.47363231349,17398.47363231349,0.0,0.0,0.0,0.0,0.0,0.0,0.0,0.0,0.0,-177670.07054531932,-177670.07054531932,17866.207054531933,17866.207054531933,17766.207054531933,0.0,100.0,0.0,0.0,17866.207054531933,17866.207054531933,1,0.0,100.0
3914,17765.750887705894,0.0,-177657.50887705892,0.0,10.0,0.0,-0.0,0.1,0.235905718,23.5905718,0.0,0.0,100.0,1.0,0.08,-8.0,-233.638624673218,233.638624673218,0.0,-233.638624673218,233.638624673218,0.0,-17398.473638359457,17398.473638359457,0.0,0.0,0.0,0.0,0.0,0.0,0.0,0.0,0.0,-177665.50887705892,-177665.50887705892,17865.750887705894,17865.750887705894,17765.750887705894,0.0,100.0,0.0,0.0,17865.750887705894,17865.750887705894,1,0.0,100.0
3915,18515.51332967768,0.0,-185155.1332967768,0.0,10.0,0.0,-0.0,0.1,0.219631215,21.9631215,0.0,0.0,100.0,1.0,0.08,-8.0,-239.0446603893805,239.0446603893805,0.0,-239.0446603893805,239.0446603893805,0.0,-18137.42400889892,18137.42400889892,0.0,0.0,0.0,0.0,0.0,0.0,0.0,0.0,0.0,-185163.1332967768,-185163.1332967768,18615.51332967768,18615.51332967768,18515.51332967768,0.0,100.0,0.0,0.0,18615.51332967768,18615.51332967768,1,0.0,100.0
3916,18654.05334757601,0.0,-186540.53347576008,0.0,10.0,0.0,-0.0,0.1,0.21660354,21.660354,0.0,0.0,100.0,1.0,0.08,-8.0,-238.23327396029728,238.23327396029728,0.0,-238.23327396029728,238.23327396029728,0.0,-18539.34872348354,18539.34872348354,0.0,0.0,261.76192382812496,261.76192382812496,0.0,0.0,0.0,0.0,0.0,-186548.53347576008,-186548.53347576008,19015.815271404135,19015.815271404135,18915.815271404135,0.0,100.0,0.0,0.0,19015.815271404135,18754.05334757601,1,0.0,100.0
3917,21495.202243172815,0.0,-214952.02243172814,0.0,10.0,0.0,-0.0,0.1,0.198294003,19.8294003,0.0,0.0,100.0,1.0,0.11,-11.0,-426.9492624812493,426.9492624812493,0.0,-426.9492624812493,426.9492624812493,0.0,-22981.768267612137,22981.768267612137,0.0,0.0,1383.5987402343749,1383.5987402343749,0.0,0.0,856.8658091674463,856.8658091674463,0.0,-214963.02243172814,-214963.02243172814,23835.666792574637,23835.666792574637,23735.666792574637,0.0,100.0,0.0,0.0,23835.666792574637,21595.202243172815,1,0.0,100.0
3918,21321.52160264577,0.0,-213215.21602645773,0.0,10.0,0.0,-0.0,0.1,0.1892164,18.92164,0.0,0.0,100.0,1.0,0.11,-11.0,-741.0415841312055,741.0415841312055,0.0,-741.0415841312055,741.0415841312055,0.0,-30218.17638881836,30218.17638881836,0.0,0.0,8039.830517578125,8039.830517578125,0.0,0.0,2238.907436856876,2238.907436856876,0.0,-213226.21602645773,-213226.21602645773,31700.25955708077,31700.25955708077,31600.25955708077,0.0,100.0,0.0,0.0,31700.25955708077,21421.52160264577,1,0.0,100.0
3919,54858.64816890063,0.0,-548586.4816890063,0.0,10.0,0.0,-0.0,0.1,0.180767252,18.0767252,0.0,0.0,100.0,1.0,0.11,-11.0,-1190.4212175262658,1190.4212175262658,0.0,-1190.4212175262658,1190.4212175262658,0.0,-63360.62331883371,63360.62331883371,0.0,0.0,7217.150185546875,7217.150185546875,0.0,0.0,3565.6673994387284,3565.6673994387284,0.0,-548597.4816890063,-548597.4816890063,65741.46575388624,65741.46575388624,65641.46575388624,0.0,100.0,0.0,0.0,65741.46575388624,54958.64816890063,1,0.0,100.0
3920,50265.15607829223,0.0,-502651.5607829223,0.0,10.0,0.0,-0.0,0.1,0.1751804689999999,17.51804689999999,0.0,0.0,100.0,1.0,0.11,-11.0,-1263.321441538881,1263.321441538881,0.0,-1263.321441538881,1263.321441538881,0.0,-66459.95314605748,66459.95314605748,0.0,0.0,7067.571943359375,7067.571943359375,0.0,0.0,11553.868007483632,11553.868007483632,0.0,-502662.5607829223,-502662.5607829223,68986.59602913524,68986.59602913524,68886.59602913524,0.0,100.0,0.0,0.0,68986.59602913524,50365.15607829223,1,0.0,100.0
3921,39165.205347372,0.0,-391652.05347372,0.0,10.0,0.0,-0.0,0.1,0.180529807,18.0529807,0.0,0.0,100.0,1.0,0.11,-11.0,-1326.15378269456,1326.15378269456,0.0,-1326.15378269456,1326.15378269456,0.0,-64565.47019826709,64565.47019826709,0.0,0.0,8825.1162890625,8825.1162890625,0.0,0.0,19127.456127221707,19127.456127221707,0.0,-391663.05347372,-391663.05347372,67217.77776365621,67217.77776365621,67117.77776365621,0.0,100.0,0.0,0.0,67217.77776365621,39265.205347372,1,0.0,100.0
3922,35711.67954371931,0.0,-357116.79543719307,0.0,10.0,0.0,-0.0,0.1,0.193758879,19.3758879,0.0,0.0,100.0,1.0,0.11,-11.0,-1383.458169310166,1383.458169310166,0.0,-1383.458169310166,1383.458169310166,0.0,-64515.79149340142,64515.79149340142,0.0,0.0,10021.7422265625,10021.7422265625,0.0,0.0,21449.286061739946,21449.286061739946,0.0,-357127.79543719307,-357127.79543719307,67282.70783202176,67282.70783202176,67182.70783202176,0.0,100.0,0.0,0.0,67282.70783202176,35811.67954371931,1,0.0,100.0
3923,32010.432723913436,0.0,-320104.32723913435,0.0,10.0,0.0,-0.0,0.1,0.2196229519999999,21.96229519999999,0.0,0.0,100.0,1.0,0.11,-11.0,-1452.3780138484267,1452.3780138484267,0.0,-1452.3780138484267,1452.3780138484267,0.0,-64094.382873755465,64094.382873755465,0.0,0.0,10620.0551953125,10620.0551953125,0.0,0.0,24268.650982226383,24268.650982226383,0.0,-320115.32723913435,-320115.32723913435,66999.13890145233,66999.13890145232,66899.13890145233,0.0,100.0,0.0,0.0,66999.13890145232,32110.43272391343,1,0.0,100.0
3924,16768.715553802587,0.0,-167687.15553802587,0.0,10.0,0.0,-0.0,0.1,0.213885887,21.3885887,0.0,0.0,100.0,1.0,0.11,-11.0,-1407.800501108463,1407.800501108463,0.0,-1407.800501108463,1407.800501108463,0.0,-70636.9259159321,70636.9259159321,0.0,0.0,37207.58774414063,37207.58774414063,0.0,0.0,19376.2236202058,19376.2236202058,0.0,-167698.15553802587,-167698.15553802587,73452.52691814901,73452.52691814901,73352.52691814901,0.0,100.0,0.0,0.0,73452.52691814901,16868.715553802584,1,0.0,100.0
3925,19662.720577820302,0.0,-196627.20577820303,0.0,10.0,0.0,-0.0,0.1,0.217145203,21.7145203,0.0,0.0,100.0,1.0,0.11,-11.0,-1389.2347786582832,1389.2347786582832,0.0,-1389.2347786582832,1389.2347786582832,0.0,-75938.85067597541,75938.85067597541,0.0,0.0,33580.31537109375,33580.31537109375,0.0,0.0,25374.284284377925,25374.284284377925,0.0,-196638.20577820303,-196638.20577820303,78717.32023329198,78717.32023329198,78617.32023329198,0.0,100.0,0.0,0.0,78717.32023329198,19762.720577820306,1,0.0,100.0
3926,32652.642213930598,0.0,-326526.42213930597,0.0,10.0,0.0,-0.0,0.1,0.216359621,21.6359621,0.0,0.0,100.0,1.0,0.08,-8.0,-1415.8463980334614,1415.8463980334614,0.0,-1415.8463980334614,1415.8463980334614,0.0,-82032.21801549617,82032.21801549617,0.0,0.0,29279.940908203123,29279.940908203123,0.0,0.0,22831.327689429378,22831.327689429378,0.0,-326534.42213930597,-326534.42213930597,84863.9108115631,84863.9108115631,84763.9108115631,0.0,100.0,0.0,0.0,84863.9108115631,32752.642213930594,1,0.0,100.0
3927,47188.79654866956,0.0,-471887.96548669564,0.0,10.0,0.0,-0.0,0.1,0.217870602,21.7870602,0.0,0.0,100.0,1.0,0.08,-8.0,-1391.1830017197103,1391.1830017197103,0.0,-1391.1830017197103,1391.1830017197103,0.0,-85548.62464602527,85548.62464602527,0.0,0.0,23932.51875,23932.51875,0.0,0.0,17109.67535079514,17109.67535079514,0.0,-471895.96548669564,-471895.96548669564,88330.9906494647,88330.9906494647,88230.9906494647,0.0,100.0,0.0,0.0,88330.9906494647,47288.79654866956,1,0.0,100.0
3928,46038.54537497736,0.0,-460385.45374977356,0.0,10.0,0.0,-0.0,0.1,0.225840679,22.584067899999997,0.0,0.0,100.0,1.0,0.08,-8.0,-1129.2255790261318,1129.2255790261318,0.0,-1129.2255790261318,1129.2255790261318,0.0,-72575.3489760275,72575.3489760275,0.0,0.0,16229.23927734375,16229.23927734375,0.0,0.0,12466.015481758655,12466.015481758655,0.0,-460393.45374977356,-460393.45374977356,74833.80013407976,74833.80013407976,74733.80013407976,0.0,100.0,0.0,0.0,74833.80013407976,46138.54537497736,1,0.0,100.0
3929,42694.06405329778,0.0,-426940.64053297776,0.0,10.0,0.0,-0.0,0.1,0.2366837,23.66837,0.0,0.0,100.0,1.0,0.11,-11.0,-1102.331309235086,1102.331309235086,0.0,-1102.331309235086,1102.331309235086,0.0,-56623.88234671225,56623.88234671225,0.0,0.0,9124.2727734375,9124.2727734375,0.0,0.0,6910.208138447148,6910.208138447148,0.0,-426951.64053297776,-426951.64053297776,58828.544965182424,58828.544965182424,58728.544965182424,0.0,100.0,0.0,0.0,58828.544965182424,42794.06405329778,1,0.0,100.0
3930,51767.73889186025,0.0,-517677.3889186025,0.0,10.0,0.0,-0.0,0.1,0.259100825,25.910082499999998,0.0,0.0,100.0,1.0,0.11,-11.0,-1063.4510504006755,1063.4510504006755,0.0,-1063.4510504006755,1063.4510504006755,0.0,-55034.72411334097,55034.72411334097,0.0,0.0,2916.77572265625,2916.77572265625,0.0,0.0,2377.111599625819,2377.111599625819,0.0,-517688.3889186025,-517688.3889186025,57161.62621414232,57161.62621414232,57061.62621414232,0.0,100.0,0.0,0.0,57161.62621414232,51867.73889186025,1,0.0,100.0
3931,59208.89944885208,0.0,-592088.9944885208,0.0,10.0,0.0,-0.0,0.1,0.258970525,25.8970525,0.0,0.0,100.0,1.0,0.11,-11.0,-1036.5731951391556,1036.5731951391556,0.0,-1036.5731951391556,1036.5731951391556,0.0,-57401.598053896494,57401.598053896494,0.0,0.0,0.0,0.0,0.0,0.0,165.84499532273156,165.84499532273156,0.0,-592099.9944885208,-592099.9944885208,59474.74444417481,59474.74444417481,59374.74444417481,0.0,100.0,0.0,0.0,59474.74444417481,59308.89944885208,1,0.0,100.0
3932,62147.625082011924,0.0,-621476.2508201193,0.0,10.0,0.0,-0.0,0.1,0.250968986,25.0968986,0.0,0.0,100.0,1.0,0.11,-11.0,-234.1502600772725,234.1502600772725,0.0,-234.1502600772725,234.1502600772725,0.0,-61779.32456185738,61779.32456185738,0.0,0.0,0.0,0.0,0.0,0.0,0.0,0.0,0.0,-621487.2508201193,-621487.2508201193,62247.625082011924,62247.625082011924,62147.625082011924,0.0,100.0,0.0,0.0,62247.625082011924,62247.625082011924,1,0.0,100.0
3933,21490.24404489712,0.0,-214902.4404489712,0.0,10.0,0.0,-0.0,0.1,0.249692274,24.969227399999998,0.0,0.0,100.0,1.0,0.11,-11.0,-234.12083346608543,234.12083346608543,0.0,-234.12083346608543,234.12083346608543,0.0,-21122.00237796495,21122.00237796495,0.0,0.0,0.0,0.0,0.0,0.0,0.0,0.0,0.0,-214913.4404489712,-214913.4404489712,21590.24404489712,21590.24404489712,21490.24404489712,0.0,100.0,0.0,0.0,21590.24404489712,21590.24404489712,1,0.0,100.0
3934,18511.54329039457,0.0,-185115.43290394568,0.0,10.0,0.0,-0.0,0.1,0.251850625,25.1850625,0.0,0.0,100.0,1.0,0.11,-11.0,-237.0596407478237,237.0596407478237,0.0,-237.0596407478237,237.0596407478237,0.0,-18137.42400889892,18137.42400889892,0.0,0.0,0.0,0.0,0.0,0.0,0.0,0.0,0.0,-185126.43290394568,-185126.43290394568,18611.54329039457,18611.54329039457,18511.54329039457,0.0,100.0,0.0,0.0,18611.54329039457,18611.54329039457,1,0.0,100.0
3935,17766.660245026433,0.0,-177666.60245026433,0.0,10.0,0.0,-0.0,0.1,0.249333658,24.9333658,0.0,0.0,100.0,1.0,0.11,-11.0,-234.0933033334882,234.0933033334882,0.0,-234.0933033334882,234.0933033334882,0.0,-17398.473638359457,17398.473638359457,0.0,0.0,0.0,0.0,0.0,0.0,0.0,0.0,0.0,-177677.60245026433,-177677.60245026433,17866.660245026433,17866.660245026433,17766.660245026433,0.0,100.0,0.0,0.0,17866.660245026433,17866.660245026433,1,0.0,100.0
3936,17766.583436539757,0.0,-177665.83436539758,0.0,10.0,0.0,-0.0,0.1,0.2475494919999999,24.75494919999999,0.0,0.0,100.0,1.0,0.08,-8.0,-234.0549897796956,234.0549897796956,0.0,-234.0549897796956,234.0549897796956,0.0,-17398.473456980366,17398.473456980366,0.0,0.0,0.0,0.0,0.0,0.0,0.0,0.0,0.0,-177673.83436539758,-177673.83436539758,17866.583436539757,17866.583436539757,17766.583436539757,0.0,100.0,0.0,0.0,17866.583436539757,17866.583436539757,1,0.0,100.0
3937,17766.42467251557,0.0,-177664.2467251557,0.0,10.0,0.0,-0.0,0.1,0.251756215,25.175621500000002,0.0,0.0,100.0,1.0,0.08,-8.0,-233.9756077676023,233.9756077676023,0.0,-233.9756077676023,233.9756077676023,0.0,-17398.473456980366,17398.473456980366,0.0,0.0,0.0,0.0,0.0,0.0,0.0,0.0,0.0,-177672.2467251557,-177672.2467251557,17866.42467251557,17866.42467251557,17766.42467251557,0.0,100.0,0.0,0.0,17866.42467251557,17866.42467251557,1,0.0,100.0
3938,17766.159548281586,0.0,-177661.59548281587,0.0,10.0,0.0,-0.0,0.1,0.242459884,24.245988399999998,0.0,0.0,100.0,1.0,0.08,-8.0,-233.8430456506108,233.8430456506108,0.0,-233.8430456506108,233.8430456506108,0.0,-17398.473456980366,17398.473456980366,0.0,0.0,0.0,0.0,0.0,0.0,0.0,0.0,0.0,-177669.59548281587,-177669.59548281587,17866.159548281586,17866.159548281586,17766.159548281586,0.0,100.0,0.0,0.0,17866.159548281586,17866.159548281586,1,0.0,100.0
3939,18507.3811042573,0.0,-185073.811042573,0.0,10.0,0.0,-0.0,0.1,0.2482699069999999,24.82699069999999,0.0,0.0,100.0,1.0,0.08,-8.0,-234.97863836873523,234.97863836873523,0.0,-234.97863836873523,234.97863836873523,0.0,-18137.42382751983,18137.42382751983,0.0,0.0,0.0,0.0,0.0,0.0,0.0,0.0,0.0,-185081.811042573,-185081.811042573,18607.3811042573,18607.3811042573,18507.3811042573,0.0,100.0,0.0,0.0,18607.3811042573,18607.3811042573,1,0.0,100.0
3940,18684.74467963606,0.0,-186847.4467963606,0.0,10.0,0.0,-0.0,0.1,0.2539284539999999,25.39284539999999,0.0,0.0,100.0,1.0,0.08,-8.0,-234.88179272821503,234.88179272821503,0.0,-234.88179272821503,234.88179272821503,0.0,-18539.34845746088,18539.34845746088,0.0,0.0,224.36736328125,224.36736328125,0.0,0.0,0.0,0.0,0.0,-186855.4467963606,-186855.4467963606,19009.11204291731,19009.11204291731,18909.11204291731,0.0,100.0,0.0,0.0,19009.11204291731,18784.74467963606,1,0.0,100.0
3941,26282.864135113465,0.0,-262828.64135113463,0.0,10.0,0.0,-0.0,0.1,0.23141409,23.141409,0.0,0.0,100.0,1.0,0.11,-11.0,-516.7869863616553,516.7869863616553,0.0,-516.7869863616553,516.7869863616553,0.0,-29514.796023683564,29514.796023683564,0.0,0.0,2617.61923828125,2617.61923828125,0.0,0.0,1547.8866230121612,1547.8866230121612,0.0,-262839.64135113463,-262839.64135113463,30548.369996406876,30548.369996406876,30448.369996406876,0.0,100.0,0.0,0.0,30548.369996406876,26382.864135113465,1,0.0,100.0
3942,25006.08225402811,0.0,-250060.8225402811,0.0,10.0,0.0,-0.0,0.1,0.210363271,21.036327099999998,0.0,0.0,100.0,1.0,0.11,-11.0,-815.8289643854483,815.8289643854483,0.0,-815.8289643854483,815.8289643854483,0.0,-37983.83001184734,37983.83001184734,0.0,0.0,8152.01419921875,8152.01419921875,0.0,0.0,6357.391487371376,6357.391487371376,0.0,-250071.8225402811,-250071.8225402811,39615.48794061824,39615.48794061824,39515.48794061824,0.0,100.0,0.0,0.0,39615.48794061824,25106.08225402811,1,0.0,100.0
3943,64142.77047144431,0.0,-641427.7047144431,0.0,10.0,0.0,-0.0,0.1,0.188901088,18.8901088,0.0,0.0,100.0,1.0,0.11,-11.0,-1226.7389595111852,1226.7389595111852,0.0,-1226.7389595111852,1226.7389595111852,0.0,-79279.14195886561,79279.14195886561,0.0,0.0,5908.34056640625,5908.34056640625,0.0,0.0,11581.50884003742,11581.50884003742,0.0,-641438.7047144431,-641438.7047144431,81732.61987788798,81732.61987788798,81632.61987788798,0.0,100.0,0.0,0.0,81732.61987788798,64242.77047144431,1,0.0,100.0
3944,56547.766951717465,0.0,-565477.6695171746,0.0,10.0,0.0,-0.0,0.1,0.178601015,17.8601015,0.0,0.0,100.0,1.0,0.11,-11.0,-1284.033172716877,1284.033172716877,0.0,-1284.033172716877,1284.033172716877,0.0,-86166.73925125529,86166.73925125529,0.0,0.0,14396.905810546874,14396.905810546874,0.0,0.0,17690.132834424698,17690.132834424698,0.0,-565488.6695171746,-565488.6695171746,88734.80559668904,88734.80559668904,88634.80559668904,0.0,100.0,0.0,0.0,88734.80559668904,56647.766951717465,1,0.0,100.0
3945,35287.6113057339,0.0,-352876.11305733904,0.0,10.0,0.0,-0.0,0.1,0.178365163,17.8365163,0.0,0.0,100.0,1.0,0.11,-11.0,-1346.368480830621,1346.368480830621,0.0,-1346.368480830621,1346.368480830621,0.0,-84411.03790938451,84411.03790938451,0.0,0.0,29354.73002929688,29354.73002929688,0.0,0.0,22361.43353601497,22361.43353601497,0.0,-352887.11305733904,-352887.11305733904,87103.77487104575,87103.77487104575,87003.77487104575,0.0,100.0,0.0,0.0,87103.77487104575,35387.6113057339,1,0.0,100.0
3946,20503.003037020124,0.0,-205030.03037020125,0.0,10.0,0.0,-0.0,0.1,0.190821858,19.0821858,0.0,0.0,100.0,1.0,0.11,-11.0,-1404.8474967022262,1404.8474967022262,0.0,-1404.8474967022262,1404.8474967022262,0.0,-78113.58771532075,78113.58771532075,0.0,0.0,35637.01620117187,35637.01620117187,0.0,0.0,24683.263470533213,24683.263470533213,0.0,-205041.03037020125,-205041.03037020125,80923.28270872521,80923.28270872521,80823.28270872521,0.0,100.0,0.0,0.0,80923.28270872521,20603.003037020128,1,0.0,100.0
3947,10988.168121642218,0.0,-109881.68121642218,0.0,10.0,0.0,-0.0,0.1,0.20241324,20.241324,0.0,0.0,100.0,1.0,0.11,-11.0,-1442.3606545200591,1442.3606545200591,0.0,-1442.3606545200591,1442.3606545200591,0.0,-69627.83429335404,69627.83429335404,0.0,0.0,33617.709931640624,33617.709931640624,0.0,0.0,27806.67754911132,27806.67754911132,0.0,-109892.68121642218,-109892.68121642218,72512.55560239416,72512.55560239416,72412.55560239416,0.0,100.0,0.0,0.0,72512.55560239416,11088.168121642215,1,0.0,100.0
3948,15125.143255626615,0.0,-151251.43255626614,0.0,10.0,0.0,-0.0,0.1,0.203226951,20.322695099999997,0.0,0.0,100.0,1.0,0.11,-11.0,-1426.4930949427703,1426.4930949427703,0.0,-1426.4930949427703,1426.4930949427703,0.0,-71380.5445126559,71380.5445126559,0.0,0.0,30925.301572265624,30925.301572265624,0.0,0.0,28083.08587464921,28083.08587464921,0.0,-151262.43255626614,-151262.43255626614,74233.53070254144,74233.53070254145,74133.53070254144,0.0,100.0,0.0,0.0,74233.53070254145,15225.143255626623,1,0.0,100.0
3949,12392.605385737217,0.0,-123926.05385737217,0.0,10.0,0.0,-0.0,0.1,0.2092560989999999,20.92560989999999,0.0,0.0,100.0,1.0,0.11,-11.0,-1434.3775098016802,1434.3775098016802,0.0,-1434.3775098016802,1434.3775098016802,0.0,-68466.29795940517,68466.29795940517,0.0,0.0,32832.424160156246,32832.424160156246,0.0,0.0,26010.023433115064,26010.023433115064,0.0,-123937.05385737217,-123937.05385737217,71335.05297900853,71335.05297900853,71235.05297900853,0.0,100.0,0.0,0.0,71335.05297900853,12492.605385737217,1,0.0,100.0
3950,17399.727896519624,0.0,-173997.27896519622,0.0,10.0,0.0,-0.0,0.1,0.20371375,20.371375,0.0,0.0,100.0,1.0,0.08,-8.0,-1431.7324504213914,1431.7324504213914,0.0,-1431.7324504213914,1431.7324504213914,0.0,-67222.31842044042,67222.31842044042,0.0,0.0,28980.784423828125,28980.784423828125,0.0,0.0,23605.271000935456,23605.271000935456,0.0,-174005.27896519622,-174005.27896519622,70085.7833212832,70085.7833212832,69985.7833212832,0.0,100.0,0.0,0.0,70085.7833212832,17499.727896519624,1,0.0,100.0
3951,31921.10382940584,0.0,-319211.0382940584,0.0,10.0,0.0,-0.0,0.1,0.203173763,20.3173763,0.0,0.0,100.0,1.0,0.08,-8.0,-1407.8740631384396,1407.8740631384396,0.0,-1407.8740631384396,1407.8740631384396,0.0,-70176.09624400208,70176.09624400208,0.0,0.0,22174.97440429688,22174.97440429688,0.0,0.0,18795.766136576243,18795.766136576243,0.0,-319219.0382940584,-319219.0382940584,72991.84437027897,72991.84437027897,72891.84437027897,0.0,100.0,0.0,0.0,72991.84437027897,32021.103829405838,1,0.0,100.0
3952,37967.43955059961,0.0,-379674.3955059961,0.0,10.0,0.0,-0.0,0.1,0.2037968889999999,20.37968889999999,0.0,0.0,100.0,1.0,0.08,-8.0,-1138.4471562725944,1138.4471562725944,0.0,-1138.4471562725944,1138.4471562725944,0.0,-61738.10997267425,61738.10997267425,0.0,0.0,13536.83091796875,13536.83091796875,0.0,0.0,12410.733816651078,12410.733816651078,0.0,-379682.3955059961,-379682.3955059961,64015.00428521943,64015.00428521944,63915.00428521943,0.0,100.0,0.0,0.0,64015.00428521944,38067.43955059961,1,0.0,100.0
3953,36606.91381649367,0.0,-366069.1381649367,0.0,10.0,0.0,-0.0,0.1,0.20199144,20.199144,0.0,0.0,100.0,1.0,0.11,-11.0,-1095.965749245447,1095.965749245447,0.0,-1095.965749245447,1095.965749245447,0.0,-48626.10550830183,48626.10550830183,0.0,0.0,6731.020898437499,6731.020898437499,0.0,0.0,7380.102291861554,7380.102291861554,0.0,-366080.1381649367,-366080.1381649367,50818.03700679272,50818.03700679272,50718.03700679272,0.0,100.0,0.0,0.0,50818.03700679272,36706.91381649367,1,0.0,100.0
3954,41565.68979677621,0.0,-415656.89796776214,0.0,10.0,0.0,-0.0,0.1,0.205823711,20.5823711,0.0,0.0,100.0,1.0,0.11,-11.0,-1041.387613051497,1041.387613051497,0.0,-1041.387613051497,1041.387613051497,0.0,-45039.40618542708,45039.40618542708,0.0,0.0,2692.408359375,2692.408359375,0.0,0.0,2764.083255378859,2764.083255378859,0.0,-415667.89796776214,-415667.89796776214,47122.18141153007,47122.18141153007,47022.18141153007,0.0,100.0,0.0,0.0,47122.18141153007,41665.68979677621,1,0.0,100.0
3955,37584.25033196558,0.0,-375842.5033196558,0.0,10.0,0.0,-0.0,0.1,0.2124730939999999,21.24730939999999,0.0,0.0,100.0,1.0,0.11,-11.0,-1009.271551286581,1009.271551286581,0.0,-1009.271551286581,1009.271551286581,0.0,-35859.19305726894,35859.19305726894,0.0,0.0,0.0,0.0,0.0,0.0,193.4858278765201,193.4858278765201,0.0,-375853.5033196558,-375853.5033196558,37877.7361598421,37877.7361598421,37777.7361598421,0.0,100.0,0.0,0.0,37877.7361598421,37684.25033196558,1,0.0,100.0
3956,36794.553584313035,0.0,-367945.5358431303,0.0,10.0,0.0,-0.0,0.1,0.215325039,21.5325039,0.0,0.0,100.0,1.0,0.11,-11.0,-235.0428507278828,235.0428507278828,0.0,-235.0428507278828,235.0428507278828,0.0,-36424.46788285727,36424.46788285727,0.0,0.0,0.0,0.0,0.0,0.0,0.0,0.0,0.0,-367956.5358431303,-367956.5358431303,36894.553584313035,36894.553584313035,36794.553584313035,0.0,100.0,0.0,0.0,36894.553584313035,36894.553584313035,1,0.0,100.0
3957,21490.30856822938,0.0,-214903.08568229378,0.0,10.0,0.0,-0.0,0.1,0.212352647,21.235264700000002,0.0,0.0,100.0,1.0,0.11,-11.0,-234.1531858217604,234.1531858217604,0.0,-234.1531858217604,234.1531858217604,0.0,-21122.002196585858,21122.002196585858,0.0,0.0,0.0,0.0,0.0,0.0,0.0,0.0,0.0,-214914.08568229378,-214914.08568229378,21590.30856822938,21590.30856822938,21490.30856822938,0.0,100.0,0.0,0.0,21590.30856822938,21590.30856822938,1,0.0,100.0
3958,18511.556747782204,0.0,-185115.56747782204,0.0,10.0,0.0,-0.0,0.1,0.216245291,21.6245291,0.0,0.0,100.0,1.0,0.11,-11.0,-237.06645710820104,237.06645710820104,0.0,-237.06645710820104,237.06645710820104,0.0,-18137.4238335658,18137.4238335658,0.0,0.0,0.0,0.0,0.0,0.0,0.0,0.0,0.0,-185126.56747782204,-185126.56747782204,18611.556747782204,18611.556747782204,18511.556747782204,0.0,100.0,0.0,0.0,18611.556747782204,18611.556747782204,1,0.0,100.0
3959,17766.616637760337,0.0,-177666.16637760337,0.0,10.0,0.0,-0.0,0.1,0.222183506,22.2183506,0.0,0.0,100.0,1.0,0.11,-11.0,-234.0715873670005,234.0715873670005,0.0,-234.0715873670005,234.0715873670005,0.0,-17398.473463026337,17398.473463026337,0.0,0.0,0.0,0.0,0.0,0.0,0.0,0.0,0.0,-177677.16637760337,-177677.16637760337,17866.616637760337,17866.616637760337,17766.616637760337,0.0,100.0,0.0,0.0,17866.616637760337,17866.616637760337,1,0.0,100.0
3960,17766.52771114159,0.0,-177665.2771114159,0.0,10.0,0.0,-0.0,0.1,0.226109864,22.610986399999998,0.0,0.0,100.0,1.0,0.08,-8.0,-234.02721474717143,234.02721474717143,0.0,-234.02721474717143,234.02721474717143,0.0,-17398.473281647246,17398.473281647246,0.0,0.0,0.0,0.0,0.0,0.0,0.0,0.0,0.0,-177673.2771114159,-177673.2771114159,17866.52771114159,17866.52771114159,17766.52771114159,0.0,100.0,0.0,0.0,17866.52771114159,17866.52771114159,1,0.0,100.0
3961,17766.187650040487,0.0,-177661.87650040488,0.0,10.0,0.0,-0.0,0.1,0.208654015,20.8654015,0.0,0.0,100.0,1.0,0.08,-8.0,-233.8571841966202,233.8571841966202,0.0,-233.8571841966202,233.8571841966202,0.0,-17398.473281647246,17398.473281647246,0.0,0.0,0.0,0.0,0.0,0.0,0.0,0.0,0.0,-177669.87650040488,-177669.87650040488,17866.187650040487,17866.187650040487,17766.187650040487,0.0,100.0,0.0,0.0,17866.187650040487,17866.187650040487,1,0.0,100.0
3962,17766.10585212597,0.0,-177661.0585212597,0.0,10.0,0.0,-0.0,0.1,0.20679505,20.679505000000002,0.0,0.0,100.0,1.0,0.08,-8.0,-233.8162852393624,233.8162852393624,0.0,-233.8162852393624,233.8162852393624,0.0,-17398.473281647246,17398.473281647246,0.0,0.0,0.0,0.0,0.0,0.0,0.0,0.0,0.0,-177669.0585212597,-177669.0585212597,17866.10585212597,17866.10585212597,17766.10585212597,0.0,100.0,0.0,0.0,17866.10585212597,17866.10585212597,1,0.0,100.0
3963,18507.353128828432,0.0,-185073.5312882843,0.0,10.0,0.0,-0.0,0.1,0.211509337,21.1509337,0.0,0.0,100.0,1.0,0.08,-8.0,-234.96473832086065,234.96473832086065,0.0,-234.96473832086065,234.96473832086065,0.0,-18137.42365218671,18137.42365218671,0.0,0.0,0.0,0.0,0.0,0.0,0.0,0.0,0.0,-185081.5312882843,-185081.5312882843,18607.353128828432,18607.353128828432,18507.353128828432,0.0,100.0,0.0,0.0,18607.353128828432,18607.353128828432,1,0.0,100.0
3964,18609.82047052956,0.0,-186098.20470529562,0.0,10.0,0.0,-0.0,0.1,0.205515262,20.5515262,0.0,0.0,100.0,1.0,0.08,-8.0,-234.8144059170509,234.8144059170509,0.0,-234.8144059170509,234.8144059170509,0.0,-18539.348143070456,18539.348143070456,0.0,0.0,299.156484375,299.156484375,0.0,0.0,0.0,0.0,0.0,-186106.20470529562,-186106.20470529562,19008.97695490456,19008.97695490456,18908.97695490456,0.0,100.0,0.0,0.0,19008.97695490456,18709.82047052956,1,0.0,100.0
3965,19117.52216605584,0.0,-191175.22166055843,0.0,10.0,0.0,-0.0,0.1,0.181788711,18.1788711,0.0,0.0,100.0,1.0,0.11,-11.0,-481.9542701684596,481.9542701684596,0.0,-481.9542701684596,481.9542701684596,0.0,-22822.29465702008,22822.29465702008,0.0,0.0,3739.4560546875,3739.4560546875,0.0,0.0,829.2249766136578,829.2249766136578,0.0,-191186.22166055843,-191186.22166055843,23786.203197356997,23786.203197357,23686.203197356997,0.0,100.0,0.0,0.0,23786.203197357,19217.522166055845,1,0.0,100.0
3966,21447.90825653444,0.0,-214479.0825653444,0.0,10.0,0.0,-0.0,0.1,0.161209454,16.1209454,0.0,0.0,100.0,1.0,0.11,-11.0,-799.8362543763635,799.8362543763635,0.0,-799.8362543763635,799.8362543763635,0.0,-30220.46067707457,30220.46067707457,0.0,0.0,8226.8033203125,8226.8033203125,0.0,0.0,2045.421608980356,2045.421608980356,0.0,-214490.0825653444,-214490.0825653444,31820.133185827297,31820.133185827297,31720.133185827297,0.0,100.0,0.0,0.0,31820.133185827297,21547.908256534443,1,0.0,100.0
3967,46656.901487220115,0.0,-466569.01487220114,0.0,10.0,0.0,-0.0,0.1,0.150417785,15.0417785,0.0,0.0,100.0,1.0,0.11,-11.0,-1228.161218870085,1228.161218870085,0.0,-1228.161218870085,1228.161218870085,0.0,-63362.20929759442,63362.20929759442,0.0,0.0,15855.293671875,15855.293671875,0.0,0.0,3206.3365762394765,3206.3365762394765,0.0,-466580.01487220114,-466580.01487220114,65818.53173533459,65818.53173533459,65718.53173533459,0.0,100.0,0.0,0.0,65818.53173533459,46756.90148722011,1,0.0,100.0
3968,34730.38245607619,0.0,-347303.8245607619,0.0,10.0,0.0,-0.0,0.1,0.141801622,14.180162199999998,0.0,0.0,100.0,1.0,0.11,-11.0,-1278.9291854322507,1278.9291854322507,0.0,-1278.9291854322507,1278.9291854322507,0.0,-61144.61848577223,61144.61848577223,0.0,0.0,24007.307871093748,24007.307871093748,0.0,0.0,4864.786529466792,4864.786529466792,0.0,-347314.8245607619,-347314.8245607619,63702.476856636735,63702.476856636735,63602.476856636735,0.0,100.0,0.0,0.0,63702.476856636735,34830.38245607619,1,0.0,100.0
3969,24370.534606475736,0.0,-243705.34606475735,0.0,10.0,0.0,-0.0,0.1,0.138253614,13.8253614,0.0,0.0,100.0,1.0,0.11,-11.0,-1362.1848695870349,1362.1848695870349,0.0,-1362.1848695870349,1362.1848695870349,0.0,-58188.29049034671,58188.29049034671,0.0,0.0,30140.01580078125,30140.01580078125,0.0,0.0,6302.109822263799,6302.109822263799,0.0,-243716.34606475735,-243716.34606475735,60912.660229520785,60912.660229520785,60812.660229520785,0.0,100.0,0.0,0.0,60912.660229520785,24470.534606475732,1,0.0,100.0
3970,12486.522303509697,0.0,-124865.22303509698,0.0,10.0,0.0,-0.0,0.1,0.142252125,14.225212500000001,0.0,0.0,100.0,1.0,0.11,-11.0,-1432.9828095298883,1432.9828095298883,0.0,-1432.9828095298883,1432.9828095298883,0.0,-63870.575768719325,63870.575768719325,0.0,0.0,32645.45135742188,32645.45135742188,0.0,0.0,21504.567726847523,21504.567726847523,0.0,-124876.22303509698,-124876.22303509698,66736.5413877791,66736.5413877791,66636.5413877791,0.0,100.0,0.0,0.0,66736.5413877791,12586.5223035097,1,0.0,100.0
3971,2756.7131352340184,0.0,-27567.131352340184,0.0,10.0,0.0,-0.0,0.1,0.148058953,14.8058953,0.0,0.0,100.0,1.0,0.11,-11.0,-1446.32679816627,1446.32679816627,0.0,-1446.32679816627,1446.32679816627,0.0,-61869.65201360587,61869.65201360587,0.0,0.0,35038.703232421874,35038.703232421874,0.0,0.0,26866.889242282512,26866.889242282512,0.0,-27578.131352340184,-27578.131352340184,64762.30560993841,64762.305609938405,64662.30560993841,0.0,100.0,0.0,0.0,64762.305609938405,2856.7131352340148,1,0.0,100.0
3972,7884.080993230131,0.0,-78840.80993230132,0.0,10.0,0.0,-0.0,0.1,0.164873837,16.4873837,0.0,0.0,100.0,1.0,0.11,-11.0,-1425.5152417110555,1425.5152417110555,0.0,-1425.5152417110555,1425.5152417110555,0.0,-64528.37799303563,64528.37799303563,0.0,0.0,31561.0091015625,31561.0091015625,0.0,0.0,27834.31838166511,27834.31838166511,0.0,-78851.80993230132,-78851.80993230132,67379.40847645774,67379.40847645774,67279.40847645774,0.0,100.0,0.0,0.0,67379.40847645774,7984.0809932301345,1,0.0,100.0
3973,16099.8621755629,0.0,-160998.621755629,0.0,10.0,0.0,-0.0,0.1,0.177546193,17.754619299999998,0.0,0.0,100.0,1.0,0.11,-11.0,-1455.684698854519,1455.684698854519,0.0,-1455.684698854519,1455.684698854519,0.0,-64562.5611195064,64562.5611195064,0.0,0.0,26176.1923828125,26176.1923828125,0.0,0.0,25097.875958840043,25097.875958840043,0.0,-161009.621755629,-161009.621755629,67473.93051721544,67473.93051721544,67373.93051721544,0.0,100.0,0.0,0.0,67473.93051721544,16199.8621755629,1,0.0,100.0
3974,19176.823422152294,0.0,-191768.23422152293,0.0,10.0,0.0,-0.0,0.1,0.177228907,17.7228907,0.0,0.0,100.0,1.0,0.08,-8.0,-1475.9476309370536,1475.9476309370536,0.0,-1475.9476309370536,1475.9476309370536,0.0,-61737.67774630339,61737.67774630339,0.0,0.0,22885.4710546875,22885.4710546875,0.0,0.0,22527.278531337703,22527.278531337703,0.0,-191776.23422152293,-191776.23422152293,64689.5730081775,64689.5730081775,64589.5730081775,0.0,100.0,0.0,0.0,64689.5730081775,19276.823422152294,1,0.0,100.0
3975,26752.174751937604,0.0,-267521.74751937605,0.0,10.0,0.0,-0.0,0.1,0.18138773,18.138773,0.0,0.0,100.0,1.0,0.08,-8.0,-1446.8074183523502,1446.8074183523502,0.0,-1446.8074183523502,1446.8074183523502,0.0,-61220.69431738299,61220.69431738299,0.0,0.0,19295.5932421875,19295.5932421875,0.0,0.0,17966.541159962584,17966.541159962584,0.0,-267529.74751937605,-267529.74751937605,64114.30915408769,64114.30915408769,64014.30915408769,0.0,100.0,0.0,0.0,64114.30915408769,26852.174751937608,1,0.0,100.0
3976,29412.370894120126,0.0,-294123.7089412013,0.0,10.0,0.0,-0.0,0.1,0.206014917,20.6014917,0.0,0.0,100.0,1.0,0.08,-8.0,-1183.1061416490911,1183.1061416490911,0.0,-1183.1061416490911,1183.1061416490911,0.0,-54319.57884748076,54319.57884748076,0.0,0.0,15481.34806640625,15481.34806640625,0.0,0.0,11692.072170252572,11692.072170252572,0.0,-294131.7089412013,-294131.7089412013,56685.79113077895,56685.79113077895,56585.79113077895,0.0,100.0,0.0,0.0,56685.79113077895,29512.370894120126,1,0.0,100.0
3977,33406.6645154124,0.0,-334066.645154124,0.0,10.0,0.0,-0.0,0.1,0.212566676,21.2566676,0.0,0.0,100.0,1.0,0.11,-11.0,-1132.1351520851788,1132.1351520851788,0.0,-1132.1351520851788,1132.1351520851788,0.0,-42267.52950295012,42267.52950295012,0.0,0.0,6132.7079296875,6132.7079296875,0.0,0.0,4892.42736202058,4892.42736202058,0.0,-334077.645154124,-334077.645154124,44531.79980712048,44531.79980712048,44431.79980712048,0.0,100.0,0.0,0.0,44531.79980712048,33506.6645154124,1,0.0,100.0
3978,38365.90557221279,0.0,-383659.0557221279,0.0,10.0,0.0,-0.0,0.1,0.214942613,21.4942613,0.0,0.0,100.0,1.0,0.11,-11.0,-1084.0316071860907,1084.0316071860907,0.0,-1084.0316071860907,1084.0316071860907,0.0,-40790.177155503065,40790.177155503065,0.0,0.0,2281.068193359375,2281.068193359375,0.0,0.0,2211.266604303087,2211.266604303087,0.0,-383670.0557221279,-383670.0557221279,42958.24036987525,42958.240369875246,42858.24036987525,0.0,100.0,0.0,0.0,42958.240369875246,38465.90557221278,1,0.0,100.0
3979,36138.418911892884,0.0,-361384.18911892886,0.0,10.0,0.0,-0.0,0.1,0.224484011,22.4484011,0.0,0.0,100.0,1.0,0.11,-11.0,-1034.5541050766751,1034.5541050766751,0.0,-1034.5541050766751,1034.5541050766751,0.0,-34335.15569706227,34335.15569706227,0.0,0.0,0.0,0.0,0.0,0.0,165.84499532273156,165.84499532273156,0.0,-361395.18911892886,-361395.18911892886,36404.263907215616,36404.263907215616,36304.263907215616,0.0,100.0,0.0,0.0,36404.263907215616,36238.418911892884,1,0.0,100.0
3980,33795.46784924173,0.0,-337954.6784924173,0.0,10.0,0.0,-0.0,0.1,0.228340753,22.834075300000002,0.0,0.0,100.0,1.0,0.11,-11.0,-260.2830956183248,260.2830956183248,0.0,-260.2830956183248,260.2830956183248,0.0,-33374.90165800508,33374.90165800508,0.0,0.0,0.0,0.0,0.0,0.0,0.0,0.0,0.0,-337965.6784924173,-337965.6784924173,33895.46784924173,33895.46784924173,33795.46784924173,0.0,100.0,0.0,0.0,33895.46784924173,33895.46784924173,1,0.0,100.0
3981,21496.497833289843,0.0,-214964.97833289843,0.0,10.0,0.0,-0.0,0.1,0.23062018,23.062018000000002,0.0,0.0,100.0,1.0,0.11,-11.0,-237.2479090415374,237.2479090415374,0.0,-237.2479090415374,237.2479090415374,0.0,-21122.002015206766,21122.002015206766,0.0,0.0,0.0,0.0,0.0,0.0,0.0,0.0,0.0,-214975.97833289843,-214975.97833289843,21596.497833289843,21596.497833289843,21496.497833289843,0.0,100.0,0.0,0.0,21596.497833289843,21596.497833289843,1,0.0,100.0
3982,18511.564003026007,0.0,-185115.64003026008,0.0,10.0,0.0,-0.0,0.1,0.227330508,22.733050799999997,0.0,0.0,100.0,1.0,0.11,-11.0,-237.0701754196486,237.0701754196486,0.0,-237.0701754196486,237.0701754196486,0.0,-18137.42365218671,18137.42365218671,0.0,0.0,0.0,0.0,0.0,0.0,0.0,0.0,0.0,-185126.64003026008,-185126.64003026008,18611.564003026007,18611.564003026007,18511.564003026007,0.0,100.0,0.0,0.0,18611.564003026007,18611.564003026007,1,0.0,100.0
3983,17766.7028143801,0.0,-177667.028143801,0.0,10.0,0.0,-0.0,0.1,0.2287708989999999,22.877089899999987,0.0,0.0,100.0,1.0,0.11,-11.0,-234.11476636642752,234.11476636642752,0.0,-234.11476636642752,234.11476636642752,0.0,-17398.473281647246,17398.473281647246,0.0,0.0,0.0,0.0,0.0,0.0,0.0,0.0,0.0,-177678.028143801,-177678.028143801,17866.7028143801,17866.7028143801,17766.7028143801,0.0,100.0,0.0,0.0,17866.7028143801,17866.7028143801,1,0.0,100.0
3984,17766.656486645286,0.0,-177666.56486645286,0.0,10.0,0.0,-0.0,0.1,0.231850342,23.185034199999997,0.0,0.0,100.0,1.0,0.08,-8.0,-234.09169016557755,234.09169016557755,0.0,-234.09169016557755,234.09169016557755,0.0,-17398.47310631413,17398.47310631413,0.0,0.0,0.0,0.0,0.0,0.0,0.0,0.0,0.0,-177674.56486645286,-177674.56486645286,17866.656486645286,17866.656486645286,17766.656486645286,0.0,100.0,0.0,0.0,17866.656486645286,17866.656486645286,1,0.0,100.0
3985,17766.54301659688,0.0,-177665.43016596878,0.0,10.0,0.0,-0.0,0.1,0.232422729,23.2422729,0.0,0.0,100.0,1.0,0.08,-8.0,-234.03495514137504,234.03495514137504,0.0,-234.03495514137504,234.03495514137504,0.0,-17398.47310631413,17398.47310631413,0.0,0.0,0.0,0.0,0.0,0.0,0.0,0.0,0.0,-177673.43016596878,-177673.43016596878,17866.54301659688,17866.54301659688,17766.54301659688,0.0,100.0,0.0,0.0,17866.54301659688,17866.54301659688,1,0.0,100.0
3986,17766.20409166742,0.0,-177662.0409166742,0.0,10.0,0.0,-0.0,0.1,0.237561933,23.7561933,0.0,0.0,100.0,1.0,0.08,-8.0,-233.86549267664432,233.86549267664432,0.0,-233.86549267664432,233.86549267664432,0.0,-17398.47310631413,17398.47310631413,0.0,0.0,0.0,0.0,0.0,0.0,0.0,0.0,0.0,-177670.0409166742,-177670.0409166742,17866.20409166742,17866.20409166742,17766.20409166742,0.0,100.0,0.0,0.0,17866.20409166742,17866.20409166742,1,0.0,100.0
3987,18516.758431967264,0.0,-185167.58431967263,0.0,10.0,0.0,-0.0,0.1,0.254910626,25.491062599999996,0.0,0.0,100.0,1.0,0.08,-8.0,-239.66747755684065,239.66747755684065,0.0,-239.66747755684065,239.66747755684065,0.0,-18137.423476853583,18137.423476853583,0.0,0.0,0.0,0.0,0.0,0.0,0.0,0.0,0.0,-185175.58431967263,-185175.58431967263,18616.758431967264,18616.758431967264,18516.758431967264,0.0,100.0,0.0,0.0,18616.758431967264,18616.758431967264,1,0.0,100.0
3988,18767.203301462934,0.0,-187672.03301462933,0.0,10.0,0.0,-0.0,0.1,0.249626928,24.9626928,0.0,0.0,100.0,1.0,0.08,-8.0,-238.71683934729245,238.71683934729245,0.0,-238.71683934729245,238.71683934729245,0.0,-18539.34786495585,18539.34786495585,0.0,0.0,149.5782421875,149.5782421875,0.0,0.0,0.0,0.0,0.0,-187680.03301462933,-187680.03301462933,19016.781543650435,19016.781543650435,18916.781543650435,0.0,100.0,0.0,0.0,19016.781543650435,18867.203301462934,1,0.0,100.0
3989,21938.85053435131,0.0,-219388.5053435131,0.0,10.0,0.0,-0.0,0.1,0.224633527,22.4633527,0.0,0.0,100.0,1.0,0.11,-11.0,-512.4271136761536,512.4271136761536,0.0,-512.4271136761536,512.4271136761536,0.0,-22789.459376703096,22789.459376703096,0.0,0.0,1084.4422558593749,1084.4422558593749,0.0,0.0,691.0208138447148,691.0208138447148,0.0,-219399.5053435131,-219399.5053435131,23814.313604055398,23814.3136040554,23714.313604055398,0.0,100.0,0.0,0.0,23814.3136040554,22038.850534351313,1,0.0,100.0
3990,28135.78559872961,0.0,-281357.8559872961,0.0,10.0,0.0,-0.0,0.1,0.203825722,20.3825722,0.0,0.0,100.0,1.0,0.11,-11.0,-824.7110169424026,824.7110169424026,0.0,-824.7110169424026,824.7110169424026,0.0,-30982.74981456161,30982.74981456161,0.0,0.0,2655.013798828125,2655.013798828125,0.0,0.0,1741.3724508886812,1741.3724508886812,0.0,-281368.8559872961,-281368.8559872961,32632.171848446415,32632.171848446415,32532.171848446415,0.0,100.0,0.0,0.0,32632.171848446415,28235.785598729606,1,0.0,100.0
3991,58375.58191798798,0.0,-583755.8191798799,0.0,10.0,0.0,-0.0,0.1,0.186021853,18.6021853,0.0,0.0,100.0,1.0,0.11,-11.0,-1232.5088181068331,1232.5088181068331,0.0,-1232.5088181068331,1232.5088181068331,0.0,-63870.09311896152,63870.09311896152,0.0,0.0,4487.347265625,4487.347265625,0.0,0.0,3372.1815715622083,3372.1815715622083,0.0,-583766.8191798799,-583766.8191798799,66335.11075517519,66335.11075517519,66235.11075517519,0.0,100.0,0.0,0.0,66335.11075517519,58475.58191798798,1,0.0,100.0
3992,46713.74447095313,0.0,-467137.44470953126,0.0,10.0,0.0,-0.0,0.1,0.167882552,16.7882552,0.0,0.0,100.0,1.0,0.11,-11.0,-1322.9821127378552,1322.9821127378552,0.0,-1322.9821127378552,1322.9821127378552,0.0,-61143.764673937134,61143.764673937134,0.0,0.0,7329.3338671875,7329.3338671875,0.0,0.0,9646.650561272218,9646.650561272218,0.0,-467148.44470953126,-467148.44470953126,63789.72889941285,63789.72889941285,63689.72889941285,0.0,100.0,0.0,0.0,63789.72889941285,46813.74447095313,1,0.0,100.0
3993,45571.06352033927,0.0,-455710.63520339265,0.0,10.0,0.0,-0.0,0.1,0.163119122,16.311912200000002,0.0,0.0,100.0,1.0,0.11,-11.0,-1407.713361421512,1407.713361421512,0.0,-1407.713361421512,1407.713361421512,0.0,-58187.72281611761,58187.72281611761,0.0,0.0,8974.69453125,8974.69453125,0.0,0.0,6357.391487371376,6357.391487371376,0.0,-455721.63520339265,-455721.63520339265,61003.14953896064,61003.149538960635,60903.14953896064,0.0,100.0,0.0,0.0,61003.149538960635,45671.06352033926,1,0.0,100.0
3994,43450.17832505708,0.0,-434501.7832505708,0.0,10.0,0.0,-0.0,0.1,0.164666974,16.4666974,0.0,0.0,100.0,1.0,0.11,-11.0,-1438.3015070617043,1438.3015070617043,0.0,-1438.3015070617043,1438.3015070617043,0.0,-58187.60351099835,58187.60351099835,0.0,0.0,10133.925908203124,10133.925908203124,0.0,0.0,7380.102291861554,7380.102291861554,0.0,-434512.7832505708,-434512.7832505708,61064.20652512176,61064.20652512176,60964.20652512176,0.0,100.0,0.0,0.0,61064.20652512176,43550.17832505708,1,0.0,100.0
3995,37444.84001181971,0.0,-374448.4001181971,0.0,10.0,0.0,-0.0,0.1,0.166834704,16.6834704,0.0,0.0,100.0,1.0,0.11,-11.0,-1471.1998088170624,1471.1998088170624,0.0,-1471.1998088170624,1471.1998088170624,0.0,-55174.72080196666,55174.72080196666,0.0,0.0,12639.361464843749,12639.361464843749,0.0,0.0,7932.918942937325,7932.918942937325,0.0,-374459.4001181971,-374459.4001181971,58117.12041960078,58117.12041960078,58017.12041960078,0.0,100.0,0.0,0.0,58117.12041960078,37544.84001181971,1,0.0,100.0
3996,27907.731961922247,0.0,-279077.3196192225,0.0,10.0,0.0,-0.0,0.1,0.181114645,18.1114645,0.0,0.0,100.0,1.0,0.11,-11.0,-1466.823096071152,1466.823096071152,0.0,-1466.823096071152,1466.823096071152,0.0,-63865.65054045676,63865.65054045676,0.0,0.0,30775.723330078123,30775.723330078123,0.0,0.0,8015.841440598691,8015.841440598691,0.0,-279088.3196192225,-279088.3196192225,66799.29673259906,66799.29673259906,66699.29673259906,0.0,100.0,0.0,0.0,66799.29673259906,28007.731961922247,1,0.0,100.0
3997,29279.502982246508,0.0,-292795.0298224651,0.0,10.0,0.0,-0.0,0.1,0.206352407,20.635240699999997,0.0,0.0,100.0,1.0,0.11,-11.0,-1482.4739298828028,1482.4739298828028,0.0,-1482.4739298828028,1482.4739298828028,0.0,-68296.84236826404,68296.84236826404,0.0,0.0,34253.4174609375,34253.4174609375,0.0,0.0,7628.869784845651,7628.869784845651,0.0,-292806.0298224651,-292806.0298224651,71261.79022802965,71261.79022802965,71161.79022802965,0.0,100.0,0.0,0.0,71261.79022802965,29379.502982246508,1,0.0,100.0
3998,35794.095681546445,0.0,-357940.9568154644,0.0,10.0,0.0,-0.0,0.1,0.220491476,22.049147599999998,0.0,0.0,100.0,1.0,0.08,-8.0,-1469.129191023341,1469.129191023341,0.0,-1469.129191023341,1469.129191023341,0.0,-69493.91147049046,69493.91147049046,0.0,0.0,29766.0701953125,29766.0701953125,0.0,0.0,6772.003975678205,6772.003975678205,0.0,-357948.9568154644,-357948.9568154644,72432.16985253715,72432.16985253715,72332.16985253715,0.0,100.0,0.0,0.0,72432.16985253715,35894.095681546445,1,0.0,100.0
3999,44814.83186090266,0.0,-448148.3186090266,0.0,10.0,0.0,-0.0,0.1,0.237518926,23.751892599999998,0.0,0.0,100.0,1.0,0.08,-8.0,-1460.1319095569995,1460.1319095569995,0.0,-1460.1319095569995,1460.1319095569995,0.0,-72544.61985156269,72544.61985156269,0.0,0.0,24082.0969921875,24082.0969921875,0.0,0.0,6467.95481758653,6467.95481758653,0.0,-448156.3186090266,-448156.3186090266,75464.88367067669,75464.88367067669,75364.88367067669,0.0,100.0,0.0,0.0,75464.88367067669,44914.83186090266,1,0.0,100.0
4000,44092.65066199653,0.0,-440926.5066199653,0.0,10.0,0.0,-0.0,0.1,0.280167388,28.016738800000002,0.0,0.0,100.0,1.0,0.08,-8.0,-1221.3943376505292,1221.3943376505292,0.0,-1221.3943376505292,1221.3943376505292,0.0,-62986.95301055136,62986.95301055136,0.0,0.0,16565.790322265624,16565.790322265624,0.0,0.0,4671.300701590272,4671.300701590272,0.0,-440934.5066199653,-440934.5066199653,65429.74168585242,65429.74168585242,65329.74168585242,0.0,100.0,0.0,0.0,65429.74168585242,44192.65066199652,1,0.0,100.0
4001,42709.78929759642,0.0,-427097.89297596423,0.0,10.0,0.0,-0.0,0.1,0.288050994,28.8050994,0.0,0.0,100.0,1.0,0.11,-11.0,-1168.9139737274147,1168.9139737274147,0.0,-1168.9139737274147,1168.9139737274147,0.0,-48593.34696947771,48593.34696947771,0.0,0.0,2841.9866015625,2841.9866015625,0.0,0.0,5279.399017773621,5279.399017773621,0.0,-427108.89297596423,-427108.89297596423,50931.17491693254,50931.17491693254,50831.17491693254,0.0,100.0,0.0,0.0,50931.17491693254,42809.78929759642,1,0.0,100.0
4002,44636.701380671744,0.0,-446367.01380671747,0.0,10.0,0.0,-0.0,0.1,0.298144245,29.814424499999998,0.0,0.0,100.0,1.0,0.11,-11.0,-1120.9756222601277,1120.9756222601277,0.0,-1120.9756222601277,1120.9756222601277,0.0,-45016.51568480787,45016.51568480787,0.0,0.0,1084.4422558593749,1084.4422558593749,0.0,0.0,1437.3232927970068,1437.3232927970068,0.0,-446378.01380671747,-446378.01380671747,47258.466929328126,47258.466929328126,47158.466929328126,0.0,100.0,0.0,0.0,47258.466929328126,44736.701380671744,1,0.0,100.0
4003,41474.46133329109,0.0,-414744.61333291087,0.0,10.0,0.0,-0.0,0.1,0.307273245,30.727324499999998,0.0,0.0,100.0,1.0,0.11,-11.0,-1074.7319188715433,1074.7319188715433,0.0,-1074.7319188715433,1074.7319188715433,0.0,-39563.20165831694,39563.20165831694,0.0,0.0,0.0,0.0,0.0,0.0,138.20416276894295,138.20416276894295,0.0,-414755.61333291087,-414755.61333291087,41712.66549606003,41712.66549606003,41612.66549606003,0.0,100.0,0.0,0.0,41712.66549606003,41574.46133329109,1,0.0,100.0
4004,41166.80852219562,0.0,-411668.0852219562,0.0,10.0,0.0,-0.0,0.1,0.31454942,31.454942000000003,0.0,0.0,100.0,1.0,0.11,-11.0,-236.1857214885636,236.1857214885636,0.0,-236.1857214885636,236.1857214885636,0.0,-40794.43707921849,40794.43707921849,0.0,0.0,0.0,0.0,0.0,0.0,0.0,0.0,0.0,-411679.0852219562,-411679.0852219562,41266.80852219562,41266.80852219562,41166.80852219562,0.0,100.0,0.0,0.0,41266.80852219562,41266.80852219562,1,0.0,100.0
4005,21496.691525684873,0.0,-214966.91525684873,0.0,10.0,0.0,-0.0,0.1,0.327045238,32.704523800000004,0.0,0.0,100.0,1.0,0.11,-11.0,-237.3448489515836,237.3448489515836,0.0,-237.3448489515836,237.3448489515836,0.0,-21122.001827781707,21122.001827781707,0.0,0.0,0.0,0.0,0.0,0.0,0.0,0.0,0.0,-214977.91525684873,-214977.91525684873,21596.691525684873,21596.691525684873,21496.691525684873,0.0,100.0,0.0,0.0,21596.691525684873,21596.691525684873,1,0.0,100.0
4006,18564.026284402138,0.0,-185640.26284402137,0.0,10.0,0.0,-0.0,0.1,0.322574344,32.2574344,0.0,0.0,100.0,1.0,0.11,-11.0,-263.3014067972558,263.3014067972558,0.0,-263.3014067972558,263.3014067972558,0.0,-18137.423470807626,18137.423470807626,0.0,0.0,0.0,0.0,0.0,0.0,0.0,0.0,0.0,-185651.26284402137,-185651.26284402137,18664.026284402138,18664.026284402138,18564.026284402138,0.0,100.0,0.0,0.0,18664.026284402138,18664.026284402138,1,0.0,100.0
4007,17766.793524221786,0.0,-177667.93524221785,0.0,10.0,0.0,-0.0,0.1,0.321619807,32.1619807,0.0,0.0,100.0,1.0,0.11,-11.0,-234.1602119768128,234.1602119768128,0.0,-234.1602119768128,234.1602119768128,0.0,-17398.473100268162,17398.473100268162,0.0,0.0,0.0,0.0,0.0,0.0,0.0,0.0,0.0,-177678.93524221785,-177678.93524221785,17866.793524221786,17866.793524221786,17766.793524221786,0.0,100.0,0.0,0.0,17866.793524221786,17866.793524221786,1,0.0,100.0
4008,14753.404174274083,0.0,-147534.04174274084,0.0,10.0,0.0,-0.0,0.1,0.325341487,32.534148699999996,0.0,0.0,100.0,1.0,0.08,-8.0,-234.1432435876708,234.1432435876708,0.0,-234.1432435876708,234.1432435876708,0.0,-14385.117687098742,14385.117687098742,0.0,0.0,0.0,0.0,0.0,0.0,0.0,0.0,0.0,-147542.04174274084,-147542.04174274084,14853.404174274083,14853.404174274083,14753.404174274083,0.0,100.0,0.0,0.0,14853.404174274083,14853.404174274083,1,0.0,100.0
4009,14753.4011375652,0.0,-147534.01137565201,0.0,10.0,0.0,-0.0,0.1,0.3487149879999999,34.87149879999999,0.0,0.0,100.0,1.0,0.08,-8.0,-234.14172523322915,234.14172523322915,0.0,-234.14172523322915,234.14172523322915,0.0,-14385.117687098742,14385.117687098742,0.0,0.0,0.0,0.0,0.0,0.0,0.0,0.0,0.0,-147542.01137565201,-147542.01137565201,14853.4011375652,14853.4011375652,14753.4011375652,0.0,100.0,0.0,0.0,14853.4011375652,14853.4011375652,1,0.0,100.0
4010,14753.373666262143,0.0,-147533.73666262144,0.0,10.0,0.0,-0.0,0.1,0.353735245,35.373524499999995,0.0,0.0,100.0,1.0,0.08,-8.0,-234.1279895817005,234.1279895817005,0.0,-234.1279895817005,234.1279895817005,0.0,-14385.117687098742,14385.117687098742,0.0,0.0,0.0,0.0,0.0,0.0,0.0,0.0,0.0,-147541.73666262144,-147541.73666262144,14853.373666262143,14853.373666262143,14753.373666262143,0.0,100.0,0.0,0.0,14853.373666262143,14853.373666262143,1,0.0,100.0
4011,15494.304670671674,0.0,-154943.04670671673,0.0,10.0,0.0,-0.0,0.1,0.363254471,36.325447100000005,0.0,0.0,100.0,1.0,0.08,-8.0,-235.11830651673347,235.11830651673347,0.0,-235.11830651673347,235.11830651673347,0.0,-15124.068057638207,15124.068057638207,0.0,0.0,0.0,0.0,0.0,0.0,0.0,0.0,0.0,-154951.04670671673,-154951.04670671673,15594.304670671674,15594.304670671674,15494.304670671674,0.0,100.0,0.0,0.0,15594.304670671674,15594.304670671674,1,0.0,100.0
4012,14239.703816109371,0.0,-142397.03816109372,0.0,10.0,0.0,-0.0,0.1,0.3438770229999999,34.38770229999999,0.0,0.0,100.0,1.0,0.08,-8.0,-234.9836656165253,234.9836656165253,0.0,-234.9836656165253,234.9836656165253,0.0,-14019.31472706382,14019.31472706382,0.0,0.0,149.5782421875,149.5782421875,0.0,0.0,0.0,0.0,0.0,-142405.03816109372,-142405.03816109372,14489.28205829687,14489.28205829687,14389.28205829687,0.0,100.0,0.0,0.0,14489.28205829687,14339.703816109371,1,0.0,100.0
4013,34300.98543450194,0.0,-343009.85434501944,0.0,10.0,0.0,-0.0,0.1,0.316705637,31.6705637,0.0,0.0,100.0,1.0,0.11,-11.0,-211.0115626739316,211.0115626739316,0.0,-211.0115626739316,211.0115626739316,0.0,-36625.90597029511,36625.90597029511,0.0,0.0,1458.387861328125,1458.387861328125,0.0,0.0,1188.5557998129095,1188.5557998129095,0.0,-343020.85434501944,-343020.85434501944,37047.929095642976,37047.929095642976,36947.929095642976,0.0,100.0,0.0,0.0,37047.929095642976,34400.98543450194,1,0.0,100.0
4014,34886.14078074736,0.0,-348861.40780747356,0.0,10.0,0.0,-0.0,0.1,0.292811073,29.2811073,0.0,0.0,100.0,1.0,0.11,-11.0,-198.7021868127493,198.7021868127493,0.0,-198.7021868127493,198.7021868127493,0.0,-43664.52511555629,43664.52511555629,0.0,0.0,3215.93220703125,3215.93220703125,0.0,0.0,5859.856501403181,5859.856501403181,0.0,-348872.40780747356,-348872.40780747356,44061.92948918179,44061.929489181784,43961.92948918179,0.0,100.0,0.0,0.0,44061.929489181784,34986.14078074735,1,0.0,100.0
4015,52479.47166768962,0.0,-524794.7166768962,0.0,10.0,0.0,-0.0,0.1,0.277886996,27.7886996,0.0,0.0,100.0,1.0,0.11,-11.0,-219.6206988862617,219.6206988862617,0.0,-219.6206988862617,219.6206988862617,0.0,-67035.17697747637,67035.17697747637,0.0,0.0,4225.585341796875,4225.585341796875,0.0,0.0,10669.361365762396,10669.361365762396,0.0,-524805.7166768962,-524805.7166768962,67474.41837524889,67474.41837524889,67374.41837524889,0.0,100.0,0.0,0.0,67474.41837524889,52579.47166768962,1,0.0,100.0
4016,43427.188772295136,0.0,-434271.88772295136,0.0,10.0,0.0,-0.0,0.1,0.270309858,27.0309858,0.0,0.0,100.0,1.0,0.11,-11.0,-304.9894057613005,304.9894057613005,0.0,-304.9894057613005,304.9894057613005,0.0,-67011.53475726569,67011.53475726569,0.0,0.0,7067.571943359375,7067.571943359375,0.0,0.0,17026.752853133774,17026.752853133774,0.0,-434282.88772295136,-434282.88772295136,67621.51356878829,67621.51356878829,67521.51356878829,0.0,100.0,0.0,0.0,67621.51356878829,43527.188772295136,1,0.0,100.0
4017,36653.10485775612,0.0,-366531.0485775612,0.0,10.0,0.0,-0.0,0.1,0.26885695,26.885695,0.0,0.0,100.0,1.0,0.11,-11.0,-323.85847637416754,323.85847637416754,0.0,-323.85847637416754,323.85847637416754,0.0,-65163.593623443536,65163.593623443536,0.0,0.0,8825.1162890625,8825.1162890625,0.0,0.0,20233.08942937325,20233.08942937325,0.0,-366542.0485775612,-366542.0485775612,65811.31057619187,65811.31057619187,65711.31057619187,0.0,100.0,0.0,0.0,65811.31057619187,36753.10485775612,1,0.0,100.0
4018,10964.102072398447,0.0,-109641.02072398447,0.0,10.0,0.0,-0.0,0.1,0.272991107,27.2991107,0.0,0.0,100.0,1.0,0.11,-11.0,-307.0310215541984,307.0310215541984,0.0,-307.0310215541984,307.0310215541984,0.0,-65440.847886233234,65440.847886233234,0.0,0.0,28980.784423828125,28980.784423828125,0.0,0.0,26010.023433115064,26010.023433115064,0.0,-109652.02072398447,-109652.02072398447,66054.90992934164,66054.90992934164,65954.90992934164,0.0,100.0,0.0,0.0,66054.90992934164,11064.102072398447,1,0.0,100.0
4019,72.37824699633347,0.0,-723.7824699633347,0.0,10.0,0.0,-0.0,0.1,0.295346995,29.5346995,0.0,0.0,100.0,1.0,0.11,-11.0,-320.9886828792908,320.9886828792908,0.0,-320.9886828792908,320.9886828792908,0.0,-65855.15938393633,65855.15938393633,0.0,0.0,37357.16598632813,37357.16598632813,0.0,0.0,28967.592516370445,28967.592516370445,0.0,-734.7824699633347,-734.7824699633347,66497.13674969491,66497.13674969491,66397.13674969491,0.0,100.0,0.0,0.0,66497.13674969491,172.37824699633347,1,0.0,100.0
4020,2927.204489490523,0.0,-29272.04489490523,0.0,10.0,0.0,-0.0,0.1,0.303068364,30.306836399999998,0.0,0.0,100.0,1.0,0.11,-11.0,-227.0302796075258,227.0302796075258,0.0,-227.0302796075258,227.0302796075258,0.0,-66057.40970507596,66057.40970507596,0.0,0.0,37170.19318359375,37170.19318359375,0.0,0.0,26314.07259120674,26314.07259120674,0.0,-29283.04489490523,-29283.04489490523,66511.47026429101,66511.47026429101,66411.47026429101,0.0,100.0,0.0,0.0,66511.47026429101,3027.2044894905266,1,0.0,100.0
4021,0.0,0.0,-0.0,55.55555555555556,10.0,0.0,-0.0,0.1,0.30953692,0.0,0.0,100.0,0.0,1.0,0.11,0.0,-198.45709148476325,198.45709148476325,0.0,-198.45709148476325,198.45709148476325,0.0,-50853.2931844978,50853.2931844978,0.0,0.0,34627.36306640625,34627.36306640625,0.0,6909.793641980192,23688.193498596826,16778.399856616634,0.0,0.0,0.0,51405.762923022885,51405.762923022885,51405.762923022885,0.0,0.0,155.55555555555475,0.0,51250.20736746733,-7065.3491975357465,1,-55.55555555555556,-100.0
4022,0.0,0.0,-0.0,44.44444444444444,60.0,0.0,-0.0,0.6,0.322118604,0.0,0.0,100.0,0.0,1.0,0.08,0.0,-198.5358609750678,198.5358609750678,0.0,-198.5358609750678,198.5358609750678,0.0,-51152.41088881104,51152.41088881104,0.0,0.0,29653.88651367188,29653.88651367188,0.0,984.7729757721463,23024.81351730589,22040.040541533745,0.0,0.0,0.0,51693.927055205626,51693.927055205626,51693.927055205626,0.0,0.0,144.44444444444525,0.0,51549.48261076118,-1129.2174202165916,1,-44.44444444444444,-100.0
4023,11627.179129839835,0.0,-116271.79129839834,0.0,100.0,45.0,-0.0,1.0,0.353115229,35.3115229,0.0,0.0,100.0,1.0,0.08,-8.0,-223.80297234566555,223.80297234566555,0.0,-223.80297234566555,223.80297234566555,0.0,-54360.147932667365,54360.147932667365,0.0,0.0,24156.88611328125,24156.88611328125,0.0,0.0,18878.68863423761,18878.68863423761,0.0,-116279.79129839834,-116279.79129839834,54807.753877358686,54807.75387735869,54662.753877358686,0.0,145.0,0.0,0.0,54807.75387735869,11772.179129839838,1,45.0,100.0
4024,21991.076319355856,0.0,-219910.76319355855,0.0,50.0,36.0,-0.0,0.5,0.364060611,36.406061099999995,0.0,0.0,100.0,1.0,0.08,-8.0,-198.7037242052,198.7037242052,0.0,-198.7037242052,198.7037242052,0.0,-52023.19924445092,52023.19924445092,0.0,0.0,16528.395761718748,16528.395761718748,0.0,0.0,13765.134611786718,13765.134611786718,0.0,-219918.76319355855,-219918.76319355855,52420.60669286132,52420.60669286132,52284.60669286132,0.0,136.0,0.0,0.0,52420.60669286132,22127.076319355856,1,36.0,100.0
4025,23833.436420283855,0.0,-238334.36420283857,0.0,10.0,0.0,-0.0,0.1,0.369401341,36.9401341,0.0,0.0,100.0,1.0,0.11,-11.0,-245.26733572801777,245.26733572801777,0.0,-245.26733572801777,245.26733572801777,0.0,-40246.46491794213,40246.46491794213,0.0,0.0,8787.721728515624,8787.721728515624,0.0,0.0,8015.841440598691,8015.841440598691,0.0,-238345.36420283857,-238345.36420283857,40736.99958939817,40736.99958939817,40636.99958939817,0.0,100.0,0.0,0.0,40736.99958939817,23933.436420283855,1,0.0,100.0
4026,22073.015357778342,0.0,-220730.15357778344,0.0,10.0,0.0,-0.0,0.1,0.371770435,37.1770435,0.0,0.0,100.0,1.0,0.11,-11.0,-199.9052249623689,199.9052249623689,0.0,-199.9052249623689,199.9052249623689,0.0,-27556.49383953625,27556.49383953625,0.0,0.0,2991.56484375,2991.56484375,0.0,0.0,2791.724087932648,2791.724087932648,0.0,-220741.15357778344,-220741.15357778344,27956.30428946099,27956.30428946099,27856.30428946099,0.0,100.0,0.0,0.0,27956.30428946099,22173.015357778342,1,0.0,100.0
4027,19207.104518837452,0.0,-192071.04518837453,0.0,10.0,0.0,-0.0,0.1,0.373008147,37.300814700000004,0.0,0.0,100.0,1.0,0.11,-11.0,-229.6559666211569,229.6559666211569,0.0,-229.6559666211569,229.6559666211569,0.0,-19041.27841347166,19041.27841347166,0.0,0.0,0.0,0.0,0.0,0.0,193.4858278765201,193.4858278765201,0.0,-192082.04518837453,-192082.04518837453,19500.590346713972,19500.590346713972,19400.590346713972,0.0,100.0,0.0,0.0,19500.590346713972,19307.104518837452,1,0.0,100.0
4028,18449.843675735174,0.0,-184498.43675735174,0.0,10.0,0.0,-0.0,0.1,0.370962865,37.0962865,0.0,0.0,100.0,1.0,0.11,-11.0,-234.9314631866128,234.9314631866128,0.0,-234.9314631866128,234.9314631866128,0.0,-18079.98074936195,18079.98074936195,0.0,0.0,0.0,0.0,0.0,0.0,0.0,0.0,0.0,-184509.43675735174,-184509.43675735174,18549.843675735174,18549.843675735174,18449.843675735174,0.0,100.0,0.0,0.0,18549.843675735174,18549.843675735174,1,0.0,100.0
4029,16970.067046929846,0.0,-169700.67046929846,0.0,10.0,0.0,-0.0,0.1,0.371410385,37.1410385,0.0,0.0,100.0,1.0,0.11,-11.0,-234.0491241063572,234.0491241063572,0.0,-234.0491241063572,234.0491241063572,0.0,-16601.96879871713,16601.96879871713,0.0,0.0,0.0,0.0,0.0,0.0,0.0,0.0,0.0,-169711.67046929846,-169711.67046929846,17070.067046929846,17070.067046929846,16970.067046929846,0.0,100.0,0.0,0.0,17070.067046929846,17070.067046929846,1,0.0,100.0
4030,15497.84696639519,0.0,-154978.4696639519,0.0,10.0,0.0,-0.0,0.1,0.373348377,37.3348377,0.0,0.0,100.0,1.0,0.11,-11.0,-236.88945437849108,236.88945437849108,0.0,-236.88945437849108,236.88945437849108,0.0,-15124.068057638207,15124.068057638207,0.0,0.0,0.0,0.0,0.0,0.0,0.0,0.0,0.0,-154989.4696639519,-154989.4696639519,15597.84696639519,15597.84696639519,15497.84696639519,0.0,100.0,0.0,0.0,15597.84696639519,15597.84696639519,1,0.0,100.0
4031,14753.103842778068,0.0,-147531.03842778067,0.0,10.0,0.0,-0.0,0.1,0.376223645,37.622364499999996,0.0,0.0,100.0,1.0,0.11,-11.0,-233.99307783966304,233.99307783966304,0.0,-233.99307783966304,233.99307783966304,0.0,-14385.117687098742,14385.117687098742,0.0,0.0,0.0,0.0,0.0,0.0,0.0,0.0,0.0,-147542.03842778067,-147542.03842778067,14853.103842778068,14853.103842778068,14753.103842778068,0.0,100.0,0.0,0.0,14853.103842778068,14853.103842778068,1,0.0,100.0
4032,14752.72704662388,0.0,-147527.2704662388,0.0,10.0,0.0,-0.0,0.1,0.3759870489999999,37.59870489999999,0.0,0.0,100.0,1.0,0.08,-8.0,-233.8186459524796,233.8186459524796,0.0,-233.8186459524796,233.8186459524796,0.0,-14385.089754718922,14385.089754718922,0.0,0.0,0.0,0.0,0.0,0.0,0.0,0.0,0.0,-147535.2704662388,-147535.2704662388,14852.72704662388,14852.72704662388,14752.72704662388,0.0,100.0,0.0,0.0,14852.72704662388,14852.72704662388,1,0.0,100.0
4033,14752.370013828137,0.0,-147523.70013828136,0.0,10.0,0.0,-0.0,0.1,0.373813431,37.381343099999995,0.0,0.0,100.0,1.0,0.08,-8.0,-233.64012955460709,233.64012955460709,0.0,-233.64012955460709,233.64012955460709,0.0,-14385.089754718922,14385.089754718922,0.0,0.0,0.0,0.0,0.0,0.0,0.0,0.0,0.0,-147531.70013828136,-147531.70013828136,14852.370013828137,14852.370013828137,14752.370013828137,0.0,100.0,0.0,0.0,14852.370013828137,14852.370013828137,1,0.0,100.0
4034,14752.336739008202,0.0,-147523.367390082,0.0,10.0,0.0,-0.0,0.1,0.379749506,37.9749506,0.0,0.0,100.0,1.0,0.08,-8.0,-233.6235012135952,233.6235012135952,0.0,-233.6235012135952,233.6235012135952,0.0,-14385.089736581012,14385.089736581012,0.0,0.0,0.0,0.0,0.0,0.0,0.0,0.0,0.0,-147531.367390082,-147531.367390082,14852.336739008202,14852.336739008202,14752.336739008202,0.0,100.0,0.0,0.0,14852.336739008202,14852.336739008202,1,0.0,100.0
4035,15493.559095124574,0.0,-154935.59095124574,0.0,10.0,0.0,-0.0,0.1,0.389165627,38.9165627,0.0,0.0,100.0,1.0,0.08,-8.0,-234.75950004801737,234.75950004801737,0.0,-234.75950004801737,234.75950004801737,0.0,-15124.040095028538,15124.040095028538,0.0,0.0,0.0,0.0,0.0,0.0,0.0,0.0,0.0,-154943.59095124574,-154943.59095124574,15593.559095124574,15593.559095124574,15493.559095124574,0.0,100.0,0.0,0.0,15593.559095124574,15593.559095124574,1,0.0,100.0
4036,14089.475669203937,0.0,-140894.75669203937,0.0,10.0,0.0,-0.0,0.1,0.381233438,38.1233438,0.0,0.0,100.0,1.0,0.08,-8.0,-234.67271572328704,234.67271572328704,0.0,-234.67271572328704,234.67271572328704,0.0,-14019.286722132363,14019.286722132363,0.0,0.0,299.156484375,299.156484375,0.0,0.0,0.0,0.0,0.0,-140902.75669203937,-140902.75669203937,14488.632153578938,14488.632153578938,14388.632153578938,0.0,100.0,0.0,0.0,14488.632153578938,14189.475669203937,1,0.0,100.0
4037,14019.177190401108,0.0,-140191.77190401108,0.0,10.0,0.0,-0.0,0.1,0.3719072439999999,37.19072439999999,0.0,0.0,100.0,1.0,0.11,-11.0,-210.74957293306707,210.74957293306707,0.0,-210.74957293306707,210.74957293306707,0.0,-16458.457358182364,16458.457358182364,0.0,0.0,1047.0476953125,1047.0476953125,0.0,0.0,1713.7316183348926,1713.7316183348926,0.0,-140202.77190401108,-140202.77190401108,16879.9565040485,16879.9565040485,16779.9565040485,0.0,100.0,0.0,0.0,16879.9565040485,14119.177190401108,1,0.0,100.0
4038,24637.25935556308,0.0,-246372.59355563082,0.0,10.0,0.0,-0.0,0.1,0.34717501,34.717501,0.0,0.0,100.0,1.0,0.11,-11.0,-198.4935889380217,198.4935889380217,0.0,-198.4935889380217,198.4935889380217,0.0,-33729.895391646496,33729.895391646496,0.0,0.0,2617.61923828125,2617.61923828125,0.0,0.0,6772.003975678205,6772.003975678205,0.0,-246383.59355563082,-246383.59355563082,34126.88256952254,34126.88256952254,34026.88256952254,0.0,100.0,0.0,0.0,34126.88256952254,24737.25935556308,1,0.0,100.0
4039,22969.43969744524,0.0,-229694.3969744524,0.0,10.0,0.0,-0.0,0.1,0.323410992,32.3410992,0.0,0.0,100.0,1.0,0.11,-11.0,-198.54519629416683,198.54519629416683,0.0,-198.54519629416683,198.54519629416683,0.0,-39837.084984677786,39837.084984677786,0.0,0.0,4449.952705078125,4449.952705078125,0.0,0.0,12714.782974742751,12714.782974742751,0.0,-229705.3969744524,-229705.3969744524,40234.17537726612,40234.17537726612,40134.17537726612,0.0,100.0,0.0,0.0,40234.17537726612,23069.43969744524,1,0.0,100.0
4040,18020.762028998364,0.0,-180207.62028998364,0.0,10.0,0.0,-0.0,0.1,0.306152252,30.6152252,0.0,0.0,100.0,1.0,0.11,-11.0,-198.6093337146899,198.6093337146899,0.0,-198.6093337146899,198.6093337146899,0.0,-42569.09493017137,42569.09493017137,0.0,0.0,6132.7079296875,6132.7079296875,0.0,0.0,18712.84363891488,18712.84363891488,0.0,-180218.62028998364,-180218.62028998364,42966.31359760075,42966.31359760075,42866.31359760075,0.0,100.0,0.0,0.0,42966.31359760075,18120.762028998368,1,0.0,100.0
4041,0.0,0.0,-0.0,55.55555555555556,10.0,0.0,-0.0,0.1,0.299582846,0.0,0.0,100.0,0.0,1.0,0.11,0.0,-198.5784330595042,198.5784330595042,0.0,-198.5784330595042,198.5784330595042,0.0,-32521.128638015143,32521.128638015143,0.0,0.0,24493.437158203124,24493.437158203124,0.0,14278.564620496581,22858.968521983166,8580.403901486585,0.0,0.0,0.0,33073.84105968971,33073.84105968971,33073.84105968971,0.0,0.0,155.55555555555475,0.0,32918.28550413415,-14434.120176052136,1,-55.55555555555556,-100.0
4042,0.0,0.0,-0.0,44.44444444444444,60.0,0.0,-0.0,0.6,0.314228975,0.0,0.0,100.0,0.0,1.0,0.11,0.0,-201.4636992254833,201.4636992254833,0.0,-201.4636992254833,201.4636992254833,0.0,-27935.43028412632,27935.43028412632,0.0,5994.982697197014,34477.78482421875,28482.802127021732,0.0,26286.43175865295,26286.43175865295,0.0,0.0,0.0,0.0,28482.802127021732,28482.802127021732,28482.802127021732,0.0,0.0,144.44444444444525,0.0,28338.357682577287,-32425.85890029441,1,-44.44444444444444,-100.0
4043,0.0,0.0,-0.0,0.0,100.0,-0.0,-0.0,1.0,0.340859822,0.0,0.0,100.0,0.0,1.0,0.11,0.0,-297.75769648874206,297.75769648874206,0.0,-297.75769648874206,297.75769648874206,0.0,-12763.761055854273,12763.761055854273,0.0,22701.263599996368,36160.54004882812,13459.276448831757,0.0,28221.29003741815,28221.29003741815,0.0,0.0,0.0,0.0,13459.276448831757,13459.276448831757,13459.276448831757,0.0,0.0,100.0,0.0,13359.276448831757,-51022.55363741452,1,-0.0,-100.0
4044,0.0,0.0,-0.0,0.0,100.0,-0.0,-0.0,1.0,0.369538689,0.0,0.0,100.0,0.0,1.0,0.11,0.0,-296.895696111008,296.895696111008,0.0,-296.895696111008,296.895696111008,0.0,-12763.844411637943,12763.844411637943,0.0,21655.85654965567,35113.49235351563,13457.63580385996,0.0,28497.69836295604,28497.69836295604,0.0,0.0,0.0,0.0,13457.63580385996,13457.63580385996,13457.63580385996,0.0,0.0,100.0,0.0,13357.63580385996,-50253.55491261171,1,-0.0,-100.0
4045,0.0,0.0,-0.0,0.0,100.0,-0.0,-0.0,1.0,0.376488134,0.0,0.0,100.0,0.0,1.0,0.11,0.0,-323.6268714212073,323.6268714212073,0.0,-323.6268714212073,323.6268714212073,0.0,-32014.962942167567,32014.962942167567,0.0,0.0,29242.54634765625,29242.54634765625,0.0,23651.268063020456,27170.938400374187,3519.670337353731,0.0,0.0,0.0,32762.216685009982,32762.216685009982,32762.216685009982,0.0,0.0,100.0,0.0,32662.216685009982,-23751.268063020456,1,-0.0,-100.0
4046,0.0,0.0,-0.0,0.0,100.0,-0.0,-0.0,1.0,0.367144262,0.0,0.0,100.0,0.0,1.0,0.08,0.0,-380.1311322762454,380.1311322762454,0.0,-380.1311322762454,380.1311322762454,0.0,-34619.792264137606,34619.792264137606,0.0,0.0,29205.15178710937,29205.15178710937,0.0,17966.10740809187,24241.010149672595,6274.902741580725,0.0,0.0,0.0,35480.054528690096,35480.054528690096,35480.054528690096,0.0,0.0,100.0,0.0,35380.054528690096,-18066.10740809187,1,-0.0,-100.0
4047,0.0,0.0,-0.0,0.0,100.0,-0.0,-0.0,1.0,0.379494252,0.0,0.0,100.0,0.0,1.0,0.08,0.0,-344.40301680308835,344.40301680308835,0.0,-344.40301680308835,344.40301680308835,0.0,-37369.5076322579,37369.5076322579,0.0,0.0,24755.19908203125,24755.19908203125,0.0,7272.228166401044,20675.342750233867,13403.114583832823,0.0,0.0,0.0,38158.31366586407,38158.31366586407,38158.31366586407,0.0,0.0,100.0,0.0,38058.31366586407,-7372.228166401044,1,-0.0,-100.0
4048,12153.543454810833,0.0,-121535.43454810833,0.0,100.0,45.0,-0.0,1.0,0.39125856,39.125856,0.0,0.0,100.0,1.0,0.08,-8.0,-371.3360082307884,371.3360082307884,0.0,-371.3360082307884,371.3360082307884,0.0,-43468.80523366943,43468.80523366943,0.0,0.0,17014.525048828124,17014.525048828124,0.0,0.0,14898.40874649205,14898.40874649205,0.0,-121543.43454810833,-121543.43454810833,44211.47725013101,44211.47725013101,44066.47725013101,0.0,145.0,0.0,0.0,44211.47725013101,12298.543454810831,1,45.0,100.0
4049,29230.985018270745,0.0,-292309.8501827074,0.0,50.0,36.0,-0.0,0.5,0.386016236,38.6016236,0.0,0.0,100.0,1.0,0.11,-11.0,-338.81005323641347,338.81005323641347,0.0,-338.81005323641347,338.81005323641347,0.0,-47068.42391703792,47068.42391703792,0.0,0.0,9423.4292578125,9423.4292578125,0.0,0.0,8955.629747427503,8955.629747427503,0.0,-292320.8501827074,-292320.8501827074,47746.04402351075,47746.04402351075,47610.04402351075,0.0,136.0,0.0,0.0,47746.04402351075,29366.98501827075,1,36.0,100.0
4050,33410.37530515975,0.0,-334103.7530515975,0.0,10.0,0.0,-0.0,0.1,0.37712414,37.712414,0.0,0.0,100.0,1.0,0.11,-11.0,-360.8623638107661,360.8623638107661,0.0,-360.8623638107661,360.8623638107661,0.0,-38947.53708555535,38947.53708555535,0.0,0.0,2841.9866015625,2841.9866015625,0.0,0.0,3316.899906454631,3316.899906454631,0.0,-334114.7530515975,-334114.7530515975,39669.26181317688,39669.26181317688,39569.26181317688,0.0,100.0,0.0,0.0,39669.26181317688,33510.37530515975,1,0.0,100.0
4051,19371.688385105623,0.0,-193716.88385105622,0.0,10.0,0.0,-0.0,0.1,0.373789867,37.3789867,0.0,0.0,100.0,1.0,0.11,-11.0,-325.81009368247135,325.81009368247135,0.0,-325.81009368247135,325.81009368247135,0.0,-19041.194858170988,19041.194858170988,0.0,0.0,0.0,0.0,0.0,0.0,221.1266604303088,221.1266604303088,0.0,-193727.88385105622,-193727.88385105622,19692.815045535932,19692.815045535932,19592.815045535932,0.0,100.0,0.0,0.0,19692.815045535932,19471.688385105623,1,0.0,100.0
4052,18625.245210640063,0.0,-186252.45210640063,0.0,10.0,0.0,-0.0,0.1,0.375799566,37.579956599999996,0.0,0.0,100.0,1.0,0.11,-11.0,-322.6601569729085,322.6601569729085,0.0,-322.6601569729085,322.6601569729085,0.0,-18079.924896694247,18079.924896694247,0.0,0.0,0.0,0.0,0.0,0.0,0.0,0.0,0.0,-186263.45210640063,-186263.45210640063,18725.245210640063,18725.245210640063,18625.245210640063,0.0,100.0,0.0,0.0,18725.245210640063,18725.245210640063,1,0.0,100.0
4053,17135.857729545118,0.0,-171358.5772954512,0.0,10.0,0.0,-0.0,0.1,0.374658979,37.4658979,0.0,0.0,100.0,1.0,0.11,-11.0,-316.9584316039029,316.9584316039029,0.0,-316.9584316039029,316.9584316039029,0.0,-16601.94086633731,16601.94086633731,0.0,0.0,0.0,0.0,0.0,0.0,0.0,0.0,0.0,-171369.5772954512,-171369.5772954512,17235.857729545118,17235.857729545118,17135.857729545118,0.0,100.0,0.0,0.0,17235.857729545118,17235.857729545118,1,0.0,100.0
4054,15532.661709074593,0.0,-155326.61709074595,0.0,10.0,0.0,-0.0,0.1,0.375782833,37.578283299999995,0.0,0.0,100.0,1.0,0.11,-11.0,-254.31078888511857,254.31078888511857,0.0,-254.31078888511857,254.31078888511857,0.0,-15124.040131304357,15124.040131304357,0.0,0.0,0.0,0.0,0.0,0.0,0.0,0.0,0.0,-155337.61709074595,-155337.61709074595,15632.661709074593,15632.661709074593,15532.661709074593,0.0,100.0,0.0,0.0,15632.661709074593,15632.661709074593,1,0.0,100.0
4055,14769.893829435496,0.0,-147698.93829435494,0.0,10.0,0.0,-0.0,0.1,0.370131169,37.0131169,0.0,0.0,100.0,1.0,0.11,-11.0,-242.4020434042557,242.4020434042557,0.0,-242.4020434042557,242.4020434042557,0.0,-14385.089742626984,14385.089742626984,0.0,0.0,0.0,0.0,0.0,0.0,0.0,0.0,0.0,-147709.93829435494,-147709.93829435494,14869.893829435496,14869.893829435496,14769.893829435496,0.0,100.0,0.0,0.0,14869.893829435496,14869.893829435496,1,0.0,100.0
4056,17766.36281997344,0.0,-177663.6281997344,0.0,10.0,0.0,-0.0,0.1,0.3685887679999999,36.85887679999999,0.0,0.0,100.0,1.0,0.08,-8.0,-233.9451228523232,233.9451228523232,0.0,-233.9451228523232,233.9451228523232,0.0,-17398.472574268795,17398.472574268795,0.0,0.0,0.0,0.0,0.0,0.0,0.0,0.0,0.0,-177671.6281997344,-177671.6281997344,17866.36281997344,17866.36281997344,17766.36281997344,0.0,100.0,0.0,0.0,17866.36281997344,17866.36281997344,1,0.0,100.0
4057,17766.262085976487,0.0,-177662.62085976487,0.0,10.0,0.0,-0.0,0.1,0.362478194,36.2478194,0.0,0.0,100.0,1.0,0.08,-8.0,-233.8947558538464,233.8947558538464,0.0,-233.8947558538464,233.8947558538464,0.0,-17398.472574268795,17398.472574268795,0.0,0.0,0.0,0.0,0.0,0.0,0.0,0.0,0.0,-177670.62085976487,-177670.62085976487,17866.262085976487,17866.262085976487,17766.262085976487,0.0,100.0,0.0,0.0,17866.262085976487,17866.262085976487,1,0.0,100.0
4058,17766.151896156116,0.0,-177661.51896156115,0.0,10.0,0.0,-0.0,0.1,0.3565385339999999,35.65385339999999,0.0,0.0,100.0,1.0,0.08,-8.0,-233.8396609436596,233.8396609436596,0.0,-233.8396609436596,233.8396609436596,0.0,-17398.472574268795,17398.472574268795,0.0,0.0,0.0,0.0,0.0,0.0,0.0,0.0,0.0,-177669.51896156115,-177669.51896156115,17866.151896156116,17866.151896156116,17766.151896156116,0.0,100.0,0.0,0.0,17866.151896156116,17866.151896156116,1,0.0,100.0
4059,18507.353022465282,0.0,-185073.53022465282,0.0,10.0,0.0,-0.0,0.1,0.381986162,38.198616200000004,0.0,0.0,100.0,1.0,0.08,-8.0,-234.96503882851053,234.96503882851053,0.0,-234.96503882851053,234.96503882851053,0.0,-18137.422944808262,18137.422944808262,0.0,0.0,0.0,0.0,0.0,0.0,0.0,0.0,0.0,-185081.53022465282,-185081.53022465282,18607.353022465282,18607.353022465282,18507.353022465282,0.0,100.0,0.0,0.0,18607.353022465282,18607.353022465282,1,0.0,100.0
4060,18535.216098092525,0.0,-185352.16098092525,0.0,10.0,0.0,-0.0,0.1,0.3756817739999999,37.56817739999999,0.0,0.0,100.0,1.0,0.08,-8.0,-234.9073334516335,234.9073334516335,0.0,-234.9073334516335,234.9073334516335,0.0,-18539.347036658008,18539.347036658008,0.0,0.0,373.94560546875,373.94560546875,0.0,0.0,0.0,0.0,0.0,-185360.16098092525,-185360.16098092525,19009.161703561276,19009.161703561276,18909.161703561276,0.0,100.0,0.0,0.0,19009.161703561276,18635.216098092525,1,0.0,100.0
4061,46594.969079233335,0.0,-465949.69079233333,0.0,10.0,0.0,-0.0,0.1,0.355456014,35.545601399999995,0.0,0.0,100.0,1.0,0.11,-11.0,-571.2267404983386,571.2267404983386,0.0,-571.2267404983386,571.2267404983386,0.0,-51472.32510238225,51472.32510238225,0.0,0.0,4150.796220703125,4150.796220703125,0.0,0.0,1769.01328344247,1769.01328344247,0.0,-465960.69079233333,-465960.69079233333,52614.77858337893,52614.77858337893,52514.77858337893,0.0,100.0,0.0,0.0,52614.77858337893,46694.969079233335,1,0.0,100.0
4062,46836.90901078346,0.0,-468369.09010783467,0.0,10.0,0.0,-0.0,0.1,0.328839129,32.8839129,0.0,0.0,100.0,1.0,0.11,-11.0,-897.179450123913,897.179450123913,0.0,-897.179450123913,897.179450123913,0.0,-59334.8805887498,59334.8805887498,0.0,0.0,8525.9598046875,8525.9598046875,0.0,0.0,5666.370673526661,5666.370673526661,0.0,-468380.09010783467,-468380.09010783467,61129.23948899763,61129.23948899763,61029.23948899763,0.0,100.0,0.0,0.0,61129.23948899763,46936.90901078346,1,0.0,100.0
4063,69330.9963723834,0.0,-693309.9637238339,0.0,10.0,0.0,-0.0,0.1,0.315105343,31.5105343,0.0,0.0,100.0,1.0,0.11,-11.0,-1310.4305224387886,1310.4305224387886,0.0,-1310.4305224387886,1310.4305224387886,0.0,-93292.56636976018,93292.56636976018,0.0,0.0,14845.640537109375,14845.640537109375,0.0,0.0,11636.790505144996,11636.790505144996,0.0,-693320.9637238339,-693320.9637238339,95913.42741463776,95913.42741463776,95813.42741463776,0.0,100.0,0.0,0.0,95913.42741463776,69430.99637238338,1,0.0,100.0
4064,52213.11910147626,0.0,-522131.1910147626,0.0,10.0,0.0,-0.0,0.1,0.308106687,30.8106687,0.0,0.0,100.0,1.0,0.11,-11.0,-1386.265998228053,1386.265998228053,0.0,-1386.265998228053,1386.265998228053,0.0,-91140.45891116749,91140.45891116749,0.0,0.0,24269.06979492188,24269.06979492188,0.0,0.0,17330.802011225445,17330.802011225445,0.0,-522142.1910147626,-522142.1910147626,93912.99090762358,93912.99090762359,93812.99090762358,0.0,100.0,0.0,0.0,93912.99090762359,52313.119101476266,1,0.0,100.0
4065,41763.33157395348,0.0,-417633.3157395348,0.0,10.0,0.0,-0.0,0.1,0.306738121,30.6738121,0.0,0.0,100.0,1.0,0.11,-11.0,-1449.9290970079037,1449.9290970079037,0.0,-1449.9290970079037,1449.9290970079037,0.0,-87448.96347818772,87448.96347818772,0.0,0.0,28307.682333984376,28307.682333984376,0.0,0.0,20177.80776426567,20177.80776426567,0.0,-417644.3157395348,-417644.3157395348,90348.82167220353,90348.82167220353,90248.82167220353,0.0,100.0,0.0,0.0,90348.82167220353,41863.33157395348,1,0.0,100.0
4066,32542.023736271905,0.0,-325420.237362719,0.0,10.0,0.0,-0.0,0.1,0.322262666,32.226266599999995,0.0,0.0,100.0,1.0,0.11,-11.0,-1481.364162077453,1481.364162077453,0.0,-1481.364162077453,1481.364162077453,0.0,-87123.37138568313,87123.37138568313,0.0,0.0,34253.4174609375,34253.4174609375,0.0,0.0,23190.65851262863,23190.65851262863,0.0,-325431.237362719,-325431.237362719,90086.09970983803,90086.09970983803,89986.09970983803,0.0,100.0,0.0,0.0,90086.09970983803,32642.023736271905,1,0.0,100.0
4067,23469.040321676763,0.0,-234690.40321676762,0.0,10.0,0.0,-0.0,0.1,0.354385521,35.438552099999995,0.0,0.0,100.0,1.0,0.11,-11.0,-1474.177172251222,1474.177172251222,0.0,-1474.177172251222,1474.177172251222,0.0,-84652.90734877417,84652.90734877417,0.0,0.0,36833.64213867187,36833.64213867187,0.0,0.0,27198.579232927976,27198.579232927976,0.0,-234701.40321676762,-234701.40321676762,87601.26169327661,87601.26169327661,87501.26169327661,0.0,100.0,0.0,0.0,87601.26169327661,23569.04032167676,1,0.0,100.0
4068,27914.960434149965,0.0,-279149.6043414996,0.0,10.0,0.0,-0.0,0.1,0.3708215629999999,37.082156299999994,0.0,0.0,100.0,1.0,0.11,-11.0,-1390.303888389491,1390.303888389491,0.0,-1390.303888389491,1390.303888389491,0.0,-88725.13145731362,88725.13145731362,0.0,0.0,36983.22038085938,36983.22038085938,0.0,0.0,26507.55841908326,26507.55841908326,0.0,-279160.6043414996,-279160.6043414996,91505.7392340926,91505.7392340926,91405.7392340926,0.0,100.0,0.0,0.0,91505.7392340926,28014.960434149965,1,0.0,100.0
4069,31400.25373665623,0.0,-314002.5373665623,0.0,10.0,0.0,-0.0,0.1,0.372068946,37.2068946,0.0,0.0,100.0,1.0,0.11,-11.0,-1392.772350361374,1392.772350361374,0.0,-1392.772350361374,1392.772350361374,0.0,-89709.7743877883,89709.7743877883,0.0,0.0,35150.886914062496,35150.886914062496,0.0,0.0,25844.17843779233,25844.17843779233,0.0,-314013.5373665623,-314013.5373665623,92495.31908851105,92495.31908851105,92395.31908851105,0.0,100.0,0.0,0.0,92495.31908851105,31500.253736656232,1,0.0,100.0
4070,44599.67231208026,0.0,-445996.72312080266,0.0,10.0,0.0,-0.0,0.1,0.36447639,36.447638999999995,0.0,0.0,100.0,1.0,0.08,-8.0,-1424.9324376267284,1424.9324376267284,0.0,-1424.9324376267284,1424.9324376267284,0.0,-90010.21542789433,90010.21542789433,0.0,0.0,26213.586943359373,26213.586943359373,0.0,0.0,21946.82104770814,21946.82104770814,0.0,-446004.72312080266,-446004.72312080266,92860.08030314778,92860.08030314778,92760.08030314778,0.0,100.0,0.0,0.0,92860.08030314778,44699.67231208027,1,0.0,100.0
4071,62234.84275585829,0.0,-622348.427558583,0.0,10.0,0.0,-0.0,0.1,0.383790423,38.3790423,0.0,0.0,100.0,1.0,0.08,-8.0,-1415.383299091936,1415.383299091936,0.0,-1415.383299091936,1415.383299091936,0.0,-93099.89165536503,93099.89165536503,0.0,0.0,16154.45015625,16154.45015625,0.0,0.0,17441.3653414406,17441.3653414406,0.0,-622356.427558583,-622356.427558583,95930.6582535489,95930.6582535489,95830.6582535489,0.0,100.0,0.0,0.0,95930.6582535489,62334.8427558583,1,0.0,100.0
4072,59238.231664231294,0.0,-592382.3166423129,0.0,10.0,0.0,-0.0,0.1,0.384937661,38.4937661,0.0,0.0,100.0,1.0,0.08,-8.0,-1138.4845013147506,1138.4845013147506,0.0,-1138.4845013147506,1138.4845013147506,0.0,-85898.02552520462,85898.02552520462,0.0,0.0,15182.19158203125,15182.19158203125,0.0,0.0,13654.571281571563,13654.571281571563,0.0,-592390.3166423129,-592390.3166423129,88174.9945278341,88174.99452783412,88074.9945278341,0.0,100.0,0.0,0.0,88174.99452783412,59338.23166423131,1,0.0,100.0
4073,57935.28102558486,0.0,-579352.8102558486,0.0,10.0,0.0,-0.0,0.1,0.392900184,39.2900184,0.0,0.0,100.0,1.0,0.11,-11.0,-1103.655611552157,1103.655611552157,0.0,-1103.655611552157,1103.655611552157,0.0,-73426.57247107232,73426.57247107232,0.0,0.0,9610.402060546874,9610.402060546874,0.0,0.0,7988.200608044903,7988.200608044903,0.0,-579363.8102558486,-579363.8102558486,75633.88369417663,75633.88369417663,75533.88369417663,0.0,100.0,0.0,0.0,75633.88369417663,58035.28102558486,1,0.0,100.0
4074,67882.3947414875,0.0,-678823.947414875,0.0,10.0,0.0,-0.0,0.1,0.3930313729999999,39.30313729999999,0.0,0.0,100.0,1.0,0.11,-11.0,-1069.2484810543826,1069.2484810543826,0.0,-1069.2484810543826,1069.2484810543826,0.0,-70975.21242862928,70975.21242862928,0.0,0.0,2505.435556640625,2505.435556640625,0.0,0.0,2625.8790926099164,2625.8790926099164,0.0,-678834.947414875,-678834.947414875,73113.70939073805,73113.70939073805,73013.70939073805,0.0,100.0,0.0,0.0,73113.70939073805,67982.3947414875,1,0.0,100.0
4075,65571.36232989129,0.0,-655713.6232989129,0.0,10.0,0.0,-0.0,0.1,0.3859718579999999,38.59718579999999,0.0,0.0,100.0,1.0,0.11,-11.0,-1042.0728035482762,1042.0728035482762,0.0,-1042.0728035482762,1042.0728035482762,0.0,-63780.702550671245,63780.702550671245,0.0,0.0,0.0,0.0,0.0,0.0,193.4858278765201,193.4858278765201,0.0,-655724.6232989129,-655724.6232989129,65864.8481577678,65864.8481577678,65764.8481577678,0.0,100.0,0.0,0.0,65864.8481577678,65671.36232989129,1,0.0,100.0
4076,62806.43647851525,0.0,-628064.3647851525,0.0,10.0,0.0,-0.0,0.1,0.391315727,39.1315727,0.0,0.0,100.0,1.0,0.11,-11.0,-235.08299151212253,235.08299151212253,0.0,-235.08299151212253,235.08299151212253,0.0,-62436.27049549101,62436.27049549101,0.0,0.0,0.0,0.0,0.0,0.0,0.0,0.0,0.0,-628075.3647851525,-628075.3647851525,62906.43647851525,62906.43647851525,62806.43647851525,0.0,100.0,0.0,0.0,62906.43647851525,62906.43647851525,1,0.0,100.0
4077,21490.3784863881,0.0,-214903.784863881,0.0,10.0,0.0,-0.0,0.1,0.391135131,39.113513100000006,0.0,0.0,100.0,1.0,0.11,-11.0,-234.1885892798901,234.1885892798901,0.0,-234.1885892798901,234.1885892798901,0.0,-21122.00130782832,21122.00130782832,0.0,0.0,0.0,0.0,0.0,0.0,0.0,0.0,0.0,-214914.784863881,-214914.784863881,21590.3784863881,21590.3784863881,21490.3784863881,0.0,100.0,0.0,0.0,21590.3784863881,21590.3784863881,1,0.0,100.0
4078,18511.637671667486,0.0,-185116.37671667486,0.0,10.0,0.0,-0.0,0.1,0.386271463,38.6271463,0.0,0.0,100.0,1.0,0.11,-11.0,-237.10736342961184,237.10736342961184,0.0,-237.10736342961184,237.10736342961184,0.0,-18137.422944808262,18137.422944808262,0.0,0.0,0.0,0.0,0.0,0.0,0.0,0.0,0.0,-185127.37671667486,-185127.37671667486,18611.637671667486,18611.637671667486,18511.637671667486,0.0,100.0,0.0,0.0,18611.637671667486,18611.637671667486,1,0.0,100.0
4079,17766.788928544476,0.0,-177667.88928544475,0.0,10.0,0.0,-0.0,0.1,0.385390361,38.539036100000004,0.0,0.0,100.0,1.0,0.11,-11.0,-234.15817411485503,234.15817411485503,0.0,-234.15817411485503,234.15817411485503,0.0,-17398.472580314767,17398.472580314767,0.0,0.0,0.0,0.0,0.0,0.0,0.0,0.0,0.0,-177678.88928544475,-177678.88928544475,17866.788928544476,17866.788928544476,17766.788928544476,0.0,100.0,0.0,0.0,17866.788928544476,17866.788928544476,1,0.0,100.0
4080,17766.720006835298,0.0,-177667.20006835298,0.0,10.0,0.0,-0.0,0.1,0.389608707,38.9608707,0.0,0.0,100.0,1.0,0.08,-8.0,-234.123800926826,234.123800926826,0.0,-234.123800926826,234.123800926826,0.0,-17398.472404981647,17398.472404981647,0.0,0.0,0.0,0.0,0.0,0.0,0.0,0.0,0.0,-177675.20006835298,-177675.20006835298,17866.720006835298,17866.720006835298,17766.720006835298,0.0,100.0,0.0,0.0,17866.720006835298,17866.720006835298,1,0.0,100.0
4081,17766.69213385117,0.0,-177666.92133851172,0.0,10.0,0.0,-0.0,0.1,0.39416755,39.416754999999995,0.0,0.0,100.0,1.0,0.08,-8.0,-234.1098644347628,234.1098644347628,0.0,-234.1098644347628,234.1098644347628,0.0,-17398.472404981647,17398.472404981647,0.0,0.0,0.0,0.0,0.0,0.0,0.0,0.0,0.0,-177674.92133851172,-177674.92133851172,17866.69213385117,17866.69213385117,17766.69213385117,0.0,100.0,0.0,0.0,17866.69213385117,17866.69213385117,1,0.0,100.0
4082,17766.64167185077,0.0,-177666.4167185077,0.0,10.0,0.0,-0.0,0.1,0.387243706,38.7243706,0.0,0.0,100.0,1.0,0.08,-8.0,-234.0846304115773,234.0846304115773,0.0,-234.0846304115773,234.0846304115773,0.0,-17398.47241102762,17398.47241102762,0.0,0.0,0.0,0.0,0.0,0.0,0.0,0.0,0.0,-177674.4167185077,-177674.4167185077,17866.64167185077,17866.64167185077,17766.64167185077,0.0,100.0,0.0,0.0,17866.64167185077,17866.64167185077,1,0.0,100.0
4083,18517.10435411668,0.0,-185171.04354116681,0.0,10.0,0.0,-0.0,0.1,0.388980727,38.8980727,0.0,0.0,100.0,1.0,0.08,-8.0,-239.8407892977841,239.8407892977841,0.0,-239.8407892977841,239.8407892977841,0.0,-18137.42277552111,18137.42277552111,0.0,0.0,0.0,0.0,0.0,0.0,0.0,0.0,0.0,-185179.04354116681,-185179.04354116681,18617.10435411668,18617.10435411668,18517.10435411668,0.0,100.0,0.0,0.0,18617.10435411668,18617.10435411668,1,0.0,100.0
4084,18618.1200985024,0.0,-186181.200985024,0.0,10.0,0.0,-0.0,0.1,0.380709261,38.0709261,0.0,0.0,100.0,1.0,0.08,-8.0,-238.9648910061061,238.9648910061061,0.0,-238.9648910061061,238.9648910061061,0.0,-18539.346800865187,18539.346800865187,0.0,0.0,299.156484375,299.156484375,0.0,0.0,0.0,0.0,0.0,-186189.200985024,-186189.200985024,19017.2765828774,19017.2765828774,18917.2765828774,0.0,100.0,0.0,0.0,19017.2765828774,18718.1200985024,1,0.0,100.0
4085,48729.08900742765,0.0,-487290.8900742765,0.0,10.0,0.0,-0.0,0.1,0.378899373,37.8899373,0.0,0.0,100.0,1.0,0.11,-11.0,-565.1947088529962,565.1947088529962,0.0,-565.1947088529962,565.1947088529962,0.0,-51662.55462713067,51662.55462713067,0.0,0.0,3328.115888671875,3328.115888671875,0.0,0.0,635.7391487371376,635.7391487371376,0.0,-487301.8900742765,-487301.8900742765,52792.94404483666,52792.94404483666,52692.94404483666,0.0,100.0,0.0,0.0,52792.94404483666,48829.08900742765,1,0.0,100.0
4086,49730.90546994106,0.0,-497309.0546994106,0.0,10.0,0.0,-0.0,0.1,0.362178177,36.2178177,0.0,0.0,100.0,1.0,0.11,-11.0,-872.9897939526791,872.9897939526791,0.0,-872.9897939526791,872.9897939526791,0.0,-59838.2868314938,59838.2868314938,0.0,0.0,9984.347666015625,9984.347666015625,0.0,0.0,1769.01328344247,1769.01328344247,0.0,-497320.0546994106,-497320.0546994106,61584.26641939916,61584.26641939916,61484.26641939916,0.0,100.0,0.0,0.0,61584.26641939916,49830.90546994106,1,0.0,100.0
4087,76047.6491518117,0.0,-760476.491518117,0.0,10.0,0.0,-0.0,0.1,0.338044019,33.804401899999995,0.0,0.0,100.0,1.0,0.11,-11.0,-1298.286491978745,1298.286491978745,0.0,-1298.286491978745,1298.286491978745,0.0,-94152.3964235327,94152.3964235327,0.0,0.0,17201.4978515625,17201.4978515625,0.0,0.0,3399.822404115997,3399.822404115997,0.0,-760487.491518117,-760487.491518117,96748.96940749019,96748.96940749019,96648.96940749019,0.0,100.0,0.0,0.0,96748.96940749019,76147.6491518117,1,0.0,100.0
4088,66088.86907466894,0.0,-660888.6907466894,0.0,10.0,0.0,-0.0,0.1,0.318976699,31.897669899999997,0.0,0.0,100.0,1.0,0.11,-11.0,-1344.0279831501075,1344.0279831501075,0.0,-1344.0279831501075,1344.0279831501075,0.0,-92511.1116716982,92511.1116716982,0.0,0.0,24007.307871093748,24007.307871093748,0.0,0.0,5002.990692235735,5002.990692235735,0.0,-660899.6907466894,-660899.6907466894,95199.16763799841,95199.16763799843,95099.16763799841,0.0,100.0,0.0,0.0,95199.16763799843,66188.86907466894,1,0.0,100.0
4089,56801.10357104709,0.0,-568011.0357104709,0.0,10.0,0.0,-0.0,0.1,0.316271418,31.627141800000004,0.0,0.0,100.0,1.0,0.11,-11.0,-1390.1474047422078,1390.1474047422078,0.0,-1390.1474047422078,1390.1474047422078,0.0,-90169.4813231528,90169.4813231528,0.0,0.0,29691.28107421875,29691.28107421875,0.0,0.0,6357.391487371376,6357.391487371376,0.0,-568022.0357104709,-568022.0357104709,92949.77613263721,92949.77613263721,92849.77613263721,0.0,100.0,0.0,0.0,92949.77613263721,56901.10357104709,1,0.0,100.0
4090,54188.15199470758,0.0,-541881.5199470758,0.0,10.0,0.0,-0.0,0.1,0.332298474,33.229847400000004,0.0,0.0,100.0,1.0,0.11,-11.0,-1469.203544699758,1469.203544699758,0.0,-1469.203544699758,1469.203544699758,0.0,-91627.36998930704,91627.36998930704,0.0,0.0,31598.403662109373,31598.403662109373,0.0,0.0,8679.221421889617,8679.221421889617,0.0,-541892.5199470758,-541892.5199470758,94565.77707870657,94565.77707870657,94465.77707870657,0.0,100.0,0.0,0.0,94565.77707870657,54288.15199470758,1,0.0,100.0
4091,45341.08108861111,0.0,-453410.81088611105,0.0,10.0,0.0,-0.0,0.1,0.361316071,36.131607100000004,0.0,0.0,100.0,1.0,0.11,-11.0,-1503.658258504358,1503.658258504358,0.0,-1503.658258504358,1503.658258504358,0.0,-89736.89570077905,89736.89570077905,0.0,0.0,34477.78482421875,34477.78482421875,0.0,0.0,12825.346304957906,12825.346304957906,0.0,-453421.81088611105,-453421.81088611105,92744.21221778776,92744.21221778776,92644.21221778776,0.0,100.0,0.0,0.0,92744.21221778776,45441.08108861111,1,0.0,100.0
4092,37102.02835896696,0.0,-371020.2835896696,0.0,10.0,0.0,-0.0,0.1,0.386450489,38.6450489,0.0,0.0,100.0,1.0,0.11,-11.0,-1498.8852656259494,1498.8852656259494,0.0,-1498.8852656259494,1498.8852656259494,0.0,-93160.50945405247,93160.50945405247,0.0,0.0,33056.791523437496,33056.791523437496,0.0,0.0,25899.46010289991,25899.46010289991,0.0,-371031.2835896696,-371031.2835896696,96158.27998530437,96158.27998530437,96058.27998530437,0.0,100.0,0.0,0.0,96158.27998530437,37202.02835896696,1,0.0,100.0
4093,39909.556298794516,0.0,-399095.56298794516,0.0,10.0,0.0,-0.0,0.1,0.3913861529999999,39.13861529999999,0.0,0.0,100.0,1.0,0.11,-11.0,-1511.8906680839048,1511.8906680839048,0.0,-1511.8906680839048,1511.8906680839048,0.0,-93402.37393574703,93402.37393574703,0.0,0.0,32009.743828125,32009.743828125,0.0,0.0,24406.855144995327,24406.855144995327,0.0,-399106.56298794516,-399106.56298794516,96426.15527191485,96426.15527191485,96326.15527191485,0.0,100.0,0.0,0.0,96426.15527191485,40009.556298794516,1,0.0,100.0
4094,45318.82030653764,0.0,-453188.2030653764,0.0,10.0,0.0,-0.0,0.1,0.395561868,39.5561868,0.0,0.0,100.0,1.0,0.08,-8.0,-1479.1762383484834,1479.1762383484834,0.0,-1479.1762383484834,1479.1762383484834,0.0,-93365.38838142034,93365.38838142034,0.0,0.0,27410.212880859373,27410.212880859373,0.0,0.0,23494.7076707203,23494.7076707203,0.0,-453196.2030653764,-453196.2030653764,96323.74085811732,96323.74085811731,96223.74085811732,0.0,100.0,0.0,0.0,96323.74085811731,45418.82030653763,1,0.0,100.0
4095,60348.526221428096,0.0,-603485.2622142809,0.0,10.0,0.0,-0.0,0.1,0.3960364779999999,39.60364779999999,0.0,0.0,100.0,1.0,0.08,-8.0,-1447.9127534397342,1447.9127534397342,0.0,-1447.9127534397342,1447.9127534397342,0.0,-96173.9072494692,96173.9072494692,0.0,0.0,23446.389462890624,23446.389462890624,0.0,0.0,15174.817072029937,15174.817072029937,0.0,-603493.2622142809,-603493.2622142809,99069.73275634865,99069.73275634866,98969.73275634865,0.0,100.0,0.0,0.0,99069.73275634866,60448.5262214281,1,0.0,100.0
4096,62953.533889594066,0.0,-629535.3388959407,0.0,10.0,0.0,-0.0,0.1,0.389365162,38.9365162,0.0,0.0,100.0,1.0,0.08,-8.0,-1251.8728356561078,1251.8728356561078,0.0,-1251.8728356561078,1251.8728356561078,0.0,-89503.56419836143,89503.56419836143,0.0,0.0,16266.633837890624,16266.633837890624,0.0,0.0,12687.142142188964,12687.142142188964,0.0,-629543.3388959407,-629543.3388959407,92007.30986967366,92007.30986967366,91907.30986967366,0.0,100.0,0.0,0.0,92007.30986967366,63053.533889594066,1,0.0,100.0
4097,64183.081104095436,0.0,-641830.8110409543,0.0,10.0,0.0,-0.0,0.1,0.387844641,38.7844641,0.0,0.0,100.0,1.0,0.11,-11.0,-1225.4830567855151,1225.4830567855151,0.0,-1225.4830567855151,1225.4830567855151,0.0,-76271.56099085693,76271.56099085693,0.0,0.0,9049.48365234375,9049.48365234375,0.0,0.0,5389.962347988775,5389.962347988775,0.0,-641841.8110409543,-641841.8110409543,78722.52710442797,78722.52710442797,78622.52710442797,0.0,100.0,0.0,0.0,78722.52710442797,64283.08110409544,1,0.0,100.0
4098,72251.80139931325,0.0,-722518.0139931325,0.0,10.0,0.0,-0.0,0.1,0.387247713,38.7247713,0.0,0.0,100.0,1.0,0.11,-11.0,-1133.7148641469414,1133.7148641469414,0.0,-1133.7148641469414,1133.7148641469414,0.0,-75043.29668036477,75043.29668036477,0.0,0.0,3328.115888671875,3328.115888671875,0.0,0.0,1630.8091206735269,1630.8091206735269,0.0,-722529.0139931325,-722529.0139931325,77310.72640865865,77310.72640865865,77210.72640865865,0.0,100.0,0.0,0.0,77310.72640865865,72351.80139931325,1,0.0,100.0
4099,70374.99510358376,0.0,-703749.9510358376,0.0,10.0,0.0,-0.0,0.1,0.387544173,38.7544173,0.0,0.0,100.0,1.0,0.11,-11.0,-1072.613644129467,1072.613644129467,0.0,-1072.613644129467,1072.613644129467,0.0,-68495.61281064755,68495.61281064755,0.0,0.0,0.0,0.0,0.0,0.0,165.84499532273156,165.84499532273156,0.0,-703760.9510358376,-703760.9510358376,70640.84009890648,70640.84009890648,70540.84009890648,0.0,100.0,0.0,0.0,70640.84009890648,70474.99510358376,1,0.0,100.0
4100,65538.3432601407,0.0,-655383.4326014069,0.0,10.0,0.0,-0.0,0.1,0.391198986,39.1198986,0.0,0.0,100.0,1.0,0.11,-11.0,-285.3041218936769,285.3041218936769,0.0,-285.3041218936769,285.3041218936769,0.0,-65067.73501635335,65067.73501635335,0.0,0.0,0.0,0.0,0.0,0.0,0.0,0.0,0.0,-655394.4326014069,-655394.4326014069,65638.3432601407,65638.3432601407,65538.3432601407,0.0,100.0,0.0,0.0,65638.3432601407,65638.3432601407,1,0.0,100.0
4101,21546.03695978517,0.0,-215460.3695978517,0.0,10.0,0.0,-0.0,0.1,0.381795847,38.1795847,0.0,0.0,100.0,1.0,0.11,-11.0,-262.0179136449868,262.0179136449868,0.0,-262.0179136449868,262.0179136449868,0.0,-21122.0011324952,21122.0011324952,0.0,0.0,0.0,0.0,0.0,0.0,0.0,0.0,0.0,-215471.3695978517,-215471.3695978517,21646.03695978517,21646.03695978517,21546.03695978517,0.0,100.0,0.0,0.0,21646.03695978517,21646.03695978517,1,0.0,100.0
4102,18514.5810883697,0.0,-185145.810883697,0.0,10.0,0.0,-0.0,0.1,0.382696122,38.269612200000005,0.0,0.0,100.0,1.0,0.11,-11.0,-238.5791564242952,238.5791564242952,0.0,-238.5791564242952,238.5791564242952,0.0,-18137.42277552111,18137.42277552111,0.0,0.0,0.0,0.0,0.0,0.0,0.0,0.0,0.0,-185156.810883697,-185156.810883697,18614.5810883697,18614.5810883697,18514.5810883697,0.0,100.0,0.0,0.0,18614.5810883697,18614.5810883697,1,0.0,100.0
4103,17766.727869009832,0.0,-177667.27869009832,0.0,10.0,0.0,-0.0,0.1,0.381925886,38.1925886,0.0,0.0,100.0,1.0,0.11,-11.0,-234.12772899110684,234.12772899110684,0.0,-234.12772899110684,234.12772899110684,0.0,-17398.47241102762,17398.47241102762,0.0,0.0,0.0,0.0,0.0,0.0,0.0,0.0,0.0,-177678.27869009832,-177678.27869009832,17866.727869009832,17866.727869009832,17766.727869009832,0.0,100.0,0.0,0.0,17866.727869009832,17866.727869009832,1,0.0,100.0
4104,17766.69870519078,0.0,-177666.9870519078,0.0,10.0,0.0,-0.0,0.1,0.386583491,38.6583491,0.0,0.0,100.0,1.0,0.08,-8.0,-234.11323474814228,234.11323474814228,0.0,-234.11323474814228,234.11323474814228,0.0,-17398.4722356945,17398.4722356945,0.0,0.0,0.0,0.0,0.0,0.0,0.0,0.0,0.0,-177674.9870519078,-177674.9870519078,17866.69870519078,17866.69870519078,17766.69870519078,0.0,100.0,0.0,0.0,17866.69870519078,17866.69870519078,1,0.0,100.0
4105,17766.695670992405,0.0,-177666.95670992404,0.0,10.0,0.0,-0.0,0.1,0.39592461,39.592461,0.0,0.0,100.0,1.0,0.08,-8.0,-234.111717648954,234.111717648954,0.0,-234.111717648954,234.111717648954,0.0,-17398.4722356945,17398.4722356945,0.0,0.0,0.0,0.0,0.0,0.0,0.0,0.0,0.0,-177674.95670992404,-177674.95670992404,17866.695670992405,17866.695670992405,17766.695670992405,0.0,100.0,0.0,0.0,17866.695670992405,17866.695670992405,1,0.0,100.0
4106,17766.69284951763,0.0,-177666.92849517628,0.0,10.0,0.0,-0.0,0.1,0.394064717,39.4064717,0.0,0.0,100.0,1.0,0.08,-8.0,-234.11030691156552,234.11030691156552,0.0,-234.11030691156552,234.11030691156552,0.0,-17398.4722356945,17398.4722356945,0.0,0.0,0.0,0.0,0.0,0.0,0.0,0.0,0.0,-177674.92849517628,-177674.92849517628,17866.69284951763,17866.69284951763,17766.69284951763,0.0,100.0,0.0,0.0,17866.69284951763,17866.69284951763,1,0.0,100.0
4107,18508.025817009948,0.0,-185080.25817009946,0.0,10.0,0.0,-0.0,0.1,0.378260913,37.826091299999995,0.0,0.0,100.0,1.0,0.08,-8.0,-235.3016053879944,235.3016053879944,0.0,-235.3016053879944,235.3016053879944,0.0,-18137.42260623396,18137.42260623396,0.0,0.0,0.0,0.0,0.0,0.0,0.0,0.0,0.0,-185088.25817009946,-185088.25817009946,18608.025817009948,18608.025817009948,18508.025817009948,0.0,100.0,0.0,0.0,18608.025817009948,18608.025817009948,1,0.0,100.0
4108,18535.408211912418,0.0,-185354.08211912418,0.0,10.0,0.0,-0.0,0.1,0.346883681,34.6883681,0.0,0.0,100.0,1.0,0.08,-8.0,-235.0036745221523,235.0036745221523,0.0,-235.0036745221523,235.0036745221523,0.0,-18539.346468336866,18539.346468336866,0.0,0.0,373.94560546875,373.94560546875,0.0,0.0,0.0,0.0,0.0,-185362.08211912418,-185362.08211912418,19009.35381738117,19009.35381738117,18909.35381738117,0.0,100.0,0.0,0.0,19009.35381738117,18635.408211912418,1,0.0,100.0
4109,50560.4786156772,0.0,-505604.78615677205,0.0,10.0,0.0,-0.0,0.1,0.314056435,31.405643500000004,0.0,0.0,100.0,1.0,0.11,-11.0,-545.3144047676197,545.3144047676197,0.0,-545.3144047676197,545.3144047676197,0.0,-51807.07365269284,51807.07365269284,0.0,0.0,1159.231376953125,1159.231376953125,0.0,0.0,1077.992469597755,1077.992469597755,0.0,-505615.78615677205,-505615.78615677205,52897.70246222808,52897.70246222808,52797.70246222808,0.0,100.0,0.0,0.0,52897.70246222808,50660.4786156772,1,0.0,100.0
4110,55884.46557103071,0.0,-558844.6557103072,0.0,10.0,0.0,-0.0,0.1,0.288941849,28.8941849,0.0,0.0,100.0,1.0,0.11,-11.0,-862.1491118656805,862.1491118656805,0.0,-862.1491118656805,862.1491118656805,0.0,-59602.85492898711,59602.85492898711,0.0,0.0,2468.04099609375,2468.04099609375,0.0,0.0,2874.6465855940137,2874.6465855940137,0.0,-558855.6557103072,-558855.6557103072,61327.15315271848,61327.15315271847,61227.15315271848,0.0,100.0,0.0,0.0,61327.15315271847,55984.465571030705,1,0.0,100.0
4111,83755.20127857353,0.0,-837552.0127857353,0.0,10.0,0.0,-0.0,0.1,0.271645932,27.1645932,0.0,0.0,100.0,1.0,0.11,-11.0,-1278.3758111809277,1278.3758111809277,0.0,-1278.3758111809277,1278.3758111809277,0.0,-95053.5775844832,95053.5775844832,0.0,0.0,5048.265673828125,5048.265673828125,0.0,0.0,8706.862254443406,8706.862254443406,0.0,-837563.0127857353,-837563.0127857353,97610.32920684505,97610.32920684505,97510.32920684505,0.0,100.0,0.0,0.0,97610.32920684505,83855.20127857353,1,0.0,100.0
4112,80316.98636245514,0.0,-803169.8636245513,0.0,10.0,0.0,-0.0,0.1,0.262741572,26.274157199999998,0.0,0.0,100.0,1.0,0.11,-11.0,-1337.1951295806948,1337.1951295806948,0.0,-1337.1951295806948,1337.1951295806948,0.0,-95572.20563806998,95572.20563806998,0.0,0.0,7104.96650390625,7104.96650390625,0.0,0.0,10724.643030869973,10724.643030869973,0.0,-803180.8636245513,-803180.8636245513,98246.59589723137,98246.59589723137,98146.59589723137,0.0,100.0,0.0,0.0,98246.59589723137,80416.98636245515,1,0.0,100.0
4113,71328.47705273252,0.0,-713284.7705273251,0.0,10.0,0.0,-0.0,0.1,0.263258258,26.325825800000004,0.0,0.0,100.0,1.0,0.11,-11.0,-1429.3901978967071,1429.3901978967071,0.0,-1429.3901978967071,1429.3901978967071,0.0,-92597.27085058532,92597.27085058532,0.0,0.0,8825.1162890625,8825.1162890625,0.0,0.0,15202.457904583724,15202.457904583724,0.0,-713295.7705273251,-713295.7705273251,95456.05124637875,95456.05124637873,95356.05124637875,0.0,100.0,0.0,0.0,95456.05124637873,71428.47705273252,1,0.0,100.0
4114,57120.16964783626,0.0,-571201.6964783625,0.0,10.0,0.0,-0.0,0.1,0.275678325,27.5678325,0.0,0.0,100.0,1.0,0.11,-11.0,-1486.8347766448974,1486.8347766448974,0.0,-1486.8347766448974,1486.8347766448974,0.0,-92277.93809000804,92277.93809000804,0.0,0.0,14509.0894921875,14509.0894921875,0.0,0.0,23522.34850327409,23522.34850327409,0.0,-571212.6964783625,-571212.6964783625,95251.60764329784,95251.60764329784,95151.60764329784,0.0,100.0,0.0,0.0,95251.60764329784,57220.16964783626,1,0.0,100.0
4115,53115.48527436674,0.0,-531154.8527436674,0.0,10.0,0.0,-0.0,0.1,0.285737093,28.5737093,0.0,0.0,100.0,1.0,0.11,-11.0,-1495.2622580331094,1495.2622580331094,0.0,-1495.2622580331094,1495.2622580331094,0.0,-89342.61945824827,89342.61945824827,0.0,0.0,12527.177783203124,12527.177783203124,0.0,0.0,26590.480916744626,26590.480916744626,0.0,-531165.8527436674,-531165.8527436674,92333.1439743145,92333.14397431449,92233.1439743145,0.0,100.0,0.0,0.0,92333.14397431449,53215.485274366736,1,0.0,100.0
4116,57981.15434965954,0.0,-579811.5434965955,0.0,10.0,0.0,-0.0,0.1,0.315085679,31.5085679,0.0,0.0,100.0,1.0,0.11,-11.0,-1487.191158968361,1487.191158968361,0.0,-1487.191158968361,1487.191158968361,0.0,-92058.69206448198,92058.69206448198,0.0,0.0,12489.78322265625,12489.78322265625,0.0,0.0,24462.136810102904,24462.136810102904,0.0,-579822.5434965955,-579822.5434965955,95033.0743824187,95033.0743824187,94933.0743824187,0.0,100.0,0.0,0.0,95033.0743824187,58081.15434965954,1,0.0,100.0
4117,58022.23522542911,0.0,-580222.3522542911,0.0,10.0,0.0,-0.0,0.1,0.327579201,32.7579201,0.0,0.0,100.0,1.0,0.11,-11.0,-1499.2306573695746,1499.2306573695746,0.0,-1499.2306573695746,1499.2306573695746,0.0,-91981.42898580946,91981.42898580946,0.0,0.0,11704.497451171874,11704.497451171874,0.0,0.0,25153.15762394762,25153.15762394762,0.0,-580233.3522542911,-580233.3522542911,94979.8903005486,94979.8903005486,94879.8903005486,0.0,100.0,0.0,0.0,94979.8903005486,58122.23522542911,1,0.0,100.0
4118,63024.173401247506,0.0,-630241.734012475,0.0,10.0,0.0,-0.0,0.1,0.324848927,32.4848927,0.0,0.0,100.0,1.0,0.08,-8.0,-1493.0883789153568,1493.0883789153568,0.0,-1493.0883789153568,1493.0883789153568,0.0,-91713.07523679224,91713.07523679224,0.0,0.0,10208.715029296874,10208.715029296874,0.0,0.0,21366.36356407858,21366.36356407858,0.0,-630249.734012475,-630249.734012475,94699.25199462296,94699.25199462296,94599.25199462296,0.0,100.0,0.0,0.0,94699.25199462296,63124.173401247506,0,0.0,100.0
4119,69937.47413387937,0.0,-699374.7413387937,0.0,10.0,0.0,-0.0,0.1,0.326966128,32.696612800000004,0.0,0.0,100.0,1.0,0.08,-8.0,-1478.81374628859,1478.81374628859,0.0,-1478.81374628859,1478.81374628859,0.0,-94552.80279561917,94552.80279561917,0.0,0.0,8152.01419921875,8152.01419921875,0.0,0.0,19320.941955098224,19320.941955098224,0.0,-699382.7413387937,-699382.7413387937,97510.43028819634,97510.43028819635,97410.43028819634,0.0,100.0,0.0,0.0,97510.43028819635,70037.47413387938,0,0.0,100.0
4120,64354.25236203668,0.0,-643542.5236203668,0.0,10.0,0.0,-0.0,0.1,0.3457476579999999,34.57476579999999,0.0,0.0,100.0,1.0,0.08,-8.0,-1254.9206054133444,1254.9206054133444,0.0,-1254.9206054133444,1254.9206054133444,0.0,-88015.34393024741,88015.34393024741,0.0,0.0,17612.838017578124,17612.838017578124,0.0,0.0,8458.09476145931,8458.09476145931,0.0,-643550.5236203668,-643550.5236203668,90525.18514107411,90525.18514107411,90425.18514107411,0.0,100.0,0.0,0.0,90525.18514107411,64454.25236203667,1,0.0,100.0
4121,65648.30115678377,0.0,-656483.0115678377,0.0,10.0,0.0,-0.0,0.1,0.368356911,36.8356911,0.0,0.0,100.0,1.0,0.11,-11.0,-1227.015799777754,1227.015799777754,0.0,-1227.015799777754,1227.015799777754,0.0,-76907.85776155912,76907.85776155912,0.0,0.0,6731.020898437499,6731.020898437499,0.0,0.0,6882.567305893359,6882.567305893359,0.0,-656494.0115678377,-656494.0115678377,79361.88936111462,79361.88936111463,79261.88936111462,0.0,100.0,0.0,0.0,79361.88936111463,65748.30115678377,1,0.0,100.0
4122,71978.64392810033,0.0,-719786.4392810033,0.0,10.0,0.0,-0.0,0.1,0.387821629,38.7821629,0.0,0.0,100.0,1.0,0.11,-11.0,-1159.741813712909,1159.741813712909,0.0,-1159.741813712909,1159.741813712909,0.0,-75857.87246986739,75857.87246986739,0.0,0.0,3141.1430859375,3141.1430859375,0.0,0.0,2957.569083255379,2957.569083255379,0.0,-719797.4392810033,-719797.4392810033,78177.3560972932,78177.3560972932,78077.3560972932,0.0,100.0,0.0,0.0,78177.3560972932,72078.64392810033,1,0.0,100.0
4123,70391.22640723453,0.0,-703912.2640723453,0.0,10.0,0.0,-0.0,0.1,0.394257908,39.4257908,0.0,0.0,100.0,1.0,0.11,-11.0,-1082.235512461271,1082.235512461271,0.0,-1082.235512461271,1082.235512461271,0.0,-68575.52287529608,68575.52287529608,0.0,0.0,0.0,0.0,0.0,0.0,248.7674929840973,248.7674929840973,0.0,-703923.2640723453,-703923.2640723453,70739.99390021863,70739.99390021863,70639.99390021863,0.0,100.0,0.0,0.0,70739.99390021863,70491.22640723453,1,0.0,100.0
4124,68853.78031533906,0.0,-688537.8031533905,0.0,10.0,0.0,-0.0,0.1,0.3889652329999999,38.89652329999999,0.0,0.0,100.0,1.0,0.11,-11.0,-299.9950259850222,299.9950259850222,0.0,-299.9950259850222,299.9950259850222,0.0,-68353.79026336901,68353.79026336901,0.0,0.0,0.0,0.0,0.0,0.0,0.0,0.0,0.0,-688548.8031533905,-688548.8031533905,68953.78031533906,68953.78031533906,68853.78031533906,0.0,100.0,0.0,0.0,68953.78031533906,68953.78031533906,1,0.0,100.0
4125,21536.88829914285,0.0,-215368.88299142852,0.0,10.0,0.0,-0.0,0.1,0.392077219,39.207721899999996,0.0,0.0,100.0,1.0,0.11,-11.0,-257.4436649444188,257.4436649444188,0.0,-257.4436649444188,257.4436649444188,0.0,-21122.00096925401,21122.00096925401,0.0,0.0,0.0,0.0,0.0,0.0,0.0,0.0,0.0,-215379.88299142852,-215379.88299142852,21636.88829914285,21636.88829914285,21536.88829914285,0.0,100.0,0.0,0.0,21636.88829914285,21636.88829914285,1,0.0,100.0
4126,18511.55713545931,0.0,-185115.5713545931,0.0,10.0,0.0,-0.0,0.1,0.396585731,39.6585731,0.0,0.0,100.0,1.0,0.11,-11.0,-237.0672646126755,237.0672646126755,0.0,-237.0672646126755,237.0672646126755,0.0,-18137.42260623396,18137.42260623396,0.0,0.0,0.0,0.0,0.0,0.0,0.0,0.0,0.0,-185126.5713545931,-185126.5713545931,18611.55713545931,18611.55713545931,18511.55713545931,0.0,100.0,0.0,0.0,18611.55713545931,18611.55713545931,1,0.0,100.0
4127,17766.66128023083,0.0,-177666.6128023083,0.0,10.0,0.0,-0.0,0.1,0.387941331,38.7941331,0.0,0.0,100.0,1.0,0.11,-11.0,-234.0945222681661,234.0945222681661,0.0,-234.0945222681661,234.0945222681661,0.0,-17398.4722356945,17398.4722356945,0.0,0.0,0.0,0.0,0.0,0.0,0.0,0.0,0.0,-177677.6128023083,-177677.6128023083,17866.66128023083,17866.66128023083,17766.66128023083,0.0,100.0,0.0,0.0,17866.66128023083,17866.66128023083,1,0.0,100.0
4128,17766.626535576175,0.0,-177666.26535576175,0.0,10.0,0.0,-0.0,0.1,0.384180298,38.4180298,0.0,0.0,100.0,1.0,0.08,-8.0,-234.07723458441583,234.07723458441583,0.0,-234.07723458441583,234.07723458441583,0.0,-17398.472066407343,17398.472066407343,0.0,0.0,0.0,0.0,0.0,0.0,0.0,0.0,0.0,-177674.26535576175,-177674.26535576175,17866.626535576175,17866.626535576175,17766.626535576175,0.0,100.0,0.0,0.0,17866.626535576175,17866.626535576175,1,0.0,100.0
4129,17766.623094612787,0.0,-177666.23094612788,0.0,10.0,0.0,-0.0,0.1,0.365010652,36.5010652,0.0,0.0,100.0,1.0,0.08,-8.0,-234.0755110797365,234.0755110797365,0.0,-234.0755110797365,234.0755110797365,0.0,-17398.472072453314,17398.472072453314,0.0,0.0,0.0,0.0,0.0,0.0,0.0,0.0,0.0,-177674.23094612788,-177674.23094612788,17866.623094612787,17866.623094612787,17766.623094612787,0.0,100.0,0.0,0.0,17866.623094612787,17866.623094612787,1,0.0,100.0
4130,17766.577345126654,0.0,-177665.77345126655,0.0,10.0,0.0,-0.0,0.1,0.374636235,37.4636235,0.0,0.0,100.0,1.0,0.08,-8.0,-234.05263935965584,234.05263935965584,0.0,-234.05263935965584,234.05263935965584,0.0,-17398.472066407343,17398.472066407343,0.0,0.0,0.0,0.0,0.0,0.0,0.0,0.0,0.0,-177673.77345126655,-177673.77345126655,17866.577345126654,17866.577345126654,17766.577345126654,0.0,100.0,0.0,0.0,17866.577345126654,17866.577345126654,1,0.0,100.0
4131,18507.759559454247,0.0,-185077.59559454248,0.0,10.0,0.0,-0.0,0.1,0.365627154,36.5627154,0.0,0.0,100.0,1.0,0.08,-8.0,-235.16856125371984,235.16856125371984,0.0,-235.16856125371984,235.16856125371984,0.0,-18137.422436946807,18137.422436946807,0.0,0.0,0.0,0.0,0.0,0.0,0.0,0.0,0.0,-185085.59559454248,-185085.59559454248,18607.759559454247,18607.759559454247,18507.759559454247,0.0,100.0,0.0,0.0,18607.759559454247,18607.759559454247,1,0.0,100.0
4132,18610.0411387018,0.0,-186100.411387018,0.0,10.0,0.0,-0.0,0.1,0.336825169,33.682516899999996,0.0,0.0,100.0,1.0,0.08,-8.0,-234.9257043353337,234.9257043353337,0.0,-234.9257043353337,234.9257043353337,0.0,-18539.34621440613,18539.34621440613,0.0,0.0,299.156484375,299.156484375,0.0,0.0,0.0,0.0,0.0,-186108.411387018,-186108.411387018,19009.197623076798,19009.197623076798,18909.197623076798,0.0,100.0,0.0,0.0,19009.197623076798,18710.0411387018,1,0.0,100.0
4133,52345.99426538769,0.0,-523459.94265387696,0.0,10.0,0.0,-0.0,0.1,0.29905294,29.905293999999998,0.0,0.0,100.0,1.0,0.11,-11.0,-517.4612959040545,517.4612959040545,0.0,-517.4612959040545,517.4612959040545,0.0,-56869.1204008784,56869.1204008784,0.0,0.0,4076.007099609375,4076.007099609375,0.0,0.0,1382.0416276894296,1382.0416276894296,0.0,-523470.94265387696,-523470.94265387696,57904.042992686496,57904.0429926865,57804.042992686496,0.0,100.0,0.0,0.0,57904.0429926865,52445.9942653877,1,0.0,100.0
4134,49114.46639037429,0.0,-491144.6639037429,0.0,10.0,0.0,-0.0,0.1,0.273584338,27.358433799999997,0.0,0.0,100.0,1.0,0.11,-11.0,-824.6492484359852,824.6492484359852,0.0,-824.6492484359852,824.6492484359852,0.0,-64262.965547797365,64262.965547797365,0.0,0.0,10395.68783203125,10395.68783203125,0.0,0.0,6302.109822263799,6302.109822263799,0.0,-491155.6639037429,-491155.6639037429,65912.26404466934,65912.26404466934,65812.26404466934,0.0,100.0,0.0,0.0,65912.26404466934,49214.46639037429,1,0.0,100.0
4135,71401.99050581,0.0,-714019.9050581,0.0,10.0,0.0,-0.0,0.1,0.265043869,26.5043869,0.0,0.0,100.0,1.0,0.11,-11.0,-1238.5043465665935,1238.5043465665935,0.0,-1238.5043465665935,1238.5043465665935,0.0,-97208.05518410126,97208.05518410126,0.0,0.0,16491.001201171875,16491.001201171875,0.0,0.0,11692.072170252572,11692.072170252572,0.0,-714030.9050581,-714030.9050581,99685.06387723444,99685.06387723445,99585.06387723444,0.0,100.0,0.0,0.0,99685.06387723445,71501.99050581001,1,0.0,100.0
4136,53887.23024545705,0.0,-538872.3024545705,0.0,10.0,0.0,-0.0,0.1,0.260322607,26.0322607,0.0,0.0,100.0,1.0,0.11,-11.0,-1301.250569393123,1301.250569393123,0.0,-1301.250569393123,1301.250569393123,0.0,-94298.33482511569,94298.33482511569,0.0,0.0,24643.015400390625,24643.015400390625,0.0,0.0,18270.59031805426,18270.59031805426,0.0,-538883.3024545705,-538883.3024545705,96900.83596390195,96900.83596390193,96800.83596390195,0.0,100.0,0.0,0.0,96900.83596390193,53987.230245457045,1,0.0,100.0
4137,39075.554955829975,0.0,-390755.54955829977,0.0,10.0,0.0,-0.0,0.1,0.256987714,25.6987714,0.0,0.0,100.0,1.0,0.11,-11.0,-1357.2816282745937,1357.2816282745937,0.0,-1357.2816282745937,1357.2816282745937,0.0,-91627.24018233849,91627.24018233849,0.0,0.0,32196.716630859373,32196.716630859373,0.0,0.0,22969.53185219832,22969.53185219832,0.0,-390766.54955829977,-390766.54955829977,94341.80343888767,94341.80343888767,94241.80343888767,0.0,100.0,0.0,0.0,94341.80343888767,39175.554955829975,1,0.0,100.0
4138,31295.134883619838,0.0,-312951.3488361984,0.0,10.0,0.0,-0.0,0.1,0.257581474,25.7581474,0.0,0.0,100.0,1.0,0.11,-11.0,-1428.34457102659,1428.34457102659,0.0,-1428.34457102659,1428.34457102659,0.0,-91619.50472691914,91619.50472691914,0.0,0.0,36684.063896484375,36684.063896484375,0.0,0.0,26396.995088868105,26396.995088868105,0.0,-312962.3488361984,-312962.3488361984,94476.19386897232,94476.19386897232,94376.19386897232,0.0,100.0,0.0,0.0,94476.19386897232,31395.134883619838,1,0.0,100.0
4139,27219.170439358513,0.0,-272191.70439358515,0.0,10.0,0.0,-0.0,0.1,0.261286852,26.1286852,0.0,0.0,100.0,1.0,0.11,-11.0,-1465.2694137795097,1465.2694137795097,0.0,-1465.2694137795097,1465.2694137795097,0.0,-88928.1733168009,88928.1733168009,0.0,0.0,36235.32916992188,36235.32916992188,0.0,0.0,28304.21253507952,28304.21253507952,0.0,-272202.70439358515,-272202.70439358515,91858.71214435992,91858.71214435992,91758.71214435992,0.0,100.0,0.0,0.0,91858.71214435992,27319.17043935851,1,0.0,100.0
4140,34713.171632621765,0.0,-347131.71632621763,0.0,10.0,0.0,-0.0,0.1,0.277769136,27.776913600000004,0.0,0.0,100.0,1.0,0.11,-11.0,-1458.5502434842026,1458.5502434842026,0.0,-1458.5502434842026,1458.5502434842026,0.0,-91719.03716747208,91719.03716747208,0.0,0.0,31187.06349609375,31187.06349609375,0.0,0.0,28635.90252572498,28635.90252572498,0.0,-347142.71632621763,-347142.71632621763,94636.1376544405,94636.13765444049,94536.1376544405,0.0,100.0,0.0,0.0,94636.13765444049,34813.17163262176,1,0.0,100.0
4141,34249.587431911175,0.0,-342495.87431911175,0.0,10.0,0.0,-0.0,0.1,0.287671823,28.767182299999998,0.0,0.0,100.0,1.0,0.11,-11.0,-1490.575713197061,1490.575713197061,0.0,-1490.575713197061,1490.575713197061,0.0,-90228.8339422296,90228.8339422296,0.0,0.0,31523.614541015624,31523.614541015624,0.0,0.0,27336.783395696915,27336.783395696915,0.0,-342506.87431911175,-342506.87431911175,93209.98536862372,93209.98536862372,93109.98536862372,0.0,100.0,0.0,0.0,93209.98536862372,34349.587431911175,1,0.0,100.0
4142,42167.9486270379,0.0,-421679.486270379,0.0,10.0,0.0,-0.0,0.1,0.294523413,29.4523413,0.0,0.0,100.0,1.0,0.08,-8.0,-1472.083944834318,1472.083944834318,0.0,-1472.083944834318,1472.083944834318,0.0,-89812.53168809717,89812.53168809717,0.0,0.0,26026.614140625,26026.614140625,0.0,0.0,24462.136810102904,24462.136810102904,0.0,-421687.486270379,-421687.486270379,92756.6995777658,92756.6995777658,92656.6995777658,0.0,100.0,0.0,0.0,92756.6995777658,42267.9486270379,1,0.0,100.0
4143,51931.549184202704,0.0,-519315.49184202706,0.0,10.0,0.0,-0.0,0.1,0.2889660089999999,28.896600899999992,0.0,0.0,100.0,1.0,0.08,-8.0,-1472.1981641016005,1472.1981641016005,0.0,-1472.1981641016005,1472.1981641016005,0.0,-93168.21818628591,93168.21818628591,0.0,0.0,23820.33506835937,23820.33506835937,0.0,0.0,20260.73026192704,20260.73026192704,0.0,-519323.49184202706,-519323.49184202706,96112.6145144891,96112.61451448912,96012.6145144891,0.0,100.0,0.0,0.0,96112.61451448912,52031.54918420271,1,0.0,100.0
4144,58703.99659072399,0.0,-587039.9659072399,0.0,10.0,0.0,-0.0,0.1,0.290586623,29.058662299999998,0.0,0.0,100.0,1.0,0.08,-8.0,-1280.4513102364751,1280.4513102364751,0.0,-1280.4513102364751,1280.4513102364751,0.0,-87326.86602783808,87326.86602783808,0.0,0.0,15743.109990234374,15743.109990234374,0.0,0.0,15340.662067352669,15340.662067352669,0.0,-587047.9659072399,-587047.9659072399,89887.76864831103,89887.76864831103,89787.76864831103,0.0,100.0,0.0,0.0,89887.76864831103,58803.99659072399,1,0.0,100.0
4145,61218.925587812446,0.0,-612189.2558781245,0.0,10.0,0.0,-0.0,0.1,0.317419414,31.7419414,0.0,0.0,100.0,1.0,0.11,-11.0,-1269.6267602470011,1269.6267602470011,0.0,-1269.6267602470011,1269.6267602470011,0.0,-77623.73255225617,77623.73255225617,0.0,0.0,9722.5857421875,9722.5857421875,0.0,0.0,9121.474742750235,9121.474742750235,0.0,-612200.2558781245,-612200.2558781245,80162.98607275018,80162.98607275018,80062.98607275018,0.0,100.0,0.0,0.0,80162.98607275018,61318.925587812446,1,0.0,100.0
4146,72015.70215249731,0.0,-720157.0215249731,0.0,10.0,0.0,-0.0,0.1,0.352883839,35.2883839,0.0,0.0,100.0,1.0,0.11,-11.0,-1216.8612538117184,1216.8612538117184,0.0,-1216.8612538117184,1216.8612538117184,0.0,-76183.93022295504,76183.93022295504,0.0,0.0,2991.56484375,2991.56484375,0.0,0.0,3510.385734331151,3510.385734331151,0.0,-720168.0215249731,-720168.0215249731,78617.65273057845,78617.65273057847,78517.65273057845,0.0,100.0,0.0,0.0,78617.65273057847,72115.70215249732,1,0.0,100.0
4147,70409.64003077129,0.0,-704096.4003077128,0.0,10.0,0.0,-0.0,0.1,0.357144235,35.714423499999995,0.0,0.0,100.0,1.0,0.11,-11.0,-1134.1175841474976,1134.1175841474976,0.0,-1134.1175841474976,1134.1175841474976,0.0,-68517.81318801417,68517.81318801417,0.0,0.0,0.0,0.0,0.0,0.0,276.4083255378859,276.4083255378859,0.0,-704107.4003077128,-704107.4003077128,70786.04835630917,70786.04835630917,70686.04835630917,0.0,100.0,0.0,0.0,70786.04835630917,70509.64003077129,1,0.0,100.0
4148,66976.11987407155,0.0,-669761.1987407155,0.0,10.0,0.0,-0.0,0.1,0.388480285,38.8480285,0.0,0.0,100.0,1.0,0.11,-11.0,-302.66974231548613,302.66974231548613,0.0,-302.66974231548613,302.66974231548613,0.0,-66470.78038944058,66470.78038944058,0.0,0.0,0.0,0.0,0.0,0.0,0.0,0.0,0.0,-669772.1987407155,-669772.1987407155,67076.11987407155,67076.11987407155,66976.11987407155,0.0,100.0,0.0,0.0,67076.11987407155,67076.11987407155,1,0.0,100.0
4149,21574.296029011814,0.0,-215742.96029011812,0.0,10.0,0.0,-0.0,0.1,0.382917332,38.2917332,0.0,0.0,100.0,1.0,0.11,-11.0,-276.1476235914272,276.1476235914272,0.0,-276.1476235914272,276.1476235914272,0.0,-21122.00078182896,21122.00078182896,0.0,0.0,0.0,0.0,0.0,0.0,0.0,0.0,0.0,-215753.96029011812,-215753.96029011812,21674.296029011814,21674.296029011814,21574.296029011814,0.0,100.0,0.0,0.0,21674.296029011814,21674.296029011814,1,0.0,100.0
4150,18553.096762604753,0.0,-185530.96762604752,0.0,10.0,0.0,-0.0,0.1,0.3678748639999999,36.78748639999999,0.0,0.0,100.0,1.0,0.11,-11.0,-257.83716887494376,257.83716887494376,0.0,-257.83716887494376,257.83716887494376,0.0,-18137.422424854867,18137.422424854867,0.0,0.0,0.0,0.0,0.0,0.0,0.0,0.0,0.0,-185541.96762604752,-185541.96762604752,18653.096762604753,18653.096762604753,18553.096762604753,0.0,100.0,0.0,0.0,18653.096762604753,18653.096762604753,1,0.0,100.0
4151,17766.729891525556,0.0,-177667.29891525555,0.0,10.0,0.0,-0.0,0.1,0.360396286,36.0396286,0.0,0.0,100.0,1.0,0.11,-11.0,-234.1289155820904,234.1289155820904,0.0,-234.1289155820904,234.1289155820904,0.0,-17398.472060361375,17398.472060361375,0.0,0.0,0.0,0.0,0.0,0.0,0.0,0.0,0.0,-177678.29891525555,-177678.29891525555,17866.729891525556,17866.729891525556,17766.729891525556,0.0,100.0,0.0,0.0,17866.729891525556,17866.729891525556,1,0.0,100.0
4152,17766.700431487472,0.0,-177667.0043148747,0.0,10.0,0.0,-0.0,0.1,0.36546617,36.546617,0.0,0.0,100.0,1.0,0.08,-8.0,-234.11427020662347,234.11427020662347,0.0,-234.11427020662347,234.11427020662347,0.0,-17398.471891074227,17398.471891074227,0.0,0.0,0.0,0.0,0.0,0.0,0.0,0.0,0.0,-177675.0043148747,-177675.0043148747,17866.700431487472,17866.700431487472,17766.700431487472,0.0,100.0,0.0,0.0,17866.700431487472,17866.700431487472,1,0.0,100.0
4153,17766.654592919866,0.0,-177666.54592919865,0.0,10.0,0.0,-0.0,0.1,0.34985264,34.985264,0.0,0.0,100.0,1.0,0.08,-8.0,-234.09134789983312,234.09134789983312,0.0,-234.09134789983312,234.09134789983312,0.0,-17398.4718971202,17398.4718971202,0.0,0.0,0.0,0.0,0.0,0.0,0.0,0.0,0.0,-177674.54592919865,-177674.54592919865,17866.654592919866,17866.654592919866,17766.654592919866,0.0,100.0,0.0,0.0,17866.654592919866,17866.654592919866,1,0.0,100.0
4154,17766.621118158495,0.0,-177666.21118158495,0.0,10.0,0.0,-0.0,0.1,0.333388079,33.3388079,0.0,0.0,100.0,1.0,0.08,-8.0,-234.07461051914768,234.07461051914768,0.0,-234.07461051914768,234.07461051914768,0.0,-17398.4718971202,17398.4718971202,0.0,0.0,0.0,0.0,0.0,0.0,0.0,0.0,0.0,-177674.21118158495,-177674.21118158495,17866.621118158495,17866.621118158495,17766.621118158495,0.0,100.0,0.0,0.0,17866.621118158495,17866.621118158495,1,0.0,100.0
4155,18517.18247122403,0.0,-185171.8247122403,0.0,10.0,0.0,-0.0,0.1,0.298616945,29.861694500000002,0.0,0.0,100.0,1.0,0.08,-8.0,-239.88010178218573,239.88010178218573,0.0,-239.88010178218573,239.88010178218573,0.0,-18137.42226765966,18137.42226765966,0.0,0.0,0.0,0.0,0.0,0.0,0.0,0.0,0.0,-185179.8247122403,-185179.8247122403,18617.18247122403,18617.18247122403,18517.18247122403,0.0,100.0,0.0,0.0,18617.18247122403,18617.18247122403,1,0.0,100.0
4156,18655.30642308818,0.0,-186553.0642308818,0.0,10.0,0.0,-0.0,0.1,0.283163995,28.3163995,0.0,0.0,100.0,1.0,0.08,-8.0,-238.8612083353701,238.8612083353701,0.0,-238.8612083353701,238.8612083353701,0.0,-18539.345930245563,18539.345930245563,0.0,0.0,261.76192382812496,261.76192382812496,0.0,0.0,0.0,0.0,0.0,-186561.0642308818,-186561.0642308818,19017.068346916305,19017.068346916305,18917.068346916305,0.0,100.0,0.0,0.0,19017.068346916305,18755.30642308818,1,0.0,100.0
4157,51271.417748807704,0.0,-512714.177488077,0.0,10.0,0.0,-0.0,0.1,0.260971585,26.0971585,0.0,0.0,100.0,1.0,0.11,-11.0,-529.2530566689985,529.2530566689985,0.0,-529.2530566689985,529.2530566689985,0.0,-54693.03113205128,54693.03113205128,0.0,0.0,2804.592041015625,2804.592041015625,0.0,0.0,1575.5274555659498,1575.5274555659498,0.0,-512725.177488077,-512725.177488077,55751.53724538928,55751.53724538928,55651.53724538928,0.0,100.0,0.0,0.0,55751.53724538928,51371.417748807704,1,0.0,100.0
4158,47323.86040922043,0.0,-473238.60409220436,0.0,10.0,0.0,-0.0,0.1,0.247688626,24.7688626,0.0,0.0,100.0,1.0,0.11,-11.0,-813.2777331003308,813.2777331003308,0.0,-813.2777331003308,813.2777331003308,0.0,-61290.3432832472,61290.3432832472,0.0,0.0,9273.851015625,9273.851015625,0.0,0.0,6219.187324602433,6219.187324602433,0.0,-473249.60409220436,-473249.60409220436,62916.898749447864,62916.898749447864,62816.898749447864,0.0,100.0,0.0,0.0,62916.898749447864,47423.86040922043,1,0.0,100.0
4159,68365.10871232142,0.0,-683651.0871232143,0.0,10.0,0.0,-0.0,0.1,0.244123292,24.4123292,0.0,0.0,100.0,1.0,0.11,-11.0,-1229.6441433677146,1229.6441433677146,0.0,-1229.6441433677146,1229.6441433677146,0.0,-95123.78943012258,95123.78943012258,0.0,0.0,16790.157685546874,16790.157685546874,0.0,0.0,12327.811318989712,12327.811318989712,0.0,-683662.0871232143,-683662.0871232143,97583.07771685801,97583.07771685801,97483.07771685801,0.0,100.0,0.0,0.0,97583.07771685801,68465.10871232142,1,0.0,100.0
4160,57192.94758058396,0.0,-571929.4758058396,0.0,10.0,0.0,-0.0,0.1,0.239659559,23.9659559,0.0,0.0,100.0,1.0,0.11,-11.0,-1316.5360926827116,1316.5360926827116,0.0,-1316.5360926827116,1316.5360926827116,0.0,-95495.6208567334,95495.6208567334,0.0,0.0,23035.049296875,23035.049296875,0.0,0.0,17800.696164639852,17800.696164639852,0.0,-571940.4758058396,-571940.4758058396,98128.6930420988,98128.69304209882,98028.6930420988,0.0,100.0,0.0,0.0,98128.69304209882,57292.94758058397,1,0.0,100.0
4161,44754.32619167948,0.0,-447543.2619167948,0.0,10.0,0.0,-0.0,0.1,0.241262294,24.1262294,0.0,0.0,100.0,1.0,0.11,-11.0,-1399.7025291617667,1399.7025291617667,0.0,-1399.7025291617667,1399.7025291617667,0.0,-92250.9337665302,92250.9337665302,0.0,0.0,27447.60744140625,27447.60744140625,0.0,0.0,22748.40519176801,22748.40519176801,0.0,-447554.2619167948,-447554.2619167948,95050.33882485374,95050.33882485374,94950.33882485374,0.0,100.0,0.0,0.0,95050.33882485374,44854.32619167947,1,0.0,100.0
4162,45683.694057467874,0.0,-456836.9405746787,0.0,10.0,0.0,-0.0,0.1,0.246188185,24.6188185,0.0,0.0,100.0,1.0,0.11,-11.0,-1461.1790343627706,1461.1790343627706,0.0,-1461.1790343627706,1461.1790343627706,0.0,-90932.56141252843,90932.56141252843,0.0,0.0,21314.899511718748,21314.899511718748,0.0,0.0,26756.32591206736,26756.32591206736,0.0,-456847.9405746787,-456847.9405746787,93854.91948125398,93854.91948125398,93754.91948125398,0.0,100.0,0.0,0.0,93854.91948125398,45783.694057467874,1,0.0,100.0
4163,40657.94473213797,0.0,-406579.4473213797,0.0,10.0,0.0,-0.0,0.1,0.244274026,24.4274026,0.0,0.0,100.0,1.0,0.11,-11.0,-1492.8309285471505,1492.8309285471505,0.0,-1492.8309285471505,1492.8309285471505,0.0,-87362.03887954188,87362.03887954188,0.0,0.0,23109.83841796875,23109.83841796875,0.0,0.0,26479.91758652947,26479.91758652947,0.0,-406590.4473213797,-406590.4473213797,90347.7007366362,90347.70073663618,90247.7007366362,0.0,100.0,0.0,0.0,90347.70073663618,40757.944732137956,1,0.0,100.0
4164,38511.643153298995,0.0,-385116.43153298995,0.0,10.0,0.0,-0.0,0.1,0.248737005,24.8737005,0.0,0.0,100.0,1.0,0.11,-11.0,-1487.011770713359,1487.011770713359,0.0,-1487.011770713359,1487.011770713359,0.0,-89815.53248421756,89815.53248421756,0.0,0.0,27559.791123046874,27559.791123046874,0.0,0.0,26618.12174929841,26618.12174929841,0.0,-385127.43153298995,-385127.43153298995,92789.55602564428,92789.55602564428,92689.55602564428,0.0,100.0,0.0,0.0,92789.55602564428,38611.643153298995,1,0.0,100.0
4165,37006.607827023356,0.0,-370066.0782702336,0.0,10.0,0.0,-0.0,0.1,0.261398666,26.1398666,0.0,0.0,100.0,1.0,0.11,-11.0,-1492.0543459835176,1492.0543459835176,0.0,-1492.0543459835176,1492.0543459835176,0.0,-90335.98503006808,90335.98503006808,0.0,0.0,29429.519150390624,29429.519150390624,0.0,0.0,26783.966744621142,26783.966744621142,0.0,-370077.0782702336,-370077.0782702336,93320.09372203512,93320.09372203512,93220.09372203512,0.0,100.0,0.0,0.0,93320.09372203512,37106.607827023356,1,0.0,100.0
4166,40906.18844664526,0.0,-409061.88446645264,0.0,10.0,0.0,-0.0,0.1,0.272154295,27.2154295,0.0,0.0,100.0,1.0,0.08,-8.0,-1479.6548338109244,1479.6548338109244,0.0,-1479.6548338109244,1479.6548338109244,0.0,-90615.07871866654,90615.07871866654,0.0,0.0,28382.471455078125,28382.471455078125,0.0,0.0,24185.728484565017,24185.728484565017,0.0,-409069.88446645264,-409069.88446645264,93574.3883862884,93574.3883862884,93474.3883862884,0.0,100.0,0.0,0.0,93574.3883862884,41006.188446645254,1,0.0,100.0
4167,57374.203043028625,0.0,-573742.0304302862,0.0,10.0,0.0,-0.0,0.1,0.277294976,27.729497600000002,0.0,0.0,100.0,1.0,0.08,-8.0,-1484.6000206690178,1484.6000206690178,0.0,-1484.6000206690178,1484.6000206690178,0.0,-93272.54707594772,93272.54707594772,0.0,0.0,23371.600341796875,23371.600341796875,0.0,0.0,15395.943732460246,15395.943732460246,0.0,-573750.0304302862,-573750.0304302862,96241.74711728575,96241.74711728575,96141.74711728575,0.0,100.0,0.0,0.0,96241.74711728575,57474.203043028625,1,0.0,100.0
4168,60278.695963754435,0.0,-602786.9596375444,0.0,10.0,0.0,-0.0,0.1,0.277222731,27.7222731,0.0,0.0,100.0,1.0,0.08,-8.0,-1267.049533920439,1267.049533920439,0.0,-1267.049533920439,1267.049533920439,0.0,-87027.66453243134,87027.66453243134,0.0,0.0,15556.1371875,15556.1371875,0.0,0.0,13626.930449017776,13626.930449017776,0.0,-602794.9596375444,-602794.9596375444,89561.76360027221,89561.76360027221,89461.76360027221,0.0,100.0,0.0,0.0,89561.76360027221,60378.695963754435,1,0.0,100.0
4169,59959.12799012375,0.0,-599591.2799012375,0.0,10.0,0.0,-0.0,0.1,0.297467471,29.746747099999997,0.0,0.0,100.0,1.0,0.11,-11.0,-1211.822859372022,1211.822859372022,0.0,-1211.822859372022,1211.822859372022,0.0,-75180.45524572965,75180.45524572965,0.0,0.0,9086.878212890624,9086.878212890624,0.0,0.0,8458.09476145931,8458.09476145931,0.0,-599602.2799012375,-599602.2799012375,77604.10096447368,77604.10096447369,77504.10096447368,0.0,100.0,0.0,0.0,77604.10096447369,60059.12799012376,1,0.0,100.0
4170,71123.40557610439,0.0,-711234.0557610439,0.0,10.0,0.0,-0.0,0.1,0.303202787,30.320278699999996,0.0,0.0,100.0,1.0,0.11,-11.0,-1131.0459080903768,1131.0459080903768,0.0,-1131.0459080903768,1131.0459080903768,0.0,-74775.48422701101,74775.48422701101,0.0,0.0,3215.93220703125,3215.93220703125,0.0,0.0,2598.238260056128,2598.238260056128,0.0,-711245.0557610439,-711245.0557610439,77037.57604319176,77037.57604319176,76937.57604319176,0.0,100.0,0.0,0.0,77037.57604319176,71223.40557610439,1,0.0,100.0
4171,70517.52477200444,0.0,-705175.2477200445,0.0,10.0,0.0,-0.0,0.1,0.316708777,31.6708777,0.0,0.0,100.0,1.0,0.11,-11.0,-1017.9700008662315,1017.9700008662315,0.0,-1017.9700008662315,1017.9700008662315,0.0,-68802.71143070229,68802.71143070229,0.0,0.0,0.0,0.0,0.0,0.0,221.1266604303088,221.1266604303088,0.0,-705186.2477200445,-705186.2477200445,70838.65143243475,70838.65143243475,70738.65143243475,0.0,100.0,0.0,0.0,70838.65143243475,70617.52477200444,1,0.0,100.0
4172,68759.565868877,0.0,-687595.65868877,0.0,10.0,0.0,-0.0,0.1,0.328977917,32.8977917,0.0,0.0,100.0,1.0,0.11,-11.0,-258.8079557834994,258.8079557834994,0.0,-258.8079557834994,258.8079557834994,0.0,-68341.94995731,68341.94995731,0.0,0.0,0.0,0.0,0.0,0.0,0.0,0.0,0.0,-687606.65868877,-687606.65868877,68859.565868877,68859.565868877,68759.565868877,0.0,100.0,0.0,0.0,68859.565868877,68859.565868877,1,0.0,100.0
4173,21597.22066995009,0.0,-215972.2066995009,0.0,10.0,0.0,-0.0,0.1,0.341421226,34.1421226,0.0,0.0,100.0,1.0,0.11,-11.0,-287.6100226581739,287.6100226581739,0.0,-287.6100226581739,287.6100226581739,0.0,-21122.000624633743,21122.000624633743,0.0,0.0,0.0,0.0,0.0,0.0,0.0,0.0,0.0,-215983.2066995009,-215983.2066995009,21697.22066995009,21697.22066995009,21597.22066995009,0.0,100.0,0.0,0.0,21697.22066995009,21697.22066995009,1,0.0,100.0
4174,18511.503464099464,0.0,-185115.03464099462,0.0,10.0,0.0,-0.0,0.1,0.362568944,36.2568944,0.0,0.0,100.0,1.0,0.11,-11.0,-237.0405982199024,237.0405982199024,0.0,-237.0405982199024,237.0405982199024,0.0,-18137.42226765966,18137.42226765966,0.0,0.0,0.0,0.0,0.0,0.0,0.0,0.0,0.0,-185126.03464099462,-185126.03464099462,18611.503464099464,18611.503464099464,18511.503464099464,0.0,100.0,0.0,0.0,18611.503464099464,18611.503464099464,1,0.0,100.0
4175,17766.630230042498,0.0,-177666.30230042498,0.0,10.0,0.0,-0.0,0.1,0.37773123,37.773123,0.0,0.0,100.0,1.0,0.11,-11.0,-234.07916646114987,234.07916646114987,0.0,-234.07916646114987,234.07916646114987,0.0,-17398.4718971202,17398.4718971202,0.0,0.0,0.0,0.0,0.0,0.0,0.0,0.0,0.0,-177677.30230042498,-177677.30230042498,17866.630230042498,17866.630230042498,17766.630230042498,0.0,100.0,0.0,0.0,17866.630230042498,17866.630230042498,1,0.0,100.0
4176,14753.192249174288,0.0,-147531.92249174288,0.0,10.0,0.0,-0.0,0.1,0.375799549,37.579954900000004,0.0,0.0,100.0,1.0,0.08,-8.0,-234.03787958876777,234.03787958876777,0.0,-234.03787958876777,234.03787958876777,0.0,-14385.116489996752,14385.116489996752,0.0,0.0,0.0,0.0,0.0,0.0,0.0,0.0,0.0,-147539.92249174288,-147539.92249174288,14853.192249174288,14853.192249174288,14753.192249174288,0.0,100.0,0.0,0.0,14853.192249174288,14853.192249174288,1,0.0,100.0
4177,14753.132447398804,0.0,-147531.32447398803,0.0,10.0,0.0,-0.0,0.1,0.364588321,36.4588321,0.0,0.0,100.0,1.0,0.08,-8.0,-234.00797870102664,234.00797870102664,0.0,-234.00797870102664,234.00797870102664,0.0,-14385.116489996752,14385.116489996752,0.0,0.0,0.0,0.0,0.0,0.0,0.0,0.0,0.0,-147539.32447398803,-147539.32447398803,14853.132447398804,14853.132447398804,14753.132447398804,0.0,100.0,0.0,0.0,14853.132447398804,14853.132447398804,1,0.0,100.0
4178,14752.886231129585,0.0,-147528.86231129584,0.0,10.0,0.0,-0.0,0.1,0.351967983,35.1967983,0.0,0.0,100.0,1.0,0.08,-8.0,-233.88487056641668,233.88487056641668,0.0,-233.88487056641668,233.88487056641668,0.0,-14385.116489996752,14385.116489996752,0.0,0.0,0.0,0.0,0.0,0.0,0.0,0.0,0.0,-147536.86231129584,-147536.86231129584,14852.886231129585,14852.886231129585,14752.886231129585,0.0,100.0,0.0,0.0,14852.886231129585,14852.886231129585,1,0.0,100.0
4179,15494.020535533431,0.0,-154940.2053553343,0.0,10.0,0.0,-0.0,0.1,0.317732067,31.7732067,0.0,0.0,100.0,1.0,0.08,-8.0,-234.9768374986083,234.9768374986083,0.0,-234.9768374986083,234.9768374986083,0.0,-15124.066860536215,15124.066860536215,0.0,0.0,0.0,0.0,0.0,0.0,0.0,0.0,0.0,-154948.2053553343,-154948.2053553343,15594.020535533431,15594.020535533431,15494.020535533431,0.0,100.0,0.0,0.0,15594.020535533431,15594.020535533431,1,0.0,100.0
4180,14239.433514111983,0.0,-142394.33514111984,0.0,10.0,0.0,-0.0,0.1,0.29866525,29.866525,0.0,0.0,100.0,1.0,0.08,-8.0,-234.84945476611176,234.84945476611176,0.0,-234.84945476611176,234.84945476611176,0.0,-14019.312846767258,14019.312846767258,0.0,0.0,149.5782421875,149.5782421875,0.0,0.0,0.0,0.0,0.0,-142402.33514111984,-142402.33514111984,14489.011756299482,14489.011756299482,14389.011756299482,0.0,100.0,0.0,0.0,14489.011756299482,14339.433514111983,1,0.0,100.0
4181,54269.780476361535,0.0,-542697.8047636154,0.0,10.0,0.0,-0.0,0.1,0.271665589,27.1665589,0.0,0.0,100.0,1.0,0.11,-11.0,-210.9090168024633,210.9090168024633,0.0,-210.9090168024633,210.9090168024633,0.0,-56903.81631626573,56903.81631626573,0.0,0.0,1794.93890625,1794.93890625,0.0,0.0,1160.9149672591209,1160.9149672591209,0.0,-542708.8047636154,-542708.8047636154,57325.634349870656,57325.634349870656,57225.634349870656,0.0,100.0,0.0,0.0,57325.634349870656,54369.780476361535,1,0.0,100.0
4182,54148.60458885979,0.0,-541486.0458885978,0.0,10.0,0.0,-0.0,0.1,0.257463244,25.7463244,0.0,0.0,100.0,1.0,0.11,-11.0,-198.6077582462213,198.6077582462213,0.0,-198.6077582462213,198.6077582462213,0.0,-60271.97426533208,60271.97426533208,0.0,0.0,4375.163583984375,4375.163583984375,0.0,0.0,2045.421608980356,2045.421608980356,0.0,-541497.0458885978,-541497.0458885978,60669.18978182452,60669.18978182452,60569.18978182452,0.0,100.0,0.0,0.0,60669.18978182452,54248.60458885979,1,0.0,100.0
4183,60706.10749031708,0.0,-607061.0749031708,0.0,10.0,0.0,-0.0,0.1,0.250631165,25.0631165,0.0,0.0,100.0,1.0,0.11,-11.0,-226.78862137239705,226.78862137239705,0.0,-226.78862137239705,226.78862137239705,0.0,-75336.65952241297,75336.65952241297,0.0,0.0,9124.2727734375,9124.2727734375,0.0,0.0,5859.856501403181,5859.856501403181,0.0,-607072.0749031708,-607072.0749031708,75790.23676515777,75790.23676515777,75690.23676515777,0.0,100.0,0.0,0.0,75790.23676515777,60806.10749031708,1,0.0,100.0
4184,49652.4016784413,0.0,-496524.016784413,0.0,10.0,0.0,-0.0,0.1,0.248488511,24.8488511,0.0,0.0,100.0,1.0,0.11,-11.0,-250.47135620165787,250.47135620165787,0.0,-250.47135620165787,250.47135620165787,0.0,-71700.26500126733,71700.26500126733,0.0,0.0,8600.74892578125,8600.74892578125,0.0,0.0,13848.057109448084,13848.057109448084,0.0,-496535.016784413,-496535.016784413,72201.20771367064,72201.20771367064,72101.20771367064,0.0,100.0,0.0,0.0,72201.20771367064,49752.4016784413,1,0.0,100.0
4185,23423.99294615136,0.0,-234239.9294615136,0.0,10.0,0.0,-0.0,0.1,0.251927871,25.192787100000004,0.0,0.0,100.0,1.0,0.11,-11.0,-325.11819205738664,325.11819205738664,0.0,-325.11819205738664,325.11819205738664,0.0,-66878.38080036352,66878.38080036352,0.0,0.0,24269.06979492188,24269.06979492188,0.0,0.0,19735.554443405053,19735.554443405053,0.0,-234250.9294615136,-234250.9294615136,67528.6171844783,67528.6171844783,67428.6171844783,0.0,100.0,0.0,0.0,67528.6171844783,23523.99294615136,1,0.0,100.0
4186,12758.533887245947,0.0,-127585.33887245947,0.0,10.0,0.0,-0.0,0.1,0.260534577,26.0534577,0.0,0.0,100.0,1.0,0.11,-11.0,-332.7564881802612,332.7564881802612,0.0,-332.7564881802612,332.7564881802612,0.0,-66643.94330871635,66643.94330871635,0.0,0.0,30513.96140625,30513.96140625,0.0,0.0,23936.96099158092,23936.96099158092,0.0,-127596.33887245947,-127596.33887245947,67309.45628507686,67309.45628507687,67209.45628507686,0.0,100.0,0.0,0.0,67309.45628507687,12858.533887245954,1,0.0,100.0
4187,8733.104175293367,0.0,-87331.04175293367,0.0,10.0,0.0,-0.0,0.1,0.280645348,28.0645348,0.0,0.0,100.0,1.0,0.11,-11.0,-343.08098691298267,343.08098691298267,0.0,-343.08098691298267,343.08098691298267,0.0,-67234.79010711082,67234.79010711082,0.0,0.0,35150.886914062496,35150.886914062496,0.0,0.0,23936.96099158092,23936.96099158092,0.0,-87342.04175293367,-87342.04175293367,67920.95208093678,67920.95208093678,67820.95208093678,0.0,100.0,0.0,0.0,67920.95208093678,8833.104175293367,1,0.0,100.0
4188,18509.057011775374,0.0,-185090.57011775376,0.0,10.0,0.0,-0.0,0.1,0.290121545,29.012154499999998,0.0,0.0,100.0,1.0,0.11,-11.0,-353.34594688763855,353.34594688763855,0.0,-353.34594688763855,353.34594688763855,0.0,-67734.28073201948,67734.28073201948,0.0,0.0,25203.93380859375,25203.93380859375,0.0,0.0,24627.98180542564,24627.98180542564,0.0,-185101.57011775376,-185101.57011775376,68440.97262579476,68440.97262579476,68340.97262579476,0.0,100.0,0.0,0.0,68440.97262579476,18609.057011775374,1,0.0,100.0
4189,5972.6709130924355,0.0,-59726.709130924355,0.0,10.0,0.0,-0.0,0.1,0.2979511489999999,29.79511489999999,0.0,0.0,100.0,1.0,0.11,-11.0,-364.4079649092213,364.4079649092213,0.0,-364.4079649092213,364.4079649092213,0.0,-52324.03026773779,52324.03026773779,0.0,0.0,22324.55264648437,22324.55264648437,0.0,0.0,24655.622637979424,24655.622637979424,0.0,-59737.709130924355,-59737.709130924355,53052.84619755623,53052.84619755623,52952.84619755623,0.0,100.0,0.0,0.0,53052.84619755623,6072.6709130924355,1,0.0,100.0
4190,29907.91309216095,0.0,-299079.1309216095,0.0,10.0,0.0,-0.0,0.1,0.322424436,32.2424436,0.0,0.0,100.0,1.0,0.08,-8.0,-379.7268926659938,379.7268926659938,0.0,-379.7268926659938,379.7268926659938,0.0,-52111.78297204434,52111.78297204434,0.0,0.0,10507.871513671877,10507.871513671877,0.0,0.0,12355.4521515435,12355.4521515435,0.0,-299087.1309216095,-299087.1309216095,52871.23675737633,52871.236757376326,52771.23675737633,0.0,100.0,0.0,0.0,52871.236757376326,30007.913092160947,1,0.0,100.0
4191,35764.04105582819,0.0,-357640.4105582819,0.0,10.0,0.0,-0.0,0.1,0.36145554,36.145554000000004,0.0,0.0,100.0,1.0,0.08,-8.0,-384.807455500652,384.807455500652,0.0,-384.807455500652,384.807455500652,0.0,-55403.51399399593,55403.51399399593,0.0,0.0,8451.17068359375,8451.17068359375,0.0,0.0,11857.917165575303,11857.917165575303,0.0,-357648.4105582819,-357648.4105582819,56173.12890499724,56173.12890499724,56073.12890499724,0.0,100.0,0.0,0.0,56173.12890499724,35864.04105582819,1,0.0,100.0
4192,38372.334278465845,0.0,-383723.3427846584,0.0,10.0,0.0,-0.0,0.1,0.403874489,40.3874489,0.0,0.0,100.0,1.0,0.08,-8.0,-390.3585761177146,390.3585761177146,0.0,-390.3585761177146,390.3585761177146,0.0,-53284.06605333629,53284.06605333629,0.0,0.0,4674.320068359375,4674.320068359375,0.0,0.0,10918.128858746491,10918.128858746491,0.0,-383731.3427846584,-383731.3427846584,54064.783205571715,54064.783205571715,53964.783205571715,0.0,100.0,0.0,0.0,54064.783205571715,38472.334278465845,1,0.0,100.0
4193,34871.82295355079,0.0,-348718.2295355079,0.0,10.0,0.0,-0.0,0.1,0.422945723,42.2945723,0.0,0.0,100.0,1.0,0.11,-11.0,-384.1609851342228,384.1609851342228,0.0,-384.1609851342228,384.1609851342228,0.0,-43157.35228208307,43157.35228208307,0.0,0.0,3066.35396484375,3066.35396484375,0.0,0.0,5887.49733395697,5887.49733395697,0.0,-348729.2295355079,-348729.2295355079,43925.67425235151,43925.67425235151,43825.67425235151,0.0,100.0,0.0,0.0,43925.67425235151,34971.82295355079,1,0.0,100.0
4194,35646.53752589334,0.0,-356465.3752589334,0.0,10.0,0.0,-0.0,0.1,0.42714978,42.714977999999995,0.0,0.0,100.0,1.0,0.11,-11.0,-368.1339965413691,368.1339965413691,0.0,-368.1339965413691,368.1339965413691,0.0,-38688.05737500943,38688.05737500943,0.0,0.0,1383.5987402343749,1383.5987402343749,0.0,0.0,2294.189101964453,2294.189101964453,0.0,-356476.3752589334,-356476.3752589334,39424.32536809217,39424.32536809217,39324.32536809217,0.0,100.0,0.0,0.0,39424.32536809217,35746.53752589334,1,0.0,100.0
4195,34909.34044256575,0.0,-349093.40442565747,0.0,10.0,0.0,-0.0,0.1,0.4200753929999999,42.00753929999999,0.0,0.0,100.0,1.0,0.11,-11.0,-368.4922573932996,368.4922573932996,0.0,-368.4922573932996,368.4922573932996,0.0,-34465.84175565567,34465.84175565567,0.0,0.0,0.0,0.0,0.0,0.0,193.4858278765201,193.4858278765201,0.0,-349104.40442565747,-349104.40442565747,35202.82627044227,35202.82627044227,35102.82627044227,0.0,100.0,0.0,0.0,35202.82627044227,35009.34044256575,1,0.0,100.0
4196,18689.358873630732,0.0,-186893.5887363073,0.0,10.0,0.0,-0.0,0.1,0.412131549,41.2131549,0.0,0.0,100.0,1.0,0.11,-11.0,-354.6901262250524,354.6901262250524,0.0,-354.6901262250524,354.6901262250524,0.0,-18079.978621180628,18079.978621180628,0.0,0.0,0.0,0.0,0.0,0.0,0.0,0.0,0.0,-186904.5887363073,-186904.5887363073,18789.358873630732,18789.358873630732,18689.358873630732,0.0,100.0,0.0,0.0,18789.358873630732,18789.358873630732,1,0.0,100.0
4197,17151.17055793462,0.0,-171511.7055793462,0.0,10.0,0.0,-0.0,0.1,0.404140958,40.4140958,0.0,0.0,100.0,1.0,0.11,-11.0,-324.60147513675594,324.60147513675594,0.0,-324.60147513675594,324.60147513675594,0.0,-16601.967607661107,16601.967607661107,0.0,0.0,0.0,0.0,0.0,0.0,0.0,0.0,0.0,-171522.7055793462,-171522.7055793462,17251.17055793462,17251.17055793462,17151.17055793462,0.0,100.0,0.0,0.0,17251.17055793462,17251.17055793462,1,0.0,100.0
4198,15586.796122054506,0.0,-155867.96122054505,0.0,10.0,0.0,-0.0,0.1,0.4019822879999999,40.19822879999999,0.0,0.0,100.0,1.0,0.11,-11.0,-281.3646277361609,281.3646277361609,0.0,-281.3646277361609,281.3646277361609,0.0,-15124.066866582183,15124.066866582183,0.0,0.0,0.0,0.0,0.0,0.0,0.0,0.0,0.0,-155878.96122054505,-155878.96122054505,15686.796122054506,15686.796122054506,15586.796122054506,0.0,100.0,0.0,0.0,15686.796122054506,15686.796122054506,1,0.0,100.0
4199,14753.302226354745,0.0,-147533.02226354743,0.0,10.0,0.0,-0.0,0.1,0.4034154729999999,40.34154729999999,0.0,0.0,100.0,1.0,0.11,-11.0,-234.09286817899653,234.09286817899653,0.0,-234.09286817899653,234.09286817899653,0.0,-14385.116489996752,14385.116489996752,0.0,0.0,0.0,0.0,0.0,0.0,0.0,0.0,0.0,-147544.02226354743,-147544.02226354743,14853.302226354745,14853.302226354745,14753.302226354745,0.0,100.0,0.0,0.0,14853.302226354745,14853.302226354745,1,0.0,100.0
4200,14753.24091443875,0.0,-147532.4091443875,0.0,10.0,0.0,-0.0,0.1,0.407603207,40.7603207,0.0,0.0,100.0,1.0,0.08,-8.0,-234.076057491516,234.076057491516,0.0,-234.076057491516,234.076057491516,0.0,-14385.088799455718,14385.088799455718,0.0,0.0,0.0,0.0,0.0,0.0,0.0,0.0,0.0,-147540.4091443875,-147540.4091443875,14853.24091443875,14853.24091443875,14753.24091443875,0.0,100.0,0.0,0.0,14853.24091443875,14853.24091443875,1,0.0,100.0
4201,14753.195370019508,0.0,-147531.95370019507,0.0,10.0,0.0,-0.0,0.1,0.409221885,40.922188500000004,0.0,0.0,100.0,1.0,0.08,-8.0,-234.0532943508493,234.0532943508493,0.0,-234.0532943508493,234.0532943508493,0.0,-14385.088781317809,14385.088781317809,0.0,0.0,0.0,0.0,0.0,0.0,0.0,0.0,0.0,-147539.95370019507,-147539.95370019507,14853.195370019508,14853.195370019508,14753.195370019508,0.0,100.0,0.0,0.0,14853.195370019508,14853.195370019508,1,0.0,100.0
4202,14753.204771846282,0.0,-147532.04771846283,0.0,10.0,0.0,-0.0,0.1,0.408852325,40.8852325,0.0,0.0,100.0,1.0,0.08,-8.0,-234.0579982872204,234.0579982872204,0.0,-234.0579982872204,234.0579982872204,0.0,-14385.08877527184,14385.08877527184,0.0,0.0,0.0,0.0,0.0,0.0,0.0,0.0,0.0,-147540.04771846283,-147540.04771846283,14853.204771846282,14853.204771846282,14753.204771846282,0.0,100.0,0.0,0.0,14853.204771846282,14853.204771846282,1,0.0,100.0
4203,15494.516989414416,0.0,-154945.16989414417,0.0,10.0,0.0,-0.0,0.1,0.420026651,42.002665099999994,0.0,0.0,100.0,1.0,0.08,-8.0,-235.23890970961736,235.23890970961736,0.0,-235.23890970961736,235.23890970961736,0.0,-15124.039169995182,15124.039169995182,0.0,0.0,0.0,0.0,0.0,0.0,0.0,0.0,0.0,-154953.16989414417,-154953.16989414417,15594.516989414416,15594.516989414416,15494.516989414416,0.0,100.0,0.0,0.0,15594.516989414416,15594.516989414416,1,0.0,100.0
4204,14239.9440257666,0.0,-142399.440257666,0.0,10.0,0.0,-0.0,0.1,0.385459069,38.5459069,0.0,0.0,100.0,1.0,0.08,-8.0,-235.11861330065008,235.11861330065008,0.0,-235.11861330065008,235.11861330065008,0.0,-14019.285041352798,14019.285041352798,0.0,0.0,149.5782421875,149.5782421875,0.0,0.0,0.0,0.0,0.0,-142407.440257666,-142407.440257666,14489.522267954098,14489.522267954098,14389.522267954098,0.0,100.0,0.0,0.0,14489.522267954098,14339.9440257666,1,0.0,100.0
4205,22539.927941182716,0.0,-225399.27941182716,0.0,10.0,0.0,-0.0,0.1,0.348481259,34.8481259,0.0,0.0,100.0,1.0,0.11,-11.0,-210.90181579062045,210.90181579062045,0.0,-210.90181579062045,210.90181579062045,0.0,-24094.396981527632,24094.396981527632,0.0,0.0,1047.0476953125,1047.0476953125,0.0,0.0,829.2249766136578,829.2249766136578,0.0,-225410.27941182716,-225410.27941182716,24516.200613108875,24516.200613108875,24416.200613108875,0.0,100.0,0.0,0.0,24516.200613108875,22639.927941182716,1,0.0,100.0
4206,27803.27467393517,0.0,-278032.7467393517,0.0,10.0,0.0,-0.0,0.1,0.321842172,32.1842172,0.0,0.0,100.0,1.0,0.11,-11.0,-198.6107425691984,198.6107425691984,0.0,-198.6107425691984,198.6107425691984,0.0,-37695.355620428265,37695.355620428265,0.0,0.0,8226.8033203125,8226.8033203125,0.0,0.0,1962.49911131899,1962.49911131899,0.0,-278043.7467393517,-278043.7467393517,38092.57710556666,38092.57710556666,37992.57710556666,0.0,100.0,0.0,0.0,38092.57710556666,27903.27467393517,1,0.0,100.0
4207,27914.467675735472,0.0,-279144.6767573547,0.0,10.0,0.0,-0.0,0.1,0.302338126,30.2338126,0.0,0.0,100.0,1.0,0.11,-11.0,-235.6046747589144,235.6046747589144,0.0,-235.6046747589144,235.6046747589144,0.0,-43949.90639494426,43949.90639494426,0.0,0.0,12564.57234375,12564.57234375,0.0,0.0,3842.0757249766143,3842.0757249766143,0.0,-279155.6767573547,-279155.6767573547,44421.11574446209,44421.115744462084,44321.11574446209,0.0,100.0,0.0,0.0,44421.115744462084,28014.46767573547,1,0.0,100.0
4208,5825.595053011554,0.0,-58255.950530115544,0.0,10.0,0.0,-0.0,0.1,0.293187161,29.318716099999996,0.0,0.0,100.0,1.0,0.11,-11.0,-326.6843116920268,326.6843116920268,0.0,-326.6843116920268,326.6843116920268,0.0,-37122.92286253427,37122.92286253427,0.0,0.0,26101.403261718748,26101.403261718748,0.0,0.0,5749.293171188027,5749.293171188027,0.0,-58266.950530115544,-58266.950530115544,37776.29148591833,37776.29148591833,37676.29148591833,0.0,100.0,0.0,0.0,37776.29148591833,5925.595053011555,1,0.0,100.0
4209,3825.9794022081687,0.0,-38259.79402208169,0.0,10.0,0.0,-0.0,0.1,0.290879207,29.087920699999998,0.0,0.0,100.0,1.0,0.11,-11.0,-323.1380143045431,323.1380143045431,0.0,-323.1380143045431,323.1380143045431,0.0,-39528.40640764814,39528.40640764814,0.0,0.0,28868.6007421875,28868.6007421875,0.0,0.0,7380.102291861554,7380.102291861554,0.0,-38270.79402208169,-38270.79402208169,40174.68243625722,40174.68243625722,40074.68243625722,0.0,100.0,0.0,0.0,40174.68243625722,3925.9794022081696,1,0.0,100.0
4210,14713.230342048633,0.0,-147132.30342048634,0.0,10.0,0.0,-0.0,0.1,0.2932521389999999,29.32521389999999,0.0,0.0,100.0,1.0,0.11,-11.0,-336.0000755758565,336.0000755758565,0.0,-336.0000755758565,336.0000755758565,0.0,-34628.99936903142,34628.99936903142,0.0,0.0,11891.47025390625,11891.47025390625,0.0,0.0,8596.298924228251,8596.298924228251,0.0,-147143.30342048634,-147143.30342048634,35300.99952018313,35300.99952018313,35200.99952018313,0.0,100.0,0.0,0.0,35300.99952018313,14813.230342048635,1,0.0,100.0
4211,0.0,0.0,-0.0,55.55555555555556,10.0,0.0,-0.0,0.1,0.309492233,0.0,0.0,100.0,0.0,1.0,0.11,0.0,-357.3737606284048,357.3737606284048,0.0,-357.3737606284048,357.3737606284048,0.0,-30816.951206765785,30816.951206765785,0.0,1332.1426793124774,33019.39696289063,31687.25428357815,0.0,9287.319738072969,9287.319738072969,0.0,0.0,0.0,0.0,31687.25428357815,31687.25428357815,31687.25428357815,0.0,0.0,155.55555555555475,0.0,31531.698728022595,-10775.017972941001,1,-55.55555555555556,-100.0
4212,0.0,0.0,-0.0,44.44444444444444,60.0,0.0,-0.0,0.6,0.337763091,0.0,0.0,100.0,0.0,1.0,0.11,0.0,-367.0795402192494,367.0795402192494,0.0,-367.0795402192494,367.0795402192494,0.0,-27369.65315333284,27369.65315333284,0.0,4210.2218764717145,32458.4785546875,28248.256678215785,0.0,21780.97605238541,21780.97605238541,0.0,0.0,0.0,0.0,28248.256678215785,28248.256678215785,28248.256678215785,0.0,0.0,144.44444444444525,0.0,28103.81223377134,-26135.642373301573,1,-44.44444444444444,-100.0
4213,0.0,0.0,-0.0,0.0,100.0,-0.0,-0.0,1.0,0.345353426,0.0,0.0,100.0,0.0,1.0,0.11,0.0,-372.6665546800805,372.6665546800805,0.0,-372.6665546800805,372.6665546800805,0.0,-33514.22176030424,33514.22176030424,0.0,0.0,32495.87311523437,32495.87311523437,0.0,25500.74247382068,27364.424228250704,1863.6817544300247,0.0,0.0,0.0,34359.5548696644,34359.5548696644,34359.5548696644,0.0,0.0,100.0,0.0,34259.5548696644,-25600.742473820676,1,-0.0,-100.0
4214,0.0,0.0,-0.0,0.0,100.0,-0.0,-0.0,1.0,0.347520524,0.0,0.0,100.0,0.0,1.0,0.08,0.0,-367.3061540338741,367.3061540338741,0.0,-367.3061540338741,367.3061540338741,0.0,-44116.17099585149,44116.17099585149,0.0,0.0,25690.063095703124,25690.063095703124,0.0,3957.579136966302,23218.29934518242,19260.720208216117,0.0,0.0,0.0,44950.78330391924,44950.78330391924,44950.78330391924,0.0,0.0,100.0,0.0,44850.78330391924,-4057.5791369662984,1,-0.0,-100.0
4215,9511.056665721164,0.0,-95110.56665721163,0.0,100.0,45.0,-0.0,1.0,0.372228716,37.222871600000005,0.0,0.0,100.0,1.0,0.08,-8.0,-376.3168283838983,376.3168283838983,0.0,-376.3168283838983,376.3168283838983,0.0,-42313.854435894806,42313.854435894806,0.0,0.0,16715.368564453125,16715.368564453125,0.0,0.0,16695.06286248831,16695.06286248831,0.0,-95118.56665721163,-95118.56665721163,43066.48809266259,43066.4880926626,42921.48809266259,0.0,145.0,0.0,0.0,43066.4880926626,9656.056665721168,1,45.0,100.0
4216,25497.101486421554,0.0,-254971.01486421554,0.0,50.0,36.0,-0.0,0.5,0.40440353,40.440353,0.0,0.0,100.0,1.0,0.08,-8.0,-384.4592210266268,384.4592210266268,0.0,-384.4592210266268,384.4592210266268,0.0,-49195.45858226331,49195.45858226331,0.0,0.0,15817.899111328124,15817.899111328124,0.0,0.0,8513.376426566887,8513.376426566887,0.0,-254979.01486421554,-254979.01486421554,49964.37702431656,49964.37702431656,49828.37702431656,0.0,136.0,0.0,0.0,49964.37702431656,25633.101486421554,1,36.0,100.0
4217,37193.13461007486,0.0,-371931.34610074863,0.0,10.0,0.0,-0.0,0.1,0.422072311,42.2072311,0.0,0.0,100.0,1.0,0.11,-11.0,-379.4285154739053,379.4285154739053,0.0,-379.4285154739053,379.4285154739053,0.0,-45143.41283699802,45143.41283699802,0.0,0.0,3440.2995703125,3440.2995703125,0.0,0.0,5168.835687558467,5168.835687558467,0.0,-371942.34610074863,-371942.34610074863,45902.269867945826,45902.269867945826,45802.269867945826,0.0,100.0,0.0,0.0,45902.269867945826,37293.13461007486,1,0.0,100.0
4218,43010.27223944405,0.0,-430102.7223944405,0.0,10.0,0.0,-0.0,0.1,0.4347281329999999,43.47281329999999,0.0,0.0,100.0,1.0,0.11,-11.0,-362.2183642873125,362.2183642873125,0.0,-362.2183642873125,362.2183642873125,0.0,-47442.32941958595,47442.32941958595,0.0,0.0,3066.35396484375,3066.35396484375,0.0,0.0,1990.1399438727783,1990.1399438727783,0.0,-430113.7223944405,-430113.7223944405,48166.766148160576,48166.766148160576,48066.766148160576,0.0,100.0,0.0,0.0,48166.766148160576,43110.27223944405,1,0.0,100.0
4219,26775.689856782927,0.0,-267756.8985678293,0.0,10.0,0.0,-0.0,0.1,0.436865496,43.6865496,0.0,0.0,100.0,1.0,0.11,-11.0,-370.295222035973,370.295222035973,0.0,-370.295222035973,370.295222035973,0.0,-26273.303575479924,26273.303575479924,0.0,0.0,0.0,0.0,0.0,0.0,138.20416276894295,138.20416276894295,0.0,-267767.8985678293,-267767.8985678293,27013.89401955187,27013.89401955187,26913.89401955187,0.0,100.0,0.0,0.0,27013.89401955187,26875.689856782927,1,0.0,100.0
4220,18674.76185728397,0.0,-186747.6185728397,0.0,10.0,0.0,-0.0,0.1,0.428072826,42.8072826,0.0,0.0,100.0,1.0,0.11,-11.0,-347.4192904547958,347.4192904547958,0.0,-347.4192904547958,347.4192904547958,0.0,-18079.92327637438,18079.92327637438,0.0,0.0,0.0,0.0,0.0,0.0,0.0,0.0,0.0,-186758.6185728397,-186758.6185728397,18774.76185728397,18774.76185728397,18674.76185728397,0.0,100.0,0.0,0.0,18774.76185728397,18774.76185728397,1,0.0,100.0
4221,17153.60923049887,0.0,-171536.0923049887,0.0,10.0,0.0,-0.0,0.1,0.421262311,42.1262311,0.0,0.0,100.0,1.0,0.11,-11.0,-325.8346687813361,325.8346687813361,0.0,-325.8346687813361,325.8346687813361,0.0,-16601.9398929362,16601.9398929362,0.0,0.0,0.0,0.0,0.0,0.0,0.0,0.0,0.0,-171547.0923049887,-171547.0923049887,17253.60923049887,17253.60923049887,17153.60923049887,0.0,100.0,0.0,0.0,17253.60923049887,17253.60923049887,1,0.0,100.0
4222,15600.478512276328,0.0,-156004.78512276328,0.0,10.0,0.0,-0.0,0.1,0.4154558579999999,41.54558579999999,0.0,0.0,100.0,1.0,0.11,-11.0,-288.2196681175898,288.2196681175898,0.0,-288.2196681175898,288.2196681175898,0.0,-15124.039176041148,15124.039176041148,0.0,0.0,0.0,0.0,0.0,0.0,0.0,0.0,0.0,-156015.78512276328,-156015.78512276328,15700.478512276328,15700.478512276328,15600.478512276328,0.0,100.0,0.0,0.0,15700.478512276328,15700.478512276328,1,0.0,100.0
4223,14782.915224725453,0.0,-147829.15224725453,0.0,10.0,0.0,-0.0,0.1,0.413506042,41.3506042,0.0,0.0,100.0,1.0,0.11,-11.0,-248.91320658889933,248.91320658889933,0.0,-248.91320658889933,248.91320658889933,0.0,-14385.088811547655,14385.088811547655,0.0,0.0,0.0,0.0,0.0,0.0,0.0,0.0,0.0,-147840.15224725453,-147840.15224725453,14882.915224725453,14882.915224725453,14782.915224725453,0.0,100.0,0.0,0.0,14882.915224725453,14882.915224725453,1,0.0,100.0
4224,17766.592247742687,0.0,-177665.92247742688,0.0,10.0,0.0,-0.0,0.1,0.401273273,40.1273273,0.0,0.0,100.0,1.0,0.08,-8.0,-234.06042017301704,234.06042017301704,0.0,-234.06042017301704,234.06042017301704,0.0,-17398.471407396653,17398.471407396653,0.0,0.0,0.0,0.0,0.0,0.0,0.0,0.0,0.0,-177673.92247742688,-177673.92247742688,17866.592247742687,17866.592247742687,17766.592247742687,0.0,100.0,0.0,0.0,17866.592247742687,17866.592247742687,1,0.0,100.0
4225,17766.619932522495,0.0,-177666.19932522497,0.0,10.0,0.0,-0.0,0.1,0.397247234,39.7247234,0.0,0.0,100.0,1.0,0.08,-8.0,-234.07426256292152,234.07426256292152,0.0,-234.07426256292152,234.07426256292152,0.0,-17398.471407396653,17398.471407396653,0.0,0.0,0.0,0.0,0.0,0.0,0.0,0.0,0.0,-177674.19932522497,-177674.19932522497,17866.619932522495,17866.619932522495,17766.619932522495,0.0,100.0,0.0,0.0,17866.619932522495,17866.619932522495,1,0.0,100.0
4226,17766.61722092423,0.0,-177666.1722092423,0.0,10.0,0.0,-0.0,0.1,0.417832311,41.7832311,0.0,0.0,100.0,1.0,0.08,-8.0,-234.0729067637876,234.0729067637876,0.0,-234.0729067637876,234.0729067637876,0.0,-17398.471407396653,17398.471407396653,0.0,0.0,0.0,0.0,0.0,0.0,0.0,0.0,0.0,-177674.1722092423,-177674.1722092423,17866.61722092423,17866.61722092423,17766.61722092423,0.0,100.0,0.0,0.0,17866.61722092423,17866.61722092423,1,0.0,100.0
4227,18507.955293866627,0.0,-185079.55293866628,0.0,10.0,0.0,-0.0,0.1,0.412395167,41.2395167,0.0,0.0,100.0,1.0,0.08,-8.0,-235.26675796525308,235.26675796525308,0.0,-235.26675796525308,235.26675796525308,0.0,-18137.42177793612,18137.42177793612,0.0,0.0,0.0,0.0,0.0,0.0,0.0,0.0,0.0,-185087.55293866628,-185087.55293866628,18607.955293866627,18607.955293866627,18507.955293866627,0.0,100.0,0.0,0.0,18607.955293866627,18607.955293866627,1,0.0,100.0
4228,18610.511259936866,0.0,-186105.11259936867,0.0,10.0,0.0,-0.0,0.1,0.3691501829999999,36.91501829999999,0.0,0.0,100.0,1.0,0.08,-8.0,-235.1613030441664,235.1613030441664,0.0,-235.1613030441664,235.1613030441664,0.0,-18539.345138223533,18539.345138223533,0.0,0.0,299.156484375,299.156484375,0.0,0.0,0.0,0.0,0.0,-186113.11259936867,-186113.11259936867,19009.667744311864,19009.667744311864,18909.667744311864,0.0,100.0,0.0,0.0,19009.667744311864,18710.511259936866,1,0.0,100.0
4229,52203.04780716906,0.0,-522030.4780716906,0.0,10.0,0.0,-0.0,0.1,0.325075947,32.5075947,0.0,0.0,100.0,1.0,0.11,-11.0,-532.0042456272033,532.0042456272033,0.0,-532.0042456272033,532.0042456272033,0.0,-56209.30678523835,56209.30678523835,0.0,0.0,4113.40166015625,4113.40166015625,0.0,0.0,856.8658091674463,856.8658091674463,0.0,-522041.4780716906,-522041.4780716906,57273.31527649276,57273.31527649275,57173.31527649276,0.0,100.0,0.0,0.0,57273.31527649275,52303.04780716905,1,0.0,100.0
4230,52255.5796271886,0.0,-522555.796271886,0.0,10.0,0.0,-0.0,0.1,0.296453085,29.6453085,0.0,0.0,100.0,1.0,0.11,-11.0,-852.4065124306776,852.4065124306776,0.0,-852.4065124306776,852.4065124306776,0.0,-63508.07726363089,63508.07726363089,0.0,0.0,11143.57904296875,11143.57904296875,0.0,0.0,1713.7316183348926,1713.7316183348926,0.0,-522566.796271886,-522566.796271886,65212.89028849224,65212.89028849224,65112.89028849224,0.0,100.0,0.0,0.0,65212.89028849224,52355.5796271886,1,0.0,100.0
4231,77424.54514010169,0.0,-774245.4514010169,0.0,10.0,0.0,-0.0,0.1,0.2829010269999999,28.29010269999999,0.0,0.0,100.0,1.0,0.11,-11.0,-1273.4555699724854,1273.4555699724854,0.0,-1273.4555699724854,1273.4555699724854,0.0,-96788.57462417924,96788.57462417924,0.0,0.0,18659.885712890624,18659.885712890624,0.0,0.0,3151.0549111319,3151.0549111319,0.0,-774256.4514010169,-774256.4514010169,99335.48576412421,99335.48576412421,99235.48576412421,0.0,100.0,0.0,0.0,99335.48576412421,77524.54514010169,1,0.0,100.0
4232,65727.92219628349,0.0,-657279.2219628348,0.0,10.0,0.0,-0.0,0.1,0.281090981,28.1090981,0.0,0.0,100.0,1.0,0.11,-11.0,-1327.4382784176728,1327.4382784176728,0.0,-1327.4382784176728,1327.4382784176728,0.0,-94913.17874213976,94913.17874213976,0.0,0.0,26101.403261718748,26101.403261718748,0.0,0.0,5638.729840972873,5638.729840972873,0.0,-657290.2219628348,-657290.2219628348,97568.0552989751,97568.0552989751,97468.0552989751,0.0,100.0,0.0,0.0,97568.0552989751,65827.92219628349,1,0.0,100.0
4233,56993.48443981665,0.0,-569934.8443981665,0.0,10.0,0.0,-0.0,0.1,0.2813134889999999,28.131348899999992,0.0,0.0,100.0,1.0,0.11,-11.0,-1392.3011625673175,1392.3011625673175,0.0,-1392.3011625673175,1392.3011625673175,0.0,-91698.9294211235,91698.9294211235,0.0,0.0,30065.226679687497,30065.226679687497,0.0,0.0,7324.820626753977,7324.820626753977,0.0,-569945.8443981665,-569945.8443981665,94483.53174625813,94483.53174625813,94383.53174625813,0.0,100.0,0.0,0.0,94483.53174625813,57093.48443981665,1,0.0,100.0
4234,51869.77685197505,0.0,-518697.76851975056,0.0,10.0,0.0,-0.0,0.1,0.285851638,28.585163800000004,0.0,0.0,100.0,1.0,0.11,-11.0,-1464.505504672028,1464.505504672028,0.0,-1464.505504672028,1464.505504672028,0.0,-91872.59512323604,91872.59512323604,0.0,0.0,34290.81202148437,34290.81202148437,0.0,0.0,8541.017259120676,8541.017259120676,0.0,-518708.76851975056,-518708.76851975056,94801.6061325801,94801.6061325801,94701.6061325801,0.0,100.0,0.0,0.0,94801.6061325801,51969.77685197505,1,0.0,100.0
4235,47895.928167872706,0.0,-478959.2816787271,0.0,10.0,0.0,-0.0,0.1,0.293611465,29.3611465,0.0,0.0,100.0,1.0,0.11,-11.0,-1485.590362416225,1485.590362416225,0.0,-1485.590362416225,1485.590362416225,0.0,-89023.9730966063,89023.9730966063,0.0,0.0,34739.54674804687,34739.54674804687,0.0,0.0,9259.678905519178,9259.678905519178,0.0,-478970.2816787271,-478970.2816787271,91995.15382143875,91995.15382143875,91895.15382143875,0.0,100.0,0.0,0.0,91995.15382143875,47995.928167872706,1,0.0,100.0
4236,48803.66352335845,0.0,-488036.63523358456,0.0,10.0,0.0,-0.0,0.1,0.3024418,30.24418,0.0,0.0,100.0,1.0,0.11,-11.0,-1476.107981183046,1476.107981183046,0.0,-1476.107981183046,1476.107981183046,0.0,-92192.72649594543,92192.72649594543,0.0,0.0,36871.03669921875,36871.03669921875,0.0,0.0,9370.242235734331,9370.242235734331,0.0,-488047.63523358456,-488047.63523358456,95144.94245831153,95144.94245831153,95044.94245831153,0.0,100.0,0.0,0.0,95144.94245831153,48903.66352335845,1,0.0,100.0
4237,53694.282729753904,0.0,-536942.827297539,0.0,10.0,0.0,-0.0,0.1,0.31776411,31.776411,0.0,0.0,100.0,1.0,0.11,-11.0,-1505.5756826698037,1505.5756826698037,0.0,-1505.5756826698037,1505.5756826698037,0.0,-92104.56344087484,92104.56344087484,0.0,0.0,32421.083994140623,32421.083994140623,0.0,0.0,8900.348082319926,8900.348082319926,0.0,-536953.827297539,-536953.827297539,95115.71480621446,95115.71480621446,95015.71480621446,0.0,100.0,0.0,0.0,95115.71480621446,53794.282729753904,1,0.0,100.0
4238,55202.98779756346,0.0,-552029.8779756345,0.0,10.0,0.0,-0.0,0.1,0.327506045,32.7506045,0.0,0.0,100.0,1.0,0.08,-8.0,-1438.311578377679,1438.311578377679,0.0,-1438.311578377679,1438.311578377679,0.0,-92089.3783834816,92089.3783834816,0.0,0.0,31785.37646484375,31785.37646484375,0.0,0.0,7877.637277829748,7877.637277829748,0.0,-552037.8779756345,-552037.8779756345,94966.00154023696,94966.00154023696,94866.00154023696,0.0,100.0,0.0,0.0,94966.00154023696,55302.98779756346,1,0.0,100.0
4239,67289.28651586363,0.0,-672892.8651586362,0.0,10.0,0.0,-0.0,0.1,0.3524405379999999,35.24405379999999,0.0,0.0,100.0,1.0,0.08,-8.0,-1350.827262039984,1350.827262039984,0.0,-1350.827262039984,1350.827262039984,0.0,-95192.1558644432,95192.1558644432,0.0,0.0,24119.491552734373,24119.491552734373,0.0,0.0,6385.032319925164,6385.032319925164,0.0,-672900.8651586362,-672900.8651586362,97893.81038852317,97893.81038852315,97793.81038852317,0.0,100.0,0.0,0.0,97893.81038852315,67389.28651586361,1,0.0,100.0
4240,68691.16100337554,0.0,-686911.6100337554,0.0,10.0,0.0,-0.0,0.1,0.377365266,37.7365266,0.0,0.0,100.0,1.0,0.08,-8.0,-1102.308269896842,1102.308269896842,0.0,-1102.308269896842,1102.308269896842,0.0,-88199.20144433198,88199.20144433198,0.0,0.0,17051.919609375,17051.919609375,0.0,0.0,4560.737371375118,4560.737371375118,0.0,-686919.6100337554,-686919.6100337554,90403.81798412566,90403.81798412566,90303.81798412566,0.0,100.0,0.0,0.0,90403.81798412566,68791.16100337554,1,0.0,100.0
4241,65808.33587341434,0.0,-658083.3587341434,0.0,10.0,0.0,-0.0,0.1,0.398934021,39.8934021,0.0,0.0,100.0,1.0,0.11,-11.0,-1096.1984397414967,1096.1984397414967,0.0,-1096.1984397414967,1096.1984397414967,0.0,-76223.73579890934,76223.73579890934,0.0,0.0,9909.558544921874,9909.558544921874,0.0,0.0,2598.238260056128,2598.238260056128,0.0,-658094.3587341434,-658094.3587341434,78416.13267839234,78416.13267839234,78316.13267839234,0.0,100.0,0.0,0.0,78416.13267839234,65908.33587341434,1,0.0,100.0
4242,71761.09547747536,0.0,-717610.9547747537,0.0,10.0,0.0,-0.0,0.1,0.402826741,40.2826741,0.0,0.0,100.0,1.0,0.11,-11.0,-1042.2140588804407,1042.2140588804407,0.0,-1042.2140588804407,1042.2140588804407,0.0,-74785.98136045078,74785.98136045078,0.0,0.0,3627.272373046874,3627.272373046874,0.0,0.0,1382.0416276894296,1382.0416276894296,0.0,-717621.9547747537,-717621.9547747537,76870.40947821166,76870.40947821166,76770.40947821166,0.0,100.0,0.0,0.0,76870.40947821166,71861.09547747535,1,0.0,100.0
4243,70154.4782065256,0.0,-701544.782065256,0.0,10.0,0.0,-0.0,0.1,0.413102295,41.3102295,0.0,0.0,100.0,1.0,0.11,-11.0,-991.7179006926168,991.7179006926168,0.0,-991.7179006926168,991.7179006926168,0.0,-68436.88740046309,68436.88740046309,0.0,0.0,0.0,0.0,0.0,0.0,165.84499532273156,165.84499532273156,0.0,-701555.782065256,-701555.782065256,70420.32320184832,70420.32320184832,70320.32320184832,0.0,100.0,0.0,0.0,70420.32320184832,70254.4782065256,1,0.0,100.0
4244,68077.85219589832,0.0,-680778.5219589832,0.0,10.0,0.0,-0.0,0.1,0.411266184,41.1266184,0.0,0.0,100.0,1.0,0.11,-11.0,-234.97740290655497,234.97740290655497,0.0,-234.97740290655497,234.97740290655497,0.0,-67707.89739008521,67707.89739008521,0.0,0.0,0.0,0.0,0.0,0.0,0.0,0.0,0.0,-680789.5219589832,-680789.5219589832,68177.85219589832,68177.85219589832,68077.85219589832,0.0,100.0,0.0,0.0,68177.85219589832,68177.85219589832,1,0.0,100.0
4245,21490.21593883283,0.0,-214902.1593883283,0.0,10.0,0.0,-0.0,0.1,0.411534375,41.1534375,0.0,0.0,100.0,1.0,0.11,-11.0,-234.107904984297,234.107904984297,0.0,-234.107904984297,234.107904984297,0.0,-21122.000128864234,21122.000128864234,0.0,0.0,0.0,0.0,0.0,0.0,0.0,0.0,0.0,-214913.1593883283,-214913.1593883283,21590.21593883283,21590.21593883283,21490.21593883283,0.0,100.0,0.0,0.0,21590.21593883283,21590.21593883283,1,0.0,100.0
4246,18511.47802811973,0.0,-185114.7802811973,0.0,10.0,0.0,-0.0,0.1,0.411982115,41.1982115,0.0,0.0,100.0,1.0,0.11,-11.0,-237.0281281147924,237.0281281147924,0.0,-237.0281281147924,237.0281281147924,0.0,-18137.421771890145,18137.421771890145,0.0,0.0,0.0,0.0,0.0,0.0,0.0,0.0,0.0,-185125.7802811973,-185125.7802811973,18611.47802811973,18611.47802811973,18511.47802811973,0.0,100.0,0.0,0.0,18611.47802811973,18611.47802811973,1,0.0,100.0
4247,17766.546414091652,0.0,-177665.46414091653,0.0,10.0,0.0,-0.0,0.1,0.41737515,41.737514999999995,0.0,0.0,100.0,1.0,0.11,-11.0,-234.03750334749964,234.03750334749964,0.0,-234.03750334749964,234.03750334749964,0.0,-17398.471407396653,17398.471407396653,0.0,0.0,0.0,0.0,0.0,0.0,0.0,0.0,0.0,-177676.46414091653,-177676.46414091653,17866.546414091652,17866.546414091652,17766.546414091652,0.0,100.0,0.0,0.0,17866.546414091652,17866.546414091652,1,0.0,100.0
4248,28587.9119685181,0.0,-285879.119685181,0.0,10.0,0.0,-0.0,0.1,0.4182950029999999,41.82950029999999,0.0,0.0,100.0,1.0,0.08,-8.0,-234.00760731340472,234.00760731340472,0.0,-234.00760731340472,234.00760731340472,0.0,-28219.89675389129,28219.89675389129,0.0,0.0,0.0,0.0,0.0,0.0,0.0,0.0,0.0,-285887.119685181,-285887.119685181,28687.9119685181,28687.9119685181,28587.9119685181,0.0,100.0,0.0,0.0,28687.9119685181,28687.9119685181,1,0.0,100.0
4249,17766.440488769233,0.0,-177664.40488769233,0.0,10.0,0.0,-0.0,0.1,0.4309454689999999,43.09454689999999,0.0,0.0,100.0,1.0,0.08,-8.0,-233.9846283528469,233.9846283528469,0.0,-233.9846283528469,233.9846283528469,0.0,-17398.471232063537,17398.471232063537,0.0,0.0,0.0,0.0,0.0,0.0,0.0,0.0,0.0,-177672.40488769233,-177672.40488769233,17866.440488769233,17866.440488769233,17766.440488769233,0.0,100.0,0.0,0.0,17866.440488769233,17866.440488769233,1,0.0,100.0
4250,17766.449635800327,0.0,-177664.49635800326,0.0,10.0,0.0,-0.0,0.1,0.431778167,43.1778167,0.0,0.0,100.0,1.0,0.08,-8.0,-233.98920186839584,233.98920186839584,0.0,-233.98920186839584,233.98920186839584,0.0,-17398.471232063537,17398.471232063537,0.0,0.0,0.0,0.0,0.0,0.0,0.0,0.0,0.0,-177672.49635800326,-177672.49635800326,17866.449635800327,17866.449635800327,17766.449635800327,0.0,100.0,0.0,0.0,17866.449635800327,17866.449635800327,1,0.0,100.0
4251,28830.455538564387,0.0,-288304.55538564385,0.0,10.0,0.0,-0.0,0.1,0.412982247,41.298224700000006,0.0,0.0,100.0,1.0,0.08,-8.0,-239.72511707475903,239.72511707475903,0.0,-239.72511707475903,239.72511707475903,0.0,-28451.00530441487,28451.00530441487,0.0,0.0,0.0,0.0,0.0,0.0,0.0,0.0,0.0,-288312.55538564385,-288312.55538564385,28930.455538564387,28930.455538564387,28830.455538564387,0.0,100.0,0.0,0.0,28930.455538564387,28930.455538564387,1,0.0,100.0
4252,18804.871358488967,0.0,-188048.71358488966,0.0,10.0,0.0,-0.0,0.1,0.371071781,37.1071781,0.0,0.0,100.0,1.0,0.08,-8.0,-238.85506884943624,238.85506884943624,0.0,-238.85506884943624,238.85506884943624,0.0,-18539.34490243072,18539.34490243072,0.0,0.0,112.183681640625,112.183681640625,0.0,0.0,0.0,0.0,0.0,-188056.71358488966,-188056.71358488966,19017.05504012959,19017.05504012959,18917.05504012959,0.0,100.0,0.0,0.0,19017.05504012959,18904.871358488967,1,0.0,100.0
4253,56373.8302886366,0.0,-563738.302886366,0.0,10.0,0.0,-0.0,0.1,0.333837905,33.383790499999996,0.0,0.0,100.0,1.0,0.11,-11.0,-500.4959239726564,500.4959239726564,0.0,-500.4959239726564,500.4959239726564,0.0,-58978.20502354472,58978.20502354472,0.0,0.0,2841.9866015625,2841.9866015625,0.0,0.0,663.3799812909263,663.3799812909263,0.0,-563749.302886366,-563749.302886366,59979.19687149003,59979.19687149003,59879.19687149003,0.0,100.0,0.0,0.0,59979.19687149003,56473.8302886366,1,0.0,100.0
4254,55332.30190549573,0.0,-553323.0190549573,0.0,10.0,0.0,-0.0,0.1,0.310489812,31.048981199999997,0.0,0.0,100.0,1.0,0.11,-11.0,-812.2376230686484,812.2376230686484,0.0,-812.2376230686484,812.2376230686484,0.0,-64520.71617752671,64520.71617752671,0.0,0.0,7478.912109375,7478.912109375,0.0,0.0,3233.977408793265,3233.977408793265,0.0,-553334.0190549573,-553334.0190549573,66145.191423664,66145.191423664,66045.191423664,0.0,100.0,0.0,0.0,66145.191423664,55432.30190549573,1,0.0,100.0
4255,76667.5982598266,0.0,-766675.982598266,0.0,10.0,0.0,-0.0,0.1,0.299604173,29.960417299999996,0.0,0.0,100.0,1.0,0.11,-11.0,-1239.2876338567396,1239.2876338567396,0.0,-1239.2876338567396,1239.2876338567396,0.0,-97183.13333441244,97183.13333441244,0.0,0.0,12639.361464843749,12639.361464843749,0.0,0.0,10254.748877455568,10254.748877455568,0.0,-766686.982598266,-766686.982598266,99661.70860212592,99661.70860212592,99561.70860212592,0.0,100.0,0.0,0.0,99661.70860212592,76767.5982598266,1,0.0,100.0
4256,66193.43179266926,0.0,-661934.3179266925,0.0,10.0,0.0,-0.0,0.1,0.296913406,29.6913406,0.0,0.0,100.0,1.0,0.11,-11.0,-1282.397154174403,1282.397154174403,0.0,-1282.397154174403,1282.397154174403,0.0,-95056.15788341386,95056.15788341386,0.0,0.0,18585.096591796875,18585.096591796875,0.0,0.0,12742.42380729654,12742.42380729654,0.0,-661945.3179266925,-661945.3179266925,97620.95219176268,97620.95219176267,97520.95219176268,0.0,100.0,0.0,0.0,97620.95219176267,66293.43179266926,1,0.0,100.0
4257,52604.05708272023,0.0,-526040.5708272023,0.0,10.0,0.0,-0.0,0.1,0.297055224,29.7055224,0.0,0.0,100.0,1.0,0.11,-11.0,-1345.791562629211,1345.791562629211,0.0,-1345.791562629211,1345.791562629211,0.0,-92113.1846913088,92113.1846913088,0.0,0.0,23222.02209960937,23222.02209960937,0.0,0.0,18878.68863423761,18878.68863423761,0.0,-526051.5708272023,-526051.5708272023,94804.76781656721,94804.76781656721,94704.76781656721,0.0,100.0,0.0,0.0,94804.76781656721,52704.05708272023,1,0.0,100.0
4258,42657.700808612004,0.0,-426577.00808612,0.0,10.0,0.0,-0.0,0.1,0.303699944,30.3699944,0.0,0.0,100.0,1.0,0.11,-11.0,-1424.4848264193456,1424.4848264193456,0.0,-1424.4848264193456,1424.4848264193456,0.0,-92281.60358003264,92281.60358003264,0.0,0.0,32720.240478515625,32720.240478515625,0.0,0.0,19652.631945743688,19652.631945743688,0.0,-426588.00808612,-426588.00808612,95130.57323287132,95130.57323287132,95030.57323287132,0.0,100.0,0.0,0.0,95130.57323287132,42757.700808612004,1,0.0,100.0
4259,34466.31442662288,0.0,-344663.1442662288,0.0,10.0,0.0,-0.0,0.1,0.312737313,31.2737313,0.0,0.0,100.0,1.0,0.11,-11.0,-1465.001813014368,1465.001813014368,0.0,-1465.001813014368,1465.001813014368,0.0,-89073.87374901812,89073.87374901812,0.0,0.0,34440.39026367187,34440.39026367187,0.0,0.0,22997.17268475211,22997.17268475211,0.0,-344674.1442662288,-344674.1442662288,92003.87737504685,92003.87737504685,91903.87737504685,0.0,100.0,0.0,0.0,92003.87737504685,34566.31442662288,1,0.0,100.0
4260,34521.475610519105,0.0,-345214.7561051911,0.0,10.0,0.0,-0.0,0.1,0.328651807,32.8651807,0.0,0.0,100.0,1.0,0.11,-11.0,-1469.009500106744,1469.009500106744,0.0,-1469.009500106744,1469.009500106744,0.0,-92221.5906201498,92221.5906201498,0.0,0.0,36048.3563671875,36048.3563671875,0.0,0.0,24489.77764265669,24489.77764265669,0.0,-345225.7561051911,-345225.7561051911,95159.60962036329,95159.60962036329,95059.60962036329,0.0,100.0,0.0,0.0,95159.60962036329,34621.475610519105,1,0.0,100.0
4261,35474.45835819708,0.0,-354744.5835819708,0.0,10.0,0.0,-0.0,0.1,0.343406465,34.3406465,0.0,0.0,100.0,1.0,0.11,-11.0,-1504.4166453339735,1504.4166453339735,0.0,-1504.4166453339735,1504.4166453339735,0.0,-92221.03088427888,92221.03088427888,0.0,0.0,32982.00240234375,32982.00240234375,0.0,0.0,26673.40341440599,26673.40341440599,0.0,-354755.5835819708,-354755.5835819708,95229.86417494682,95229.86417494682,95129.86417494682,0.0,100.0,0.0,0.0,95229.86417494682,35574.45835819708,1,0.0,100.0
4262,62517.05511052598,0.0,-625170.5511052598,0.0,10.0,0.0,-0.0,0.1,0.3703767079999999,37.03767079999999,0.0,0.0,100.0,1.0,0.08,-8.0,-1499.3388154368895,1499.3388154368895,0.0,-1499.3388154368895,1499.3388154368895,0.0,-92508.90519507148,92508.90519507148,0.0,0.0,8787.721728515624,8787.721728515624,0.0,0.0,24102.80598690365,24102.80598690365,0.0,-625178.5511052598,-625178.5511052598,95507.58282594525,95507.58282594525,95407.58282594525,0.0,100.0,0.0,0.0,95507.58282594525,62617.05511052598,0,0.0,100.0
4263,61589.42842793208,0.0,-615894.2842793207,0.0,10.0,0.0,-0.0,0.1,0.40562525,40.562525,0.0,0.0,100.0,1.0,0.08,-8.0,-1483.4498383086748,1483.4498383086748,0.0,-1483.4498383086748,1483.4498383086748,0.0,-95498.5654857957,95498.5654857957,0.0,0.0,18173.75642578125,18173.75642578125,0.0,0.0,18602.280308699723,18602.280308699723,0.0,-615902.2842793207,-615902.2842793207,98465.46516241305,98465.46516241305,98365.46516241305,0.0,100.0,0.0,0.0,98465.46516241305,61689.42842793208,1,0.0,100.0
4264,68188.98692826336,0.0,-681889.8692826335,0.0,10.0,0.0,-0.0,0.1,0.418330591,41.8330591,0.0,0.0,100.0,1.0,0.08,-8.0,-1246.1344454248897,1246.1344454248897,0.0,-1246.1344454248897,1246.1344454248897,0.0,-88190.30564641586,88190.30564641586,0.0,0.0,7329.3338671875,7329.3338671875,0.0,0.0,15064.253741814782,15064.253741814782,0.0,-681897.8692826335,-681897.8692826335,90682.57453726564,90682.57453726564,90582.57453726564,0.0,100.0,0.0,0.0,90682.57453726564,68288.98692826336,0,0.0,100.0
4265,67403.60097919931,0.0,-674036.0097919931,0.0,10.0,0.0,-0.0,0.1,0.421913559,42.1913559,0.0,0.0,100.0,1.0,0.11,-11.0,-1193.9698488481283,1193.9698488481283,0.0,-1193.9698488481283,1193.9698488481283,0.0,-76075.91927731178,76075.91927731178,0.0,0.0,2916.77572265625,2916.77572265625,0.0,0.0,8043.48227315248,8043.48227315248,0.0,-674047.0097919931,-674047.0097919931,78463.85897500804,78463.85897500804,78363.85897500804,0.0,100.0,0.0,0.0,78463.85897500804,67503.60097919931,1,0.0,100.0
4266,69876.0038091477,0.0,-698760.038091477,0.0,10.0,0.0,-0.0,0.1,0.422826406,42.2826406,0.0,0.0,100.0,1.0,0.11,-11.0,-1129.981967492428,1129.981967492428,0.0,-1129.981967492428,1129.981967492428,0.0,-72632.77250756547,72632.77250756547,0.0,0.0,1682.7552246093749,1682.7552246093749,0.0,0.0,3233.977408793265,3233.977408793265,0.0,-698771.038091477,-698771.038091477,74892.73644255035,74892.73644255033,74792.73644255035,0.0,100.0,0.0,0.0,74892.73644255033,69976.00380914769,1,0.0,100.0
4267,67867.78460981505,0.0,-678677.8460981505,0.0,10.0,0.0,-0.0,0.1,0.417154327,41.7154327,0.0,0.0,100.0,1.0,0.11,-11.0,-1074.1344513361014,1074.1344513361014,0.0,-1074.1344513361014,1074.1344513361014,0.0,-66068.28320012694,66068.28320012694,0.0,0.0,0.0,0.0,0.0,0.0,248.7674929840973,248.7674929840973,0.0,-678688.8460981505,-678688.8460981505,68216.55210279915,68216.55210279915,68116.55210279915,0.0,100.0,0.0,0.0,68216.55210279915,67967.78460981505,1,0.0,100.0
4268,65876.69937738014,0.0,-658766.9937738014,0.0,10.0,0.0,-0.0,0.1,0.407504822,40.7504822,0.0,0.0,100.0,1.0,0.11,-11.0,-272.39810047878234,272.39810047878234,0.0,-272.39810047878234,272.39810047878234,0.0,-65431.903176422566,65431.903176422566,0.0,0.0,0.0,0.0,0.0,0.0,0.0,0.0,0.0,-658777.9937738014,-658777.9937738014,65976.69937738014,65976.69937738014,65876.69937738014,0.0,100.0,0.0,0.0,65976.69937738014,65976.69937738014,1,0.0,100.0
4269,21602.54643702387,0.0,-216025.4643702387,0.0,10.0,0.0,-0.0,0.1,0.403592911,40.3592911,0.0,0.0,100.0,1.0,0.11,-11.0,-290.27322965443534,290.27322965443534,0.0,-290.27322965443534,290.27322965443534,0.0,-21121.999977715,21121.999977715,0.0,0.0,0.0,0.0,0.0,0.0,0.0,0.0,0.0,-216036.4643702387,-216036.4643702387,21702.54643702387,21702.54643702387,21602.54643702387,0.0,100.0,0.0,0.0,21702.54643702387,21702.54643702387,1,0.0,100.0
4270,18534.998997095227,0.0,-185349.98997095227,0.0,10.0,0.0,-0.0,0.1,0.398898162,39.8898162,0.0,0.0,100.0,1.0,0.11,-11.0,-248.78868817716045,248.78868817716045,0.0,-248.78868817716045,248.78868817716045,0.0,-18137.421620740904,18137.421620740904,0.0,0.0,0.0,0.0,0.0,0.0,0.0,0.0,0.0,-185360.98997095227,-185360.98997095227,18634.998997095227,18634.998997095227,18534.998997095227,0.0,100.0,0.0,0.0,18634.998997095227,18634.998997095227,1,0.0,100.0
4271,17766.862234686185,0.0,-177668.62234686184,0.0,10.0,0.0,-0.0,0.1,0.3999534489999999,39.99534489999999,0.0,0.0,100.0,1.0,0.11,-11.0,-234.195495265356,234.195495265356,0.0,-234.195495265356,234.195495265356,0.0,-17398.471244155473,17398.471244155473,0.0,0.0,0.0,0.0,0.0,0.0,0.0,0.0,0.0,-177679.62234686184,-177679.62234686184,17866.862234686185,17866.862234686185,17766.862234686185,0.0,100.0,0.0,0.0,17866.862234686185,17866.862234686185,1,0.0,100.0
4272,17766.791034566337,0.0,-177667.91034566337,0.0,10.0,0.0,-0.0,0.1,0.4035967,40.359669999999994,0.0,0.0,100.0,1.0,0.08,-8.0,-234.1599768260202,234.1599768260202,0.0,-234.1599768260202,234.1599768260202,0.0,-17398.471080914296,17398.471080914296,0.0,0.0,0.0,0.0,0.0,0.0,0.0,0.0,0.0,-177675.91034566337,-177675.91034566337,17866.791034566337,17866.791034566337,17766.791034566337,0.0,100.0,0.0,0.0,17866.791034566337,17866.791034566337,1,0.0,100.0
4273,17766.7223343836,0.0,-177667.22334383603,0.0,10.0,0.0,-0.0,0.1,0.410840195,41.084019500000004,0.0,0.0,100.0,1.0,0.08,-8.0,-234.12562673465263,234.12562673465263,0.0,-234.12562673465263,234.12562673465263,0.0,-17398.471080914296,17398.471080914296,0.0,0.0,0.0,0.0,0.0,0.0,0.0,0.0,0.0,-177675.22334383603,-177675.22334383603,17866.7223343836,17866.7223343836,17766.7223343836,0.0,100.0,0.0,0.0,17866.7223343836,17866.7223343836,1,0.0,100.0
4274,17766.60902511206,0.0,-177666.0902511206,0.0,10.0,0.0,-0.0,0.1,0.403107114,40.3107114,0.0,0.0,100.0,1.0,0.08,-8.0,-234.0689690758978,234.0689690758978,0.0,-234.0689690758978,234.0689690758978,0.0,-17398.471086960264,17398.471086960264,0.0,0.0,0.0,0.0,0.0,0.0,0.0,0.0,0.0,-177674.0902511206,-177674.0902511206,17866.60902511206,17866.60902511206,17766.60902511206,0.0,100.0,0.0,0.0,17866.60902511206,17866.60902511206,1,0.0,100.0
4275,18507.918641042786,0.0,-185079.18641042785,0.0,10.0,0.0,-0.0,0.1,0.407343964,40.7343964,0.0,0.0,100.0,1.0,0.08,-8.0,-235.24859177153104,235.24859177153104,0.0,-235.24859177153104,235.24859177153104,0.0,-18137.421457499724,18137.421457499724,0.0,0.0,0.0,0.0,0.0,0.0,0.0,0.0,0.0,-185087.18641042785,-185087.18641042785,18607.918641042786,18607.918641042786,18507.918641042786,0.0,100.0,0.0,0.0,18607.918641042786,18607.918641042786,1,0.0,100.0
4276,18647.90923466102,0.0,-186479.0923466102,0.0,10.0,0.0,-0.0,0.1,0.390118979,39.0118979,0.0,0.0,100.0,1.0,0.08,-8.0,-235.16325801756184,235.16325801756184,0.0,-235.16325801756184,235.16325801756184,0.0,-18539.344642454023,18539.344642454023,0.0,0.0,261.76192382812496,261.76192382812496,0.0,0.0,0.0,0.0,0.0,-186487.0923466102,-186487.0923466102,19009.671158489145,19009.671158489145,18909.671158489145,0.0,100.0,0.0,0.0,19009.671158489145,18747.90923466102,1,0.0,100.0
4277,50554.027966158115,0.0,-505540.27966158115,0.0,10.0,0.0,-0.0,0.1,0.362880947,36.2880947,0.0,0.0,100.0,1.0,0.11,-11.0,-523.7061176773918,523.7061176773918,0.0,-523.7061176773918,523.7061176773918,0.0,-55020.78849185338,55020.78849185338,0.0,0.0,3589.8778125,3589.8778125,0.0,0.0,1824.2949485500471,1824.2949485500471,0.0,-505551.27966158115,-505551.27966158115,56068.20072720816,56068.20072720817,55968.20072720816,0.0,100.0,0.0,0.0,56068.20072720817,50654.02796615812,1,0.0,100.0
4278,49265.06966957955,0.0,-492650.6966957955,0.0,10.0,0.0,-0.0,0.1,0.327029496,32.7029496,0.0,0.0,100.0,1.0,0.11,-11.0,-837.9139314215186,837.9139314215186,0.0,-837.9139314215186,837.9139314215186,0.0,-61829.5629421343,61829.5629421343,0.0,0.0,8114.619638671875,8114.619638671875,0.0,0.0,6025.701496725913,6025.701496725913,0.0,-492661.6966957955,-492661.6966957955,63505.39080497734,63505.39080497733,63405.39080497734,0.0,100.0,0.0,0.0,63505.39080497733,49365.06966957954,1,0.0,100.0
4279,77402.58978918489,0.0,-774025.8978918488,0.0,10.0,0.0,-0.0,0.1,0.297790777,29.779077700000002,0.0,0.0,100.0,1.0,0.11,-11.0,-1246.9576288503995,1246.9576288503995,0.0,-1246.9576288503995,1246.9576288503995,0.0,-95256.03092928394,95256.03092928394,0.0,0.0,7366.728427734375,7366.728427734375,0.0,0.0,12880.627970065483,12880.627970065483,0.0,-774036.8978918488,-774036.8978918488,97749.94618698474,97749.94618698474,97649.94618698474,0.0,100.0,0.0,0.0,97749.94618698474,77502.58978918489,1,0.0,100.0
4280,61465.48780864087,0.0,-614654.8780864087,0.0,10.0,0.0,-0.0,0.1,0.284636577,28.4636577,0.0,0.0,100.0,1.0,0.11,-11.0,-1331.2296213414268,1331.2296213414268,0.0,-1331.2296213414268,1331.2296213414268,0.0,-93524.79557098974,93524.79557098974,0.0,0.0,16378.817519531249,16378.817519531249,0.0,0.0,18242.94948550047,18242.94948550047,0.0,-614665.8780864087,-614665.8780864087,96187.2548136726,96187.2548136726,96087.2548136726,0.0,100.0,0.0,0.0,96187.2548136726,61565.48780864088,1,0.0,100.0
4281,41402.97380815603,0.0,-414029.7380815603,0.0,10.0,0.0,-0.0,0.1,0.279362291,27.9362291,0.0,0.0,100.0,1.0,0.11,-11.0,-1401.7383868983795,1401.7383868983795,0.0,-1401.7383868983795,1401.7383868983795,0.0,-91482.24737041004,91482.24737041004,0.0,0.0,29840.859316406248,29840.859316406248,0.0,0.0,22941.89101964453,22941.89101964453,0.0,-414040.7380815603,-414040.7380815603,94285.7241442068,94285.7241442068,94185.7241442068,0.0,100.0,0.0,0.0,94285.7241442068,41502.97380815603,1,0.0,100.0
4282,33888.77334493323,0.0,-338887.7334493323,0.0,10.0,0.0,-0.0,0.1,0.285534329,28.553432899999997,0.0,0.0,100.0,1.0,0.11,-11.0,-1453.2492249404452,1453.2492249404452,0.0,-1453.2492249404452,1453.2492249404452,0.0,-91705.04661230416,91705.04661230416,0.0,0.0,34253.4174609375,34253.4174609375,0.0,0.0,26369.35425631432,26369.35425631432,0.0,-338898.7334493323,-338898.7334493323,94611.54506218505,94611.54506218505,94511.54506218505,0.0,100.0,0.0,0.0,94611.54506218505,33988.77334493323,1,0.0,100.0
4283,29107.29963675401,0.0,-291072.9963675401,0.0,10.0,0.0,-0.0,0.1,0.303065925,30.3065925,0.0,0.0,100.0,1.0,0.11,-11.0,-1470.9400952270817,1470.9400952270817,0.0,-1470.9400952270817,1470.9400952270817,0.0,-88738.50659323003,88738.50659323003,0.0,0.0,34141.23377929688,34141.23377929688,0.0,0.0,28331.853367633303,28331.853367633303,0.0,-291083.9963675401,-291083.9963675401,91680.3867836842,91680.3867836842,91580.3867836842,0.0,100.0,0.0,0.0,91680.3867836842,29207.29963675401,1,0.0,100.0
4284,28634.341732217843,0.0,-286343.41732217843,0.0,10.0,0.0,-0.0,0.1,0.325722962,32.572296200000004,0.0,0.0,100.0,1.0,0.11,-11.0,-1462.5493894144267,1462.5493894144267,0.0,-1462.5493894144267,1462.5493894144267,0.0,-91782.80400945593,91782.80400945593,0.0,0.0,37282.37686523437,37282.37686523437,0.0,0.0,28691.18419083256,28691.18419083256,0.0,-286354.41732217843,-286354.41732217843,94707.90278828477,94707.90278828477,94607.90278828477,0.0,100.0,0.0,0.0,94707.90278828477,28734.341732217843,1,0.0,100.0
4285,37169.012960115746,0.0,-371690.12960115744,0.0,10.0,0.0,-0.0,0.1,0.342108436,34.210843600000004,0.0,0.0,100.0,1.0,0.11,-11.0,-1491.229913999351,1491.229913999351,0.0,-1491.229913999351,1491.229913999351,0.0,-91696.69658406908,91696.69658406908,0.0,0.0,29990.43755859375,29990.43755859375,0.0,0.0,27419.70589335828,27419.70589335828,0.0,-371701.12960115744,-371701.12960115744,94679.15641206776,94679.15641206778,94579.15641206776,0.0,100.0,0.0,0.0,94679.15641206778,37269.01296011575,1,0.0,100.0
4286,49627.880986700344,0.0,-496278.80986700347,0.0,10.0,0.0,-0.0,0.1,0.360935491,36.0935491,0.0,0.0,100.0,1.0,0.08,-8.0,-1480.647623720565,1480.647623720565,0.0,-1480.647623720565,1480.647623720565,0.0,-91607.13769598352,91607.13769598352,0.0,0.0,20267.851816406248,20267.851816406248,0.0,0.0,24572.70014031806,24572.70014031806,0.0,-496286.80986700347,-496286.80986700347,94568.43294342465,94568.43294342465,94468.43294342465,0.0,100.0,0.0,0.0,94568.43294342465,49727.880986700344,1,0.0,100.0
4287,59140.41300142578,0.0,-591404.1300142579,0.0,10.0,0.0,-0.0,0.1,0.373464054,37.3464054,0.0,0.0,100.0,1.0,0.08,-8.0,-1464.8384183606054,1464.8384183606054,0.0,-1464.8384183606054,1464.8384183606054,0.0,-94322.50860697868,94322.50860697868,0.0,0.0,17612.838017578124,17612.838017578124,0.0,0.0,20398.93442469598,20398.93442469598,0.0,-591412.1300142579,-591412.1300142579,97252.18544369988,97252.18544369988,97152.18544369988,0.0,100.0,0.0,0.0,97252.18544369988,59240.41300142578,0,0.0,100.0
4288,59393.868052341735,0.0,-593938.6805234173,0.0,10.0,0.0,-0.0,0.1,0.39340543,39.340543,0.0,0.0,100.0,1.0,0.08,-8.0,-1252.5154065361903,1252.5154065361903,0.0,-1252.5154065361903,1252.5154065361903,0.0,-86290.66482145042,86290.66482145042,0.0,0.0,14209.9330078125,14209.9330078125,0.0,0.0,15091.89457436857,15091.89457436857,0.0,-593946.6805234173,-593946.6805234173,88795.69563452281,88795.69563452281,88695.69563452281,0.0,100.0,0.0,0.0,88795.69563452281,59493.86805234174,1,0.0,100.0
4289,59401.60331937956,0.0,-594016.0331937956,0.0,10.0,0.0,-0.0,0.1,0.3932549039999999,39.32549039999999,0.0,0.0,100.0,1.0,0.11,-11.0,-1189.0235653170328,1189.0235653170328,0.0,-1189.0235653170328,1189.0235653170328,0.0,-74226.33908111534,74226.33908111534,0.0,0.0,7815.463154296875,7815.463154296875,0.0,0.0,9287.319738072969,9287.319738072969,0.0,-594027.0331937956,-594027.0331937956,76604.3862117494,76604.3862117494,76504.3862117494,0.0,100.0,0.0,0.0,76604.3862117494,59501.60331937956,1,0.0,100.0
4290,68296.69658423826,0.0,-682966.9658423826,0.0,10.0,0.0,-0.0,0.1,0.395039753,39.5039753,0.0,0.0,100.0,1.0,0.11,-11.0,-1109.457857357681,1109.457857357681,0.0,-1109.457857357681,1109.457857357681,0.0,-73126.84582274109,73126.84582274109,0.0,0.0,3328.115888671875,3328.115888671875,0.0,0.0,3620.9490645463056,3620.9490645463056,0.0,-682977.9658423826,-682977.9658423826,75345.76153745645,75345.76153745645,75245.76153745645,0.0,100.0,0.0,0.0,75345.76153745645,68396.69658423826,1,0.0,100.0
4291,68895.56447569812,0.0,-688955.6447569812,0.0,10.0,0.0,-0.0,0.1,0.396489202,39.6489202,0.0,0.0,100.0,1.0,0.11,-11.0,-1066.6322841325875,1066.6322841325875,0.0,-1066.6322841325875,1066.6322841325875,0.0,-67166.34906552461,67166.34906552461,0.0,0.0,0.0,0.0,0.0,0.0,304.0491580916745,304.0491580916745,0.0,-688966.6447569812,-688966.6447569812,69299.61363378979,69299.61363378979,69199.61363378979,0.0,100.0,0.0,0.0,69299.61363378979,68995.56447569812,1,0.0,100.0
4292,66825.91712649059,0.0,-668259.171264906,0.0,10.0,0.0,-0.0,0.1,0.39441657,39.441657,0.0,0.0,100.0,1.0,0.11,-11.0,-259.87319360209256,259.87319360209256,0.0,-259.87319360209256,259.87319360209256,0.0,-66406.1707392864,66406.1707392864,0.0,0.0,0.0,0.0,0.0,0.0,0.0,0.0,0.0,-668270.171264906,-668270.171264906,66925.91712649059,66925.91712649059,66825.91712649059,0.0,100.0,0.0,0.0,66925.91712649059,66925.91712649059,1,0.0,100.0
4293,21532.617463094513,0.0,-215326.17463094514,0.0,10.0,0.0,-0.0,0.1,0.40071909,40.071909,0.0,0.0,100.0,1.0,0.11,-11.0,-255.30883035632127,255.30883035632127,0.0,-255.30883035632127,255.30883035632127,0.0,-21121.99980238187,21121.99980238187,0.0,0.0,0.0,0.0,0.0,0.0,0.0,0.0,0.0,-215337.17463094514,-215337.17463094514,21632.617463094513,21632.617463094513,21532.617463094513,0.0,100.0,0.0,0.0,21632.617463094513,21632.617463094513,1,0.0,100.0
4294,18511.675772183342,0.0,-185116.75772183342,0.0,10.0,0.0,-0.0,0.1,0.4030154979999999,40.30154979999999,0.0,0.0,100.0,1.0,0.11,-11.0,-237.12716036479128,237.12716036479128,0.0,-237.12716036479128,237.12716036479128,0.0,-18137.42145145376,18137.42145145376,0.0,0.0,0.0,0.0,0.0,0.0,0.0,0.0,0.0,-185127.75772183342,-185127.75772183342,18611.675772183342,18611.675772183342,18511.675772183342,0.0,100.0,0.0,0.0,18611.675772183342,18611.675772183342,1,0.0,100.0
4295,17766.793295424213,0.0,-177667.93295424213,0.0,10.0,0.0,-0.0,0.1,0.409728374,40.9728374,0.0,0.0,100.0,1.0,0.11,-11.0,-234.1611102779456,234.1611102779456,0.0,-234.1611102779456,234.1611102779456,0.0,-17398.47107486832,17398.47107486832,0.0,0.0,0.0,0.0,0.0,0.0,0.0,0.0,0.0,-177678.93295424213,-177678.93295424213,17866.793295424213,17866.793295424213,17766.793295424213,0.0,100.0,0.0,0.0,17866.793295424213,17866.793295424213,1,0.0,100.0
4296,17766.68124360722,0.0,-177666.8124360722,0.0,10.0,0.0,-0.0,0.1,0.423839916,42.3839916,0.0,0.0,100.0,1.0,0.08,-8.0,-234.1051629670565,234.1051629670565,0.0,-234.1051629670565,234.1051629670565,0.0,-17398.47091767311,17398.47091767311,0.0,0.0,0.0,0.0,0.0,0.0,0.0,0.0,0.0,-177674.8124360722,-177674.8124360722,17866.68124360722,17866.68124360722,17766.68124360722,0.0,100.0,0.0,0.0,17866.68124360722,17866.68124360722,1,0.0,100.0
4297,17766.579658987677,0.0,-177665.79658987676,0.0,10.0,0.0,-0.0,0.1,0.4253949929999999,42.53949929999999,0.0,0.0,100.0,1.0,0.08,-8.0,-234.05436763429788,234.05436763429788,0.0,-234.05436763429788,234.05436763429788,0.0,-17398.47092371908,17398.47092371908,0.0,0.0,0.0,0.0,0.0,0.0,0.0,0.0,0.0,-177673.79658987676,-177673.79658987676,17866.579658987677,17866.579658987677,17766.579658987677,0.0,100.0,0.0,0.0,17866.579658987677,17866.579658987677,1,0.0,100.0
4298,17766.588694050177,0.0,-177665.88694050178,0.0,10.0,0.0,-0.0,0.1,0.41814041,41.814041,0.0,0.0,100.0,1.0,0.08,-8.0,-234.05888516554776,234.05888516554776,0.0,-234.05888516554776,234.05888516554776,0.0,-17398.47092371908,17398.47092371908,0.0,0.0,0.0,0.0,0.0,0.0,0.0,0.0,0.0,-177673.88694050178,-177673.88694050178,17866.588694050177,17866.588694050177,17766.588694050177,0.0,100.0,0.0,0.0,17866.588694050177,17866.588694050177,1,0.0,100.0
4299,18507.900621153356,0.0,-185079.00621153356,0.0,10.0,0.0,-0.0,0.1,0.4161056629999999,41.61056629999999,0.0,0.0,100.0,1.0,0.08,-8.0,-235.239663447407,235.239663447407,0.0,-235.239663447407,235.239663447407,0.0,-18137.421294258544,18137.421294258544,0.0,0.0,0.0,0.0,0.0,0.0,0.0,0.0,0.0,-185087.00621153356,-185087.00621153356,18607.900621153356,18607.900621153356,18507.900621153356,0.0,100.0,0.0,0.0,18607.900621153356,18607.900621153356,1,0.0,100.0
4300,18797.445689931403,0.0,-187974.456899314,0.0,10.0,0.0,-0.0,0.1,0.39476247,39.476247,0.0,0.0,100.0,1.0,0.08,-8.0,-235.1424794324277,235.1424794324277,0.0,-235.1424794324277,235.1424794324277,0.0,-18539.34441270717,18539.34441270717,0.0,0.0,112.183681640625,112.183681640625,0.0,0.0,0.0,0.0,0.0,-187982.456899314,-187982.456899314,19009.629371572028,19009.629371572028,18909.629371572028,0.0,100.0,0.0,0.0,19009.629371572028,18897.445689931403,1,0.0,100.0
4301,56465.01646428509,0.0,-564650.1646428509,0.0,10.0,0.0,-0.0,0.1,0.372028003,37.2028003,0.0,0.0,100.0,1.0,0.11,-11.0,-512.5797633613149,512.5797633613149,0.0,-512.5797633613149,512.5797633613149,0.0,-57840.49582578853,57840.49582578853,0.0,0.0,1084.4422558593749,1084.4422558593749,0.0,0.0,1216.196632366698,1216.196632366698,0.0,-564661.1646428509,-564661.1646428509,58865.65535251116,58865.65535251116,58765.65535251116,0.0,100.0,0.0,0.0,58865.65535251116,56565.01646428509,1,0.0,100.0
4302,58633.311227298655,0.0,-586333.1122729866,0.0,10.0,0.0,-0.0,0.1,0.345585245,34.5585245,0.0,0.0,100.0,1.0,0.11,-11.0,-807.478743003556,807.478743003556,0.0,-807.478743003556,807.478743003556,0.0,-64496.70920396657,64496.70920396657,0.0,0.0,2430.6464355468747,2430.6464355468747,0.0,0.0,4947.709027128158,4947.709027128158,0.0,-586344.1122729866,-586344.1122729866,66111.66668997369,66111.66668997369,66011.66668997369,0.0,100.0,0.0,0.0,66111.66668997369,58733.311227298655,1,0.0,100.0
4303,84650.14187949605,0.0,-846501.4187949605,0.0,10.0,0.0,-0.0,0.1,0.320003483,32.0003483,0.0,0.0,100.0,1.0,0.11,-11.0,-1202.1303558426164,1202.1303558426164,0.0,-1202.1303558426164,1202.1303558426164,0.0,-97029.45494293288,97029.45494293288,0.0,0.0,4262.97990234375,4262.97990234375,0.0,0.0,10420.5938727783,10420.5938727783,0.0,-846512.4187949605,-846512.4187949605,99433.71565461809,99433.7156546181,99333.71565461809,0.0,100.0,0.0,0.0,99433.7156546181,84750.14187949606,1,0.0,100.0
4304,69295.55219162235,0.0,-692955.5219162235,0.0,10.0,0.0,-0.0,0.1,0.296739733,29.6739733,0.0,0.0,100.0,1.0,0.11,-11.0,-1264.764867816457,1264.764867816457,0.0,-1264.764867816457,1264.764867816457,0.0,-93530.78658278362,93530.78658278362,0.0,0.0,10246.109589843749,10246.109589843749,0.0,0.0,16418.654536950424,16418.654536950424,0.0,-692966.5219162235,-692966.5219162235,96060.31631841653,96060.31631841653,95960.31631841653,0.0,100.0,0.0,0.0,96060.31631841653,69395.55219162235,1,0.0,100.0
4305,64420.08263902481,0.0,-644200.8263902481,0.0,10.0,0.0,-0.0,0.1,0.288897859,28.8897859,0.0,0.0,100.0,1.0,0.11,-11.0,-1344.1708719852872,1344.1708719852872,0.0,-1344.1708719852872,1344.1708719852872,0.0,-91054.23449626776,91054.23449626776,0.0,0.0,7441.517548828125,7441.517548828125,0.0,0.0,21780.97605238541,21780.97605238541,0.0,-644211.8263902481,-644211.8263902481,93742.57624023834,93742.57624023834,93642.57624023834,0.0,100.0,0.0,0.0,93742.57624023834,64520.08263902481,1,0.0,100.0
4306,61638.13619482671,0.0,-616381.3619482671,0.0,10.0,0.0,-0.0,0.1,0.281000192,28.1000192,0.0,0.0,100.0,1.0,0.11,-11.0,-1408.3407600544588,1408.3407600544588,0.0,-1408.3407600544588,1408.3407600544588,0.0,-92342.05088237573,92342.05088237573,0.0,0.0,8488.565244140626,8488.565244140626,0.0,0.0,24932.03096351731,24932.03096351731,0.0,-616392.3619482671,-616392.3619482671,95158.73240248465,95158.73240248465,95058.73240248465,0.0,100.0,0.0,0.0,95158.73240248465,61738.13619482671,1,0.0,100.0
4307,56571.09186572576,0.0,-565710.9186572576,0.0,10.0,0.0,-0.0,0.1,0.281775517,28.1775517,0.0,0.0,100.0,1.0,0.11,-11.0,-1440.8805321663044,1440.8805321663044,0.0,-1440.8805321663044,1440.8805321663044,0.0,-89962.60456557114,89962.60456557114,0.0,0.0,8974.69453125,8974.69453125,0.0,0.0,27198.579232927976,27198.579232927976,0.0,-565721.9186572576,-565721.9186572576,92844.36562990374,92844.36562990374,92744.36562990374,0.0,100.0,0.0,0.0,92844.36562990374,56671.091865725764,1,0.0,100.0
4308,55092.37879329469,0.0,-550923.7879329468,0.0,10.0,0.0,-0.0,0.1,0.285402833,28.540283300000002,0.0,0.0,100.0,1.0,0.11,-11.0,-1429.1349638874835,1429.1349638874835,0.0,-1429.1349638874835,1429.1349638874835,0.0,-92326.52047919562,92326.52047919562,0.0,0.0,12489.78322265625,12489.78322265625,0.0,0.0,27502.628391019647,27502.628391019647,0.0,-550934.7879329468,-550934.7879329468,95184.79040697058,95184.79040697058,95084.79040697058,0.0,100.0,0.0,0.0,95184.79040697058,55192.37879329469,1,0.0,100.0
4309,59312.50811655483,0.0,-593125.0811655483,0.0,10.0,0.0,-0.0,0.1,0.301247447,30.1247447,0.0,0.0,100.0,1.0,0.11,-11.0,-1461.0919306597486,1461.0919306597486,0.0,-1461.0919306597486,1461.0919306597486,0.0,-92473.22641662668,92473.22641662668,0.0,0.0,11741.89201171875,11741.89201171875,0.0,0.0,24241.010149672595,24241.010149672595,0.0,-593136.0811655483,-593136.0811655483,95395.41027794618,95395.41027794618,95295.41027794618,0.0,100.0,0.0,0.0,95395.41027794618,59412.50811655484,1,0.0,100.0
4310,58595.71707084412,0.0,-585957.1707084412,0.0,10.0,0.0,-0.0,0.1,0.324765628,32.476562799999996,0.0,0.0,100.0,1.0,0.08,-8.0,-1469.2994686495915,1469.2994686495915,0.0,-1469.2994686495915,1469.2994686495915,0.0,-92057.03226443172,92057.03226443172,0.0,0.0,12639.361464843749,12639.361464843749,0.0,0.0,23660.55266604304,23660.55266604304,0.0,-585965.1707084412,-585965.1707084412,94995.63120173091,94995.63120173091,94895.63120173091,0.0,100.0,0.0,0.0,94995.63120173091,58695.71707084412,0,0.0,100.0
4311,67878.00023783321,0.0,-678780.0023783322,0.0,10.0,0.0,-0.0,0.1,0.357767144,35.776714399999996,0.0,0.0,100.0,1.0,0.08,-8.0,-1464.1077835086942,1464.1077835086942,0.0,-1464.1077835086942,1464.1077835086942,0.0,-94090.04004581035,94090.04004581035,0.0,0.0,10133.925908203124,10133.925908203124,0.0,0.0,18906.3294667914,18906.3294667914,0.0,-678788.0023783322,-678788.0023783322,97018.25561282774,97018.25561282774,96918.25561282774,0.0,100.0,0.0,0.0,97018.25561282774,67978.00023783321,0,0.0,100.0
4312,60928.96719950321,0.0,-609289.6719950321,0.0,10.0,0.0,-0.0,0.1,0.396287084,39.6287084,0.0,0.0,100.0,1.0,0.08,-8.0,-1259.744018889547,1259.744018889547,0.0,-1259.744018889547,1259.744018889547,0.0,-87139.73014716612,87139.73014716612,0.0,0.0,15556.1371875,15556.1371875,0.0,0.0,13074.113797942004,13074.113797942004,0.0,-609297.6719950321,-609297.6719950321,89659.21818494522,89659.21818494522,89559.21818494522,0.0,100.0,0.0,0.0,89659.21818494522,61028.96719950321,1,0.0,100.0
4313,61520.27147977422,0.0,-615202.7147977422,0.0,10.0,0.0,-0.0,0.1,0.429741941,42.9741941,0.0,0.0,100.0,1.0,0.11,-11.0,-1229.8698508894274,1229.8698508894274,0.0,-1229.8698508894274,1229.8698508894274,0.0,-76656.67287349934,76656.67287349934,0.0,0.0,10171.32046875,10171.32046875,0.0,0.0,7324.820626753977,7324.820626753977,0.0,-615213.7147977422,-615213.7147977422,79116.4125752782,79116.4125752782,79016.4125752782,0.0,100.0,0.0,0.0,79116.4125752782,61620.27147977422,1,0.0,100.0
4314,73632.49994912055,0.0,-736324.9994912056,0.0,10.0,0.0,-0.0,0.1,0.445041556,44.5041556,0.0,0.0,100.0,1.0,0.11,-11.0,-1183.6530877480534,1183.6530877480534,0.0,-1183.6530877480534,1183.6530877480534,0.0,-76543.65671141494,76543.65671141494,0.0,0.0,2580.224677734375,2580.224677734375,0.0,0.0,2598.238260056128,2598.238260056128,0.0,-736335.9994912056,-736335.9994912056,78910.96288691106,78910.96288691105,78810.96288691106,0.0,100.0,0.0,0.0,78910.96288691105,73732.49994912054,1,0.0,100.0
4315,71526.89784899335,0.0,-715268.9784899335,0.0,10.0,0.0,-0.0,0.1,0.438413758,43.8413758,0.0,0.0,100.0,1.0,0.11,-11.0,-1115.7166203930444,1115.7166203930444,0.0,-1115.7166203930444,1115.7166203930444,0.0,-69616.59126863757,69616.59126863757,0.0,0.0,0.0,0.0,0.0,0.0,221.1266604303088,221.1266604303088,0.0,-715279.9784899335,-715279.9784899335,71848.02450942366,71848.02450942366,71748.02450942366,0.0,100.0,0.0,0.0,71848.02450942366,71626.89784899335,1,0.0,100.0
4316,68465.15417787051,0.0,-684651.5417787051,0.0,10.0,0.0,-0.0,0.1,0.422966107,42.296610699999995,0.0,0.0,100.0,1.0,0.11,-11.0,-323.70941759223973,323.70941759223973,0.0,-323.70941759223973,323.70941759223973,0.0,-67917.73534268604,67917.73534268604,0.0,0.0,0.0,0.0,0.0,0.0,0.0,0.0,0.0,-684662.5417787051,-684662.5417787051,68565.15417787051,68565.15417787051,68465.15417787051,0.0,100.0,0.0,0.0,68565.15417787051,68565.15417787051,1,0.0,100.0
4317,21558.559029160653,0.0,-215585.59029160652,0.0,10.0,0.0,-0.0,0.1,0.4129991189999999,41.29991189999999,0.0,0.0,100.0,1.0,0.11,-11.0,-268.2796859410269,268.2796859410269,0.0,-268.2796859410269,268.2796859410269,0.0,-21121.9996572786,21121.9996572786,0.0,0.0,0.0,0.0,0.0,0.0,0.0,0.0,0.0,-215596.59029160652,-215596.59029160652,21658.559029160653,21658.559029160653,21558.559029160653,0.0,100.0,0.0,0.0,21658.559029160653,21658.559029160653,1,0.0,100.0
4318,18539.536853207064,0.0,-185395.36853207066,0.0,10.0,0.0,-0.0,0.1,0.408440488,40.844048799999996,0.0,0.0,100.0,1.0,0.11,-11.0,-251.0577794742601,251.0577794742601,0.0,-251.0577794742601,251.0577794742601,0.0,-18137.421294258544,18137.421294258544,0.0,0.0,0.0,0.0,0.0,0.0,0.0,0.0,0.0,-185406.36853207066,-185406.36853207066,18639.536853207064,18639.536853207064,18539.536853207064,0.0,100.0,0.0,0.0,18639.536853207064,18639.536853207064,1,0.0,100.0
4319,17766.662147144918,0.0,-177666.62147144918,0.0,10.0,0.0,-0.0,0.1,0.411626726,41.1626726,0.0,0.0,100.0,1.0,0.11,-11.0,-234.095608689933,234.095608689933,0.0,-234.095608689933,234.095608689933,0.0,-17398.47092976505,17398.47092976505,0.0,0.0,0.0,0.0,0.0,0.0,0.0,0.0,0.0,-177677.62147144918,-177677.62147144918,17866.662147144918,17866.662147144918,17766.662147144918,0.0,100.0,0.0,0.0,17866.662147144918,17866.662147144918,1,0.0,100.0
4320,17766.670242550204,0.0,-177666.70242550204,0.0,10.0,0.0,-0.0,0.1,0.417744998,41.7744998,0.0,0.0,100.0,1.0,0.08,-8.0,-234.09973801316625,234.09973801316625,0.0,-234.09973801316625,234.09973801316625,0.0,-17398.47076652387,17398.47076652387,0.0,0.0,0.0,0.0,0.0,0.0,0.0,0.0,0.0,-177674.70242550204,-177674.70242550204,17866.670242550204,17866.670242550204,17766.670242550204,0.0,100.0,0.0,0.0,17866.670242550204,17866.670242550204,1,0.0,100.0
4321,17766.654858918406,0.0,-177666.54858918407,0.0,10.0,0.0,-0.0,0.1,0.420552522,42.0552522,0.0,0.0,100.0,1.0,0.08,-8.0,-234.09204619726688,234.09204619726688,0.0,-234.09204619726688,234.09204619726688,0.0,-17398.47076652387,17398.47076652387,0.0,0.0,0.0,0.0,0.0,0.0,0.0,0.0,0.0,-177674.54858918407,-177674.54858918407,17866.654858918406,17866.654858918406,17766.654858918406,0.0,100.0,0.0,0.0,17866.654858918406,17866.654858918406,1,0.0,100.0
4322,17766.57872472772,0.0,-177665.78724727719,0.0,10.0,0.0,-0.0,0.1,0.425397897,42.5397897,0.0,0.0,100.0,1.0,0.08,-8.0,-234.0539760789389,234.0539760789389,0.0,-234.0539760789389,234.0539760789389,0.0,-17398.47077256984,17398.47077256984,0.0,0.0,0.0,0.0,0.0,0.0,0.0,0.0,0.0,-177673.78724727719,-177673.78724727719,17866.57872472772,17866.57872472772,17766.57872472772,0.0,100.0,0.0,0.0,17866.57872472772,17866.57872472772,1,0.0,100.0
4323,18517.253607005936,0.0,-185172.53607005934,0.0,10.0,0.0,-0.0,0.1,0.42620935,42.620934999999996,0.0,0.0,100.0,1.0,0.08,-8.0,-239.9162319483165,239.9162319483165,0.0,-239.9162319483165,239.9162319483165,0.0,-18137.421143109303,18137.421143109303,0.0,0.0,0.0,0.0,0.0,0.0,0.0,0.0,0.0,-185180.53607005934,-185180.53607005934,18617.253607005936,18617.253607005936,18517.253607005936,0.0,100.0,0.0,0.0,18617.253607005936,18617.253607005936,1,0.0,100.0
4324,18730.206081756987,0.0,-187302.06081756987,0.0,10.0,0.0,-0.0,0.1,0.401454543,40.1454543,0.0,0.0,100.0,1.0,0.08,-8.0,-238.91737192641,238.91737192641,0.0,-238.91737192641,238.91737192641,0.0,-18539.34414063854,18539.34414063854,0.0,0.0,186.972802734375,186.972802734375,0.0,0.0,0.0,0.0,0.0,-187310.06081756987,-187310.06081756987,19017.17888449136,19017.17888449136,18917.17888449136,0.0,100.0,0.0,0.0,19017.17888449136,18830.206081756987,1,0.0,100.0
4325,54976.75183775555,0.0,-549767.5183775555,0.0,10.0,0.0,-0.0,0.1,0.376761995,37.6761995,0.0,0.0,100.0,1.0,0.11,-11.0,-528.7353408177589,528.7353408177589,0.0,-528.7353408177589,528.7353408177589,0.0,-57653.12979318958,57653.12979318958,0.0,0.0,2168.8845117187498,2168.8845117187498,0.0,0.0,1464.9641253507953,1464.9641253507953,0.0,-549778.5183775555,-549778.5183775555,58710.6004748251,58710.6004748251,58610.6004748251,0.0,100.0,0.0,0.0,58710.6004748251,55076.75183775555,1,0.0,100.0
4326,55290.18343139371,0.0,-552901.8343139371,0.0,10.0,0.0,-0.0,0.1,0.345536415,34.5536415,0.0,0.0,100.0,1.0,0.11,-11.0,-840.2353015516175,840.2353015516175,0.0,-840.2353015516175,840.2353015516175,0.0,-65557.59169091033,65557.59169091033,0.0,0.0,5683.973203125,5683.973203125,0.0,0.0,6163.905659494856,6163.905659494856,0.0,-552912.8343139371,-552912.8343139371,67238.06229401357,67238.06229401357,67138.06229401357,0.0,100.0,0.0,0.0,67238.06229401357,55390.183431393714,1,0.0,100.0
4327,74363.48194243661,0.0,-743634.8194243661,0.0,10.0,0.0,-0.0,0.1,0.3086390069999999,30.86390069999999,0.0,0.0,100.0,1.0,0.11,-11.0,-1257.7825658763206,1257.7825658763206,0.0,-1257.7825658763206,1257.7825658763206,0.0,-96869.56165740296,96869.56165740296,0.0,0.0,12676.756025390623,12676.756025390623,0.0,0.0,12244.888821328346,12244.888821328346,0.0,-743645.8194243661,-743645.8194243661,99385.12678915559,99385.12678915559,99285.12678915559,0.0,100.0,0.0,0.0,99385.12678915559,74463.48194243663,1,0.0,100.0
4328,67991.31784671715,0.0,-679913.1784671715,0.0,10.0,0.0,-0.0,0.1,0.286992608,28.699260799999998,0.0,0.0,100.0,1.0,0.11,-11.0,-1309.4639731818295,1309.4639731818295,0.0,-1309.4639731818295,1309.4639731818295,0.0,-93332.22285210271,93332.22285210271,0.0,0.0,10059.136787109375,10059.136787109375,0.0,0.0,17800.696164639852,17800.696164639852,0.0,-679924.1784671715,-679924.1784671715,95951.15079846638,95951.15079846638,95851.15079846638,0.0,100.0,0.0,0.0,95951.15079846638,68091.31784671715,1,0.0,100.0
4329,56899.703023039685,0.0,-568997.0302303969,0.0,10.0,0.0,-0.0,0.1,0.280972646,28.0972646,0.0,0.0,100.0,1.0,0.11,-11.0,-1393.7835138325884,1393.7835138325884,0.0,-1393.7835138325884,1393.7835138325884,0.0,-89801.5218564304,89801.5218564304,0.0,0.0,12564.57234375,12564.57234375,0.0,0.0,23024.81351730589,23024.81351730589,0.0,-569008.0302303969,-569008.0302303969,92589.08888409557,92589.08888409557,92489.08888409557,0.0,100.0,0.0,0.0,92589.08888409557,56999.703023039685,1,0.0,100.0
4330,52537.08371101932,0.0,-525370.8371101932,0.0,10.0,0.0,-0.0,0.1,0.275500774,27.5500774,0.0,0.0,100.0,1.0,0.11,-11.0,-1442.4881782175055,1442.4881782175055,0.0,-1442.4881782175055,1442.4881782175055,0.0,-89789.9520470539,89789.9520470539,0.0,0.0,14359.51125,14359.51125,0.0,0.0,25678.3334424696,25678.3334424696,0.0,-525381.8371101932,-525381.8371101932,92674.92840348891,92674.92840348891,92574.92840348891,0.0,100.0,0.0,0.0,92674.92840348891,52637.08371101931,1,0.0,100.0
4331,38128.24240648538,0.0,-381282.42406485375,0.0,10.0,0.0,-0.0,0.1,0.276978444,27.697844399999997,0.0,0.0,100.0,1.0,0.11,-11.0,-1454.731873700758,1454.731873700758,0.0,-1454.731873700758,1454.731873700758,0.0,-88013.9667792787,88013.9667792787,0.0,0.0,25054.355566406248,25054.355566406248,0.0,0.0,27640.83255378859,27640.83255378859,0.0,-381293.42406485375,-381293.42406485375,90923.43052668023,90923.43052668021,90823.43052668023,0.0,100.0,0.0,0.0,90923.43052668021,38228.24240648537,1,0.0,100.0
4332,45988.32013176357,0.0,-459883.2013176357,0.0,10.0,0.0,-0.0,0.1,0.284221834,28.4221834,0.0,0.0,100.0,1.0,0.11,-11.0,-1443.6020297803925,1443.6020297803925,0.0,-1443.6020297803925,1443.6020297803925,0.0,-91693.49862887812,91693.49862887812,0.0,0.0,20492.219179687498,20492.219179687498,0.0,0.0,28000.163376987843,28000.163376987843,0.0,-459894.2013176357,-459894.2013176357,94580.7026884389,94580.7026884389,94480.7026884389,0.0,100.0,0.0,0.0,94580.7026884389,46088.32013176357,1,0.0,100.0
4333,38840.85559920054,0.0,-388408.5559920054,0.0,10.0,0.0,-0.0,0.1,0.300357334,30.035733399999998,0.0,0.0,100.0,1.0,0.11,-11.0,-1468.7935567823556,1468.7935567823556,0.0,-1468.7935567823556,1468.7935567823556,0.0,-91675.34342843064,91675.34342843064,0.0,0.0,28943.38986328125,28943.38986328125,0.0,0.0,26728.68507951357,26728.68507951357,0.0,-388419.5559920054,-388419.5559920054,94612.93054199536,94612.93054199536,94512.93054199536,0.0,100.0,0.0,0.0,94612.93054199536,38940.85559920054,1,0.0,100.0
4334,48803.20040388467,0.0,-488032.0040388467,0.0,10.0,0.0,-0.0,0.1,0.322959027,32.2959027,0.0,0.0,100.0,1.0,0.08,-8.0,-1498.2504124618265,1498.2504124618265,0.0,-1498.2504124618265,1498.2504124618265,0.0,-91555.31708544708,91555.31708544708,0.0,0.0,20716.58654296875,20716.58654296875,0.0,0.0,24932.03096351731,24932.03096351731,0.0,-488040.0040388467,-488040.0040388467,94551.81791037074,94551.81791037074,94451.81791037074,0.0,100.0,0.0,0.0,94551.81791037074,48903.20040388468,0,0.0,100.0
4335,54459.986406179545,0.0,-544599.8640617954,0.0,10.0,0.0,-0.0,0.1,0.36324032,36.324032,0.0,0.0,100.0,1.0,0.08,-8.0,-1503.281887526688,1503.281887526688,0.0,-1503.281887526688,1503.281887526688,0.0,-94559.79943354629,94559.79943354629,0.0,0.0,22773.287373046875,22773.287373046875,0.0,0.0,20233.08942937325,20233.08942937325,0.0,-544607.8640617954,-544607.8640617954,97566.36320859968,97566.36320859967,97466.36320859968,0.0,100.0,0.0,0.0,97566.36320859967,54559.98640617954,1,0.0,100.0
4336,63943.90391296867,0.0,-639439.0391296868,0.0,10.0,0.0,-0.0,0.1,0.403465522,40.346552200000005,0.0,0.0,100.0,1.0,0.08,-8.0,-1267.6836795400952,1267.6836795400952,0.0,-1267.6836795400952,1267.6836795400952,0.0,-87844.7881540076,87844.7881540076,0.0,0.0,11741.89201171875,11741.89201171875,0.0,0.0,14594.359588400375,14594.359588400375,0.0,-639447.0391296868,-639447.0391296868,90380.1555130878,90380.1555130878,90280.1555130878,0.0,100.0,0.0,0.0,90380.1555130878,64043.90391296867,1,0.0,100.0
4337,67099.30876857323,0.0,-670993.0876857323,0.0,10.0,0.0,-0.0,0.1,0.436059391,43.6059391,0.0,0.0,100.0,1.0,0.11,-11.0,-1239.1696597082955,1239.1696597082955,0.0,-1239.1696597082955,1239.1696597082955,0.0,-76347.84812910724,76347.84812910724,0.0,0.0,3141.1430859375,3141.1430859375,0.0,0.0,8485.735594013098,8485.735594013098,0.0,-671004.0876857323,-671004.0876857323,78826.18744852382,78826.18744852382,78726.18744852382,0.0,100.0,0.0,0.0,78826.18744852382,67199.30876857322,1,0.0,100.0
4338,72682.28503121031,0.0,-726822.850312103,0.0,10.0,0.0,-0.0,0.1,0.445494435,44.5494435,0.0,0.0,100.0,1.0,0.11,-11.0,-1162.49144824906,1162.49144824906,0.0,-1162.49144824906,1162.49144824906,0.0,-75291.11227045346,75291.11227045346,0.0,0.0,1682.7552246093749,1682.7552246093749,0.0,0.0,3151.0549111319,3151.0549111319,0.0,-726833.850312103,-726833.850312103,77616.09516695159,77616.09516695158,77516.09516695159,0.0,100.0,0.0,0.0,77616.09516695158,72782.2850312103,1,0.0,100.0
4339,69818.08398871208,0.0,-698180.8398871208,0.0,10.0,0.0,-0.0,0.1,0.442240017,44.224001699999995,0.0,0.0,100.0,1.0,0.11,-11.0,-1114.20298612242,1114.20298612242,0.0,-1114.20298612242,1114.20298612242,0.0,-67938.44550945134,67938.44550945134,0.0,0.0,0.0,0.0,0.0,0.0,248.7674929840973,248.7674929840973,0.0,-698191.8398871208,-698191.8398871208,70166.85148169618,70166.85148169618,70066.85148169618,0.0,100.0,0.0,0.0,70166.85148169618,69918.08398871208,1,0.0,100.0
4340,67636.1016377332,0.0,-676361.0163773319,0.0,10.0,0.0,-0.0,0.1,0.434421521,43.4421521,0.0,0.0,100.0,1.0,0.11,-11.0,-302.1374387885916,302.1374387885916,0.0,-302.1374387885916,302.1374387885916,0.0,-67131.82676015602,67131.82676015602,0.0,0.0,0.0,0.0,0.0,0.0,0.0,0.0,0.0,-676372.0163773319,-676372.0163773319,67736.1016377332,67736.1016377332,67636.1016377332,0.0,100.0,0.0,0.0,67736.1016377332,67736.1016377332,1,0.0,100.0
4341,21580.203776615923,0.0,-215802.03776615922,0.0,10.0,0.0,-0.0,0.1,0.431172612,43.1172612,0.0,0.0,100.0,1.0,0.11,-11.0,-279.1021412892506,279.1021412892506,0.0,-279.1021412892506,279.1021412892506,0.0,-21121.99949403742,21121.99949403742,0.0,0.0,0.0,0.0,0.0,0.0,0.0,0.0,0.0,-215813.03776615922,-215813.03776615922,21680.203776615923,21680.203776615923,21580.203776615923,0.0,100.0,0.0,0.0,21680.203776615923,21680.203776615923,1,0.0,100.0
4342,18553.09877259405,0.0,-185530.9877259405,0.0,10.0,0.0,-0.0,0.1,0.427710282,42.771028199999996,0.0,0.0,100.0,1.0,0.11,-11.0,-257.83882078834085,257.83882078834085,0.0,-257.83882078834085,257.83882078834085,0.0,-18137.421131017367,18137.421131017367,0.0,0.0,0.0,0.0,0.0,0.0,0.0,0.0,0.0,-185541.9877259405,-185541.9877259405,18653.09877259405,18653.09877259405,18553.09877259405,0.0,100.0,0.0,0.0,18653.09877259405,18653.09877259405,1,0.0,100.0
4343,17766.85516235119,0.0,-177668.55162351188,0.0,10.0,0.0,-0.0,0.1,0.428300697,42.8300697,0.0,0.0,100.0,1.0,0.11,-11.0,-234.1922009366453,234.1922009366453,0.0,-234.1922009366453,234.1922009366453,0.0,-17398.4707604779,17398.4707604779,0.0,0.0,0.0,0.0,0.0,0.0,0.0,0.0,0.0,-177679.55162351188,-177679.55162351188,17866.85516235119,17866.85516235119,17766.85516235119,0.0,100.0,0.0,0.0,17866.85516235119,17866.85516235119,1,0.0,100.0
4344,14693.075263437071,0.0,-146930.7526343707,0.0,10.0,0.0,-0.0,0.1,0.432250829,43.225082900000004,0.0,0.0,100.0,1.0,0.08,-8.0,-203.9799459723528,203.9799459723528,0.0,-203.9799459723528,203.9799459723528,0.0,-14385.115371492366,14385.115371492366,0.0,0.0,0.0,0.0,0.0,0.0,0.0,0.0,0.0,-146938.7526343707,-146938.7526343707,14793.075263437071,14793.075263437071,14693.075263437071,0.0,100.0,0.0,0.0,14793.075263437071,14793.075263437071,1,0.0,100.0
4345,14693.004137707218,0.0,-146930.04137707216,0.0,10.0,0.0,-0.0,0.1,0.445027292,44.502729200000005,0.0,0.0,100.0,1.0,0.08,-8.0,-203.9443800844407,203.9443800844407,0.0,-203.9443800844407,203.9443800844407,0.0,-14385.115377538335,14385.115377538335,0.0,0.0,0.0,0.0,0.0,0.0,0.0,0.0,0.0,-146938.04137707216,-146938.04137707216,14793.004137707218,14793.004137707218,14693.004137707218,0.0,100.0,0.0,0.0,14793.004137707218,14793.004137707218,1,0.0,100.0
4346,14692.935160992503,0.0,-146929.35160992504,0.0,10.0,0.0,-0.0,0.1,0.449415743,44.9415743,0.0,0.0,100.0,1.0,0.08,-8.0,-203.90989777305447,203.90989777305447,0.0,-203.90989777305447,203.90989777305447,0.0,-14385.115365446394,14385.115365446394,0.0,0.0,0.0,0.0,0.0,0.0,0.0,0.0,0.0,-146937.35160992504,-146937.35160992504,14792.935160992503,14792.935160992503,14692.935160992503,0.0,100.0,0.0,0.0,14792.935160992503,14792.935160992503,1,0.0,100.0
4347,15434.025781157454,0.0,-154340.25781157453,0.0,10.0,0.0,-0.0,0.1,0.4496301239999999,44.96301239999999,0.0,0.0,100.0,1.0,0.08,-8.0,-204.9800225857977,204.9800225857977,0.0,-204.9800225857977,204.9800225857977,0.0,-15124.065735985858,15124.065735985858,0.0,0.0,0.0,0.0,0.0,0.0,0.0,0.0,0.0,-154348.25781157453,-154348.25781157453,15534.025781157454,15534.025781157454,15434.025781157454,0.0,100.0,0.0,0.0,15534.025781157454,15534.025781157454,1,0.0,100.0
4348,14141.757476708648,0.0,-141417.57476708648,0.0,10.0,0.0,-0.0,0.1,0.425331322,42.533132200000004,0.0,0.0,100.0,1.0,0.08,-8.0,-204.7096232333316,204.7096232333316,0.0,-204.7096232333316,204.7096232333316,0.0,-14019.31103297636,14019.31103297636,0.0,0.0,186.972802734375,186.972802734375,0.0,0.0,0.0,0.0,0.0,-141425.57476708648,-141425.57476708648,14428.730279443023,14428.730279443023,14328.730279443023,0.0,100.0,0.0,0.0,14428.730279443023,14241.757476708648,1,0.0,100.0
4349,50075.87128489355,0.0,-500758.71284893545,0.0,10.0,0.0,-0.0,0.1,0.387269101,38.7269101,0.0,0.0,100.0,1.0,0.11,-11.0,-180.7324201127288,180.7324201127288,0.0,-180.7324201127288,180.7324201127288,0.0,-54778.192508289896,54778.192508289896,0.0,0.0,3664.66693359375,3664.66693359375,0.0,0.0,1299.119130028064,1299.119130028064,0.0,-500769.71284893545,-500769.71284893545,55139.657348515364,55139.65734851536,55039.657348515364,0.0,100.0,0.0,0.0,55139.65734851536,50175.87128489354,1,0.0,100.0
4350,38948.00959510769,0.0,-389480.0959510769,0.0,10.0,0.0,-0.0,0.1,0.360628716,36.0628716,0.0,0.0,100.0,1.0,0.11,-11.0,-168.43259831946114,168.43259831946114,0.0,-168.43259831946114,168.43259831946114,0.0,-54558.58926873851,54558.58926873851,0.0,0.0,10208.715029296874,10208.715029296874,0.0,0.0,5638.729840972873,5638.729840972873,0.0,-389491.0959510769,-389491.0959510769,54895.454465377436,54895.454465377436,54795.454465377436,0.0,100.0,0.0,0.0,54895.454465377436,39048.00959510769,1,0.0,100.0
4351,41481.80156388521,0.0,-414818.0156388521,0.0,10.0,0.0,-0.0,0.1,0.351236786,35.123678600000005,0.0,0.0,100.0,1.0,0.11,-11.0,-209.01208448044684,209.01208448044684,0.0,-209.01208448044684,209.01208448044684,0.0,-70520.69692557139,70520.69692557139,0.0,0.0,18024.17818359375,18024.17818359375,0.0,0.0,11332.741347053325,11332.741347053325,0.0,-414829.0156388521,-414829.0156388521,70938.72109453229,70938.72109453229,70838.72109453229,0.0,100.0,0.0,0.0,70938.72109453229,41581.80156388521,1,0.0,100.0
4352,27556.118024741405,0.0,-275561.18024741404,0.0,10.0,0.0,-0.0,0.1,0.333426845,33.342684500000004,0.0,0.0,100.0,1.0,0.11,-11.0,-224.54622822598,224.54622822598,0.0,-224.54622822598,224.54622822598,0.0,-70143.34782613117,70143.34782613117,0.0,0.0,25577.8794140625,25577.8794140625,0.0,0.0,17358.442843779234,17358.442843779234,0.0,-275572.18024741404,-275572.18024741404,70592.44028258313,70592.44028258313,70492.44028258313,0.0,100.0,0.0,0.0,70592.44028258313,27656.1180247414,1,0.0,100.0
4353,17478.13320053583,0.0,-174781.3320053583,0.0,10.0,0.0,-0.0,0.1,0.316952636,31.6952636,0.0,0.0,100.0,1.0,0.11,-11.0,-311.04846376423245,311.04846376423245,0.0,-311.04846376423245,311.04846376423245,0.0,-68582.79593495597,68582.79593495597,0.0,0.0,28905.995302734373,28905.995302734373,0.0,0.0,22720.764359214223,22720.764359214223,0.0,-174792.3320053583,-174792.3320053583,69204.89286248443,69204.89286248443,69104.89286248443,0.0,100.0,0.0,0.0,69204.89286248443,17578.133200535827,1,0.0,100.0
4354,12208.863161276819,0.0,-122088.6316127682,0.0,10.0,0.0,-0.0,0.1,0.32522323,32.522323,0.0,0.0,100.0,1.0,0.11,-11.0,-303.8455387478845,303.8455387478845,0.0,-303.8455387478845,303.8455387478845,0.0,-69140.54510027208,69140.54510027208,0.0,0.0,30738.32876953125,30738.32876953125,0.0,0.0,26701.04424695978,26701.04424695978,0.0,-122099.6316127682,-122099.6316127682,69748.23617776785,69748.23617776785,69648.23617776785,0.0,100.0,0.0,0.0,69748.23617776785,12308.863161276815,1,0.0,100.0
4355,10716.625415421906,0.0,-107166.25415421906,0.0,10.0,0.0,-0.0,0.1,0.335671205,33.567120499999994,0.0,0.0,100.0,1.0,0.11,-11.0,-322.73564259494697,322.73564259494697,0.0,-322.73564259494697,322.73564259494697,0.0,-69857.56796014753,69857.56796014753,0.0,0.0,30663.539648437498,30663.539648437498,0.0,0.0,29022.874181478022,29022.874181478022,0.0,-107177.25415421906,-107177.25415421906,70503.03924533742,70503.03924533742,70403.03924533742,0.0,100.0,0.0,0.0,70503.03924533742,10816.625415421906,1,0.0,100.0
4356,7027.7924044965475,0.0,-70277.92404496548,0.0,10.0,0.0,-0.0,0.1,0.357827782,35.782778199999996,0.0,0.0,100.0,1.0,0.11,-11.0,-333.87327134548445,333.87327134548445,0.0,-333.87327134548445,333.87327134548445,0.0,-69689.15759624088,69689.15759624088,0.0,0.0,34814.335869140625,34814.335869140625,0.0,0.0,28414.775865294672,28414.775865294672,0.0,-70288.92404496548,-70288.92404496548,70356.90413893184,70356.90413893184,70256.90413893184,0.0,100.0,0.0,0.0,70356.90413893184,7127.7924044965475,1,0.0,100.0
4357,0.0,0.0,-0.0,55.55555555555556,10.0,0.0,-0.0,0.1,0.367634662,0.0,0.0,100.0,0.0,1.0,0.11,0.0,-341.7125400556144,341.7125400556144,0.0,-341.7125400556144,341.7125400556144,0.0,-53935.574906916096,53935.574906916096,0.0,0.0,33243.76432617188,33243.76432617188,0.0,6497.012993130629,28027.80420954163,21530.791216411002,0.0,0.0,0.0,54774.55554258288,54774.55554258288,54774.55554258288,0.0,0.0,155.55555555555475,0.0,54618.999987027324,-6652.568548686184,1,-55.55555555555556,-100.0
4358,763.143670600206,0.0,-7631.4367060020595,0.0,60.0,45.0,-0.0,0.6,0.374266351,37.4266351,0.0,0.0,100.0,1.0,0.08,-8.0,-362.11260438150566,362.11260438150566,0.0,-362.11260438150566,362.11260438150566,0.0,-53791.064339665485,53791.064339665485,0.0,0.0,28868.6007421875,28868.6007421875,0.0,0.0,24738.54513564079,24738.54513564079,0.0,-7639.4367060020595,-7639.4367060020595,54515.289548428496,54515.289548428496,54370.289548428496,0.0,145.0,0.0,0.0,54515.289548428496,908.143670600206,1,45.0,100.0
4359,11783.836960941346,0.0,-117838.36960941346,0.0,10.0,0.0,-0.0,0.1,0.40988921,40.988921,0.0,0.0,100.0,1.0,0.08,-8.0,-365.8069824156718,365.8069824156718,0.0,-365.8069824156718,365.8069824156718,0.0,-56407.13448561904,56407.13448561904,0.0,0.0,25353.51205078125,25353.51205078125,0.0,0.0,19901.399438727785,19901.399438727785,0.0,-117846.36960941346,-117846.36960941346,57138.74845045038,57138.74845045038,57038.74845045038,0.0,100.0,0.0,0.0,57138.74845045038,11883.83696094135,1,0.0,100.0
4360,22512.35984333742,0.0,-225123.5984333742,0.0,10.0,0.0,-0.0,0.1,0.438340734,43.8340734,0.0,0.0,100.0,1.0,0.08,-8.0,-369.231703621565,369.231703621565,0.0,-369.231703621565,369.231703621565,0.0,-53760.77813084589,53760.77813084589,0.0,0.0,17762.416259765625,17762.416259765625,0.0,0.0,14124.46543498597,14124.46543498597,0.0,-225131.5984333742,-225131.5984333742,54499.241538089016,54499.241538089016,54399.241538089016,0.0,100.0,0.0,0.0,54499.241538089016,22612.35984333742,1,0.0,100.0
4361,310.02700932142034,0.0,-3100.2700932142034,0.0,10.0,0.0,-0.0,0.1,0.447315562,44.7315562,0.0,0.0,100.0,1.0,0.11,-11.0,-356.39573350226027,356.39573350226027,0.0,-356.39573350226027,356.39573350226027,0.0,-17936.438413922227,17936.438413922227,0.0,0.0,9946.95310546875,9946.95310546875,0.0,0.0,8292.249766136578,8292.249766136578,0.0,-3111.2700932142034,-3111.2700932142034,18649.22988092675,18649.22988092675,18549.22988092675,0.0,100.0,0.0,0.0,18649.22988092675,410.02700932142034,1,0.0,100.0
4362,10691.587910525597,0.0,-106915.87910525597,0.0,10.0,0.0,-0.0,0.1,0.44982509,44.982509,0.0,0.0,100.0,1.0,0.11,-11.0,-332.9417309368464,332.9417309368464,0.0,-332.9417309368464,332.9417309368464,0.0,-16458.537709119122,16458.537709119122,0.0,0.0,3402.905009765625,3402.905009765625,0.0,0.0,2929.9282507015905,2929.9282507015905,0.0,-106926.87910525597,-106926.87910525597,17124.421170992813,17124.421170992813,17024.421170992813,0.0,100.0,0.0,0.0,17124.421170992813,10791.587910525597,1,0.0,100.0
4363,19151.787242609877,0.0,-191517.87242609877,0.0,10.0,0.0,-0.0,0.1,0.443250065,44.3250065,0.0,0.0,100.0,1.0,0.11,-11.0,-312.56227904238875,312.56227904238875,0.0,-312.56227904238875,312.56227904238875,0.0,-19041.275172831927,19041.275172831927,0.0,0.0,0.0,0.0,0.0,0.0,414.6124883068289,414.6124883068289,0.0,-191528.87242609877,-191528.87242609877,19666.399730916706,19666.399730916706,19566.399730916706,0.0,100.0,0.0,0.0,19666.399730916706,19251.787242609877,1,0.0,100.0
4364,18548.164135572093,0.0,-185481.64135572093,0.0,10.0,0.0,-0.0,0.1,0.430970212,43.0970212,0.0,0.0,100.0,1.0,0.11,-11.0,-284.09377896460484,284.09377896460484,0.0,-284.09377896460484,284.09377896460484,0.0,-18079.976577642883,18079.976577642883,0.0,0.0,0.0,0.0,0.0,0.0,0.0,0.0,0.0,-185492.64135572093,-185492.64135572093,18648.164135572093,18648.164135572093,18548.164135572093,0.0,100.0,0.0,0.0,18648.164135572093,18648.164135572093,1,0.0,100.0
4365,16951.118108041795,0.0,-169511.18108041794,0.0,10.0,0.0,-0.0,0.1,0.428708884,42.8708884,0.0,0.0,100.0,1.0,0.11,-11.0,-224.5758094425369,224.5758094425369,0.0,-224.5758094425369,224.5758094425369,0.0,-16601.966489156723,16601.966489156723,0.0,0.0,0.0,0.0,0.0,0.0,0.0,0.0,0.0,-169522.18108041794,-169522.18108041794,17051.118108041795,17051.118108041795,16951.118108041795,0.0,100.0,0.0,0.0,17051.118108041795,17051.118108041795,1,0.0,100.0
4366,15437.365454848645,0.0,-154373.65454848646,0.0,10.0,0.0,-0.0,0.1,0.433682846,43.3682846,0.0,0.0,100.0,1.0,0.11,-11.0,-206.64985338542465,206.64985338542465,0.0,-206.64985338542465,206.64985338542465,0.0,-15124.065748077795,15124.065748077795,0.0,0.0,0.0,0.0,0.0,0.0,0.0,0.0,0.0,-154384.65454848646,-154384.65454848646,15537.365454848645,15537.365454848645,15437.365454848645,0.0,100.0,0.0,0.0,15537.365454848645,15537.365454848645,1,0.0,100.0
4367,14692.646005560595,0.0,-146926.46005560594,0.0,10.0,0.0,-0.0,0.1,0.429324792,42.9324792,0.0,0.0,100.0,1.0,0.11,-11.0,-203.7653140111301,203.7653140111301,0.0,-203.7653140111301,203.7653140111301,0.0,-14385.115377538335,14385.115377538335,0.0,0.0,0.0,0.0,0.0,0.0,0.0,0.0,0.0,-146937.46005560594,-146937.46005560594,14792.646005560595,14792.646005560595,14692.646005560595,0.0,100.0,0.0,0.0,14792.646005560595,14792.646005560595,1,0.0,100.0
4368,14692.615695194709,0.0,-146926.15695194708,0.0,10.0,0.0,-0.0,0.1,0.4363571679999999,43.63571679999999,0.0,0.0,100.0,1.0,0.08,-8.0,-203.7638862022962,203.7638862022962,0.0,-203.7638862022962,203.7638862022962,0.0,-14385.087922790117,14385.087922790117,0.0,0.0,0.0,0.0,0.0,0.0,0.0,0.0,0.0,-146934.15695194708,-146934.15695194708,14792.615695194709,14792.615695194709,14692.615695194709,0.0,100.0,0.0,0.0,14792.615695194709,14792.615695194709,1,0.0,100.0
4369,14692.613015165898,0.0,-146926.130151659,0.0,10.0,0.0,-0.0,0.1,0.437102332,43.7102332,0.0,0.0,100.0,1.0,0.08,-8.0,-203.76254316490457,203.76254316490457,0.0,-203.76254316490457,203.76254316490457,0.0,-14385.087928836088,14385.087928836088,0.0,0.0,0.0,0.0,0.0,0.0,0.0,0.0,0.0,-146934.130151659,-146934.130151659,14792.613015165898,14792.613015165898,14692.613015165898,0.0,100.0,0.0,0.0,14792.613015165898,14792.613015165898,1,0.0,100.0
4370,14692.610458424379,0.0,-146926.1045842438,0.0,10.0,0.0,-0.0,0.1,0.4317964279999999,43.17964279999999,0.0,0.0,100.0,1.0,0.08,-8.0,-203.76127084011787,203.76127084011787,0.0,-203.76127084011787,203.76127084011787,0.0,-14385.087916744144,14385.087916744144,0.0,0.0,0.0,0.0,0.0,0.0,0.0,0.0,0.0,-146934.1045842438,-146934.1045842438,14792.610458424379,14792.610458424379,14692.610458424379,0.0,100.0,0.0,0.0,14792.610458424379,14792.610458424379,1,0.0,100.0
4371,15433.803639461914,0.0,-154338.03639461915,0.0,10.0,0.0,-0.0,0.1,0.429522956,42.9522956,0.0,0.0,100.0,1.0,0.08,-8.0,-204.88269120407625,204.88269120407625,0.0,-204.88269120407625,204.88269120407625,0.0,-15124.038257053762,15124.038257053762,0.0,0.0,0.0,0.0,0.0,0.0,0.0,0.0,0.0,-154346.03639461915,-154346.03639461915,15533.803639461914,15533.803639461914,15433.803639461914,0.0,100.0,0.0,0.0,15533.803639461914,15533.803639461914,1,0.0,100.0
4372,14328.916146382759,0.0,-143289.1614638276,0.0,10.0,0.0,-0.0,0.1,0.410549137,41.0549137,0.0,0.0,100.0,1.0,0.08,-8.0,-204.8163203531248,204.8163203531248,0.0,-204.8163203531248,204.8163203531248,0.0,-14019.283505676509,14019.283505676509,0.0,0.0,0.0,0.0,0.0,0.0,0.0,0.0,0.0,-143297.1614638276,-143297.1614638276,14428.916146382759,14428.916146382759,14328.916146382759,0.0,100.0,0.0,0.0,14428.916146382759,14428.916146382759,1,0.0,100.0
4373,11588.538711587342,0.0,-115885.38711587343,0.0,10.0,0.0,-0.0,0.1,0.379082604,37.908260399999996,0.0,0.0,100.0,1.0,0.11,-11.0,-180.66730087488392,180.66730087488392,0.0,-180.66730087488392,180.66730087488392,0.0,-16458.45552020759,16458.45552020759,0.0,0.0,3776.850615234375,3776.850615234375,0.0,0.0,1354.400795135641,1354.400795135641,0.0,-115896.38711587343,-115896.38711587343,16819.790121957358,16819.790121957358,16719.790121957358,0.0,100.0,0.0,0.0,16819.790121957358,11688.538711587342,1,0.0,100.0
4374,1898.004242537184,0.0,-18980.042425371837,0.0,10.0,0.0,-0.0,0.1,0.338708168,33.8708168,0.0,0.0,100.0,1.0,0.11,-11.0,-168.34988231265166,168.34988231265166,0.0,-168.34988231265166,168.34988231265166,0.0,-17936.356267332485,17936.356267332485,0.0,0.0,10470.476953125,10470.476953125,0.0,0.0,5804.574836295605,5804.574836295605,0.0,-18991.042425371837,-18991.042425371837,18273.05603195779,18273.05603195779,18173.05603195779,0.0,100.0,0.0,0.0,18273.05603195779,1998.004242537183,1,0.0,100.0
4375,0.0,0.0,-0.0,55.55555555555556,10.0,0.0,-0.0,0.1,0.3142247489999999,0.0,0.0,100.0,0.0,1.0,0.11,0.0,-168.4913552220622,168.4913552220622,0.0,-168.4913552220622,168.4913552220622,0.0,-17936.35629151636,17936.35629151636,0.0,0.0,18360.729228515625,18360.729228515625,0.0,11762.111004021102,11830.276333021517,68.1653290004142,0.0,0.0,0.0,18428.89455751604,18428.89455751604,18428.89455751604,0.0,0.0,155.55555555555475,0.0,18273.339001960485,-11917.666559576657,1,-55.55555555555556,-100.0
4376,0.0,0.0,-0.0,44.44444444444444,60.0,0.0,-0.0,0.6,0.303210052,0.0,0.0,100.0,0.0,1.0,0.11,0.0,-210.1353424516133,210.1353424516133,0.0,-210.1353424516133,210.1353424516133,0.0,-15719.505185943945,15719.505185943945,0.0,8994.50261439588,25278.722929687498,16284.220315291617,0.0,17855.97782974743,17855.97782974743,0.0,0.0,0.0,0.0,16284.220315291617,16284.220315291617,16284.220315291617,0.0,0.0,144.44444444444525,0.0,16139.775870847172,-26994.924888587753,1,-44.44444444444444,-100.0
4377,0.0,0.0,-0.0,0.0,100.0,-0.0,-0.0,1.0,0.2937719669999999,0.0,0.0,100.0,0.0,1.0,0.11,0.0,-301.87597730017484,301.87597730017484,0.0,-301.87597730017484,301.87597730017484,0.0,-12763.703685648185,12763.703685648185,0.0,18093.553461313968,31561.0091015625,13467.455640248534,0.0,22499.63769878392,22499.63769878392,0.0,0.0,0.0,0.0,13467.455640248534,13467.455640248534,13467.455640248534,0.0,0.0,100.0,0.0,13367.455640248534,-40693.19116009789,1,-0.0,-100.0
4378,0.0,0.0,-0.0,0.0,100.0,-0.0,-0.0,1.0,0.3028800319999999,0.0,0.0,100.0,0.0,1.0,0.11,0.0,-301.2059011833527,301.2059011833527,0.0,-301.2059011833527,301.2059011833527,0.0,-12763.758310984049,12763.758310984049,0.0,22619.58081438362,36085.75092773437,13466.170113350754,0.0,26341.713423760528,26341.713423760528,0.0,0.0,0.0,0.0,13466.170113350754,13466.170113350754,13466.170113350754,0.0,0.0,100.0,0.0,13366.170113350754,-49061.294238144146,1,-0.0,-100.0
4379,0.0,0.0,-0.0,0.0,100.0,-0.0,-0.0,1.0,0.313845751,0.0,0.0,100.0,0.0,1.0,0.11,0.0,-332.73054460420377,332.73054460420377,0.0,-332.73054460420377,332.73054460420377,0.0,-12763.758304938076,12763.758304938076,0.0,23042.66082069727,36571.88021484375,13529.219394146483,0.0,28580.620860617404,28580.620860617404,0.0,0.0,0.0,0.0,13529.219394146483,13529.219394146483,13529.219394146483,0.0,0.0,100.0,0.0,13429.219394146483,-51723.28168131468,1,-0.0,-100.0
4380,0.0,0.0,-0.0,0.0,100.0,-0.0,-0.0,1.0,0.340603547,0.0,0.0,100.0,0.0,1.0,0.11,0.0,-316.6834732131431,316.6834732131431,0.0,-316.6834732131431,316.6834732131431,0.0,-12763.840227826946,12763.840227826946,0.0,23037.278480043646,36534.48565429688,13497.207174253232,0.0,29050.51501403181,29050.51501403181,0.0,0.0,0.0,0.0,13497.207174253232,13497.207174253232,13497.207174253232,0.0,0.0,100.0,0.0,13397.207174253232,-52187.793494075464,1,-0.0,-100.0
4381,0.0,0.0,-0.0,0.0,100.0,-0.0,-0.0,1.0,0.370469476,0.0,0.0,100.0,0.0,1.0,0.11,0.0,-339.812577008089,339.812577008089,0.0,-339.812577008089,339.812577008089,0.0,-12763.758323075985,12763.758323075985,0.0,22467.578329548465,36010.961806640626,13543.383477092162,0.0,27530.26922357344,27530.26922357344,0.0,0.0,0.0,0.0,13543.383477092162,13543.383477092162,13543.383477092162,0.0,0.0,100.0,0.0,13443.383477092162,-50097.84755312191,1,-0.0,-100.0
4382,0.0,0.0,-0.0,0.0,100.0,-0.0,-0.0,1.0,0.389880492,0.0,0.0,100.0,0.0,1.0,0.08,0.0,-343.0224091768752,343.0224091768752,0.0,-343.0224091768752,343.0224091768752,0.0,-32612.15112838956,32612.15112838956,0.0,0.0,29653.88651367188,29653.88651367188,0.0,20579.62321426253,24323.93264733396,3744.3094330714302,0.0,0.0,0.0,33398.19594674331,33398.19594674331,33398.19594674331,0.0,0.0,100.0,0.0,33298.19594674331,-20679.62321426253,1,-0.0,-100.0
4383,0.0,0.0,-0.0,0.0,100.0,-0.0,-0.0,1.0,0.420403398,0.0,0.0,100.0,0.0,1.0,0.08,0.0,-344.6909191152528,344.6909191152528,0.0,-344.6909191152528,344.6909191152528,0.0,-15719.505179897977,15719.505179897977,0.0,8582.86310882464,25091.750126953124,16508.887018128484,0.0,20343.652759588404,20343.652759588404,0.0,0.0,0.0,0.0,16508.887018128484,16508.887018128484,16508.887018128484,0.0,0.0,100.0,0.0,16408.887018128484,-29026.515868413047,1,-0.0,-100.0
4384,0.0,0.0,-0.0,0.0,100.0,-0.0,-0.0,1.0,0.446127038,0.0,0.0,100.0,0.0,1.0,0.08,0.0,-316.36470848917804,316.36470848917804,0.0,-316.36470848917804,316.36470848917804,0.0,-17936.356303608303,17936.356303608303,0.0,0.0,16790.157685546874,16790.157685546874,0.0,12383.741562715126,14262.669597754912,1878.9280350397858,0.0,0.0,0.0,18669.08572058666,18669.08572058666,18669.08572058666,0.0,0.0,100.0,0.0,18569.08572058666,-12483.741562715124,1,-0.0,-100.0
4385,2830.1198490867246,0.0,-28301.198490867246,0.0,100.0,45.0,-0.0,1.0,0.449207212,44.9207212,0.0,0.0,100.0,1.0,0.11,-11.0,-309.0299783154452,309.0299783154452,0.0,-309.0299783154452,309.0299783154452,0.0,-17936.35629151636,17936.35629151636,0.0,0.0,7591.095791015625,7591.095791015625,0.0,0.0,7988.200608044903,7988.200608044903,0.0,-28312.198490867246,-28312.198490867246,18554.416248147252,18554.416248147252,18409.416248147252,0.0,145.0,0.0,0.0,18554.416248147252,2975.1198490867246,1,45.0,100.0
4386,12073.50194682291,0.0,-120735.01946822909,0.0,50.0,36.0,-0.0,0.5,0.446789149,44.6789149,0.0,0.0,100.0,1.0,0.11,-11.0,-276.16152502008043,276.16152502008043,0.0,-276.16152502008043,276.16152502008043,0.0,-16458.455526253558,16458.455526253558,0.0,0.0,1981.9117089843749,1981.9117089843749,0.0,0.0,2819.3649204864364,2819.3649204864364,0.0,-120746.01946822909,-120746.01946822909,17010.77857629372,17010.77857629372,16874.77857629372,0.0,136.0,0.0,0.0,17010.77857629372,12209.50194682291,1,36.0,100.0
4387,19258.033719717125,0.0,-192580.33719717123,0.0,10.0,0.0,-0.0,0.1,0.4438939,44.38939,0.0,0.0,100.0,1.0,0.11,-11.0,-282.8041053214594,282.8041053214594,0.0,-282.8041053214594,282.8041053214594,0.0,-19041.193002058302,19041.193002058302,0.0,0.0,0.0,0.0,0.0,0.0,248.7674929840973,248.7674929840973,0.0,-192591.33719717123,-192591.33719717123,19606.801212701223,19606.801212701223,19506.801212701223,0.0,100.0,0.0,0.0,19606.801212701223,19358.033719717125,1,0.0,100.0
4388,18496.051912778483,0.0,-184960.51912778482,0.0,10.0,0.0,-0.0,0.1,0.441686691,44.1686691,0.0,0.0,100.0,1.0,0.11,-11.0,-258.0650920861705,258.0650920861705,0.0,-258.0650920861705,258.0650920861705,0.0,-18079.921728606143,18079.921728606143,0.0,0.0,0.0,0.0,0.0,0.0,0.0,0.0,0.0,-184971.51912778482,-184971.51912778482,18596.051912778483,18596.051912778483,18496.051912778483,0.0,100.0,0.0,0.0,18596.051912778483,18596.051912778483,1,0.0,100.0
4389,16920.447157174283,0.0,-169204.47157174285,0.0,10.0,0.0,-0.0,0.1,0.428329905,42.8329905,0.0,0.0,100.0,1.0,0.11,-11.0,-209.25407347483107,209.25407347483107,0.0,-209.25407347483107,209.25407347483107,0.0,-16601.93901022462,16601.93901022462,0.0,0.0,0.0,0.0,0.0,0.0,0.0,0.0,0.0,-169215.47157174285,-169215.47157174285,17020.447157174283,17020.447157174283,16920.447157174283,0.0,100.0,0.0,0.0,17020.447157174283,17020.447157174283,1,0.0,100.0
4390,15437.4932639762,0.0,-154374.932639762,0.0,10.0,0.0,-0.0,0.1,0.423386817,42.3386817,0.0,0.0,100.0,1.0,0.11,-11.0,-206.7274853233096,206.7274853233096,0.0,-206.7274853233096,206.7274853233096,0.0,-15124.03829332958,15124.03829332958,0.0,0.0,0.0,0.0,0.0,0.0,0.0,0.0,0.0,-154385.932639762,-154385.932639762,15537.4932639762,15537.4932639762,15437.4932639762,0.0,100.0,0.0,0.0,15537.4932639762,15537.4932639762,1,0.0,100.0
4391,14692.776531516301,0.0,-146927.765315163,0.0,10.0,0.0,-0.0,0.1,0.422496505,42.2496505,0.0,0.0,100.0,1.0,0.11,-11.0,-203.8442983171231,203.8442983171231,0.0,-203.8442983171231,203.8442983171231,0.0,-14385.087934882054,14385.087934882054,0.0,0.0,0.0,0.0,0.0,0.0,0.0,0.0,0.0,-146938.765315163,-146938.765315163,14792.776531516301,14792.776531516301,14692.776531516301,0.0,100.0,0.0,0.0,14792.776531516301,14792.776531516301,1,0.0,100.0
4392,17706.13090218386,0.0,-177061.3090218386,0.0,10.0,0.0,-0.0,0.1,0.427574854,42.7574854,0.0,0.0,100.0,1.0,0.08,-8.0,-203.8302915308727,203.8302915308727,0.0,-203.8302915308727,203.8302915308727,0.0,-17398.470319122116,17398.470319122116,0.0,0.0,0.0,0.0,0.0,0.0,0.0,0.0,0.0,-177069.3090218386,-177069.3090218386,17806.13090218386,17806.13090218386,17706.13090218386,0.0,100.0,0.0,0.0,17806.13090218386,17806.13090218386,1,0.0,100.0
4393,17706.128682875198,0.0,-177061.28682875197,0.0,10.0,0.0,-0.0,0.1,0.440635675,44.0635675,0.0,0.0,100.0,1.0,0.08,-8.0,-203.82918489952704,203.82918489952704,0.0,-203.82918489952704,203.82918489952704,0.0,-17398.470313076145,17398.470313076145,0.0,0.0,0.0,0.0,0.0,0.0,0.0,0.0,0.0,-177069.28682875197,-177069.28682875197,17806.128682875198,17806.128682875198,17706.128682875198,0.0,100.0,0.0,0.0,17806.128682875198,17806.128682875198,1,0.0,100.0
4394,17706.12642785441,0.0,-177061.2642785441,0.0,10.0,0.0,-0.0,0.1,0.446738707,44.6738707,0.0,0.0,100.0,1.0,0.08,-8.0,-203.82805738913413,203.82805738913413,0.0,-203.82805738913413,203.82805738913413,0.0,-17398.470313076145,17398.470313076145,0.0,0.0,0.0,0.0,0.0,0.0,0.0,0.0,0.0,-177069.2642785441,-177069.2642785441,17806.12642785441,17806.12642785441,17706.12642785441,0.0,100.0,0.0,0.0,17806.12642785441,17806.12642785441,1,0.0,100.0
4395,18447.46843308711,0.0,-184474.6843308711,0.0,10.0,0.0,-0.0,0.1,0.451593855,45.1593855,0.0,0.0,100.0,1.0,0.08,-8.0,-205.0238747357498,205.0238747357498,0.0,-205.0238747357498,205.0238747357498,0.0,-18137.420683615608,18137.420683615608,0.0,0.0,0.0,0.0,0.0,0.0,0.0,0.0,0.0,-184482.6843308711,-184482.6843308711,18547.46843308711,18547.46843308711,18447.46843308711,0.0,100.0,0.0,0.0,18547.46843308711,18547.46843308711,1,0.0,100.0
4396,18849.225182842696,0.0,-188492.25182842696,0.0,10.0,0.0,-0.0,0.1,0.4295650929999999,42.95650929999999,0.0,0.0,100.0,1.0,0.08,-8.0,-204.94089897518225,204.94089897518225,0.0,-204.94089897518225,204.94089897518225,0.0,-18539.34338489233,18539.34338489233,0.0,0.0,0.0,0.0,0.0,0.0,0.0,0.0,0.0,-188500.25182842696,-188500.25182842696,18949.225182842696,18949.225182842696,18849.225182842696,0.0,100.0,0.0,0.0,18949.225182842696,18949.225182842696,1,0.0,100.0
4397,52773.412771934265,0.0,-527734.1277193427,0.0,10.0,0.0,-0.0,0.1,0.398478654,39.847865399999996,0.0,0.0,100.0,1.0,0.11,-11.0,-431.76487957894966,431.76487957894966,0.0,-431.76487957894966,431.76487957894966,0.0,-56560.67693951682,56560.67693951682,0.0,0.0,3776.850615234375,3776.850615234375,0.0,0.0,773.9433115060806,773.9433115060806,0.0,-527745.1277193427,-527745.1277193427,57424.20669867472,57424.20669867472,57324.20669867472,0.0,100.0,0.0,0.0,57424.20669867472,52873.412771934265,1,0.0,100.0
4398,52948.96136579662,0.0,-529489.6136579661,0.0,10.0,0.0,-0.0,0.1,0.374668841,37.466884099999994,0.0,0.0,100.0,1.0,0.11,-11.0,-473.1948809680146,473.1948809680146,0.0,-473.1948809680146,473.1948809680146,0.0,-64451.068058098266,64451.068058098266,0.0,0.0,9086.878212890624,9086.878212890624,0.0,0.0,3261.6182413470538,3261.6182413470538,0.0,-529500.6136579661,-529500.6136579661,65397.457820034295,65397.457820034295,65297.457820034295,0.0,100.0,0.0,0.0,65397.457820034295,53048.96136579662,1,0.0,100.0
4399,80223.77086713645,0.0,-802237.7086713645,0.0,10.0,0.0,-0.0,0.1,0.349501262,34.9501262,0.0,0.0,100.0,1.0,0.11,-11.0,-776.0816058321302,776.0816058321302,0.0,-776.0816058321302,776.0816058321302,0.0,-98202.4173130998,98202.4173130998,0.0,0.0,13985.565644531249,13985.565644531249,0.0,0.0,5445.244013096352,5445.244013096352,0.0,-802248.7086713645,-802248.7086713645,99754.58052476405,99754.58052476405,99654.58052476405,0.0,100.0,0.0,0.0,99754.58052476405,80323.77086713645,1,0.0,100.0
4400,78003.52547181262,0.0,-780035.2547181263,0.0,10.0,0.0,-0.0,0.1,0.338864606,33.8864606,0.0,0.0,100.0,1.0,0.11,-11.0,-848.4444592366883,848.4444592366883,0.0,-848.4444592366883,848.4444592366883,0.0,-95354.68410446947,95354.68410446947,0.0,0.0,11180.973603515624,11180.973603515624,0.0,0.0,7767.073947614594,7767.073947614594,0.0,-780046.2547181263,-780046.2547181263,97051.57302294284,97051.57302294284,96951.57302294284,0.0,100.0,0.0,0.0,97051.57302294284,78103.52547181262,1,0.0,100.0
4401,58051.54620001371,0.0,-580515.4620001371,0.0,10.0,0.0,-0.0,0.1,0.337792595,33.779259499999995,0.0,0.0,100.0,1.0,0.11,-11.0,-919.6062782943771,919.6062782943771,0.0,-919.6062782943771,919.6062782943771,0.0,-91745.24880386805,91745.24880386805,0.0,0.0,20230.45725585937,20230.45725585937,0.0,0.0,15202.457904583724,15202.457904583724,0.0,-580526.4620001371,-580526.4620001371,93584.4613604568,93584.4613604568,93484.4613604568,0.0,100.0,0.0,0.0,93584.4613604568,58151.546200013705,1,0.0,100.0
4402,56427.33280255692,0.0,-564273.3280255692,0.0,10.0,0.0,-0.0,0.1,0.342374657,34.2374657,0.0,0.0,100.0,1.0,0.11,-11.0,-974.617788612313,974.617788612313,0.0,-974.617788612313,974.617788612313,0.0,-91074.6114091855,91074.6114091855,0.0,0.0,15406.5589453125,15406.5589453125,0.0,0.0,21089.955238540697,21089.955238540697,0.0,-564284.3280255692,-564284.3280255692,93023.84698641012,93023.84698641012,92923.84698641012,0.0,100.0,0.0,0.0,93023.84698641012,56527.33280255692,1,0.0,100.0
4403,55588.88194423984,0.0,-555888.8194423984,0.0,10.0,0.0,-0.0,0.1,0.35062696,35.062695999999995,0.0,0.0,100.0,1.0,0.11,-11.0,-1032.1717011817816,1032.1717011817816,0.0,-1032.1717011817816,1032.1717011817816,0.0,-88017.1087487906,88017.1087487906,0.0,0.0,15182.19158203125,15182.19158203125,0.0,0.0,19210.37862488307,19210.37862488307,0.0,-555899.8194423984,-555899.8194423984,90081.45215115415,90081.45215115417,89981.45215115415,0.0,100.0,0.0,0.0,90081.45215115417,55688.88194423985,1,0.0,100.0
4404,54548.03250780476,0.0,-545480.3250780476,0.0,10.0,0.0,-0.0,0.1,0.374144701,37.4144701,0.0,0.0,100.0,1.0,0.11,-11.0,-1047.302999024848,1047.302999024848,0.0,-1047.302999024848,1047.302999024848,0.0,-90506.20229246673,90506.20229246673,0.0,0.0,26924.08359375,26924.08359375,0.0,0.0,11028.692188961648,11028.692188961648,0.0,-545491.3250780476,-545491.3250780476,92600.8082905164,92600.80829051642,92500.8082905164,0.0,100.0,0.0,0.0,92600.80829051642,54648.03250780477,1,0.0,100.0
4405,55532.7802545446,0.0,-555327.802545446,0.0,10.0,0.0,-0.0,0.1,0.380552248,38.0552248,0.0,0.0,100.0,1.0,0.11,-11.0,-1107.5694433522058,1107.5694433522058,0.0,-1107.5694433522058,1107.5694433522058,0.0,-90468.65579307516,90468.65579307516,0.0,0.0,14247.327568359377,14247.327568359377,0.0,0.0,22803.68685687559,22803.68685687559,0.0,-555338.802545446,-555338.802545446,92683.79467977956,92683.79467977957,92583.79467977956,0.0,100.0,0.0,0.0,92683.79467977957,55632.78025454461,1,0.0,100.0
4406,64066.29427368834,0.0,-640662.9427368834,0.0,10.0,0.0,-0.0,0.1,0.3886789129999999,38.86789129999999,0.0,0.0,100.0,1.0,0.08,-8.0,-1110.803075961178,1110.803075961178,0.0,-1110.803075961178,1110.803075961178,0.0,-90916.54092304784,90916.54092304784,0.0,0.0,12414.9941015625,12414.9941015625,0.0,0.0,16556.858699719367,16556.858699719367,0.0,-640670.9427368834,-640670.9427368834,93138.14707497021,93138.1470749702,93038.14707497021,0.0,100.0,0.0,0.0,93138.1470749702,64166.29427368833,1,0.0,100.0
4407,66846.03412718613,0.0,-668460.3412718612,0.0,10.0,0.0,-0.0,0.1,0.422347087,42.2347087,0.0,0.0,100.0,1.0,0.08,-8.0,-979.2897549360556,979.2897549360556,0.0,-979.2897549360556,979.2897549360556,0.0,-94194.92238353463,94194.92238353463,0.0,0.0,15331.769824218749,15331.769824218749,0.0,0.0,13875.697942001872,13875.697942001872,0.0,-668468.3412718612,-668468.3412718612,96153.50189340675,96153.50189340675,96053.50189340675,0.0,100.0,0.0,0.0,96153.50189340675,66946.03412718613,1,0.0,100.0
4408,74446.38795142842,0.0,-744463.8795142842,0.0,10.0,0.0,-0.0,0.1,0.441839012,44.183901199999994,0.0,0.0,100.0,1.0,0.08,-8.0,-794.9070473117223,794.9070473117223,0.0,-794.9070473117223,794.9070473117223,0.0,-87576.6693513713,87576.6693513713,0.0,0.0,5609.18408203125,5609.18408203125,0.0,0.0,9010.91141253508,9010.91141253508,0.0,-744471.8795142842,-744471.8795142842,89166.48344599475,89166.48344599475,89066.48344599475,0.0,100.0,0.0,0.0,89166.48344599475,74546.38795142842,1,0.0,100.0
4409,67893.19738531798,0.0,-678931.9738531798,0.0,10.0,0.0,-0.0,0.1,0.443804387,44.3804387,0.0,0.0,100.0,1.0,0.11,-11.0,-584.7655570058195,584.7655570058195,0.0,-584.7655570058195,584.7655570058195,0.0,-76120.55002073082,76120.55002073082,0.0,0.0,3851.639736328125,3851.639736328125,0.0,0.0,5445.244013096352,5445.244013096352,0.0,-678942.9738531798,-678942.9738531798,77290.08113474246,77290.08113474246,77190.08113474246,0.0,100.0,0.0,0.0,77290.08113474246,67993.19738531798,1,0.0,100.0
4410,69845.69995031426,0.0,-698456.9995031425,0.0,10.0,0.0,-0.0,0.1,0.434837839,43.4837839,0.0,0.0,100.0,1.0,0.11,-11.0,-614.2390058792089,614.2390058792089,0.0,-614.2390058792089,614.2390058792089,0.0,-74280.97294179338,74280.97294179338,0.0,0.0,3739.4560546875,3739.4560546875,0.0,0.0,1824.2949485500471,1824.2949485500471,0.0,-698467.9995031425,-698467.9995031425,75509.4509535518,75509.4509535518,75409.4509535518,0.0,100.0,0.0,0.0,75509.4509535518,69945.69995031426,1,0.0,100.0
4411,68800.94955314805,0.0,-688009.4955314805,0.0,10.0,0.0,-0.0,0.1,0.425299173,42.529917299999994,0.0,0.0,100.0,1.0,0.11,-11.0,-518.2137608668237,518.2137608668237,0.0,-518.2137608668237,518.2137608668237,0.0,-68306.77535227501,68306.77535227501,0.0,0.0,0.0,0.0,0.0,0.0,442.2533208606175,442.2533208606175,0.0,-688020.4955314805,-688020.4955314805,69343.20287400867,69343.20287400867,69243.20287400867,0.0,100.0,0.0,0.0,69343.20287400867,68900.94955314805,1,0.0,100.0
4412,66143.19998355662,0.0,-661431.9998355663,0.0,10.0,0.0,-0.0,0.1,0.418882392,41.8882392,0.0,0.0,100.0,1.0,0.11,-11.0,-204.85446582849505,204.85446582849505,0.0,-204.85446582849505,204.85446582849505,0.0,-65833.49105189963,65833.49105189963,0.0,0.0,0.0,0.0,0.0,0.0,0.0,0.0,0.0,-661442.9998355663,-661442.9998355663,66243.19998355662,66243.19998355662,66143.19998355662,0.0,100.0,0.0,0.0,66243.19998355662,66243.19998355662,1,0.0,100.0
4413,21429.97994445038,0.0,-214299.7994445038,0.0,10.0,0.0,-0.0,0.1,0.416912578,41.691257799999995,0.0,0.0,100.0,1.0,0.11,-11.0,-203.99045495332595,203.99045495332595,0.0,-203.99045495332595,203.99045495332595,0.0,-21121.99903454373,21121.99903454373,0.0,0.0,0.0,0.0,0.0,0.0,0.0,0.0,0.0,-214310.7994445038,-214310.7994445038,21529.97994445038,21529.97994445038,21429.97994445038,0.0,100.0,0.0,0.0,21529.97994445038,21529.97994445038,1,0.0,100.0
4414,18451.22608758462,0.0,-184512.2608758462,0.0,10.0,0.0,-0.0,0.1,0.4201050229999999,42.01050229999999,0.0,0.0,100.0,1.0,0.11,-11.0,-206.90270500749,206.90270500749,0.0,-206.90270500749,206.90270500749,0.0,-18137.42067756964,18137.42067756964,0.0,0.0,0.0,0.0,0.0,0.0,0.0,0.0,0.0,-184523.2608758462,-184523.2608758462,18551.22608758462,18551.22608758462,18451.22608758462,0.0,100.0,0.0,0.0,18551.22608758462,18551.22608758462,1,0.0,100.0
4415,17706.368171886275,0.0,-177063.68171886276,0.0,10.0,0.0,-0.0,0.1,0.423370856,42.3370856,0.0,0.0,100.0,1.0,0.11,-11.0,-203.94893242805,203.94893242805,0.0,-203.94893242805,203.94893242805,0.0,-17398.470307030177,17398.470307030177,0.0,0.0,0.0,0.0,0.0,0.0,0.0,0.0,0.0,-177074.68171886276,-177074.68171886276,17806.368171886275,17806.368171886275,17706.368171886275,0.0,100.0,0.0,0.0,17806.368171886275,17806.368171886275,1,0.0,100.0
4416,14692.991740399655,0.0,-146929.91740399654,0.0,10.0,0.0,-0.0,0.1,0.4254503089999999,42.54503089999999,0.0,0.0,100.0,1.0,0.08,-8.0,-203.9520418161016,203.9520418161016,0.0,-203.9520418161016,203.9520418161016,0.0,-14385.087656767451,14385.087656767451,0.0,0.0,0.0,0.0,0.0,0.0,0.0,0.0,0.0,-146937.91740399654,-146937.91740399654,14792.991740399655,14792.991740399655,14692.991740399655,0.0,100.0,0.0,0.0,14792.991740399655,14792.991740399655,1,0.0,100.0
4417,14692.97860325292,0.0,-146929.7860325292,0.0,10.0,0.0,-0.0,0.1,0.424664207,42.4664207,0.0,0.0,100.0,1.0,0.08,-8.0,-203.94547324273384,203.94547324273384,0.0,-203.94547324273384,203.94547324273384,0.0,-14385.087656767451,14385.087656767451,0.0,0.0,0.0,0.0,0.0,0.0,0.0,0.0,0.0,-146937.7860325292,-146937.7860325292,14792.97860325292,14792.97860325292,14692.97860325292,0.0,100.0,0.0,0.0,14792.97860325292,14792.97860325292,1,0.0,100.0
4418,14692.908262286031,0.0,-146929.08262286033,0.0,10.0,0.0,-0.0,0.1,0.429114826,42.9114826,0.0,0.0,100.0,1.0,0.08,-8.0,-203.9102906673504,203.9102906673504,0.0,-203.9102906673504,203.9102906673504,0.0,-14385.08768095133,14385.08768095133,0.0,0.0,0.0,0.0,0.0,0.0,0.0,0.0,0.0,-146937.08262286033,-146937.08262286033,14792.908262286031,14792.908262286031,14692.908262286031,0.0,100.0,0.0,0.0,14792.908262286031,14792.908262286031,1,0.0,100.0
4419,15434.216003391122,0.0,-154342.16003391123,0.0,10.0,0.0,-0.0,0.1,0.440971866,44.0971866,0.0,0.0,100.0,1.0,0.08,-8.0,-205.08897292718032,205.08897292718032,0.0,-205.08897292718032,205.08897292718032,0.0,-15124.038057536762,15124.038057536762,0.0,0.0,0.0,0.0,0.0,0.0,0.0,0.0,0.0,-154350.16003391123,-154350.16003391123,15534.216003391122,15534.216003391122,15434.216003391122,0.0,100.0,0.0,0.0,15534.216003391122,15534.216003391122,1,0.0,100.0
4420,14329.250180815736,0.0,-143292.50180815737,0.0,10.0,0.0,-0.0,0.1,0.4220801939999999,42.20801939999999,0.0,0.0,100.0,1.0,0.08,-8.0,-204.9835612704921,204.9835612704921,0.0,-204.9835612704921,204.9835612704921,0.0,-14019.283058274752,14019.283058274752,0.0,0.0,0.0,0.0,0.0,0.0,0.0,0.0,0.0,-143300.50180815737,-143300.50180815737,14429.250180815736,14429.250180815736,14329.250180815736,0.0,100.0,0.0,0.0,14429.250180815736,14429.250180815736,1,0.0,100.0
4421,13276.479667200892,0.0,-132764.79667200893,0.0,10.0,0.0,-0.0,0.1,0.394755566,39.4755566,0.0,0.0,100.0,1.0,0.11,-11.0,-180.8139292771341,180.8139292771341,0.0,-180.8139292771341,180.8139292771341,0.0,-16458.45532069059,16458.45532069059,0.0,0.0,2393.251875,2393.251875,0.0,0.0,1050.3516370439663,1050.3516370439663,0.0,-132775.79667200893,-132775.79667200893,16820.08317924486,16820.08317924486,16720.08317924486,0.0,100.0,0.0,0.0,16820.08317924486,13376.479667200892,1,0.0,100.0
4422,4811.824779036871,0.0,-48118.24779036871,0.0,10.0,0.0,-0.0,0.1,0.361134577,36.1134577,0.0,0.0,100.0,1.0,0.11,-11.0,-168.47693976716567,168.47693976716567,0.0,-168.47693976716567,168.47693976716567,0.0,-17936.35604967757,17936.35604967757,0.0,0.0,8413.776123046875,8413.776123046875,0.0,0.0,4947.709027128158,4947.709027128158,0.0,-48129.24779036871,-48129.24779036871,18273.309929211904,18273.309929211904,18173.309929211904,0.0,100.0,0.0,0.0,18273.309929211904,4911.824779036871,1,0.0,100.0
4423,0.0,0.0,-0.0,55.55555555555556,10.0,0.0,-0.0,0.1,0.323420449,0.0,0.0,100.0,0.0,1.0,0.11,0.0,-168.5095128382197,168.5095128382197,0.0,-168.5095128382197,168.5095128382197,0.0,-17936.356019447725,17936.356019447725,0.0,0.0,15070.007900390625,15070.007900390625,0.0,4712.200405417174,8071.123105706269,3358.922700289095,0.0,0.0,0.0,18428.93060067972,18428.93060067972,18428.93060067972,0.0,0.0,155.55555555555475,0.0,18273.375045124165,-4867.755960972729,1,-55.55555555555556,-100.0
4424,198.78304646590368,0.0,-1987.8304646590368,0.0,60.0,45.0,-0.0,0.6,0.310747587,31.0747587,0.0,0.0,100.0,1.0,0.11,-11.0,-168.55559323021967,168.55559323021967,0.0,-168.55559323021967,168.55559323021967,0.0,-36252.48200504646,36252.48200504646,0.0,0.0,21651.450556640622,21651.450556640622,0.0,0.0,14594.359588400375,14594.359588400375,0.0,-1998.8304646590368,-1998.8304646590368,36589.5931915069,36589.5931915069,36444.5931915069,0.0,145.0,0.0,0.0,36589.5931915069,343.7830464659055,1,45.0,100.0
4425,0.0,0.0,-0.0,55.55555555555556,10.0,0.0,-0.0,0.1,0.303883291,0.0,0.0,100.0,0.0,1.0,0.11,0.0,-231.7302938140272,231.7302938140272,0.0,-231.7302938140272,231.7302938140272,0.0,-34878.8121424152,34878.8121424152,0.0,0.0,28569.44425781249,28569.44425781249,0.0,15350.127010567288,22278.511038353605,6928.384027786316,0.0,0.0,0.0,35497.82828559881,35497.82828559881,35497.82828559881,0.0,0.0,155.55555555555475,0.0,35342.27273004325,-15505.682566122843,1,-55.55555555555556,-100.0
4426,0.0,0.0,-0.0,44.44444444444444,60.0,0.0,-0.0,0.6,0.302093398,0.0,0.0,100.0,0.0,1.0,0.11,0.0,-304.8126624924561,304.8126624924561,0.0,-304.8126624924561,304.8126624924561,0.0,-35280.091885048634,35280.091885048634,0.0,0.0,31448.825419921875,31448.825419921875,0.0,19710.955580224054,24296.29181478017,4585.3362345561145,0.0,0.0,0.0,36034.16165447799,36034.16165447799,36034.16165447799,0.0,0.0,144.44444444444525,0.0,35889.717210033545,-19855.400024668503,1,-44.44444444444444,-100.0
4427,0.0,0.0,-0.0,0.0,100.0,-0.0,-0.0,1.0,0.296601326,0.0,0.0,100.0,0.0,1.0,0.11,0.0,-310.6305155740825,310.6305155740825,0.0,-310.6305155740825,310.6305155740825,0.0,-47559.48094631887,47559.48094631887,0.0,0.0,36534.48565429688,36534.48565429688,0.0,14844.224593574469,26590.480916744626,11746.256323170157,0.0,0.0,0.0,48280.741977467034,48280.741977467034,48280.741977467034,0.0,0.0,100.0,0.0,48180.741977467034,-14944.224593574465,1,-0.0,-100.0
4428,0.0,0.0,-0.0,0.0,100.0,-0.0,-0.0,1.0,0.291459934,0.0,0.0,100.0,0.0,1.0,0.11,0.0,-314.91483606727684,314.91483606727684,0.0,-314.91483606727684,314.91483606727684,0.0,-41451.09010980606,41451.09010980606,0.0,0.0,33617.709931640624,33617.709931640624,0.0,19906.847680102263,28470.05753040225,8563.209850299987,0.0,0.0,0.0,42180.91978194061,42180.91978194061,42180.91978194061,0.0,0.0,100.0,0.0,42080.91978194061,-20006.847680102263,1,-0.0,-100.0
4429,0.0,0.0,-0.0,0.0,100.0,-0.0,-0.0,1.0,0.308772977,0.0,0.0,100.0,0.0,1.0,0.11,0.0,-345.32375119597094,345.32375119597094,0.0,-345.32375119597094,345.32375119597094,0.0,-22687.659262218567,22687.659262218567,0.0,10775.110696326989,34253.4174609375,23478.30676461051,0.0,26673.40341440599,26673.40341440599,0.0,0.0,0.0,0.0,23478.30676461051,23478.30676461051,23478.30676461051,0.0,0.0,100.0,0.0,23378.30676461051,-37548.514110732984,1,-0.0,-100.0
4430,0.0,0.0,-0.0,0.0,100.0,-0.0,-0.0,1.0,0.344277142,0.0,0.0,100.0,0.0,1.0,0.08,0.0,-321.9484992502197,321.9484992502197,0.0,-321.9484992502197,321.9484992502197,0.0,-32050.91652807124,32050.91652807124,0.0,0.0,29616.491953125,29616.491953125,0.0,20703.35775302666,23881.679326473342,3178.321573446683,0.0,0.0,0.0,32794.813526571685,32794.813526571685,32794.813526571685,0.0,0.0,100.00000000000364,0.0,32694.81352657168,-20803.357753026667,1,-0.0,-100.0
4431,0.0,0.0,-0.0,0.0,100.0,-0.0,-0.0,1.0,0.38109561,0.0,0.0,100.0,0.0,1.0,0.08,0.0,-350.806764402768,350.806764402768,0.0,-350.806764402768,350.806764402768,0.0,-27529.905944310547,27529.905944310547,0.0,0.0,24231.675234375,24231.675234375,0.0,15110.534386141986,19210.37862488307,4099.844238741083,0.0,0.0,0.0,28331.519473116085,28331.519473116085,28331.519473116085,0.0,0.0,100.0,0.0,28231.519473116085,-15210.534386141986,1,-0.0,-100.0
4432,0.0,0.0,-0.0,0.0,100.0,-0.0,-0.0,1.0,0.404414204,0.0,0.0,100.0,0.0,1.0,0.08,0.0,-323.62991013849586,323.62991013849586,0.0,-323.62991013849586,323.62991013849586,0.0,-26950.5425523402,26950.5425523402,0.0,0.0,16491.001201171875,16491.001201171875,0.0,2890.0234309868647,14096.824602432182,11206.801171445317,0.0,0.0,0.0,27697.802372617192,27697.802372617192,27697.802372617192,0.0,0.0,100.0,0.0,27597.802372617192,-2990.0234309868647,1,-0.0,-100.0
4433,2182.5423173238787,0.0,-21825.423173238785,0.0,100.0,45.0,-0.0,1.0,0.405758365,40.5758365,0.0,0.0,100.0,1.0,0.11,-11.0,-348.60722539621315,348.60722539621315,0.0,-348.60722539621315,348.60722539621315,0.0,-17936.35604967757,17936.35604967757,0.0,0.0,8787.721728515624,8787.721728515624,0.0,0.0,7518.306454630497,7518.306454630497,0.0,-21836.423173238785,-21836.423173238785,18633.57050047,18633.57050047,18488.57050047,0.0,145.0,0.0,0.0,18633.57050047,2327.542317323878,1,45.0,100.0
4434,11456.259678390397,0.0,-114562.59678390398,0.0,50.0,36.0,-0.0,0.5,0.392301596,39.2301596,0.0,0.0,100.0,1.0,0.11,-11.0,-306.522068668376,306.522068668376,0.0,-306.522068668376,306.522068668376,0.0,-16458.45531464462,16458.45531464462,0.0,0.0,2991.56484375,2991.56484375,0.0,0.0,2487.674929840973,2487.674929840973,0.0,-114573.59678390398,-114573.59678390398,17071.49945198137,17071.49945198137,16935.49945198137,0.0,136.0,0.0,0.0,17071.49945198137,11592.259678390397,1,36.0,100.0
4435,19245.041506272613,0.0,-192450.41506272613,0.0,10.0,0.0,-0.0,0.1,0.39327449,39.327448999999994,0.0,0.0,100.0,1.0,0.11,-11.0,-303.9489430034293,303.9489430034293,0.0,-303.9489430034293,303.9489430034293,0.0,-19041.19277835743,19041.19277835743,0.0,0.0,0.0,0.0,0.0,0.0,304.0491580916745,304.0491580916745,0.0,-192461.41506272613,-192461.41506272613,19649.09066436429,19649.09066436429,19549.09066436429,0.0,100.0,0.0,0.0,19649.09066436429,19345.041506272613,1,0.0,100.0
4436,18521.42449755586,0.0,-185214.2449755586,0.0,10.0,0.0,-0.0,0.1,0.4000534529999999,40.00534529999999,0.0,0.0,100.0,1.0,0.11,-11.0,-270.75161119872,270.75161119872,0.0,-270.75161119872,270.75161119872,0.0,-18079.92127515842,18079.92127515842,0.0,0.0,0.0,0.0,0.0,0.0,0.0,0.0,0.0,-185225.2449755586,-185225.2449755586,18621.42449755586,18621.42449755586,18521.42449755586,0.0,100.0,0.0,0.0,18621.42449755586,18621.42449755586,1,0.0,100.0
4437,16985.464615716155,0.0,-169854.64615716157,0.0,10.0,0.0,-0.0,0.1,0.4090567579999999,40.90567579999999,0.0,0.0,100.0,1.0,0.11,-11.0,-241.7629145962017,241.7629145962017,0.0,-241.7629145962017,241.7629145962017,0.0,-16601.93878652375,16601.93878652375,0.0,0.0,0.0,0.0,0.0,0.0,0.0,0.0,0.0,-169865.64615716157,-169865.64615716157,17085.464615716155,17085.464615716155,16985.464615716155,0.0,100.0,0.0,0.0,17085.464615716155,17085.464615716155,1,0.0,100.0
4438,15441.005351010457,0.0,-154410.05351010457,0.0,10.0,0.0,-0.0,0.1,0.408159946,40.815994599999996,0.0,0.0,100.0,1.0,0.11,-11.0,-208.48366487475727,208.48366487475727,0.0,-208.48366487475727,208.48366487475727,0.0,-15124.038021260943,15124.038021260943,0.0,0.0,0.0,0.0,0.0,0.0,0.0,0.0,0.0,-154421.05351010457,-154421.05351010457,15541.005351010457,15541.005351010457,15441.005351010457,0.0,100.0,0.0,0.0,15541.005351010457,15541.005351010457,1,0.0,100.0
4439,14692.885393746594,0.0,-146928.85393746593,0.0,10.0,0.0,-0.0,0.1,0.405154635,40.515463499999996,0.0,0.0,100.0,1.0,0.11,-11.0,-203.89886848957144,203.89886848957144,0.0,-203.89886848957144,203.89886848957144,0.0,-14385.087656767451,14385.087656767451,0.0,0.0,0.0,0.0,0.0,0.0,0.0,0.0,0.0,-146939.85393746593,-146939.85393746593,14792.885393746594,14792.885393746594,14692.885393746594,0.0,100.0,0.0,0.0,14792.885393746594,14792.885393746594,1,0.0,100.0
4440,17706.22255221364,0.0,-177062.2255221364,0.0,10.0,0.0,-0.0,0.1,0.405178502,40.5178502,0.0,0.0,100.0,1.0,0.08,-8.0,-203.8762676950036,203.8762676950036,0.0,-203.8762676950036,203.8762676950036,0.0,-17398.470016823634,17398.470016823634,0.0,0.0,0.0,0.0,0.0,0.0,0.0,0.0,0.0,-177070.2255221364,-177070.2255221364,17806.22255221364,17806.22255221364,17706.22255221364,0.0,100.0,0.0,0.0,17806.22255221364,17806.22255221364,1,0.0,100.0
4441,17706.15413847972,0.0,-177061.5413847972,0.0,10.0,0.0,-0.0,0.1,0.394543634,39.4543634,0.0,0.0,100.0,1.0,0.08,-8.0,-203.8420608280423,203.8420608280423,0.0,-203.8420608280423,203.8420608280423,0.0,-17398.470016823634,17398.470016823634,0.0,0.0,0.0,0.0,0.0,0.0,0.0,0.0,0.0,-177069.5413847972,-177069.5413847972,17806.15413847972,17806.15413847972,17706.15413847972,0.0,100.0,0.0,0.0,17806.15413847972,17806.15413847972,1,0.0,100.0
4442,17706.12631771413,0.0,-177061.2631771413,0.0,10.0,0.0,-0.0,0.1,0.3791353739999999,37.91353739999999,0.0,0.0,100.0,1.0,0.08,-8.0,-203.8281504452485,203.8281504452485,0.0,-203.8281504452485,203.8281504452485,0.0,-17398.470016823634,17398.470016823634,0.0,0.0,0.0,0.0,0.0,0.0,0.0,0.0,0.0,-177069.2631771413,-177069.2631771413,17806.12631771413,17806.12631771413,17706.12631771413,0.0,100.0,0.0,0.0,17806.12631771413,17806.12631771413,1,0.0,100.0
4443,18447.364206816022,0.0,-184473.64206816023,0.0,10.0,0.0,-0.0,0.1,0.353548655,35.3548655,0.0,0.0,100.0,1.0,0.08,-8.0,-204.971906703478,204.971906703478,0.0,-204.971906703478,204.971906703478,0.0,-18137.420393409066,18137.420393409066,0.0,0.0,0.0,0.0,0.0,0.0,0.0,0.0,0.0,-184481.64206816023,-184481.64206816023,18547.364206816022,18547.364206816022,18447.364206816022,0.0,100.0,0.0,0.0,18547.364206816022,18547.364206816022,1,0.0,100.0
4444,18849.09550464046,0.0,-188490.9550464046,0.0,10.0,0.0,-0.0,0.1,0.3319211139999999,33.19211139999999,0.0,0.0,100.0,1.0,0.08,-8.0,-204.8762775289708,204.8762775289708,0.0,-204.8762775289708,204.8762775289708,0.0,-18539.34294958252,18539.34294958252,0.0,0.0,0.0,0.0,0.0,0.0,0.0,0.0,0.0,-188498.9550464046,-188498.9550464046,18949.09550464046,18949.09550464046,18849.09550464046,0.0,100.0,0.0,0.0,18949.09550464046,18949.09550464046,1,0.0,100.0
4445,55604.633394024764,0.0,-556046.3339402477,0.0,10.0,0.0,-0.0,0.1,0.301805173,30.180517299999998,0.0,0.0,100.0,1.0,0.11,-11.0,-417.7636265689735,417.7636265689735,0.0,-417.7636265689735,417.7636265689735,0.0,-57532.31655516308,57532.31655516308,0.0,0.0,1308.809619140625,1308.809619140625,0.0,0.0,1354.400795135641,1354.400795135641,0.0,-556057.3339402477,-556057.3339402477,58367.84380830103,58367.843808301026,58267.84380830103,0.0,100.0,0.0,0.0,58367.843808301026,55704.63339402476,1,0.0,100.0
4446,55339.00669247443,0.0,-553390.0669247443,0.0,10.0,0.0,-0.0,0.1,0.270470437,27.0470437,0.0,0.0,100.0,1.0,0.11,-11.0,-452.1786554555054,452.1786554555054,0.0,-452.1786554555054,452.1786554555054,0.0,-64304.69960669351,64304.69960669351,0.0,0.0,3440.2995703125,3440.2995703125,0.0,0.0,6329.750654817587,6329.750654817587,0.0,-553401.0669247443,-553401.0669247443,65209.05691760452,65209.05691760452,65109.05691760452,0.0,100.0,0.0,0.0,65209.05691760452,55439.00669247443,1,0.0,100.0
4447,81198.70410914504,0.0,-811987.0410914504,0.0,10.0,0.0,-0.0,0.1,0.2483080819999999,24.83080819999999,0.0,0.0,100.0,1.0,0.11,-11.0,-753.626684255053,753.626684255053,0.0,-753.626684255053,753.626684255053,0.0,-95657.03567098748,95657.03567098748,0.0,0.0,5085.660234375,5085.660234375,0.0,0.0,10779.92469597755,10779.92469597755,0.0,-811998.0410914504,-811998.0410914504,97164.28903949758,97164.28903949758,97064.28903949758,0.0,100.0,0.0,0.0,97164.28903949758,81298.70410914504,1,0.0,100.0
4448,69404.85447636883,0.0,-694048.5447636882,0.0,10.0,0.0,-0.0,0.1,0.24094836,24.094836,0.0,0.0,100.0,1.0,0.11,-11.0,-830.1139298393028,830.1139298393028,0.0,-830.1139298393028,830.1139298393028,0.0,-92805.5709503439,92805.5709503439,0.0,0.0,7104.96650390625,7104.96650390625,0.0,0.0,17855.97782974743,17855.97782974743,0.0,-694059.5447636882,-694059.5447636882,94465.7988100225,94465.7988100225,94365.7988100225,0.0,100.0,0.0,0.0,94465.7988100225,69504.85447636883,1,0.0,100.0
4449,47412.28560015197,0.0,-474122.8560015197,0.0,10.0,0.0,-0.0,0.1,0.239453015,23.9453015,0.0,0.0,100.0,1.0,0.11,-11.0,-878.9147972587132,878.9147972587132,0.0,-878.9147972587132,878.9147972587132,0.0,-90222.55623055452,90222.55623055452,0.0,0.0,22548.920009765625,22548.920009765625,0.0,0.0,21919.180215154352,21919.180215154352,0.0,-474133.8560015197,-474133.8560015197,91980.38582507195,91980.38582507195,91880.38582507195,0.0,100.0,0.0,0.0,91980.38582507195,47512.28560015197,1,0.0,100.0
4450,41755.94717183961,0.0,-417559.47171839606,0.0,10.0,0.0,-0.0,0.1,0.247788112,24.7788112,0.0,0.0,100.0,1.0,0.11,-11.0,-931.9573314117306,931.9573314117306,0.0,-931.9573314117306,931.9573314117306,0.0,-90487.2964848862,90487.2964848862,0.0,0.0,25839.641337890625,25839.641337890625,0.0,0.0,24655.622637979424,24655.622637979424,0.0,-417570.47171839606,-417570.47171839606,92351.21114770966,92351.21114770966,92251.21114770966,0.0,100.0,0.0,0.0,92351.21114770966,41855.94717183961,1,0.0,100.0
4451,39703.20996413766,0.0,-397032.09964137664,0.0,10.0,0.0,-0.0,0.1,0.252330966,25.2330966,0.0,0.0,100.0,1.0,0.11,-11.0,-984.3974125814524,984.3974125814524,0.0,-984.3974125814524,984.3974125814524,0.0,-87837.1948997946,87837.1948997946,0.0,0.0,22361.947207031248,22361.947207031248,0.0,0.0,27640.83255378859,27640.83255378859,0.0,-397043.09964137664,-397043.09964137664,89805.9897249575,89805.9897249575,89705.9897249575,0.0,100.0,0.0,0.0,89805.9897249575,39803.20996413766,1,0.0,100.0
4452,39390.12402424853,0.0,-393901.2402424853,0.0,10.0,0.0,-0.0,0.1,0.2628185389999999,26.28185389999999,0.0,0.0,100.0,1.0,0.11,-11.0,-1026.2163630050843,1026.2163630050843,0.0,-1026.2163630050843,1026.2163630050843,0.0,-91575.03214606635,91575.03214606635,0.0,0.0,26026.614140625,26026.614140625,0.0,0.0,28110.726707203,28110.726707203,0.0,-393912.2402424853,-393912.2402424853,93627.46487207653,93627.46487207653,93527.46487207653,0.0,100.0,0.0,0.0,93627.46487207653,39490.12402424852,1,0.0,100.0
4453,48265.278300193066,0.0,-482652.7830019307,0.0,10.0,0.0,-0.0,0.1,0.28970477,28.970477,0.0,0.0,100.0,1.0,0.11,-11.0,-1082.836912705431,1082.836912705431,0.0,-1082.836912705431,1082.836912705431,0.0,-92566.9468665473,92566.9468665473,0.0,0.0,19445.171484375,19445.171484375,0.0,0.0,26922.17090739009,26922.17090739009,0.0,-482663.7830019307,-482663.7830019307,94732.62069195816,94732.62069195816,94632.62069195816,0.0,100.0,0.0,0.0,94732.62069195816,48365.278300193066,1,0.0,100.0
4454,40502.46788403958,0.0,-405024.67884039576,0.0,10.0,0.0,-0.0,0.1,0.305816837,30.5816837,0.0,0.0,100.0,1.0,0.08,-8.0,-1083.4393765675886,1083.4393765675886,0.0,-1083.4393765675886,1083.4393765675886,0.0,-91302.94555492254,91302.94555492254,0.0,0.0,28681.627939453123,28681.627939453123,0.0,0.0,24185.728484565017,24185.728484565017,0.0,-405032.67884039576,-405032.67884039576,93469.82430805772,93469.82430805772,93369.82430805772,0.0,100.0,0.0,0.0,93469.82430805772,40602.46788403958,1,0.0,100.0
4455,53236.79899927453,0.0,-532367.9899927452,0.0,10.0,0.0,-0.0,0.1,0.316280663,31.6280663,0.0,0.0,100.0,1.0,0.08,-8.0,-1119.106515724712,1119.106515724712,0.0,-1119.106515724712,1119.106515724712,0.0,-94142.29409191158,94142.29409191158,0.0,0.0,24082.0969921875,24082.0969921875,0.0,0.0,18961.61113189897,18961.61113189897,0.0,-532375.9899927452,-532375.9899927452,96380.50712336099,96380.507123361,96280.50712336099,0.0,100.0,0.0,0.0,96380.507123361,53336.798999274535,1,0.0,100.0
4456,56815.63699250868,0.0,-568156.3699250867,0.0,10.0,0.0,-0.0,0.1,0.344849093,34.4849093,0.0,0.0,100.0,1.0,0.08,-8.0,-1000.7555460854,1000.7555460854,0.0,-1000.7555460854,1000.7555460854,0.0,-86851.4598253609,86851.4598253609,0.0,0.0,16790.157685546874,16790.157685546874,0.0,0.0,15147.176239476148,15147.176239476148,0.0,-568164.3699250867,-568164.3699250867,88852.9709175317,88852.9709175317,88752.9709175317,0.0,100.0,0.0,0.0,88852.9709175317,56915.63699250868,1,0.0,100.0
4457,56583.486809492766,0.0,-565834.8680949276,0.0,10.0,0.0,-0.0,0.1,0.378121589,37.8121589,0.0,0.0,100.0,1.0,0.11,-11.0,-670.6031261507328,670.6031261507328,0.0,-670.6031261507328,670.6031261507328,0.0,-74043.24420564342,74043.24420564342,0.0,0.0,10021.7422265625,10021.7422265625,0.0,0.0,8679.221421889617,8679.221421889617,0.0,-565845.8680949276,-565845.8680949276,75384.45045794488,75384.45045794488,75284.45045794488,0.0,100.0,0.0,0.0,75384.45045794488,56683.486809492766,1,0.0,100.0
4458,66651.22228290814,0.0,-666512.2228290815,0.0,10.0,0.0,-0.0,0.1,0.400157232,40.0157232,0.0,0.0,100.0,1.0,0.11,-11.0,-657.7564709802529,657.7564709802529,0.0,-657.7564709802529,657.7564709802529,0.0,-72136.00680118172,72136.00680118172,0.0,0.0,3328.115888671875,3328.115888671875,0.0,0.0,3372.1815715622083,3372.1815715622083,0.0,-666523.2228290815,-666523.2228290815,73451.51974314223,73451.51974314223,73351.51974314223,0.0,100.0,0.0,0.0,73451.51974314223,66751.22228290814,1,0.0,100.0
4459,66362.14067883708,0.0,-663621.4067883708,0.0,10.0,0.0,-0.0,0.1,0.412336677,41.2336677,0.0,0.0,100.0,1.0,0.11,-11.0,-541.7442596587409,541.7442596587409,0.0,-541.7442596587409,541.7442596587409,0.0,-65876.18714548778,65876.18714548778,0.0,0.0,0.0,0.0,0.0,0.0,497.5349859681946,497.5349859681946,0.0,-663632.4067883708,-663632.4067883708,66959.67566480527,66959.67566480527,66859.67566480527,0.0,100.0,0.0,0.0,66959.67566480527,66462.14067883708,1,0.0,100.0
4460,65576.64902217372,0.0,-655766.4902217372,0.0,10.0,0.0,-0.0,0.1,0.4072843779999999,40.72843779999999,0.0,0.0,100.0,1.0,0.11,-11.0,-277.43411830548587,277.43411830548587,0.0,-277.43411830548587,277.43411830548587,0.0,-65121.78078556275,65121.78078556275,0.0,0.0,0.0,0.0,0.0,0.0,0.0,0.0,0.0,-655777.4902217372,-655777.4902217372,65676.64902217372,65676.64902217372,65576.64902217372,0.0,100.0,0.0,0.0,65676.64902217372,65676.64902217372,1,0.0,100.0
4461,21507.900372532447,0.0,-215079.00372532447,0.0,10.0,0.0,-0.0,0.1,0.3995492,39.95492,0.0,0.0,100.0,1.0,0.11,-11.0,-242.9508140976332,242.9508140976332,0.0,-242.9508140976332,242.9508140976332,0.0,-21121.99874433718,21121.99874433718,0.0,0.0,0.0,0.0,0.0,0.0,0.0,0.0,0.0,-215090.00372532447,-215090.00372532447,21607.900372532447,21607.900372532447,21507.900372532447,0.0,100.0,0.0,0.0,21607.900372532447,21607.900372532447,1,0.0,100.0
4462,18451.371581476178,0.0,-184513.7158147618,0.0,10.0,0.0,-0.0,0.1,0.39866092,39.866091999999995,0.0,0.0,100.0,1.0,0.11,-11.0,-206.97560007952447,206.97560007952447,0.0,-206.97560007952447,206.97560007952447,0.0,-18137.42038131713,18137.42038131713,0.0,0.0,0.0,0.0,0.0,0.0,0.0,0.0,0.0,-184524.7158147618,-184524.7158147618,18551.371581476178,18551.371581476178,18451.371581476178,0.0,100.0,0.0,0.0,18551.371581476178,18551.371581476178,1,0.0,100.0
4463,17706.42637713415,0.0,-177064.2637713415,0.0,10.0,0.0,-0.0,0.1,0.40540689,40.540689,0.0,0.0,100.0,1.0,0.11,-11.0,-203.97818317824388,203.97818317824388,0.0,-203.97818317824388,203.97818317824388,0.0,-17398.470010777663,17398.470010777663,0.0,0.0,0.0,0.0,0.0,0.0,0.0,0.0,0.0,-177075.2637713415,-177075.2637713415,17806.42637713415,17806.42637713415,17706.42637713415,0.0,100.0,0.0,0.0,17806.42637713415,17806.42637713415,1,0.0,100.0
4464,17706.341560088316,0.0,-177063.41560088316,0.0,10.0,0.0,-0.0,0.1,0.417110822,41.7110822,0.0,0.0,100.0,1.0,0.08,-8.0,-203.9358472069609,203.9358472069609,0.0,-203.9358472069609,203.9358472069609,0.0,-17398.469865674393,17398.469865674393,0.0,0.0,0.0,0.0,0.0,0.0,0.0,0.0,0.0,-177071.41560088316,-177071.41560088316,17806.341560088316,17806.341560088316,17706.341560088316,0.0,100.0,0.0,0.0,17806.341560088316,17806.341560088316,1,0.0,100.0
4465,17706.295968199072,0.0,-177062.95968199073,0.0,10.0,0.0,-0.0,0.1,0.424379654,42.437965399999996,0.0,0.0,100.0,1.0,0.08,-8.0,-203.91305126234028,203.91305126234028,0.0,-203.91305126234028,203.91305126234028,0.0,-17398.469865674393,17398.469865674393,0.0,0.0,0.0,0.0,0.0,0.0,0.0,0.0,0.0,-177070.95968199073,-177070.95968199073,17806.295968199072,17806.295968199072,17706.295968199072,0.0,100.0,0.0,0.0,17806.295968199072,17806.295968199072,1,0.0,100.0
4466,17706.26256448504,0.0,-177062.62564485043,0.0,10.0,0.0,-0.0,0.1,0.412020349,41.2020349,0.0,0.0,100.0,1.0,0.08,-8.0,-203.8963494053244,203.8963494053244,0.0,-203.8963494053244,203.8963494053244,0.0,-17398.469865674393,17398.469865674393,0.0,0.0,0.0,0.0,0.0,0.0,0.0,0.0,0.0,-177070.62564485043,-177070.62564485043,17806.26256448504,17806.26256448504,17706.26256448504,0.0,100.0,0.0,0.0,17806.26256448504,17806.26256448504,1,0.0,100.0
4467,18447.600530835334,0.0,-184476.00530835334,0.0,10.0,0.0,-0.0,0.1,0.381608557,38.1608557,0.0,0.0,100.0,1.0,0.08,-8.0,-205.0901442877566,205.0901442877566,0.0,-205.0901442877566,205.0901442877566,0.0,-18137.42024225982,18137.42024225982,0.0,0.0,0.0,0.0,0.0,0.0,0.0,0.0,0.0,-184484.00530835334,-184484.00530835334,18547.600530835334,18547.600530835334,18447.600530835334,0.0,100.0,0.0,0.0,18547.600530835334,18547.600530835334,1,0.0,100.0
4468,18849.311986955232,0.0,-188493.11986955232,0.0,10.0,0.0,-0.0,0.1,0.344790754,34.4790754,0.0,0.0,100.0,1.0,0.08,-8.0,-204.98461844485607,204.98461844485607,0.0,-204.98461844485607,204.98461844485607,0.0,-18539.34275006552,18539.34275006552,0.0,0.0,0.0,0.0,0.0,0.0,0.0,0.0,0.0,-188501.11986955232,-188501.11986955232,18949.311986955232,18949.311986955232,18849.311986955232,0.0,100.0,0.0,0.0,18949.311986955232,18949.311986955232,1,0.0,100.0
4469,52695.942430602874,0.0,-526959.4243060288,0.0,10.0,0.0,-0.0,0.1,0.310660809,31.0660809,0.0,0.0,100.0,1.0,0.11,-11.0,-453.1472658384508,453.1472658384508,0.0,-453.1472658384508,453.1472658384508,0.0,-55341.38478753755,55341.38478753755,0.0,0.0,2318.46275390625,2318.46275390625,0.0,0.0,1133.2741347053322,1133.2741347053322,0.0,-526970.4243060288,-526970.4243060288,56247.679319214454,56247.679319214454,56147.679319214454,0.0,100.0,0.0,0.0,56247.679319214454,52795.942430602874,1,0.0,100.0
4470,53306.443006025955,0.0,-533064.4300602595,0.0,10.0,0.0,-0.0,0.1,0.287821286,28.7821286,0.0,0.0,100.0,1.0,0.11,-11.0,-502.1096266212295,502.1096266212295,0.0,-502.1096266212295,502.1096266212295,0.0,-62521.78783423922,62521.78783423922,0.0,0.0,4674.320068359375,4674.320068359375,0.0,0.0,5445.244013096352,5445.244013096352,0.0,-533075.4300602595,-533075.4300602595,63526.00708748168,63526.00708748168,63426.00708748168,0.0,100.0,0.0,0.0,63526.00708748168,53406.443006025955,1,0.0,100.0
4471,68830.18158152358,0.0,-688301.8158152357,0.0,10.0,0.0,-0.0,0.1,0.272959464,27.2959464,0.0,0.0,100.0,1.0,0.11,-11.0,-784.3405753171251,784.3405753171251,0.0,-784.3405753171251,784.3405753171251,0.0,-95206.40240596644,95206.40240596644,0.0,0.0,16042.266474609374,16042.266474609374,0.0,0.0,11802.635500467728,11802.635500467728,0.0,-688312.8158152357,-688312.8158152357,96775.08355660067,96775.08355660069,96675.08355660067,0.0,100.0,0.0,0.0,96775.08355660069,68930.18158152359,1,0.0,100.0
4472,52895.416796551144,0.0,-528954.1679655114,0.0,10.0,0.0,-0.0,0.1,0.2649519369999999,26.49519369999999,0.0,0.0,100.0,1.0,0.11,-11.0,-874.4840140567095,874.4840140567095,0.0,-874.4840140567095,874.4840140567095,0.0,-92804.06495976176,92804.06495976176,0.0,0.0,23895.124189453123,23895.124189453123,0.0,0.0,17662.49200187091,17662.49200187091,0.0,-528965.1679655114,-528965.1679655114,94553.03298787518,94553.03298787518,94453.03298787518,0.0,100.0,0.0,0.0,94553.03298787518,52995.416796551144,1,0.0,100.0
4473,40962.983845683746,0.0,-409629.83845683746,0.0,10.0,0.0,-0.0,0.1,0.259775685,25.977568499999997,0.0,0.0,100.0,1.0,0.11,-11.0,-954.2131308960282,954.2131308960282,0.0,-954.2131308960282,954.2131308960282,0.0,-91041.45881824294,91041.45881824294,0.0,0.0,29055.57354492188,29055.57354492188,0.0,0.0,22831.327689429378,22831.327689429378,0.0,-409640.83845683746,-409640.83845683746,92949.885080035,92949.885080035,92849.885080035,0.0,100.0,0.0,0.0,92949.885080035,41062.983845683746,1,0.0,100.0
4474,32912.53180585118,0.0,-329125.31805851177,0.0,10.0,0.0,-0.0,0.1,0.26207607,26.207607,0.0,0.0,100.0,1.0,0.11,-11.0,-1013.3009140936538,1013.3009140936538,0.0,-1013.3009140936538,1013.3009140936538,0.0,-91698.1372177192,91698.1372177192,0.0,0.0,34066.44465820312,34066.44465820312,0.0,0.0,26645.762581852203,26645.762581852203,0.0,-329136.31805851177,-329136.31805851177,93724.7390459065,93724.7390459065,93624.7390459065,0.0,100.0,0.0,0.0,93724.7390459065,33012.53180585118,1,0.0,100.0
4475,26917.891560091968,0.0,-269178.9156009197,0.0,10.0,0.0,-0.0,0.1,0.264651144,26.4651144,0.0,0.0,100.0,1.0,0.11,-11.0,-1059.781141521992,1059.781141521992,0.0,-1059.781141521992,1059.781141521992,0.0,-88727.40595109902,88727.40595109902,0.0,0.0,34889.12499023438,34889.12499023438,0.0,0.0,28939.951683816656,28939.951683816656,0.0,-269189.9156009197,-269189.9156009197,90846.968234143,90846.968234143,90746.968234143,0.0,100.0,0.0,0.0,90846.968234143,27017.89156009197,1,0.0,100.0
4476,27514.629458228083,0.0,-275146.2945822808,0.0,10.0,0.0,-0.0,0.1,0.274574654,27.457465399999997,0.0,0.0,100.0,1.0,0.11,-11.0,-1099.10187544854,1099.10187544854,0.0,-1099.10187544854,1099.10187544854,0.0,-91798.11784600288,91798.11784600288,0.0,0.0,36833.64213867187,36833.64213867187,0.0,0.0,29548.050000000003,29548.050000000003,0.0,-275157.2945822808,-275157.2945822808,93996.32159689996,93996.32159689996,93896.32159689996,0.0,100.0,0.0,0.0,93996.32159689996,27614.629458228083,1,0.0,100.0
4477,32170.242632842812,0.0,-321702.4263284281,0.0,10.0,0.0,-0.0,0.1,0.287935391,28.793539099999997,0.0,0.0,100.0,1.0,0.11,-11.0,-1118.2535543426047,1118.2535543426047,0.0,-1118.2535543426047,1118.2535543426047,0.0,-91641.85510479298,91641.85510479298,0.0,0.0,33580.31537109375,33580.31537109375,0.0,0.0,28027.80420954163,28027.80420954163,0.0,-321713.4263284281,-321713.4263284281,93878.36221347819,93878.36221347819,93778.36221347819,0.0,100.0,0.0,0.0,93878.36221347819,32270.242632842812,1,0.0,100.0
4478,39687.05488911373,0.0,-396870.5488911373,0.0,10.0,0.0,-0.0,0.1,0.297735467,29.773546699999997,0.0,0.0,100.0,1.0,0.08,-8.0,-1030.7139269400973,1030.7139269400973,0.0,-1030.7139269400973,1030.7139269400973,0.0,-91771.75391163124,91771.75391163124,0.0,0.0,29279.940908203123,29279.940908203123,0.0,0.0,24766.18596819458,24766.18596819458,0.0,-396878.5488911373,-396878.5488911373,93833.18176551143,93833.18176551143,93733.18176551143,0.0,100.0,0.0,0.0,93833.18176551143,39787.05488911373,1,0.0,100.0
4479,52315.56364896661,0.0,-523155.63648966607,0.0,10.0,0.0,-0.0,0.1,0.319759842,31.975984200000003,0.0,0.0,100.0,1.0,0.08,-8.0,-1010.1629891125228,1010.1629891125228,0.0,-1010.1629891125228,1010.1629891125228,0.0,-94928.27843044142,94928.27843044142,0.0,0.0,24493.437158203124,24493.437158203124,0.0,0.0,20039.60360149673,20039.60360149673,0.0,-523163.63648966607,-523163.63648966607,96948.60440866646,96948.60440866646,96848.60440866646,0.0,100.0,0.0,0.0,96948.60440866646,52415.56364896661,1,0.0,100.0
4480,59168.32028178911,0.0,-591683.202817891,0.0,10.0,0.0,-0.0,0.1,0.351792291,35.1792291,0.0,0.0,100.0,1.0,0.08,-8.0,-885.1050326668341,885.1050326668341,0.0,-885.1050326668341,885.1050326668341,0.0,-87853.40366077037,87853.40366077037,0.0,0.0,16977.13048828125,16977.13048828125,0.0,0.0,13378.16295603368,13378.16295603368,0.0,-591691.202817891,-591691.202817891,89623.61372610404,89623.61372610404,89523.61372610404,0.0,100.0,0.0,0.0,89623.61372610404,59268.320281789114,1,0.0,100.0
4481,59636.23651017371,0.0,-596362.3651017371,0.0,10.0,0.0,-0.0,0.1,0.386072714,38.6072714,0.0,0.0,100.0,1.0,0.11,-11.0,-627.6461132561853,627.6461132561853,0.0,-627.6461132561853,627.6461132561853,0.0,-75905.56858036277,75905.56858036277,0.0,0.0,9685.191181640625,9685.191181640625,0.0,0.0,7739.433115060806,7739.433115060806,0.0,-596373.3651017371,-596373.3651017371,77160.86080687513,77160.86080687513,77060.86080687513,0.0,100.0,0.0,0.0,77160.86080687513,59736.23651017371,1,0.0,100.0
4482,70622.06355735811,0.0,-706220.6355735811,0.0,10.0,0.0,-0.0,0.1,0.405615587,40.5615587,0.0,0.0,100.0,1.0,0.11,-11.0,-620.6254880131223,620.6254880131223,0.0,-620.6254880131223,620.6254880131223,0.0,-74789.34630532369,74789.34630532369,0.0,0.0,2655.013798828125,2655.013798828125,0.0,0.0,2653.519925163705,2653.519925163705,0.0,-706231.6355735811,-706231.6355735811,76030.59728134994,76030.59728134994,75930.59728134994,0.0,100.0,0.0,0.0,76030.59728134994,70722.06355735811,1,0.0,100.0
4483,69341.87082437643,0.0,-693418.7082437642,0.0,10.0,0.0,-0.0,0.1,0.4088059029999999,40.880590299999994,0.0,0.0,100.0,1.0,0.11,-11.0,-492.8090989606144,492.8090989606144,0.0,-492.8090989606144,492.8090989606144,0.0,-68732.66095199308,68732.66095199308,0.0,0.0,0.0,0.0,0.0,0.0,276.4083255378859,276.4083255378859,0.0,-693429.7082437642,-693429.7082437642,69718.2791499143,69718.2791499143,69618.2791499143,0.0,100.0,0.0,0.0,69718.2791499143,69441.87082437643,1,0.0,100.0
4484,68145.16138399961,0.0,-681451.6138399962,0.0,10.0,0.0,-0.0,0.1,0.4071944839999999,40.71944839999999,0.0,0.0,100.0,1.0,0.11,-11.0,-204.76962865274768,204.76962865274768,0.0,-204.76962865274768,204.76962865274768,0.0,-67835.62212669411,67835.62212669411,0.0,0.0,0.0,0.0,0.0,0.0,0.0,0.0,0.0,-681462.6138399962,-681462.6138399962,68245.16138399961,68245.16138399961,68145.16138399961,0.0,100.0,0.0,0.0,68245.16138399961,68245.16138399961,1,0.0,100.0
4485,21429.859681066617,0.0,-214298.59681066617,0.0,10.0,0.0,-0.0,0.1,0.410078823,41.0078823,0.0,0.0,100.0,1.0,0.11,-11.0,-203.93054091635315,203.93054091635315,0.0,-203.93054091635315,203.93054091635315,0.0,-21121.99859923391,21121.99859923391,0.0,0.0,0.0,0.0,0.0,0.0,0.0,0.0,0.0,-214309.59681066617,-214309.59681066617,21529.859681066617,21529.859681066617,21429.859681066617,0.0,100.0,0.0,0.0,21529.859681066617,21529.859681066617,1,0.0,100.0
4486,25491.22018172952,0.0,-254912.20181729522,0.0,10.0,0.0,-0.0,0.1,0.417952647,41.795264700000004,0.0,0.0,100.0,1.0,0.11,-11.0,-206.8321418195876,206.8321418195876,0.0,-206.8321418195876,206.8321418195876,0.0,-25177.555898090344,25177.555898090344,0.0,0.0,0.0,0.0,0.0,0.0,0.0,0.0,0.0,-254923.20181729522,-254923.20181729522,25591.22018172952,25591.22018172952,25491.22018172952,0.0,100.0,0.0,0.0,25591.22018172952,25591.22018172952,1,0.0,100.0
4487,21029.29683812206,0.0,-210292.9683812206,0.0,10.0,0.0,-0.0,0.1,0.416623507,41.6623507,0.0,0.0,100.0,1.0,0.11,-11.0,-203.8210417782097,203.8210417782097,0.0,-203.8210417782097,203.8210417782097,0.0,-20721.65475456564,20721.65475456564,0.0,0.0,0.0,0.0,0.0,0.0,0.0,0.0,0.0,-210303.9683812206,-210303.9683812206,21129.29683812206,21129.29683812206,21029.29683812206,0.0,100.0,0.0,0.0,21129.29683812206,21129.29683812206,1,0.0,100.0
4488,17706.03262994356,0.0,-177060.32629943558,0.0,10.0,0.0,-0.0,0.1,0.417617391,41.7617391,0.0,0.0,100.0,1.0,0.08,-8.0,-203.7814546862189,203.7814546862189,0.0,-203.7814546862189,203.7814546862189,0.0,-17398.46972057112,17398.46972057112,0.0,0.0,0.0,0.0,0.0,0.0,0.0,0.0,0.0,-177068.32629943558,-177068.32629943558,17806.03262994356,17806.03262994356,17706.03262994356,0.0,100.0,0.0,0.0,17806.03262994356,17806.03262994356,1,0.0,100.0
4489,17706.047951084493,0.0,-177060.47951084492,0.0,10.0,0.0,-0.0,0.1,0.41350771,41.350770999999995,0.0,0.0,100.0,1.0,0.08,-8.0,-203.789112233702,203.789112233702,0.0,-203.789112233702,203.789112233702,0.0,-17398.469726617088,17398.469726617088,0.0,0.0,0.0,0.0,0.0,0.0,0.0,0.0,0.0,-177068.47951084492,-177068.47951084492,17806.047951084493,17806.047951084493,17706.047951084493,0.0,100.0,0.0,0.0,17806.047951084493,17806.047951084493,1,0.0,100.0
4490,27107.60011654727,0.0,-271076.00116547267,0.0,10.0,0.0,-0.0,0.1,0.421222046,42.1222046,0.0,0.0,100.0,1.0,0.08,-8.0,-203.7791000401596,203.7791000401596,0.0,-203.7791000401596,203.7791000401596,0.0,-26800.04191646695,26800.04191646695,0.0,0.0,0.0,0.0,0.0,0.0,0.0,0.0,0.0,-271084.00116547267,-271084.00116547267,27207.60011654727,27207.60011654727,27107.60011654727,0.0,100.0,0.0,0.0,27207.60011654727,27207.60011654727,1,0.0,100.0
4491,18456.824939267884,0.0,-184568.24939267884,0.0,10.0,0.0,-0.0,0.1,0.427184917,42.7184917,0.0,0.0,100.0,1.0,0.08,-8.0,-209.70242105566564,209.70242105566564,0.0,-209.70242105566564,209.70242105566564,0.0,-18137.42009715655,18137.42009715655,0.0,0.0,0.0,0.0,0.0,0.0,0.0,0.0,0.0,-184576.24939267884,-184576.24939267884,18556.824939267884,18556.824939267884,18456.824939267884,0.0,100.0,0.0,0.0,18556.824939267884,18556.824939267884,1,0.0,100.0
4492,18856.73007434696,0.0,-188567.30074346962,0.0,10.0,0.0,-0.0,0.1,0.392720356,39.2720356,0.0,0.0,100.0,1.0,0.08,-8.0,-208.69378608309813,208.69378608309813,0.0,-208.69378608309813,208.69378608309813,0.0,-18539.342502180763,18539.342502180763,0.0,0.0,0.0,0.0,0.0,0.0,0.0,0.0,0.0,-188575.30074346962,-188575.30074346962,18956.73007434696,18956.73007434696,18856.73007434696,0.0,100.0,0.0,0.0,18956.73007434696,18956.73007434696,1,0.0,100.0
4493,52837.92047540791,0.0,-528379.2047540791,0.0,10.0,0.0,-0.0,0.1,0.368382809,36.8382809,0.0,0.0,100.0,1.0,0.11,-11.0,-460.4154835268136,460.4154835268136,0.0,-460.4154835268136,460.4154835268136,0.0,-55026.57307610525,55026.57307610525,0.0,0.0,2318.46275390625,2318.46275390625,0.0,0.0,691.0208138447148,691.0208138447148,0.0,-528390.2047540791,-528390.2047540791,55947.40404315887,55947.40404315887,55847.40404315887,0.0,100.0,0.0,0.0,55947.40404315887,52937.92047540791,1,0.0,100.0
4494,56493.77522653249,0.0,-564937.7522653249,0.0,10.0,0.0,-0.0,0.1,0.332803177,33.2803177,0.0,0.0,100.0,1.0,0.11,-11.0,-494.6628537476661,494.6628537476661,0.0,-494.6628537476661,494.6628537476661,0.0,-63543.596912154266,63543.596912154266,0.0,0.0,5534.3949609375,5534.3949609375,0.0,0.0,2404.7524321796072,2404.7524321796072,0.0,-564948.7522653249,-564948.7522653249,64532.922619649595,64532.922619649595,64432.922619649595,0.0,100.0,0.0,0.0,64532.922619649595,56593.77522653249,1,0.0,100.0
4495,86102.09900908463,0.0,-861020.9900908463,0.0,10.0,0.0,-0.0,0.1,0.2991081439999999,29.910814399999992,0.0,0.0,100.0,1.0,0.11,-11.0,-736.3414946931871,736.3414946931871,0.0,-736.3414946931871,736.3414946931871,0.0,-96925.18838721828,96925.18838721828,0.0,0.0,6805.81001953125,6805.81001953125,0.0,0.0,5389.962347988775,5389.962347988775,0.0,-861031.9900908463,-861031.9900908463,98397.87137660466,98397.87137660466,98297.87137660466,0.0,100.0,0.0,0.0,98397.87137660466,86202.09900908463,1,0.0,100.0
4496,75662.5571290217,0.0,-756625.5712902171,0.0,10.0,0.0,-0.0,0.1,0.282267479,28.2267479,0.0,0.0,100.0,1.0,0.11,-11.0,-763.2498074217799,763.2498074217799,0.0,-763.2498074217799,763.2498074217799,0.0,-94712.54747121489,94712.54747121489,0.0,0.0,9834.769423828126,9834.769423828126,0.0,0.0,10641.720533208609,10641.720533208609,0.0,-756636.5712902171,-756636.5712902171,96239.04708605845,96239.04708605845,96139.04708605845,0.0,100.0,0.0,0.0,96239.04708605845,75762.5571290217,1,0.0,100.0
4497,57553.25969120046,0.0,-575532.5969120046,0.0,10.0,0.0,-0.0,0.1,0.277710178,27.771017799999996,0.0,0.0,100.0,1.0,0.11,-11.0,-798.7681597266909,798.7681597266909,0.0,-798.7681597266909,798.7681597266909,0.0,-91946.8424117834,91946.8424117834,0.0,0.0,26437.954306640622,26437.954306640622,0.0,0.0,9453.1647333957,9453.1647333957,0.0,-575543.5969120046,-575543.5969120046,93544.3787312368,93544.37873123678,93444.3787312368,0.0,100.0,0.0,0.0,93544.37873123678,57653.25969120045,1,0.0,100.0
4498,41568.9949731459,0.0,-415689.94973145897,0.0,10.0,0.0,-0.0,0.1,0.271752012,27.1752012,0.0,0.0,100.0,1.0,0.11,-11.0,-886.6079395424041,886.6079395424041,0.0,-886.6079395424041,886.6079395424041,0.0,-92084.85617955645,92084.85617955645,0.0,0.0,34029.05009765625,34029.05009765625,0.0,0.0,18160.026987839105,18160.026987839105,0.0,-415700.94973145897,-415700.94973145897,93858.07205864125,93858.07205864125,93758.07205864125,0.0,100.0,0.0,0.0,93858.07205864125,41668.9949731459,1,0.0,100.0
4499,33332.764322144474,0.0,-333327.64322144474,0.0,10.0,0.0,-0.0,0.1,0.272309426,27.230942600000002,0.0,0.0,100.0,1.0,0.11,-11.0,-911.0712890600806,911.0712890600806,0.0,-911.0712890600806,911.0712890600806,0.0,-88965.19895590641,88965.19895590641,0.0,0.0,35711.80532226562,35711.80532226562,0.0,0.0,21642.771889616462,21642.771889616462,0.0,-333338.64322144474,-333338.64322144474,90787.34153402656,90787.34153402656,90687.34153402656,0.0,100.0,0.0,0.0,90787.34153402656,33432.764322144474,1,0.0,100.0
4500,33394.63247847806,0.0,-333946.3247847806,0.0,10.0,0.0,-0.0,0.1,0.283754428,28.375442800000002,0.0,0.0,100.0,1.0,0.11,-11.0,-926.1592400763482,926.1592400763482,0.0,-926.1592400763482,926.1592400763482,0.0,-92226.03918416456,92226.03918416456,0.0,0.0,34739.54674804687,34739.54674804687,0.0,0.0,25844.17843779233,25844.17843779233,0.0,-333957.3247847806,-333957.3247847806,94078.35766431726,94078.35766431726,93978.35766431726,0.0,100.0,0.0,0.0,94078.35766431726,33494.63247847806,1,0.0,100.0
4501,36819.824603006695,0.0,-368198.246030067,0.0,10.0,0.0,-0.0,0.1,0.300352289,30.0352289,0.0,0.0,100.0,1.0,0.11,-11.0,-978.6186948261392,978.6186948261392,0.0,-978.6186948261392,978.6186948261392,0.0,-92162.85160653364,92162.85160653364,0.0,0.0,32682.84591796875,32682.84591796875,0.0,0.0,24517.41847521048,24517.41847521048,0.0,-368209.246030067,-368209.246030067,94120.08899618592,94120.08899618592,94020.08899618592,0.0,100.0,0.0,0.0,94120.08899618592,36919.824603006695,1,0.0,100.0
4502,43452.53805322561,0.0,-434525.3805322561,0.0,10.0,0.0,-0.0,0.1,0.333113856,33.3113856,0.0,0.0,100.0,1.0,0.08,-8.0,-1001.0035059015108,1001.0035059015108,0.0,-1001.0035059015108,1001.0035059015108,0.0,-92118.8056897596,92118.8056897596,0.0,0.0,28980.784423828125,28980.784423828125,0.0,0.0,21587.49022450889,21587.49022450889,0.0,-434533.3805322561,-434533.3805322561,94120.81270156262,94120.81270156262,94020.81270156262,0.0,100.0,0.0,0.0,94120.81270156262,43552.53805322561,1,0.0,100.0
4503,60278.130449383214,0.0,-602781.3044938322,0.0,10.0,0.0,-0.0,0.1,0.376598824,37.6598824,0.0,0.0,100.0,1.0,0.08,-8.0,-995.4259324521104,995.4259324521104,0.0,-995.4259324521104,995.4259324521104,0.0,-95075.4369087014,95075.4369087014,0.0,0.0,19744.32796875,19744.32796875,0.0,0.0,16943.830355472408,16943.830355472408,0.0,-602789.3044938322,-602789.3044938322,97066.28877360563,97066.28877360563,96966.28877360563,0.0,100.0,0.0,0.0,97066.28877360563,60378.13044938322,1,0.0,100.0
4504,66834.17686691179,0.0,-668341.7686691179,0.0,10.0,0.0,-0.0,0.1,0.417944395,41.7944395,0.0,0.0,100.0,1.0,0.08,-8.0,-886.6033658176462,886.6033658176462,0.0,-886.6033658176462,886.6033658176462,0.0,-87947.78946965186,87947.78946965186,0.0,0.0,12228.021298828126,12228.021298828126,0.0,0.0,10558.798035547245,10558.798035547245,0.0,-668349.7686691179,-668349.7686691179,89720.99620128715,89720.99620128715,89620.99620128715,0.0,100.0,0.0,0.0,89720.99620128715,66934.17686691179,1,0.0,100.0
4505,62633.915875172526,0.0,-626339.1587517252,0.0,10.0,0.0,-0.0,0.1,0.432825377,43.2825377,0.0,0.0,100.0,1.0,0.11,-11.0,-621.5226954018383,621.5226954018383,0.0,-621.5226954018383,621.5226954018383,0.0,-76105.94682745746,76105.94682745746,0.0,0.0,8451.17068359375,8451.17068359375,0.0,0.0,6163.905659494856,6163.905659494856,0.0,-626350.1587517252,-626350.1587517252,77348.99221826113,77348.99221826113,77248.99221826113,0.0,100.0,0.0,0.0,77348.99221826113,62733.915875172526,1,0.0,100.0
4506,72364.03525963097,0.0,-723640.3525963097,0.0,10.0,0.0,-0.0,0.1,0.437881636,43.788163600000004,0.0,0.0,100.0,1.0,0.11,-11.0,-613.1713154211122,613.1713154211122,0.0,-613.1713154211122,613.1713154211122,0.0,-75290.98318900127,75290.98318900127,0.0,0.0,3141.1430859375,3141.1430859375,0.0,0.0,912.1474742750236,912.1474742750236,0.0,-723651.3525963097,-723651.3525963097,76517.32581984349,76517.32581984349,76417.32581984349,0.0,100.0,0.0,0.0,76517.32581984349,72464.03525963097,1,0.0,100.0
4507,70055.78271629398,0.0,-700557.8271629398,0.0,10.0,0.0,-0.0,0.1,0.430426952,43.0426952,0.0,0.0,100.0,1.0,0.11,-11.0,-505.4215217655235,505.4215217655235,0.0,-505.4215217655235,505.4215217655235,0.0,-69614.83382617735,69614.83382617735,0.0,0.0,0.0,0.0,0.0,0.0,469.8941534144061,469.8941534144061,0.0,-700568.8271629398,-700568.8271629398,70625.67686970839,70625.67686970839,70525.67686970839,0.0,100.0,0.0,0.0,70625.67686970839,70155.78271629398,1,0.0,100.0
4508,69388.3797062681,0.0,-693883.7970626809,0.0,10.0,0.0,-0.0,0.1,0.414438653,41.4438653,0.0,0.0,100.0,1.0,0.11,-11.0,-203.8758988597301,203.8758988597301,0.0,-203.8758988597301,203.8758988597301,0.0,-69080.62790854863,69080.62790854863,0.0,0.0,0.0,0.0,0.0,0.0,0.0,0.0,0.0,-693894.7970626809,-693894.7970626809,69488.3797062681,69488.3797062681,69388.3797062681,0.0,100.0,0.0,0.0,69488.3797062681,69488.3797062681,1,0.0,100.0
4509,24076.51174882722,0.0,-240765.1174882722,0.0,10.0,0.0,-0.0,0.1,0.408139308,40.813930799999994,0.0,0.0,100.0,1.0,0.11,-11.0,-203.9046150812096,203.9046150812096,0.0,-203.9046150812096,203.9046150812096,0.0,-23768.7025186648,23768.7025186648,0.0,0.0,0.0,0.0,0.0,0.0,0.0,0.0,0.0,-240776.1174882722,-240776.1174882722,24176.51174882722,24176.51174882722,24076.51174882722,0.0,100.0,0.0,0.0,24176.51174882722,24176.51174882722,1,0.0,100.0
4510,39583.23263463888,0.0,-395832.3263463888,0.0,10.0,0.0,-0.0,0.1,0.414003955,41.400395499999995,0.0,0.0,100.0,1.0,0.11,-11.0,-206.8108092074704,206.8108092074704,0.0,-206.8108092074704,206.8108092074704,0.0,-39269.61101622394,39269.61101622394,0.0,0.0,0.0,0.0,0.0,0.0,0.0,0.0,0.0,-395843.3263463888,-395843.3263463888,39683.23263463888,39683.23263463888,39583.23263463888,0.0,100.0,0.0,0.0,39683.23263463888,39683.23263463888,1,0.0,100.0
4511,22942.558701333583,0.0,-229425.58701333584,0.0,10.0,0.0,-0.0,0.1,0.421291889,42.129188899999995,0.0,0.0,100.0,1.0,0.11,-11.0,-203.83017454126133,203.83017454126133,0.0,-203.83017454126133,203.83017454126133,0.0,-22634.89835225106,22634.89835225106,0.0,0.0,0.0,0.0,0.0,0.0,0.0,0.0,0.0,-229436.58701333584,-229436.58701333584,23042.558701333583,23042.558701333583,22942.558701333583,0.0,100.0,0.0,0.0,23042.558701333583,23042.558701333583,1,0.0,100.0
4512,14692.68326885126,0.0,-146926.8326885126,0.0,10.0,0.0,-0.0,0.1,0.433374217,43.3374217,0.0,0.0,100.0,1.0,0.08,-8.0,-203.7844565409009,203.7844565409009,0.0,-203.7844565409009,203.7844565409009,0.0,-14385.11435576946,14385.11435576946,0.0,0.0,0.0,0.0,0.0,0.0,0.0,0.0,0.0,-146934.8326885126,-146934.8326885126,14792.68326885126,14792.68326885126,14692.68326885126,0.0,100.0,0.0,0.0,14792.68326885126,14792.68326885126,1,0.0,100.0
4513,14692.586444529295,0.0,-146925.86444529294,0.0,10.0,0.0,-0.0,0.1,0.439482306,43.9482306,0.0,0.0,100.0,1.0,0.08,-8.0,-203.73604740290227,203.73604740290227,0.0,-203.73604740290227,203.73604740290227,0.0,-14385.114349723492,14385.114349723492,0.0,0.0,0.0,0.0,0.0,0.0,0.0,0.0,0.0,-146933.86444529294,-146933.86444529294,14792.586444529295,14792.586444529295,14692.586444529295,0.0,100.0,0.0,0.0,14792.586444529295,14792.586444529295,1,0.0,100.0
4514,14692.508749138186,0.0,-146925.08749138186,0.0,10.0,0.0,-0.0,0.1,0.4397499829999999,43.97499829999999,0.0,0.0,100.0,1.0,0.08,-8.0,-203.6971966843632,203.6971966843632,0.0,-203.6971966843632,203.6971966843632,0.0,-14385.11435576946,14385.11435576946,0.0,0.0,0.0,0.0,0.0,0.0,0.0,0.0,0.0,-146933.08749138186,-146933.08749138186,14792.508749138186,14792.508749138186,14692.508749138186,0.0,100.0,0.0,0.0,14792.508749138186,14792.508749138186,1,0.0,100.0
4515,15433.865902621594,0.0,-154338.65902621593,0.0,10.0,0.0,-0.0,0.1,0.432602339,43.2602339,0.0,0.0,100.0,1.0,0.08,-8.0,-204.90058513334853,204.90058513334853,0.0,-204.90058513334853,204.90058513334853,0.0,-15124.064732354896,15124.064732354896,0.0,0.0,0.0,0.0,0.0,0.0,0.0,0.0,0.0,-154346.65902621593,-154346.65902621593,15533.865902621594,15533.865902621594,15433.865902621594,0.0,100.0,0.0,0.0,15533.865902621594,15533.865902621594,1,0.0,100.0
4516,14329.010416780753,0.0,-143290.10416780753,0.0,10.0,0.0,-0.0,0.1,0.397664714,39.7664714,0.0,0.0,100.0,1.0,0.08,-8.0,-204.8504809012378,204.8504809012378,0.0,-204.8504809012378,204.8504809012378,0.0,-14019.309454978278,14019.309454978278,0.0,0.0,0.0,0.0,0.0,0.0,0.0,0.0,0.0,-143298.10416780753,-143298.10416780753,14429.010416780753,14429.010416780753,14329.010416780753,0.0,100.0,0.0,0.0,14429.010416780753,14429.010416780753,1,0.0,100.0
4517,53599.32893165279,0.0,-535993.2893165279,0.0,10.0,0.0,-0.0,0.1,0.354030786,35.4030786,0.0,0.0,100.0,1.0,0.11,-11.0,-186.8731361112706,186.8731361112706,0.0,-186.8731361112706,186.8731361112706,0.0,-56076.545006204025,56076.545006204025,0.0,0.0,2281.068193359375,2281.068193359375,0.0,0.0,469.8941534144061,469.8941534144061,0.0,-536004.2893165279,-536004.2893165279,56450.29127842657,56450.291278426565,56350.29127842657,0.0,100.0,0.0,0.0,56450.291278426565,53699.32893165278,1,0.0,100.0
4518,49375.48498168774,0.0,-493754.8498168774,0.0,10.0,0.0,-0.0,0.1,0.328128197,32.8128197,0.0,0.0,100.0,1.0,0.11,-11.0,-168.45128000388868,168.45128000388868,0.0,-168.45128000388868,168.45128000388868,0.0,-59087.25073689497,59087.25073689497,0.0,0.0,8152.01419921875,8152.01419921875,0.0,0.0,1796.6541159962585,1796.6541159962585,0.0,-493765.8498168774,-493765.8498168774,59424.15329690275,59424.15329690275,59324.15329690275,0.0,100.0,0.0,0.0,59424.15329690275,49475.48498168774,1,0.0,100.0
4519,52175.31105879034,0.0,-521753.1105879034,0.0,10.0,0.0,-0.0,0.1,0.315623615,31.5623615,0.0,0.0,100.0,1.0,0.11,-11.0,-168.4780638465328,168.4780638465328,0.0,-168.4780638465328,168.4780638465328,0.0,-73437.30273710209,73437.30273710209,0.0,0.0,14920.429658203124,14920.429658203124,0.0,0.0,6578.518147801685,6578.518147801685,0.0,-521764.1105879034,-521764.1105879034,73774.25886479515,73774.25886479515,73674.25886479515,0.0,100.0,0.0,0.0,73774.25886479515,52275.311058790336,1,0.0,100.0
4520,38893.63961621196,0.0,-388936.39616211964,0.0,10.0,0.0,-0.0,0.1,0.2999956569999999,29.99956569999999,0.0,0.0,100.0,1.0,0.11,-11.0,-168.57893127691668,168.57893127691668,0.0,-168.57893127691668,168.57893127691668,0.0,-70830.95613672458,70830.95613672458,0.0,0.0,21726.23967773437,21726.23967773437,0.0,0.0,10448.234705332088,10448.234705332088,0.0,-388947.39616211964,-388947.39616211964,71168.11399927843,71168.11399927842,71068.11399927843,0.0,100.0,0.0,0.0,71168.11399927842,38993.639616211956,1,0.0,100.0
4521,21906.81146027363,0.0,-219068.1146027363,0.0,10.0,0.0,-0.0,0.1,0.298497664,29.8497664,0.0,0.0,100.0,1.0,0.11,-11.0,-259.9073954898823,259.9073954898823,0.0,-259.9073954898823,259.9073954898823,0.0,-67871.75187401571,67871.75187401571,0.0,0.0,28943.38986328125,28943.38986328125,0.0,0.0,17441.3653414406,17441.3653414406,0.0,-219079.1146027363,-219079.1146027363,68391.56666499548,68391.56666499548,68291.56666499548,0.0,100.0,0.0,0.0,68391.56666499548,22006.81146027363,1,0.0,100.0
4522,13351.254566375119,0.0,-133512.5456637512,0.0,10.0,0.0,-0.0,0.1,0.30810247,30.810247,0.0,0.0,100.0,1.0,0.11,-11.0,-300.3006824330785,300.3006824330785,0.0,-300.3006824330785,300.3006824330785,0.0,-67911.23102806817,67911.23102806817,0.0,0.0,31897.56014648437,31897.56014648437,0.0,0.0,23163.01768007484,23163.01768007484,0.0,-133523.5456637512,-133523.5456637512,68511.83239293433,68511.83239293433,68411.83239293433,0.0,100.0,0.0,0.0,68511.83239293433,13451.254566375123,1,0.0,100.0
4523,6366.749435705267,0.0,-63667.494357052674,0.0,10.0,0.0,-0.0,0.1,0.33289704,33.289704,0.0,0.0,100.0,1.0,0.11,-11.0,-299.80692823839576,299.80692823839576,0.0,-299.80692823839576,299.80692823839576,0.0,-67852.37822930302,67852.37822930302,0.0,0.0,35450.0433984375,35450.0433984375,0.0,0.0,26535.19925163705,26535.19925163705,0.0,-63678.494357052674,-63678.494357052674,68451.99208577981,68451.99208577981,68351.99208577981,0.0,100.0,0.0,0.0,68451.99208577981,6466.749435705264,1,0.0,100.0
4524,9777.446166593112,0.0,-97774.46166593113,0.0,10.0,0.0,-0.0,0.1,0.354034427,35.4034427,0.0,0.0,100.0,1.0,0.11,-11.0,-324.68425783935965,324.68425783935965,0.0,-324.68425783935965,324.68425783935965,0.0,-67825.09331237334,67825.09331237334,0.0,0.0,31149.66893554688,31149.66893554688,0.0,0.0,27447.34672591207,27447.34672591207,0.0,-97785.46166593113,-97785.46166593113,68474.46182805207,68474.46182805207,68374.46182805207,0.0,100.0,0.0,0.0,68474.46182805207,9877.446166593116,1,0.0,100.0
4525,12490.946987061005,0.0,-124909.46987061005,0.0,10.0,0.0,-0.0,0.1,0.38423866,38.423866000000004,0.0,0.0,100.0,1.0,0.11,-11.0,-313.3250371662399,313.3250371662399,0.0,-313.3250371662399,313.3250371662399,0.0,-52868.76114235866,52868.76114235866,0.0,0.0,14396.905810546874,14396.905810546874,0.0,0.0,26507.55841908326,26507.55841908326,0.0,-124920.46987061005,-124920.46987061005,53495.411216691136,53495.411216691136,53395.411216691136,0.0,100.0,0.0,0.0,53495.411216691136,12590.946987061005,1,0.0,100.0
4526,20538.122884163735,0.0,-205381.22884163735,0.0,10.0,0.0,-0.0,0.1,0.414848758,41.4848758,0.0,0.0,100.0,1.0,0.08,-8.0,-351.54848724217675,351.54848724217675,0.0,-351.54848724217675,351.54848724217675,0.0,-52892.146130744266,52892.146130744266,0.0,0.0,10208.715029296874,10208.715029296874,0.0,0.0,22748.40519176801,22748.40519176801,0.0,-205389.22884163735,-205389.22884163735,53595.24310522862,53595.24310522862,53495.24310522862,0.0,100.0,0.0,0.0,53595.24310522862,20638.122884163735,1,0.0,100.0
4527,29334.7505684977,0.0,-293347.505684977,0.0,10.0,0.0,-0.0,0.1,0.437322945,43.7322945,0.0,0.0,100.0,1.0,0.08,-8.0,-331.2803487872001,331.2803487872001,0.0,-331.2803487872001,331.2803487872001,0.0,-55893.94857860864,55893.94857860864,0.0,0.0,8077.225078124999,8077.225078124999,0.0,0.0,19044.53362956034,19044.53362956034,0.0,-293355.505684977,-293355.505684977,56556.50927618304,56556.50927618304,56456.50927618304,0.0,100.0,0.0,0.0,56556.50927618304,29434.7505684977,1,0.0,100.0
4528,32666.712760734117,0.0,-326667.12760734116,0.0,10.0,0.0,-0.0,0.1,0.44594095,44.594095,0.0,0.0,100.0,1.0,0.08,-8.0,-329.71053536039443,329.71053536039443,0.0,-329.71053536039443,329.71053536039443,0.0,-53613.13195444344,53613.13195444344,0.0,0.0,7104.96650390625,7104.96650390625,0.0,0.0,14400.873760523857,14400.873760523857,0.0,-326675.12760734116,-326675.12760734116,54272.55302516422,54272.55302516423,54172.55302516422,0.0,100.0,0.0,0.0,54272.55302516423,32766.71276073412,1,0.0,100.0
4529,36640.86014388741,0.0,-366408.6014388741,0.0,10.0,0.0,-0.0,0.1,0.440102778,44.0102778,0.0,0.0,100.0,1.0,0.11,-11.0,-273.15545331437886,273.15545331437886,0.0,-273.15545331437886,273.15545331437886,0.0,-49585.48528805452,49585.48528805452,0.0,0.0,4711.71462890625,4711.71462890625,0.0,0.0,8679.221421889617,8679.221421889617,0.0,-366419.6014388741,-366419.6014388741,50131.79619468328,50131.79619468328,50031.79619468328,0.0,100.0,0.0,0.0,50131.79619468328,36740.86014388742,1,0.0,100.0
4530,39376.257177668296,0.0,-393762.571776683,0.0,10.0,0.0,-0.0,0.1,0.428183662,42.8183662,0.0,0.0,100.0,1.0,0.11,-11.0,-263.6896174081242,263.6896174081242,0.0,-263.6896174081242,263.6896174081242,0.0,-44343.606486796445,44343.606486796445,0.0,0.0,2243.6736328125,2243.6736328125,0.0,0.0,3151.0549111319,3151.0549111319,0.0,-393773.571776683,-393773.571776683,44870.9857216127,44870.98572161269,44770.9857216127,0.0,100.0,0.0,0.0,44870.98572161269,39476.25717766829,1,0.0,100.0
4531,47743.53257802447,0.0,-477435.32578024466,0.0,10.0,0.0,-0.0,0.1,0.415752716,41.5752716,0.0,0.0,100.0,1.0,0.11,-11.0,-255.6379349786344,255.6379349786344,0.0,-255.6379349786344,255.6379349786344,0.0,-47774.51002892782,47774.51002892782,0.0,0.0,0.0,0.0,0.0,0.0,442.2533208606175,442.2533208606175,0.0,-477446.32578024466,-477446.32578024466,48285.785898885086,48285.785898885086,48185.785898885086,0.0,100.0,0.0,0.0,48285.785898885086,47843.53257802447,1,0.0,100.0
4532,44239.53444069376,0.0,-442395.3444069376,0.0,10.0,0.0,-0.0,0.1,0.413810062,41.381006199999995,0.0,0.0,100.0,1.0,0.11,-11.0,-250.9570029242182,250.9570029242182,0.0,-250.9570029242182,250.9570029242182,0.0,-43837.620434845325,43837.620434845325,0.0,0.0,0.0,0.0,0.0,0.0,0.0,0.0,0.0,-442406.3444069376,-442406.3444069376,44339.53444069376,44339.53444069376,44239.53444069376,0.0,100.0,0.0,0.0,44339.53444069376,44339.53444069376,1,0.0,100.0
4533,33728.15183222053,0.0,-337281.5183222053,0.0,10.0,0.0,-0.0,0.1,0.416648994,41.664899399999996,0.0,0.0,100.0,1.0,0.11,-11.0,-204.003474943083,204.003474943083,0.0,-204.003474943083,204.003474943083,0.0,-33420.14488233437,33420.14488233437,0.0,0.0,0.0,0.0,0.0,0.0,0.0,0.0,0.0,-337292.5183222053,-337292.5183222053,33828.15183222053,33828.15183222053,33728.15183222053,0.0,100.0,0.0,0.0,33828.15183222053,33828.15183222053,1,0.0,100.0
4534,31205.6239982912,0.0,-312056.239982912,0.0,10.0,0.0,-0.0,0.1,0.4172916779999999,41.72916779999999,0.0,0.0,100.0,1.0,0.11,-11.0,-206.8522152033946,206.8522152033946,0.0,-206.8522152033946,206.8522152033946,0.0,-30891.91956788441,30891.91956788441,0.0,0.0,0.0,0.0,0.0,0.0,0.0,0.0,0.0,-312067.239982912,-312067.239982912,31305.6239982912,31305.6239982912,31205.6239982912,0.0,100.0,0.0,0.0,31305.6239982912,31305.6239982912,1,0.0,100.0
4535,25464.73102876751,0.0,-254647.3102876751,0.0,10.0,0.0,-0.0,0.1,0.429063967,42.9063967,0.0,0.0,100.0,1.0,0.11,-11.0,-203.96183258295463,203.96183258295463,0.0,-203.96183258295463,203.96183258295463,0.0,-25156.8073636016,25156.8073636016,0.0,0.0,0.0,0.0,0.0,0.0,0.0,0.0,0.0,-254658.3102876751,-254658.3102876751,25564.73102876751,25564.73102876751,25464.73102876751,0.0,100.0,0.0,0.0,25564.73102876751,25564.73102876751,1,0.0,100.0
4536,27698.555172316872,0.0,-276985.5517231687,0.0,10.0,0.0,-0.0,0.1,0.443899448,44.389944799999995,0.0,0.0,100.0,1.0,0.08,-8.0,-203.9715453985752,203.9715453985752,0.0,-203.9715453985752,203.9715453985752,0.0,-27390.61208151972,27390.61208151972,0.0,0.0,0.0,0.0,0.0,0.0,0.0,0.0,0.0,-276993.5517231687,-276993.5517231687,27798.555172316872,27798.555172316872,27698.555172316872,0.0,100.0,0.0,0.0,27798.555172316872,27798.555172316872,1,0.0,100.0
4537,21529.18420242252,0.0,-215291.8420242252,0.0,10.0,0.0,-0.0,0.1,0.4572383479999999,45.72383479999999,0.0,0.0,100.0,1.0,0.08,-8.0,-203.9593659264555,203.9593659264555,0.0,-203.9593659264555,203.9593659264555,0.0,-21221.265470569608,21221.265470569608,0.0,0.0,0.0,0.0,0.0,0.0,0.0,0.0,0.0,-215299.8420242252,-215299.8420242252,21629.18420242252,21629.18420242252,21529.18420242252,0.0,100.0,0.0,0.0,21629.18420242252,21629.18420242252,1,0.0,100.0
4538,14692.948172747341,0.0,-146929.4817274734,0.0,10.0,0.0,-0.0,0.1,0.4604663029999999,46.04663029999999,0.0,0.0,100.0,1.0,0.08,-8.0,-203.93053610454868,203.93053610454868,0.0,-203.93053610454868,203.93053610454868,0.0,-14385.087100538243,14385.087100538243,0.0,0.0,0.0,0.0,0.0,0.0,0.0,0.0,0.0,-146937.4817274734,-146937.4817274734,14792.948172747341,14792.948172747341,14692.948172747341,0.0,100.0,0.0,0.0,14792.948172747341,14792.948172747341,1,0.0,100.0
4539,15434.357322632075,0.0,-154343.57322632076,0.0,10.0,0.0,-0.0,0.1,0.445951286,44.5951286,0.0,0.0,100.0,1.0,0.08,-8.0,-205.15992880016964,205.15992880016964,0.0,-205.15992880016964,205.15992880016964,0.0,-15124.037465031735,15124.037465031735,0.0,0.0,0.0,0.0,0.0,0.0,0.0,0.0,0.0,-154351.57322632076,-154351.57322632076,15534.357322632075,15534.357322632075,15434.357322632075,0.0,100.0,0.0,0.0,15534.357322632075,15534.357322632075,1,0.0,100.0
4540,26877.548616483047,0.0,-268775.48616483045,0.0,10.0,0.0,-0.0,0.1,0.426301587,42.630158699999996,0.0,0.0,100.0,1.0,0.08,-8.0,-205.0749555549601,205.0749555549601,0.0,-205.0749555549601,205.0749555549601,0.0,-26567.398705373125,26567.398705373125,0.0,0.0,0.0,0.0,0.0,0.0,0.0,0.0,0.0,-268783.48616483045,-268783.48616483045,26977.548616483047,26977.548616483047,26877.548616483047,0.0,100.0,0.0,0.0,26977.548616483047,26977.548616483047,1,0.0,100.0
4541,43436.343028004674,0.0,-434363.43028004677,0.0,10.0,0.0,-0.0,0.1,0.397087337,39.708733699999996,0.0,0.0,100.0,1.0,0.11,-11.0,-186.8312760483712,186.8312760483712,0.0,-186.8312760483712,186.8312760483712,0.0,-47055.0187145144,47055.0187145144,0.0,0.0,2841.9866015625,2841.9866015625,0.0,0.0,1050.3516370439663,1050.3516370439663,0.0,-434374.43028004677,-434374.43028004677,47428.68126661114,47428.681266611144,47328.68126661114,0.0,100.0,0.0,0.0,47428.681266611144,43536.343028004674,1,0.0,100.0
4542,42627.88838838167,0.0,-426278.88388381666,0.0,10.0,0.0,-0.0,0.1,0.3686596379999999,36.86596379999999,0.0,0.0,100.0,1.0,0.11,-11.0,-168.50076928738753,168.50076928738753,0.0,-168.50076928738753,168.50076928738753,0.0,-53885.78981716833,53885.78981716833,0.0,0.0,8675.538046874999,8675.538046874999,0.0,0.0,2819.3649204864364,2819.3649204864364,0.0,-426289.88388381666,-426289.88388381666,54222.7913557431,54222.7913557431,54122.7913557431,0.0,100.0,0.0,0.0,54222.7913557431,42727.88838838167,1,0.0,100.0
4543,27096.551917568904,0.0,-270965.519175689,0.0,10.0,0.0,-0.0,0.1,0.339641747,33.9641747,0.0,0.0,100.0,1.0,0.11,-11.0,-168.5925644579309,168.5925644579309,0.0,-168.5925644579309,168.5925644579309,0.0,-49849.23596225644,49849.23596225644,0.0,0.0,16079.66103515625,16079.66103515625,0.0,0.0,6910.208138447148,6910.208138447148,0.0,-270976.519175689,-270976.519175689,50186.421091172306,50186.4210911723,50086.421091172306,0.0,100.0,0.0,0.0,50186.4210911723,27196.5519175689,1,0.0,100.0
4544,16924.090979420664,0.0,-169240.90979420664,0.0,10.0,0.0,-0.0,0.1,0.323447041,32.3447041,0.0,0.0,100.0,1.0,0.11,-11.0,-210.4472942462268,210.4472942462268,0.0,-210.4472942462268,210.4472942462268,0.0,-52400.14533164566,52400.14533164566,0.0,0.0,23745.545947265626,23745.545947265626,0.0,0.0,12051.402993451826,12051.402993451826,0.0,-169251.90979420664,-169251.90979420664,52821.03992013812,52821.039920138115,52721.03992013812,0.0,100.0,0.0,0.0,52821.039920138115,17024.09097942066,1,0.0,100.0
4545,2328.2827761999743,0.0,-23282.827761999743,0.0,10.0,0.0,-0.0,0.1,0.322229899,32.2229899,0.0,0.0,100.0,1.0,0.11,-11.0,-294.8424962963336,294.8424962963336,0.0,-294.8424962963336,294.8424962963336,0.0,-45638.109159117055,45638.109159117055,0.0,0.0,29205.15178710937,29205.15178710937,0.0,0.0,14594.359588400375,14594.359588400375,0.0,-23293.827761999743,-23293.827761999743,46227.79415170972,46227.79415170972,46127.79415170972,0.0,100.0,0.0,0.0,46227.79415170972,2428.2827761999724,1,0.0,100.0
4546,0.0,0.0,-0.0,55.55555555555556,10.0,0.0,-0.0,0.1,0.334533263,0.0,0.0,100.0,0.0,1.0,0.11,0.0,-324.18457215422166,324.18457215422166,0.0,-324.18457215422166,324.18457215422166,0.0,-50250.226610804704,50250.226610804704,0.0,0.0,33804.682734375,33804.682734375,0.0,4282.739983107604,21532.20855940131,17249.468576293708,0.0,0.0,0.0,51054.151310668705,51054.151310668705,51054.151310668705,0.0,0.0,155.55555555555475,0.0,50898.59575511315,-4438.295538663158,1,-55.55555555555556,-100.0
4547,0.0,0.0,-0.0,44.44444444444444,60.0,0.0,-0.0,0.6,0.361673563,0.0,0.0,100.0,0.0,1.0,0.11,0.0,-327.13784146075545,327.13784146075545,0.0,-327.13784146075545,327.13784146075545,0.0,-45839.1953711208,45839.1953711208,0.0,0.0,35562.227080078126,35562.227080078126,0.0,9489.09100161009,20564.77942001872,11075.68841840863,0.0,0.0,0.0,46637.91549848676,46637.91549848676,46637.91549848676,0.0,0.0,144.44444444444525,0.0,46493.47105404231,-9633.535446054535,1,-44.44444444444444,-100.0
4548,0.0,0.0,-0.0,0.0,100.0,-0.0,-0.0,1.0,0.374515069,0.0,0.0,100.0,0.0,1.0,0.11,0.0,-330.24283717177616,330.24283717177616,0.0,-330.24283717177616,330.24283717177616,0.0,-50219.88029900074,50219.88029900074,0.0,0.0,34552.5739453125,34552.5739453125,0.0,7702.654791425648,24130.44681945744,16427.792028031792,0.0,0.0,0.0,50980.36597334429,50980.36597334429,50980.36597334429,0.0,0.0,100.0,0.0,50880.36597334429,-7802.654791425652,1,-0.0,-100.0
4549,0.0,0.0,-0.0,0.0,100.0,-0.0,-0.0,1.0,0.381410464,0.0,0.0,100.0,0.0,1.0,0.11,0.0,-348.07765099929145,348.07765099929145,0.0,-348.07765099929145,348.07765099929145,0.0,-46012.667783583376,46012.667783583376,0.0,0.0,33842.07729492187,33842.07729492187,0.0,13844.861786514848,26811.60757717493,12966.745790660083,0.0,0.0,0.0,46808.82308558196,46808.82308558196,46808.82308558196,0.0,0.0,100.0,0.0,46708.82308558196,-13944.861786514848,1,-0.0,-100.0
4550,0.0,0.0,-0.0,0.0,100.0,-0.0,-0.0,1.0,0.384395341,0.0,0.0,100.0,0.0,1.0,0.08,0.0,-349.9067878833394,349.9067878833394,0.0,-349.9067878833394,349.9067878833394,0.0,-50538.62086289596,50538.62086289596,0.0,0.0,28831.206181640624,28831.206181640624,0.0,1540.2960647740583,24047.524321796074,22507.228257022016,0.0,0.0,0.0,51338.43443866264,51338.43443866264,51338.43443866264,0.0,0.0,100.0,0.0,51238.43443866264,-1640.296064774062,1,-0.0,-100.0
4551,7843.304913590535,0.0,-78433.04913590534,0.0,100.0,45.0,-0.0,1.0,0.401214605,40.1214605,0.0,0.0,100.0,1.0,0.08,-8.0,-352.597617398844,352.597617398844,0.0,-352.597617398844,352.597617398844,0.0,-49255.433216744495,49255.433216744495,0.0,0.0,21988.0016015625,21988.0016015625,0.0,0.0,19984.32193638915,19984.32193638915,0.0,-78441.04913590534,-78441.04913590534,49960.62845154219,49960.62845154219,49815.62845154219,0.0,145.0,0.0,0.0,49960.62845154219,7988.304913590531,1,45.0,100.0
4552,27967.839994229318,0.0,-279678.3999422932,0.0,50.0,36.0,-0.0,0.5,0.412374527,41.2374527,0.0,0.0,100.0,1.0,0.08,-8.0,-350.4501558408107,350.4501558408107,0.0,-350.4501558408107,350.4501558408107,0.0,-55657.719569416266,55657.719569416266,0.0,0.0,13162.8853125,13162.8853125,0.0,0.0,15091.89457436857,15091.89457436857,0.0,-279686.3999422932,-279686.3999422932,56358.61988109789,56358.61988109789,56222.61988109789,0.0,136.0,0.0,0.0,56358.61988109789,28103.839994229318,1,36.0,100.0
4553,36449.3274095176,0.0,-364493.274095176,0.0,10.0,0.0,-0.0,0.1,0.423397617,42.3397617,0.0,0.0,100.0,1.0,0.11,-11.0,-345.06169438273616,345.06169438273616,0.0,-345.06169438273616,345.06169438273616,0.0,-51471.06554552338,51471.06554552338,0.0,0.0,6656.23177734375,6656.23177734375,0.0,0.0,8955.629747427503,8955.629747427503,0.0,-364504.274095176,-364504.274095176,52161.18893428885,52161.18893428885,52061.18893428885,0.0,100.0,0.0,0.0,52161.18893428885,36549.3274095176,1,0.0,100.0
4554,48982.6557716535,0.0,-489826.55771653506,0.0,10.0,0.0,-0.0,0.1,0.4323926879999999,43.23926879999999,0.0,0.0,100.0,1.0,0.11,-11.0,-331.8625821915164,331.8625821915164,0.0,-331.8625821915164,331.8625821915164,0.0,-54212.00488638647,54212.00488638647,0.0,0.0,2393.251875,2393.251875,0.0,0.0,3399.822404115997,3399.822404115997,0.0,-489837.55771653506,-489837.55771653506,54875.7300507695,54875.7300507695,54775.7300507695,0.0,100.0,0.0,0.0,54875.7300507695,49082.6557716535,1,0.0,100.0
4555,51886.21129784446,0.0,-518862.11297844455,0.0,10.0,0.0,-0.0,0.1,0.430616008,43.0616008,0.0,0.0,100.0,1.0,0.11,-11.0,-340.1757610473075,340.1757610473075,0.0,-340.1757610473075,340.1757610473075,0.0,-51748.11309661046,51748.11309661046,0.0,0.0,0.0,0.0,0.0,0.0,442.2533208606175,442.2533208606175,0.0,-518873.11297844455,-518873.11297844455,52428.464618705075,52428.464618705075,52328.464618705075,0.0,100.0,0.0,0.0,52428.464618705075,51986.21129784446,1,0.0,100.0
4556,47763.284190877515,0.0,-477632.84190877515,0.0,10.0,0.0,-0.0,0.1,0.417266137,41.7266137,0.0,0.0,100.0,1.0,0.11,-11.0,-298.23942364090243,298.23942364090243,0.0,-298.23942364090243,298.23942364090243,0.0,-47266.80534359571,47266.80534359571,0.0,0.0,0.0,0.0,0.0,0.0,0.0,0.0,0.0,-477643.84190877515,-477643.84190877515,47863.284190877515,47863.284190877515,47763.284190877515,0.0,100.0,0.0,0.0,47863.284190877515,47863.284190877515,1,0.0,100.0
4557,41360.2831139843,0.0,-413602.831139843,0.0,10.0,0.0,-0.0,0.1,0.413786339,41.3786339,0.0,0.0,100.0,1.0,0.11,-11.0,-278.7569273313405,278.7569273313405,0.0,-278.7569273313405,278.7569273313405,0.0,-40902.76925932161,40902.76925932161,0.0,0.0,0.0,0.0,0.0,0.0,0.0,0.0,0.0,-413613.831139843,-413613.831139843,41460.2831139843,41460.2831139843,41360.2831139843,0.0,100.0,0.0,0.0,41460.2831139843,41460.2831139843,1,0.0,100.0
4558,20997.57275908508,0.0,-209975.7275908508,0.0,10.0,0.0,-0.0,0.1,0.409959796,40.9959796,0.0,0.0,100.0,1.0,0.11,-11.0,-233.2456124672686,233.2456124672686,0.0,-233.2456124672686,233.2456124672686,0.0,-20631.081534150544,20631.081534150544,0.0,0.0,0.0,0.0,0.0,0.0,0.0,0.0,0.0,-209986.7275908508,-209986.7275908508,21097.57275908508,21097.57275908508,20997.57275908508,0.0,100.0,0.0,0.0,21097.57275908508,21097.57275908508,1,0.0,100.0
4559,22319.065100401036,0.0,-223190.65100401035,0.0,10.0,0.0,-0.0,0.1,0.410064639,41.0064639,0.0,0.0,100.0,1.0,0.11,-11.0,-203.9815841198049,203.9815841198049,0.0,-203.9815841198049,203.9815841198049,0.0,-22011.101932161426,22011.101932161426,0.0,0.0,0.0,0.0,0.0,0.0,0.0,0.0,0.0,-223201.65100401035,-223201.65100401035,22419.065100401036,22419.065100401036,22319.065100401036,0.0,100.0,0.0,0.0,22419.065100401036,22419.065100401036,1,0.0,100.0
4560,22963.075584364644,0.0,-229630.75584364645,0.0,10.0,0.0,-0.0,0.1,0.4143887539999999,41.43887539999999,0.0,0.0,100.0,1.0,0.08,-8.0,-203.9650691281698,203.9650691281698,0.0,-203.9650691281698,203.9650691281698,0.0,-22655.145446108305,22655.145446108305,0.0,0.0,0.0,0.0,0.0,0.0,0.0,0.0,0.0,-229638.75584364645,-229638.75584364645,23063.075584364644,23063.075584364644,22963.075584364644,0.0,100.0,0.0,0.0,23063.075584364644,23063.075584364644,1,0.0,100.0
4561,20333.179299108775,0.0,-203331.79299108774,0.0,10.0,0.0,-0.0,0.1,0.429478344,42.9478344,0.0,0.0,100.0,1.0,0.08,-8.0,-203.9036097069668,203.9036097069668,0.0,-203.9036097069668,203.9036097069668,0.0,-20025.37207969484,20025.37207969484,0.0,0.0,0.0,0.0,0.0,0.0,0.0,0.0,0.0,-203339.79299108774,-203339.79299108774,20433.179299108775,20433.179299108775,20333.179299108775,0.0,100.0,0.0,0.0,20433.179299108775,20433.179299108775,1,0.0,100.0
4562,25748.13940085722,0.0,-257481.3940085722,0.0,10.0,0.0,-0.0,0.1,0.43487583,43.487583,0.0,0.0,100.0,1.0,0.08,-8.0,-203.85910018083985,203.85910018083985,0.0,-203.85910018083985,203.85910018083985,0.0,-25440.42120049554,25440.42120049554,0.0,0.0,0.0,0.0,0.0,0.0,0.0,0.0,0.0,-257489.3940085722,-257489.3940085722,25848.13940085722,25848.13940085722,25748.13940085722,0.0,100.0,0.0,0.0,25848.13940085722,25848.13940085722,1,0.0,100.0
4563,18447.50169910619,0.0,-184475.0169910619,0.0,10.0,0.0,-0.0,0.1,0.4239583879999999,42.39583879999999,0.0,0.0,100.0,1.0,0.08,-8.0,-205.04100049181903,205.04100049181903,0.0,-205.04100049181903,205.04100049181903,0.0,-18137.41969812255,18137.41969812255,0.0,0.0,0.0,0.0,0.0,0.0,0.0,0.0,0.0,-184483.0169910619,-184483.0169910619,18547.50169910619,18547.50169910619,18447.50169910619,0.0,100.0,0.0,0.0,18547.50169910619,18547.50169910619,1,0.0,100.0
4564,19365.7710603966,0.0,-193657.710603966,0.0,10.0,0.0,-0.0,0.1,0.396315407,39.6315407,0.0,0.0,100.0,1.0,0.08,-8.0,-204.9408513592388,204.9408513592388,0.0,-204.9408513592388,204.9408513592388,0.0,-19055.889357678123,19055.889357678123,0.0,0.0,0.0,0.0,0.0,0.0,0.0,0.0,0.0,-193665.710603966,-193665.710603966,19465.7710603966,19465.7710603966,19365.7710603966,0.0,100.0,0.0,0.0,19465.7710603966,19465.7710603966,1,0.0,100.0
4565,54899.7177276363,0.0,-548997.177276363,0.0,10.0,0.0,-0.0,0.1,0.364699022,36.4699022,0.0,0.0,100.0,1.0,0.11,-11.0,-439.6333832649232,439.6333832649232,0.0,-439.6333832649232,439.6333832649232,0.0,-57420.989256105066,57420.989256105066,0.0,0.0,2056.700830078125,2056.700830078125,0.0,0.0,1243.8374649204866,1243.8374649204866,0.0,-549008.177276363,-549008.177276363,58300.25602263491,58300.25602263491,58200.25602263491,0.0,100.0,0.0,0.0,58300.25602263491,54999.7177276363,1,0.0,100.0
4566,55509.515054188756,0.0,-555095.1505418876,0.0,10.0,0.0,-0.0,0.1,0.341205937,34.1205937,0.0,0.0,100.0,1.0,0.11,-11.0,-492.48590553549417,492.48590553549417,0.0,-492.48590553549417,492.48590553549417,0.0,-65079.06963751016,65079.06963751016,0.0,0.0,4262.97990234375,4262.97990234375,0.0,0.0,6191.546492048645,6191.546492048645,0.0,-555106.1505418876,-555106.1505418876,66064.04144858115,66064.04144858115,65964.04144858115,0.0,100.0,0.0,0.0,66064.04144858115,55609.515054188756,1,0.0,100.0
4567,75321.47685371066,0.0,-753214.7685371066,0.0,10.0,0.0,-0.0,0.1,0.313919411,31.391941099999997,0.0,0.0,100.0,1.0,0.11,-11.0,-803.9552824401103,803.9552824401103,0.0,-803.9552824401103,803.9552824401103,0.0,-97585.73348658936,97585.73348658936,0.0,0.0,11554.919208984376,11554.919208984376,0.0,0.0,12217.247988774558,12217.247988774558,0.0,-753225.7685371066,-753225.7685371066,99193.6440514696,99193.64405146959,99093.6440514696,0.0,100.0,0.0,0.0,99193.64405146959,75421.47685371066,1,0.0,100.0
4568,55831.746144339224,0.0,-558317.4614433922,0.0,10.0,0.0,-0.0,0.1,0.300791162,30.0791162,0.0,0.0,100.0,1.0,0.11,-11.0,-863.6084748396772,863.6084748396772,0.0,-863.6084748396772,863.6084748396772,0.0,-94845.200096313,94845.200096313,0.0,0.0,22287.1580859375,22287.1580859375,0.0,0.0,18353.512815715625,18353.512815715625,0.0,-558328.4614433922,-558328.4614433922,96572.41704599235,96572.41704599235,96472.41704599235,0.0,100.0,0.0,0.0,96572.41704599235,55931.746144339224,1,0.0,100.0
4569,43752.37511622744,0.0,-437523.7511622744,0.0,10.0,0.0,-0.0,0.1,0.303376744,30.337674399999997,0.0,0.0,100.0,1.0,0.11,-11.0,-930.2686784229854,930.2686784229854,0.0,-930.2686784229854,930.2686784229854,0.0,-91675.70062431804,91675.70062431804,0.0,0.0,27073.6618359375,27073.6618359375,0.0,0.0,22610.20102899907,22610.20102899907,0.0,-437534.7511622744,-437534.7511622744,93536.23798116401,93536.23798116401,93436.23798116401,0.0,100.0,0.0,0.0,93536.23798116401,43852.37511622744,1,0.0,100.0
4570,35584.95557667132,0.0,-355849.55576671317,0.0,10.0,0.0,-0.0,0.1,0.3269177669999999,32.69177669999999,0.0,0.0,100.0,1.0,0.11,-11.0,-982.0313776085466,982.0313776085466,0.0,-982.0313776085466,982.0313776085466,0.0,-91672.38398674269,91672.38398674269,0.0,0.0,31747.98190429688,31747.98190429688,0.0,0.0,26203.509260991585,26203.509260991585,0.0,-355860.55576671317,-355860.55576671317,93636.44674195978,93636.44674195978,93536.44674195978,0.0,100.0,0.0,0.0,93636.44674195978,35684.95557667132,1,0.0,100.0
4571,26031.420931441626,0.0,-260314.20931441625,0.0,10.0,0.0,-0.0,0.1,0.361308559,36.1308559,0.0,0.0,100.0,1.0,0.11,-11.0,-994.5971246547958,994.5971246547958,0.0,-994.5971246547958,994.5971246547958,0.0,-88915.88947840777,88915.88947840777,0.0,0.0,36497.09109375,36497.09109375,0.0,0.0,28276.57170252573,28276.57170252573,0.0,-260325.20931441625,-260325.20931441625,90905.08372771736,90905.08372771736,90805.08372771736,0.0,100.0,0.0,0.0,90905.08372771736,26131.420931441622,1,0.0,100.0
4572,30899.883914410846,0.0,-308998.83914410847,0.0,10.0,0.0,-0.0,0.1,0.37958179,37.958178999999994,0.0,0.0,100.0,1.0,0.11,-11.0,-1019.7180951216994,1019.7180951216994,0.0,-1019.7180951216994,1019.7180951216994,0.0,-91690.43574064934,91690.43574064934,0.0,0.0,34066.44465820312,34066.44465820312,0.0,0.0,28663.54335827877,28663.54335827877,0.0,-309009.83914410847,-309009.83914410847,93729.87193089274,93729.87193089274,93629.87193089274,0.0,100.0,0.0,0.0,93729.87193089274,30999.88391441085,1,0.0,100.0
4573,32825.31672083735,0.0,-328253.1672083735,0.0,10.0,0.0,-0.0,0.1,0.392765947,39.276594700000004,0.0,0.0,100.0,1.0,0.11,-11.0,-1086.4576415950387,1086.4576415950387,0.0,-1086.4576415950387,1086.4576415950387,0.0,-91593.09073191872,91593.09073191872,0.0,0.0,33393.342568359374,33393.342568359374,0.0,0.0,27447.34672591207,27447.34672591207,0.0,-328264.1672083735,-328264.1672083735,93766.0060151088,93766.0060151088,93666.0060151088,0.0,100.0,0.0,0.0,93766.0060151088,32925.31672083735,1,0.0,100.0
4574,44307.14946151816,0.0,-443071.4946151816,0.0,10.0,0.0,-0.0,0.1,0.414995447,41.4995447,0.0,0.0,100.0,1.0,0.08,-8.0,-1118.0423169629928,1118.0423169629928,0.0,-1118.0423169629928,1118.0423169629928,0.0,-91546.11233848144,91546.11233848144,0.0,0.0,24829.988203125,24829.988203125,0.0,0.0,24545.05930776427,24545.05930776427,0.0,-443079.4946151816,-443079.4946151816,93782.19697240743,93782.19697240743,93682.19697240743,0.0,100.0,0.0,0.0,93782.19697240743,44407.14946151816,1,0.0,100.0
4575,55945.664853861796,0.0,-559456.648538618,0.0,10.0,0.0,-0.0,0.1,0.42881275,42.881275,0.0,0.0,100.0,1.0,0.08,-8.0,-1153.9931178517595,1153.9931178517595,0.0,-1153.9931178517595,1153.9931178517595,0.0,-94461.36687579357,94461.36687579357,0.0,0.0,20380.03549804688,20380.03549804688,0.0,0.0,20343.652759588404,20343.652759588404,0.0,-559464.648538618,-559464.648538618,96769.35311149707,96769.35311149708,96669.35311149707,0.0,100.0,0.0,0.0,96769.35311149708,56045.6648538618,1,0.0,100.0
4576,60324.36011935262,0.0,-603243.6011935262,0.0,10.0,0.0,-0.0,0.1,0.441180069,44.1180069,0.0,0.0,100.0,1.0,0.08,-8.0,-1044.271583963395,1044.271583963395,0.0,-1044.271583963395,1044.271583963395,0.0,-87671.79839130283,87671.79839130283,0.0,0.0,14022.960205078123,14022.960205078123,0.0,0.0,15313.02123479888,15313.02123479888,0.0,-603251.6011935262,-603251.6011935262,89760.34155922962,89760.34155922962,89660.34155922962,0.0,100.0,0.0,0.0,89760.34155922962,60424.36011935262,1,0.0,100.0
4577,60212.26123140071,0.0,-602122.6123140071,0.0,10.0,0.0,-0.0,0.1,0.448736482,44.8736482,0.0,0.0,100.0,1.0,0.11,-11.0,-687.5210256560173,687.5210256560173,0.0,-687.5210256560173,687.5210256560173,0.0,-76426.9421087713,76426.9421087713,0.0,0.0,8451.17068359375,8451.17068359375,0.0,0.0,9038.55224508887,9038.55224508887,0.0,-602133.6123140071,-602133.6123140071,77801.98416008333,77801.98416008333,77701.98416008333,0.0,100.0,0.0,0.0,77801.98416008333,60312.26123140071,1,0.0,100.0
4578,70821.52904205197,0.0,-708215.2904205198,0.0,10.0,0.0,-0.0,0.1,0.434521411,43.452141100000006,0.0,0.0,100.0,1.0,0.11,-11.0,-682.014451427688,682.014451427688,0.0,-682.014451427688,682.014451427688,0.0,-75724.52002378134,75724.52002378134,0.0,0.0,2767.1974804687497,2767.1974804687497,0.0,0.0,3399.822404115997,3399.822404115997,0.0,-708226.2904205198,-708226.2904205198,77088.54892663672,77088.54892663672,76988.54892663672,0.0,100.0,0.0,0.0,77088.54892663672,70921.52904205197,1,0.0,100.0
4579,70537.98989673756,0.0,-705379.8989673756,0.0,10.0,0.0,-0.0,0.1,0.424131286,42.4131286,0.0,0.0,100.0,1.0,0.11,-11.0,-559.0448884182866,559.0448884182866,0.0,-559.0448884182866,559.0448884182866,0.0,-69962.15344076161,69962.15344076161,0.0,0.0,0.0,0.0,0.0,0.0,442.2533208606175,442.2533208606175,0.0,-705390.8989673756,-705390.8989673756,71080.24321759818,71080.24321759818,70980.24321759818,0.0,100.0,0.0,0.0,71080.24321759818,70637.98989673756,1,0.0,100.0
4580,69815.41548347674,0.0,-698154.1548347673,0.0,10.0,0.0,-0.0,0.1,0.414273923,41.4273923,0.0,0.0,100.0,1.0,0.11,-11.0,-280.4825022581822,280.4825022581822,0.0,-280.4825022581822,280.4825022581822,0.0,-69354.45047896038,69354.45047896038,0.0,0.0,0.0,0.0,0.0,0.0,0.0,0.0,0.0,-698165.1548347673,-698165.1548347673,69915.41548347674,69915.41548347674,69815.41548347674,0.0,100.0,0.0,0.0,69915.41548347674,69915.41548347674,1,0.0,100.0
4581,21520.594315044207,0.0,-215205.94315044206,0.0,10.0,0.0,-0.0,0.1,0.414073033,41.407303299999995,0.0,0.0,100.0,1.0,0.11,-11.0,-249.2981329967673,249.2981329967673,0.0,-249.2981329967673,249.2981329967673,0.0,-21121.99804905067,21121.99804905067,0.0,0.0,0.0,0.0,0.0,0.0,0.0,0.0,0.0,-215216.94315044206,-215216.94315044206,21620.594315044207,21620.594315044207,21520.594315044207,0.0,100.0,0.0,0.0,21620.594315044207,21620.594315044207,1,0.0,100.0
4582,18464.96058901468,0.0,-184649.6058901468,0.0,10.0,0.0,-0.0,0.1,0.412465938,41.2465938,0.0,0.0,100.0,1.0,0.11,-11.0,-213.77044846904897,213.77044846904897,0.0,-213.77044846904897,213.77044846904897,0.0,-18137.419692076583,18137.419692076583,0.0,0.0,0.0,0.0,0.0,0.0,0.0,0.0,0.0,-184660.6058901468,-184660.6058901468,18564.96058901468,18564.96058901468,18464.96058901468,0.0,100.0,0.0,0.0,18564.96058901468,18564.96058901468,1,0.0,100.0
4583,20242.83425770171,0.0,-202428.3425770171,0.0,10.0,0.0,-0.0,0.1,0.4149620539999999,41.496205399999994,0.0,0.0,100.0,1.0,0.11,-11.0,-204.07095815770367,204.07095815770367,0.0,-204.07095815770367,204.07095815770367,0.0,-19934.692341386304,19934.692341386304,0.0,0.0,0.0,0.0,0.0,0.0,0.0,0.0,0.0,-202439.3425770171,-202439.3425770171,20342.83425770171,20342.83425770171,20242.83425770171,0.0,100.0,0.0,0.0,20342.83425770171,20342.83425770171,1,0.0,100.0
4584,22598.892060687824,0.0,-225988.92060687824,0.0,10.0,0.0,-0.0,0.1,0.428424862,42.8424862,0.0,0.0,100.0,1.0,0.08,-8.0,-204.0481826737125,204.0481826737125,0.0,-204.0481826737125,204.0481826737125,0.0,-22290.7956953404,22290.7956953404,0.0,0.0,0.0,0.0,0.0,0.0,0.0,0.0,0.0,-225996.92060687824,-225996.92060687824,22698.892060687824,22698.892060687824,22598.892060687824,0.0,100.0,0.0,0.0,22698.892060687824,22698.892060687824,1,0.0,100.0
4585,17706.455106893278,0.0,-177064.55106893278,0.0,10.0,0.0,-0.0,0.1,0.452649142,45.2649142,0.0,0.0,100.0,1.0,0.08,-8.0,-203.9929591837418,203.9929591837418,0.0,-203.9929591837418,203.9929591837418,0.0,-17398.469188525793,17398.469188525793,0.0,0.0,0.0,0.0,0.0,0.0,0.0,0.0,0.0,-177072.55106893278,-177072.55106893278,17806.455106893278,17806.455106893278,17706.455106893278,0.0,100.0,0.0,0.0,17806.455106893278,17806.455106893278,1,0.0,100.0
4586,17706.43922777114,0.0,-177064.39227771142,0.0,10.0,0.0,-0.0,0.1,0.453335632,45.3335632,0.0,0.0,100.0,1.0,0.08,-8.0,-203.98501962267468,203.98501962267468,0.0,-203.98501962267468,203.98501962267468,0.0,-17398.469188525793,17398.469188525793,0.0,0.0,0.0,0.0,0.0,0.0,0.0,0.0,0.0,-177072.39227771142,-177072.39227771142,17806.43922777114,17806.43922777114,17706.43922777114,0.0,100.0,0.0,0.0,17806.43922777114,17806.43922777114,1,0.0,100.0
4587,20807.799878437632,0.0,-208077.9987843763,0.0,10.0,0.0,-0.0,0.1,0.449557336,44.955733599999995,0.0,0.0,100.0,1.0,0.08,-8.0,-210.04504634645184,210.04504634645184,0.0,-210.04504634645184,210.04504634645184,0.0,-20487.70978574473,20487.70978574473,0.0,0.0,0.0,0.0,0.0,0.0,0.0,0.0,0.0,-208085.9987843763,-208085.9987843763,20907.799878437632,20907.799878437632,20807.799878437632,0.0,100.0,0.0,0.0,20907.799878437632,20907.799878437632,1,0.0,100.0
4588,23837.331381609143,0.0,-238373.31381609142,0.0,10.0,0.0,-0.0,0.1,0.427250487,42.7250487,0.0,0.0,100.0,1.0,0.08,-8.0,-209.1270844734659,209.1270844734659,0.0,-209.1270844734659,209.1270844734659,0.0,-23519.07721266221,23519.07721266221,0.0,0.0,0.0,0.0,0.0,0.0,0.0,0.0,0.0,-238381.31381609142,-238381.31381609142,23937.331381609143,23937.331381609143,23837.331381609143,0.0,100.0,0.0,0.0,23937.331381609143,23937.331381609143,1,0.0,100.0
4589,54694.99129157575,0.0,-546949.9129157575,0.0,10.0,0.0,-0.0,0.1,0.401173742,40.1173742,0.0,0.0,100.0,1.0,0.11,-11.0,-477.81732922111496,477.81732922111496,0.0,-477.81732922111496,477.81732922111496,0.0,-57492.68110674898,57492.68110674898,0.0,0.0,2879.381162109375,2879.381162109375,0.0,0.0,773.9433115060806,773.9433115060806,0.0,-546960.9129157575,-546960.9129157575,58448.315765191204,58448.31576519121,58348.315765191204,0.0,100.0,0.0,0.0,58448.31576519121,54794.99129157576,1,0.0,100.0
4590,53967.18399842854,0.0,-539671.8399842854,0.0,10.0,0.0,-0.0,0.1,0.378785892,37.8785892,0.0,0.0,100.0,1.0,0.11,-11.0,-537.8457837912338,537.8457837912338,0.0,-537.8457837912338,537.8457837912338,0.0,-65487.94677584578,65487.94677584578,0.0,0.0,9124.2727734375,9124.2727734375,0.0,0.0,3372.1815715622083,3372.1815715622083,0.0,-539682.8399842854,-539682.8399842854,66563.63834342825,66563.63834342825,66463.63834342825,0.0,100.0,0.0,0.0,66563.63834342825,54067.18399842854,1,0.0,100.0
4591,75411.18706952473,0.0,-754111.8706952473,0.0,10.0,0.0,-0.0,0.1,0.355842505,35.584250499999996,0.0,0.0,100.0,1.0,0.11,-11.0,-845.8109837526505,845.8109837526505,0.0,-845.8109837526505,845.8109837526505,0.0,-97193.1019896444,97193.1019896444,0.0,0.0,17126.70873046875,17126.70873046875,0.0,0.0,6246.828157156222,6246.828157156222,0.0,-754122.8706952473,-754122.8706952473,98884.7239571497,98884.7239571497,98784.7239571497,0.0,100.0,0.0,0.0,98884.7239571497,75511.18706952473,1,0.0,100.0
4592,65416.29797842871,0.0,-654162.979784287,0.0,10.0,0.0,-0.0,0.1,0.334425535,33.4425535,0.0,0.0,100.0,1.0,0.11,-11.0,-898.1973413346191,898.1973413346191,0.0,-898.1973413346191,898.1973413346191,0.0,-94398.46877918988,94398.46877918988,0.0,0.0,22773.287373046875,22773.287373046875,0.0,0.0,7905.278110383537,7905.278110383537,0.0,-654173.979784287,-654173.979784287,96194.86346185912,96194.86346185912,96094.86346185912,0.0,100.0,0.0,0.0,96194.86346185912,65516.2979784287,1,0.0,100.0
4593,53365.16350952118,0.0,-533651.6350952118,0.0,10.0,0.0,-0.0,0.1,0.331602171,33.1602171,0.0,0.0,100.0,1.0,0.11,-11.0,-967.7374149171594,967.7374149171594,0.0,-967.7374149171594,967.7374149171594,0.0,-91397.87852405806,91397.87852405806,0.0,0.0,25577.8794140625,25577.8794140625,0.0,0.0,14290.310430308702,14290.310430308702,0.0,-533662.6350952118,-533662.6350952118,93333.35335389238,93333.35335389238,93233.35335389238,0.0,100.0,0.0,0.0,93333.35335389238,53465.16350952118,1,0.0,100.0
4594,38962.02760286142,0.0,-389620.27602861414,0.0,10.0,0.0,-0.0,0.1,0.353527835,35.3527835,0.0,0.0,100.0,1.0,0.11,-11.0,-1001.6827707656836,1001.6827707656836,0.0,-1001.6827707656836,1001.6827707656836,0.0,-91468.8227180021,91468.8227180021,0.0,0.0,32795.02959960938,32795.02959960938,0.0,0.0,21615.13105706268,21615.13105706268,0.0,-389631.27602861414,-389631.27602861414,93472.18825953348,93472.18825953348,93372.18825953348,0.0,100.0,0.0,0.0,93472.18825953348,39062.02760286142,1,0.0,100.0
4595,31574.16475541981,0.0,-315741.6475541981,0.0,10.0,0.0,-0.0,0.1,0.392373846,39.237384600000006,0.0,0.0,100.0,1.0,0.11,-11.0,-1059.8278432225543,1059.8278432225543,0.0,-1059.8278432225543,1059.8278432225543,0.0,-88752.888685393,88752.888685393,0.0,0.0,35786.594443359376,35786.594443359376,0.0,0.0,23411.78517305893,23411.78517305893,0.0,-315752.6475541981,-315752.6475541981,90872.54437183811,90872.54437183811,90772.54437183811,0.0,100.0,0.0,0.0,90872.54437183811,31674.164755419813,1,0.0,100.0
4596,31763.52316231115,0.0,-317635.2316231115,0.0,10.0,0.0,-0.0,0.1,0.417320824,41.732082399999996,0.0,0.0,100.0,1.0,0.11,-11.0,-1053.270146206562,1053.270146206562,0.0,-1053.270146206562,1053.270146206562,0.0,-91438.14474244064,91438.14474244064,0.0,0.0,36085.75092773437,36085.75092773437,0.0,0.0,25595.410944808234,25595.410944808234,0.0,-317646.2316231115,-317646.2316231115,93544.68503485376,93544.68503485376,93444.68503485376,0.0,100.0,0.0,0.0,93544.68503485376,31863.523162311147,1,0.0,100.0
4597,38124.4167389035,0.0,-381244.167389035,0.0,10.0,0.0,-0.0,0.1,0.43178162,43.178162,0.0,0.0,100.0,1.0,0.11,-11.0,-998.5815159188288,998.5815159188288,0.0,-998.5815159188288,998.5815159188288,0.0,-91338.28376389648,91338.28376389648,0.0,0.0,30925.301572265624,30925.301572265624,0.0,0.0,24185.728484565017,24185.728484565017,0.0,-381255.167389035,-381255.167389035,93335.44679573414,93335.44679573414,93235.44679573414,0.0,100.0,0.0,0.0,93335.44679573414,38224.4167389035,1,0.0,100.0
4598,44135.95812788153,0.0,-441359.5812788153,0.0,10.0,0.0,-0.0,0.1,0.436902467,43.6902467,0.0,0.0,100.0,1.0,0.08,-8.0,-1049.0580047052129,1049.0580047052129,0.0,-1049.0580047052129,1049.0580047052129,0.0,-91442.83508478198,91442.83508478198,0.0,0.0,27634.580244140623,27634.580244140623,0.0,0.0,21670.41272217025,21670.41272217025,0.0,-441367.5812788153,-441367.5812788153,93540.95109419241,93540.95109419241,93440.95109419241,0.0,100.0,0.0,0.0,93540.95109419241,44235.95812788153,1,0.0,100.0
4599,55500.96153934662,0.0,-555009.6153934662,0.0,10.0,0.0,-0.0,0.1,0.4469642789999999,44.69642789999999,0.0,0.0,100.0,1.0,0.08,-8.0,-1094.6841380945125,1094.6841380945125,0.0,-1094.6841380945125,1094.6841380945125,0.0,-94343.22403373758,94343.22403373758,0.0,0.0,23932.51875,23932.51875,0.0,0.0,16999.112020579985,16999.112020579985,0.0,-555017.6153934662,-555017.6153934662,96532.59230992661,96532.59230992661,96432.59230992661,0.0,100.0,0.0,0.0,96532.59230992661,55600.96153934662,1,0.0,100.0
4600,60819.72836438614,0.0,-608197.2836438614,0.0,10.0,0.0,-0.0,0.1,0.445163042,44.5163042,0.0,0.0,100.0,1.0,0.08,-8.0,-946.9050681192712,946.9050681192712,0.0,-946.9050681192712,946.9050681192712,0.0,-87674.02469871004,87674.02469871004,0.0,0.0,16154.45015625,16154.45015625,0.0,0.0,12493.656314312444,12493.656314312444,0.0,-608205.2836438614,-608205.2836438614,89567.83483494859,89567.83483494859,89467.83483494859,0.0,100.0,0.0,0.0,89567.83483494859,60919.728364386145,1,0.0,100.0
4601,63127.718509585015,0.0,-631277.1850958501,0.0,10.0,0.0,-0.0,0.1,0.4411624229999999,44.11624229999999,0.0,0.0,100.0,1.0,0.11,-11.0,-645.0523548476881,645.0523548476881,0.0,-645.0523548476881,645.0523548476881,0.0,-76385.19317678979,76385.19317678979,0.0,0.0,8974.69453125,8974.69453125,0.0,0.0,5472.884845650141,5472.884845650141,0.0,-631288.1850958501,-631288.1850958501,77675.29788648515,77675.29788648516,77575.29788648515,0.0,100.0,0.0,0.0,77675.29788648516,63227.71850958502,1,0.0,100.0
4602,72142.67319226754,0.0,-721426.7319226754,0.0,10.0,0.0,-0.0,0.1,0.437864944,43.786494399999995,0.0,0.0,100.0,1.0,0.11,-11.0,-627.9146027406928,627.9146027406928,0.0,-627.9146027406928,627.9146027406928,0.0,-75765.30921853933,75765.30921853933,0.0,0.0,2954.170283203125,2954.170283203125,0.0,0.0,1824.2949485500471,1824.2949485500471,0.0,-721437.7319226754,-721437.7319226754,77021.13842402071,77021.13842402071,76921.13842402071,0.0,100.0,0.0,0.0,77021.13842402071,72242.67319226754,1,0.0,100.0
4603,70703.6255047683,0.0,-707036.2550476829,0.0,10.0,0.0,-0.0,0.1,0.425218946,42.521894599999996,0.0,0.0,100.0,1.0,0.11,-11.0,-510.24743110378665,510.24743110378665,0.0,-510.24743110378665,510.24743110378665,0.0,-70087.17980065239,70087.17980065239,0.0,0.0,0.0,0.0,0.0,0.0,304.0491580916745,304.0491580916745,0.0,-707047.2550476829,-707047.2550476829,71107.67466285996,71107.67466285996,71007.67466285996,0.0,100.0,0.0,0.0,71107.67466285996,70803.6255047683,1,0.0,100.0
4604,69524.71543494289,0.0,-695247.1543494288,0.0,10.0,0.0,-0.0,0.1,0.416267732,41.6267732,0.0,0.0,100.0,1.0,0.11,-11.0,-214.1659374990496,214.1659374990496,0.0,-214.1659374990496,214.1659374990496,0.0,-69196.38355994479,69196.38355994479,0.0,0.0,0.0,0.0,0.0,0.0,0.0,0.0,0.0,-695258.1543494288,-695258.1543494288,69624.71543494289,69624.71543494289,69524.71543494289,0.0,100.0,0.0,0.0,69624.71543494289,69624.71543494289,1,0.0,100.0
4605,24017.8725008412,0.0,-240178.725008412,0.0,10.0,0.0,-0.0,0.1,0.41876267,41.876267,0.0,0.0,100.0,1.0,0.11,-11.0,-204.039918378606,204.039918378606,0.0,-204.039918378606,204.039918378606,0.0,-23709.792664083987,23709.792664083987,0.0,0.0,0.0,0.0,0.0,0.0,0.0,0.0,0.0,-240189.725008412,-240189.725008412,24117.8725008412,24117.8725008412,24017.8725008412,0.0,100.0,0.0,0.0,24117.8725008412,24117.8725008412,1,0.0,100.0
4606,29186.115274674845,0.0,-291861.15274674847,0.0,10.0,0.0,-0.0,0.1,0.417860007,41.786000699999995,0.0,0.0,100.0,1.0,0.11,-11.0,-206.94052143911765,206.94052143911765,0.0,-206.94052143911765,206.94052143911765,0.0,-28872.23423179661,28872.23423179661,0.0,0.0,0.0,0.0,0.0,0.0,0.0,0.0,0.0,-291872.15274674847,-291872.15274674847,29286.115274674845,29286.115274674845,29186.115274674845,0.0,100.0,0.0,0.0,29286.115274674845,29286.115274674845,1,0.0,100.0
4607,34230.87361830119,0.0,-342308.7361830119,0.0,10.0,0.0,-0.0,0.1,0.416192542,41.6192542,0.0,0.0,100.0,1.0,0.11,-11.0,-203.982472002335,203.982472002335,0.0,-203.982472002335,203.982472002335,0.0,-33922.90867429652,33922.90867429652,0.0,0.0,0.0,0.0,0.0,0.0,0.0,0.0,0.0,-342319.7361830119,-342319.7361830119,34330.87361830119,34330.87361830119,34230.87361830119,0.0,100.0,0.0,0.0,34330.87361830119,34330.87361830119,1,0.0,100.0
4608,17706.177221046197,0.0,-177061.77221046196,0.0,10.0,0.0,-0.0,0.1,0.419403482,41.9403482,0.0,0.0,100.0,1.0,0.08,-8.0,-203.85408276586767,203.85408276586767,0.0,-203.85408276586767,203.85408276586767,0.0,-17398.469055514463,17398.469055514463,0.0,0.0,0.0,0.0,0.0,0.0,0.0,0.0,0.0,-177069.77221046196,-177069.77221046196,17806.177221046197,17806.177221046197,17706.177221046197,0.0,100.0,0.0,0.0,17806.177221046197,17806.177221046197,1,0.0,100.0
4609,17705.96227407898,0.0,-177059.62274078978,0.0,10.0,0.0,-0.0,0.1,0.4127388079999999,41.27388079999999,0.0,0.0,100.0,1.0,0.08,-8.0,-203.74660625927487,203.74660625927487,0.0,-203.74660625927487,203.74660625927487,0.0,-17398.469061560427,17398.469061560427,0.0,0.0,0.0,0.0,0.0,0.0,0.0,0.0,0.0,-177067.62274078978,-177067.62274078978,17805.96227407898,17805.96227407898,17705.96227407898,0.0,100.0,0.0,0.0,17805.96227407898,17805.96227407898,1,0.0,100.0
4610,23193.16037431438,0.0,-231931.6037431438,0.0,10.0,0.0,-0.0,0.1,0.410804781,41.0804781,0.0,0.0,100.0,1.0,0.08,-8.0,-203.66024516412944,203.66024516412944,0.0,-203.66024516412944,203.66024516412944,0.0,-22885.83988398612,22885.83988398612,0.0,0.0,0.0,0.0,0.0,0.0,0.0,0.0,0.0,-231939.6037431438,-231939.6037431438,23293.16037431438,23293.16037431438,23193.16037431438,0.0,100.0,0.0,0.0,23293.16037431438,23293.16037431438,1,0.0,100.0
4611,18446.920077749684,0.0,-184469.20077749685,0.0,10.0,0.0,-0.0,0.1,0.4156115729999999,41.56115729999999,0.0,0.0,100.0,1.0,0.08,-8.0,-204.75031980190903,204.75031980190903,0.0,-204.75031980190903,204.75031980190903,0.0,-18137.419438145866,18137.419438145866,0.0,0.0,0.0,0.0,0.0,0.0,0.0,0.0,0.0,-184477.20077749685,-184477.20077749685,18546.920077749684,18546.920077749684,18446.920077749684,0.0,100.0,0.0,0.0,18546.920077749684,18546.920077749684,1,0.0,100.0
4612,19365.144996757375,0.0,-193651.44996757375,0.0,10.0,0.0,-0.0,0.1,0.424143184,42.4143184,0.0,0.0,100.0,1.0,0.08,-8.0,-204.6280160336402,204.6280160336402,0.0,-204.6280160336402,204.6280160336402,0.0,-19055.888964690093,19055.888964690093,0.0,0.0,0.0,0.0,0.0,0.0,0.0,0.0,0.0,-193659.44996757375,-193659.44996757375,19465.144996757375,19465.144996757375,19365.144996757375,0.0,100.0,0.0,0.0,19465.144996757375,19465.144996757375,1,0.0,100.0
4613,53167.372697084706,0.0,-531673.726970847,0.0,10.0,0.0,-0.0,0.1,0.4064983129999999,40.64983129999999,0.0,0.0,100.0,1.0,0.11,-11.0,-419.5811772554727,419.5811772554727,0.0,-419.5811772554727,419.5811772554727,0.0,-55896.18236488031,55896.18236488031,0.0,0.0,2804.592041015625,2804.592041015625,0.0,0.0,663.3799812909263,663.3799812909263,0.0,-531684.726970847,-531684.726970847,56735.34471939126,56735.34471939126,56635.34471939126,0.0,100.0,0.0,0.0,56735.34471939126,53267.372697084706,1,0.0,100.0
4614,55048.00189659747,0.0,-550480.0189659747,0.0,10.0,0.0,-0.0,0.1,0.388916071,38.891607099999995,0.0,0.0,100.0,1.0,0.11,-11.0,-453.1326718446873,453.1326718446873,0.0,-453.1326718446873,453.1326718446873,0.0,-63775.88723813706,63775.88723813706,0.0,0.0,6244.891611328125,6244.891611328125,0.0,0.0,3289.2590739008424,3289.2590739008424,0.0,-550491.0189659747,-550491.0189659747,64682.152581826434,64682.152581826434,64582.152581826434,0.0,100.0,0.0,0.0,64682.152581826434,55148.00189659747,1,0.0,100.0
4615,73567.67952222383,0.0,-735676.7952222383,0.0,10.0,0.0,-0.0,0.1,0.3681976429999999,36.81976429999999,0.0,0.0,100.0,1.0,0.11,-11.0,-765.8475713666763,765.8475713666763,0.0,-765.8475713666763,765.8475713666763,0.0,-98234.58961052196,98234.58961052196,0.0,0.0,16977.13048828125,16977.13048828125,0.0,0.0,9121.474742750235,9121.474742750235,0.0,-735687.7952222383,-735687.7952222383,99766.28475325531,99766.28475325531,99666.28475325531,0.0,100.0,0.0,0.0,99766.28475325531,73667.67952222383,1,0.0,100.0
4616,63128.58935453466,0.0,-631285.8935453466,0.0,10.0,0.0,-0.0,0.1,0.35156274,35.156273999999996,0.0,0.0,100.0,1.0,0.11,-11.0,-850.3273354828399,850.3273354828399,0.0,-850.3273354828399,850.3273354828399,0.0,-95515.45641352798,95515.45641352798,0.0,0.0,19033.83131835937,19033.83131835937,0.0,0.0,14953.690411599628,14953.690411599628,0.0,-631296.8935453466,-631296.8935453466,97216.11108449366,97216.11108449366,97116.11108449366,0.0,100.0,0.0,0.0,97216.11108449366,63228.58935453466,1,0.0,100.0
4617,42749.24230800862,0.0,-427492.42308008624,0.0,10.0,0.0,-0.0,0.1,0.346087807,34.608780700000004,0.0,0.0,100.0,1.0,0.11,-11.0,-899.329725457836,899.329725457836,0.0,-899.329725457836,899.329725457836,0.0,-91787.91158416338,91787.91158416338,0.0,0.0,29840.859316406248,29840.859316406248,0.0,0.0,20896.469410664176,20896.469410664176,0.0,-427503.42308008624,-427503.42308008624,93586.57103507905,93586.57103507905,93486.57103507905,0.0,100.0,0.0,0.0,93586.57103507905,42849.24230800862,1,0.0,100.0
4618,34743.60754718431,0.0,-347436.07547184307,0.0,10.0,0.0,-0.0,0.1,0.365368123,36.5368123,0.0,0.0,100.0,1.0,0.11,-11.0,-980.8041603506496,980.8041603506496,0.0,-980.8041603506496,980.8041603506496,0.0,-91776.39292369016,91776.39292369016,0.0,0.0,34515.17938476562,34515.17938476562,0.0,0.0,24379.21431244153,24379.21431244153,0.0,-347447.07547184307,-347447.07547184307,93738.00124439146,93738.00124439146,93638.00124439146,0.0,100.0,0.0,0.0,93738.00124439146,34843.60754718431,1,0.0,100.0
4619,26844.31831123596,0.0,-268443.1831123596,0.0,10.0,0.0,-0.0,0.1,0.3896372589999999,38.96372589999999,0.0,0.0,100.0,1.0,0.11,-11.0,-1036.9284000349846,1036.9284000349846,0.0,-1036.9284000349846,1036.9284000349846,0.0,-88979.18721360585,88979.18721360585,0.0,0.0,35113.49235351563,35113.49235351563,0.0,0.0,28995.23334892424,28995.23334892424,0.0,-268454.1831123596,-268454.1831123596,91053.04401367583,91053.04401367583,90953.04401367583,0.0,100.0,0.0,0.0,91053.04401367583,26944.318311235955,1,0.0,100.0
4620,29482.18157670609,0.0,-294821.8157670609,0.0,10.0,0.0,-0.0,0.1,0.4071193979999999,40.71193979999999,0.0,0.0,100.0,1.0,0.11,-11.0,-1050.1117597591326,1050.1117597591326,0.0,-1050.1117597591326,1050.1117597591326,0.0,-91606.95051276292,91606.95051276292,0.0,0.0,34963.91411132812,34963.91411132812,0.0,0.0,29161.07834424697,29161.07834424697,0.0,-294832.8157670609,-294832.8157670609,93707.17403228118,93707.17403228118,93607.17403228118,0.0,100.0,0.0,0.0,93707.17403228118,29582.18157670609,1,0.0,100.0
4621,32995.201841531874,0.0,-329952.01841531874,0.0,10.0,0.0,-0.0,0.1,0.414992154,41.4992154,0.0,0.0,100.0,1.0,0.11,-11.0,-1107.075840499234,1107.075840499234,0.0,-1107.075840499234,1107.075840499234,0.0,-91707.12467253534,91707.12467253534,0.0,0.0,33019.39696289063,33019.39696289063,0.0,0.0,27806.67754911132,27806.67754911132,0.0,-329963.01841531874,-329963.01841531874,93921.27635353382,93921.27635353382,93821.27635353382,0.0,100.0,0.0,0.0,93921.27635353382,33095.201841531874,1,0.0,100.0
4622,38484.88490696,0.0,-384848.8490696,0.0,10.0,0.0,-0.0,0.1,0.41657211,41.657211,0.0,0.0,100.0,1.0,0.08,-8.0,-1161.313329388771,1161.313329388771,0.0,-1161.313329388771,1161.313329388771,0.0,-91488.74430894492,91488.74430894492,0.0,0.0,30626.145087890625,30626.145087890625,0.0,0.0,24600.340972871847,24600.340972871847,0.0,-384856.8490696,-384856.8490696,93811.37096772247,93811.37096772247,93711.37096772247,0.0,100.0,0.0,0.0,93811.37096772247,38584.88490696,1,0.0,100.0
4623,50778.119298027596,0.0,-507781.19298027596,0.0,10.0,0.0,-0.0,0.1,0.420011367,42.0011367,0.0,0.0,100.0,1.0,0.08,-8.0,-1159.744385308588,1159.744385308588,0.0,-1159.744385308588,1159.744385308588,0.0,-94233.0155595027,94233.0155595027,0.0,0.0,25690.063095703124,25690.063095703124,0.0,0.0,19984.32193638915,19984.32193638915,0.0,-507789.19298027596,-507789.19298027596,96552.50433011987,96552.50433011987,96452.50433011987,0.0,100.0,0.0,0.0,96552.50433011987,50878.119298027596,1,0.0,100.0
4624,56586.46718641499,0.0,-565864.67186415,0.0,10.0,0.0,-0.0,0.1,0.436777266,43.6777266,0.0,0.0,100.0,1.0,0.08,-8.0,-1031.6420273687952,1031.6420273687952,0.0,-1031.6420273687952,1031.6420273687952,0.0,-87547.39041318867,87547.39041318867,0.0,0.0,18136.361865234376,18136.361865234376,0.0,0.0,14787.845416276896,14787.845416276896,0.0,-565872.67186415,-565872.67186415,89610.67446792626,89610.67446792626,89510.67446792626,0.0,100.0,0.0,0.0,89610.67446792626,56686.46718641499,1,0.0,100.0
4625,58631.038105971114,0.0,-586310.3810597111,0.0,10.0,0.0,-0.0,0.1,0.434182333,43.4182333,0.0,0.0,100.0,1.0,0.11,-11.0,-691.3700315709269,691.3700315709269,0.0,-691.3700315709269,691.3700315709269,0.0,-76387.43308762873,76387.43308762873,0.0,0.0,10470.476953125,10470.476953125,0.0,0.0,8568.658091674464,8568.658091674464,0.0,-586321.3810597111,-586321.3810597111,77770.17315077057,77770.17315077058,77670.17315077057,0.0,100.0,0.0,0.0,77770.17315077058,58731.03810597112,1,0.0,100.0
4626,70584.40755758176,0.0,-705844.0755758176,0.0,10.0,0.0,-0.0,0.1,0.421769862,42.1769862,0.0,0.0,100.0,1.0,0.11,-11.0,-679.243144105765,679.243144105765,0.0,-679.243144105765,679.243144105765,0.0,-75964.42403935458,75964.42403935458,0.0,0.0,3515.08869140625,3515.08869140625,0.0,0.0,3123.414078578111,3123.414078578111,0.0,-705855.0755758176,-705855.0755758176,77322.91032756612,77322.9103275661,77222.91032756612,0.0,100.0,0.0,0.0,77322.9103275661,70684.40755758174,1,0.0,100.0
4627,70849.8848528957,0.0,-708498.848528957,0.0,10.0,0.0,-0.0,0.1,0.410476534,41.0476534,0.0,0.0,100.0,1.0,0.11,-11.0,-549.7317714034941,549.7317714034941,0.0,-549.7317714034941,549.7317714034941,0.0,-70292.67463094933,70292.67463094933,0.0,0.0,0.0,0.0,0.0,0.0,442.2533208606175,442.2533208606175,0.0,-708509.848528957,-708509.848528957,71392.13817375632,71392.13817375632,71292.13817375632,0.0,100.0,0.0,0.0,71392.13817375632,70949.8848528957,1,0.0,100.0
4628,68694.65903894579,0.0,-686946.5903894579,0.0,10.0,0.0,-0.0,0.1,0.406418387,40.6418387,0.0,0.0,100.0,1.0,0.11,-11.0,-298.83849208461413,298.83849208461413,0.0,-298.83849208461413,298.83849208461413,0.0,-68196.98205477656,68196.98205477656,0.0,0.0,0.0,0.0,0.0,0.0,0.0,0.0,0.0,-686957.5903894579,-686957.5903894579,68794.65903894579,68794.65903894579,68694.65903894579,0.0,100.0,0.0,0.0,68794.65903894579,68794.65903894579,1,0.0,100.0
4629,21449.54345425893,0.0,-214495.4345425893,0.0,10.0,0.0,-0.0,0.1,0.406803692,40.6803692,0.0,0.0,100.0,1.0,0.11,-11.0,-213.772826546504,213.772826546504,0.0,-213.772826546504,213.772826546504,0.0,-21121.99780116592,21121.99780116592,0.0,0.0,0.0,0.0,0.0,0.0,0.0,0.0,0.0,-214506.4345425893,-214506.4345425893,21549.54345425893,21549.54345425893,21449.54345425893,0.0,100.0,0.0,0.0,21549.54345425893,21549.54345425893,1,0.0,100.0
4630,18451.2177115435,0.0,-184512.177115435,0.0,10.0,0.0,-0.0,0.1,0.4127005489999999,41.27005489999999,0.0,0.0,100.0,1.0,0.11,-11.0,-206.8991366988168,206.8991366988168,0.0,-206.8991366988168,206.8991366988168,0.0,-18137.419438145866,18137.419438145866,0.0,0.0,0.0,0.0,0.0,0.0,0.0,0.0,0.0,-184523.177115435,-184523.177115435,18551.2177115435,18551.2177115435,18451.2177115435,0.0,100.0,0.0,0.0,18551.2177115435,18551.2177115435,1,0.0,100.0
4631,17706.311227331822,0.0,-177063.11227331823,0.0,10.0,0.0,-0.0,0.1,0.422225034,42.2225034,0.0,0.0,100.0,1.0,0.11,-11.0,-203.92107986271108,203.92107986271108,0.0,-203.92107986271108,203.92107986271108,0.0,-17398.4690676064,17398.4690676064,0.0,0.0,0.0,0.0,0.0,0.0,0.0,0.0,0.0,-177074.11227331823,-177074.11227331823,17806.311227331822,17806.311227331822,17706.311227331822,0.0,100.0,0.0,0.0,17806.311227331822,17806.311227331822,1,0.0,100.0
4632,20565.069682388228,0.0,-205650.6968238823,0.0,10.0,0.0,-0.0,0.1,0.425241666,42.5241666,0.0,0.0,100.0,1.0,0.08,-8.0,-203.84820353579315,203.84820353579315,0.0,-203.84820353579315,203.84820353579315,0.0,-20257.37327531664,20257.37327531664,0.0,0.0,0.0,0.0,0.0,0.0,0.0,0.0,0.0,-205658.6968238823,-205658.6968238823,20665.069682388228,20665.069682388228,20565.069682388228,0.0,100.0,0.0,0.0,20665.069682388228,20665.069682388228,1,0.0,100.0
4633,23218.823553006852,0.0,-232188.23553006852,0.0,10.0,0.0,-0.0,0.1,0.437536628,43.7536628,0.0,0.0,100.0,1.0,0.08,-8.0,-203.7681336867106,203.7681336867106,0.0,-203.7681336867106,203.7681336867106,0.0,-22911.287285633432,22911.287285633432,0.0,0.0,0.0,0.0,0.0,0.0,0.0,0.0,0.0,-232196.23553006852,-232196.23553006852,23318.823553006852,23318.823553006852,23218.823553006852,0.0,100.0,0.0,0.0,23318.823553006852,23318.823553006852,1,0.0,100.0
4634,17705.87508004257,0.0,-177058.7508004257,0.0,10.0,0.0,-0.0,0.1,0.4354373589999999,43.543735899999994,0.0,0.0,100.0,1.0,0.08,-8.0,-203.70306365479675,203.70306365479675,0.0,-203.70306365479675,203.70306365479675,0.0,-17398.468952732976,17398.468952732976,0.0,0.0,0.0,0.0,0.0,0.0,0.0,0.0,0.0,-177066.7508004257,-177066.7508004257,17805.87508004257,17805.87508004257,17705.87508004257,0.0,100.0,0.0,0.0,17805.87508004257,17805.87508004257,1,0.0,100.0
4635,18447.059785880676,0.0,-184470.59785880675,0.0,10.0,0.0,-0.0,0.1,0.429299125,42.9299125,0.0,0.0,100.0,1.0,0.08,-8.0,-204.82023130411844,204.82023130411844,0.0,-204.82023130411844,204.82023130411844,0.0,-18137.41932327244,18137.41932327244,0.0,0.0,0.0,0.0,0.0,0.0,0.0,0.0,0.0,-184478.59785880675,-184478.59785880675,18547.059785880676,18547.059785880676,18447.059785880676,0.0,100.0,0.0,0.0,18547.059785880676,18547.059785880676,1,0.0,100.0
4636,27414.328980542097,0.0,-274143.28980542097,0.0,10.0,0.0,-0.0,0.1,0.407709804,40.7709804,0.0,0.0,100.0,1.0,0.08,-8.0,-204.6741440415836,204.6741440415836,0.0,-204.6741440415836,204.6741440415836,0.0,-27104.98069245893,27104.98069245893,0.0,0.0,0.0,0.0,0.0,0.0,0.0,0.0,0.0,-274151.28980542097,-274151.28980542097,27514.328980542097,27514.328980542097,27414.328980542097,0.0,100.0,0.0,0.0,27514.328980542097,27514.328980542097,1,0.0,100.0
4637,51865.56014019139,0.0,-518655.6014019139,0.0,10.0,0.0,-0.0,0.1,0.399022257,39.9022257,0.0,0.0,100.0,1.0,0.11,-11.0,-418.3930273728415,418.3930273728415,0.0,-418.3930273728415,418.3930273728415,0.0,-55066.64026116666,55066.64026116666,0.0,0.0,2804.592041015625,2804.592041015625,0.0,0.0,1133.2741347053322,1133.2741347053322,0.0,-518666.6014019139,-518666.6014019139,55903.426315912344,55903.426315912344,55803.426315912344,0.0,100.0,0.0,0.0,55903.426315912344,51965.56014019139,1,0.0,100.0
4638,49898.07313741546,0.0,-498980.73137415457,0.0,10.0,0.0,-0.0,0.1,0.389637102,38.9637102,0.0,0.0,100.0,1.0,0.11,-11.0,-465.5031035631234,465.5031035631234,0.0,-465.5031035631234,465.5031035631234,0.0,-62783.021849387085,62783.021849387085,0.0,0.0,8077.225078124999,8077.225078124999,0.0,0.0,5638.729840972873,5638.729840972873,0.0,-498991.73137415457,-498991.73137415457,63714.02805651333,63714.02805651333,63614.02805651333,0.0,100.0,0.0,0.0,63714.02805651333,49998.07313741546,1,0.0,100.0
4639,70802.30828564527,0.0,-708023.0828564527,0.0,10.0,0.0,-0.0,0.1,0.366643399,36.6643399,0.0,0.0,100.0,1.0,0.11,-11.0,-771.655347818422,771.655347818422,0.0,-771.655347818422,771.655347818422,0.0,-95139.06535843978,95139.06535843978,0.0,0.0,14060.354765625,14060.354765625,0.0,0.0,11719.713002806362,11719.713002806362,0.0,-708034.0828564527,-708034.0828564527,96682.37605407662,96682.37605407662,96582.37605407662,0.0,100.0,0.0,0.0,96682.37605407662,70902.30828564527,1,0.0,100.0
4640,54381.54229963827,0.0,-543815.4229963827,0.0,10.0,0.0,-0.0,0.1,0.356673432,35.667343200000005,0.0,0.0,100.0,1.0,0.11,-11.0,-845.9511009884525,845.9511009884525,0.0,-845.9511009884525,845.9511009884525,0.0,-93303.44929652385,93303.44929652385,0.0,0.0,23072.44385742188,23072.44385742188,0.0,0.0,17441.3653414406,17441.3653414406,0.0,-543826.4229963827,-543826.4229963827,94995.35149850075,94995.35149850075,94895.35149850075,0.0,100.0,0.0,0.0,94995.35149850075,54481.54229963827,1,0.0,100.0
4641,41990.61037132221,0.0,-419906.1037132221,0.0,10.0,0.0,-0.0,0.1,0.350276565,35.0276565,0.0,0.0,100.0,1.0,0.11,-11.0,-888.242199893365,888.242199893365,0.0,-888.242199893365,888.242199893365,0.0,-91454.7563463747,91454.7563463747,0.0,0.0,28419.866015625,28419.866015625,0.0,0.0,22720.764359214223,22720.764359214223,0.0,-419917.1037132221,-419917.1037132221,93231.24074616143,93231.24074616143,93131.24074616143,0.0,100.0,0.0,0.0,93231.24074616143,42090.61037132221,1,0.0,100.0
4642,34804.975638767035,0.0,-348049.75638767035,0.0,10.0,0.0,-0.0,0.1,0.353742083,35.3742083,0.0,0.0,100.0,1.0,0.11,-11.0,-949.1316423538728,949.1316423538728,0.0,-949.1316423538728,949.1316423538728,0.0,-91762.96512737803,91762.96512737803,0.0,0.0,33243.76432617188,33243.76432617188,0.0,0.0,25512.48844714687,25512.48844714687,0.0,-348060.75638767035,-348060.75638767035,93661.22841208578,93661.22841208578,93561.22841208578,0.0,100.0,0.0,0.0,93661.22841208578,34904.975638767035,1,0.0,100.0
4643,26184.06766593398,0.0,-261840.6766593398,0.0,10.0,0.0,-0.0,0.1,0.352349256,35.2349256,0.0,0.0,100.0,1.0,0.11,-11.0,-996.518603288534,996.518603288534,0.0,-996.518603288534,996.518603288534,0.0,-88710.2234867098,88710.2234867098,0.0,0.0,36833.64213867187,36833.64213867187,0.0,0.0,27585.550888681013,27585.550888681013,0.0,-261851.6766593398,-261851.6766593398,90703.26069328687,90703.26069328687,90603.26069328687,0.0,100.0,0.0,0.0,90703.26069328687,26284.06766593398,1,0.0,100.0
4644,30092.06081920786,0.0,-300920.6081920786,0.0,10.0,0.0,-0.0,0.1,0.363532828,36.353282799999995,0.0,0.0,100.0,1.0,0.11,-11.0,-1023.7034809647964,1023.7034809647964,0.0,-1023.7034809647964,1023.7034809647964,0.0,-91632.25519325049,91632.25519325049,0.0,0.0,35487.437958984374,35487.437958984374,0.0,0.0,28000.163376987843,28000.163376987843,0.0,-300931.6081920786,-300931.6081920786,93679.66215518008,93679.66215518008,93579.66215518008,0.0,100.0,0.0,0.0,93679.66215518008,30192.060819207865,1,0.0,100.0
4645,32230.03727055392,0.0,-322300.3727055392,0.0,10.0,0.0,-0.0,0.1,0.3883685229999999,38.83685229999999,0.0,0.0,100.0,1.0,0.11,-11.0,-1058.7825054791235,1058.7825054791235,0.0,-1058.7825054791235,1058.7825054791235,0.0,-91596.16123806928,91596.16123806928,0.0,0.0,34627.36306640625,34627.36306640625,0.0,0.0,26756.32591206736,26756.32591206736,0.0,-322311.3727055392,-322311.3727055392,93713.72624902753,93713.72624902753,93613.72624902753,0.0,100.0,0.0,0.0,93713.72624902753,32330.03727055392,1,0.0,100.0
4646,38615.81882743676,0.0,-386158.1882743676,0.0,10.0,0.0,-0.0,0.1,0.407073055,40.707305500000004,0.0,0.0,100.0,1.0,0.08,-8.0,-1063.1722795544677,1063.1722795544677,0.0,-1063.1722795544677,1063.1722795544677,0.0,-91632.25984864713,91632.25984864713,0.0,0.0,30027.832119140625,30027.832119140625,0.0,0.0,25014.95346117868,25014.95346117868,0.0,-386166.1882743676,-386166.1882743676,93758.60440775607,93758.60440775607,93658.60440775607,0.0,100.0,0.0,0.0,93758.60440775607,38715.81882743676,1,0.0,100.0
4647,51710.86418702536,0.0,-517108.6418702536,0.0,10.0,0.0,-0.0,0.1,0.426090873,42.6090873,0.0,0.0,100.0,1.0,0.08,-8.0,-1108.785192615577,1108.785192615577,0.0,-1108.785192615577,1108.785192615577,0.0,-93552.42172244692,93552.42172244692,0.0,0.0,23670.75682617188,23670.75682617188,0.0,0.0,20288.371094480823,20288.371094480823,0.0,-517116.6418702536,-517116.6418702536,95769.99210767806,95769.99210767807,95669.99210767806,0.0,100.0,0.0,0.0,95769.99210767807,51810.86418702537,1,0.0,100.0
4648,57086.010148942674,0.0,-570860.1014894268,0.0,10.0,0.0,-0.0,0.1,0.439600082,43.9600082,0.0,0.0,100.0,1.0,0.08,-8.0,-1024.3703418338685,1024.3703418338685,0.0,-1024.3703418338685,1024.3703418338685,0.0,-86513.65336265457,86513.65336265457,0.0,0.0,16864.946806640626,16864.946806640626,0.0,0.0,14511.437090739011,14511.437090739011,0.0,-570868.1014894268,-570868.1014894268,88562.39404632231,88562.39404632231,88462.39404632231,0.0,100.0,0.0,0.0,88562.39404632231,57186.010148942674,1,0.0,100.0
4649,59024.64211747649,0.0,-590246.4211747649,0.0,10.0,0.0,-0.0,0.1,0.436531681,43.6531681,0.0,0.0,100.0,1.0,0.11,-11.0,-686.3271872581357,686.3271872581357,0.0,-686.3271872581357,686.3271872581357,0.0,-75256.32545391233,75256.32545391233,0.0,0.0,8825.1162890625,8825.1162890625,0.0,0.0,8679.221421889617,8679.221421889617,0.0,-590257.4211747649,-590257.4211747649,76628.97982842861,76628.97982842861,76528.97982842861,0.0,100.0,0.0,0.0,76628.97982842861,59124.64211747649,1,0.0,100.0
4650,69394.50085993373,0.0,-693945.0085993373,0.0,10.0,0.0,-0.0,0.1,0.430106758,43.0106758,0.0,0.0,100.0,1.0,0.11,-11.0,-694.5206095057381,694.5206095057381,0.0,-694.5206095057381,694.5206095057381,0.0,-74155.40317014972,74155.40317014972,0.0,0.0,2954.170283203125,2954.170283203125,0.0,0.0,3095.7732460243224,3095.7732460243224,0.0,-693956.0085993373,-693956.0085993373,75544.44438916117,75544.44438916119,75444.44438916117,0.0,100.0,0.0,0.0,75544.44438916119,69494.50085993375,1,0.0,100.0
4651,69808.21613085917,0.0,-698082.1613085917,0.0,10.0,0.0,-0.0,0.1,0.426072312,42.6072312,0.0,0.0,100.0,1.0,0.11,-11.0,-587.7198313100199,587.7198313100199,0.0,-587.7198313100199,587.7198313100199,0.0,-69147.38895654595,69147.38895654595,0.0,0.0,0.0,0.0,0.0,0.0,414.6124883068289,414.6124883068289,0.0,-698093.1613085917,-698093.1613085917,70322.828619166,70322.828619166,70222.828619166,0.0,100.0,0.0,0.0,70322.828619166,69908.21613085917,1,0.0,100.0
4652,69310.31343877835,0.0,-693103.1343877835,0.0,10.0,0.0,-0.0,0.1,0.429032997,42.903299700000005,0.0,0.0,100.0,1.0,0.11,-11.0,-303.8004296709201,303.8004296709201,0.0,-303.8004296709201,303.8004296709201,0.0,-68802.71257943651,68802.71257943651,0.0,0.0,0.0,0.0,0.0,0.0,0.0,0.0,0.0,-693114.1343877835,-693114.1343877835,69410.31343877835,69410.31343877835,69310.31343877835,0.0,100.0,0.0,0.0,69410.31343877835,69410.31343877835,1,0.0,100.0
4653,21550.643884143403,0.0,-215506.43884143402,0.0,10.0,0.0,-0.0,0.1,0.4300565879999999,43.00565879999999,0.0,0.0,100.0,1.0,0.11,-11.0,-264.32309590247127,264.32309590247127,0.0,-264.32309590247127,264.32309590247127,0.0,-21121.99769233846,21121.99769233846,0.0,0.0,0.0,0.0,0.0,0.0,0.0,0.0,0.0,-215517.43884143402,-215517.43884143402,21650.643884143403,21650.643884143403,21550.643884143403,0.0,100.0,0.0,0.0,21650.643884143403,21650.643884143403,1,0.0,100.0
4654,18551.37604419212,0.0,-185513.7604419212,0.0,10.0,0.0,-0.0,0.1,0.431214511,43.1214511,0.0,0.0,100.0,1.0,0.11,-11.0,-256.9783544138733,256.9783544138733,0.0,-256.9783544138733,256.9783544138733,0.0,-18137.41933536437,18137.41933536437,0.0,0.0,0.0,0.0,0.0,0.0,0.0,0.0,0.0,-185524.7604419212,-185524.7604419212,18651.37604419212,18651.37604419212,18551.37604419212,0.0,100.0,0.0,0.0,18651.37604419212,18651.37604419212,1,0.0,100.0
4655,17706.432624329176,0.0,-177064.32624329175,0.0,10.0,0.0,-0.0,0.1,0.440588912,44.0588912,0.0,0.0,100.0,1.0,0.11,-11.0,-203.9818357980999,203.9818357980999,0.0,-203.9818357980999,203.9818357980999,0.0,-17398.468952732976,17398.468952732976,0.0,0.0,0.0,0.0,0.0,0.0,0.0,0.0,0.0,-177075.32624329175,-177075.32624329175,17806.432624329176,17806.432624329176,17706.432624329176,0.0,100.0,0.0,0.0,17806.432624329176,17806.432624329176,1,0.0,100.0
4656,17706.17634061752,0.0,-177061.7634061752,0.0,10.0,0.0,-0.0,0.1,0.44143087,44.143086999999994,0.0,0.0,100.0,1.0,0.08,-8.0,-203.8537513789856,203.8537513789856,0.0,-203.8537513789856,203.8537513789856,0.0,-17398.46883785955,17398.46883785955,0.0,0.0,0.0,0.0,0.0,0.0,0.0,0.0,0.0,-177069.7634061752,-177069.7634061752,17806.17634061752,17806.17634061752,17706.17634061752,0.0,100.0,0.0,0.0,17806.17634061752,17806.17634061752,1,0.0,100.0
4657,17705.999596219284,0.0,-177059.99596219283,0.0,10.0,0.0,-0.0,0.1,0.437138596,43.7138596,0.0,0.0,100.0,1.0,0.08,-8.0,-203.76538522583635,203.76538522583635,0.0,-203.76538522583635,203.76538522583635,0.0,-17398.46882576761,17398.46882576761,0.0,0.0,0.0,0.0,0.0,0.0,0.0,0.0,0.0,-177067.99596219283,-177067.99596219283,17805.999596219284,17805.999596219284,17705.999596219284,0.0,100.0,0.0,0.0,17805.999596219284,17805.999596219284,1,0.0,100.0
4658,17705.900272645737,0.0,-177059.00272645737,0.0,10.0,0.0,-0.0,0.1,0.4354746129999999,43.54746129999999,0.0,0.0,100.0,1.0,0.08,-8.0,-203.7157204160786,203.7157204160786,0.0,-203.7157204160786,203.7157204160786,0.0,-17398.468831813578,17398.468831813578,0.0,0.0,0.0,0.0,0.0,0.0,0.0,0.0,0.0,-177067.00272645737,-177067.00272645737,17805.900272645737,17805.900272645737,17705.900272645737,0.0,100.0,0.0,0.0,17805.900272645737,17805.900272645737,1,0.0,100.0
4659,18456.527072319528,0.0,-184565.27072319528,0.0,10.0,0.0,-0.0,0.1,0.425691749,42.5691749,0.0,0.0,100.0,1.0,0.08,-8.0,-209.55394102921167,209.55394102921167,0.0,-209.55394102921167,209.55394102921167,0.0,-18137.419190261106,18137.419190261106,0.0,0.0,0.0,0.0,0.0,0.0,0.0,0.0,0.0,-184573.27072319528,-184573.27072319528,18556.527072319528,18556.527072319528,18456.527072319528,0.0,100.0,0.0,0.0,18556.527072319528,18556.527072319528,1,0.0,100.0
4660,19373.23783027396,0.0,-193732.37830273958,0.0,10.0,0.0,-0.0,0.1,0.3813585929999999,38.13585929999999,0.0,0.0,100.0,1.0,0.08,-8.0,-208.67465346982863,208.67465346982863,0.0,-208.67465346982863,208.67465346982863,0.0,-19055.888523334303,19055.888523334303,0.0,0.0,0.0,0.0,0.0,0.0,0.0,0.0,0.0,-193740.37830273958,-193740.37830273958,19473.23783027396,19473.23783027396,19373.23783027396,0.0,100.0,0.0,0.0,19473.23783027396,19473.23783027396,1,0.0,100.0
4661,54240.76052203536,0.0,-542407.6052203536,0.0,10.0,0.0,-0.0,0.1,0.345161699,34.5161699,0.0,0.0,100.0,1.0,0.11,-11.0,-443.7415797475882,443.7415797475882,0.0,-443.7415797475882,443.7415797475882,0.0,-57356.9896805652,57356.9896805652,0.0,0.0,2991.56484375,2991.56484375,0.0,0.0,912.1474742750236,912.1474742750236,0.0,-542418.6052203536,-542418.6052203536,58244.47284006038,58244.47284006038,58144.47284006038,0.0,100.0,0.0,0.0,58244.47284006038,54340.76052203536,1,0.0,100.0
4662,50398.55275737477,0.0,-503985.5275737477,0.0,10.0,0.0,-0.0,0.1,0.315844781,31.584478100000002,0.0,0.0,100.0,1.0,0.11,-11.0,-479.4029727733329,479.4029727733329,0.0,-479.4029727733329,479.4029727733329,0.0,-64502.685040376615,64502.685040376615,0.0,0.0,10208.715029296874,10208.715029296874,0.0,0.0,4754.223199251638,4754.223199251638,0.0,-503996.5275737477,-503996.5275737477,65461.49098592328,65461.49098592328,65361.49098592328,0.0,100.0,0.0,0.0,65461.49098592328,50498.55275737477,1,0.0,100.0
4663,68763.68001124274,0.0,-687636.8001124274,0.0,10.0,0.0,-0.0,0.1,0.300500779,30.050077899999998,0.0,0.0,100.0,1.0,0.11,-11.0,-775.1311999699756,775.1311999699756,0.0,-775.1311999699756,775.1311999699756,0.0,-95976.0756252542,95976.0756252542,0.0,0.0,17799.8108203125,17799.8108203125,0.0,0.0,10862.847193638916,10862.847193638916,0.0,-687647.8001124274,-687647.8001124274,97526.33802519416,97526.33802519416,97426.33802519416,0.0,100.0,0.0,0.0,97526.33802519416,68863.68001124274,1,0.0,100.0
4664,54344.054313404224,0.0,-543440.5431340423,0.0,10.0,0.0,-0.0,0.1,0.291290017,29.1290017,0.0,0.0,100.0,1.0,0.11,-11.0,-840.6985917100684,840.6985917100684,0.0,-840.6985917100684,840.6985917100684,0.0,-93426.0129515938,93426.0129515938,0.0,0.0,23857.72962890625,23857.72962890625,0.0,0.0,16805.626192703465,16805.626192703465,0.0,-543451.5431340423,-543451.5431340423,95107.41013501394,95107.41013501394,95007.41013501394,0.0,100.0,0.0,0.0,95107.41013501394,54444.054313404224,1,0.0,100.0
4665,40030.99551957738,0.0,-400309.9551957738,0.0,10.0,0.0,-0.0,0.1,0.283970807,28.3970807,0.0,0.0,100.0,1.0,0.11,-11.0,-903.2654898810993,903.2654898810993,0.0,-903.2654898810993,903.2654898810993,0.0,-90764.11918636168,90764.11918636168,0.0,0.0,30326.988603515623,30326.988603515623,0.0,0.0,22112.66604303088,22112.66604303088,0.0,-400320.9551957738,-400320.9551957738,92570.65016612389,92570.65016612389,92470.65016612389,0.0,100.0,0.0,0.0,92570.65016612389,40130.99551957738,1,0.0,100.0
4666,54154.74970501667,0.0,-541547.4970501667,0.0,10.0,0.0,-0.0,0.1,0.281959031,28.195903100000002,0.0,0.0,100.0,1.0,0.11,-11.0,-959.1858111496376,959.1858111496376,0.0,-959.1858111496376,959.1858111496376,0.0,-91922.21572633328,91922.21572633328,0.0,0.0,14322.116689453123,14322.116689453123,0.0,0.0,25263.72095416277,25263.72095416277,0.0,-541558.4970501667,-541558.4970501667,93840.58734863257,93840.58734863256,93740.58734863257,0.0,100.0,0.0,0.0,93840.58734863256,54254.749705016664,1,0.0,100.0
4667,48462.6916993857,0.0,-484626.916993857,0.0,10.0,0.0,-0.0,0.1,0.278998813,27.8998813,0.0,0.0,100.0,1.0,0.11,-11.0,-1008.852116332532,1008.852116332532,0.0,-1008.852116332532,1008.852116332532,0.0,-89525.72322129559,89525.72322129559,0.0,0.0,15256.980703125,15256.980703125,0.0,0.0,27723.75505144996,27723.75505144996,0.0,-484637.916993857,-484637.916993857,91543.42745396067,91543.42745396066,91443.42745396067,0.0,100.0,0.0,0.0,91543.42745396066,48562.691699385694,1,0.0,100.0
4668,51024.67436961454,0.0,-510246.7436961454,0.0,10.0,0.0,-0.0,0.1,0.28576658,28.576658,0.0,0.0,100.0,1.0,0.11,-11.0,-1053.9408276483873,1053.9408276483873,0.0,-1053.9408276483873,1053.9408276483873,0.0,-91952.0321512185,91952.0321512185,0.0,0.0,14658.667734375,14658.667734375,0.0,0.0,28276.57170252573,28276.57170252573,0.0,-510257.7436961454,-510257.7436961454,94059.91380651528,94059.91380651528,93959.91380651528,0.0,100.0,0.0,0.0,94059.91380651528,51124.67436961455,1,0.0,100.0
4669,55384.56294872663,0.0,-553845.6294872663,0.0,10.0,0.0,-0.0,0.1,0.3077709939999999,30.77709939999999,0.0,0.0,100.0,1.0,0.11,-11.0,-1093.648053241878,1093.648053241878,0.0,-1093.648053241878,1093.648053241878,0.0,-91880.02761511582,91880.02761511582,0.0,0.0,11854.075693359377,11854.075693359377,0.0,0.0,26728.68507951357,26728.68507951357,0.0,-553856.6294872663,-553856.6294872663,94067.32372159958,94067.32372159958,93967.32372159958,0.0,100.0,0.0,0.0,94067.32372159958,55484.56294872663,1,0.0,100.0
4670,56717.965143471214,0.0,-567179.6514347121,0.0,10.0,0.0,-0.0,0.1,0.333276233,33.3276233,0.0,0.0,100.0,1.0,0.08,-8.0,-1113.019330339643,1113.019330339643,0.0,-1113.019330339643,1113.019330339643,0.0,-91721.06559029236,91721.06559029236,0.0,0.0,12639.361464843749,12639.361464843749,0.0,0.0,24489.77764265669,24489.77764265669,0.0,-567187.6514347121,-567187.6514347121,93947.10425097165,93947.10425097165,93847.10425097165,0.0,100.0,0.0,0.0,93947.10425097165,56817.965143471214,0,0.0,100.0
4671,66602.95982535165,0.0,-666029.5982535165,0.0,10.0,0.0,-0.0,0.1,0.346138575,34.6138575,0.0,0.0,100.0,1.0,0.08,-8.0,-1157.587941659746,1157.587941659746,0.0,-1157.587941659746,1157.587941659746,0.0,-94452.37047294232,94452.37047294232,0.0,0.0,10246.109589843749,10246.109589843749,0.0,0.0,19818.47694106642,19818.47694106642,0.0,-666037.5982535165,-666037.5982535165,96767.54635626181,96767.54635626181,96667.54635626181,0.0,100.0,0.0,0.0,96767.54635626181,66702.95982535165,0,0.0,100.0
4672,71090.1426221458,0.0,-710901.426221458,0.0,10.0,0.0,-0.0,0.1,0.380486262,38.0486262,0.0,0.0,100.0,1.0,0.08,-8.0,-1027.2986713067585,1027.2986713067585,0.0,-1027.2986713067585,1027.2986713067585,0.0,-88225.353890685,88225.353890685,0.0,0.0,5048.265673828125,5048.265673828125,0.0,0.0,14041.542937324604,14041.542937324604,0.0,-710909.426221458,-710909.426221458,90279.95123329852,90279.95123329852,90179.95123329852,0.0,100.0,0.0,0.0,90279.95123329852,71190.1426221458,0,0.0,100.0
4673,67800.92548997603,0.0,-678009.2548997602,0.0,10.0,0.0,-0.0,0.1,0.411877902,41.1877902,0.0,0.0,100.0,1.0,0.11,-11.0,-679.5565674757122,679.5565674757122,0.0,-679.5565674757122,679.5565674757122,0.0,-77630.5207856092,77630.5207856092,0.0,0.0,2879.381162109375,2879.381162109375,0.0,0.0,8209.327268475212,8209.327268475212,0.0,-678020.2548997602,-678020.2548997602,78989.63392056062,78989.63392056062,78889.63392056062,0.0,100.0,0.0,0.0,78989.63392056062,67900.92548997603,1,0.0,100.0
4674,73227.63126936436,0.0,-732276.3126936436,0.0,10.0,0.0,-0.0,0.1,0.416624551,41.6624551,0.0,0.0,100.0,1.0,0.11,-11.0,-695.2706668925988,695.2706668925988,0.0,-695.2706668925988,695.2706668925988,0.0,-75710.82632572365,75710.82632572365,0.0,0.0,1009.6531347656248,1009.6531347656248,0.0,0.0,2764.083255378859,2764.083255378859,0.0,-732287.3126936436,-732287.3126936436,77101.36765950883,77101.36765950885,77001.36765950883,0.0,100.0,0.0,0.0,77101.36765950885,73327.63126936436,1,0.0,100.0
4675,69337.84527415059,0.0,-693378.4527415059,0.0,10.0,0.0,-0.0,0.1,0.426190694,42.6190694,0.0,0.0,100.0,1.0,0.11,-11.0,-589.8747263946568,589.8747263946568,0.0,-589.8747263946568,589.8747263946568,0.0,-68617.42664456053,68617.42664456053,0.0,0.0,0.0,0.0,0.0,0.0,359.3308231992517,359.3308231992517,0.0,-693389.4527415059,-693389.4527415059,69797.17609734985,69797.17609734985,69697.17609734985,0.0,100.0,0.0,0.0,69797.17609734985,69437.84527415059,1,0.0,100.0
4676,67969.87340883563,0.0,-679698.7340883563,0.0,10.0,0.0,-0.0,0.1,0.42572107,42.572106999999995,0.0,0.0,100.0,1.0,0.11,-11.0,-307.71609811581595,307.71609811581595,0.0,-307.71609811581595,307.71609811581595,0.0,-67454.441212604,67454.441212604,0.0,0.0,0.0,0.0,0.0,0.0,0.0,0.0,0.0,-679709.7340883563,-679709.7340883563,68069.87340883563,68069.87340883563,67969.87340883563,0.0,100.0,0.0,0.0,68069.87340883563,68069.87340883563,1,0.0,100.0
4677,21623.709615007505,0.0,-216237.09615007506,0.0,10.0,0.0,-0.0,0.1,0.419968854,41.996885400000004,0.0,0.0,100.0,1.0,0.11,-11.0,-300.85603086317303,300.85603086317303,0.0,-300.85603086317303,300.85603086317303,0.0,-21121.99755328116,21121.99755328116,0.0,0.0,0.0,0.0,0.0,0.0,0.0,0.0,0.0,-216248.09615007506,-216248.09615007506,21723.709615007505,21723.709615007505,21623.709615007505,0.0,100.0,0.0,0.0,21723.709615007505,21723.709615007505,1,0.0,100.0
4678,18556.09640532691,0.0,-185560.9640532691,0.0,10.0,0.0,-0.0,0.1,0.415579221,41.5579221,0.0,0.0,100.0,1.0,0.11,-11.0,-259.3386045099142,259.3386045099142,0.0,-259.3386045099142,259.3386045099142,0.0,-18137.41919630708,18137.41919630708,0.0,0.0,0.0,0.0,0.0,0.0,0.0,0.0,0.0,-185571.9640532691,-185571.9640532691,18656.09640532691,18656.09640532691,18556.09640532691,0.0,100.0,0.0,0.0,18656.09640532691,18656.09640532691,1,0.0,100.0
4679,17706.3793353764,0.0,-177063.79335376402,0.0,10.0,0.0,-0.0,0.1,0.410556871,41.0556871,0.0,0.0,100.0,1.0,0.11,-11.0,-203.9552548043957,203.9552548043957,0.0,-203.9552548043957,203.9552548043957,0.0,-17398.46882576761,17398.46882576761,0.0,0.0,0.0,0.0,0.0,0.0,0.0,0.0,0.0,-177074.79335376402,-177074.79335376402,17806.3793353764,17806.3793353764,17706.3793353764,0.0,100.0,0.0,0.0,17806.3793353764,17806.3793353764,1,0.0,100.0
4680,14692.782388658687,0.0,-146927.82388658688,0.0,10.0,0.0,-0.0,0.1,0.421007297,42.1007297,0.0,0.0,100.0,1.0,0.08,-8.0,-203.834457800396,203.834457800396,0.0,-203.834457800396,203.834457800396,0.0,-14385.113473057894,14385.113473057894,0.0,0.0,0.0,0.0,0.0,0.0,0.0,0.0,0.0,-146935.82388658688,-146935.82388658688,14792.782388658687,14792.782388658687,14692.782388658687,0.0,100.0,0.0,0.0,14792.782388658687,14792.782388658687,1,0.0,100.0
4681,14692.614356282995,0.0,-146926.14356282994,0.0,10.0,0.0,-0.0,0.1,0.437622378,43.7622378,0.0,0.0,100.0,1.0,0.08,-8.0,-203.75043858956755,203.75043858956755,0.0,-203.75043858956755,203.75043858956755,0.0,-14385.11347910386,14385.11347910386,0.0,0.0,0.0,0.0,0.0,0.0,0.0,0.0,0.0,-146934.14356282994,-146934.14356282994,14792.614356282995,14792.614356282995,14692.614356282995,0.0,100.0,0.0,0.0,14792.614356282995,14792.614356282995,1,0.0,100.0
4682,14692.52235541827,0.0,-146925.2235541827,0.0,10.0,0.0,-0.0,0.1,0.447013301,44.7013301,0.0,0.0,100.0,1.0,0.08,-8.0,-203.70443815720543,203.70443815720543,0.0,-203.70443815720543,203.70443815720543,0.0,-14385.11347910386,14385.11347910386,0.0,0.0,0.0,0.0,0.0,0.0,0.0,0.0,0.0,-146933.2235541827,-146933.2235541827,14792.52235541827,14792.52235541827,14692.52235541827,0.0,100.0,0.0,0.0,14792.52235541827,14792.52235541827,1,0.0,100.0
4683,15433.677212754543,0.0,-154336.77212754544,0.0,10.0,0.0,-0.0,0.1,0.436887352,43.6887352,0.0,0.0,100.0,1.0,0.08,-8.0,-204.8066815556096,204.8066815556096,0.0,-204.8066815556096,204.8066815556096,0.0,-15124.063849643324,15124.063849643324,0.0,0.0,0.0,0.0,0.0,0.0,0.0,0.0,0.0,-154344.77212754544,-154344.77212754544,15533.677212754543,15533.677212754543,15433.677212754543,0.0,100.0,0.0,0.0,15533.677212754543,15533.677212754543,1,0.0,100.0
4684,14845.188409663562,0.0,-148451.88409663562,0.0,10.0,0.0,-0.0,0.1,0.408375536,40.8375536,0.0,0.0,100.0,1.0,0.08,-8.0,-204.66647281183904,204.66647281183904,0.0,-204.66647281183904,204.66647281183904,0.0,-14535.855464039883,14535.855464039883,0.0,0.0,0.0,0.0,0.0,0.0,0.0,0.0,0.0,-148459.88409663562,-148459.88409663562,14945.188409663562,14945.188409663562,14845.188409663562,0.0,100.0,0.0,0.0,14945.188409663562,14945.188409663562,1,0.0,100.0
4685,52087.569702725275,0.0,-520875.69702725275,0.0,10.0,0.0,-0.0,0.1,0.372178945,37.2178945,0.0,0.0,100.0,1.0,0.11,-11.0,-186.7120236754496,186.7120236754496,0.0,-186.7120236754496,186.7120236754496,0.0,-53700.17205529362,53700.17205529362,0.0,0.0,1084.4422558593749,1084.4422558593749,0.0,0.0,801.5841440598691,801.5841440598691,0.0,-520886.69702725275,-520886.69702725275,54073.59610264452,54073.596102644515,53973.59610264452,0.0,100.0,0.0,0.0,54073.596102644515,52187.56970272527,1,0.0,100.0
4686,50851.156152789685,0.0,-508511.56152789685,0.0,10.0,0.0,-0.0,0.1,0.351692131,35.1692131,0.0,0.0,100.0,1.0,0.11,-11.0,-168.4331939371716,168.4331939371716,0.0,-168.4331939371716,168.4331939371716,0.0,-54901.76465528272,54901.76465528272,0.0,0.0,2131.489951171875,2131.489951171875,0.0,0.0,2155.98493919551,2155.98493919551,0.0,-508522.56152789685,-508522.56152789685,55238.63104315707,55238.63104315707,55138.63104315707,0.0,100.0,0.0,0.0,55238.63104315707,50951.156152789685,1,0.0,100.0
4687,60446.0315868246,0.0,-604460.315868246,0.0,10.0,0.0,-0.0,0.1,0.330232398,33.0232398,0.0,0.0,100.0,1.0,0.11,-11.0,-209.3499918178664,209.3499918178664,0.0,-209.3499918178664,209.3499918178664,0.0,-71331.43279882477,71331.43279882477,0.0,0.0,3851.639736328125,3851.639736328125,0.0,0.0,7352.461459307765,7352.461459307765,0.0,-604471.315868246,-604471.315868246,71750.1327824605,71750.1327824605,71650.1327824605,0.0,100.0,0.0,0.0,71750.1327824605,60546.03158682461,1,0.0,100.0
4688,50820.00503993521,0.0,-508200.0503993521,0.0,10.0,0.0,-0.0,0.1,0.312700083,31.2700083,0.0,0.0,100.0,1.0,0.11,-11.0,-228.782721265574,228.782721265574,0.0,-228.782721265574,228.782721265574,0.0,-70026.94017736708,70026.94017736708,0.0,0.0,6656.23177734375,6656.23177734375,0.0,0.0,12908.268802619272,12908.268802619272,0.0,-508211.0503993521,-508211.0503993521,70484.50561989823,70484.50561989823,70384.50561989823,0.0,100.0,0.0,0.0,70484.50561989823,50920.00503993521,1,0.0,100.0
4689,41939.78357953453,0.0,-419397.8357953453,0.0,10.0,0.0,-0.0,0.1,0.304339798,30.4339798,0.0,0.0,100.0,1.0,0.11,-11.0,-293.0971274469204,293.0971274469204,0.0,-293.0971274469204,293.0971274469204,0.0,-67926.58283330461,67926.58283330461,0.0,0.0,8451.17068359375,8451.17068359375,0.0,0.0,18021.82282507016,18021.82282507016,0.0,-419408.8357953453,-419408.8357953453,68512.77708819843,68512.77708819845,68412.77708819843,0.0,100.0,0.0,0.0,68512.77708819845,42039.78357953454,1,0.0,100.0
4690,36452.87413487314,0.0,-364528.74134873145,0.0,10.0,0.0,-0.0,0.1,0.329837082,32.9837082,0.0,0.0,100.0,1.0,0.11,-11.0,-302.66579642660787,302.66579642660787,0.0,-302.66579642660787,302.66579642660787,0.0,-68408.77974798235,68408.77974798235,0.0,0.0,9685.191181640625,9685.191181640625,0.0,0.0,22776.0460243218,22776.0460243218,0.0,-364539.74134873145,-364539.74134873145,69014.11134083557,69014.11134083556,68914.11134083557,0.0,100.0,0.0,0.0,69014.11134083556,36552.874134873135,1,0.0,100.0
4691,32696.256999858408,0.0,-326962.5699985841,0.0,10.0,0.0,-0.0,0.1,0.351713915,35.1713915,0.0,0.0,100.0,1.0,0.11,-11.0,-321.35675625579887,321.35675625579887,0.0,-321.35675625579887,321.35675625579887,0.0,-69056.78973846132,69056.78973846132,0.0,0.0,10395.68783203125,10395.68783203125,0.0,0.0,26507.55841908326,26507.55841908326,0.0,-326973.5699985841,-326973.5699985841,69699.50325097292,69699.50325097292,69599.50325097292,0.0,100.0,0.0,0.0,69699.50325097292,32796.25699985841,1,0.0,100.0
4692,21038.555810420723,0.0,-210385.55810420722,0.0,10.0,0.0,-0.0,0.1,0.388028357,38.802835699999996,0.0,0.0,100.0,1.0,0.11,-11.0,-322.05847956881064,322.05847956881064,0.0,-322.05847956881064,322.05847956881064,0.0,-69388.31298766019,69388.31298766019,0.0,0.0,22773.287373046875,22773.287373046875,0.0,0.0,26120.58676333022,26120.58676333022,0.0,-210396.55810420722,-210396.55810420722,70032.42994679781,70032.42994679781,69932.42994679781,0.0,100.0,0.0,0.0,70032.42994679781,21138.555810420716,1,0.0,100.0
4693,9502.719277721,0.0,-95027.19277721,0.0,10.0,0.0,-0.0,0.1,0.4208599939999999,42.08599939999999,0.0,0.0,100.0,1.0,0.11,-11.0,-353.8853995425713,353.8853995425713,0.0,-353.8853995425713,353.8853995425713,0.0,-54185.91875222866,54185.91875222866,0.0,0.0,19557.355166015623,19557.355166015623,0.0,0.0,25733.615107577178,25733.615107577178,0.0,-95038.19277721,-95038.19277721,54893.6895513138,54893.6895513138,54793.6895513138,0.0,100.0,0.0,0.0,54893.6895513138,9602.719277721,1,0.0,100.0
4694,5748.568085008661,0.0,-57485.68085008661,0.0,10.0,0.0,-0.0,0.1,0.432593217,43.2593217,0.0,0.0,100.0,1.0,0.08,-8.0,-356.1902941378317,356.1902941378317,0.0,-356.1902941378317,356.1902941378317,0.0,-53873.84388801939,53873.84388801939,0.0,0.0,25353.51205078125,25353.51205078125,0.0,0.0,23384.144340505147,23384.144340505147,0.0,-57493.68085008661,-57493.68085008661,54586.22447629506,54586.22447629506,54486.22447629506,0.0,100.0,0.0,0.0,54586.22447629506,5848.568085008665,1,0.0,100.0
4695,23305.655271480682,0.0,-233056.5527148068,0.0,10.0,0.0,-0.0,0.1,0.446006416,44.6006416,0.0,0.0,100.0,1.0,0.08,-8.0,-372.6989551119583,372.6989551119583,0.0,-372.6989551119583,372.6989551119583,0.0,-57415.27261646023,57415.27261646023,0.0,0.0,17949.3890625,17949.3890625,0.0,0.0,16805.626192703465,16805.626192703465,0.0,-233064.5527148068,-233064.5527148068,58160.670526684145,58160.670526684145,58060.670526684145,0.0,100.0,0.0,0.0,58160.670526684145,23405.655271480682,1,0.0,100.0
4696,31477.715974837778,0.0,-314777.1597483778,0.0,10.0,0.0,-0.0,0.1,0.447524824,44.7524824,0.0,0.0,100.0,1.0,0.08,-8.0,-367.913441960148,367.913441960148,0.0,-367.913441960148,367.913441960148,0.0,-55283.88605622896,55283.88605622896,0.0,0.0,12639.361464843749,12639.361464843749,0.0,0.0,11802.635500467728,11802.635500467728,0.0,-314785.1597483778,-314785.1597483778,56019.71294014926,56019.71294014926,55919.71294014926,0.0,100.0,0.0,0.0,56019.71294014926,31577.71597483778,1,0.0,100.0
4697,29955.429114309176,0.0,-299554.29114309174,0.0,10.0,0.0,-0.0,0.1,0.438304105,43.8304105,0.0,0.0,100.0,1.0,0.11,-11.0,-369.6362447855108,369.6362447855108,0.0,-369.6362447855108,369.6362447855108,0.0,-44716.518739311134,44716.518739311134,0.0,0.0,9236.456455078123,9236.456455078123,0.0,0.0,6163.905659494856,6163.905659494856,0.0,-299565.29114309174,-299565.29114309174,45455.79122888215,45455.79122888215,45355.79122888215,0.0,100.0,0.0,0.0,45455.79122888215,30055.429114309176,1,0.0,100.0
4698,36463.79989461612,0.0,-364637.9989461612,0.0,10.0,0.0,-0.0,0.1,0.432979562,43.2979562,0.0,0.0,100.0,1.0,0.11,-11.0,-352.462354185871,352.462354185871,0.0,-352.462354185871,352.462354185871,0.0,-40482.869502093374,40482.869502093374,0.0,0.0,3103.7485253906248,3103.7485253906248,0.0,0.0,1520.2457904583723,1520.2457904583723,0.0,-364648.9989461612,-364648.9989461612,41187.794210465116,41187.794210465116,41087.794210465116,0.0,100.0,0.0,0.0,41187.794210465116,36563.79989461612,1,0.0,100.0
4699,38854.16138982083,0.0,-388541.6138982083,0.0,10.0,0.0,-0.0,0.1,0.42970525,42.970524999999995,0.0,0.0,100.0,1.0,0.11,-11.0,-355.2725160757767,355.2725160757767,0.0,-355.2725160757767,355.2725160757767,0.0,-38547.66551576095,38547.66551576095,0.0,0.0,0.0,0.0,0.0,0.0,304.0491580916745,304.0491580916745,0.0,-388552.6138982083,-388552.6138982083,39258.2105479125,39258.2105479125,39158.2105479125,0.0,100.0,0.0,0.0,39258.2105479125,38954.16138982083,1,0.0,100.0
4700,18605.192773877006,0.0,-186051.92773877006,0.0,10.0,0.0,-0.0,0.1,0.424616716,42.4616716,0.0,0.0,100.0,1.0,0.11,-11.0,-312.6098091264725,312.6098091264725,0.0,-312.6098091264725,312.6098091264725,0.0,-18079.973155624062,18079.973155624062,0.0,0.0,0.0,0.0,0.0,0.0,0.0,0.0,0.0,-186062.92773877006,-186062.92773877006,18705.192773877006,18705.192773877006,18605.192773877006,0.0,100.0,0.0,0.0,18705.192773877006,18705.192773877006,1,0.0,100.0
4701,17114.23533120316,0.0,-171142.3533120316,0.0,10.0,0.0,-0.0,0.1,0.423079282,42.3079282,0.0,0.0,100.0,1.0,0.11,-11.0,-306.13537628642393,306.13537628642393,0.0,-306.13537628642393,306.13537628642393,0.0,-16601.96457863031,16601.96457863031,0.0,0.0,0.0,0.0,0.0,0.0,0.0,0.0,0.0,-171153.3533120316,-171153.3533120316,17214.23533120316,17214.23533120316,17114.23533120316,0.0,100.0,0.0,0.0,17214.23533120316,17214.23533120316,1,0.0,100.0
4702,15618.67653996326,0.0,-156186.7653996326,0.0,10.0,0.0,-0.0,0.1,0.4255387779999999,42.55387779999999,0.0,0.0,100.0,1.0,0.11,-11.0,-297.3063481829534,297.3063481829534,0.0,-297.3063481829534,297.3063481829534,0.0,-15124.063843597354,15124.063843597354,0.0,0.0,0.0,0.0,0.0,0.0,0.0,0.0,0.0,-156197.7653996326,-156197.7653996326,15718.67653996326,15718.67653996326,15618.67653996326,0.0,100.0,0.0,0.0,15718.67653996326,15718.67653996326,1,0.0,100.0
4703,14761.49582176433,0.0,-147614.95821764332,0.0,10.0,0.0,-0.0,0.1,0.422361517,42.2361517,0.0,0.0,100.0,1.0,0.11,-11.0,-238.1911743532185,238.1911743532185,0.0,-238.1911743532185,238.1911743532185,0.0,-14385.113473057894,14385.113473057894,0.0,0.0,0.0,0.0,0.0,0.0,0.0,0.0,0.0,-147625.95821764332,-147625.95821764332,14861.49582176433,14861.49582176433,14761.49582176433,0.0,100.0,0.0,0.0,14861.49582176433,14861.49582176433,1,0.0,100.0
4704,14693.183210292647,0.0,-146931.83210292648,0.0,10.0,0.0,-0.0,0.1,0.4324010339999999,43.24010339999999,0.0,0.0,100.0,1.0,0.08,-8.0,-204.04838740553245,204.04838740553245,0.0,-204.04838740553245,204.04838740553245,0.0,-14385.086435481582,14385.086435481582,0.0,0.0,0.0,0.0,0.0,0.0,0.0,0.0,0.0,-146939.83210292648,-146939.83210292648,14793.183210292647,14793.183210292647,14693.183210292647,0.0,100.0,0.0,0.0,14793.183210292647,14793.183210292647,1,0.0,100.0
4705,14693.115294308516,0.0,-146931.15294308515,0.0,10.0,0.0,-0.0,0.1,0.442663464,44.2663464,0.0,0.0,100.0,1.0,0.08,-8.0,-204.01442941346696,204.01442941346696,0.0,-204.01442941346696,204.01442941346696,0.0,-14385.086435481582,14385.086435481582,0.0,0.0,0.0,0.0,0.0,0.0,0.0,0.0,0.0,-146939.15294308515,-146939.15294308515,14793.115294308516,14793.115294308516,14693.115294308516,0.0,100.0,0.0,0.0,14793.115294308516,14793.115294308516,1,0.0,100.0
4706,14693.010076610224,0.0,-146930.10076610223,0.0,10.0,0.0,-0.0,0.1,0.450354845,45.0354845,0.0,0.0,100.0,1.0,0.08,-8.0,-203.96183567924624,203.96183567924624,0.0,-203.96183567924624,203.96183567924624,0.0,-14385.086405251732,14385.086405251732,0.0,0.0,0.0,0.0,0.0,0.0,0.0,0.0,0.0,-146938.10076610223,-146938.10076610223,14793.010076610224,14793.010076610224,14693.010076610224,0.0,100.0,0.0,0.0,14793.010076610224,14793.010076610224,1,0.0,100.0
4707,15434.203701504668,0.0,-154342.0370150467,0.0,10.0,0.0,-0.0,0.1,0.452031031,45.2031031,0.0,0.0,100.0,1.0,0.08,-8.0,-205.0834658797215,205.0834658797215,0.0,-205.0834658797215,205.0834658797215,0.0,-15124.036769745226,15124.036769745226,0.0,0.0,0.0,0.0,0.0,0.0,0.0,0.0,0.0,-154350.0370150467,-154350.0370150467,15534.203701504668,15534.203701504668,15434.203701504668,0.0,100.0,0.0,0.0,15534.203701504668,15534.203701504668,1,0.0,100.0
4708,14845.81637403507,0.0,-148458.1637403507,0.0,10.0,0.0,-0.0,0.1,0.432836181,43.2836181,0.0,0.0,100.0,1.0,0.08,-8.0,-204.9939919236568,204.9939919236568,0.0,-204.9939919236568,204.9939919236568,0.0,-14535.828390187757,14535.828390187757,0.0,0.0,0.0,0.0,0.0,0.0,0.0,0.0,0.0,-148466.1637403507,-148466.1637403507,14945.81637403507,14945.81637403507,14845.81637403507,0.0,100.0,0.0,0.0,14945.81637403507,14945.81637403507,1,0.0,100.0
4709,13247.94128581152,0.0,-132479.4128581152,0.0,10.0,0.0,-0.0,0.1,0.418879095,41.8879095,0.0,0.0,100.0,1.0,0.11,-11.0,-186.8630111541364,186.8630111541364,0.0,-186.8630111541364,186.8630111541364,0.0,-16458.454038945027,16458.454038945027,0.0,0.0,2655.013798828125,2655.013798828125,0.0,0.0,829.2249766136578,829.2249766136578,0.0,-132490.4128581152,-132490.4128581152,16832.1800612533,16832.1800612533,16732.1800612533,0.0,100.0,0.0,0.0,16832.1800612533,13347.941285811517,1,0.0,100.0
4710,26654.286913006446,0.0,-266542.86913006444,0.0,10.0,0.0,-0.0,0.1,0.402176944,40.2176944,0.0,0.0,100.0,1.0,0.11,-11.0,-168.53570001710898,168.53570001710898,0.0,-168.53570001710898,168.53570001710898,0.0,-34517.41008601618,34517.41008601618,0.0,0.0,3926.428857421875,3926.428857421875,0.0,0.0,4173.765715622078,4173.765715622078,0.0,-266553.86913006444,-266553.86913006444,34854.4814860504,34854.4814860504,34754.4814860504,0.0,100.0,0.0,0.0,34854.4814860504,26754.286913006443,1,0.0,100.0
4711,24321.30252895489,0.0,-243213.0252895489,0.0,10.0,0.0,-0.0,0.1,0.378050437,37.8050437,0.0,0.0,100.0,1.0,0.11,-11.0,-168.5984778727381,168.5984778727381,0.0,-168.5984778727381,168.5984778727381,0.0,-45043.32601730326,45043.32601730326,0.0,0.0,13275.068994140624,13275.068994140624,0.0,0.0,7684.151449953229,7684.151449953229,0.0,-243224.0252895489,-243224.0252895489,45380.52297304874,45380.52297304874,45280.52297304874,0.0,100.0,0.0,0.0,45380.52297304874,24421.30252895489,1,0.0,100.0
4712,19423.827578847802,0.0,-194238.27578847803,0.0,10.0,0.0,-0.0,0.1,0.353907052,35.3907052,0.0,0.0,100.0,1.0,0.11,-11.0,-261.7872798815366,261.7872798815366,0.0,-261.7872798815366,261.7872798815366,0.0,-38891.3295798947,38891.3295798947,0.0,0.0,11405.340966796875,11405.340966796875,0.0,0.0,8485.735594013098,8485.735594013098,0.0,-194249.27578847803,-194249.27578847803,39414.90413965778,39414.904139657774,39314.90413965778,0.0,100.0,0.0,0.0,39414.904139657774,19523.8275788478,1,0.0,100.0
4713,10611.006331579887,0.0,-106110.06331579888,0.0,10.0,0.0,-0.0,0.1,0.352437376,35.2437376,0.0,0.0,100.0,1.0,0.11,-11.0,-307.2641717240218,307.2641717240218,0.0,-307.2641717240218,307.2641717240218,0.0,-42160.294182662365,42160.294182662365,0.0,0.0,23633.362265625,23633.362265625,0.0,0.0,8430.453928905521,8430.453928905521,0.0,-106121.06331579888,-106121.06331579888,42774.82252611041,42774.82252611041,42674.82252611041,0.0,100.0,0.0,0.0,42774.82252611041,10711.006331579887,1,0.0,100.0
4714,0.0,0.0,-0.0,55.55555555555556,10.0,0.0,-0.0,0.1,0.368557122,0.0,0.0,100.0,0.0,1.0,0.11,0.0,-311.22290757632265,311.22290757632265,0.0,-311.22290757632265,311.22290757632265,0.0,-36185.26353107675,36185.26353107675,0.0,0.0,24867.382763671874,24867.382763671874,0.0,7694.953970399551,19790.83610851263,12095.88213811308,0.0,0.0,0.0,36963.264901784954,36963.264901784954,36963.264901784954,0.0,0.0,155.55555555555475,0.0,36807.7093462294,-7850.509525955102,1,-55.55555555555556,-100.0
4715,0.0,0.0,-0.0,44.44444444444444,60.0,0.0,-0.0,0.6,0.4021320379999999,0.0,0.0,100.0,0.0,1.0,0.11,0.0,-340.69863352111486,340.69863352111486,0.0,-340.69863352111486,340.69863352111486,0.0,-39193.56785098726,39193.56785098726,0.0,0.0,26026.614140625,26026.614140625,0.0,13565.114634278289,27557.910056127224,13992.795421848936,0.0,0.0,0.0,40019.409562473935,40019.409562473935,40019.409562473935,0.0,0.0,144.44444444444525,0.0,39874.96511802949,-13709.559078722734,1,-44.44444444444444,-100.0
4716,0.0,0.0,-0.0,0.0,100.0,-0.0,-0.0,1.0,0.425499942,0.0,0.0,100.0,0.0,1.0,0.11,0.0,-301.78343433337426,301.78343433337426,0.0,-301.78343433337426,301.78343433337426,0.0,-34588.6672072578,34588.6672072578,0.0,0.0,15144.797021484375,15144.797021484375,0.0,4065.9322626786343,24213.36931711881,20147.437054440175,0.0,0.0,0.0,35292.23407592455,35292.23407592455,35292.23407592455,0.0,0.0,100.0,0.0,35192.23407592455,-4165.932262678638,1,-0.0,-100.0
4717,154.80127527021614,0.0,-1548.0127527021614,0.0,100.0,45.0,-0.0,1.0,0.4410042529999999,44.10042529999999,0.0,0.0,100.0,1.0,0.11,-11.0,-305.89565716665675,305.89565716665675,0.0,-305.89565716665675,305.89565716665675,0.0,-37317.987996137,37317.987996137,0.0,0.0,11592.313769531249,11592.313769531249,0.0,0.0,26037.664265668853,26037.664265668853,0.0,-1559.0127527021614,-1559.0127527021614,37929.779310470316,37929.779310470316,37784.779310470316,0.0,145.0,0.0,0.0,37929.779310470316,299.8012752702125,1,45.0,100.0
4718,0.0,0.0,-0.0,55.55555555555556,50.0,0.0,-0.0,0.5,0.453973705,0.0,0.0,100.0,0.0,1.0,0.08,0.0,-290.65645230694327,290.65645230694327,0.0,-290.65645230694327,290.65645230694327,0.0,-39254.39121264307,39254.39121264307,0.0,0.0,19258.198681640624,19258.198681640624,0.0,1877.1400378271792,22610.20102899907,20733.06099117189,0.0,0.0,0.0,39991.25967281251,39991.25967281251,39991.25967281251,0.0,0.0,155.55555555555475,0.0,39835.70411725696,-2032.695593382734,1,-55.55555555555556,-100.0
4719,20478.668308987857,0.0,-204786.68308987858,0.0,100.0,45.0,-0.0,1.0,0.458638561,45.8638561,0.0,0.0,100.0,1.0,0.08,-8.0,-310.70340985112324,310.70340985112324,0.0,-310.70340985112324,310.70340985112324,0.0,-46130.57057646003,46130.57057646003,0.0,0.0,8189.408759765624,8189.408759765624,0.0,0.0,17938.900327408795,17938.900327408795,0.0,-204794.68308987858,-204794.68308987858,46751.97739616228,46751.97739616228,46606.97739616228,0.0,145.0,0.0,0.0,46751.97739616228,20623.668308987857,1,45.0,100.0
4720,23678.167428623805,0.0,-236781.67428623803,0.0,50.0,36.0,-0.0,0.5,0.450151236,45.0151236,0.0,0.0,100.0,1.0,0.08,-8.0,-281.93911827760866,281.93911827760866,0.0,-281.93911827760866,281.93911827760866,0.0,-45004.83371060227,45004.83371060227,0.0,0.0,8376.381562499999,8376.381562499999,0.0,0.0,13378.16295603368,13378.16295603368,0.0,-236789.67428623803,-236789.67428623803,45568.711947157484,45568.711947157484,45432.711947157484,0.0,136.0,0.0,0.0,45568.711947157484,23814.167428623805,1,36.0,100.0
4721,35128.60143441841,0.0,-351286.0143441841,0.0,10.0,0.0,-0.0,0.1,0.429237961,42.9237961,0.0,0.0,100.0,1.0,0.11,-11.0,-297.1000016050933,297.1000016050933,0.0,-297.1000016050933,297.1000016050933,0.0,-49335.704213689656,49335.704213689656,0.0,0.0,7404.1229882812495,7404.1229882812495,0.0,0.0,7297.179794200189,7297.179794200189,0.0,-351297.0143441841,-351297.0143441841,49929.90421689984,49929.90421689984,49829.90421689984,0.0,100.0,0.0,0.0,49929.90421689984,35228.60143441841,1,0.0,100.0
4722,34158.51218351027,0.0,-341585.1218351027,0.0,10.0,0.0,-0.0,0.1,0.42526094,42.526094,0.0,0.0,100.0,1.0,0.11,-11.0,-260.5215264297461,260.5215264297461,0.0,-260.5215264297461,260.5215264297461,0.0,-37844.45262398567,37844.45262398567,0.0,0.0,2393.251875,2393.251875,0.0,0.0,1713.7316183348926,1713.7316183348926,0.0,-341596.1218351027,-341596.1218351027,38365.49567684516,38365.49567684517,38265.49567684516,0.0,100.0,0.0,0.0,38365.49567684517,34258.51218351028,1,0.0,100.0
4723,19248.370933412483,0.0,-192483.70933412484,0.0,10.0,0.0,-0.0,0.1,0.428095796,42.8095796,0.0,0.0,100.0,1.0,0.11,-11.0,-250.33262024663264,250.33262024663264,0.0,-250.33262024663264,250.33262024663264,0.0,-19041.19152079574,19041.19152079574,0.0,0.0,0.0,0.0,0.0,0.0,193.4858278765201,193.4858278765201,0.0,-192494.70933412484,-192494.70933412484,19541.856761289004,19541.856761289004,19441.856761289004,0.0,100.0,0.0,0.0,19541.856761289004,19348.370933412483,1,0.0,100.0
4724,18392.89770163857,0.0,-183928.9770163857,0.0,10.0,0.0,-0.0,0.1,0.424487502,42.4487502,0.0,0.0,100.0,1.0,0.11,-11.0,-206.48931058356985,206.48931058356985,0.0,-206.48931058356985,206.48931058356985,0.0,-18079.91908047143,18079.91908047143,0.0,0.0,0.0,0.0,0.0,0.0,0.0,0.0,0.0,-183939.9770163857,-183939.9770163857,18492.89770163857,18492.89770163857,18392.89770163857,0.0,100.0,0.0,0.0,18492.89770163857,18492.89770163857,1,0.0,100.0
4725,16909.693759399484,0.0,-169096.93759399484,0.0,10.0,0.0,-0.0,0.1,0.4228129539999999,42.28129539999999,0.0,0.0,100.0,1.0,0.11,-11.0,-203.87811521871305,203.87811521871305,0.0,-203.87811521871305,203.87811521871305,0.0,-16601.93752896206,16601.93752896206,0.0,0.0,0.0,0.0,0.0,0.0,0.0,0.0,0.0,-169107.93759399484,-169107.93759399484,17009.693759399484,17009.693759399484,16909.693759399484,0.0,100.0,0.0,0.0,17009.693759399484,17009.693759399484,1,0.0,100.0
4726,15437.371083558135,0.0,-154373.71083558135,0.0,10.0,0.0,-0.0,0.1,0.423181101,42.3181101,0.0,0.0,100.0,1.0,0.11,-11.0,-206.6671629524248,206.6671629524248,0.0,-206.6671629524248,206.6671629524248,0.0,-15124.036757653286,15124.036757653286,0.0,0.0,0.0,0.0,0.0,0.0,0.0,0.0,0.0,-154384.71083558135,-154384.71083558135,15537.371083558135,15537.371083558135,15437.371083558135,0.0,100.0,0.0,0.0,15537.371083558135,15537.371083558135,1,0.0,100.0
4727,14692.672153561049,0.0,-146926.7215356105,0.0,10.0,0.0,-0.0,0.1,0.431833421,43.1833421,0.0,0.0,100.0,1.0,0.11,-11.0,-203.79287113167425,203.79287113167425,0.0,-203.79287113167425,203.79287113167425,0.0,-14385.0864112977,14385.0864112977,0.0,0.0,0.0,0.0,0.0,0.0,0.0,0.0,0.0,-146937.7215356105,-146937.7215356105,14792.672153561049,14792.672153561049,14692.672153561049,0.0,100.0,0.0,0.0,14792.672153561049,14792.672153561049,1,0.0,100.0
4728,17706.016058018635,0.0,-177060.16058018635,0.0,10.0,0.0,-0.0,0.1,0.4350685079999999,43.50685079999999,0.0,0.0,100.0,1.0,0.08,-8.0,-203.773788435646,203.773788435646,0.0,-203.773788435646,203.773788435646,0.0,-17398.46848114734,17398.46848114734,0.0,0.0,0.0,0.0,0.0,0.0,0.0,0.0,0.0,-177068.16058018635,-177068.16058018635,17806.016058018635,17806.016058018635,17706.016058018635,0.0,100.0,0.0,0.0,17806.016058018635,17806.016058018635,1,0.0,100.0
4729,17705.94522415627,0.0,-177059.45224156269,0.0,10.0,0.0,-0.0,0.1,0.439977517,43.997751699999995,0.0,0.0,100.0,1.0,0.08,-8.0,-203.7383715044637,203.7383715044637,0.0,-203.7383715044637,203.7383715044637,0.0,-17398.46848114734,17398.46848114734,0.0,0.0,0.0,0.0,0.0,0.0,0.0,0.0,0.0,-177067.45224156269,-177067.45224156269,17805.94522415627,17805.94522415627,17705.94522415627,0.0,100.0,0.0,0.0,17805.94522415627,17805.94522415627,1,0.0,100.0
4730,17705.912134527374,0.0,-177059.12134527374,0.0,10.0,0.0,-0.0,0.1,0.444766614,44.4766614,0.0,0.0,100.0,1.0,0.08,-8.0,-203.7218236670328,203.7218236670328,0.0,-203.7218236670328,203.7218236670328,0.0,-17398.46848719331,17398.46848719331,0.0,0.0,0.0,0.0,0.0,0.0,0.0,0.0,0.0,-177067.12134527374,-177067.12134527374,17805.912134527374,17805.912134527374,17705.912134527374,0.0,100.0,0.0,0.0,17805.912134527374,17805.912134527374,1,0.0,100.0
4731,18447.13806079312,0.0,-184471.3806079312,0.0,10.0,0.0,-0.0,0.1,0.4681374439999999,46.81374439999999,0.0,0.0,100.0,1.0,0.08,-8.0,-204.85960153017373,204.85960153017373,0.0,-204.85960153017373,204.85960153017373,0.0,-18137.418857732773,18137.418857732773,0.0,0.0,0.0,0.0,0.0,0.0,0.0,0.0,0.0,-184479.3806079312,-184479.3806079312,18547.13806079312,18547.13806079312,18447.13806079312,0.0,100.0,0.0,0.0,18547.13806079312,18547.13806079312,1,0.0,100.0
4732,19365.51528465884,0.0,-193655.1528465884,0.0,10.0,0.0,-0.0,0.1,0.454553098,45.4553098,0.0,0.0,100.0,1.0,0.08,-8.0,-204.8136648228396,204.8136648228396,0.0,-204.8136648228396,204.8136648228396,0.0,-19055.88795501316,19055.88795501316,0.0,0.0,0.0,0.0,0.0,0.0,0.0,0.0,0.0,-193663.1528465884,-193663.1528465884,19465.51528465884,19465.51528465884,19365.51528465884,0.0,100.0,0.0,0.0,19465.51528465884,19465.51528465884,1,0.0,100.0
4733,53833.6595442357,0.0,-538336.595442357,0.0,10.0,0.0,-0.0,0.1,0.441798561,44.179856099999995,0.0,0.0,100.0,1.0,0.11,-11.0,-401.8273957634602,401.8273957634602,0.0,-401.8273957634602,401.8273957634602,0.0,-56165.50880158807,56165.50880158807,0.0,0.0,2206.279072265625,2206.279072265625,0.0,0.0,829.2249766136578,829.2249766136578,0.0,-538347.595442357,-538347.595442357,56969.16359311498,56969.16359311499,56869.16359311498,0.0,100.0,0.0,0.0,56969.16359311499,53933.65954423571,1,0.0,100.0
4734,52660.60849139068,0.0,-526606.0849139069,0.0,10.0,0.0,-0.0,0.1,0.433023137,43.3023137,0.0,0.0,100.0,1.0,0.11,-11.0,-405.47050364437047,405.47050364437047,0.0,-405.47050364437047,405.47050364437047,0.0,-64390.84016399407,64390.84016399407,0.0,0.0,9124.2727734375,9124.2727734375,0.0,0.0,3316.899906454631,3316.899906454631,0.0,-526617.0849139069,-526617.0849139069,65201.78117128281,65201.78117128281,65101.78117128281,0.0,100.0,0.0,0.0,65201.78117128281,52760.60849139068,1,0.0,100.0
4735,77386.44971884968,0.0,-773864.4971884968,0.0,10.0,0.0,-0.0,0.1,0.413582931,41.3582931,0.0,0.0,100.0,1.0,0.11,-11.0,-678.4003021576774,678.4003021576774,0.0,-678.4003021576774,678.4003021576774,0.0,-98321.11160804826,98321.11160804826,0.0,0.0,17575.443457031248,17575.443457031248,0.0,0.0,4616.019036482695,4616.019036482695,0.0,-773875.4971884968,-773875.4971884968,99677.91221236362,99677.91221236362,99577.91221236362,0.0,100.0,0.0,0.0,99677.91221236362,77486.44971884968,1,0.0,100.0
4736,63501.60134602309,0.0,-635016.0134602309,0.0,10.0,0.0,-0.0,0.1,0.389387118,38.9387118,0.0,0.0,100.0,1.0,0.11,-11.0,-763.4046211637016,763.4046211637016,0.0,-763.4046211637016,763.4046211637016,0.0,-95271.85081349128,95271.85081349128,0.0,0.0,24269.06979492188,24269.06979492188,0.0,0.0,8927.988914873715,8927.988914873715,0.0,-635027.0134602309,-635027.0134602309,96798.66005581868,96798.66005581869,96698.66005581868,0.0,100.0,0.0,0.0,96798.66005581869,63601.6013460231,1,0.0,100.0
4737,61350.07758754022,0.0,-613500.7758754021,0.0,10.0,0.0,-0.0,0.1,0.378881839,37.8881839,0.0,0.0,100.0,1.0,0.11,-11.0,-819.9451191742968,819.9451191742968,0.0,-819.9451191742968,819.9451191742968,0.0,-92026.82248876058,92026.82248876058,0.0,0.0,24007.307871093748,24007.307871093748,0.0,0.0,8209.327268475212,8209.327268475212,0.0,-613511.7758754021,-613511.7758754021,93666.71272710917,93666.71272710917,93566.71272710917,0.0,100.0,0.0,0.0,93666.71272710917,61450.07758754022,1,0.0,100.0
4738,47621.75867885419,0.0,-476217.58678854187,0.0,10.0,0.0,-0.0,0.1,0.393071789,39.307178900000004,0.0,0.0,100.0,1.0,0.11,-11.0,-867.5370780426283,867.5370780426283,0.0,-867.5370780426283,867.5370780426283,0.0,-92208.7405766982,92208.7405766982,0.0,0.0,31074.879814453125,31074.879814453125,0.0,0.0,15147.176239476148,15147.176239476148,0.0,-476228.58678854187,-476228.58678854187,93943.81473278346,93943.81473278346,93843.81473278346,0.0,100.0,0.0,0.0,93943.81473278346,47721.75867885419,1,0.0,100.0
4739,40697.97977367059,0.0,-406979.79773670586,0.0,10.0,0.0,-0.0,0.1,0.41653761,41.653761,0.0,0.0,100.0,1.0,0.11,-11.0,-917.8709528943144,917.8709528943144,0.0,-917.8709528943144,917.8709528943144,0.0,-89437.99438776584,89437.99438776584,0.0,0.0,25764.85221679688,25764.85221679688,0.0,0.0,24710.904303087,24710.904303087,0.0,-406990.79773670586,-406990.79773670586,91273.73629355448,91273.73629355447,91173.73629355448,0.0,100.0,0.0,0.0,91273.73629355447,40797.97977367058,1,0.0,100.0
4740,36478.24639762153,0.0,-364782.4639762153,0.0,10.0,0.0,-0.0,0.1,0.434004397,43.4004397,0.0,0.0,100.0,1.0,0.11,-11.0,-954.705782685385,954.705782685385,0.0,-954.705782685385,954.705782685385,0.0,-91855.88345850412,91855.88345850412,0.0,0.0,36871.03669921875,36871.03669921875,0.0,0.0,20316.01192703461,20316.01192703461,0.0,-364793.4639762153,-364793.4639762153,93765.29502387489,93765.29502387489,93665.29502387489,0.0,100.0,0.0,0.0,93765.29502387489,36578.24639762153,1,0.0,100.0
4741,37624.9937480706,0.0,-376249.937480706,0.0,10.0,0.0,-0.0,0.1,0.441977705,44.1977705,0.0,0.0,100.0,1.0,0.11,-11.0,-959.2488629433878,959.2488629433878,0.0,-959.2488629433878,959.2488629433878,0.0,-91223.22720797188,91223.22720797188,0.0,0.0,30401.777724609376,30401.777724609376,0.0,0.0,25014.95346117868,25014.95346117868,0.0,-376260.937480706,-376260.937480706,93141.72493385866,93141.72493385866,93041.72493385866,0.0,100.0,0.0,0.0,93141.72493385866,37724.9937480706,1,0.0,100.0
4742,42471.204390846855,0.0,-424712.04390846856,0.0,10.0,0.0,-0.0,0.1,0.46173378,46.173378,0.0,0.0,100.0,1.0,0.08,-8.0,-998.835279607972,998.835279607972,0.0,-998.835279607972,998.835279607972,0.0,-90992.29347666095,90992.29347666095,0.0,0.0,27559.791123046874,27559.791123046874,0.0,0.0,22858.968521983166,22858.968521983166,0.0,-424720.04390846856,-424720.04390846856,92989.9640358769,92989.9640358769,92889.9640358769,0.0,100.0,0.0,0.0,92989.9640358769,42571.204390846855,1,0.0,100.0
4743,60814.56662389144,0.0,-608145.6662389145,0.0,10.0,0.0,-0.0,0.1,0.473439372,47.3439372,0.0,0.0,100.0,1.0,0.08,-8.0,-1057.4432648104555,1057.4432648104555,0.0,-1057.4432648104555,1057.4432648104555,0.0,-94520.50413743113,94520.50413743113,0.0,0.0,17837.205380859374,17837.205380859374,0.0,0.0,17883.618662301218,17883.618662301218,0.0,-608153.6662389145,-608153.6662389145,96635.39066705204,96635.39066705204,96535.39066705204,0.0,100.0,0.0,0.0,96635.39066705204,60914.56662389144,1,0.0,100.0
4744,61878.59903151418,0.0,-618785.9903151419,0.0,10.0,0.0,-0.0,0.1,0.468629836,46.8629836,0.0,0.0,100.0,1.0,0.08,-8.0,-915.6729745860808,915.6729745860808,0.0,-915.6729745860808,915.6729745860808,0.0,-87499.60760348839,87499.60760348839,0.0,0.0,13835.98740234375,13835.98740234375,0.0,0.0,13516.367118802622,13516.367118802622,0.0,-618793.9903151419,-618793.9903151419,89330.95355266056,89330.95355266055,89230.95355266056,0.0,100.0,0.0,0.0,89330.95355266055,61978.599031514175,1,0.0,100.0
4745,62711.207097041,0.0,-627112.07097041,0.0,10.0,0.0,-0.0,0.1,0.451745552,45.1745552,0.0,0.0,100.0,1.0,0.11,-11.0,-617.4920760861708,617.4920760861708,0.0,-617.4920760861708,617.4920760861708,0.0,-75223.9966263357,75223.9966263357,0.0,0.0,5908.34056640625,5908.34056640625,0.0,0.0,7739.433115060806,7739.433115060806,0.0,-627123.07097041,-627123.07097041,76458.98077850806,76458.98077850805,76358.98077850806,0.0,100.0,0.0,0.0,76458.98077850805,62811.20709704099,1,0.0,100.0
4746,69586.1062035985,0.0,-695861.0620359849,0.0,10.0,0.0,-0.0,0.1,0.43878618,43.878618,0.0,0.0,100.0,1.0,0.11,-11.0,-618.7546345834736,618.7546345834736,0.0,-618.7546345834736,618.7546345834736,0.0,-73550.65039970283,73550.65039970283,0.0,0.0,2393.251875,2393.251875,0.0,0.0,2708.801590271282,2708.801590271282,0.0,-695872.0620359849,-695872.0620359849,74788.15966886978,74788.15966886978,74688.15966886978,0.0,100.0,0.0,0.0,74788.15966886978,69686.1062035985,1,0.0,100.0
4747,68902.2799466451,0.0,-689022.7994664509,0.0,10.0,0.0,-0.0,0.1,0.436337332,43.6337332,0.0,0.0,100.0,1.0,0.11,-11.0,-484.3377046263468,484.3377046263468,0.0,-484.3377046263468,484.3377046263468,0.0,-68033.6045373924,68033.6045373924,0.0,0.0,0.0,0.0,0.0,0.0,0.0,0.0,0.0,-689033.7994664509,-689033.7994664509,69002.2799466451,69002.2799466451,68902.2799466451,0.0,100.0,0.0,0.0,69002.2799466451,69002.2799466451,1,0.0,100.0
4748,68719.30236802984,0.0,-687193.0236802984,0.0,10.0,0.0,-0.0,0.1,0.438177275,43.8177275,0.0,0.0,100.0,1.0,0.11,-11.0,-288.0450240507498,288.0450240507498,0.0,-288.0450240507498,288.0450240507498,0.0,-68243.21231992834,68243.21231992834,0.0,0.0,0.0,0.0,0.0,0.0,0.0,0.0,0.0,-687204.0236802984,-687204.0236802984,68819.30236802984,68819.30236802984,68719.30236802984,0.0,100.0,0.0,0.0,68819.30236802984,68819.30236802984,1,0.0,100.0
4749,21446.50307400605,0.0,-214465.0307400605,0.0,10.0,0.0,-0.0,0.1,0.438932618,43.8932618,0.0,0.0,100.0,1.0,0.11,-11.0,-212.2529296495928,212.2529296495928,0.0,-212.2529296495928,212.2529296495928,0.0,-21121.997214706866,21121.997214706866,0.0,0.0,0.0,0.0,0.0,0.0,0.0,0.0,0.0,-214476.0307400605,-214476.0307400605,21546.50307400605,21546.50307400605,21446.50307400605,0.0,100.0,0.0,0.0,21546.50307400605,21546.50307400605,1,0.0,100.0
4750,18451.153036953525,0.0,-184511.53036953526,0.0,10.0,0.0,-0.0,0.1,0.437601301,43.7601301,0.0,0.0,100.0,1.0,0.11,-11.0,-206.8670926333625,206.8670926333625,0.0,-206.8670926333625,206.8670926333625,0.0,-18137.4188516868,18137.4188516868,0.0,0.0,0.0,0.0,0.0,0.0,0.0,0.0,0.0,-184522.53036953526,-184522.53036953526,18551.153036953525,18551.153036953525,18451.153036953525,0.0,100.0,0.0,0.0,18551.153036953525,18551.153036953525,1,0.0,100.0
4751,17706.046179768033,0.0,-177060.46179768033,0.0,10.0,0.0,-0.0,0.1,0.4401358379999999,44.01358379999999,0.0,0.0,100.0,1.0,0.11,-11.0,-203.7888462873608,203.7888462873608,0.0,-203.7888462873608,203.7888462873608,0.0,-17398.46848719331,17398.46848719331,0.0,0.0,0.0,0.0,0.0,0.0,0.0,0.0,0.0,-177071.46179768033,-177071.46179768033,17806.046179768033,17806.046179768033,17706.046179768033,0.0,100.0,0.0,0.0,17806.046179768033,17806.046179768033,1,0.0,100.0
4752,17705.87901485943,0.0,-177058.7901485943,0.0,10.0,0.0,-0.0,0.1,0.438895848,43.889584799999994,0.0,0.0,100.0,1.0,0.08,-8.0,-203.7053212697728,203.7053212697728,0.0,-203.7053212697728,203.7053212697728,0.0,-17398.468372319887,17398.468372319887,0.0,0.0,0.0,0.0,0.0,0.0,0.0,0.0,0.0,-177066.7901485943,-177066.7901485943,17805.87901485943,17805.87901485943,17705.87901485943,0.0,100.0,0.0,0.0,17805.87901485943,17805.87901485943,1,0.0,100.0
4753,17705.733584387286,0.0,-177057.33584387286,0.0,10.0,0.0,-0.0,0.1,0.433628709,43.3628709,0.0,0.0,100.0,1.0,0.08,-8.0,-203.6326060337004,203.6326060337004,0.0,-203.6326060337004,203.6326060337004,0.0,-17398.468372319887,17398.468372319887,0.0,0.0,0.0,0.0,0.0,0.0,0.0,0.0,0.0,-177065.33584387286,-177065.33584387286,17805.733584387286,17805.733584387286,17705.733584387286,0.0,100.0,0.0,0.0,17805.733584387286,17805.733584387286,1,0.0,100.0
4754,17705.650373392244,0.0,-177056.50373392244,0.0,10.0,0.0,-0.0,0.1,0.435961597,43.5961597,0.0,0.0,100.0,1.0,0.08,-8.0,-203.59100053617848,203.59100053617848,0.0,-203.59100053617848,203.59100053617848,0.0,-17398.468372319887,17398.468372319887,0.0,0.0,0.0,0.0,0.0,0.0,0.0,0.0,0.0,-177064.50373392244,-177064.50373392244,17805.650373392244,17805.650373392244,17705.650373392244,0.0,100.0,0.0,0.0,17805.650373392244,17805.650373392244,1,0.0,100.0
4755,18455.913099909783,0.0,-184559.13099909783,0.0,10.0,0.0,-0.0,0.1,0.443448917,44.3448917,0.0,0.0,100.0,1.0,0.08,-8.0,-209.2471815482025,209.2471815482025,0.0,-209.2471815482025,209.2471815482025,0.0,-18137.41873681338,18137.41873681338,0.0,0.0,0.0,0.0,0.0,0.0,0.0,0.0,0.0,-184567.13099909783,-184567.13099909783,18555.913099909783,18555.913099909783,18455.913099909783,0.0,100.0,0.0,0.0,18555.913099909783,18555.913099909783,1,0.0,100.0
4756,19372.625349489463,0.0,-193726.25349489463,0.0,10.0,0.0,-0.0,0.1,0.435853548,43.5853548,0.0,0.0,100.0,1.0,0.08,-8.0,-208.3687788587416,208.3687788587416,0.0,-208.3687788587416,208.3687788587416,0.0,-19055.88779177198,19055.88779177198,0.0,0.0,0.0,0.0,0.0,0.0,0.0,0.0,0.0,-193734.25349489463,-193734.25349489463,19472.625349489463,19472.625349489463,19372.625349489463,0.0,100.0,0.0,0.0,19472.625349489463,19472.625349489463,1,0.0,100.0
4757,55041.87927401027,0.0,-550418.7927401027,0.0,10.0,0.0,-0.0,0.1,0.416977336,41.6977336,0.0,0.0,100.0,1.0,0.11,-11.0,-413.2477013320278,413.2477013320278,0.0,-413.2477013320278,413.2477013320278,0.0,-56625.74486812511,56625.74486812511,0.0,0.0,1757.544345703125,1757.544345703125,0.0,0.0,552.8166510757718,552.8166510757718,0.0,-550429.7927401027,-550429.7927401027,57452.24027078917,57452.24027078917,57352.24027078917,0.0,100.0,0.0,0.0,57452.24027078917,55141.87927401027,1,0.0,100.0
4758,60148.702443111695,0.0,-601487.024431117,0.0,10.0,0.0,-0.0,0.1,0.396394197,39.6394197,0.0,0.0,100.0,1.0,0.11,-11.0,-449.0447564902574,449.0447564902574,0.0,-449.0447564902574,449.0447564902574,0.0,-63777.88071525272,63777.88071525272,0.0,0.0,2879.381162109375,2879.381162109375,0.0,0.0,1547.8866230121612,1547.8866230121612,0.0,-601498.024431117,-601498.024431117,64675.97022823323,64675.97022823324,64575.97022823323,0.0,100.0,0.0,0.0,64675.97022823324,60248.7024431117,1,0.0,100.0
4759,87145.23107770672,0.0,-871452.3107770672,0.0,10.0,0.0,-0.0,0.1,0.385390156,38.5390156,0.0,0.0,100.0,1.0,0.11,-11.0,-744.4243630132635,744.4243630132635,0.0,-744.4243630132635,744.4243630132635,0.0,-95553.97855104328,95553.97855104328,0.0,0.0,5347.422158203125,5347.422158203125,0.0,0.0,4450.174041159963,4450.174041159963,0.0,-871463.3107770672,-871463.3107770672,97042.82727706981,97042.82727706981,96942.82727706981,0.0,100.0,0.0,0.0,97042.82727706981,87245.23107770672,1,0.0,100.0
4760,80901.49366395571,0.0,-809014.9366395571,0.0,10.0,0.0,-0.0,0.1,0.378926421,37.8926421,0.0,0.0,100.0,1.0,0.11,-11.0,-808.5154525539369,808.5154525539369,0.0,-808.5154525539369,808.5154525539369,0.0,-94433.75390455023,94433.75390455023,0.0,0.0,6618.837216796875,6618.837216796875,0.0,0.0,8430.453928905521,8430.453928905521,0.0,-809025.9366395571,-809025.9366395571,96050.7848096581,96050.78480965811,95950.7848096581,0.0,100.0,0.0,0.0,96050.78480965811,81001.49366395571,1,0.0,100.0
4761,78671.32970327545,0.0,-786713.2970327545,0.0,10.0,0.0,-0.0,0.1,0.375877225,37.5877225,0.0,0.0,100.0,1.0,0.11,-11.0,-878.335156831224,878.335156831224,0.0,-878.335156831224,878.335156831224,0.0,-91610.29151559596,91610.29151559596,0.0,0.0,7104.96650390625,7104.96650390625,0.0,0.0,7490.665622076708,7490.665622076708,0.0,-786724.2970327545,-786724.2970327545,93366.9618292584,93366.9618292584,93266.9618292584,0.0,100.0,0.0,0.0,93366.9618292584,78771.32970327545,1,0.0,100.0
4762,74628.08604604364,0.0,-746280.8604604364,0.0,10.0,0.0,-0.0,0.1,0.385433419,38.5433419,0.0,0.0,100.0,1.0,0.11,-11.0,-939.6727176214644,939.6727176214644,0.0,-939.6727176214644,939.6727176214644,0.0,-91624.58823866736,91624.58823866736,0.0,0.0,8189.408759765624,8189.408759765624,0.0,0.0,10586.438868101031,10586.438868101031,0.0,-746291.8604604364,-746291.8604604364,93503.9336739103,93503.93367391029,93403.9336739103,0.0,100.0,0.0,0.0,93503.93367391029,74728.08604604364,1,0.0,100.0
4763,62630.02885869503,0.0,-626300.2885869503,0.0,10.0,0.0,-0.0,0.1,0.3995803089999999,39.95803089999999,0.0,0.0,100.0,1.0,0.11,-11.0,-967.6421340754546,967.6421340754546,0.0,-967.6421340754546,967.6421340754546,0.0,-88722.85363824495,88722.85363824495,0.0,0.0,10320.8987109375,10320.8987109375,0.0,0.0,17607.21033676333,17607.21033676333,0.0,-626311.2885869503,-626311.2885869503,90658.13790639586,90658.13790639586,90558.13790639586,0.0,100.0,0.0,0.0,90658.13790639586,62730.02885869503,1,0.0,100.0
4764,65994.09601956919,0.0,-659940.9601956919,0.0,10.0,0.0,-0.0,0.1,0.419538946,41.953894600000005,0.0,0.0,100.0,1.0,0.11,-11.0,-967.024752364171,967.024752364171,0.0,-967.024752364171,967.024752364171,0.0,-91691.33532047475,91691.33532047475,0.0,0.0,12190.62673828125,12190.62673828125,0.0,0.0,15340.662067352669,15340.662067352669,0.0,-659951.9601956919,-659951.9601956919,93625.3848252031,93625.3848252031,93525.3848252031,0.0,100.0,0.0,0.0,93625.3848252031,66094.09601956919,1,0.0,100.0
4765,64603.23102908983,0.0,-646032.3102908983,0.0,10.0,0.0,-0.0,0.1,0.436681665,43.6681665,0.0,0.0,100.0,1.0,0.11,-11.0,-978.9583994352928,978.9583994352928,0.0,-978.9583994352928,978.9583994352928,0.0,-91629.4150990036,91629.4150990036,0.0,0.0,11442.73552734375,11442.73552734375,0.0,0.0,17441.3653414406,17441.3653414406,0.0,-646043.3102908983,-646043.3102908983,93587.33189787419,93587.33189787419,93487.33189787419,0.0,100.0,0.0,0.0,93587.33189787419,64703.23102908984,1,0.0,100.0
4766,68134.26977344567,0.0,-681342.6977344567,0.0,10.0,0.0,-0.0,0.1,0.443234172,44.3234172,0.0,0.0,100.0,1.0,0.08,-8.0,-1013.2696461513406,1013.2696461513406,0.0,-1013.2696461513406,1013.2696461513406,0.0,-91633.54981673336,91633.54981673336,0.0,0.0,9946.95310546875,9946.95310546875,0.0,0.0,15478.866230121612,15478.866230121612,0.0,-681350.6977344567,-681350.6977344567,93660.08910903604,93660.08910903604,93560.08910903604,0.0,100.0,0.0,0.0,93660.08910903604,68234.26977344567,1,0.0,100.0
4767,74906.03375202075,0.0,-749060.3375202075,0.0,10.0,0.0,-0.0,0.1,0.4424768529999999,44.247685299999986,0.0,0.0,100.0,1.0,0.08,-8.0,-1039.903159655297,1039.903159655297,0.0,-1039.903159655297,1039.903159655297,0.0,-94581.6143198875,94581.6143198875,0.0,0.0,7890.252275390625,7890.252275390625,0.0,0.0,13765.134611786718,13765.134611786718,0.0,-749068.3375202075,-749068.3375202075,96661.4206391981,96661.4206391981,96561.4206391981,0.0,100.0,0.0,0.0,96661.4206391981,75006.03375202075,0,0.0,100.0
4768,69632.91652679528,0.0,-696329.1652679527,0.0,10.0,0.0,-0.0,0.1,0.451399397,45.1399397,0.0,0.0,100.0,1.0,0.08,-8.0,-918.7441774126922,918.7441774126922,0.0,-918.7441774126922,918.7441774126922,0.0,-86814.30939744164,86814.30939744164,0.0,0.0,9161.667333984376,9161.667333984376,0.0,0.0,9757.213891487372,9757.213891487372,0.0,-696337.1652679527,-696337.1652679527,88651.79775226703,88651.79775226703,88551.79775226703,0.0,100.0,0.0,0.0,88651.79775226703,69732.91652679528,1,0.0,100.0
4769,67525.68843260755,0.0,-675256.8843260756,0.0,10.0,0.0,-0.0,0.1,0.444788553,44.4788553,0.0,0.0,100.0,1.0,0.11,-11.0,-629.638828772294,629.638828772294,0.0,-629.638828772294,629.638828772294,0.0,-75097.51506200791,75097.51506200791,0.0,0.0,2954.170283203125,2954.170283203125,0.0,0.0,5776.934003741816,5776.934003741816,0.0,-675267.8843260756,-675267.8843260756,76356.7927195525,76356.7927195525,76256.7927195525,0.0,100.0,0.0,0.0,76356.7927195525,67625.68843260755,1,0.0,100.0
4770,71191.6660473181,0.0,-711916.6604731809,0.0,10.0,0.0,-0.0,0.1,0.432501039,43.2501039,0.0,0.0,100.0,1.0,0.11,-11.0,-605.0058773730823,605.0058773730823,0.0,-605.0058773730823,605.0058773730823,0.0,-74258.56585272415,74258.56585272415,0.0,0.0,2131.489951171875,2131.489951171875,0.0,0.0,2045.421608980356,2045.421608980356,0.0,-711927.6604731809,-711927.6604731809,75468.57760747033,75468.57760747032,75368.57760747033,0.0,100.0,0.0,0.0,75468.57760747032,71291.66604731808,1,0.0,100.0
4771,69395.34964684378,0.0,-693953.4964684378,0.0,10.0,0.0,-0.0,0.1,0.423043933,42.3043933,0.0,0.0,100.0,1.0,0.11,-11.0,-492.4040337283985,492.4040337283985,0.0,-492.4040337283985,492.4040337283985,0.0,-68510.54157938699,68510.54157938699,0.0,0.0,0.0,0.0,0.0,0.0,0.0,0.0,0.0,-693964.4964684378,-693964.4964684378,69495.34964684378,69495.34964684378,69395.34964684378,0.0,100.0,0.0,0.0,69495.34964684378,69495.34964684378,1,0.0,100.0
4772,67763.70873013667,0.0,-677637.0873013667,0.0,10.0,0.0,-0.0,0.1,0.4246616479999999,42.46616479999999,0.0,0.0,100.0,1.0,0.11,-11.0,-213.6812198313289,213.6812198313289,0.0,-213.6812198313289,213.6812198313289,0.0,-67436.34629047402,67436.34629047402,0.0,0.0,0.0,0.0,0.0,0.0,0.0,0.0,0.0,-677648.0873013667,-677648.0873013667,67863.70873013667,67863.70873013667,67763.70873013667,0.0,100.0,0.0,0.0,67863.70873013667,67863.70873013667,1,0.0,100.0
4773,21430.00391061678,0.0,-214300.0391061678,0.0,10.0,0.0,-0.0,0.1,0.42823774,42.823774,0.0,0.0,100.0,1.0,0.11,-11.0,-204.00340841465592,204.00340841465592,0.0,-204.00340841465592,204.00340841465592,0.0,-21121.997093787468,21121.997093787468,0.0,0.0,0.0,0.0,0.0,0.0,0.0,0.0,0.0,-214311.0391061678,-214311.0391061678,21530.00391061678,21530.00391061678,21430.00391061678,0.0,100.0,0.0,0.0,21530.00391061678,21530.00391061678,1,0.0,100.0
4774,18451.272570883117,0.0,-184512.72570883116,0.0,10.0,0.0,-0.0,0.1,0.430338425,43.033842500000006,0.0,0.0,100.0,1.0,0.11,-11.0,-206.92692005785472,206.92692005785472,0.0,-206.92692005785472,206.92692005785472,0.0,-18137.418730767407,18137.418730767407,0.0,0.0,0.0,0.0,0.0,0.0,0.0,0.0,0.0,-184523.72570883116,-184523.72570883116,18551.272570883117,18551.272570883117,18451.272570883117,0.0,100.0,0.0,0.0,18551.272570883117,18551.272570883117,1,0.0,100.0
4775,17706.324210478706,0.0,-177063.24210478706,0.0,10.0,0.0,-0.0,0.1,0.435992557,43.5992557,0.0,0.0,100.0,1.0,0.11,-11.0,-203.92792814836503,203.92792814836503,0.0,-203.92792814836503,203.92792814836503,0.0,-17398.468354181976,17398.468354181976,0.0,0.0,0.0,0.0,0.0,0.0,0.0,0.0,0.0,-177074.24210478706,-177074.24210478706,17806.324210478706,17806.324210478706,17706.324210478706,0.0,100.0,0.0,0.0,17806.324210478706,17806.324210478706,1,0.0,100.0
4776,17706.15283080563,0.0,-177061.5283080563,0.0,10.0,0.0,-0.0,0.1,0.445862355,44.5862355,0.0,0.0,100.0,1.0,0.08,-8.0,-203.8422897025682,203.8422897025682,0.0,-203.8422897025682,203.8422897025682,0.0,-17398.468251400493,17398.468251400493,0.0,0.0,0.0,0.0,0.0,0.0,0.0,0.0,0.0,-177069.5283080563,-177069.5283080563,17806.15283080563,17806.15283080563,17706.15283080563,0.0,100.0,0.0,0.0,17806.15283080563,17806.15283080563,1,0.0,100.0
4777,17706.039014642036,0.0,-177060.39014642037,0.0,10.0,0.0,-0.0,0.1,0.452121921,45.212192099999996,0.0,0.0,100.0,1.0,0.08,-8.0,-203.7853816207717,203.7853816207717,0.0,-203.7853816207717,203.7853816207717,0.0,-17398.468251400493,17398.468251400493,0.0,0.0,0.0,0.0,0.0,0.0,0.0,0.0,0.0,-177068.39014642037,-177068.39014642037,17806.039014642036,17806.039014642036,17706.039014642036,0.0,100.0,0.0,0.0,17806.039014642036,17806.039014642036,1,0.0,100.0
4778,17705.90192386355,0.0,-177059.0192386355,0.0,10.0,0.0,-0.0,0.1,0.460485528,46.048552799999996,0.0,0.0,100.0,1.0,0.08,-8.0,-203.7168301855576,203.7168301855576,0.0,-203.7168301855576,203.7168301855576,0.0,-17398.468263492432,17398.468263492432,0.0,0.0,0.0,0.0,0.0,0.0,0.0,0.0,0.0,-177067.0192386355,-177067.0192386355,17805.90192386355,17805.90192386355,17705.90192386355,0.0,100.0,0.0,0.0,17805.90192386355,17805.90192386355,1,0.0,100.0
4779,18447.056765550995,0.0,-184470.56765550995,0.0,10.0,0.0,-0.0,0.1,0.454699312,45.469931200000005,0.0,0.0,100.0,1.0,0.08,-8.0,-204.8190657595493,204.8190657595493,0.0,-204.8190657595493,204.8190657595493,0.0,-18137.418634031896,18137.418634031896,0.0,0.0,0.0,0.0,0.0,0.0,0.0,0.0,0.0,-184478.56765550995,-184478.56765550995,18547.056765550995,18547.056765550995,18447.056765550995,0.0,100.0,0.0,0.0,18547.056765550995,18547.056765550995,1,0.0,100.0
4780,19365.23610086307,0.0,-193652.3610086307,0.0,10.0,0.0,-0.0,0.1,0.4264244,42.64244,0.0,0.0,100.0,1.0,0.08,-8.0,-204.67421500523915,204.67421500523915,0.0,-204.67421500523915,204.67421500523915,0.0,-19055.88767085259,19055.88767085259,0.0,0.0,0.0,0.0,0.0,0.0,0.0,0.0,0.0,-193660.3610086307,-193660.3610086307,19465.23610086307,19465.23610086307,19365.23610086307,0.0,100.0,0.0,0.0,19465.23610086307,19465.23610086307,1,0.0,100.0
4781,56634.1843063305,0.0,-566341.843063305,0.0,10.0,0.0,-0.0,0.1,0.400805103,40.0805103,0.0,0.0,100.0,1.0,0.11,-11.0,-421.7258123177156,421.7258123177156,0.0,-421.7258123177156,421.7258123177156,0.0,-57817.39434501212,57817.39434501212,0.0,0.0,1346.2041796875,1346.2041796875,0.0,0.0,580.4574836295604,580.4574836295604,0.0,-566352.843063305,-566352.843063305,58660.84596964756,58660.845969647555,58560.84596964756,0.0,100.0,0.0,0.0,58660.845969647555,56734.18430633049,1,0.0,100.0
4782,58882.69946348516,0.0,-588826.9946348516,0.0,10.0,0.0,-0.0,0.1,0.374992844,37.4992844,0.0,0.0,100.0,1.0,0.11,-11.0,-466.7102576884491,466.7102576884491,0.0,-466.7102576884491,466.7102576884491,0.0,-64795.00948713605,64795.00948713605,0.0,0.0,5197.843916015625,5197.843916015625,0.0,0.0,1547.8866230121612,1547.8866230121612,0.0,-588837.9946348516,-588837.9946348516,65728.43000251295,65728.43000251295,65628.43000251295,0.0,100.0,0.0,0.0,65728.43000251295,58982.699463485165,1,0.0,100.0
4783,80883.67789499796,0.0,-808836.7789499797,0.0,10.0,0.0,-0.0,0.1,0.3533080879999999,35.33080879999999,0.0,0.0,100.0,1.0,0.11,-11.0,-742.9307625859659,742.9307625859659,0.0,-742.9307625859659,742.9307625859659,0.0,-95911.07232201558,95911.07232201558,0.0,0.0,10470.476953125,10470.476953125,0.0,0.0,5942.778999064547,5942.778999064547,0.0,-808847.7789499797,-808847.7789499797,97396.93384718751,97396.93384718751,97296.93384718751,0.0,100.0,0.0,0.0,97396.93384718751,80983.67789499796,1,0.0,100.0
4784,68623.30612167544,0.0,-686233.0612167544,0.0,10.0,0.0,-0.0,0.1,0.332995135,33.2995135,0.0,0.0,100.0,1.0,0.11,-11.0,-823.4743459531746,823.4743459531746,0.0,-823.4743459531746,823.4743459531746,0.0,-92766.73671987484,92766.73671987484,0.0,0.0,19332.987802734373,19332.987802734373,0.0,0.0,6357.391487371376,6357.391487371376,0.0,-686244.0612167544,-686244.0612167544,94413.68541178119,94413.68541178119,94313.68541178119,0.0,100.0,0.0,0.0,94413.68541178119,68723.30612167544,1,0.0,100.0
4785,53090.40623700131,0.0,-530904.0623700131,0.0,10.0,0.0,-0.0,0.1,0.3406686339999999,34.06686339999999,0.0,0.0,100.0,1.0,0.11,-11.0,-904.716490775754,904.716490775754,0.0,-904.716490775754,904.716490775754,0.0,-89698.00415451764,89698.00415451764,0.0,0.0,25989.219580078123,25989.219580078123,0.0,0.0,12327.811318989712,12327.811318989712,0.0,-530915.0623700131,-530915.0623700131,91507.43713606914,91507.43713606914,91407.43713606914,0.0,100.0,0.0,0.0,91507.43713606914,53190.40623700131,1,0.0,100.0
4786,34747.508800389034,0.0,-347475.08800389036,0.0,10.0,0.0,-0.0,0.1,0.352861557,35.2861557,0.0,0.0,100.0,1.0,0.11,-11.0,-959.0894386559436,959.0894386559436,0.0,-959.0894386559436,959.0894386559436,0.0,-89734.48928393572,89734.48928393572,0.0,0.0,32757.635039062498,32757.635039062498,0.0,0.0,24047.524321796074,24047.524321796074,0.0,-347486.08800389036,-347486.08800389036,91652.66816124761,91652.66816124761,91552.66816124761,0.0,100.0,0.0,0.0,91652.66816124761,34847.50880038904,1,0.0,100.0
4787,30030.67035600981,0.0,-300306.7035600981,0.0,10.0,0.0,-0.0,0.1,0.373095754,37.3095754,0.0,0.0,100.0,1.0,0.11,-11.0,-1000.126668764017,1000.126668764017,0.0,-1000.126668764017,1000.126668764017,0.0,-86686.73417766238,86686.73417766238,0.0,0.0,32159.3220703125,32159.3220703125,0.0,0.0,26396.995088868105,26396.995088868105,0.0,-300317.7035600981,-300317.7035600981,88686.98751519041,88686.98751519041,88586.98751519041,0.0,100.0,0.0,0.0,88686.98751519041,30130.67035600981,1,0.0,100.0
4788,29805.534837168405,0.0,-298055.348371684,0.0,10.0,0.0,-0.0,0.1,0.386469245,38.646924500000004,0.0,0.0,100.0,1.0,0.11,-11.0,-1026.816907166466,1026.816907166466,0.0,-1026.816907166466,1026.816907166466,0.0,-91554.14761353612,91554.14761353612,0.0,0.0,35038.703232421874,35038.703232421874,0.0,0.0,28663.54335827877,28663.54335827877,0.0,-298066.348371684,-298066.348371684,93607.78142786905,93607.78142786905,93507.78142786905,0.0,100.0,0.0,0.0,93607.78142786905,29905.53483716841,1,0.0,100.0
4789,32368.444186291614,0.0,-323684.4418629161,0.0,10.0,0.0,-0.0,0.1,0.408143761,40.8143761,0.0,0.0,100.0,1.0,0.11,-11.0,-1050.1678863201987,1050.1678863201987,0.0,-1050.1678863201987,1050.1678863201987,0.0,-90538.93632092986,90538.93632092986,0.0,0.0,32944.607841796875,32944.607841796875,0.0,0.0,27226.220065481764,27226.220065481764,0.0,-323695.4418629161,-323695.4418629161,92639.27209357025,92639.27209357025,92539.27209357025,0.0,100.0,0.0,0.0,92639.27209357025,32468.444186291614,1,0.0,100.0
4790,40101.0118122908,0.0,-401010.11812290805,0.0,10.0,0.0,-0.0,0.1,0.422439102,42.2439102,0.0,0.0,100.0,1.0,0.08,-8.0,-1075.214863786812,1075.214863786812,0.0,-1075.214863786812,1075.214863786812,0.0,-90451.31667761212,90451.31667761212,0.0,0.0,28270.2877734375,28270.2877734375,0.0,0.0,24130.44681945744,24130.44681945744,0.0,-401018.11812290805,-401018.11812290805,92601.74640518574,92601.74640518574,92501.74640518574,0.0,100.0,0.0,0.0,92601.74640518574,40201.0118122908,1,0.0,100.0
4791,54882.504199933675,0.0,-548825.0419993368,0.0,10.0,0.0,-0.0,0.1,0.4227712879999999,42.27712879999999,0.0,0.0,100.0,1.0,0.08,-8.0,-1080.9124386188028,1080.9124386188028,0.0,-1080.9124386188028,1080.9124386188028,0.0,-93547.57666374202,93547.57666374202,0.0,0.0,21240.110390625,21240.110390625,0.0,0.0,19486.78695042096,19486.78695042096,0.0,-548833.0419993368,-548833.0419993368,95709.40154097963,95709.40154097963,95609.40154097963,0.0,100.0,0.0,0.0,95709.40154097963,54982.50419993367,1,0.0,100.0
4792,59513.42736735134,0.0,-595134.2736735134,0.0,10.0,0.0,-0.0,0.1,0.413901694,41.3901694,0.0,0.0,100.0,1.0,0.08,-8.0,-945.8362512805096,945.8362512805096,0.0,-945.8362512805096,945.8362512805096,0.0,-85997.59932019001,85997.59932019001,0.0,0.0,14621.273173828124,14621.273173828124,0.0,0.0,13654.571281571563,13654.571281571563,0.0,-595142.2736735134,-595142.2736735134,87889.27182275103,87889.27182275103,87789.27182275103,0.0,100.0,0.0,0.0,87889.27182275103,59613.427367351345,1,0.0,100.0
4793,59816.80272794332,0.0,-598168.0272794332,0.0,10.0,0.0,-0.0,0.1,0.401825987,40.1825987,0.0,0.0,100.0,1.0,0.11,-11.0,-653.4099541903025,653.4099541903025,0.0,-653.4099541903025,653.4099541903025,0.0,-74023.43422330052,74023.43422330052,0.0,0.0,7591.095791015625,7591.095791015625,0.0,0.0,7822.355612722172,7822.355612722172,0.0,-598179.0272794332,-598179.0272794332,75330.25413168111,75330.25413168113,75230.25413168111,0.0,100.0,0.0,0.0,75330.25413168113,59916.80272794333,1,0.0,100.0
4794,70363.23521318355,0.0,-703632.3521318355,0.0,10.0,0.0,-0.0,0.1,0.4007168929999999,40.07168929999999,0.0,0.0,100.0,1.0,0.11,-11.0,-654.2439357234716,654.2439357234716,0.0,-654.2439357234716,654.2439357234716,0.0,-74193.3857653327,74193.3857653327,0.0,0.0,2468.04099609375,2468.04099609375,0.0,0.0,2570.597427502339,2570.597427502339,0.0,-703643.3521318355,-703643.3521318355,75501.87363677964,75501.87363677964,75401.87363677964,0.0,100.0,0.0,0.0,75501.87363677964,70463.23521318355,1,0.0,100.0
4795,69258.34070130656,0.0,-692583.4070130656,0.0,10.0,0.0,-0.0,0.1,0.404524821,40.4524821,0.0,0.0,100.0,1.0,0.11,-11.0,-545.6410246159438,545.6410246159438,0.0,-545.6410246159438,545.6410246159438,0.0,-68267.05865207467,68267.05865207467,0.0,0.0,0.0,0.0,0.0,0.0,0.0,0.0,0.0,-692594.4070130656,-692594.4070130656,69358.34070130656,69358.34070130656,69258.34070130656,0.0,100.0,0.0,0.0,69358.34070130656,69358.34070130656,1,0.0,100.0
4796,67828.86241834192,0.0,-678288.6241834192,0.0,10.0,0.0,-0.0,0.1,0.42007486,42.007486,0.0,0.0,100.0,1.0,0.11,-11.0,-269.08090410673566,269.08090410673566,0.0,-269.08090410673566,269.08090410673566,0.0,-67390.70061012845,67390.70061012845,0.0,0.0,0.0,0.0,0.0,0.0,0.0,0.0,0.0,-678299.6241834192,-678299.6241834192,67928.86241834192,67928.86241834192,67828.86241834192,0.0,100.0,0.0,0.0,67928.86241834192,67928.86241834192,1,0.0,100.0
4797,21525.503516872563,0.0,-215255.03516872562,0.0,10.0,0.0,-0.0,0.1,0.4338952729999999,43.38952729999999,0.0,0.0,100.0,1.0,0.11,-11.0,-251.7532599103044,251.7532599103044,0.0,-251.7532599103044,251.7532599103044,0.0,-21121.996997051952,21121.996997051952,0.0,0.0,0.0,0.0,0.0,0.0,0.0,0.0,0.0,-215266.03516872562,-215266.03516872562,21625.503516872563,21625.503516872563,21525.503516872563,0.0,100.0,0.0,0.0,21625.503516872563,21625.503516872563,1,0.0,100.0
4798,18451.355505243755,0.0,-184513.55505243756,0.0,10.0,0.0,-0.0,0.1,0.428918774,42.8918774,0.0,0.0,100.0,1.0,0.11,-11.0,-206.9684325829458,206.9684325829458,0.0,-206.9684325829458,206.9684325829458,0.0,-18137.418640077864,18137.418640077864,0.0,0.0,0.0,0.0,0.0,0.0,0.0,0.0,0.0,-184524.55505243756,-184524.55505243756,18551.355505243755,18551.355505243755,18451.355505243755,0.0,100.0,0.0,0.0,18551.355505243755,18551.355505243755,1,0.0,100.0
4799,17706.368321380556,0.0,-177063.68321380555,0.0,10.0,0.0,-0.0,0.1,0.42881951,42.881951,0.0,0.0,100.0,1.0,0.11,-11.0,-203.95002592107733,203.95002592107733,0.0,-203.95002592107733,203.95002592107733,0.0,-17398.4682695384,17398.4682695384,0.0,0.0,0.0,0.0,0.0,0.0,0.0,0.0,0.0,-177074.68321380555,-177074.68321380555,17806.368321380556,17806.368321380556,17706.368321380556,0.0,100.0,0.0,0.0,17806.368321380556,17806.368321380556,1,0.0,100.0
4800,17706.246936021234,0.0,-177062.46936021233,0.0,10.0,0.0,-0.0,0.1,0.433582347,43.3582347,0.0,0.0,100.0,1.0,0.08,-8.0,-203.8893846321604,203.8893846321604,0.0,-203.8893846321604,203.8893846321604,0.0,-17398.468166756913,17398.468166756913,0.0,0.0,0.0,0.0,0.0,0.0,0.0,0.0,0.0,-177070.46936021233,-177070.46936021233,17806.246936021234,17806.246936021234,17706.246936021234,0.0,100.0,0.0,0.0,17806.246936021234,17806.246936021234,1,0.0,100.0
4801,17706.19495633586,0.0,-177061.94956335862,0.0,10.0,0.0,-0.0,0.1,0.4429264579999999,44.29264579999999,0.0,0.0,100.0,1.0,0.08,-8.0,-203.86339176648832,203.86339176648832,0.0,-203.86339176648832,203.86339176648832,0.0,-17398.468172802885,17398.468172802885,0.0,0.0,0.0,0.0,0.0,0.0,0.0,0.0,0.0,-177069.94956335862,-177069.94956335862,17806.19495633586,17806.19495633586,17706.19495633586,0.0,100.0,0.0,0.0,17806.19495633586,17806.19495633586,1,0.0,100.0
4802,17706.104927767363,0.0,-177061.04927767362,0.0,10.0,0.0,-0.0,0.1,0.460516593,46.0516593,0.0,0.0,100.0,1.0,0.08,-8.0,-203.81838352820893,203.81838352820893,0.0,-203.81838352820893,203.81838352820893,0.0,-17398.468160710945,17398.468160710945,0.0,0.0,0.0,0.0,0.0,0.0,0.0,0.0,0.0,-177069.04927767362,-177069.04927767362,17806.104927767363,17806.104927767363,17706.104927767363,0.0,100.0,0.0,0.0,17806.104927767363,17806.104927767363,1,0.0,100.0
4803,18447.413763683668,0.0,-184474.13763683668,0.0,10.0,0.0,-0.0,0.1,0.466984199,46.6984199,0.0,0.0,100.0,1.0,0.08,-8.0,-204.99761621662904,204.99761621662904,0.0,-204.99761621662904,204.99761621662904,0.0,-18137.41853125041,18137.41853125041,0.0,0.0,0.0,0.0,0.0,0.0,0.0,0.0,0.0,-184482.13763683668,-184482.13763683668,18547.413763683668,18547.413763683668,18447.413763683668,0.0,100.0,0.0,0.0,18547.413763683668,18547.413763683668,1,0.0,100.0
4804,19365.640423974775,0.0,-193656.40423974776,0.0,10.0,0.0,-0.0,0.1,0.454829482,45.4829482,0.0,0.0,100.0,1.0,0.08,-8.0,-204.8764884115321,204.8764884115321,0.0,-204.8764884115321,204.8764884115321,0.0,-19055.887447151712,19055.887447151712,0.0,0.0,0.0,0.0,0.0,0.0,0.0,0.0,0.0,-193664.40423974776,-193664.40423974776,19465.640423974775,19465.640423974775,19365.640423974775,0.0,100.0,0.0,0.0,19465.640423974775,19465.640423974775,1,0.0,100.0
4805,52968.34690121234,0.0,-529683.4690121234,0.0,10.0,0.0,-0.0,0.1,0.445600147,44.5600147,0.0,0.0,100.0,1.0,0.11,-11.0,-459.0114692752292,459.0114692752292,0.0,-459.0114692752292,459.0114692752292,0.0,-55021.603367643904,55021.603367643904,0.0,0.0,2318.46275390625,2318.46275390625,0.0,0.0,552.8166510757718,552.8166510757718,0.0,-529694.4690121234,-529694.4690121234,55939.62630619436,55939.62630619436,55839.62630619436,0.0,100.0,0.0,0.0,55939.62630619436,53068.34690121234,1,0.0,100.0
4806,54662.13102496653,0.0,-546621.3102496653,0.0,10.0,0.0,-0.0,0.1,0.431479355,43.1479355,0.0,0.0,100.0,1.0,0.11,-11.0,-499.1745999533463,499.1745999533463,0.0,-499.1745999533463,499.1745999533463,0.0,-61974.4132505579,61974.4132505579,0.0,0.0,6469.258974609375,6469.258974609375,0.0,0.0,1741.3724508886812,1741.3724508886812,0.0,-546632.3102496653,-546632.3102496653,62972.762450464594,62972.76245046459,62872.762450464594,0.0,100.0,0.0,0.0,62972.76245046459,54762.131024966526,1,0.0,100.0
4807,75415.51666533008,0.0,-754155.1666533009,0.0,10.0,0.0,-0.0,0.1,0.406580402,40.6580402,0.0,0.0,100.0,1.0,0.11,-11.0,-777.6968871709889,777.6968871709889,0.0,-777.6968871709889,777.6968871709889,0.0,-95342.05758051614,95342.05758051614,0.0,0.0,13835.98740234375,13835.98740234375,0.0,0.0,7545.947287184285,7545.947287184285,0.0,-754166.1666533009,-754166.1666533009,96897.45135485812,96897.45135485812,96797.45135485812,0.0,100.0,0.0,0.0,96897.45135485812,75515.51666533008,1,0.0,100.0
4808,66001.42932519625,0.0,-660014.2932519625,0.0,10.0,0.0,-0.0,0.1,0.382675751,38.2675751,0.0,0.0,100.0,1.0,0.11,-11.0,-853.8660515585599,853.8660515585599,0.0,-853.8660515585599,853.8660515585599,0.0,-93952.39405437165,93952.39405437165,0.0,0.0,14770.851416015625,14770.851416015625,0.0,0.0,14787.845416276896,14787.845416276896,0.0,-660025.2932519625,-660025.2932519625,95660.12615748878,95660.12615748876,95560.12615748878,0.0,100.0,0.0,0.0,95660.12615748876,66101.42932519624,1,0.0,100.0
4809,45964.27341724331,0.0,-459642.73417243315,0.0,10.0,0.0,-0.0,0.1,0.364414078,36.4414078,0.0,0.0,100.0,1.0,0.11,-11.0,-960.4305827070948,960.4305827070948,0.0,-960.4305827070948,960.4305827070948,0.0,-91547.732416511,91547.732416511,0.0,0.0,26811.899912109373,26811.899912109373,0.0,0.0,20592.4202525725,20592.4202525725,0.0,-459653.73417243315,-459653.73417243315,93468.59358192519,93468.59358192519,93368.59358192519,0.0,100.0,0.0,0.0,93468.59358192519,46064.27341724331,1,0.0,100.0
4810,41064.688777927615,0.0,-410646.8877792761,0.0,10.0,0.0,-0.0,0.1,0.359550328,35.9550328,0.0,0.0,100.0,1.0,0.11,-11.0,-1029.631486418405,1029.631486418405,0.0,-1029.631486418405,1029.631486418405,0.0,-91408.59149861462,91408.59149861462,0.0,0.0,28532.049697265626,28532.049697265626,0.0,0.0,23771.115996258188,23771.115996258188,0.0,-410657.8877792761,-410657.8877792761,93467.85447145143,93467.85447145143,93367.85447145143,0.0,100.0,0.0,0.0,93467.85447145143,41164.688777927615,1,0.0,100.0
4811,33273.93014096897,0.0,-332739.3014096897,0.0,10.0,0.0,-0.0,0.1,0.356558556,35.6558556,0.0,0.0,100.0,1.0,0.11,-11.0,-1085.0872103913466,1085.0872103913466,0.0,-1085.0872103913466,1085.0872103913466,0.0,-88293.52002203088,88293.52002203088,0.0,0.0,31411.430859375,31411.430859375,0.0,0.0,25678.3334424696,25678.3334424696,0.0,-332750.3014096897,-332750.3014096897,90463.69444281358,90463.69444281358,90363.69444281358,0.0,100.0,0.0,0.0,90463.69444281358,33373.93014096898,1,0.0,100.0
4812,30580.680409443612,0.0,-305806.8040944361,0.0,10.0,0.0,-0.0,0.1,0.3709560289999999,37.09560289999999,0.0,0.0,100.0,1.0,0.11,-11.0,-1076.184305565887,1076.184305565887,0.0,-1076.184305565887,1076.184305565887,0.0,-91812.67357841444,91812.67357841444,0.0,0.0,35450.0433984375,35450.0433984375,0.0,0.0,27834.31838166511,27834.31838166511,0.0,-305817.8040944361,-305817.8040944361,93965.04218954622,93965.04218954622,93865.04218954622,0.0,100.0,0.0,0.0,93965.04218954622,30680.68040944361,1,0.0,100.0
4813,36099.58301665945,0.0,-360995.83016659453,0.0,10.0,0.0,-0.0,0.1,0.400256158,40.0256158,0.0,0.0,100.0,1.0,0.11,-11.0,-1082.6533678881983,1082.6533678881983,0.0,-1082.6533678881983,1082.6533678881983,0.0,-91826.4670954312,91826.4670954312,0.0,0.0,30925.301572265624,30925.301572265624,0.0,0.0,26866.889242282512,26866.889242282512,0.0,-361006.83016659453,-361006.83016659453,93991.7738312076,93991.7738312076,93891.7738312076,0.0,100.0,0.0,0.0,93991.7738312076,36199.58301665946,1,0.0,100.0
4814,41033.95706540049,0.0,-410339.5706540049,0.0,10.0,0.0,-0.0,0.1,0.425752147,42.575214700000004,0.0,0.0,100.0,1.0,0.08,-8.0,-1048.6871095610354,1048.6871095610354,0.0,-1048.6871095610354,1048.6871095610354,0.0,-91482.8137568476,91482.8137568476,0.0,0.0,28868.6007421875,28868.6007421875,0.0,0.0,23577.630168381667,23577.630168381667,0.0,-410347.5706540049,-410347.5706540049,93580.18797596966,93580.18797596966,93480.18797596966,0.0,100.0,0.0,0.0,93580.18797596966,41133.95706540049,1,0.0,100.0
4815,53466.748677328316,0.0,-534667.4867732832,0.0,10.0,0.0,-0.0,0.1,0.425095716,42.5095716,0.0,0.0,100.0,1.0,0.08,-8.0,-1039.8067741906518,1039.8067741906518,0.0,-1039.8067741906518,1039.8067741906518,0.0,-93734.21502157082,93734.21502157082,0.0,0.0,22511.52544921875,22511.52544921875,0.0,0.0,19735.554443405053,19735.554443405053,0.0,-534675.4867732832,-534675.4867732832,95813.82856995212,95813.82856995212,95713.82856995212,0.0,100.0,0.0,0.0,95813.82856995212,53566.748677328316,1,0.0,100.0
4816,58316.08222301165,0.0,-583160.8222301165,0.0,10.0,0.0,-0.0,0.1,0.444611418,44.4611418,0.0,0.0,100.0,1.0,0.08,-8.0,-949.2597660624166,949.2597660624166,0.0,-949.2597660624166,949.2597660624166,0.0,-86003.09075351105,86003.09075351105,0.0,0.0,14808.2459765625,14808.2459765625,0.0,0.0,14677.28208606174,14677.28208606174,0.0,-583168.8222301165,-583168.8222301165,87901.61028563589,87901.61028563588,87801.61028563589,0.0,100.0,0.0,0.0,87901.61028563588,58416.08222301164,1,0.0,100.0
4817,58775.96805312524,0.0,-587759.6805312524,0.0,10.0,0.0,-0.0,0.1,0.455993098,45.5993098,0.0,0.0,100.0,1.0,0.11,-11.0,-645.2249848187004,645.2249848187004,0.0,-645.2249848187004,645.2249848187004,0.0,-73717.63113362415,73717.63113362415,0.0,0.0,7591.095791015625,7591.095791015625,0.0,0.0,8541.017259120676,8541.017259120676,0.0,-587770.6805312524,-587770.6805312524,75008.08110326153,75008.08110326155,74908.08110326153,0.0,100.0,0.0,0.0,75008.08110326155,58875.968053125245,1,0.0,100.0
4818,69871.7044861986,0.0,-698717.0448619861,0.0,10.0,0.0,-0.0,0.1,0.456290571,45.6290571,0.0,0.0,100.0,1.0,0.11,-11.0,-635.4080655991204,635.4080655991204,0.0,-635.4080655991204,635.4080655991204,0.0,-74059.84268982336,74059.84268982336,0.0,0.0,2318.46275390625,2318.46275390625,0.0,0.0,3040.491580916745,3040.491580916745,0.0,-698728.0448619861,-698728.0448619861,75330.6588210216,75330.6588210216,75230.6588210216,0.0,100.0,0.0,0.0,75330.6588210216,69971.7044861986,1,0.0,100.0
4819,69040.68568193594,0.0,-690406.8568193594,0.0,10.0,0.0,-0.0,0.1,0.450445459,45.0445459,0.0,0.0,100.0,1.0,0.11,-11.0,-545.3958953961176,545.3958953961176,0.0,-545.3958953961176,545.3958953961176,0.0,-68049.8938911437,68049.8938911437,0.0,0.0,0.0,0.0,0.0,0.0,0.0,0.0,0.0,-690417.8568193594,-690417.8568193594,69140.68568193594,69140.68568193594,69040.68568193594,0.0,100.0,0.0,0.0,69140.68568193594,69140.68568193594,1,0.0,100.0
4820,66551.55133487165,0.0,-665515.5133487165,0.0,10.0,0.0,-0.0,0.1,0.446255916,44.6255916,0.0,0.0,100.0,1.0,0.11,-11.0,-280.6684619736342,280.6684619736342,0.0,-280.6684619736342,280.6684619736342,0.0,-66090.21441092438,66090.21441092438,0.0,0.0,0.0,0.0,0.0,0.0,0.0,0.0,0.0,-665526.5133487165,-665526.5133487165,66651.55133487165,66651.55133487165,66551.55133487165,0.0,100.0,0.0,0.0,66651.55133487165,66651.55133487165,1,0.0,100.0
4821,21468.805666791588,0.0,-214688.0566679159,0.0,10.0,0.0,-0.0,0.1,0.43788608,43.788608,0.0,0.0,100.0,1.0,0.11,-11.0,-223.40438928354573,223.40438928354573,0.0,-223.40438928354573,223.40438928354573,0.0,-21121.996888224498,21121.996888224498,0.0,0.0,0.0,0.0,0.0,0.0,0.0,0.0,0.0,-214699.0566679159,-214699.0566679159,21568.805666791588,21568.805666791588,21468.805666791588,0.0,100.0,0.0,0.0,21568.805666791588,21568.805666791588,1,0.0,100.0
4822,18451.35779453597,0.0,-184513.5779453597,0.0,10.0,0.0,-0.0,0.1,0.43458916,43.458915999999995,0.0,0.0,100.0,1.0,0.11,-11.0,-206.96963164277915,206.96963164277915,0.0,-206.96963164277915,206.96963164277915,0.0,-18137.41853125041,18137.41853125041,0.0,0.0,0.0,0.0,0.0,0.0,0.0,0.0,0.0,-184524.5779453597,-184524.5779453597,18551.35779453597,18551.35779453597,18451.35779453597,0.0,100.0,0.0,0.0,18551.35779453597,18551.35779453597,1,0.0,100.0
4823,17706.412956413937,0.0,-177064.12956413935,0.0,10.0,0.0,-0.0,0.1,0.4300712779999999,43.00712779999999,0.0,0.0,100.0,1.0,0.11,-11.0,-203.97239482851128,203.97239482851128,0.0,-203.97239482851128,203.97239482851128,0.0,-17398.468166756913,17398.468166756913,0.0,0.0,0.0,0.0,0.0,0.0,0.0,0.0,0.0,-177075.12956413935,-177075.12956413935,17806.412956413937,17806.412956413937,17706.412956413937,0.0,100.0,0.0,0.0,17806.412956413937,17806.412956413937,1,0.0,100.0
4824,17706.36453527003,0.0,-177063.6453527003,0.0,10.0,0.0,-0.0,0.1,0.433737194,43.3737194,0.0,0.0,100.0,1.0,0.08,-8.0,-203.94823262431217,203.94823262431217,0.0,-203.94823262431217,203.94823262431217,0.0,-17398.468070021405,17398.468070021405,0.0,0.0,0.0,0.0,0.0,0.0,0.0,0.0,0.0,-177071.6453527003,-177071.6453527003,17806.36453527003,17806.36453527003,17706.36453527003,0.0,100.0,0.0,0.0,17806.36453527003,17806.36453527003,1,0.0,100.0
4825,17706.30546329884,0.0,-177063.05463298838,0.0,10.0,0.0,-0.0,0.1,0.44889573,44.889573,0.0,0.0,100.0,1.0,0.08,-8.0,-203.9186966387173,203.9186966387173,0.0,-203.9186966387173,203.9186966387173,0.0,-17398.468070021405,17398.468070021405,0.0,0.0,0.0,0.0,0.0,0.0,0.0,0.0,0.0,-177071.05463298838,-177071.05463298838,17806.30546329884,17806.30546329884,17706.30546329884,0.0,100.0,0.0,0.0,17806.30546329884,17806.30546329884,1,0.0,100.0
4826,17706.232033258584,0.0,-177062.32033258583,0.0,10.0,0.0,-0.0,0.1,0.455578391,45.5578391,0.0,0.0,100.0,1.0,0.08,-8.0,-203.88197859560503,203.88197859560503,0.0,-203.88197859560503,203.88197859560503,0.0,-17398.468076067373,17398.468076067373,0.0,0.0,0.0,0.0,0.0,0.0,0.0,0.0,0.0,-177070.32033258583,-177070.32033258583,17806.232033258584,17806.232033258584,17706.232033258584,0.0,100.0,0.0,0.0,17806.232033258584,17806.232033258584,1,0.0,100.0
4827,18457.129914452104,0.0,-184571.29914452104,0.0,10.0,0.0,-0.0,0.1,0.4497714779999999,44.97714779999999,0.0,0.0,100.0,1.0,0.08,-8.0,-209.85573694561688,209.85573694561688,0.0,-209.85573694561688,209.85573694561688,0.0,-18137.41844056087,18137.41844056087,0.0,0.0,0.0,0.0,0.0,0.0,0.0,0.0,0.0,-184579.29914452104,-184579.29914452104,18557.129914452104,18557.129914452104,18457.129914452104,0.0,100.0,0.0,0.0,18557.129914452104,18557.129914452104,1,0.0,100.0
4828,19890.06584868654,0.0,-198900.6584868654,0.0,10.0,0.0,-0.0,0.1,0.429858197,42.9858197,0.0,0.0,100.0,1.0,0.08,-8.0,-208.81553117994653,208.81553117994653,0.0,-208.81553117994653,208.81553117994653,0.0,-19572.434786326645,19572.434786326645,0.0,0.0,0.0,0.0,0.0,0.0,0.0,0.0,0.0,-198908.6584868654,-198908.6584868654,19990.06584868654,19990.06584868654,19890.06584868654,0.0,100.0,0.0,0.0,19990.06584868654,19990.06584868654,1,0.0,100.0
4829,56501.02323146783,0.0,-565010.2323146783,0.0,10.0,0.0,-0.0,0.1,0.396334543,39.6334543,0.0,0.0,100.0,1.0,0.11,-11.0,-462.1106638329332,462.1106638329332,0.0,-462.1106638329332,462.1106638329332,0.0,-58811.49520347784,58811.49520347784,0.0,0.0,2056.700830078125,2056.700830078125,0.0,0.0,1077.992469597755,1077.992469597755,0.0,-565021.2323146783,-565021.2323146783,59735.716531143706,59735.716531143706,59635.716531143706,0.0,100.0,0.0,0.0,59735.716531143706,56601.02323146783,1,0.0,100.0
4830,56599.06202288712,0.0,-565990.6202288712,0.0,10.0,0.0,-0.0,0.1,0.375527331,37.552733100000005,0.0,0.0,100.0,1.0,0.11,-11.0,-497.836661400811,497.836661400811,0.0,-497.836661400811,497.836661400811,0.0,-64540.16364352892,64540.16364352892,0.0,0.0,3253.326767578125,3253.326767578125,0.0,0.0,5583.448175865296,5583.448175865296,0.0,-566001.6202288712,-566001.6202288712,65535.83696633054,65535.83696633054,65435.83696633054,0.0,100.0,0.0,0.0,65535.83696633054,56699.06202288712,1,0.0,100.0
4831,75241.36886755755,0.0,-752413.6886755755,0.0,10.0,0.0,-0.0,0.1,0.3543453829999999,35.43453829999999,0.0,0.0,100.0,1.0,0.11,-11.0,-799.3143589499151,799.3143589499151,0.0,-799.3143589499151,799.3143589499151,0.0,-97205.96551560832,97205.96551560832,0.0,0.0,11854.075693359377,11854.075693359377,0.0,0.0,11609.14967259121,11609.14967259121,0.0,-752424.6886755755,-752424.6886755755,98804.59423350813,98804.59423350815,98704.59423350813,0.0,100.0,0.0,0.0,98804.59423350815,75341.36886755755,1,0.0,100.0
4832,71982.74973797183,0.0,-719827.4973797182,0.0,10.0,0.0,-0.0,0.1,0.335347947,33.5347947,0.0,0.0,100.0,1.0,0.11,-11.0,-881.2181298167156,881.2181298167156,0.0,-881.2181298167156,881.2181298167156,0.0,-94964.21422305638,94964.21422305638,0.0,0.0,6843.204580078125,6843.204580078125,0.0,0.0,17800.696164639852,17800.696164639852,0.0,-719838.4973797182,-719838.4973797182,96726.6504826898,96726.6504826898,96626.6504826898,0.0,100.0,0.0,0.0,96726.6504826898,72082.74973797183,1,0.0,100.0
4833,47672.61376543388,0.0,-476726.13765433885,0.0,10.0,0.0,-0.0,0.1,0.321167736,32.116773599999995,0.0,0.0,100.0,1.0,0.11,-11.0,-898.6626419905049,898.6626419905049,0.0,-898.6626419905049,898.6626419905049,0.0,-92075.75493959132,92075.75493959132,0.0,0.0,23932.51875,23932.51875,0.0,0.0,22167.94770813845,22167.94770813845,0.0,-476737.13765433885,-476737.13765433885,93873.08022357232,93873.08022357234,93773.08022357232,0.0,100.0,0.0,0.0,93873.08022357234,47772.61376543389,1,0.0,100.0
4834,36825.311307605196,0.0,-368253.11307605193,0.0,10.0,0.0,-0.0,0.1,0.316264323,31.6264323,0.0,0.0,100.0,1.0,0.11,-11.0,-902.123242395544,902.123242395544,0.0,-902.123242395544,902.123242395544,0.0,-92256.3570617732,92256.3570617732,0.0,0.0,31374.036298828123,31374.036298828123,0.0,0.0,25761.255940130966,25761.255940130966,0.0,-368264.11307605193,-368264.11307605193,94060.60354656429,94060.60354656429,93960.60354656429,0.0,100.0,0.0,0.0,94060.60354656429,36925.3113076052,1,0.0,100.0
4835,31871.789474865705,0.0,-318717.89474865707,0.0,10.0,0.0,-0.0,0.1,0.313378106,31.337810599999997,0.0,0.0,100.0,1.0,0.11,-11.0,-1006.3764563195724,1006.3764563195724,0.0,-1006.3764563195724,1006.3764563195724,0.0,-89157.63751472671,89157.63751472671,0.0,0.0,31336.64173828125,31336.64173828125,0.0,0.0,27861.9592142189,27861.9592142189,0.0,-318728.89474865707,-318728.89474865707,91170.39042736586,91170.39042736586,91070.39042736586,0.0,100.0,0.0,0.0,91170.39042736586,31971.789474865705,1,0.0,100.0
4836,33095.444437797545,0.0,-330954.4443779754,0.0,10.0,0.0,-0.0,0.1,0.327278775,32.727877500000005,0.0,0.0,100.0,1.0,0.11,-11.0,-1058.6744269111866,1058.6744269111866,0.0,-1058.6744269111866,1058.6744269111866,0.0,-92561.0370521259,92561.0370521259,0.0,0.0,33206.369765625,33206.369765625,0.0,0.0,28276.57170252573,28276.57170252573,0.0,-330965.4443779754,-330965.4443779754,94678.38590594828,94678.38590594828,94578.38590594828,0.0,100.0,0.0,0.0,94678.38590594828,33195.444437797545,1,0.0,100.0
4837,39604.54577485958,0.0,-396045.4577485958,0.0,10.0,0.0,-0.0,0.1,0.3602625789999999,36.02625789999999,0.0,0.0,100.0,1.0,0.11,-11.0,-962.9194425457732,962.9194425457732,0.0,-962.9194425457732,962.9194425457732,0.0,-93034.58061227082,93034.58061227082,0.0,0.0,28195.498652343747,28195.498652343747,0.0,0.0,27060.375070159032,27060.375070159032,0.0,-396056.4577485958,-396056.4577485958,94960.41949736237,94960.41949736237,94860.41949736237,0.0,100.0,0.0,0.0,94960.41949736237,39704.54577485959,1,0.0,100.0
4838,42287.254600600485,0.0,-422872.54600600485,0.0,10.0,0.0,-0.0,0.1,0.385452946,38.545294600000005,0.0,0.0,100.0,1.0,0.08,-8.0,-918.020442688398,918.020442688398,0.0,-918.020442688398,918.020442688398,0.0,-93605.5429419762,93605.5429419762,0.0,0.0,28868.6007421875,28868.6007421875,0.0,0.0,24185.728484565017,24185.728484565017,0.0,-422880.54600600485,-422880.54600600485,95441.583827353,95441.583827353,95341.583827353,0.0,100.0,0.0,0.0,95441.583827353,42387.25460060048,1,0.0,100.0
4839,56030.84480415041,0.0,-560308.4480415041,0.0,10.0,0.0,-0.0,0.1,0.410277422,41.0277422,0.0,0.0,100.0,1.0,0.08,-8.0,-977.2969938124088,977.2969938124088,0.0,-977.2969938124088,977.2969938124088,0.0,-95355.15520642525,95355.15520642525,0.0,0.0,21277.504951171875,21277.504951171875,0.0,0.0,19901.399438727785,19901.399438727785,0.0,-560316.4480415041,-560316.4480415041,97309.74919405006,97309.74919405006,97209.74919405006,0.0,100.0,0.0,0.0,97309.74919405006,56130.8448041504,1,0.0,100.0
4840,60082.77735858382,0.0,-600827.7735858383,0.0,10.0,0.0,-0.0,0.1,0.429677838,42.9677838,0.0,0.0,100.0,1.0,0.08,-8.0,-847.1132007240175,847.1132007240175,0.0,-847.1132007240175,847.1132007240175,0.0,-87831.01380271467,87831.01380271467,0.0,0.0,14471.694931640624,14471.694931640624,0.0,0.0,14870.767913938262,14870.767913938262,0.0,-600835.7735858383,-600835.7735858383,89525.2402041627,89525.2402041627,89425.2402041627,0.0,100.0,0.0,0.0,89525.2402041627,60182.77735858382,1,0.0,100.0
4841,61356.434542979565,0.0,-613564.3454297957,0.0,10.0,0.0,-0.0,0.1,0.4385557329999999,43.85557329999999,0.0,0.0,100.0,1.0,0.11,-11.0,-609.0318016228357,609.0318016228357,0.0,-609.0318016228357,609.0318016228357,0.0,-76126.60917060277,76126.60917060277,0.0,0.0,7291.939306640625,7291.939306640625,0.0,0.0,8596.298924228251,8596.298924228251,0.0,-613575.3454297957,-613575.3454297957,77344.67277384843,77344.67277384843,77244.67277384843,0.0,100.0,0.0,0.0,77344.67277384843,61456.43454297956,1,0.0,100.0
4842,70581.13520336393,0.0,-705811.3520336393,0.0,10.0,0.0,-0.0,0.1,0.441499871,44.1499871,0.0,0.0,100.0,1.0,0.11,-11.0,-580.1688159227305,580.1688159227305,0.0,-580.1688159227305,580.1688159227305,0.0,-74702.53283160017,74702.53283160017,0.0,0.0,2168.8845117187498,2168.8845117187498,0.0,0.0,3012.8507483629564,3012.8507483629564,0.0,-705822.3520336393,-705822.3520336393,75862.87046344564,75862.87046344562,75762.87046344564,0.0,100.0,0.0,0.0,75862.87046344562,70681.13520336391,1,0.0,100.0
4843,69204.89920663401,0.0,-692048.9920663402,0.0,10.0,0.0,-0.0,0.1,0.4410862239999999,44.108622399999994,0.0,0.0,100.0,1.0,0.11,-11.0,-465.5521705793984,465.5521705793984,0.0,-465.5521705793984,465.5521705793984,0.0,-68373.79486547521,68373.79486547521,0.0,0.0,0.0,0.0,0.0,0.0,0.0,0.0,0.0,-692059.9920663402,-692059.9920663402,69304.89920663401,69304.89920663401,69204.89920663401,0.0,100.0,0.0,0.0,69304.89920663401,69304.89920663401,1,0.0,100.0
4844,67861.48713413654,0.0,-678614.8713413654,0.0,10.0,0.0,-0.0,0.1,0.444209632,44.4209632,0.0,0.0,100.0,1.0,0.11,-11.0,-203.7826474697856,203.7826474697856,0.0,-203.7826474697856,203.7826474697856,0.0,-67553.92183919696,67553.92183919696,0.0,0.0,0.0,0.0,0.0,0.0,0.0,0.0,0.0,-678625.8713413654,-678625.8713413654,67961.48713413654,67961.48713413654,67861.48713413654,0.0,100.0,0.0,0.0,67961.48713413654,67961.48713413654,1,0.0,100.0
4845,21429.59516065967,0.0,-214295.95160659667,0.0,10.0,0.0,-0.0,0.1,0.43683316,43.683316,0.0,0.0,100.0,1.0,0.11,-11.0,-203.79918760832928,203.79918760832928,0.0,-203.79918760832928,203.79918760832928,0.0,-21121.99678544301,21121.99678544301,0.0,0.0,0.0,0.0,0.0,0.0,0.0,0.0,0.0,-214306.95160659667,-214306.95160659667,21529.59516065967,21529.59516065967,21429.59516065967,0.0,100.0,0.0,0.0,21529.59516065967,21529.59516065967,1,0.0,100.0
4846,18450.708146435783,0.0,-184507.08146435785,0.0,10.0,0.0,-0.0,0.1,0.430208681,43.0208681,0.0,0.0,100.0,1.0,0.11,-11.0,-206.6448589834304,206.6448589834304,0.0,-206.6448589834304,206.6448589834304,0.0,-18137.41842846892,18137.41842846892,0.0,0.0,0.0,0.0,0.0,0.0,0.0,0.0,0.0,-184518.08146435785,-184518.08146435785,18550.708146435783,18550.708146435783,18450.708146435783,0.0,100.0,0.0,0.0,18550.708146435783,18550.708146435783,1,0.0,100.0
4847,17705.805366727775,0.0,-177058.05366727774,0.0,10.0,0.0,-0.0,0.1,0.427412113,42.741211299999996,0.0,0.0,100.0,1.0,0.11,-11.0,-203.66865439915503,203.66865439915503,0.0,-203.66865439915503,203.66865439915503,0.0,-17398.468057929465,17398.468057929465,0.0,0.0,0.0,0.0,0.0,0.0,0.0,0.0,0.0,-177069.05366727774,-177069.05366727774,17805.805366727775,17805.805366727775,17705.805366727775,0.0,100.0,0.0,0.0,17805.805366727775,17805.805366727775,1,0.0,100.0
4848,14692.313410591172,0.0,-146923.1341059117,0.0,10.0,0.0,-0.0,0.1,0.434092545,43.4092545,0.0,0.0,100.0,1.0,0.08,-8.0,-203.60033757079043,203.60033757079043,0.0,-203.60033757079043,203.60033757079043,0.0,-14385.112735449591,14385.112735449591,0.0,0.0,0.0,0.0,0.0,0.0,0.0,0.0,0.0,-146931.1341059117,-146931.1341059117,14792.313410591172,14792.313410591172,14692.313410591172,0.0,100.0,0.0,0.0,14792.313410591172,14792.313410591172,1,0.0,100.0
4849,14692.224677318261,0.0,-146922.24677318262,0.0,10.0,0.0,-0.0,0.1,0.451781615,45.1781615,0.0,0.0,100.0,1.0,0.08,-8.0,-203.5559709343355,203.5559709343355,0.0,-203.5559709343355,203.5559709343355,0.0,-14385.112735449591,14385.112735449591,0.0,0.0,0.0,0.0,0.0,0.0,0.0,0.0,0.0,-146930.24677318262,-146930.24677318262,14792.224677318261,14792.224677318261,14692.224677318261,0.0,100.0,0.0,0.0,14792.224677318261,14792.224677318261,1,0.0,100.0
4850,14692.176033343121,0.0,-146921.76033343122,0.0,10.0,0.0,-0.0,0.1,0.4660675179999999,46.60675179999999,0.0,0.0,100.0,1.0,0.08,-8.0,-203.5316459237781,203.5316459237781,0.0,-203.5316459237781,203.5316459237781,0.0,-14385.112741495564,14385.112741495564,0.0,0.0,0.0,0.0,0.0,0.0,0.0,0.0,0.0,-146929.76033343122,-146929.76033343122,14792.176033343121,14792.176033343121,14692.176033343121,0.0,100.0,0.0,0.0,14792.176033343121,14792.176033343121,1,0.0,100.0
4851,15433.405169459025,0.0,-154334.05169459025,0.0,10.0,0.0,-0.0,0.1,0.464829263,46.4829263,0.0,0.0,100.0,1.0,0.08,-8.0,-204.67102871199944,204.67102871199944,0.0,-204.67102871199944,204.67102871199944,0.0,-15124.063112035026,15124.063112035026,0.0,0.0,0.0,0.0,0.0,0.0,0.0,0.0,0.0,-154342.05169459025,-154342.05169459025,15533.405169459025,15533.405169459025,15433.405169459025,0.0,100.0,0.0,0.0,15533.405169459025,15533.405169459025,1,0.0,100.0
4852,15361.55552180914,0.0,-153615.5552180914,0.0,10.0,0.0,-0.0,0.1,0.444736054,44.4736054,0.0,0.0,100.0,1.0,0.08,-8.0,-204.576861112641,204.576861112641,0.0,-204.576861112641,204.576861112641,0.0,-15052.401799583857,15052.401799583857,0.0,0.0,0.0,0.0,0.0,0.0,0.0,0.0,0.0,-153623.5552180914,-153623.5552180914,15461.55552180914,15461.55552180914,15361.55552180914,0.0,100.0,0.0,0.0,15461.55552180914,15461.55552180914,1,0.0,100.0
4853,54962.59158333646,0.0,-549625.9158333646,0.0,10.0,0.0,-0.0,0.1,0.4202106129999999,42.02106129999999,0.0,0.0,100.0,1.0,0.11,-11.0,-186.6742009675552,186.6742009675552,0.0,-186.6742009675552,186.6742009675552,0.0,-57197.98267977345,57197.98267977345,0.0,0.0,1458.387861328125,1458.387861328125,0.0,0.0,1050.3516370439663,1050.3516370439663,0.0,-549636.9158333646,-549636.9158333646,57571.33108170856,57571.33108170856,57471.33108170856,0.0,100.0,0.0,0.0,57571.33108170856,55062.59158333647,1,0.0,100.0
4854,46985.97493661177,0.0,-469859.7493661177,0.0,10.0,0.0,-0.0,0.1,0.388781069,38.8781069,0.0,0.0,100.0,1.0,0.11,-11.0,-168.40877871574068,168.40877871574068,0.0,-168.40877871574068,168.40877871574068,0.0,-58419.785547618594,58419.785547618594,0.0,0.0,6170.102490234375,6170.102490234375,0.0,0.0,5500.52567820393,5500.52567820393,0.0,-469870.7493661177,-469870.7493661177,58756.603105050075,58756.603105050075,58656.603105050075,0.0,100.0,0.0,0.0,58756.603105050075,47085.97493661177,1,0.0,100.0
4855,53168.12849625549,0.0,-531681.2849625549,0.0,10.0,0.0,-0.0,0.1,0.361835562,36.1835562,0.0,0.0,100.0,1.0,0.11,-11.0,-168.45094983041815,168.45094983041815,0.0,-168.45094983041815,168.45094983041815,0.0,-73479.29659131446,73479.29659131446,0.0,0.0,9049.48365234375,9049.48365234375,0.0,0.0,11498.586342376057,11498.586342376057,0.0,-531692.2849625549,-531692.2849625549,73816.19849097531,73816.1984909753,73716.19849097531,0.0,100.0,0.0,0.0,73816.1984909753,53268.128496255486,1,0.0,100.0
4856,46055.55431345895,0.0,-460555.54313458956,0.0,10.0,0.0,-0.0,0.1,0.3512608,35.12608,0.0,0.0,100.0,1.0,0.11,-11.0,-168.57935266546332,168.57935266546332,0.0,-168.57935266546332,168.57935266546332,0.0,-71202.0541872159,71202.0541872159,0.0,0.0,7665.884912109374,7665.884912109374,0.0,0.0,17717.773666978486,17717.773666978486,0.0,-460566.54313458956,-460566.54313458956,71539.21289254681,71539.21289254681,71439.21289254681,0.0,100.0,0.0,0.0,71539.21289254681,46155.55431345895,1,0.0,100.0
4857,36181.09290619909,0.0,-361810.92906199093,0.0,10.0,0.0,-0.0,0.1,0.345887402,34.588740200000004,0.0,0.0,100.0,1.0,0.11,-11.0,-168.70139525735365,168.70139525735365,0.0,-168.70139525735365,168.70139525735365,0.0,-67843.97729400342,67843.97729400342,0.0,0.0,9759.980302734377,9759.980302734377,0.0,0.0,22140.30687558466,22140.30687558466,0.0,-361821.92906199093,-361821.92906199093,68181.38008451812,68181.38008451812,68081.38008451812,0.0,100.0,0.0,0.0,68181.38008451812,36281.09290619909,1,0.0,100.0
4858,30789.676447812595,0.0,-307896.76447812596,0.0,10.0,0.0,-0.0,0.1,0.343647973,34.3647973,0.0,0.0,100.0,1.0,0.11,-11.0,-287.8029604943172,287.8029604943172,0.0,-287.8029604943172,287.8029604943172,0.0,-67461.15997776564,67461.15997776564,0.0,0.0,11330.551845703125,11330.551845703125,0.0,0.0,25816.537605238544,25816.537605238544,0.0,-307907.76447812596,-307907.76447812596,68036.76589875427,68036.76589875427,67936.76589875427,0.0,100.0,0.0,0.0,68036.76589875427,30889.6764478126,1,0.0,100.0
4859,10634.547916753345,0.0,-106345.47916753346,0.0,10.0,0.0,-0.0,0.1,0.363426287,36.3426287,0.0,0.0,100.0,1.0,0.11,-11.0,-284.98779311434595,284.98779311434595,0.0,-284.98779311434595,284.98779311434595,0.0,-67137.386754773,67137.386754773,0.0,0.0,29055.57354492188,29055.57354492188,0.0,0.0,27917.24087932648,27917.24087932648,0.0,-106356.47916753346,-106356.47916753346,67707.3623410017,67707.3623410017,67607.3623410017,0.0,100.0,0.0,0.0,67707.3623410017,10734.547916753341,1,0.0,100.0
4860,10164.966551702582,0.0,-101649.66551702583,0.0,10.0,0.0,-0.0,0.1,0.390884877,39.0884877,0.0,0.0,100.0,1.0,0.11,-11.0,-277.40845301909417,277.40845301909417,0.0,-277.40845301909417,277.40845301909417,0.0,-66751.2717853046,66751.2717853046,0.0,0.0,28681.627939453123,28681.627939453123,0.0,0.0,28359.49420018709,28359.49420018709,0.0,-101660.66551702583,-101660.66551702583,67306.0886913428,67306.0886913428,67206.0886913428,0.0,100.0,0.0,0.0,67306.0886913428,10264.966551702586,1,0.0,100.0
4861,0.0,0.0,-0.0,55.55555555555556,10.0,0.0,-0.0,0.1,0.4134217529999999,0.0,0.0,100.0,0.0,1.0,0.11,0.0,-291.2755655983692,291.2755655983692,0.0,-291.2755655983692,291.2755655983692,0.0,-52241.73287337217,52241.73287337217,0.0,0.0,32533.267675781248,32533.267675781248,0.0,6752.007348584761,27198.579232927976,20446.571884343215,0.0,0.0,0.0,52979.83956012446,52979.83956012446,52979.83956012446,0.0,0.0,155.55555555555475,0.0,52824.28400456891,-6907.562904140315,1,-55.55555555555556,-100.0
4862,0.0,0.0,-0.0,44.44444444444444,60.0,0.0,-0.0,0.6,0.427222539,0.0,0.0,100.0,0.0,1.0,0.08,0.0,-340.91201972707995,340.91201972707995,0.0,-340.91201972707995,340.91201972707995,0.0,-52898.19809195829,52898.19809195829,0.0,0.0,29504.308271484373,29504.308271484373,0.0,131.41517551522702,24351.57347988775,24220.158304372522,0.0,0.0,0.0,53724.466575856895,53724.466575856895,53724.466575856895,0.0,0.0,144.44444444444525,0.0,53580.02213141245,-275.8596199596723,1,-44.44444444444444,-100.0
4863,13159.171094923684,0.0,-131591.71094923685,0.0,100.0,45.0,-0.0,1.0,0.4499183,44.99183,0.0,0.0,100.0,1.0,0.08,-8.0,-303.1840469739291,303.1840469739291,0.0,-303.1840469739291,303.1840469739291,0.0,-55884.63958098818,55884.63958098818,0.0,0.0,23147.232978515625,23147.232978515625,0.0,0.0,20039.60360149673,20039.60360149673,0.0,-131599.71094923685,-131599.71094923685,56491.007674936045,56491.00767493604,56346.007674936045,0.0,145.0,0.0,0.0,56491.00767493604,13304.17109492368,1,45.0,100.0
4864,25163.110464113386,0.0,-251631.10464113386,0.0,50.0,36.0,-0.0,0.5,0.4501004939999999,45.01004939999999,0.0,0.0,100.0,1.0,0.08,-8.0,-342.95857908421186,342.95857908421186,0.0,-342.95857908421186,342.95857908421186,0.0,-53219.139020004906,53219.139020004906,0.0,0.0,13873.381962890624,13873.381962890624,0.0,0.0,14732.563751169318,14732.563751169318,0.0,-251639.10464113386,-251639.10464113386,53905.05617817333,53905.05617817333,53769.05617817333,0.0,136.0,0.0,0.0,53905.05617817333,25299.110464113386,1,36.0,100.0
4865,14518.801974570175,0.0,-145188.01974570175,0.0,10.0,0.0,-0.0,0.1,0.444953117,44.4953117,0.0,0.0,100.0,1.0,0.11,-11.0,-268.25449928273423,268.25449928273423,0.0,-268.25449928273423,268.25449928273423,0.0,-30220.88743184289,30220.88743184289,0.0,0.0,8039.830517578125,8039.830517578125,0.0,0.0,8098.763938260057,8098.763938260057,0.0,-145199.01974570175,-145199.01974570175,30757.396430408357,30757.396430408357,30657.396430408357,0.0,100.0,0.0,0.0,30757.396430408357,14618.801974570175,1,0.0,100.0
4866,18048.783869355306,0.0,-180487.83869355306,0.0,10.0,0.0,-0.0,0.1,0.444813739,44.4813739,0.0,0.0,100.0,1.0,0.11,-11.0,-259.968910769859,259.968910769859,0.0,-259.968910769859,259.968910769859,0.0,-22711.392057100697,22711.392057100697,0.0,0.0,2318.46275390625,2318.46275390625,0.0,0.0,2764.083255378859,2764.083255378859,0.0,-180498.83869355306,-180498.83869355306,23231.329878640416,23231.329878640416,23131.329878640416,0.0,100.0,0.0,0.0,23231.329878640416,18148.783869355306,1,0.0,100.0
4867,19873.608712812573,0.0,-198736.0871281257,0.0,10.0,0.0,-0.0,0.1,0.439553712,43.9553712,0.0,0.0,100.0,1.0,0.11,-11.0,-207.89486582599773,207.89486582599773,0.0,-207.89486582599773,207.89486582599773,0.0,-19557.818981160577,19557.818981160577,0.0,0.0,0.0,0.0,0.0,0.0,0.0,0.0,0.0,-198747.0871281257,-198747.0871281257,19973.608712812573,19973.608712812573,19873.608712812573,0.0,100.0,0.0,0.0,19973.608712812573,19973.608712812573,1,0.0,100.0
4868,18394.79464907001,0.0,-183947.9464907001,0.0,10.0,0.0,-0.0,0.1,0.436661879,43.6661879,0.0,0.0,100.0,1.0,0.11,-11.0,-207.4113996877001,207.4113996877001,0.0,-207.4113996877001,207.4113996877001,0.0,-18079.971849694608,18079.971849694608,0.0,0.0,0.0,0.0,0.0,0.0,0.0,0.0,0.0,-183958.9464907001,-183958.9464907001,18494.79464907001,18494.79464907001,18394.79464907001,0.0,100.0,0.0,0.0,18494.79464907001,18494.79464907001,1,0.0,100.0
4869,16909.88800663634,0.0,-169098.88006636343,0.0,10.0,0.0,-0.0,0.1,0.439335175,43.9335175,0.0,0.0,100.0,1.0,0.11,-11.0,-203.9620797841793,203.9620797841793,0.0,-203.9620797841793,203.9620797841793,0.0,-16601.963847067982,16601.963847067982,0.0,0.0,0.0,0.0,0.0,0.0,0.0,0.0,0.0,-169109.88006636343,-169109.88006636343,17009.88800663634,17009.88800663634,16909.88800663634,0.0,100.0,0.0,0.0,17009.88800663634,17009.88800663634,1,0.0,100.0
4870,15437.635675777354,0.0,-154376.35675777355,0.0,10.0,0.0,-0.0,0.1,0.442308562,44.230856200000005,0.0,0.0,100.0,1.0,0.11,-11.0,-206.78628791713217,206.78628791713217,0.0,-206.78628791713217,206.78628791713217,0.0,-15124.063099943089,15124.063099943089,0.0,0.0,0.0,0.0,0.0,0.0,0.0,0.0,0.0,-154387.35675777355,-154387.35675777355,15537.635675777354,15537.635675777354,15437.635675777354,0.0,100.0,0.0,0.0,15537.635675777354,15537.635675777354,1,0.0,100.0
4871,14692.976134208164,0.0,-146929.76134208165,0.0,10.0,0.0,-0.0,0.1,0.440810336,44.081033600000005,0.0,0.0,100.0,1.0,0.11,-11.0,-203.93170240226985,203.93170240226985,0.0,-203.93170240226985,203.93170240226985,0.0,-14385.112729403623,14385.112729403623,0.0,0.0,0.0,0.0,0.0,0.0,0.0,0.0,0.0,-146940.76134208165,-146940.76134208165,14792.976134208164,14792.976134208164,14692.976134208164,0.0,100.0,0.0,0.0,14792.976134208164,14792.976134208164,1,0.0,100.0
4872,14692.946935291131,0.0,-146929.4693529113,0.0,10.0,0.0,-0.0,0.1,0.4343645479999999,43.43645479999999,0.0,0.0,100.0,1.0,0.08,-8.0,-203.93055522624124,203.93055522624124,0.0,-203.93055522624124,203.93055522624124,0.0,-14385.085824838648,14385.085824838648,0.0,0.0,0.0,0.0,0.0,0.0,0.0,0.0,0.0,-146937.4693529113,-146937.4693529113,14792.946935291131,14792.946935291131,14692.946935291131,0.0,100.0,0.0,0.0,14792.946935291131,14792.946935291131,1,0.0,100.0
4873,14692.8244084225,0.0,-146928.244084225,0.0,10.0,0.0,-0.0,0.1,0.431876993,43.1876993,0.0,0.0,100.0,1.0,0.08,-8.0,-203.86929179192657,203.86929179192657,0.0,-203.86929179192657,203.86929179192657,0.0,-14385.085824838648,14385.085824838648,0.0,0.0,0.0,0.0,0.0,0.0,0.0,0.0,0.0,-146936.244084225,-146936.244084225,14792.8244084225,14792.8244084225,14692.8244084225,0.0,100.0,0.0,0.0,14792.8244084225,14792.8244084225,1,0.0,100.0
4874,14692.43566771714,0.0,-146924.3566771714,0.0,10.0,0.0,-0.0,0.1,0.420187674,42.0187674,0.0,0.0,100.0,1.0,0.08,-8.0,-203.6749033013386,203.6749033013386,0.0,-203.6749033013386,203.6749033013386,0.0,-14385.085861114463,14385.085861114463,0.0,0.0,0.0,0.0,0.0,0.0,0.0,0.0,0.0,-146932.3566771714,-146932.3566771714,14792.43566771714,14792.43566771714,14692.43566771714,0.0,100.0,0.0,0.0,14792.43566771714,14792.43566771714,1,0.0,100.0
4875,15433.41172810642,0.0,-154334.1172810642,0.0,10.0,0.0,-0.0,0.1,0.400172302,40.0172302,0.0,0.0,100.0,1.0,0.08,-8.0,-204.68774822624565,204.68774822624565,0.0,-204.68774822624565,204.68774822624565,0.0,-15124.036231653929,15124.036231653929,0.0,0.0,0.0,0.0,0.0,0.0,0.0,0.0,0.0,-154342.1172810642,-154342.1172810642,15533.41172810642,15533.41172810642,15433.41172810642,0.0,100.0,0.0,0.0,15533.41172810642,15533.41172810642,1,0.0,100.0
4876,15361.519638816008,0.0,-153615.19638816008,0.0,10.0,0.0,-0.0,0.1,0.395700614,39.5700614,0.0,0.0,100.0,1.0,0.08,-8.0,-204.5723991054305,204.5723991054305,0.0,-204.5723991054305,204.5723991054305,0.0,-15052.374840605147,15052.374840605147,0.0,0.0,0.0,0.0,0.0,0.0,0.0,0.0,0.0,-153623.19638816008,-153623.19638816008,15461.519638816008,15461.519638816008,15361.519638816008,0.0,100.0,0.0,0.0,15461.519638816008,15461.519638816008,1,0.0,100.0
4877,17121.637334395367,0.0,-171216.3733439537,0.0,10.0,0.0,-0.0,0.1,0.384757239,38.4757239,0.0,0.0,100.0,1.0,0.11,-11.0,-186.6282624191828,186.6282624191828,0.0,-186.6282624191828,186.6282624191828,0.0,-19427.01675530617,19427.01675530617,0.0,0.0,1832.333466796875,1832.333466796875,0.0,0.0,746.302478952292,746.302478952292,0.0,-171227.3733439537,-171227.3733439537,19800.273280144535,19800.273280144535,19700.273280144535,0.0,100.0,0.0,0.0,19800.273280144535,17221.637334395367,1,0.0,100.0
4878,38802.716458879804,0.0,-388027.16458879807,0.0,10.0,0.0,-0.0,0.1,0.35864477,35.864477,0.0,0.0,100.0,1.0,0.11,-11.0,-168.38120640663115,168.38120640663115,0.0,-168.38120640663115,168.38120640663115,0.0,-45861.355391639954,45861.355391639954,0.0,0.0,3066.35396484375,3066.35396484375,0.0,0.0,4229.047380729655,4229.047380729655,0.0,-388038.16458879807,-388038.16458879807,46198.117804453206,46198.11780445321,46098.117804453206,0.0,100.0,0.0,0.0,46198.11780445321,38902.71645887981,1,0.0,100.0
4879,26954.10333634533,0.0,-269541.03336345335,0.0,10.0,0.0,-0.0,0.1,0.329597223,32.9597223,0.0,0.0,100.0,1.0,0.11,-11.0,-168.54383384955153,168.54383384955153,0.0,-168.54383384955153,168.54383384955153,0.0,-41226.54783299741,41226.54783299741,0.0,0.0,5609.18408203125,5609.18408203125,0.0,0.0,8900.348082319926,8900.348082319926,0.0,-269552.03336345335,-269552.03336345335,41563.63550069651,41563.63550069651,41463.63550069651,0.0,100.0,0.0,0.0,41563.63550069651,27054.10333634533,1,0.0,100.0
4880,23629.112068551156,0.0,-236291.12068551156,0.0,10.0,0.0,-0.0,0.1,0.322744662,32.2744662,0.0,0.0,100.0,1.0,0.11,-11.0,-168.68922796119134,168.68922796119134,0.0,-168.68922796119134,168.68922796119134,0.0,-44533.31876070269,44533.31876070269,0.0,0.0,8039.830517578125,8039.830517578125,0.0,0.0,13101.754630495792,13101.754630495792,0.0,-236302.12068551156,-236302.12068551156,44870.69721662508,44870.69721662508,44770.69721662508,0.0,100.0,0.0,0.0,44870.69721662508,23729.11206855116,1,0.0,100.0
4881,7218.611677295961,0.0,-72186.11677295962,0.0,10.0,0.0,-0.0,0.1,0.323233757,32.3233757,0.0,0.0,100.0,1.0,0.11,-11.0,-276.356415402796,276.356415402796,0.0,-276.356415402796,276.356415402796,0.0,-38163.75836512454,38163.75836512454,0.0,0.0,10059.136787109375,10059.136787109375,0.0,0.0,21338.72273152479,21338.72273152479,0.0,-72197.11677295962,-72197.11677295962,38716.47119593013,38716.47119593013,38616.47119593013,0.0,100.0,0.0,0.0,38716.47119593013,7318.611677295961,1,0.0,100.0
4882,6089.243542298282,0.0,-60892.43542298282,0.0,10.0,0.0,-0.0,0.1,0.332881732,33.288173199999996,0.0,0.0,100.0,1.0,0.11,-11.0,-288.98730541117845,288.98730541117845,0.0,-288.98730541117845,288.98730541117845,0.0,-41470.61333180808,41470.61333180808,0.0,0.0,11480.130087890624,11480.130087890624,0.0,0.0,24379.21431244153,24379.21431244153,0.0,-60903.43542298282,-60903.43542298282,42048.58794263044,42048.58794263044,41948.58794263044,0.0,100.0,0.0,0.0,42048.58794263044,6189.243542298282,1,0.0,100.0
4883,0.0,0.0,-0.0,55.55555555555556,10.0,0.0,-0.0,0.1,0.360242901,0.0,0.0,100.0,0.0,1.0,0.11,0.0,-299.53778949501844,299.53778949501844,0.0,-299.53778949501844,299.53778949501844,0.0,-32945.63529715749,32945.63529715749,0.0,0.0,15070.007900390625,15070.007900390625,0.0,6965.15241349578,25595.410944808234,18630.258531312455,0.0,0.0,0.0,33700.26643170308,33700.26643170308,33700.26643170308,0.0,0.0,155.55555555555475,0.0,33544.710876147525,-7120.707969051335,1,-55.55555555555556,-100.0
4884,0.0,0.0,-0.0,44.44444444444444,60.0,0.0,-0.0,0.6,0.3754815999999999,0.0,0.0,100.0,0.0,1.0,0.11,0.0,-275.9101122530784,275.9101122530784,0.0,-275.9101122530784,275.9101122530784,0.0,-32213.277518438863,32213.277518438863,0.0,3101.419619251159,36010.961806640626,32909.54218738947,0.0,26286.43175865295,26286.43175865295,0.0,0.0,0.0,0.0,32909.54218738947,32909.54218738947,32909.54218738947,0.0,0.0,144.44444444444525,0.0,32765.09774294502,-29532.295822348555,1,-44.44444444444444,-100.0
4885,0.0,0.0,-0.0,0.0,100.0,-0.0,-0.0,1.0,0.3921450529999999,0.0,0.0,100.0,0.0,1.0,0.11,0.0,-276.7380080251567,276.7380080251567,0.0,-276.7380080251567,276.7380080251567,0.0,-30799.670719070524,30799.670719070524,0.0,0.0,11554.919208984376,11554.919208984376,0.0,5061.444269934636,24959.6717960711,19898.227526136463,0.0,0.0,0.0,31453.14673512084,31453.146735120838,31453.14673512084,0.0,0.0,100.0,0.0,31353.146735120838,-5161.444269934636,1,-0.0,-100.0
4886,6987.125386411502,0.0,-69871.25386411502,0.0,100.0,45.0,-0.0,1.0,0.40537152,40.537152,0.0,0.0,100.0,1.0,0.08,-8.0,-288.83179140525954,288.83179140525954,0.0,-288.83179140525954,288.83179140525954,0.0,-40376.58121040093,40376.58121040093,0.0,0.0,10133.925908203124,10133.925908203124,0.0,0.0,23688.193498596826,23688.193498596826,0.0,-69879.25386411502,-69879.25386411502,40954.244793211445,40954.24479321145,40809.244793211445,0.0,145.0,0.0,0.0,40954.24479321145,7132.125386411506,1,45.0,100.0
4887,13503.435713467417,0.0,-135034.35713467418,0.0,50.0,36.0,-0.0,0.5,0.416914749,41.691474899999996,0.0,0.0,100.0,1.0,0.08,-8.0,-269.05283789727804,269.05283789727804,0.0,-269.05283789727804,269.05283789727804,0.0,-41320.58867094213,41320.58867094213,0.0,0.0,8152.01419921875,8152.01419921875,0.0,0.0,20067.24443405052,20067.24443405052,0.0,-135042.35713467418,-135042.35713467418,41858.69434673669,41858.69434673669,41722.69434673669,0.0,136.0,0.0,0.0,41858.69434673669,13639.435713467417,1,36.0,100.0
4888,27366.662966650496,0.0,-273666.629666505,0.0,10.0,0.0,-0.0,0.1,0.415423365,41.5423365,0.0,0.0,100.0,1.0,0.08,-8.0,-290.04839842508056,290.04839842508056,0.0,-290.04839842508056,290.04839842508056,0.0,-46769.79392900505,46769.79392900505,0.0,0.0,5758.76232421875,5758.76232421875,0.0,0.0,14124.46543498597,14124.46543498597,0.0,-273674.629666505,-273674.629666505,47349.89072585522,47349.89072585521,47249.89072585522,0.0,100.0,0.0,0.0,47349.89072585521,27466.662966650492,1,0.0,100.0
4889,31211.128431081615,0.0,-312111.28431081615,0.0,10.0,0.0,-0.0,0.1,0.394579266,39.4579266,0.0,0.0,100.0,1.0,0.11,-11.0,-267.6870895835429,267.6870895835429,0.0,-267.6870895835429,267.6870895835429,0.0,-42329.46416219685,42329.46416219685,0.0,0.0,3178.537646484375,3178.537646484375,0.0,0.0,8375.172263797944,8375.172263797944,0.0,-312122.28431081615,-312122.28431081615,42864.83834136394,42864.83834136393,42764.83834136394,0.0,100.0,0.0,0.0,42864.83834136393,31311.12843108161,1,0.0,100.0
4890,37780.89740212862,0.0,-377808.9740212862,0.0,10.0,0.0,-0.0,0.1,0.379278386,37.9278386,0.0,0.0,100.0,1.0,0.11,-11.0,-262.1796878922111,262.1796878922111,0.0,-262.1796878922111,262.1796878922111,0.0,-41531.86085451122,41531.86085451122,0.0,0.0,1383.5987402343749,1383.5987402343749,0.0,0.0,2791.724087932648,2791.724087932648,0.0,-377819.9740212862,-377819.9740212862,42056.22023029564,42056.22023029564,41956.22023029564,0.0,100.0,0.0,0.0,42056.22023029564,37880.89740212862,1,0.0,100.0
4891,25144.25268263143,0.0,-251442.5268263143,0.0,10.0,0.0,-0.0,0.1,0.38398724,38.398724,0.0,0.0,100.0,1.0,0.11,-11.0,-242.6572106758433,242.6572106758433,0.0,-242.6572106758433,242.6572106758433,0.0,-24758.938261279745,24758.938261279745,0.0,0.0,0.0,0.0,0.0,0.0,0.0,0.0,0.0,-251453.5268263143,-251453.5268263143,25244.25268263143,25244.25268263143,25144.25268263143,0.0,100.0,0.0,0.0,25244.25268263143,25244.25268263143,1,0.0,100.0
4892,18432.06180713121,0.0,-184320.61807131208,0.0,10.0,0.0,-0.0,0.1,0.384073505,38.4073505,0.0,0.0,100.0,1.0,0.11,-11.0,-226.07186514537025,226.07186514537025,0.0,-226.07186514537025,226.07186514537025,0.0,-18079.91807684047,18079.91807684047,0.0,0.0,0.0,0.0,0.0,0.0,0.0,0.0,0.0,-184331.61807131208,-184331.61807131208,18532.06180713121,18532.06180713121,18432.06180713121,0.0,100.0,0.0,0.0,18532.06180713121,18532.06180713121,1,0.0,100.0
4893,16909.763899477628,0.0,-169097.6389947763,0.0,10.0,0.0,-0.0,0.1,0.385183464,38.5183464,0.0,0.0,100.0,1.0,0.11,-11.0,-203.9134603494041,203.9134603494041,0.0,-203.9134603494041,203.9134603494041,0.0,-16601.93697877882,16601.93697877882,0.0,0.0,0.0,0.0,0.0,0.0,0.0,0.0,0.0,-169108.6389947763,-169108.6389947763,17009.763899477628,17009.763899477628,16909.763899477628,0.0,100.0,0.0,0.0,17009.763899477628,17009.763899477628,1,0.0,100.0
4894,15437.54004261807,0.0,-154375.40042618068,0.0,10.0,0.0,-0.0,0.1,0.3868578789999999,38.685787899999994,0.0,0.0,100.0,1.0,0.11,-11.0,-206.7519054820702,206.7519054820702,0.0,-206.7519054820702,206.7519054820702,0.0,-15124.036231653929,15124.036231653929,0.0,0.0,0.0,0.0,0.0,0.0,0.0,0.0,0.0,-154386.40042618068,-154386.40042618068,15537.54004261807,15537.54004261807,15437.54004261807,0.0,100.0,0.0,0.0,15537.54004261807,15537.54004261807,1,0.0,100.0
4895,14692.877209566415,0.0,-146928.77209566414,0.0,10.0,0.0,-0.0,0.1,0.39395449,39.395449,0.0,0.0,100.0,1.0,0.11,-11.0,-203.89569236388385,203.89569236388385,0.0,-203.89569236388385,203.89569236388385,0.0,-14385.085824838648,14385.085824838648,0.0,0.0,0.0,0.0,0.0,0.0,0.0,0.0,0.0,-146939.77209566414,-146939.77209566414,14792.877209566415,14792.877209566415,14692.877209566415,0.0,100.0,0.0,0.0,14792.877209566415,14792.877209566415,1,0.0,100.0
4896,17706.178884041277,0.0,-177061.78884041277,0.0,10.0,0.0,-0.0,0.1,0.396624939,39.6624939,0.0,0.0,100.0,1.0,0.08,-8.0,-203.8555551361952,203.8555551361952,0.0,-203.8555551361952,203.8555551361952,0.0,-17398.467773768887,17398.467773768887,0.0,0.0,0.0,0.0,0.0,0.0,0.0,0.0,0.0,-177069.78884041277,-177069.78884041277,17806.178884041277,17806.178884041277,17706.178884041277,0.0,100.0,0.0,0.0,17806.178884041277,17806.178884041277,1,0.0,100.0
4897,17706.078140629594,0.0,-177060.78140629595,0.0,10.0,0.0,-0.0,0.1,0.384417656,38.4417656,0.0,0.0,100.0,1.0,0.08,-8.0,-203.8051773843814,203.8051773843814,0.0,-203.8051773843814,203.8051773843814,0.0,-17398.46778586083,17398.46778586083,0.0,0.0,0.0,0.0,0.0,0.0,0.0,0.0,0.0,-177068.78140629595,-177068.78140629595,17806.078140629594,17806.078140629594,17706.078140629594,0.0,100.0,0.0,0.0,17806.078140629594,17806.078140629594,1,0.0,100.0
4898,17706.045449146306,0.0,-177060.45449146305,0.0,10.0,0.0,-0.0,0.1,0.37357338,37.357338,0.0,0.0,100.0,1.0,0.08,-8.0,-203.7888316427384,203.7888316427384,0.0,-203.7888316427384,203.7888316427384,0.0,-17398.46778586083,17398.46778586083,0.0,0.0,0.0,0.0,0.0,0.0,0.0,0.0,0.0,-177068.45449146305,-177068.45449146305,17806.045449146306,17806.045449146306,17706.045449146306,0.0,100.0,0.0,0.0,17806.045449146306,17806.045449146306,1,0.0,100.0
4899,18446.914564984258,0.0,-184469.14564984257,0.0,10.0,0.0,-0.0,0.1,0.345389115,34.538911500000005,0.0,0.0,100.0,1.0,0.08,-8.0,-204.7482012690032,204.7482012690032,0.0,-204.7482012690032,204.7482012690032,0.0,-18137.41816244625,18137.41816244625,0.0,0.0,0.0,0.0,0.0,0.0,0.0,0.0,0.0,-184477.14564984257,-184477.14564984257,18546.914564984258,18546.914564984258,18446.914564984258,0.0,100.0,0.0,0.0,18546.914564984258,18546.914564984258,1,0.0,100.0
4900,19881.63883010052,0.0,-198816.3883010052,0.0,10.0,0.0,-0.0,0.1,0.293067034,29.3067034,0.0,0.0,100.0,1.0,0.08,-8.0,-204.6022244269206,204.6022244269206,0.0,-204.6022244269206,204.6022244269206,0.0,-19572.43438124668,19572.43438124668,0.0,0.0,0.0,0.0,0.0,0.0,0.0,0.0,0.0,-198824.3883010052,-198824.3883010052,19981.63883010052,19981.63883010052,19881.63883010052,0.0,100.0,0.0,0.0,19981.63883010052,19981.63883010052,1,0.0,100.0
4901,50509.13893864833,0.0,-505091.3893864833,0.0,10.0,0.0,-0.0,0.1,0.278227126,27.8227126,0.0,0.0,100.0,1.0,0.11,-11.0,-430.7903745263136,430.7903745263136,0.0,-430.7903745263136,430.7903745263136,0.0,-51336.04845656541,51336.04845656541,0.0,0.0,897.469453125,897.469453125,0.0,0.0,691.0208138447148,691.0208138447148,0.0,-505102.3893864833,-505102.3893864833,52197.62920561804,52197.62920561804,52097.62920561804,0.0,100.0,0.0,0.0,52197.62920561804,50609.13893864832,1,0.0,100.0
4902,55099.15501845104,0.0,-550991.5501845104,0.0,10.0,0.0,-0.0,0.1,0.257193715,25.719371499999998,0.0,0.0,100.0,1.0,0.11,-11.0,-450.60211792944295,450.60211792944295,0.0,-450.60211792944295,450.60211792944295,0.0,-58380.56576566446,58380.56576566446,0.0,0.0,1981.9117089843749,1981.9117089843749,0.0,0.0,2100.703274087933,2100.703274087933,0.0,-551002.5501845104,-551002.5501845104,59281.77000152335,59281.77000152335,59181.77000152335,0.0,100.0,0.0,0.0,59281.77000152335,55199.15501845104,1,0.0,100.0
4903,79731.92667186949,0.0,-797319.2667186948,0.0,10.0,0.0,-0.0,0.1,0.246983761,24.6983761,0.0,0.0,100.0,1.0,0.11,-11.0,-688.3563431971594,688.3563431971594,0.0,-688.3563431971594,688.3563431971594,0.0,-92379.45923136064,92379.45923136064,0.0,0.0,4636.9255078125,4636.9255078125,0.0,0.0,9287.319738072969,9287.319738072969,0.0,-797330.2667186948,-797330.2667186948,93756.17191775495,93756.17191775495,93656.17191775495,0.0,100.0,0.0,0.0,93756.17191775495,79831.92667186949,1,0.0,100.0
4904,66599.14599785878,0.0,-665991.4599785878,0.0,10.0,0.0,-0.0,0.1,0.237940605,23.7940605,0.0,0.0,100.0,1.0,0.11,-11.0,-773.4147192699078,773.4147192699078,0.0,-773.4147192699078,773.4147192699078,0.0,-91236.62320248358,91236.62320248358,0.0,0.0,10246.109589843749,10246.109589843749,0.0,0.0,15838.197053320862,15838.197053320862,0.0,-666002.4599785878,-666002.4599785878,92783.4526410234,92783.4526410234,92683.4526410234,0.0,100.0,0.0,0.0,92783.4526410234,66699.14599785878,1,0.0,100.0
4905,41475.607162286426,0.0,-414756.0716228642,0.0,10.0,0.0,-0.0,0.1,0.243719153,24.371915299999998,0.0,0.0,100.0,1.0,0.11,-11.0,-873.742590720748,873.742590720748,0.0,-873.742590720748,873.742590720748,0.0,-89167.26880485173,89167.26880485173,0.0,0.0,27447.60744140625,27447.60744140625,0.0,0.0,21891.539382600564,21891.539382600564,0.0,-414767.0716228642,-414767.0716228642,90914.75398629325,90914.75398629323,90814.75398629325,0.0,100.0,0.0,0.0,90914.75398629323,41575.60716228642,1,0.0,100.0
4906,37651.16175627033,0.0,-376511.6175627033,0.0,10.0,0.0,-0.0,0.1,0.255023701,25.5023701,0.0,0.0,100.0,1.0,0.11,-11.0,-917.4282242040116,917.4282242040116,0.0,-917.4282242040116,917.4282242040116,0.0,-89596.65157479914,89596.65157479914,0.0,0.0,28195.498652343747,28195.498652343747,0.0,0.0,25484.84761459308,25484.84761459308,0.0,-376522.6175627033,-376522.6175627033,91431.50802320716,91431.50802320716,91331.50802320716,0.0,100.0,0.0,0.0,91431.50802320716,37751.16175627033,1,0.0,100.0
4907,32999.829780985485,0.0,-329998.29780985485,0.0,10.0,0.0,-0.0,0.1,0.271431675,27.143167499999997,0.0,0.0,100.0,1.0,0.11,-11.0,-873.8765898517646,873.8765898517646,0.0,-873.8765898517646,873.8765898517646,0.0,-87377.00096157414,87377.00096157414,0.0,0.0,28494.65513671875,28494.65513671875,0.0,0.0,27530.26922357344,27530.26922357344,0.0,-330009.29780985485,-330009.29780985485,89124.75414127768,89124.75414127768,89024.75414127768,0.0,100.0,0.0,0.0,89124.75414127768,33099.829780985485,1,0.0,100.0
4908,32217.996555279195,0.0,-322179.96555279195,0.0,10.0,0.0,-0.0,0.1,0.290857058,29.0857058,0.0,0.0,100.0,1.0,0.11,-11.0,-891.194292985676,891.194292985676,0.0,-891.194292985676,891.194292985676,0.0,-91873.83224954749,91873.83224954749,0.0,0.0,33393.342568359374,33393.342568359374,0.0,0.0,27944.881711880265,27944.881711880265,0.0,-322190.96555279195,-322190.96555279195,93656.22083551883,93656.22083551883,93556.22083551883,0.0,100.0,0.0,0.0,93656.22083551883,32317.9965552792,1,0.0,100.0
4909,34223.51012040615,0.0,-342235.10120406153,0.0,10.0,0.0,-0.0,0.1,0.29896563,29.896562999999997,0.0,0.0,100.0,1.0,0.11,-11.0,-967.534351747306,967.534351747306,0.0,-967.534351747306,967.534351747306,0.0,-91676.41465333466,91676.41465333466,0.0,0.0,32421.083994140623,32421.083994140623,0.0,0.0,26866.889242282512,26866.889242282512,0.0,-342246.10120406153,-342246.10120406153,93611.48335682928,93611.48335682928,93511.48335682928,0.0,100.0,0.0,0.0,93611.48335682928,34323.51012040615,1,0.0,100.0
4910,40202.59776505358,0.0,-402025.97765053576,0.0,10.0,0.0,-0.0,0.1,0.304165548,30.4165548,0.0,0.0,100.0,1.0,0.08,-8.0,-959.0825874832072,959.0825874832072,0.0,-959.0825874832072,959.0825874832072,0.0,-91703.76444351875,91703.76444351875,0.0,0.0,29354.73002929688,29354.73002929688,0.0,0.0,23964.60182413471,23964.60182413471,0.0,-402033.97765053576,-402033.97765053576,93621.92961848517,93621.92961848517,93521.92961848517,0.0,100.0,0.0,0.0,93621.92961848517,40302.59776505358,1,0.0,100.0
4911,54879.729542827896,0.0,-548797.295428279,0.0,10.0,0.0,-0.0,0.1,0.309378178,30.9378178,0.0,0.0,100.0,1.0,0.08,-8.0,-902.2465526259422,902.2465526259422,0.0,-902.2465526259422,902.2465526259422,0.0,-95402.80887421365,95402.80887421365,0.0,0.0,22436.736328125,22436.736328125,0.0,0.0,19790.83610851263,19790.83610851263,0.0,-548805.295428279,-548805.295428279,97207.30197946553,97207.30197946553,97107.30197946553,0.0,100.0,0.0,0.0,97207.30197946553,54979.729542827896,1,0.0,100.0
4912,59822.705308682285,0.0,-598227.0530868229,0.0,10.0,0.0,-0.0,0.1,0.3133398289999999,31.33398289999999,0.0,0.0,100.0,1.0,0.08,-8.0,-792.2146648804674,792.2146648804674,0.0,-792.2146648804674,792.2146648804674,0.0,-88040.03802825922,88040.03802825922,0.0,0.0,15107.4024609375,15107.4024609375,0.0,0.0,14594.359588400375,14594.359588400375,0.0,-598235.0530868229,-598235.0530868229,89624.46735802016,89624.46735802016,89524.46735802016,0.0,100.0,0.0,0.0,89624.46735802016,59922.705308682285,1,0.0,100.0
4913,60017.90818035882,0.0,-600179.0818035882,0.0,10.0,0.0,-0.0,0.1,0.333460569,33.3460569,0.0,0.0,100.0,1.0,0.11,-11.0,-630.0880374987626,630.0880374987626,0.0,-630.0880374987626,630.0880374987626,0.0,-75560.48567225355,75560.48567225355,0.0,0.0,8825.1162890625,8825.1162890625,0.0,0.0,7877.637277829748,7877.637277829748,0.0,-600190.0818035882,-600190.0818035882,76820.66174725107,76820.66174725107,76720.66174725107,0.0,100.0,0.0,0.0,76820.66174725107,60117.90818035882,1,0.0,100.0
4914,69878.61031918981,0.0,-698786.1031918982,0.0,10.0,0.0,-0.0,0.1,0.345149859,34.5149859,0.0,0.0,100.0,1.0,0.11,-11.0,-640.6006808827435,640.6006808827435,0.0,-640.6006808827435,640.6006808827435,0.0,-73846.61071123557,73846.61071123557,0.0,0.0,2468.04099609375,2468.04099609375,0.0,0.0,2681.160757717493,2681.160757717493,0.0,-698797.1031918982,-698797.1031918982,75127.81207300106,75127.81207300106,75027.81207300106,0.0,100.0,0.0,0.0,75127.81207300106,69978.61031918981,1,0.0,100.0
4915,67969.7960109248,0.0,-679697.960109248,0.0,10.0,0.0,-0.0,0.1,0.364833224,36.4833224,0.0,0.0,100.0,1.0,0.11,-11.0,-528.3191670118906,528.3191670118906,0.0,-528.3191670118906,528.3191670118906,0.0,-67013.15767690101,67013.15767690101,0.0,0.0,0.0,0.0,0.0,0.0,0.0,0.0,0.0,-679708.960109248,-679708.960109248,68069.7960109248,68069.7960109248,67969.7960109248,0.0,100.0,0.0,0.0,68069.7960109248,68069.7960109248,1,0.0,100.0
4916,65572.9854820198,0.0,-655729.8548201979,0.0,10.0,0.0,-0.0,0.1,0.3706375779999999,37.06375779999999,0.0,0.0,100.0,1.0,0.11,-11.0,-204.7797085044452,204.7797085044452,0.0,-204.7797085044452,204.7797085044452,0.0,-65263.426065010906,65263.426065010906,0.0,0.0,0.0,0.0,0.0,0.0,0.0,0.0,0.0,-655740.8548201979,-655740.8548201979,65672.9854820198,65672.9854820198,65572.9854820198,0.0,100.0,0.0,0.0,65672.9854820198,65672.9854820198,1,0.0,100.0
4917,21429.814241162745,0.0,-214298.14241162746,0.0,10.0,0.0,-0.0,0.1,0.373031765,37.3031765,0.0,0.0,100.0,1.0,0.11,-11.0,-203.9088669171689,203.9088669171689,0.0,-203.9088669171689,203.9088669171689,0.0,-21121.996507328407,21121.996507328407,0.0,0.0,0.0,0.0,0.0,0.0,0.0,0.0,0.0,-214309.14241162746,-214309.14241162746,21529.814241162745,21529.814241162745,21429.814241162745,0.0,100.0,0.0,0.0,21529.814241162745,21529.814241162745,1,0.0,100.0
4918,18450.90141125203,0.0,-184509.01411252032,0.0,10.0,0.0,-0.0,0.1,0.3767814989999999,37.678149899999994,0.0,0.0,100.0,1.0,0.11,-11.0,-206.7416274258701,206.7416274258701,0.0,-206.7416274258701,206.7416274258701,0.0,-18137.41815640029,18137.41815640029,0.0,0.0,0.0,0.0,0.0,0.0,0.0,0.0,0.0,-184520.01411252032,-184520.01411252032,18550.90141125203,18550.90141125203,18450.90141125203,0.0,100.0,0.0,0.0,18550.90141125203,18550.90141125203,1,0.0,100.0
4919,17706.027644318932,0.0,-177060.27644318933,0.0,10.0,0.0,-0.0,0.1,0.381094883,38.1094883,0.0,0.0,100.0,1.0,0.11,-11.0,-203.779926206067,203.779926206067,0.0,-203.779926206067,203.779926206067,0.0,-17398.467791906798,17398.467791906798,0.0,0.0,0.0,0.0,0.0,0.0,0.0,0.0,0.0,-177071.27644318933,-177071.27644318933,17806.027644318932,17806.027644318932,17706.027644318932,0.0,100.0,0.0,0.0,17806.027644318932,17806.027644318932,1,0.0,100.0
4920,17705.927024510533,0.0,-177059.27024510532,0.0,10.0,0.0,-0.0,0.1,0.388603995,38.8603995,0.0,0.0,100.0,1.0,0.08,-8.0,-203.7296586236548,203.7296586236548,0.0,-203.7296586236548,203.7296586236548,0.0,-17398.467707263222,17398.467707263222,0.0,0.0,0.0,0.0,0.0,0.0,0.0,0.0,0.0,-177067.27024510532,-177067.27024510532,17805.927024510533,17805.927024510533,17705.927024510533,0.0,100.0,0.0,0.0,17805.927024510533,17805.927024510533,1,0.0,100.0
4921,17705.8487577281,0.0,-177058.48757728102,0.0,10.0,0.0,-0.0,0.1,0.400051724,40.0051724,0.0,0.0,100.0,1.0,0.08,-8.0,-203.6905222094552,203.6905222094552,0.0,-203.6905222094552,203.6905222094552,0.0,-17398.46771330919,17398.46771330919,0.0,0.0,0.0,0.0,0.0,0.0,0.0,0.0,0.0,-177066.48757728102,-177066.48757728102,17805.8487577281,17805.8487577281,17705.8487577281,0.0,100.0,0.0,0.0,17805.8487577281,17805.8487577281,1,0.0,100.0
4922,17705.764969714186,0.0,-177057.64969714187,0.0,10.0,0.0,-0.0,0.1,0.397170529,39.7170529,0.0,0.0,100.0,1.0,0.08,-8.0,-203.6486312254817,203.6486312254817,0.0,-203.6486312254817,203.6486312254817,0.0,-17398.467707263222,17398.467707263222,0.0,0.0,0.0,0.0,0.0,0.0,0.0,0.0,0.0,-177065.64969714187,-177065.64969714187,17805.764969714186,17805.764969714186,17705.764969714186,0.0,100.0,0.0,0.0,17805.764969714186,17805.764969714186,1,0.0,100.0
4923,18456.207924104605,0.0,-184562.07924104604,0.0,10.0,0.0,-0.0,0.1,0.37064284,37.064284,0.0,0.0,100.0,1.0,0.08,-8.0,-209.39492315095768,209.39492315095768,0.0,-209.39492315095768,209.39492315095768,0.0,-18137.41807780269,18137.41807780269,0.0,0.0,0.0,0.0,0.0,0.0,0.0,0.0,0.0,-184570.07924104604,-184570.07924104604,18556.207924104605,18556.207924104605,18456.207924104605,0.0,100.0,0.0,0.0,18556.207924104605,18556.207924104605,1,0.0,100.0
4924,19889.34667814238,0.0,-198893.4667814238,0.0,10.0,0.0,-0.0,0.1,0.307673857,30.7673857,0.0,0.0,100.0,1.0,0.08,-8.0,-208.45623913739624,208.45623913739624,0.0,-208.45623913739624,208.45623913739624,0.0,-19572.434199867588,19572.434199867588,0.0,0.0,0.0,0.0,0.0,0.0,0.0,0.0,0.0,-198901.4667814238,-198901.4667814238,19989.34667814238,19989.34667814238,19889.34667814238,0.0,100.0,0.0,0.0,19989.34667814238,19989.34667814238,1,0.0,100.0
4925,53550.85379827755,0.0,-535508.5379827755,0.0,10.0,0.0,-0.0,0.1,0.285009567,28.500956700000003,0.0,0.0,100.0,1.0,0.11,-11.0,-429.45284351269646,429.45284351269646,0.0,-429.45284351269646,429.45284351269646,0.0,-55703.89439907226,55703.89439907226,0.0,0.0,1944.5171484375,1944.5171484375,0.0,0.0,967.4291393826009,967.4291393826009,0.0,-535519.5379827755,-535519.5379827755,56562.80008609765,56562.80008609765,56462.80008609765,0.0,100.0,0.0,0.0,56562.80008609765,53650.85379827755,1,0.0,100.0
4926,52065.14927083802,0.0,-520651.49270838016,0.0,10.0,0.0,-0.0,0.1,0.261119478,26.111947800000003,0.0,0.0,100.0,1.0,0.11,-11.0,-450.9682389267458,450.9682389267458,0.0,-450.9682389267458,450.9682389267458,0.0,-63683.3525237858,63683.3525237858,0.0,0.0,7030.1773828125,7030.1773828125,0.0,0.0,5389.962347988775,5389.962347988775,0.0,-520662.49270838016,-520662.49270838016,64585.28900163929,64585.28900163929,64485.28900163929,0.0,100.0,0.0,0.0,64585.28900163929,52165.14927083802,1,0.0,100.0
4927,74233.40208546867,0.0,-742334.0208546866,0.0,10.0,0.0,-0.0,0.1,0.2413195389999999,24.13195389999999,0.0,0.0,100.0,1.0,0.11,-11.0,-712.3241500770343,712.3241500770343,0.0,-712.3241500770343,712.3241500770343,0.0,-98056.35472730004,98056.35472730004,0.0,0.0,13649.014599609374,13649.014599609374,0.0,0.0,11498.586342376057,11498.586342376057,0.0,-742345.0208546866,-742345.0208546866,99481.0030274541,99481.0030274541,99381.0030274541,0.0,100.0,0.0,0.0,99481.0030274541,74333.40208546867,1,0.0,100.0
4928,58152.91198987495,0.0,-581529.1198987495,0.0,10.0,0.0,-0.0,0.1,0.236273202,23.6273202,0.0,0.0,100.0,1.0,0.11,-11.0,-788.3637300595899,788.3637300595899,0.0,-788.3637300595899,788.3637300595899,0.0,-95061.74448029732,95061.74448029732,0.0,0.0,21165.32126953125,21165.32126953125,0.0,0.0,17220.23868101029,17220.23868101029,0.0,-581540.1198987495,-581540.1198987495,96638.4719404165,96638.4719404165,96538.4719404165,0.0,100.0,0.0,0.0,96638.4719404165,58252.91198987495,1,0.0,100.0
4929,42912.04562795191,0.0,-429120.45627951913,0.0,10.0,0.0,-0.0,0.1,0.236504907,23.6504907,0.0,0.0,100.0,1.0,0.11,-11.0,-866.2593339088205,866.2593339088205,0.0,-866.2593339088205,866.2593339088205,0.0,-91028.39359873124,91028.39359873124,0.0,0.0,27746.763925781248,27746.763925781248,0.0,0.0,22002.10271281572,22002.10271281572,0.0,-429131.45627951913,-429131.45627951913,92760.91226654888,92760.91226654888,92660.91226654888,0.0,100.0,0.0,0.0,92760.91226654888,43012.04562795191,1,0.0,100.0
4930,38233.43676719005,0.0,-382334.3676719005,0.0,10.0,0.0,-0.0,0.1,0.245842573,24.5842573,0.0,0.0,100.0,1.0,0.11,-11.0,-894.9588508952161,894.9588508952161,0.0,-894.9588508952161,894.9588508952161,0.0,-90864.46553535,90864.46553535,0.0,0.0,28532.049697265626,28532.049697265626,0.0,0.0,25788.896772684755,25788.896772684755,0.0,-382345.3676719005,-382345.3676719005,92654.38323714043,92654.38323714043,92554.38323714043,0.0,100.0,0.0,0.0,92654.38323714043,38333.43676719005,1,0.0,100.0
4931,28275.485619018957,0.0,-282754.85619018954,0.0,10.0,0.0,-0.0,0.1,0.258539445,25.853944499999997,0.0,0.0,100.0,1.0,0.11,-11.0,-939.3572808251578,939.3572808251578,0.0,-939.3572808251578,939.3572808251578,0.0,-88143.90554997638,88143.90554997638,0.0,0.0,33729.89361328125,33729.89361328125,0.0,0.0,27917.24087932648,27917.24087932648,0.0,-282765.85619018954,-282765.85619018954,90022.62011162669,90022.62011162669,89922.62011162669,0.0,100.0,0.0,0.0,90022.62011162669,28375.48561901896,1,0.0,100.0
4932,33346.42036741045,0.0,-333464.20367410453,0.0,10.0,0.0,-0.0,0.1,0.268995748,26.899574799999996,0.0,0.0,100.0,1.0,0.11,-11.0,-979.4546031731874,979.4546031731874,0.0,-979.4546031731874,979.4546031731874,0.0,-90697.51781242304,90697.51781242304,0.0,0.0,30850.512451171875,30850.512451171875,0.0,0.0,28359.49420018709,28359.49420018709,0.0,-333475.20367410453,-333475.20367410453,92656.42701876942,92656.42701876942,92556.42701876942,0.0,100.0,0.0,0.0,92656.42701876942,33446.42036741045,1,0.0,100.0
4933,37643.54108135018,0.0,-376435.4108135018,0.0,10.0,0.0,-0.0,0.1,0.280710848,28.0710848,0.0,0.0,100.0,1.0,0.11,-11.0,-1013.8210764336555,1013.8210764336555,0.0,-1013.8210764336555,1013.8210764336555,0.0,-90615.7141500776,90615.7141500776,0.0,0.0,27784.158486328124,27784.158486328124,0.0,0.0,27115.65673526661,27115.65673526661,0.0,-376446.4108135018,-376446.4108135018,92643.35630294491,92643.35630294491,92543.35630294491,0.0,100.0,0.0,0.0,92643.35630294491,37743.54108135018,1,0.0,100.0
4934,47283.56246107808,0.0,-472835.6246107808,0.0,10.0,0.0,-0.0,0.1,0.261764821,26.176482099999998,0.0,0.0,100.0,1.0,0.08,-8.0,-1012.2732206096056,1012.2732206096056,0.0,-1012.2732206096056,1012.2732206096056,0.0,-90745.83998307653,90745.83998307653,0.0,0.0,21090.53214843749,21090.53214843749,0.0,0.0,24296.29181478017,24296.29181478017,0.0,-472843.6246107808,-472843.6246107808,92770.38642429574,92770.38642429574,92670.38642429574,0.0,100.0,0.0,0.0,92770.38642429574,47383.56246107808,1,0.0,100.0
4935,58326.21551411782,0.0,-583262.1551411783,0.0,10.0,0.0,-0.0,0.1,0.28604503,28.604502999999998,0.0,0.0,100.0,1.0,0.08,-8.0,-987.4525084156064,987.4525084156064,0.0,-987.4525084156064,987.4525084156064,0.0,-94028.9629952677,94028.9629952677,0.0,0.0,17538.048896484375,17538.048896484375,0.0,0.0,20039.60360149673,20039.60360149673,0.0,-583270.1551411783,-583270.1551411783,96003.86801209893,96003.86801209892,95903.86801209893,0.0,100.0,0.0,0.0,96003.86801209892,58426.21551411781,0,0.0,100.0
4936,67598.41958811585,0.0,-675984.1958811586,0.0,10.0,0.0,-0.0,0.1,0.30416191,30.416190999999998,0.0,0.0,100.0,1.0,0.08,-8.0,-889.7281671250944,889.7281671250944,0.0,-889.7281671250944,889.7281671250944,0.0,-88860.44322078676,88860.44322078676,0.0,0.0,8264.197880859374,8264.197880859374,0.0,0.0,14677.28208606174,14677.28208606174,0.0,-675992.1958811586,-675992.1958811586,90639.89955503697,90639.89955503696,90539.89955503697,0.0,100.0,0.0,0.0,90639.89955503696,67698.41958811585,0,0.0,100.0
4937,65702.63648416859,0.0,-657026.3648416859,0.0,10.0,0.0,-0.0,0.1,0.321755952,32.175595200000004,0.0,0.0,100.0,1.0,0.11,-11.0,-624.1562976664634,624.1562976664634,0.0,-624.1562976664634,624.1562976664634,0.0,-78029.80278871837,78029.80278871837,0.0,0.0,4823.898310546875,4823.898310546875,0.0,0.0,8651.580589335828,8651.580589335828,0.0,-657037.3648416859,-657037.3648416859,79278.11538405129,79278.1153840513,79178.11538405129,0.0,100.0,0.0,0.0,79278.1153840513,65802.6364841686,1,0.0,100.0
4938,71697.38225113711,0.0,-716973.8225113711,0.0,10.0,0.0,-0.0,0.1,0.319141272,31.914127199999996,0.0,0.0,100.0,1.0,0.11,-11.0,-606.7837018855204,606.7837018855204,0.0,-606.7837018855204,606.7837018855204,0.0,-75485.90107905895,75485.90107905895,0.0,0.0,1944.5171484375,1944.5171484375,0.0,0.0,2957.569083255379,2957.569083255379,0.0,-716984.8225113711,-716984.8225113711,76699.46848283,76699.46848283,76599.46848283,0.0,100.0,0.0,0.0,76699.46848283,71797.38225113711,1,0.0,100.0
4939,68854.19619339413,0.0,-688541.9619339413,0.0,10.0,0.0,-0.0,0.1,0.310139748,31.0139748,0.0,0.0,100.0,1.0,0.11,-11.0,-515.2417816326621,515.2417816326621,0.0,-515.2417816326621,515.2417816326621,0.0,-67923.71263012881,67923.71263012881,0.0,0.0,0.0,0.0,0.0,0.0,0.0,0.0,0.0,-688552.9619339413,-688552.9619339413,68954.19619339413,68954.19619339413,68854.19619339413,0.0,100.0,0.0,0.0,68954.19619339413,68954.19619339413,1,0.0,100.0
4940,67091.91417531062,0.0,-670919.1417531063,0.0,10.0,0.0,-0.0,0.1,0.308143087,30.814308699999998,0.0,0.0,100.0,1.0,0.11,-11.0,-203.93540803565853,203.93540803565853,0.0,-203.93540803565853,203.93540803565853,0.0,-66784.04335923931,66784.04335923931,0.0,0.0,0.0,0.0,0.0,0.0,0.0,0.0,0.0,-670930.1417531063,-670930.1417531063,67191.91417531062,67191.91417531062,67091.91417531062,0.0,100.0,0.0,0.0,67191.91417531062,67191.91417531062,1,0.0,100.0
4941,21430.00667562322,0.0,-214300.06675623218,0.0,10.0,0.0,-0.0,0.1,0.314033536,31.4033536,0.0,0.0,100.0,1.0,0.11,-11.0,-204.00511740023825,204.00511740023825,0.0,-204.00511740023825,204.00511740023825,0.0,-21121.996440822742,21121.996440822742,0.0,0.0,0.0,0.0,0.0,0.0,0.0,0.0,0.0,-214311.06675623218,-214311.06675623218,21530.00667562322,21530.00667562322,21430.00667562322,0.0,100.0,0.0,0.0,21530.00667562322,21530.00667562322,1,0.0,100.0
4942,18451.215365491717,0.0,-184512.15365491717,0.0,10.0,0.0,-0.0,0.1,0.313294533,31.329453299999997,0.0,0.0,100.0,1.0,0.11,-11.0,-206.8986438445132,206.8986438445132,0.0,-206.8986438445132,206.8986438445132,0.0,-18137.41807780269,18137.41807780269,0.0,0.0,0.0,0.0,0.0,0.0,0.0,0.0,0.0,-184523.15365491717,-184523.15365491717,18551.215365491717,18551.215365491717,18451.215365491717,0.0,100.0,0.0,0.0,18551.215365491717,18551.215365491717,1,0.0,100.0
4943,17706.23888601059,0.0,-177062.3888601059,0.0,10.0,0.0,-0.0,0.1,0.313354553,31.3354553,0.0,0.0,100.0,1.0,0.11,-11.0,-203.885589373683,203.885589373683,0.0,-203.885589373683,203.885589373683,0.0,-17398.467707263222,17398.467707263222,0.0,0.0,0.0,0.0,0.0,0.0,0.0,0.0,0.0,-177073.3888601059,-177073.3888601059,17806.23888601059,17806.23888601059,17706.23888601059,0.0,100.0,0.0,0.0,17806.23888601059,17806.23888601059,1,0.0,100.0
4944,17706.120834792266,0.0,-177061.20834792266,0.0,10.0,0.0,-0.0,0.1,0.325517266,32.5517266,0.0,0.0,100.0,1.0,0.08,-8.0,-203.8266121322788,203.8266121322788,0.0,-203.8266121322788,203.8266121322788,0.0,-17398.467610527707,17398.467610527707,0.0,0.0,0.0,0.0,0.0,0.0,0.0,0.0,0.0,-177069.20834792266,-177069.20834792266,17806.120834792266,17806.120834792266,17706.120834792266,0.0,100.0,0.0,0.0,17806.120834792266,17806.120834792266,1,0.0,100.0
4945,17705.94792448134,0.0,-177059.4792448134,0.0,10.0,0.0,-0.0,0.1,0.325507896,32.5507896,0.0,0.0,100.0,1.0,0.08,-8.0,-203.74015697681628,203.74015697681628,0.0,-203.74015697681628,203.74015697681628,0.0,-17398.467610527707,17398.467610527707,0.0,0.0,0.0,0.0,0.0,0.0,0.0,0.0,0.0,-177067.4792448134,-177067.4792448134,17805.94792448134,17805.94792448134,17705.94792448134,0.0,100.0,0.0,0.0,17805.94792448134,17805.94792448134,1,0.0,100.0
4946,17705.8081692606,0.0,-177058.08169260598,0.0,10.0,0.0,-0.0,0.1,0.335832475,33.5832475,0.0,0.0,100.0,1.0,0.08,-8.0,-203.67027936644712,203.67027936644712,0.0,-203.67027936644712,203.67027936644712,0.0,-17398.467610527707,17398.467610527707,0.0,0.0,0.0,0.0,0.0,0.0,0.0,0.0,0.0,-177066.08169260598,-177066.08169260598,17805.8081692606,17805.8081692606,17705.8081692606,0.0,100.0,0.0,0.0,17805.8081692606,17805.8081692606,1,0.0,100.0
4947,18447.078984745527,0.0,-184470.78984745528,0.0,10.0,0.0,-0.0,0.1,0.349713886,34.9713886,0.0,0.0,100.0,1.0,0.08,-8.0,-204.83049881619047,204.83049881619047,0.0,-204.83049881619047,204.83049881619047,0.0,-18137.417987113146,18137.417987113146,0.0,0.0,0.0,0.0,0.0,0.0,0.0,0.0,0.0,-184478.78984745528,-184478.78984745528,18547.078984745527,18547.078984745527,18447.078984745527,0.0,100.0,0.0,0.0,18547.078984745527,18547.078984745527,1,0.0,100.0
4948,19881.903018424302,0.0,-198819.03018424302,0.0,10.0,0.0,-0.0,0.1,0.312750034,31.275003400000003,0.0,0.0,100.0,1.0,0.08,-8.0,-204.734439508205,204.734439508205,0.0,-204.734439508205,204.734439508205,0.0,-19572.43413940789,19572.43413940789,0.0,0.0,0.0,0.0,0.0,0.0,0.0,0.0,0.0,-198827.03018424302,-198827.03018424302,19981.903018424302,19981.903018424302,19881.903018424302,0.0,100.0,0.0,0.0,19981.903018424302,19981.903018424302,1,0.0,100.0
4949,54784.22979796308,0.0,-547842.2979796308,0.0,10.0,0.0,-0.0,0.1,0.299528219,29.9528219,0.0,0.0,100.0,1.0,0.11,-11.0,-450.948633961644,450.948633961644,0.0,-450.948633961644,450.948633961644,0.0,-55991.91669101822,55991.91669101822,0.0,0.0,1346.2041796875,1346.2041796875,0.0,0.0,663.3799812909263,663.3799812909263,0.0,-547853.2979796308,-547853.2979796308,56893.81395894151,56893.81395894151,56793.81395894151,0.0,100.0,0.0,0.0,56893.81395894151,54884.22979796308,1,0.0,100.0
4950,56673.379995352596,0.0,-566733.799953526,0.0,10.0,0.0,-0.0,0.1,0.273579693,27.3579693,0.0,0.0,100.0,1.0,0.11,-11.0,-469.6255559579853,469.6255559579853,0.0,-469.6255559579853,469.6255559579853,0.0,-63235.13764662798,63235.13764662798,0.0,0.0,4636.9255078125,4636.9255078125,0.0,0.0,2764.083255378859,2764.083255378859,0.0,-566744.799953526,-566744.799953526,64174.38875854395,64174.38875854395,64074.38875854395,0.0,100.0,0.0,0.0,64174.38875854395,56773.37999535259,1,0.0,100.0
4951,78663.04237675996,0.0,-786630.4237675995,0.0,10.0,0.0,-0.0,0.1,0.255804131,25.580413099999998,0.0,0.0,100.0,1.0,0.11,-11.0,-757.6507641192302,757.6507641192302,0.0,-757.6507641192302,757.6507641192302,0.0,-97595.5906541408,97595.5906541408,0.0,0.0,13686.40916015625,13686.40916015625,0.0,0.0,6661.440645463051,6661.440645463051,0.0,-786641.4237675995,-786641.4237675995,99110.89218237926,99110.89218237926,99010.89218237926,0.0,100.0,0.0,0.0,99110.89218237926,78763.04237675996,1,0.0,100.0
4952,65015.83426877783,0.0,-650158.3426877783,0.0,10.0,0.0,-0.0,0.1,0.245862512,24.5862512,0.0,0.0,100.0,1.0,0.11,-11.0,-849.752726947578,849.752726947578,0.0,-849.752726947578,849.752726947578,0.0,-94402.5319730986,94402.5319730986,0.0,0.0,16004.8719140625,16004.8719140625,0.0,0.0,14981.331244153416,14981.331244153416,0.0,-650169.3426877783,-650169.3426877783,96102.03742699375,96102.03742699375,96002.03742699375,0.0,100.0,0.0,0.0,96102.03742699375,65115.83426877783,1,0.0,100.0
4953,47277.32591853819,0.0,-472773.25918538193,0.0,10.0,0.0,-0.0,0.1,0.244281421,24.4281421,0.0,0.0,100.0,1.0,0.11,-11.0,-903.1849415294428,903.1849415294428,0.0,-903.1849415294428,903.1849415294428,0.0,-90653.60436284424,90653.60436284424,0.0,0.0,23633.362265625,23633.362265625,0.0,0.0,21449.286061739946,21449.286061739946,0.0,-472784.25918538193,-472784.25918538193,92459.97424590314,92459.97424590313,92359.97424590314,0.0,100.0,0.0,0.0,92459.97424590313,47377.325918538176,1,0.0,100.0
4954,36505.85342779476,0.0,-365058.5342779476,0.0,10.0,0.0,-0.0,0.1,0.250554095,25.055409499999996,0.0,0.0,100.0,1.0,0.11,-11.0,-963.346138303566,963.346138303566,0.0,-963.346138303566,963.346138303566,0.0,-91560.8248428862,91560.8248428862,0.0,0.0,31037.48525390625,31037.48525390625,0.0,0.0,25844.17843779233,25844.17843779233,0.0,-365069.5342779476,-365069.5342779476,93487.51711949334,93487.51711949334,93387.51711949334,0.0,100.0,0.0,0.0,93487.51711949334,36605.85342779476,1,0.0,100.0
4955,30845.9451471564,0.0,-308459.451471564,0.0,10.0,0.0,-0.0,0.1,0.2704247919999999,27.042479199999992,0.0,0.0,100.0,1.0,0.11,-11.0,-1004.2389113466188,1004.2389113466188,0.0,-1004.2389113466188,1004.2389113466188,0.0,-89326.08633100038,89326.08633100038,0.0,0.0,34627.36306640625,34627.36306640625,0.0,0.0,25761.255940130966,25761.255940130966,0.0,-308470.451471564,-308470.451471564,91334.56415369362,91334.56415369362,91234.56415369362,0.0,100.0,0.0,0.0,91334.56415369362,30945.945147156395,1,0.0,100.0
4956,32509.046953963738,0.0,-325090.4695396374,0.0,10.0,0.0,-0.0,0.1,0.295535079,29.5535079,0.0,0.0,100.0,1.0,0.11,-11.0,-1027.3280584611489,1027.3280584611489,0.0,-1027.3280584611489,1027.3280584611489,0.0,-91968.99297036004,91968.99297036004,0.0,0.0,34216.02290039062,34216.02290039062,0.0,0.0,27198.579232927976,27198.579232927976,0.0,-325101.4695396374,-325101.4695396374,94023.64908728233,94023.64908728233,93923.64908728233,0.0,100.0,0.0,0.0,94023.64908728233,32609.04695396374,1,0.0,100.0
4957,37036.719116447595,0.0,-370367.191164476,0.0,10.0,0.0,-0.0,0.1,0.307200227,30.720022699999998,0.0,0.0,100.0,1.0,0.11,-11.0,-1090.1559108308793,1090.1559108308793,0.0,-1090.1559108308793,1090.1559108308793,0.0,-91820.18388192372,91820.18388192372,0.0,0.0,31074.879814453125,31074.879814453125,0.0,0.0,25788.896772684755,25788.896772684755,0.0,-370378.191164476,-370378.191164476,94000.49570358547,94000.49570358547,93900.49570358547,0.0,100.0,0.0,0.0,94000.49570358547,37136.719116447595,1,0.0,100.0
4958,46222.50929960099,0.0,-462225.0929960099,0.0,10.0,0.0,-0.0,0.1,0.312188667,31.218866699999996,0.0,0.0,100.0,1.0,0.08,-8.0,-1107.653694701219,1107.653694701219,0.0,-1107.653694701219,1107.653694701219,0.0,-91690.5195982485,91690.5195982485,0.0,0.0,23895.124189453123,23895.124189453123,0.0,0.0,23688.193498596826,23688.193498596826,0.0,-462233.0929960099,-462233.0929960099,93905.82698765094,93905.82698765094,93805.82698765094,0.0,100.0,0.0,0.0,93905.82698765094,46322.50929960099,1,0.0,100.0
4959,67861.32563907494,0.0,-678613.2563907495,0.0,10.0,0.0,-0.0,0.1,0.330333312,33.0333312,0.0,0.0,100.0,1.0,0.08,-8.0,-1099.2802293747884,1099.2802293747884,0.0,-1099.2802293747884,1099.2802293747884,0.0,-94484.35661495871,94484.35661495871,0.0,0.0,9759.980302734377,9759.980302734377,0.0,0.0,18961.61113189897,18961.61113189897,0.0,-678621.2563907495,-678621.2563907495,96682.91707370829,96682.91707370829,96582.91707370829,0.0,100.0,0.0,0.0,96682.91707370829,67961.32563907494,0,0.0,100.0
4960,70780.47649563558,0.0,-707804.7649563558,0.0,10.0,0.0,-0.0,0.1,0.354701806,35.4701806,0.0,0.0,100.0,1.0,0.08,-8.0,-985.1210012779412,985.1210012779412,0.0,-985.1210012779412,985.1210012779412,0.0,-88365.85533313356,88365.85533313356,0.0,0.0,5497.000400390625,5497.000400390625,0.0,0.0,13958.620439663238,13958.620439663238,0.0,-707812.7649563558,-707812.7649563558,90336.09733568944,90336.09733568944,90236.09733568944,0.0,100.0,0.0,0.0,90336.09733568944,70880.47649563558,0,0.0,100.0
4961,68762.692173003,0.0,-687626.92173003,0.0,10.0,0.0,-0.0,0.1,0.358886429,35.8886429,0.0,0.0,100.0,1.0,0.11,-11.0,-673.0117748824862,673.0117748824862,0.0,-673.0117748824862,673.0117748824862,0.0,-77740.37786808755,77740.37786808755,0.0,0.0,2954.170283203125,2954.170283203125,0.0,0.0,7269.5389616464,7269.5389616464,0.0,-687637.92173003,-687637.92173003,79086.40141785252,79086.40141785252,78986.40141785252,0.0,100.0,0.0,0.0,79086.40141785252,68862.692173003,1,0.0,100.0
4962,73383.15643068426,0.0,-733831.5643068426,0.0,10.0,0.0,-0.0,0.1,0.363829511,36.3829511,0.0,0.0,100.0,1.0,0.11,-11.0,-675.775090424803,675.775090424803,0.0,-675.775090424803,675.775090424803,0.0,-75695.5900589674,75695.5900589674,0.0,0.0,1159.231376953125,1159.231376953125,0.0,0.0,2404.7524321796072,2404.7524321796072,0.0,-733842.5643068426,-733842.5643068426,77047.14023981699,77047.140239817,76947.14023981699,0.0,100.0,0.0,0.0,77047.140239817,73483.15643068428,1,0.0,100.0
4963,70857.31816449069,0.0,-708573.1816449069,0.0,10.0,0.0,-0.0,0.1,0.355067196,35.5067196,0.0,0.0,100.0,1.0,0.11,-11.0,-571.9550740524573,571.9550740524573,0.0,-571.9550740524573,571.9550740524573,0.0,-69813.40801638577,69813.40801638577,0.0,0.0,0.0,0.0,0.0,0.0,0.0,0.0,0.0,-708584.1816449069,-708584.1816449069,70957.31816449069,70957.31816449069,70857.31816449069,0.0,100.0,0.0,0.0,70957.31816449069,70957.31816449069,1,0.0,100.0
4964,68782.6447543351,0.0,-687826.447543351,0.0,10.0,0.0,-0.0,0.1,0.352780126,35.278012600000004,0.0,0.0,100.0,1.0,0.11,-11.0,-219.5949596654482,219.5949596654482,0.0,-219.5949596654482,219.5949596654482,0.0,-68443.4548350042,68443.4548350042,0.0,0.0,0.0,0.0,0.0,0.0,0.0,0.0,0.0,-687837.447543351,-687837.447543351,68882.6447543351,68882.6447543351,68782.6447543351,0.0,100.0,0.0,0.0,68882.6447543351,68882.6447543351,1,0.0,100.0
4965,21433.496566530815,0.0,-214334.96566530815,0.0,10.0,0.0,-0.0,0.1,0.3400301639999999,34.00301639999999,0.0,0.0,100.0,1.0,0.11,-11.0,-205.75011122179484,205.75011122179484,0.0,-205.75011122179484,205.75011122179484,0.0,-21121.996344087227,21121.996344087227,0.0,0.0,0.0,0.0,0.0,0.0,0.0,0.0,0.0,-214345.96566530815,-214345.96566530815,21533.496566530815,21533.496566530815,21433.496566530815,0.0,100.0,0.0,0.0,21533.496566530815,21533.496566530815,1,0.0,100.0
4966,18451.32284038991,0.0,-184513.2284038991,0.0,10.0,0.0,-0.0,0.1,0.341808816,34.1808816,0.0,0.0,100.0,1.0,0.11,-11.0,-206.95242663838232,206.95242663838232,0.0,-206.95242663838232,206.95242663838232,0.0,-18137.417987113146,18137.417987113146,0.0,0.0,0.0,0.0,0.0,0.0,0.0,0.0,0.0,-184524.2284038991,-184524.2284038991,18551.32284038991,18551.32284038991,18451.32284038991,0.0,100.0,0.0,0.0,18551.32284038991,18551.32284038991,1,0.0,100.0
4967,17706.4401941294,0.0,-177064.40194129403,0.0,10.0,0.0,-0.0,0.1,0.349855805,34.985580500000005,0.0,0.0,100.0,1.0,0.11,-11.0,-203.98628575487825,203.98628575487825,0.0,-203.98628575487825,203.98628575487825,0.0,-17398.467622619646,17398.467622619646,0.0,0.0,0.0,0.0,0.0,0.0,0.0,0.0,0.0,-177075.40194129403,-177075.40194129403,17806.4401941294,17806.4401941294,17706.4401941294,0.0,100.0,0.0,0.0,17806.4401941294,17806.4401941294,1,0.0,100.0
4968,17706.3017084739,0.0,-177063.017084739,0.0,10.0,0.0,-0.0,0.1,0.360035525,36.003552500000005,0.0,0.0,100.0,1.0,0.08,-8.0,-203.9170792029453,203.9170792029453,0.0,-203.9170792029453,203.9170792029453,0.0,-17398.46755006801,17398.46755006801,0.0,0.0,0.0,0.0,0.0,0.0,0.0,0.0,0.0,-177071.017084739,-177071.017084739,17806.3017084739,17806.3017084739,17706.3017084739,0.0,100.0,0.0,0.0,17806.3017084739,17806.3017084739,1,0.0,100.0
4969,17706.069325661534,0.0,-177060.69325661534,0.0,10.0,0.0,-0.0,0.1,0.3659527,36.59527,0.0,0.0,100.0,1.0,0.08,-8.0,-203.8008908197463,203.8008908197463,0.0,-203.8008908197463,203.8008908197463,0.0,-17398.46754402204,17398.46754402204,0.0,0.0,0.0,0.0,0.0,0.0,0.0,0.0,0.0,-177068.69325661534,-177068.69325661534,17806.069325661534,17806.069325661534,17706.069325661534,0.0,100.0,0.0,0.0,17806.069325661534,17806.069325661534,1,0.0,100.0
4970,17705.883541807074,0.0,-177058.83541807072,0.0,10.0,0.0,-0.0,0.1,0.3609814739999999,36.09814739999999,0.0,0.0,100.0,1.0,0.08,-8.0,-203.70799889251683,203.70799889251683,0.0,-203.70799889251683,203.70799889251683,0.0,-17398.46754402204,17398.46754402204,0.0,0.0,0.0,0.0,0.0,0.0,0.0,0.0,0.0,-177066.83541807072,-177066.83541807072,17805.883541807074,17805.883541807074,17705.883541807074,0.0,100.0,0.0,0.0,17805.883541807074,17805.883541807074,1,0.0,100.0
4971,18447.0689055653,0.0,-184470.689055653,0.0,10.0,0.0,-0.0,0.1,0.365450464,36.5450464,0.0,0.0,100.0,1.0,0.08,-8.0,-204.8254955018975,204.8254955018975,0.0,-204.8254955018975,204.8254955018975,0.0,-18137.4179145615,18137.4179145615,0.0,0.0,0.0,0.0,0.0,0.0,0.0,0.0,0.0,-184478.689055653,-184478.689055653,18547.0689055653,18547.0689055653,18447.0689055653,0.0,100.0,0.0,0.0,18547.0689055653,18547.0689055653,1,0.0,100.0
4972,19881.897012879253,0.0,-198818.97012879254,0.0,10.0,0.0,-0.0,0.1,0.319305354,31.9305354,0.0,0.0,100.0,1.0,0.08,-8.0,-204.73153347119464,204.73153347119464,0.0,-204.73153347119464,204.73153347119464,0.0,-19572.433945936864,19572.433945936864,0.0,0.0,0.0,0.0,0.0,0.0,0.0,0.0,0.0,-198826.97012879254,-198826.97012879254,19981.897012879253,19981.897012879253,19881.897012879253,0.0,100.0,0.0,0.0,19981.897012879253,19981.897012879253,1,0.0,100.0
4973,57711.221413029874,0.0,-577112.2141302987,0.0,10.0,0.0,-0.0,0.1,0.296393433,29.6393433,0.0,0.0,100.0,1.0,0.11,-11.0,-454.70970017480624,454.70970017480624,0.0,-454.70970017480624,454.70970017480624,0.0,-58948.78073420556,58948.78073420556,0.0,0.0,1383.5987402343749,1383.5987402343749,0.0,0.0,663.3799812909263,663.3799812909263,0.0,-577123.2141302987,-577123.2141302987,59858.200134555176,59858.200134555176,59758.200134555176,0.0,100.0,0.0,0.0,59858.200134555176,57811.221413029874,1,0.0,100.0
4974,59062.30857472033,0.0,-590623.0857472033,0.0,10.0,0.0,-0.0,0.1,0.2762734639999999,27.62734639999999,0.0,0.0,100.0,1.0,0.11,-11.0,-477.6483470163127,477.6483470163127,0.0,-477.6483470163127,477.6483470163127,0.0,-64543.14908288639,64543.14908288639,0.0,0.0,2355.857314453125,2355.857314453125,0.0,0.0,3980.279887745557,3980.279887745557,0.0,-590634.0857472033,-590634.0857472033,65498.44577691901,65498.44577691901,65398.44577691901,0.0,100.0,0.0,0.0,65498.44577691901,59162.30857472033,1,0.0,100.0
4975,73795.32099622618,0.0,-737953.2099622617,0.0,10.0,0.0,-0.0,0.1,0.259430008,25.9430008,0.0,0.0,100.0,1.0,0.11,-11.0,-770.30773042579,770.30773042579,0.0,-770.30773042579,770.30773042579,0.0,-97164.0402226919,97164.0402226919,0.0,0.0,15107.4024609375,15107.4024609375,0.0,0.0,9701.932226379797,9701.932226379797,0.0,-737964.2099622617,-737964.2099622617,98704.65568354347,98704.65568354347,98604.65568354347,0.0,100.0,0.0,0.0,98704.65568354347,73895.32099622618,1,0.0,100.0
4976,59936.88726097968,0.0,-599368.8726097968,0.0,10.0,0.0,-0.0,0.1,0.2497440189999999,24.97440189999999,0.0,0.0,100.0,1.0,0.11,-11.0,-870.3916107531668,870.3916107531668,0.0,-870.3916107531668,870.3916107531668,0.0,-94714.27220497922,94714.27220497922,0.0,0.0,21464.47775390625,21464.47775390625,0.0,0.0,14953.690411599628,14953.690411599628,0.0,-599379.8726097968,-599379.8726097968,96455.05542648556,96455.05542648556,96355.05542648556,0.0,100.0,0.0,0.0,96455.05542648556,60036.88726097968,1,0.0,100.0
4977,47800.19693493043,0.0,-478001.9693493043,0.0,10.0,0.0,-0.0,0.1,0.24590214,24.590214,0.0,0.0,100.0,1.0,0.11,-11.0,-927.0619329221654,927.0619329221654,0.0,-927.0619329221654,927.0619329221654,0.0,-91751.40287546362,91751.40287546362,0.0,0.0,24643.015400390625,24643.015400390625,0.0,0.0,21062.31440598691,21062.31440598691,0.0,-478012.9693493043,-478012.9693493043,93605.52674130796,93605.52674130796,93505.52674130796,0.0,100.0,0.0,0.0,93605.52674130796,47900.19693493043,1,0.0,100.0
4978,36317.17091063597,0.0,-363171.7091063597,0.0,10.0,0.0,-0.0,0.1,0.242458396,24.2458396,0.0,0.0,100.0,1.0,0.11,-11.0,-1001.5577496249816,1001.5577496249816,0.0,-1001.5577496249816,1001.5577496249816,0.0,-91728.1554570716,91728.1554570716,0.0,0.0,32271.50575195313,32271.50575195313,0.0,0.0,25042.594293732465,25042.594293732465,0.0,-363182.7091063597,-363182.7091063597,93731.27095632156,93731.27095632156,93631.27095632156,0.0,100.0,0.0,0.0,93731.27095632156,36417.17091063596,1,0.0,100.0
4979,40492.59691542227,0.0,-404925.9691542227,0.0,10.0,0.0,-0.0,0.1,0.245891118,24.589111799999998,0.0,0.0,100.0,1.0,0.11,-11.0,-1057.5202620504092,1057.5202620504092,0.0,-1057.5202620504092,1057.5202620504092,0.0,-88745.27553993983,88745.27553993983,0.0,0.0,24119.491552734373,24119.491552734373,0.0,0.0,26148.227595884007,26148.227595884007,0.0,-404936.9691542227,-404936.9691542227,90860.31606404064,90860.31606404064,90760.31606404064,0.0,100.0,0.0,0.0,90860.31606404064,40592.59691542226,1,0.0,100.0
4980,37275.98017163436,0.0,-372759.80171634356,0.0,10.0,0.0,-0.0,0.1,0.250222613,25.022261299999997,0.0,0.0,100.0,1.0,0.11,-11.0,-910.3266075048627,910.3266075048627,0.0,-910.3266075048627,910.3266075048627,0.0,-91850.08337843204,91850.08337843204,0.0,0.0,29953.04299804688,29953.04299804688,0.0,0.0,26341.713423760528,26341.713423760528,0.0,-372770.80171634356,-372770.80171634356,93670.73659344178,93670.73659344176,93570.73659344178,0.0,100.0,0.0,0.0,93670.73659344176,37375.98017163435,1,0.0,100.0
4981,54458.331437308385,0.0,-544583.3143730839,0.0,10.0,0.0,-0.0,0.1,0.260708212,26.0708212,0.0,0.0,100.0,1.0,0.11,-11.0,-907.8684260578452,907.8684260578452,0.0,-907.8684260578452,907.8684260578452,0.0,-91798.3953560102,91798.3953560102,0.0,0.0,13985.565644531249,13985.565644531249,0.0,0.0,25070.23512628625,25070.23512628625,0.0,-544594.3143730839,-544594.3143730839,93614.13220812588,93614.13220812588,93514.13220812588,0.0,100.0,0.0,0.0,93614.13220812588,54558.331437308385,1,0.0,100.0
4982,48069.04141636495,0.0,-480690.4141636495,0.0,10.0,0.0,-0.0,0.1,0.275633712,27.5633712,0.0,0.0,100.0,1.0,0.08,-8.0,-913.2745913161524,913.2745913161524,0.0,-913.2745913161524,913.2745913161524,0.0,-91677.21199581317,91677.21199581317,0.0,0.0,22586.3145703125,22586.3145703125,0.0,0.0,22748.40519176801,22748.40519176801,0.0,-480698.4141636495,-480698.4141636495,93503.76117844545,93503.76117844546,93403.76117844545,0.0,100.0,0.0,0.0,93503.76117844546,48169.041416364955,1,0.0,100.0
4983,68846.12952603071,0.0,-688461.2952603071,0.0,10.0,0.0,-0.0,0.1,0.289996622,28.9996622,0.0,0.0,100.0,1.0,0.08,-8.0,-842.2938793737071,842.2938793737071,0.0,-842.2938793737071,842.2938793737071,0.0,-94627.11205535552,94627.11205535552,0.0,0.0,9647.79662109375,9647.79662109375,0.0,0.0,17717.773666978486,17717.773666978486,0.0,-688469.2952603071,-688469.2952603071,96311.69981410295,96311.69981410293,96211.69981410295,0.0,100.0,0.0,0.0,96311.69981410293,68946.1295260307,0,0.0,100.0
4984,70247.81606083123,0.0,-702478.1606083123,0.0,10.0,0.0,-0.0,0.1,0.3111061739999999,31.11061739999999,0.0,0.0,100.0,1.0,0.08,-8.0,-710.5547784405964,710.5547784405964,0.0,-710.5547784405964,710.5547784405964,0.0,-88325.36208859034,88325.36208859034,0.0,0.0,6656.23177734375,6656.23177734375,0.0,0.0,12742.42380729654,12742.42380729654,0.0,-702486.1606083123,-702486.1606083123,89746.47164547152,89746.47164547152,89646.47164547152,0.0,100.0,0.0,0.0,89746.47164547152,70347.81606083123,0,0.0,100.0
4985,67310.26353088257,0.0,-673102.6353088256,0.0,10.0,0.0,-0.0,0.1,0.3578422189999999,35.78422189999999,0.0,0.0,100.0,1.0,0.11,-11.0,-584.3408972689463,584.3408972689463,0.0,-584.3408972689463,584.3408972689463,0.0,-76787.19562440632,76787.19562440632,0.0,0.0,3552.483251953125,3552.483251953125,0.0,0.0,6993.1306361085135,6993.1306361085135,0.0,-673113.6353088256,-673113.6353088256,77955.8774189442,77955.8774189442,77855.8774189442,0.0,100.0,0.0,0.0,77955.8774189442,67410.26353088257,1,0.0,100.0
4986,71969.70233243356,0.0,-719697.0233243356,0.0,10.0,0.0,-0.0,0.1,0.3927413389999999,39.27413389999999,0.0,0.0,100.0,1.0,0.11,-11.0,-605.4952408171026,605.4952408171026,0.0,-605.4952408171026,605.4952408171026,0.0,-74266.60439260244,74266.60439260244,0.0,0.0,1196.6259375,1196.6259375,0.0,0.0,2211.266604303087,2211.266604303087,0.0,-719708.0233243356,-719708.0233243356,75477.59487423665,75477.59487423665,75377.59487423665,0.0,100.0,0.0,0.0,75477.59487423665,72069.70233243356,1,0.0,100.0
4987,68511.51033241196,0.0,-685115.1033241196,0.0,10.0,0.0,-0.0,0.1,0.40856281,40.856281,0.0,0.0,100.0,1.0,0.11,-11.0,-513.6853382020869,513.6853382020869,0.0,-513.6853382020869,513.6853382020869,0.0,-67584.13965600778,67584.13965600778,0.0,0.0,0.0,0.0,0.0,0.0,0.0,0.0,0.0,-685126.1033241196,-685126.1033241196,68611.51033241196,68611.51033241196,68511.51033241196,0.0,100.0,0.0,0.0,68611.51033241196,68611.51033241196,1,0.0,100.0
4988,65822.23053924603,0.0,-658222.3053924602,0.0,10.0,0.0,-0.0,0.1,0.41125633,41.125633,0.0,0.0,100.0,1.0,0.11,-11.0,-204.76829088742008,204.76829088742008,0.0,-204.76829088742008,204.76829088742008,0.0,-65512.69395747119,65512.69395747119,0.0,0.0,0.0,0.0,0.0,0.0,0.0,0.0,0.0,-658233.3053924602,-658233.3053924602,65922.23053924603,65922.23053924603,65822.23053924603,0.0,100.0,0.0,0.0,65922.23053924603,65922.23053924603,1,0.0,100.0
4989,21429.686686927493,0.0,-214296.86686927493,0.0,10.0,0.0,-0.0,0.1,0.416236996,41.6236996,0.0,0.0,100.0,1.0,0.11,-11.0,-203.8452107189351,203.8452107189351,0.0,-203.8452107189351,203.8452107189351,0.0,-21121.996265489623,21121.996265489623,0.0,0.0,0.0,0.0,0.0,0.0,0.0,0.0,0.0,-214307.86686927493,-214307.86686927493,21529.686686927493,21529.686686927493,21429.686686927493,0.0,100.0,0.0,0.0,21529.686686927493,21529.686686927493,1,0.0,100.0
4990,18450.79527310358,0.0,-184507.9527310358,0.0,10.0,0.0,-0.0,0.1,0.4190746489999999,41.907464899999994,0.0,0.0,100.0,1.0,0.11,-11.0,-206.6886853170054,206.6886853170054,0.0,-206.6886853170054,206.6886853170054,0.0,-18137.41790246957,18137.41790246957,0.0,0.0,0.0,0.0,0.0,0.0,0.0,0.0,0.0,-184518.9527310358,-184518.9527310358,18550.79527310358,18550.79527310358,18450.79527310358,0.0,100.0,0.0,0.0,18550.79527310358,18550.79527310358,1,0.0,100.0
4991,17706.01556027418,0.0,-177060.1556027418,0.0,10.0,0.0,-0.0,0.1,0.415460063,41.5460063,0.0,0.0,100.0,1.0,0.11,-11.0,-203.77401417203848,203.77401417203848,0.0,-203.77401417203848,203.77401417203848,0.0,-17398.467531930102,17398.467531930102,0.0,0.0,0.0,0.0,0.0,0.0,0.0,0.0,0.0,-177071.1556027418,-177071.1556027418,17806.01556027418,17806.01556027418,17706.01556027418,0.0,100.0,0.0,0.0,17806.01556027418,17806.01556027418,1,0.0,100.0
4992,17705.983592613484,0.0,-177059.83592613484,0.0,10.0,0.0,-0.0,0.1,0.4176355229999999,41.763552299999986,0.0,0.0,100.0,1.0,0.08,-8.0,-203.7580605715393,203.7580605715393,0.0,-203.7580605715393,203.7580605715393,0.0,-17398.467471470405,17398.467471470405,0.0,0.0,0.0,0.0,0.0,0.0,0.0,0.0,0.0,-177067.83592613484,-177067.83592613484,17805.983592613484,17805.983592613484,17705.983592613484,0.0,100.0,0.0,0.0,17805.983592613484,17805.983592613484,1,0.0,100.0
4993,17705.91335508014,0.0,-177059.13355080143,0.0,10.0,0.0,-0.0,0.1,0.438029944,43.8029944,0.0,0.0,100.0,1.0,0.08,-8.0,-203.72294180486736,203.72294180486736,0.0,-203.72294180486736,203.72294180486736,0.0,-17398.467471470405,17398.467471470405,0.0,0.0,0.0,0.0,0.0,0.0,0.0,0.0,0.0,-177067.13355080143,-177067.13355080143,17805.91335508014,17805.91335508014,17705.91335508014,0.0,100.0,0.0,0.0,17805.91335508014,17805.91335508014,1,0.0,100.0
4994,17705.786455599093,0.0,-177057.86455599093,0.0,10.0,0.0,-0.0,0.1,0.42916688,42.916688,0.0,0.0,100.0,1.0,0.08,-8.0,-203.6594890413584,203.6594890413584,0.0,-203.6594890413584,203.6594890413584,0.0,-17398.467477516377,17398.467477516377,0.0,0.0,0.0,0.0,0.0,0.0,0.0,0.0,0.0,-177065.86455599093,-177065.86455599093,17805.786455599093,17805.786455599093,17705.786455599093,0.0,100.0,0.0,0.0,17805.786455599093,17805.786455599093,1,0.0,100.0
4995,18456.2916572703,0.0,-184562.916572703,0.0,10.0,0.0,-0.0,0.1,0.395878431,39.5878431,0.0,0.0,100.0,1.0,0.08,-8.0,-209.43690158424727,209.43690158424727,0.0,-209.43690158424727,209.43690158424727,0.0,-18137.417854101805,18137.417854101805,0.0,0.0,0.0,0.0,0.0,0.0,0.0,0.0,0.0,-184570.916572703,-184570.916572703,18556.2916572703,18556.2916572703,18456.2916572703,0.0,100.0,0.0,0.0,18556.2916572703,18556.2916572703,1,0.0,100.0
4996,19889.580402726166,0.0,-198895.80402726165,0.0,10.0,0.0,-0.0,0.1,0.340899116,34.0899116,0.0,0.0,100.0,1.0,0.08,-8.0,-208.5732828083802,208.5732828083802,0.0,-208.5732828083802,208.5732828083802,0.0,-19572.433837109405,19572.433837109405,0.0,0.0,0.0,0.0,0.0,0.0,0.0,0.0,0.0,-198903.80402726165,-198903.80402726165,19989.580402726166,19989.580402726166,19889.580402726166,0.0,100.0,0.0,0.0,19989.580402726166,19989.580402726166,1,0.0,100.0
4997,50449.15348930709,0.0,-504491.53489307093,0.0,10.0,0.0,-0.0,0.1,0.310641677,31.0641677,0.0,0.0,100.0,1.0,0.11,-11.0,-446.3541510793159,446.3541510793159,0.0,-446.3541510793159,446.3541510793159,0.0,-51870.88925542197,51870.88925542197,0.0,0.0,1495.782421875,1495.782421875,0.0,0.0,718.6616463985034,718.6616463985034,0.0,-504502.53489307093,-504502.53489307093,52763.59755758059,52763.5975575806,52663.59755758059,0.0,100.0,0.0,0.0,52763.5975575806,50549.1534893071,1,0.0,100.0
4998,48725.20732702295,0.0,-487252.0732702295,0.0,10.0,0.0,-0.0,0.1,0.277124149,27.7124149,0.0,0.0,100.0,1.0,0.11,-11.0,-463.8682323222031,463.8682323222031,0.0,-463.8682323222031,463.8682323222031,0.0,-58985.92633744104,58985.92633744104,0.0,0.0,7965.041396484375,7965.041396484375,0.0,0.0,3123.414078578111,3123.414078578111,0.0,-487263.0732702295,-487263.0732702295,59913.66280208544,59913.66280208544,59813.66280208544,0.0,100.0,0.0,0.0,59913.66280208544,48825.20732702296,1,0.0,100.0
4999,83823.82805014284,0.0,-838238.2805014284,0.0,10.0,0.0,-0.0,0.1,0.2594016189999999,25.940161899999993,0.0,0.0,100.0,1.0,0.11,-11.0,-735.010008142826,735.010008142826,0.0,-735.010008142826,735.010008142826,0.0,-93314.71868166802,93314.71868166802,0.0,0.0,6244.891611328125,6244.891611328125,0.0,0.0,4616.019036482695,4616.019036482695,0.0,-838249.2805014284,-838249.2805014284,94784.73869795365,94784.73869795367,94684.73869795365,0.0,100.0,0.0,0.0,94784.73869795367,83923.82805014285,1,0.0,100.0
5000,73587.86621773637,0.0,-735878.6621773638,0.0,10.0,0.0,-0.0,0.1,0.249625884,24.962588399999998,0.0,0.0,100.0,1.0,0.11,-11.0,-811.7531002999301,811.7531002999301,0.0,-811.7531002999301,811.7531002999301,0.0,-92259.67545267974,92259.67545267974,0.0,0.0,7591.095791015625,7591.095791015625,0.0,0.0,12604.2196445276,12604.2196445276,0.0,-735889.6621773638,-735889.6621773638,93883.18165327961,93883.18165327961,93783.18165327961,0.0,100.0,0.0,0.0,93883.18165327961,73687.86621773639,1,0.0,100.0
5001,63634.32143039208,0.0,-636343.2143039209,0.0,10.0,0.0,-0.0,0.1,0.2448500619999999,24.48500619999999,0.0,0.0,100.0,1.0,0.11,-11.0,-894.5059521423419,894.5059521423419,0.0,-894.5059521423419,894.5059521423419,0.0,-90389.98672415866,90389.98672415866,0.0,0.0,19931.300771484373,19931.300771484373,0.0,0.0,8513.376426566887,8513.376426566887,0.0,-636354.2143039209,-636354.2143039209,92178.99862844334,92178.99862844334,92078.99862844334,0.0,100.0,0.0,0.0,92178.99862844334,63734.32143039208,1,0.0,100.0
5002,72552.55551886355,0.0,-725525.5551886355,0.0,10.0,0.0,-0.0,0.1,0.245217834,24.5217834,0.0,0.0,100.0,1.0,0.11,-11.0,-964.3691107797972,964.3691107797972,0.0,-964.3691107797972,964.3691107797972,0.0,-91559.5748386594,91559.5748386594,0.0,0.0,11106.184482421875,11106.184482421875,0.0,0.0,9729.573058933584,9729.573058933584,0.0,-725536.5551886355,-725536.5551886355,93488.313060219,93488.313060219,93388.313060219,0.0,100.0,0.0,0.0,93488.313060219,72652.55551886355,1,0.0,100.0
5003,36473.50046530014,0.0,-364735.0046530014,0.0,10.0,0.0,-0.0,0.1,0.2468269039999999,24.68269039999999,0.0,0.0,100.0,1.0,0.11,-11.0,-1024.637788621267,1024.637788621267,0.0,-1024.637788621267,1024.637788621267,0.0,-89282.31066907008,89282.31066907008,0.0,0.0,33281.158886718746,33281.158886718746,0.0,0.0,21476.92689429373,21476.92689429373,0.0,-364746.0046530014,-364746.0046530014,91331.58624631261,91331.58624631261,91231.58624631261,0.0,100.0,0.0,0.0,91331.58624631261,36573.50046530014,1,0.0,100.0
5004,37505.80762249088,0.0,-375058.0762249088,0.0,10.0,0.0,-0.0,0.1,0.250502461,25.050246100000003,0.0,0.0,100.0,1.0,0.11,-11.0,-1060.942344588254,1060.942344588254,0.0,-1060.942344588254,1060.942344588254,0.0,-93396.36756719022,93396.36756719022,0.0,0.0,32234.11119140625,32234.11119140625,0.0,0.0,25678.3334424696,25678.3334424696,0.0,-375069.0762249088,-375069.0762249088,95518.25225636673,95518.25225636673,95418.25225636673,0.0,100.0,0.0,0.0,95518.25225636673,37605.80762249088,1,0.0,100.0
5005,59484.04581071439,0.0,-594840.4581071439,0.0,10.0,0.0,-0.0,0.1,0.264408646,26.4408646,0.0,0.0,100.0,1.0,0.11,-11.0,-1101.5336714703242,1101.5336714703242,0.0,-1101.5336714703242,1101.5336714703242,0.0,-92950.920111724,92950.920111724,0.0,0.0,11218.3681640625,11218.3681640625,0.0,0.0,24351.57347988775,24351.57347988775,0.0,-594851.4581071439,-594851.4581071439,95153.98745466465,95153.98745466465,95053.98745466465,0.0,100.0,0.0,0.0,95153.98745466465,59584.04581071439,1,0.0,100.0
5006,48438.2714997671,0.0,-484382.71499767096,0.0,10.0,0.0,-0.0,0.1,0.286039618,28.6039618,0.0,0.0,100.0,1.0,0.08,-8.0,-1115.8335300866554,1115.8335300866554,0.0,-1115.8335300866554,1115.8335300866554,0.0,-92841.22246146551,92841.22246146551,0.0,0.0,23371.600341796875,23371.600341796875,0.0,0.0,23163.01768007484,23163.01768007484,0.0,-484390.71499767096,-484390.71499767096,95072.88952163882,95072.88952163882,94972.88952163882,0.0,100.0,0.0,0.0,95072.88952163882,48538.2714997671,1,0.0,100.0
5007,63532.28253357151,0.0,-635322.8253357151,0.0,10.0,0.0,-0.0,0.1,0.3025674989999999,30.256749899999992,0.0,0.0,100.0,1.0,0.08,-8.0,-1143.60538263568,1143.60538263568,0.0,-1143.60538263568,1143.60538263568,0.0,-96223.73964288358,96223.73964288358,0.0,0.0,16304.0283984375,16304.0283984375,0.0,0.0,18574.63947614593,18574.63947614593,0.0,-635330.8253357151,-635330.8253357151,98510.95040815494,98510.95040815494,98410.95040815494,0.0,100.0,0.0,0.0,98510.95040815494,63632.28253357151,0,0.0,100.0
5008,66872.51347606459,0.0,-668725.1347606459,0.0,10.0,0.0,-0.0,0.1,0.324668017,32.4668017,0.0,0.0,100.0,1.0,0.08,-8.0,-1025.5955862519306,1025.5955862519306,0.0,-1025.5955862519306,1025.5955862519306,0.0,-88753.69545958417,88753.69545958417,0.0,0.0,10620.0551953125,10620.0551953125,0.0,0.0,13212.317960710949,13212.317960710949,0.0,-668733.1347606459,-668733.1347606459,90804.88663208803,90804.88663208803,90704.88663208803,0.0,100.0,0.0,0.0,90804.88663208803,66972.51347606459,0,0.0,100.0
5009,68461.61043486337,0.0,-684616.1043486337,0.0,10.0,0.0,-0.0,0.1,0.373740458,37.3740458,0.0,0.0,100.0,1.0,0.11,-11.0,-684.8675021024482,684.8675021024482,0.0,-684.8675021024482,684.8675021024482,0.0,-75477.48569389185,75477.48569389185,0.0,0.0,2729.802919921875,2729.802919921875,0.0,0.0,5555.807343311507,5555.807343311507,0.0,-684627.1043486337,-684627.1043486337,76847.22069809675,76847.22069809675,76747.22069809675,0.0,100.0,0.0,0.0,76847.22069809675,68561.61043486337,1,0.0,100.0
5010,70580.09606669334,0.0,-705800.9606669333,0.0,10.0,0.0,-0.0,0.1,0.403854979,40.3854979,0.0,0.0,100.0,1.0,0.11,-11.0,-665.1232687345192,665.1232687345192,0.0,-665.1232687345192,665.1232687345192,0.0,-73473.1313951347,73473.1313951347,0.0,0.0,1607.966103515625,1607.966103515625,0.0,0.0,2515.315762394762,2515.315762394762,0.0,-705811.9606669333,-705811.9606669333,74803.37793260373,74803.37793260373,74703.37793260373,0.0,100.0,0.0,0.0,74803.37793260373,70680.09606669334,1,0.0,100.0
5011,67695.40697676646,0.0,-676954.0697676647,0.0,10.0,0.0,-0.0,0.1,0.409217091,40.9217091,0.0,0.0,100.0,1.0,0.11,-11.0,-554.9047382065661,554.9047382065661,0.0,-554.9047382065661,554.9047382065661,0.0,-66685.59750035332,66685.59750035332,0.0,0.0,0.0,0.0,0.0,0.0,0.0,0.0,0.0,-676965.0697676647,-676965.0697676647,67795.40697676646,67795.40697676646,67695.40697676646,0.0,100.0,0.0,0.0,67795.40697676646,67795.40697676646,1,0.0,100.0
5012,65352.97650900521,0.0,-653529.765090052,0.0,10.0,0.0,-0.0,0.1,0.4112475829999999,41.12475829999999,0.0,0.0,100.0,1.0,0.11,-11.0,-219.6341387582614,219.6341387582614,0.0,-219.6341387582614,219.6341387582614,0.0,-65013.70823148869,65013.70823148869,0.0,0.0,0.0,0.0,0.0,0.0,0.0,0.0,0.0,-653540.765090052,-653540.765090052,65452.97650900521,65452.97650900521,65352.97650900521,0.0,100.0,0.0,0.0,65452.97650900521,65452.97650900521,1,0.0,100.0
5013,21494.942080597968,0.0,-214949.4208059797,0.0,10.0,0.0,-0.0,0.1,0.4048579229999999,40.48579229999999,0.0,0.0,100.0,1.0,0.11,-11.0,-236.47294382999297,236.47294382999297,0.0,-236.47294382999297,236.47294382999297,0.0,-21121.996192937982,21121.996192937982,0.0,0.0,0.0,0.0,0.0,0.0,0.0,0.0,0.0,-214960.4208059797,-214960.4208059797,21594.942080597968,21594.942080597968,21494.942080597968,0.0,100.0,0.0,0.0,21594.942080597968,21594.942080597968,1,0.0,100.0
5014,18451.27618808808,0.0,-184512.7618808808,0.0,10.0,0.0,-0.0,0.1,0.3921163379999999,39.21163379999999,0.0,0.0,100.0,1.0,0.11,-11.0,-206.92918210805925,206.92918210805925,0.0,-206.92918210805925,206.92918210805925,0.0,-18137.41782387196,18137.41782387196,0.0,0.0,0.0,0.0,0.0,0.0,0.0,0.0,0.0,-184523.7618808808,-184523.7618808808,18551.27618808808,18551.27618808808,18451.27618808808,0.0,100.0,0.0,0.0,18551.27618808808,18551.27618808808,1,0.0,100.0
5015,17706.30242413835,0.0,-177063.0242413835,0.0,10.0,0.0,-0.0,0.1,0.390058321,39.0058321,0.0,0.0,100.0,1.0,0.11,-11.0,-203.91748540292656,203.91748540292656,0.0,-203.91748540292656,203.91748540292656,0.0,-17398.467453332498,17398.467453332498,0.0,0.0,0.0,0.0,0.0,0.0,0.0,0.0,0.0,-177074.0242413835,-177074.0242413835,17806.30242413835,17806.30242413835,17706.30242413835,0.0,100.0,0.0,0.0,17806.30242413835,17806.30242413835,1,0.0,100.0
5016,14692.783660036823,0.0,-146927.83660036823,0.0,10.0,0.0,-0.0,0.1,0.392884284,39.2884284,0.0,0.0,100.0,1.0,0.08,-8.0,-203.835755523142,203.835755523142,0.0,-203.835755523142,203.835755523142,0.0,-14385.112148990538,14385.112148990538,0.0,0.0,0.0,0.0,0.0,0.0,0.0,0.0,0.0,-146935.83660036823,-146935.83660036823,14792.783660036823,14792.783660036823,14692.783660036823,0.0,100.0,0.0,0.0,14792.783660036823,14792.783660036823,1,0.0,100.0
5017,14692.69543968118,0.0,-146926.9543968118,0.0,10.0,0.0,-0.0,0.1,0.389384329,38.938432899999995,0.0,0.0,100.0,1.0,0.08,-8.0,-203.79164232233668,203.79164232233668,0.0,-203.79164232233668,203.79164232233668,0.0,-14385.112155036506,14385.112155036506,0.0,0.0,0.0,0.0,0.0,0.0,0.0,0.0,0.0,-146934.9543968118,-146934.9543968118,14792.69543968118,14792.69543968118,14692.69543968118,0.0,100.0,0.0,0.0,14792.69543968118,14792.69543968118,1,0.0,100.0
5018,14692.678219634498,0.0,-146926.78219634498,0.0,10.0,0.0,-0.0,0.1,0.38693442,38.693442,0.0,0.0,100.0,1.0,0.08,-8.0,-203.78302927601013,203.78302927601013,0.0,-203.78302927601013,203.78302927601013,0.0,-14385.112161082478,14385.112161082478,0.0,0.0,0.0,0.0,0.0,0.0,0.0,0.0,0.0,-146934.78219634498,-146934.78219634498,14792.678219634498,14792.678219634498,14692.678219634498,0.0,100.0,0.0,0.0,14792.678219634498,14792.678219634498,1,0.0,100.0
5019,15433.936816671514,0.0,-154339.36816671514,0.0,10.0,0.0,-0.0,0.1,0.399642447,39.9642447,0.0,0.0,100.0,1.0,0.08,-8.0,-204.9371364788171,204.9371364788171,0.0,-204.9371364788171,204.9371364788171,0.0,-15124.06254371388,15124.06254371388,0.0,0.0,0.0,0.0,0.0,0.0,0.0,0.0,0.0,-154347.36816671514,-154347.36816671514,15533.936816671514,15533.936816671514,15433.936816671514,0.0,100.0,0.0,0.0,15533.936816671514,15533.936816671514,1,0.0,100.0
5020,15362.00003432288,0.0,-153620.0003432288,0.0,10.0,0.0,-0.0,0.1,0.3565745,35.657450000000004,0.0,0.0,100.0,1.0,0.08,-8.0,-204.79956477126592,204.79956477126592,0.0,-204.79956477126592,204.79956477126592,0.0,-15052.400904780348,15052.400904780348,0.0,0.0,0.0,0.0,0.0,0.0,0.0,0.0,0.0,-153628.0003432288,-153628.0003432288,15462.00003432288,15462.00003432288,15362.00003432288,0.0,100.0,0.0,0.0,15462.00003432288,15462.00003432288,1,0.0,100.0
5021,53038.777854316075,0.0,-530387.7785431608,0.0,10.0,0.0,-0.0,0.1,0.323345752,32.334575199999996,0.0,0.0,100.0,1.0,0.11,-11.0,-192.79330623168124,192.79330623168124,0.0,-192.79330623168124,192.79330623168124,0.0,-55175.73592027224,55175.73592027224,0.0,0.0,1869.72802734375,1869.72802734375,0.0,0.0,552.8166510757718,552.8166510757718,0.0,-530398.7785431608,-530398.7785431608,55561.3225327356,55561.3225327356,55461.3225327356,0.0,100.0,0.0,0.0,55561.3225327356,53138.777854316075,1,0.0,100.0
5022,48499.563043606824,0.0,-484995.6304360682,0.0,10.0,0.0,-0.0,0.1,0.292561382,29.2561382,0.0,0.0,100.0,1.0,0.11,-11.0,-168.45833946499644,168.45833946499644,0.0,-168.45833946499644,168.45833946499644,0.0,-56587.08182324098,56587.08182324098,0.0,0.0,6693.626337890625,6693.626337890625,0.0,0.0,1630.8091206735269,1630.8091206735269,0.0,-485006.6304360682,-485006.6304360682,56923.99850217097,56923.99850217097,56823.99850217097,0.0,100.0,0.0,0.0,56923.99850217097,48599.56304360682,1,0.0,100.0
5023,52939.97877596689,0.0,-529399.7877596689,0.0,10.0,0.0,-0.0,0.1,0.274114129,27.4114129,0.0,0.0,100.0,1.0,0.11,-11.0,-168.54136648174213,168.54136648174213,0.0,-168.54136648174213,168.54136648174213,0.0,-70953.40975514677,70953.40975514677,0.0,0.0,11367.94640625,11367.94640625,0.0,0.0,6882.567305893359,6882.567305893359,0.0,-529410.7877596689,-529410.7877596689,71290.49248811025,71290.49248811025,71190.49248811025,0.0,100.0,0.0,0.0,71290.49248811025,53039.97877596689,1,0.0,100.0
5024,38740.46575110333,0.0,-387404.6575110333,0.0,10.0,0.0,-0.0,0.1,0.265374856,26.5374856,0.0,0.0,100.0,1.0,0.11,-11.0,-211.24554277542248,211.24554277542248,0.0,-211.24554277542248,211.24554277542248,0.0,-68807.4535870036,68807.4535870036,0.0,0.0,16154.45015625,16154.45015625,0.0,0.0,14235.028765201125,14235.028765201125,0.0,-387415.6575110333,-387415.6575110333,69229.94467255445,69229.94467255445,69129.94467255445,0.0,100.0,0.0,0.0,69229.94467255445,38840.46575110333,1,0.0,100.0
5025,36760.951503553675,0.0,-367609.5150355367,0.0,10.0,0.0,-0.0,0.1,0.265286465,26.528646500000004,0.0,0.0,100.0,1.0,0.11,-11.0,-192.6546982288133,192.6546982288133,0.0,-192.6546982288133,192.6546982288133,0.0,-67081.67120966343,67081.67120966343,0.0,0.0,10096.53134765625,10096.53134765625,0.0,0.0,20509.49775491113,20509.49775491113,0.0,-367620.5150355367,-367620.5150355367,67466.98060612105,67466.98060612105,67366.98060612105,0.0,100.0,0.0,0.0,67466.98060612105,36860.951503553675,1,0.0,100.0
5026,30442.79468117935,0.0,-304427.9468117935,0.0,10.0,0.0,-0.0,0.1,0.278279108,27.827910799999998,0.0,0.0,100.0,1.0,0.11,-11.0,-305.3568215942666,305.3568215942666,0.0,-305.3568215942666,305.3568215942666,0.0,-67225.381550508,67225.381550508,0.0,0.0,13798.592841796875,13798.592841796875,0.0,0.0,23494.7076707203,23494.7076707203,0.0,-304438.9468117935,-304438.9468117935,67836.09519369653,67836.09519369653,67736.09519369653,0.0,100.0,0.0,0.0,67836.09519369653,30542.79468117935,1,0.0,100.0
5027,29486.891136326332,0.0,-294868.9113632633,0.0,10.0,0.0,-0.0,0.1,0.291591518,29.1591518,0.0,0.0,100.0,1.0,0.11,-11.0,-323.44171582104576,323.44171582104576,0.0,-323.44171582104576,323.44171582104576,0.0,-67334.01722619603,67334.01722619603,0.0,0.0,14733.45685546875,14733.45685546875,0.0,0.0,23660.55266604304,23660.55266604304,0.0,-294879.9113632633,-294879.9113632633,67980.90065783812,67980.90065783812,67880.90065783812,0.0,100.0,0.0,0.0,67980.90065783812,29586.891136326332,1,0.0,100.0
5028,14526.172811104145,0.0,-145261.72811104145,0.0,10.0,0.0,-0.0,0.1,0.308140684,30.8140684,0.0,0.0,100.0,1.0,0.11,-11.0,-313.0473626164584,313.0473626164584,0.0,-313.0473626164584,313.0473626164584,0.0,-68574.68472252238,68574.68472252238,0.0,0.0,28232.893212890624,28232.893212890624,0.0,0.0,26341.713423760528,26341.713423760528,0.0,-145272.72811104145,-145272.72811104145,69200.7794477553,69200.7794477553,69100.7794477553,0.0,100.0,0.0,0.0,69200.7794477553,14626.172811104145,1,0.0,100.0
5029,908.0715182828535,0.0,-9080.715182828535,0.0,10.0,0.0,-0.0,0.1,0.324485152,32.4485152,0.0,0.0,100.0,1.0,0.11,-11.0,-324.9638467341702,324.9638467341702,0.0,-324.9638467341702,324.9638467341702,0.0,-54659.58283877872,54659.58283877872,0.0,0.0,28457.26057617188,28457.26057617188,0.0,0.0,25844.17843779233,25844.17843779233,0.0,-9091.715182828535,-9091.715182828535,55309.51053224706,55309.51053224706,55209.51053224706,0.0,100.0,0.0,0.0,55309.51053224706,1008.0715182828571,1,0.0,100.0
5030,4893.170733588664,0.0,-48931.70733588664,0.0,10.0,0.0,-0.0,0.1,0.3396179039999999,33.96179039999999,0.0,0.0,100.0,1.0,0.08,-8.0,-329.8437354389757,329.8437354389757,0.0,-329.8437354389757,329.8437354389757,0.0,-52849.94975468628,52849.94975468628,0.0,0.0,26624.927109375,26624.927109375,0.0,0.0,21891.539382600564,21891.539382600564,0.0,-48939.70733588664,-48939.70733588664,53509.63722556422,53509.63722556423,53409.63722556422,0.0,100.0,0.0,0.0,53509.63722556423,4993.170733588668,1,0.0,100.0
5031,16971.591246796303,0.0,-169715.91246796303,0.0,10.0,0.0,-0.0,0.1,0.375992937,37.599293700000004,0.0,0.0,100.0,1.0,0.08,-8.0,-304.2362841336667,304.2362841336667,0.0,-304.2362841336667,304.2362841336667,0.0,-54056.84821300373,54056.84821300373,0.0,0.0,21202.715830078123,21202.715830078123,0.0,0.0,16391.013704396635,16391.013704396635,0.0,-169723.91246796303,-169723.91246796303,54665.32078127106,54665.32078127106,54565.32078127106,0.0,100.0,0.0,0.0,54665.32078127106,17071.591246796306,1,0.0,100.0
5032,26521.39720845349,0.0,-265213.97208453494,0.0,10.0,0.0,-0.0,0.1,0.41295852,41.295852,0.0,0.0,100.0,1.0,0.08,-8.0,-271.728313948906,271.728313948906,0.0,-271.728313948906,271.728313948906,0.0,-50879.26836906641,50879.26836906641,0.0,0.0,12639.361464843749,12639.361464843749,0.0,0.0,12161.96632366698,12161.96632366698,0.0,-265221.97208453494,-265221.97208453494,51422.72499696422,51422.72499696422,51322.72499696422,0.0,100.0,0.0,0.0,51422.72499696422,26621.39720845349,1,0.0,100.0
5033,6922.635584132851,0.0,-69226.3558413285,0.0,10.0,0.0,-0.0,0.1,0.429276147,42.9276147,0.0,0.0,100.0,1.0,0.11,-11.0,-274.38041400334424,274.38041400334424,0.0,-274.38041400334424,274.38041400334424,0.0,-17936.433933858712,17936.433933858712,0.0,0.0,5160.44935546875,5160.44935546875,0.0,0.0,6302.109822263799,6302.109822263799,0.0,-69237.3558413285,-69237.3558413285,18485.1947618654,18485.1947618654,18385.1947618654,0.0,100.0,0.0,0.0,18485.1947618654,7022.635584132851,1,0.0,100.0
5034,13249.013289197648,0.0,-132490.13289197648,0.0,10.0,0.0,-0.0,0.1,0.4350129729999999,43.50129729999999,0.0,0.0,100.0,1.0,0.11,-11.0,-241.03656840101468,241.03656840101468,0.0,-241.03656840101468,241.03656840101468,0.0,-16458.533174641878,16458.533174641878,0.0,0.0,1794.93890625,1794.93890625,0.0,0.0,1796.6541159962585,1796.6541159962585,0.0,-132501.13289197648,-132501.13289197648,16940.606311443906,16940.606311443906,16840.606311443906,0.0,100.0,0.0,0.0,16940.606311443906,13349.013289197646,1,0.0,100.0
5035,19952.685646002214,0.0,-199526.85646002213,0.0,10.0,0.0,-0.0,0.1,0.43100902,43.100902000000005,0.0,0.0,100.0,1.0,0.11,-11.0,-247.43375261570705,247.43375261570705,0.0,-247.43375261570705,247.43375261570705,0.0,-19557.8181407708,19557.8181407708,0.0,0.0,0.0,0.0,0.0,0.0,0.0,0.0,0.0,-199537.85646002213,-199537.85646002213,20052.685646002214,20052.685646002214,19952.685646002214,0.0,100.0,0.0,0.0,20052.685646002214,20052.685646002214,1,0.0,100.0
5036,18403.946776795685,0.0,-184039.46776795684,0.0,10.0,0.0,-0.0,0.1,0.420516345,42.0516345,0.0,0.0,100.0,1.0,0.11,-11.0,-211.98795629706137,211.98795629706137,0.0,-211.98795629706137,211.98795629706137,0.0,-18079.97086420156,18079.97086420156,0.0,0.0,0.0,0.0,0.0,0.0,0.0,0.0,0.0,-184050.46776795684,-184050.46776795684,18503.946776795685,18503.946776795685,18403.946776795685,0.0,100.0,0.0,0.0,18503.946776795685,18503.946776795685,1,0.0,100.0
5037,16909.774034104994,0.0,-169097.74034104994,0.0,10.0,0.0,-0.0,0.1,0.408765838,40.8765838,0.0,0.0,100.0,1.0,0.11,-11.0,-203.9053807020641,203.9053807020641,0.0,-203.9053807020641,203.9053807020641,0.0,-16601.963272700865,16601.963272700865,0.0,0.0,0.0,0.0,0.0,0.0,0.0,0.0,0.0,-169108.74034104994,-169108.74034104994,17009.774034104994,17009.774034104994,16909.774034104994,0.0,100.0,0.0,0.0,17009.774034104994,17009.774034104994,1,0.0,100.0
5038,15437.497385704371,0.0,-154374.97385704372,0.0,10.0,0.0,-0.0,0.1,0.407685459,40.7685459,0.0,0.0,100.0,1.0,0.11,-11.0,-206.71743308718547,206.71743308718547,0.0,-206.71743308718547,206.71743308718547,0.0,-15124.06251953,15124.06251953,0.0,0.0,0.0,0.0,0.0,0.0,0.0,0.0,0.0,-154385.97385704372,-154385.97385704372,15537.497385704371,15537.497385704371,15437.497385704371,0.0,100.0,0.0,0.0,15537.497385704371,15537.497385704371,1,0.0,100.0
5039,14692.796142192365,0.0,-146927.96142192365,0.0,10.0,0.0,-0.0,0.1,0.4067390429999999,40.67390429999999,0.0,0.0,100.0,1.0,0.11,-11.0,-203.841996600913,203.841996600913,0.0,-203.841996600913,203.841996600913,0.0,-14385.112148990538,14385.112148990538,0.0,0.0,0.0,0.0,0.0,0.0,0.0,0.0,0.0,-146938.96142192365,-146938.96142192365,14792.796142192365,14792.796142192365,14692.796142192365,0.0,100.0,0.0,0.0,14792.796142192365,14792.796142192365,1,0.0,100.0
5040,14692.698887744516,0.0,-146926.98887744517,0.0,10.0,0.0,-0.0,0.1,0.407666844,40.766684399999995,0.0,0.0,100.0,1.0,0.08,-8.0,-203.806743061874,203.806743061874,0.0,-203.806743061874,203.806743061874,0.0,-14385.085401620769,14385.085401620769,0.0,0.0,0.0,0.0,0.0,0.0,0.0,0.0,0.0,-146934.98887744517,-146934.98887744517,14792.698887744516,14792.698887744516,14692.698887744516,0.0,100.0,0.0,0.0,14792.698887744516,14792.698887744516,1,0.0,100.0
5041,14692.665935607036,0.0,-146926.65935607036,0.0,10.0,0.0,-0.0,0.1,0.4039162,40.39162,0.0,0.0,100.0,1.0,0.08,-8.0,-203.7902518782105,203.7902518782105,0.0,-203.7902518782105,203.7902518782105,0.0,-14385.085431850615,14385.085431850615,0.0,0.0,0.0,0.0,0.0,0.0,0.0,0.0,0.0,-146934.65935607036,-146934.65935607036,14792.665935607036,14792.665935607036,14692.665935607036,0.0,100.0,0.0,0.0,14792.665935607036,14792.665935607036,1,0.0,100.0
5042,14692.627980051835,0.0,-146926.27980051836,0.0,10.0,0.0,-0.0,0.1,0.413122661,41.3122661,0.0,0.0,100.0,1.0,0.08,-8.0,-203.7712801465776,203.7712801465776,0.0,-203.7712801465776,203.7712801465776,0.0,-14385.08541975868,14385.08541975868,0.0,0.0,0.0,0.0,0.0,0.0,0.0,0.0,0.0,-146934.27980051836,-146934.27980051836,14792.627980051835,14792.627980051835,14692.627980051835,0.0,100.0,0.0,0.0,14792.627980051835,14792.627980051835,1,0.0,100.0
5043,15433.795866291166,0.0,-154337.95866291167,0.0,10.0,0.0,-0.0,0.1,0.41776881,41.776880999999996,0.0,0.0,100.0,1.0,0.08,-8.0,-204.88005613442044,204.88005613442044,0.0,-204.88005613442044,204.88005613442044,0.0,-15124.035754022325,15124.035754022325,0.0,0.0,0.0,0.0,0.0,0.0,0.0,0.0,0.0,-154345.95866291167,-154345.95866291167,15533.795866291166,15533.795866291166,15433.795866291166,0.0,100.0,0.0,0.0,15533.795866291166,15533.795866291166,1,0.0,100.0
5044,15361.894485748075,0.0,-153618.94485748076,0.0,10.0,0.0,-0.0,0.1,0.386039566,38.603956600000004,0.0,0.0,100.0,1.0,0.08,-8.0,-204.76018835262747,204.76018835262747,0.0,-204.76018835262747,204.76018835262747,0.0,-15052.37410904282,15052.37410904282,0.0,0.0,0.0,0.0,0.0,0.0,0.0,0.0,0.0,-153626.94485748076,-153626.94485748076,15461.894485748075,15461.894485748075,15361.894485748075,0.0,100.0,0.0,0.0,15461.894485748075,15461.894485748075,1,0.0,100.0
5045,14538.846610166878,0.0,-145388.46610166878,0.0,10.0,0.0,-0.0,0.1,0.357856317,35.785631699999996,0.0,0.0,100.0,1.0,0.11,-11.0,-192.541969658557,192.541969658557,0.0,-192.541969658557,192.541969658557,0.0,-16458.45301113018,16458.45301113018,0.0,0.0,1458.387861328125,1458.387861328125,0.0,0.0,746.302478952292,746.302478952292,0.0,-145399.46610166878,-145399.46610166878,16843.536950447295,16843.536950447295,16743.536950447295,0.0,100.0,0.0,0.0,16843.536950447295,14638.846610166878,1,0.0,100.0
5046,9409.42239070536,0.0,-94094.2239070536,0.0,10.0,0.0,-0.0,0.1,0.327989715,32.7989715,0.0,0.0,100.0,1.0,0.11,-11.0,-168.30577158051125,168.30577158051125,0.0,-168.30577158051125,168.30577158051125,0.0,-17936.353782438953,17936.353782438953,0.0,0.0,4562.13638671875,4562.13638671875,0.0,0.0,4201.406548175866,4201.406548175866,0.0,-94105.2239070536,-94105.2239070536,18272.965325599976,18272.965325599976,18172.965325599976,0.0,100.0,0.0,0.0,18272.965325599976,9509.42239070536,1,0.0,100.0
5047,4058.7838486083147,0.0,-40587.83848608314,0.0,10.0,0.0,-0.0,0.1,0.296673402,29.667340199999998,0.0,0.0,100.0,1.0,0.11,-11.0,-168.44439975111626,168.44439975111626,0.0,-168.44439975111626,168.44439975111626,0.0,-17936.353800576864,17936.353800576864,0.0,0.0,5048.265673828125,5048.265673828125,0.0,0.0,9066.193077642658,9066.193077642658,0.0,-40598.83848608314,-40598.83848608314,18273.242600079095,18273.2426000791,18173.242600079095,0.0,100.0,0.0,0.0,18273.2426000791,4158.7838486083165,1,0.0,100.0
5048,0.0,0.0,-0.0,55.55555555555556,10.0,0.0,-0.0,0.1,0.278292372,0.0,0.0,100.0,0.0,1.0,0.11,0.0,-168.62251727131863,168.62251727131863,0.0,-168.62251727131863,168.62251727131863,0.0,-15719.502670820568,15719.502670820568,0.0,0.0,14658.667734375,14658.667734375,0.0,14367.484024438469,15921.119550982228,1553.6355265437596,0.0,0.0,0.0,16212.30326091876,16212.30326091876,16212.30326091876,0.0,0.0,155.55555555555475,0.0,16056.747705363205,-14523.039579994022,1,-55.55555555555556,-100.0
5049,0.0,0.0,-0.0,44.44444444444444,60.0,0.0,-0.0,0.6,0.279398196,0.0,0.0,100.0,0.0,1.0,0.11,0.0,-227.6062267449508,227.6062267449508,0.0,-227.6062267449508,227.6062267449508,0.0,-12763.701152386897,12763.701152386897,0.0,8362.881627413128,21726.23967773437,13363.358050321243,0.0,17717.773666978486,17717.773666978486,0.0,0.0,0.0,0.0,13363.358050321243,13363.358050321243,13363.358050321243,0.0,0.0,144.44444444444525,0.0,13218.913605876798,-26225.099738836063,1,-44.44444444444444,-100.0
5050,0.0,0.0,-0.0,0.0,100.0,-0.0,-0.0,1.0,0.28971006,0.0,0.0,100.0,0.0,1.0,0.11,0.0,-319.72024824820505,319.72024824820505,0.0,-319.72024824820505,319.72024824820505,0.0,-12763.754562482858,12763.754562482858,0.0,13907.017821880105,27410.212880859373,13503.195058979269,0.0,23328.86267539757,23328.86267539757,0.0,0.0,0.0,0.0,13503.195058979269,13503.195058979269,13503.195058979269,0.0,0.0,100.0,0.0,13403.195058979269,-37335.88049727767,1,-0.0,-100.0
5051,0.0,0.0,-0.0,0.0,100.0,-0.0,-0.0,1.0,0.305801234,0.0,0.0,100.0,0.0,1.0,0.11,0.0,-331.3354660827381,331.3354660827381,0.0,-331.3354660827381,331.3354660827381,0.0,-29105.320183202533,29105.320183202533,0.0,4834.161072131996,34702.1521875,29867.991115368008,0.0,24379.21431244153,24379.21431244153,0.0,0.0,0.0,0.0,29867.991115368008,29867.991115368008,29867.991115368008,0.0,0.0,100.0,0.0,29767.991115368008,-29313.375384573526,1,-0.0,-100.0
5052,0.0,0.0,-0.0,0.0,100.0,-0.0,-0.0,1.0,0.321916985,0.0,0.0,100.0,0.0,1.0,0.11,0.0,-344.5770288080292,344.5770288080292,0.0,-344.5770288080292,344.5770288080292,0.0,-32690.58077086164,32690.58077086164,0.0,0.0,30887.907011718748,30887.907011718748,0.0,25131.92723469101,27723.75505144996,2591.8278167589488,0.0,0.0,0.0,33479.734828477696,33479.734828477696,33479.734828477696,0.0,0.0,100.0,0.0,33379.734828477696,-25231.927234691015,1,-0.0,-100.0
5053,0.0,0.0,-0.0,0.0,100.0,-0.0,-0.0,1.0,0.3338508839999999,0.0,0.0,100.0,0.0,1.0,0.11,0.0,-369.09379215877607,369.09379215877607,0.0,-369.09379215877607,369.09379215877607,0.0,-33018.04542713468,33018.04542713468,0.0,0.0,30289.59404296875,30289.59404296875,0.0,22609.229459954317,26175.8684284378,3566.638968483483,0.0,0.0,0.0,33856.233011452234,33856.233011452234,33856.233011452234,0.0,0.0,100.0,0.0,33756.233011452234,-22709.229459954317,1,-0.0,-100.0
5054,0.0,0.0,-0.0,0.0,100.0,-0.0,-0.0,1.0,0.349641721,0.0,0.0,100.0,0.0,1.0,0.08,0.0,-368.510078727087,368.510078727087,0.0,-368.510078727087,368.510078727087,0.0,-31751.409487495894,31751.409487495894,0.0,0.0,27522.3965625,27522.3965625,0.0,16880.78796525807,21946.82104770814,5066.033082450071,0.0,0.0,0.0,32588.42964495007,32588.42964495007,32588.42964495007,0.0,0.0,100.0,0.0,32488.42964495007,-16980.787965258074,1,-0.0,-100.0
5055,7508.8720547105,0.0,-75088.72054710501,0.0,100.0,45.0,-0.0,1.0,0.371718071,37.171807099999995,0.0,0.0,100.0,1.0,0.08,-8.0,-381.763946784566,381.763946784566,0.0,-381.763946784566,381.763946784566,0.0,-44541.070570469965,44541.070570469965,0.0,0.0,19407.776923828125,19407.776923828125,0.0,0.0,18242.94948550047,18242.94948550047,0.0,-75096.72054710501,-75096.72054710501,45304.598464039096,45304.598464039096,45159.598464039096,0.0,145.0,0.0,0.0,45304.598464039096,7653.872054710504,1,45.0,100.0
5056,22594.567319174443,0.0,-225945.67319174443,0.0,50.0,36.0,-0.0,0.5,0.393895559,39.3895559,0.0,0.0,100.0,1.0,0.08,-8.0,-365.74605061929,365.74605061929,0.0,-365.74605061929,365.74605061929,0.0,-44522.63875481868,44522.63875481868,0.0,0.0,9311.245576171874,9311.245576171874,0.0,0.0,13212.317960710949,13212.317960710949,0.0,-225953.67319174443,-225953.67319174443,45254.130856057265,45254.130856057265,45118.130856057265,0.0,136.0,0.0,0.0,45254.130856057265,22730.567319174443,1,36.0,100.0
5057,33610.86968356148,0.0,-336108.69683561486,0.0,10.0,0.0,-0.0,0.1,0.4072974029999999,40.72974029999999,0.0,0.0,100.0,1.0,0.11,-11.0,-351.7415194733712,351.7415194733712,0.0,-351.7415194733712,351.7415194733712,0.0,-48215.94652161719,48215.94652161719,0.0,0.0,8077.225078124999,8077.225078124999,0.0,0.0,7131.334798877457,7131.334798877457,0.0,-336119.69683561486,-336119.69683561486,48919.429560563935,48919.429560563935,48819.429560563935,0.0,100.0,0.0,0.0,48919.429560563935,33710.86968356148,1,0.0,100.0
5058,30236.81266006571,0.0,-302368.12660065707,0.0,10.0,0.0,-0.0,0.1,0.415872376,41.5872376,0.0,0.0,100.0,1.0,0.11,-11.0,-324.0981014754595,324.0981014754595,0.0,-324.0981014754595,324.0981014754595,0.0,-33751.72398420093,33751.72398420093,0.0,0.0,1907.122587890625,1907.122587890625,0.0,0.0,2155.98493919551,2155.98493919551,0.0,-302379.12660065707,-302379.12660065707,34399.920187151845,34399.920187151845,34299.920187151845,0.0,100.0,0.0,0.0,34399.920187151845,30336.812660065712,1,0.0,100.0
5059,20100.74397179066,0.0,-201007.43971790659,0.0,10.0,0.0,-0.0,0.1,0.412455717,41.2455717,0.0,0.0,100.0,1.0,0.11,-11.0,-321.50299121981027,321.50299121981027,0.0,-321.50299121981027,321.50299121981027,0.0,-19557.73798935104,19557.73798935104,0.0,0.0,0.0,0.0,0.0,0.0,0.0,0.0,0.0,-201018.43971790659,-201018.43971790659,20200.74397179066,20200.74397179066,20100.74397179066,0.0,100.0,0.0,0.0,20200.74397179066,20200.74397179066,1,0.0,100.0
5060,18589.688507458704,0.0,-185896.88507458704,0.0,10.0,0.0,-0.0,0.1,0.409013801,40.901380100000004,0.0,0.0,100.0,1.0,0.11,-11.0,-304.8855901592357,304.8855901592357,0.0,-304.8855901592357,304.8855901592357,0.0,-18079.917327140232,18079.917327140232,0.0,0.0,0.0,0.0,0.0,0.0,0.0,0.0,0.0,-185907.88507458704,-185907.88507458704,18689.688507458704,18689.688507458704,18589.688507458704,0.0,100.0,0.0,0.0,18689.688507458704,18689.688507458704,1,0.0,100.0
5061,17069.639738278307,0.0,-170696.39738278306,0.0,10.0,0.0,-0.0,0.1,0.400765029,40.0765029,0.0,0.0,100.0,1.0,0.11,-11.0,-283.85162461151384,283.85162461151384,0.0,-283.85162461151384,283.85162461151384,0.0,-16601.93648905528,16601.93648905528,0.0,0.0,0.0,0.0,0.0,0.0,0.0,0.0,0.0,-170707.39738278306,-170707.39738278306,17169.639738278307,17169.639738278307,17069.639738278307,0.0,100.0,0.0,0.0,17169.639738278307,17169.639738278307,1,0.0,100.0
5062,15499.248105043609,0.0,-154992.4810504361,0.0,10.0,0.0,-0.0,0.1,0.406409268,40.6409268,0.0,0.0,100.0,1.0,0.11,-11.0,-237.6061724876581,237.6061724876581,0.0,-237.6061724876581,237.6061724876581,0.0,-15124.035760068293,15124.035760068293,0.0,0.0,0.0,0.0,0.0,0.0,0.0,0.0,0.0,-155003.4810504361,-155003.4810504361,15599.248105043609,15599.248105043609,15499.248105043609,0.0,100.0,0.0,0.0,15599.248105043609,15599.248105043609,1,0.0,100.0
5063,14693.018392377064,0.0,-146930.18392377064,0.0,10.0,0.0,-0.0,0.1,0.409346197,40.9346197,0.0,0.0,100.0,1.0,0.11,-11.0,-203.9664863091921,203.9664863091921,0.0,-203.9664863091921,203.9664863091921,0.0,-14385.08541975868,14385.08541975868,0.0,0.0,0.0,0.0,0.0,0.0,0.0,0.0,0.0,-146941.18392377064,-146941.18392377064,14793.018392377064,14793.018392377064,14693.018392377064,0.0,100.0,0.0,0.0,14793.018392377064,14793.018392377064,1,0.0,100.0
5064,17706.319646010004,0.0,-177063.19646010004,0.0,10.0,0.0,-0.0,0.1,0.419408368,41.9408368,0.0,0.0,100.0,1.0,0.08,-8.0,-203.9261870282972,203.9261870282972,0.0,-203.9261870282972,203.9261870282972,0.0,-17398.46727195341,17398.46727195341,0.0,0.0,0.0,0.0,0.0,0.0,0.0,0.0,0.0,-177071.19646010004,-177071.19646010004,17806.319646010004,17806.319646010004,17706.319646010004,0.0,100.0,0.0,0.0,17806.319646010004,17806.319646010004,1,0.0,100.0
5065,17706.303810068584,0.0,-177063.03810068584,0.0,10.0,0.0,-0.0,0.1,0.423578001,42.3578001,0.0,0.0,100.0,1.0,0.08,-8.0,-203.9182690575875,203.9182690575875,0.0,-203.9182690575875,203.9182690575875,0.0,-17398.46727195341,17398.46727195341,0.0,0.0,0.0,0.0,0.0,0.0,0.0,0.0,0.0,-177071.03810068584,-177071.03810068584,17806.303810068584,17806.303810068584,17706.303810068584,0.0,100.0,0.0,0.0,17806.303810068584,17806.303810068584,1,0.0,100.0
5066,17706.289162684712,0.0,-177062.89162684712,0.0,10.0,0.0,-0.0,0.1,0.411697756,41.1697756,0.0,0.0,100.0,1.0,0.08,-8.0,-203.9109453656514,203.9109453656514,0.0,-203.9109453656514,203.9109453656514,0.0,-17398.46727195341,17398.46727195341,0.0,0.0,0.0,0.0,0.0,0.0,0.0,0.0,0.0,-177070.89162684712,-177070.89162684712,17806.289162684712,17806.289162684712,17706.289162684712,0.0,100.0,0.0,0.0,17806.289162684712,17806.289162684712,1,0.0,100.0
5067,18447.540487935352,0.0,-184475.40487935353,0.0,10.0,0.0,-0.0,0.1,0.390510399,39.0510399,0.0,0.0,100.0,1.0,0.08,-8.0,-205.06143179019543,205.06143179019543,0.0,-205.06143179019543,205.06143179019543,0.0,-18137.417624354963,18137.417624354963,0.0,0.0,0.0,0.0,0.0,0.0,0.0,0.0,0.0,-184483.40487935353,-184483.40487935353,18547.540487935352,18547.540487935352,18447.540487935352,0.0,100.0,0.0,0.0,18547.540487935352,18547.540487935352,1,0.0,100.0
5068,19882.417844427277,0.0,-198824.17844427278,0.0,10.0,0.0,-0.0,0.1,0.372013475,37.2013475,0.0,0.0,100.0,1.0,0.08,-8.0,-204.99215783115807,204.99215783115807,0.0,-204.99215783115807,204.99215783115807,0.0,-19572.43352876496,19572.43352876496,0.0,0.0,0.0,0.0,0.0,0.0,0.0,0.0,0.0,-198832.17844427278,-198832.17844427278,19982.417844427277,19982.417844427277,19882.417844427277,0.0,100.0,0.0,0.0,19982.417844427277,19982.417844427277,1,0.0,100.0
5069,52138.68838034899,0.0,-521386.8838034899,0.0,10.0,0.0,-0.0,0.1,0.351607067,35.1607067,0.0,0.0,100.0,1.0,0.11,-11.0,-459.4666839705178,459.4666839705178,0.0,-459.4666839705178,459.4666839705178,0.0,-53246.41667572501,53246.41667572501,0.0,0.0,1346.2041796875,1346.2041796875,0.0,0.0,580.4574836295604,580.4574836295604,0.0,-521397.8838034899,-521397.8838034899,54165.350043666054,54165.35004366605,54065.350043666054,0.0,100.0,0.0,0.0,54165.35004366605,52238.68838034898,1,0.0,100.0
5070,56772.10431382013,0.0,-567721.0431382012,0.0,10.0,0.0,-0.0,0.1,0.319917894,31.9917894,0.0,0.0,100.0,1.0,0.11,-11.0,-511.0501806785717,511.0501806785717,0.0,-511.0501806785717,511.0501806785717,0.0,-60890.23110804428,60890.23110804428,0.0,0.0,3215.93220703125,3215.93220703125,0.0,0.0,1824.2949485500471,1824.2949485500471,0.0,-567732.0431382012,-567732.0431382012,61912.331469401426,61912.331469401426,61812.331469401426,0.0,100.0,0.0,0.0,61912.331469401426,56872.10431382013,1,0.0,100.0
5071,87684.28077729081,0.0,-876842.8077729081,0.0,10.0,0.0,-0.0,0.1,0.302739858,30.2739858,0.0,0.0,100.0,1.0,0.11,-11.0,-821.6551123066791,821.6551123066791,0.0,-821.6551123066791,821.6551123066791,0.0,-95953.2131537503,95953.2131537503,0.0,0.0,5085.660234375,5085.660234375,0.0,0.0,4726.5823666978495,4726.5823666978495,0.0,-876853.8077729081,-876853.8077729081,97596.52337836366,97596.52337836366,97496.52337836366,0.0,100.0,0.0,0.0,97596.52337836366,87784.28077729081,1,0.0,100.0
5072,81333.98672061766,0.0,-813339.8672061765,0.0,10.0,0.0,-0.0,0.1,0.287015338,28.7015338,0.0,0.0,100.0,1.0,0.11,-11.0,-911.8814542531882,911.8814542531882,0.0,-911.8814542531882,911.8814542531882,0.0,-95914.60002439166,95914.60002439166,0.0,0.0,9311.245576171874,9311.245576171874,0.0,0.0,6993.1306361085135,6993.1306361085135,0.0,-813350.8672061765,-813350.8672061765,97738.36293289805,97738.36293289805,97638.36293289805,0.0,100.0,0.0,0.0,97738.36293289805,81433.98672061766,1,0.0,100.0
5073,73384.89672034426,0.0,-733848.9672034426,0.0,10.0,0.0,-0.0,0.1,0.284542144,28.454214399999998,0.0,0.0,100.0,1.0,0.11,-11.0,-996.1396109234696,996.1396109234696,0.0,-996.1396109234696,996.1396109234696,0.0,-92809.61165324548,92809.61165324548,0.0,0.0,11891.47025390625,11891.47025390625,0.0,0.0,9425.52390084191,9425.52390084191,0.0,-733859.9672034426,-733859.9672034426,94801.89087509242,94801.89087509242,94701.89087509242,0.0,100.0,0.0,0.0,94801.89087509242,73484.89672034426,1,0.0,100.0
5074,70517.30791540074,0.0,-705173.0791540074,0.0,10.0,0.0,-0.0,0.1,0.3018690089999999,30.18690089999999,0.0,0.0,100.0,1.0,0.11,-11.0,-1095.888264130361,1095.888264130361,0.0,-1095.888264130361,1095.888264130361,0.0,-92569.92898062144,92569.92898062144,0.0,0.0,13723.803720703125,13723.803720703125,0.0,0.0,10420.5938727783,10420.5938727783,0.0,-705184.0791540074,-705184.0791540074,94761.70550888217,94761.70550888217,94661.70550888217,0.0,100.0,0.0,0.0,94761.70550888217,70617.30791540074,1,0.0,100.0
5075,52866.442431144285,0.0,-528664.4243114429,0.0,10.0,0.0,-0.0,0.1,0.32439453,32.439453,0.0,0.0,100.0,1.0,0.11,-11.0,-1179.4842441186224,1179.4842441186224,0.0,-1179.4842441186224,1179.4842441186224,0.0,-89849.64674709394,89849.64674709394,0.0,0.0,26250.98150390625,26250.98150390625,0.0,0.0,12991.191300280638,12991.191300280638,0.0,-528675.4243114429,-528675.4243114429,92208.61523533118,92208.61523533118,92108.61523533118,0.0,100.0,0.0,0.0,92208.61523533118,52966.44243114429,1,0.0,100.0
5076,62584.446740788175,0.0,-625844.4674078817,0.0,10.0,0.0,-0.0,0.1,0.338330209,33.8330209,0.0,0.0,100.0,1.0,0.11,-11.0,-1171.169282384669,1171.169282384669,0.0,-1171.169282384669,1171.169282384669,0.0,-92337.8696106796,92337.8696106796,0.0,0.0,18921.64763671875,18921.64763671875,0.0,0.0,13074.113797942004,13074.113797942004,0.0,-625855.4674078817,-625855.4674078817,94680.20817544893,94680.20817544893,94580.20817544893,0.0,100.0,0.0,0.0,94680.20817544893,62684.44674078818,1,0.0,100.0
5077,63020.54731387604,0.0,-630205.4731387604,0.0,10.0,0.0,-0.0,0.1,0.351634761,35.163476100000004,0.0,0.0,100.0,1.0,0.11,-11.0,-1199.387018494061,1199.387018494061,0.0,-1199.387018494061,1199.387018494061,0.0,-92202.08100157951,92202.08100157951,0.0,0.0,19594.7497265625,19594.7497265625,0.0,0.0,11885.557998129094,11885.557998129094,0.0,-630216.4731387604,-630216.4731387604,94600.85503856764,94600.85503856764,94500.85503856764,0.0,100.0,0.0,0.0,94600.85503856764,63120.54731387604,1,0.0,100.0
5078,54096.7506613662,0.0,-540967.506613662,0.0,10.0,0.0,-0.0,0.1,0.36985546,36.985546,0.0,0.0,100.0,1.0,0.08,-8.0,-1228.4927375537818,1228.4927375537818,0.0,-1228.4927375537818,1228.4927375537818,0.0,-92066.56996294648,92066.56996294648,0.0,0.0,23521.178583984376,23521.178583984376,0.0,0.0,16805.626192703465,16805.626192703465,0.0,-540975.506613662,-540975.506613662,94523.55543805404,94523.55543805404,94423.55543805404,0.0,100.0,0.0,0.0,94523.55543805404,54196.7506613662,1,0.0,100.0
5079,76965.19735575203,0.0,-769651.9735575202,0.0,10.0,0.0,-0.0,0.1,0.390387357,39.0387357,0.0,0.0,100.0,1.0,0.08,-8.0,-1222.461216378132,1222.461216378132,0.0,-1222.461216378132,1222.461216378132,0.0,-94888.66426988647,94888.66426988647,0.0,0.0,9460.823818359377,9460.823818359377,0.0,0.0,10807.56552853134,10807.56552853134,0.0,-769659.9735575202,-769659.9735575202,97333.58670264274,97333.58670264274,97233.58670264274,0.0,100.0,0.0,0.0,97333.58670264274,77065.19735575203,0,0.0,100.0
5080,70368.67200839643,0.0,-703686.7200839643,0.0,10.0,0.0,-0.0,0.1,0.4005333379999999,40.05333379999999,0.0,0.0,100.0,1.0,0.08,-8.0,-1100.291115016597,1100.291115016597,0.0,-1100.291115016597,1100.291115016597,0.0,-88573.71558859952,88573.71558859952,0.0,0.0,12676.756025390623,12676.756025390623,0.0,0.0,7628.869784845651,7628.869784845651,0.0,-703694.7200839643,-703694.7200839643,90774.29781863271,90774.29781863271,90674.29781863271,0.0,100.0,0.0,0.0,90774.29781863271,70468.67200839643,1,0.0,100.0
5081,73177.9290910629,0.0,-731779.2909106291,0.0,10.0,0.0,-0.0,0.1,0.409754195,40.9754195,0.0,0.0,100.0,1.0,0.11,-11.0,-682.1970443444698,682.1970443444698,0.0,-682.1970443444698,682.1970443444698,0.0,-77792.740862562,77792.740862562,0.0,0.0,3253.326767578125,3253.326767578125,0.0,0.0,2625.8790926099164,2625.8790926099164,0.0,-731790.2909106291,-731790.2909106291,79157.13495125095,79157.13495125095,79057.13495125095,0.0,100.0,0.0,0.0,79157.13495125095,73277.9290910629,1,0.0,100.0
5082,75585.01067030265,0.0,-755850.1067030266,0.0,10.0,0.0,-0.0,0.1,0.406615584,40.6615584,0.0,0.0,100.0,1.0,0.11,-11.0,-644.2632963210963,644.2632963210963,0.0,-644.2632963210963,644.2632963210963,0.0,-76545.8927528333,76545.8927528333,0.0,0.0,1458.387861328125,1458.387861328125,0.0,0.0,691.0208138447148,691.0208138447148,0.0,-755861.1067030266,-755861.1067030266,77834.4193454755,77834.4193454755,77734.4193454755,0.0,100.0,0.0,0.0,77834.4193454755,75685.01067030265,1,0.0,100.0
5083,71245.22303772262,0.0,-712452.2303772263,0.0,10.0,0.0,-0.0,0.1,0.3869795029999999,38.69795029999999,0.0,0.0,100.0,1.0,0.11,-11.0,-528.7330085570509,528.7330085570509,0.0,-528.7330085570509,528.7330085570509,0.0,-70287.75702060852,70287.75702060852,0.0,0.0,0.0,0.0,0.0,0.0,0.0,0.0,0.0,-712463.2303772263,-712463.2303772263,71345.22303772262,71345.22303772262,71245.22303772262,0.0,100.0,0.0,0.0,71345.22303772262,71345.22303772262,1,0.0,100.0
5084,69290.7554408941,0.0,-692907.5544089411,0.0,10.0,0.0,-0.0,0.1,0.385261564,38.5261564,0.0,0.0,100.0,1.0,0.11,-11.0,-240.8029013178653,240.8029013178653,0.0,-240.8029013178653,240.8029013178653,0.0,-68909.14963825837,68909.14963825837,0.0,0.0,0.0,0.0,0.0,0.0,0.0,0.0,0.0,-692918.5544089411,-692918.5544089411,69390.7554408941,69390.7554408941,69290.7554408941,0.0,100.0,0.0,0.0,69390.7554408941,69390.7554408941,1,0.0,100.0
5085,21569.222892199603,0.0,-215692.22892199602,0.0,10.0,0.0,-0.0,0.1,0.380506755,38.0506755,0.0,0.0,100.0,1.0,0.11,-11.0,-273.6134403203553,273.6134403203553,0.0,-273.6134403203553,273.6134403203553,0.0,-21121.99601155889,21121.99601155889,0.0,0.0,0.0,0.0,0.0,0.0,0.0,0.0,0.0,-215703.22892199602,-215703.22892199602,21669.222892199603,21669.222892199603,21569.222892199603,0.0,100.0,0.0,0.0,21669.222892199603,21669.222892199603,1,0.0,100.0
5086,18470.117347917625,0.0,-184701.17347917624,0.0,10.0,0.0,-0.0,0.1,0.384310485,38.431048499999996,0.0,0.0,100.0,1.0,0.11,-11.0,-216.34984968939176,216.34984968939176,0.0,-216.34984968939176,216.34984968939176,0.0,-18137.41764853884,18137.41764853884,0.0,0.0,0.0,0.0,0.0,0.0,0.0,0.0,0.0,-184712.17347917624,-184712.17347917624,18570.117347917625,18570.117347917625,18470.117347917625,0.0,100.0,0.0,0.0,18570.117347917625,18570.117347917625,1,0.0,100.0
5087,17706.432199681294,0.0,-177064.32199681294,0.0,10.0,0.0,-0.0,0.1,0.391157297,39.1157297,0.0,0.0,100.0,1.0,0.11,-11.0,-203.98245781797223,203.98245781797223,0.0,-203.98245781797223,203.98245781797223,0.0,-17398.46728404535,17398.46728404535,0.0,0.0,0.0,0.0,0.0,0.0,0.0,0.0,0.0,-177075.32199681294,-177075.32199681294,17806.432199681294,17806.432199681294,17706.432199681294,0.0,100.0,0.0,0.0,17806.432199681294,17806.432199681294,1,0.0,100.0
5088,17706.33832547849,0.0,-177063.3832547849,0.0,10.0,0.0,-0.0,0.1,0.4042670989999999,40.42670989999999,0.0,0.0,100.0,1.0,0.08,-8.0,-203.93555699238843,203.93555699238843,0.0,-203.93555699238843,203.93555699238843,0.0,-17398.467211493713,17398.467211493713,0.0,0.0,0.0,0.0,0.0,0.0,0.0,0.0,0.0,-177071.3832547849,-177071.3832547849,17806.33832547849,17806.33832547849,17706.33832547849,0.0,100.0,0.0,0.0,17806.33832547849,17806.33832547849,1,0.0,100.0
5089,17706.24268812408,0.0,-177062.4268812408,0.0,10.0,0.0,-0.0,0.1,0.411595098,41.1595098,0.0,0.0,100.0,1.0,0.08,-8.0,-203.8877413381695,203.8877413381695,0.0,-203.8877413381695,203.8877413381695,0.0,-17398.46720544774,17398.46720544774,0.0,0.0,0.0,0.0,0.0,0.0,0.0,0.0,0.0,-177070.4268812408,-177070.4268812408,17806.24268812408,17806.24268812408,17706.24268812408,0.0,100.0,0.0,0.0,17806.24268812408,17806.24268812408,1,0.0,100.0
5090,17706.149130640773,0.0,-177061.49130640773,0.0,10.0,0.0,-0.0,0.1,0.414857121,41.4857121,0.0,0.0,100.0,1.0,0.08,-8.0,-203.840965619502,203.840965619502,0.0,-203.840965619502,203.840965619502,0.0,-17398.46719940177,17398.46719940177,0.0,0.0,0.0,0.0,0.0,0.0,0.0,0.0,0.0,-177069.49130640773,-177069.49130640773,17806.149130640773,17806.149130640773,17706.149130640773,0.0,100.0,0.0,0.0,17806.149130640773,17806.149130640773,1,0.0,100.0
5091,18456.05835373731,0.0,-184560.5835373731,0.0,10.0,0.0,-0.0,0.1,0.411539067,41.1539067,0.0,0.0,100.0,1.0,0.08,-8.0,-209.3203918980346,209.3203918980346,0.0,-209.3203918980346,209.3203918980346,0.0,-18137.41756994124,18137.41756994124,0.0,0.0,0.0,0.0,0.0,0.0,0.0,0.0,0.0,-184568.5835373731,-184568.5835373731,18556.05835373731,18556.05835373731,18456.05835373731,0.0,100.0,0.0,0.0,18556.05835373731,18556.05835373731,1,0.0,100.0
5092,20405.683188015533,0.0,-204056.83188015534,0.0,10.0,0.0,-0.0,0.1,0.396863512,39.6863512,0.0,0.0,100.0,1.0,0.08,-8.0,-208.3511116700645,208.3511116700645,0.0,-208.3511116700645,208.3511116700645,0.0,-20088.980964675404,20088.980964675404,0.0,0.0,0.0,0.0,0.0,0.0,0.0,0.0,0.0,-204064.83188015534,-204064.83188015534,20505.683188015533,20505.683188015533,20405.683188015533,0.0,100.0,0.0,0.0,20505.683188015533,20505.683188015533,1,0.0,100.0
5093,56477.35175581554,0.0,-564773.5175581555,0.0,10.0,0.0,-0.0,0.1,0.369168496,36.9168496,0.0,0.0,100.0,1.0,0.11,-11.0,-450.2828697655744,450.2828697655744,0.0,-450.2828697655744,450.2828697655744,0.0,-58052.18240616395,58052.18240616395,0.0,0.0,1794.93890625,1794.93890625,0.0,0.0,580.4574836295604,580.4574836295604,0.0,-564784.5175581555,-564784.5175581555,58952.748145695106,58952.7481456951,58852.748145695106,0.0,100.0,0.0,0.0,58952.7481456951,56577.351755815536,1,0.0,100.0
5094,56678.10547636865,0.0,-566781.0547636865,0.0,10.0,0.0,-0.0,0.1,0.334710986,33.4710986,0.0,0.0,100.0,1.0,0.11,-11.0,-500.4830166209658,500.4830166209658,0.0,-500.4830166209658,500.4830166209658,0.0,-65186.017157550246,65186.017157550246,0.0,0.0,7778.06859375,7778.06859375,0.0,0.0,1630.8091206735269,1630.8091206735269,0.0,-566792.0547636865,-566792.0547636865,66186.98319079218,66186.98319079218,66086.98319079218,0.0,100.0,0.0,0.0,66186.98319079218,56778.10547636865,1,0.0,100.0
5095,80100.07565029974,0.0,-801000.7565029974,0.0,10.0,0.0,-0.0,0.1,0.311839057,31.183905699999997,0.0,0.0,100.0,1.0,0.11,-11.0,-755.257268387395,755.257268387395,0.0,-755.257268387395,755.257268387395,0.0,-98221.11713449408,98221.11713449408,0.0,0.0,15219.586142578124,15219.586142578124,0.0,0.0,4311.96987839102,4311.96987839102,0.0,-801011.7565029974,-801011.7565029974,99731.63167126889,99731.63167126887,99631.63167126889,0.0,100.0,0.0,0.0,99731.63167126887,80200.07565029972,1,0.0,100.0
5096,64647.54314690223,0.0,-646475.4314690223,0.0,10.0,0.0,-0.0,0.1,0.288478973,28.847897300000003,0.0,0.0,100.0,1.0,0.11,-11.0,-819.6926015333038,819.6926015333038,0.0,-819.6926015333038,819.6926015333038,0.0,-96461.3711598414,96461.3711598414,0.0,0.0,22960.260175781248,22960.260175781248,0.0,0.0,10392.953040224513,10392.953040224513,0.0,-646486.4314690223,-646486.4314690223,98100.756362908,98100.756362908,98000.756362908,0.0,100.0,0.0,0.0,98100.756362908,64747.54314690224,1,0.0,100.0
5097,46522.326486794074,0.0,-465223.26486794074,0.0,10.0,0.0,-0.0,0.1,0.28621866,28.621866,0.0,0.0,100.0,1.0,0.11,-11.0,-872.2999987682264,872.2999987682264,0.0,-872.2999987682264,872.2999987682264,0.0,-92368.08337669076,92368.08337669076,0.0,0.0,29579.097392578125,29579.097392578125,0.0,0.0,17911.259494855007,17911.259494855007,0.0,-465234.26486794074,-465234.26486794074,94112.6833742272,94112.68337422721,94012.6833742272,0.0,100.0,0.0,0.0,94112.68337422721,46622.32648679408,1,0.0,100.0
5098,40577.57518299973,0.0,-405775.7518299973,0.0,10.0,0.0,-0.0,0.1,0.3039500539999999,30.39500539999999,0.0,0.0,100.0,1.0,0.11,-11.0,-937.2660421479636,937.2660421479636,0.0,-937.2660421479636,937.2660421479636,0.0,-91440.91814964218,91440.91814964218,0.0,0.0,33206.369765625,33206.369765625,0.0,0.0,19431.50528531338,19431.50528531338,0.0,-405786.7518299973,-405786.7518299973,93315.45023393811,93315.45023393811,93215.45023393811,0.0,100.0,0.0,0.0,93315.45023393811,40677.57518299973,1,0.0,100.0
5099,31726.887018492987,0.0,-317268.87018492987,0.0,10.0,0.0,-0.0,0.1,0.326509678,32.650967800000004,0.0,0.0,100.0,1.0,0.11,-11.0,-989.7665181585296,989.7665181585296,0.0,-989.7665181585296,989.7665181585296,0.0,-88408.37409843162,88408.37409843162,0.0,0.0,35674.41076171875,35674.41076171875,0.0,0.0,22886.609354536955,22886.609354536955,0.0,-317279.87018492987,-317279.87018492987,90387.90713474869,90387.90713474869,90287.90713474869,0.0,100.0,0.0,0.0,90387.90713474869,31826.887018492984,1,0.0,100.0
5100,31974.54481983799,0.0,-319745.4481983799,0.0,10.0,0.0,-0.0,0.1,0.338464416,33.8464416,0.0,0.0,100.0,1.0,0.11,-11.0,-1015.1100057115696,1015.1100057115696,0.0,-1015.1100057115696,1015.1100057115696,0.0,-90909.2877546281,90909.2877546281,0.0,0.0,35711.80532226562,35711.80532226562,0.0,0.0,25153.15762394762,25153.15762394762,0.0,-319756.4481983799,-319756.4481983799,92939.50776605123,92939.50776605123,92839.50776605123,0.0,100.0,0.0,0.0,92939.50776605123,32074.54481983799,1,0.0,100.0
5101,36556.76544021008,0.0,-365567.65440210083,0.0,10.0,0.0,-0.0,0.1,0.357282293,35.728229299999995,0.0,0.0,100.0,1.0,0.11,-11.0,-1081.28732839753,1081.28732839753,0.0,-1081.28732839753,1081.28732839753,0.0,-90948.1210782017,90948.1210782017,0.0,0.0,33318.55344726562,33318.55344726562,0.0,0.0,23135.376847521053,23135.376847521053,0.0,-365578.65440210083,-365578.65440210083,93110.69573499676,93110.69573499676,93010.69573499676,0.0,100.0,0.0,0.0,93110.69573499676,36656.76544021008,1,0.0,100.0
5102,43660.03671693953,0.0,-436600.3671693953,0.0,10.0,0.0,-0.0,0.1,0.36782282,36.782282,0.0,0.0,100.0,1.0,0.08,-8.0,-1176.5075304872755,1176.5075304872755,0.0,-1176.5075304872755,1176.5075304872755,0.0,-91139.52668310593,91139.52668310593,0.0,0.0,29803.46475585937,29803.46475585937,0.0,0.0,19929.04027128157,19929.04027128157,0.0,-436608.3671693953,-436608.3671693953,93492.54174408047,93492.54174408047,93392.54174408047,0.0,100.0,0.0,0.0,93492.54174408047,43760.03671693953,1,0.0,100.0
5103,57690.606363631174,0.0,-576906.0636363118,0.0,10.0,0.0,-0.0,0.1,0.37886085,37.886085,0.0,0.0,100.0,1.0,0.08,-8.0,-1248.7427593557018,1248.7427593557018,0.0,-1248.7427593557018,1248.7427593557018,0.0,-94141.96706541278,94141.96706541278,0.0,0.0,23259.41666015625,23259.41666015625,0.0,0.0,15589.429560336766,15589.429560336766,0.0,-576914.0636363118,-576914.0636363118,96639.4525841242,96639.45258412418,96539.4525841242,0.0,100.0,0.0,0.0,96639.45258412418,57790.60636363117,1,0.0,100.0
5104,63170.4068178014,0.0,-631704.068178014,0.0,10.0,0.0,-0.0,0.1,0.3916478929999999,39.16478929999999,0.0,0.0,100.0,1.0,0.08,-8.0,-1112.2303822753454,1112.2303822753454,0.0,-1112.2303822753454,1112.2303822753454,0.0,-88183.59208078813,88183.59208078813,0.0,0.0,15556.1371875,15556.1371875,0.0,0.0,11581.50884003742,11581.50884003742,0.0,-631712.068178014,-631712.068178014,90408.05284533883,90408.05284533883,90308.05284533883,0.0,100.0,0.0,0.0,90408.05284533883,63270.406817801406,1,0.0,100.0
5105,63947.96700371492,0.0,-639479.6700371492,0.0,10.0,0.0,-0.0,0.1,0.377784876,37.7784876,0.0,0.0,100.0,1.0,0.11,-11.0,-716.331728799205,716.331728799205,0.0,-716.331728799205,716.331728799205,0.0,-77916.53964877343,77916.53964877343,0.0,0.0,8114.619638671875,8114.619638671875,0.0,0.0,7186.616463985034,7186.616463985034,0.0,-639490.6700371492,-639490.6700371492,79349.20310637183,79349.20310637183,79249.20310637183,0.0,100.0,0.0,0.0,79349.20310637183,64047.96700371492,1,0.0,100.0
5106,73207.78027406332,0.0,-732077.8027406333,0.0,10.0,0.0,-0.0,0.1,0.372134537,37.2134537,0.0,0.0,100.0,1.0,0.11,-11.0,-684.8491544827766,684.8491544827766,0.0,-684.8491544827766,684.8491544827766,0.0,-75955.66155506941,75955.66155506941,0.0,0.0,1944.5171484375,1944.5171484375,0.0,0.0,2073.0624415341445,2073.0624415341445,0.0,-732088.8027406333,-732088.8027406333,77325.35986403497,77325.35986403497,77225.35986403497,0.0,100.0,0.0,0.0,77325.35986403497,73307.78027406332,1,0.0,100.0
5107,70567.82640141161,0.0,-705678.2640141161,0.0,10.0,0.0,-0.0,0.1,0.366201099,36.620109899999996,0.0,0.0,100.0,1.0,0.11,-11.0,-577.0902313696369,577.0902313696369,0.0,-577.0902313696369,577.0902313696369,0.0,-69513.64593867234,69513.64593867234,0.0,0.0,0.0,0.0,0.0,0.0,0.0,0.0,0.0,-705689.2640141161,-705689.2640141161,70667.82640141161,70667.82640141161,70567.82640141161,0.0,100.0,0.0,0.0,70667.82640141161,70667.82640141161,1,0.0,100.0
5108,68175.62597909466,0.0,-681756.2597909466,0.0,10.0,0.0,-0.0,0.1,0.370694582,37.0694582,0.0,0.0,100.0,1.0,0.11,-11.0,-312.63555261514733,312.63555261514733,0.0,-312.63555261514733,312.63555261514733,0.0,-67650.35487386437,67650.35487386437,0.0,0.0,0.0,0.0,0.0,0.0,0.0,0.0,0.0,-681767.2597909466,-681767.2597909466,68275.62597909466,68275.62597909466,68175.62597909466,0.0,100.0,0.0,0.0,68275.62597909466,68275.62597909466,1,0.0,100.0
5109,21642.52166818791,0.0,-216425.2166818791,0.0,10.0,0.0,-0.0,0.1,0.3728941189999999,37.28941189999999,0.0,0.0,100.0,1.0,0.11,-11.0,-310.26286459032383,310.26286459032383,0.0,-310.26286459032383,310.26286459032383,0.0,-21121.99593900726,21121.99593900726,0.0,0.0,0.0,0.0,0.0,0.0,0.0,0.0,0.0,-216436.2166818791,-216436.2166818791,21742.52166818791,21742.52166818791,21642.52166818791,0.0,100.0,0.0,0.0,21742.52166818791,21742.52166818791,1,0.0,100.0
5110,18647.93495397663,0.0,-186479.3495397663,0.0,10.0,0.0,-0.0,0.1,0.374837363,37.4837363,0.0,0.0,100.0,1.0,0.11,-11.0,-305.25868597172934,305.25868597172934,0.0,-305.25868597172934,305.25868597172934,0.0,-18137.417582033173,18137.417582033173,0.0,0.0,0.0,0.0,0.0,0.0,0.0,0.0,0.0,-186490.3495397663,-186490.3495397663,18747.93495397663,18747.93495397663,18647.93495397663,0.0,100.0,0.0,0.0,18747.93495397663,18747.93495397663,1,0.0,100.0
5111,17706.53802936077,0.0,-177065.3802936077,0.0,10.0,0.0,-0.0,0.1,0.374274412,37.4274412,0.0,0.0,100.0,1.0,0.11,-11.0,-204.03541800248507,204.03541800248507,0.0,-204.03541800248507,204.03541800248507,0.0,-17398.467193355802,17398.467193355802,0.0,0.0,0.0,0.0,0.0,0.0,0.0,0.0,0.0,-177076.3802936077,-177076.3802936077,17806.53802936077,17806.53802936077,17706.53802936077,0.0,100.0,0.0,0.0,17806.53802936077,17806.53802936077,1,0.0,100.0
5112,17706.3656036419,0.0,-177063.656036419,0.0,10.0,0.0,-0.0,0.1,0.376205537,37.620553699999995,0.0,0.0,100.0,1.0,0.08,-8.0,-203.9492323499149,203.9492323499149,0.0,-203.9492323499149,203.9492323499149,0.0,-17398.467138942073,17398.467138942073,0.0,0.0,0.0,0.0,0.0,0.0,0.0,0.0,0.0,-177071.656036419,-177071.656036419,17806.3656036419,17806.3656036419,17706.3656036419,0.0,100.0,0.0,0.0,17806.3656036419,17806.3656036419,1,0.0,100.0
5113,17706.169119505863,0.0,-177061.69119505864,0.0,10.0,0.0,-0.0,0.1,0.36830693,36.830693,0.0,0.0,100.0,1.0,0.08,-8.0,-203.85099028189435,203.85099028189435,0.0,-203.85099028189435,203.85099028189435,0.0,-17398.467138942073,17398.467138942073,0.0,0.0,0.0,0.0,0.0,0.0,0.0,0.0,0.0,-177069.69119505864,-177069.69119505864,17806.169119505863,17806.169119505863,17706.169119505863,0.0,100.0,0.0,0.0,17806.169119505863,17806.169119505863,1,0.0,100.0
5114,17705.965739321276,0.0,-177059.65739321278,0.0,10.0,0.0,-0.0,0.1,0.37218836,37.218835999999996,0.0,0.0,100.0,1.0,0.08,-8.0,-203.7492911206465,203.7492911206465,0.0,-203.7492911206465,203.7492911206465,0.0,-17398.467157079984,17398.467157079984,0.0,0.0,0.0,0.0,0.0,0.0,0.0,0.0,0.0,-177067.65739321278,-177067.65739321278,17805.965739321276,17805.965739321276,17705.965739321276,0.0,100.0,0.0,0.0,17805.965739321276,17805.965739321276,1,0.0,100.0
5115,18447.11359669545,0.0,-184471.1359669545,0.0,10.0,0.0,-0.0,0.1,0.374999307,37.4999307,0.0,0.0,100.0,1.0,0.08,-8.0,-204.84803453800097,204.84803453800097,0.0,-204.84803453800097,204.84803453800097,0.0,-18137.417527619447,18137.417527619447,0.0,0.0,0.0,0.0,0.0,0.0,0.0,0.0,0.0,-184479.1359669545,-184479.1359669545,18547.11359669545,18547.11359669545,18447.11359669545,0.0,100.0,0.0,0.0,18547.11359669545,18547.11359669545,1,0.0,100.0
5116,20398.38016031365,0.0,-203983.8016031365,0.0,10.0,0.0,-0.0,0.1,0.356739065,35.6739065,0.0,0.0,100.0,1.0,0.08,-8.0,-204.69964618688263,204.69964618688263,0.0,-204.69964618688263,204.69964618688263,0.0,-20088.980867939885,20088.980867939885,0.0,0.0,0.0,0.0,0.0,0.0,0.0,0.0,0.0,-203991.8016031365,-203991.8016031365,20498.38016031365,20498.38016031365,20398.38016031365,0.0,100.0,0.0,0.0,20498.38016031365,20498.38016031365,1,0.0,100.0
5117,53302.61098320662,0.0,-533026.1098320662,0.0,10.0,0.0,-0.0,0.1,0.313572402,31.357240199999996,0.0,0.0,100.0,1.0,0.11,-11.0,-439.8546526292386,439.8546526292386,0.0,-439.8546526292386,439.8546526292386,0.0,-55260.8695938779,55260.8695938779,0.0,0.0,2019.3062695312497,2019.3062695312497,0.0,0.0,718.6616463985034,718.6616463985034,0.0,-533037.1098320662,-533037.1098320662,56140.57889913637,56140.57889913637,56040.57889913637,0.0,100.0,0.0,0.0,56140.57889913637,53402.61098320662,1,0.0,100.0
5118,52704.67941731712,0.0,-527046.7941731713,0.0,10.0,0.0,-0.0,0.1,0.282403605,28.2403605,0.0,0.0,100.0,1.0,0.11,-11.0,-480.5017236385238,480.5017236385238,0.0,-480.5017236385238,480.5017236385238,0.0,-63369.523711686765,63369.523711686765,0.0,0.0,7628.4903515625,7628.4903515625,0.0,0.0,3897.357390084192,3897.357390084192,0.0,-527057.7941731713,-527057.7941731713,64330.527158963814,64330.527158963814,64230.527158963814,0.0,100.0,0.0,0.0,64330.527158963814,52804.67941731712,1,0.0,100.0
5119,74334.68767845289,0.0,-743346.8767845288,0.0,10.0,0.0,-0.0,0.1,0.265221112,26.522111199999998,0.0,0.0,100.0,1.0,0.11,-11.0,-779.9323837463401,779.9323837463401,0.0,-779.9323837463401,779.9323837463401,0.0,-97658.13711714918,97658.13711714918,0.0,0.0,15219.586142578124,15219.586142578124,0.0,0.0,9563.728063610852,9563.728063610852,0.0,-743357.8767845288,-743357.8767845288,99218.00188464185,99218.00188464185,99118.00188464185,0.0,100.0,0.0,0.0,99218.00188464185,74434.68767845287,1,0.0,100.0
5120,57381.481133865505,0.0,-573814.8113386551,0.0,10.0,0.0,-0.0,0.1,0.255646374,25.564637400000002,0.0,0.0,100.0,1.0,0.11,-11.0,-868.6217173497568,868.6217173497568,0.0,-868.6217173497568,868.6217173497568,0.0,-94121.56941481913,94121.56941481913,0.0,0.0,23147.232978515625,23147.232978515625,0.0,0.0,15230.098737137514,15230.098737137514,0.0,-573825.8113386551,-573825.8113386551,95858.81284951864,95858.81284951864,95758.81284951864,0.0,100.0,0.0,0.0,95858.81284951864,57481.4811338655,1,0.0,100.0
5121,43824.09157694438,0.0,-438240.91576944385,0.0,10.0,0.0,-0.0,0.1,0.253215946,25.3215946,0.0,0.0,100.0,1.0,0.11,-11.0,-921.556270007762,921.556270007762,0.0,-921.556270007762,921.556270007762,0.0,-90634.77685057076,90634.77685057076,0.0,0.0,27933.736728515625,27933.736728515625,0.0,0.0,20620.06108512629,20620.06108512629,0.0,-438251.91576944385,-438251.91576944385,92477.8893905863,92477.8893905863,92377.8893905863,0.0,100.0,0.0,0.0,92477.8893905863,43924.09157694438,1,0.0,100.0
5122,38822.27057918503,0.0,-388222.70579185034,0.0,10.0,0.0,-0.0,0.1,0.262388463,26.238846300000002,0.0,0.0,100.0,1.0,0.11,-11.0,-999.2024403734592,999.2024403734592,0.0,-999.2024403734592,999.2024403734592,0.0,-90389.56671064653,90389.56671064653,0.0,0.0,28644.23337890625,28644.23337890625,0.0,0.0,24821.46763330216,24821.46763330216,0.0,-388233.70579185034,-388233.70579185034,92387.97159139343,92387.97159139345,92287.97159139343,0.0,100.0,0.0,0.0,92387.97159139345,38922.27057918504,1,0.0,100.0
5123,29380.489992594223,0.0,-293804.89992594224,0.0,10.0,0.0,-0.0,0.1,0.2885293339999999,28.85293339999999,0.0,0.0,100.0,1.0,0.11,-11.0,-1100.260240805415,1100.260240805415,0.0,-1100.260240805415,1100.260240805415,0.0,-88618.16217178277,88618.16217178277,0.0,0.0,34029.05009765625,34029.05009765625,0.0,0.0,27309.142563143127,27309.142563143127,0.0,-293815.89992594224,-293815.89992594224,90818.6826533936,90818.6826533936,90718.6826533936,0.0,100.0,0.0,0.0,90818.6826533936,29480.489992594223,1,0.0,100.0
5124,32659.523740411347,0.0,-326595.23740411346,0.0,10.0,0.0,-0.0,0.1,0.314095594,31.4095594,0.0,0.0,100.0,1.0,0.11,-11.0,-1149.632472767035,1149.632472767035,0.0,-1149.632472767035,1149.632472767035,0.0,-91257.07212289996,91257.07212289996,0.0,0.0,32907.21328125,32907.21328125,0.0,0.0,27889.600046772688,27889.600046772688,0.0,-326606.23740411346,-326606.23740411346,93556.33706843403,93556.33706843403,93456.33706843403,0.0,100.0,0.0,0.0,93556.33706843403,32759.523740411343,1,0.0,100.0
5125,35019.23138938033,0.0,-350192.3138938033,0.0,10.0,0.0,-0.0,0.1,0.3265756039999999,32.657560399999994,0.0,0.0,100.0,1.0,0.11,-11.0,-1214.611297973129,1214.611297973129,0.0,-1214.611297973129,1214.611297973129,0.0,-91293.47424115465,91293.47424115465,0.0,0.0,32234.11119140625,32234.11119140625,0.0,0.0,26369.35425631432,26369.35425631432,0.0,-350203.3138938033,-350203.3138938033,93722.6968371009,93722.6968371009,93622.6968371009,0.0,100.0,0.0,0.0,93722.6968371009,35119.23138938033,1,0.0,100.0
5126,40509.9493249567,0.0,-405099.493249567,0.0,10.0,0.0,-0.0,0.1,0.33389852,33.389852,0.0,0.0,100.0,1.0,0.08,-8.0,-1268.3408356271684,1268.3408356271684,0.0,-1268.3408356271684,1268.3408356271684,0.0,-91573.02766528592,91573.02766528592,0.0,0.0,30364.3831640625,30364.3831640625,0.0,0.0,23135.376847521053,23135.376847521053,0.0,-405107.493249567,-405107.493249567,94109.70933654025,94109.70933654025,94009.70933654025,0.0,100.0,0.0,0.0,94109.70933654025,40609.9493249567,1,0.0,100.0
5127,54792.243719291,0.0,-547922.43719291,0.0,10.0,0.0,-0.0,0.1,0.350056102,35.0056102,0.0,0.0,100.0,1.0,0.08,-8.0,-1295.2423796113271,1295.2423796113271,0.0,-1295.2423796113271,1295.2423796113271,0.0,-94026.87211758085,94026.87211758085,0.0,0.0,23371.600341796875,23371.600341796875,0.0,0.0,18353.512815715625,18353.512815715625,0.0,-547930.43719291,-547930.43719291,96617.3568768035,96617.3568768035,96517.3568768035,0.0,100.0,0.0,0.0,96617.3568768035,54892.243719291,1,0.0,100.0
5128,66078.98865858866,0.0,-660789.8865858866,0.0,10.0,0.0,-0.0,0.1,0.3617363329999999,36.17363329999999,0.0,0.0,100.0,1.0,0.08,-8.0,-1211.905178886143,1211.905178886143,0.0,-1211.905178886143,1211.905178886143,0.0,-89123.96914211263,89123.96914211263,0.0,0.0,12377.599541015625,12377.599541015625,0.0,0.0,12991.191300280638,12991.191300280638,0.0,-660797.8865858866,-660797.8865858866,91547.77949988493,91547.77949988491,91447.77949988493,0.0,100.0,0.0,0.0,91547.77949988491,66178.98865858864,1,0.0,100.0
5129,64027.92994151213,0.0,-640279.2994151213,0.0,10.0,0.0,-0.0,0.1,0.374432321,37.4432321,0.0,0.0,100.0,1.0,0.11,-11.0,-762.4785693084564,762.4785693084564,0.0,-762.4785693084564,762.4785693084564,0.0,-77546.49843377834,77546.49843377834,0.0,0.0,8226.8033203125,8226.8033203125,0.0,0.0,6716.722310570628,6716.722310570628,0.0,-640290.2994151213,-640290.2994151213,79071.45557239525,79071.45557239525,78971.45557239525,0.0,100.0,0.0,0.0,79071.45557239525,64127.92994151212,1,0.0,100.0
5130,73660.47883597175,0.0,-736604.7883597175,0.0,10.0,0.0,-0.0,0.1,0.380791291,38.079129099999996,0.0,0.0,100.0,1.0,0.11,-11.0,-728.8550365668217,728.8550365668217,0.0,-728.8550365668217,728.8550365668217,0.0,-76172.39046204773,76172.39046204773,0.0,0.0,1907.122587890625,1907.122587890625,0.0,0.0,1962.49911131899,1962.49911131899,0.0,-736615.7883597175,-736615.7883597175,77630.10053518137,77630.10053518137,77530.10053518137,0.0,100.0,0.0,0.0,77630.10053518137,73760.47883597175,1,0.0,100.0
5131,70317.42199825446,0.0,-703174.2199825447,0.0,10.0,0.0,-0.0,0.1,0.3866103179999999,38.66103179999999,0.0,0.0,100.0,1.0,0.11,-11.0,-641.2303870897493,641.2303870897493,0.0,-641.2303870897493,641.2303870897493,0.0,-69134.96122407496,69134.96122407496,0.0,0.0,0.0,0.0,0.0,0.0,0.0,0.0,0.0,-703185.2199825447,-703185.2199825447,70417.42199825446,70417.42199825446,70317.42199825446,0.0,100.0,0.0,0.0,70417.42199825446,70417.42199825446,1,0.0,100.0
5132,67868.48665194467,0.0,-678684.8665194467,0.0,10.0,0.0,-0.0,0.1,0.377784362,37.7784362,0.0,0.0,100.0,1.0,0.11,-11.0,-350.8771785084152,350.8771785084152,0.0,-350.8771785084152,350.8771785084152,0.0,-67266.73229492783,67266.73229492783,0.0,0.0,0.0,0.0,0.0,0.0,0.0,0.0,0.0,-678695.8665194467,-678695.8665194467,67968.48665194467,67968.48665194467,67868.48665194467,0.0,100.0,0.0,0.0,67968.48665194467,67968.48665194467,1,0.0,100.0
5133,21704.06618121742,0.0,-217040.6618121742,0.0,10.0,0.0,-0.0,0.1,0.367430567,36.7430567,0.0,0.0,100.0,1.0,0.11,-11.0,-341.0351513349273,341.0351513349273,0.0,-341.0351513349273,341.0351513349273,0.0,-21121.995878547565,21121.995878547565,0.0,0.0,0.0,0.0,0.0,0.0,0.0,0.0,0.0,-217051.6618121742,-217051.6618121742,21804.06618121742,21804.06618121742,21704.06618121742,0.0,100.0,0.0,0.0,21804.06618121742,21804.06618121742,1,0.0,100.0
5134,18613.17357747273,0.0,-186131.7357747273,0.0,10.0,0.0,-0.0,0.1,0.359663976,35.9663976,0.0,0.0,100.0,1.0,0.11,-11.0,-287.8780279496258,287.8780279496258,0.0,-287.8780279496258,287.8780279496258,0.0,-18137.41752157348,18137.41752157348,0.0,0.0,0.0,0.0,0.0,0.0,0.0,0.0,0.0,-186142.7357747273,-186142.7357747273,18713.17357747273,18713.17357747273,18613.17357747273,0.0,100.0,0.0,0.0,18713.17357747273,18713.17357747273,1,0.0,100.0
5135,17861.63903038265,0.0,-178616.39030382648,0.0,10.0,0.0,-0.0,0.1,0.363518378,36.3518378,0.0,0.0,100.0,1.0,0.11,-11.0,-281.5859336283485,281.5859336283485,0.0,-281.5859336283485,281.5859336283485,0.0,-17398.46716312595,17398.46716312595,0.0,0.0,0.0,0.0,0.0,0.0,0.0,0.0,0.0,-178627.39030382648,-178627.39030382648,17961.63903038265,17961.63903038265,17861.63903038265,0.0,100.0,0.0,0.0,17961.63903038265,17961.63903038265,1,0.0,100.0
5136,17706.514341539907,0.0,-177065.14341539907,0.0,10.0,0.0,-0.0,0.1,0.359919661,35.9919661,0.0,0.0,100.0,1.0,0.08,-8.0,-204.02361339085485,204.02361339085485,0.0,-204.02361339085485,204.02361339085485,0.0,-17398.467114758198,17398.467114758198,0.0,0.0,0.0,0.0,0.0,0.0,0.0,0.0,0.0,-177073.14341539907,-177073.14341539907,17806.514341539907,17806.514341539907,17706.514341539907,0.0,100.0,0.0,0.0,17806.514341539907,17806.514341539907,1,0.0,100.0
5137,17706.45553133088,0.0,-177064.5553133088,0.0,10.0,0.0,-0.0,0.1,0.354500901,35.4500901,0.0,0.0,100.0,1.0,0.08,-8.0,-203.9942082863417,203.9942082863417,0.0,-203.9942082863417,203.9942082863417,0.0,-17398.467114758198,17398.467114758198,0.0,0.0,0.0,0.0,0.0,0.0,0.0,0.0,0.0,-177072.5553133088,-177072.5553133088,17806.45553133088,17806.45553133088,17706.45553133088,0.0,100.0,0.0,0.0,17806.45553133088,17806.45553133088,1,0.0,100.0
5138,17706.38341660801,0.0,-177063.83416608008,0.0,10.0,0.0,-0.0,0.1,0.356287495,35.6287495,0.0,0.0,100.0,1.0,0.08,-8.0,-203.9581509249047,203.9581509249047,0.0,-203.9581509249047,203.9581509249047,0.0,-17398.467114758198,17398.467114758198,0.0,0.0,0.0,0.0,0.0,0.0,0.0,0.0,0.0,-177071.83416608008,-177071.83416608008,17806.38341660801,17806.38341660801,17706.38341660801,0.0,100.0,0.0,0.0,17806.38341660801,17806.38341660801,1,0.0,100.0
5139,18447.58300506446,0.0,-184475.8300506446,0.0,10.0,0.0,-0.0,0.1,0.347491964,34.749196399999995,0.0,0.0,100.0,1.0,0.08,-8.0,-205.08275988340057,205.08275988340057,0.0,-205.08275988340057,205.08275988340057,0.0,-18137.41748529766,18137.41748529766,0.0,0.0,0.0,0.0,0.0,0.0,0.0,0.0,0.0,-184483.8300506446,-184483.8300506446,18547.58300506446,18547.58300506446,18447.58300506446,0.0,100.0,0.0,0.0,18547.58300506446,18547.58300506446,1,0.0,100.0
5140,20398.843437337127,0.0,-203988.43437337127,0.0,10.0,0.0,-0.0,0.1,0.332475552,33.2475552,0.0,0.0,100.0,1.0,0.08,-8.0,-204.93134515831824,204.93134515831824,0.0,-204.93134515831824,204.93134515831824,0.0,-20088.98074702049,20088.98074702049,0.0,0.0,0.0,0.0,0.0,0.0,0.0,0.0,0.0,-203996.43437337127,-203996.43437337127,20498.843437337127,20498.843437337127,20398.843437337127,0.0,100.0,0.0,0.0,20498.843437337127,20498.843437337127,1,0.0,100.0
5141,54598.62017455053,0.0,-545986.2017455053,0.0,10.0,0.0,-0.0,0.1,0.308210653,30.8210653,0.0,0.0,100.0,1.0,0.11,-11.0,-477.8554851569298,477.8554851569298,0.0,-477.8554851569298,477.8554851569298,0.0,-55975.24037707088,55975.24037707088,0.0,0.0,1458.387861328125,1458.387861328125,0.0,0.0,773.9433115060806,773.9433115060806,0.0,-545997.2017455053,-545997.2017455053,56930.95134738474,56930.95134738474,56830.95134738474,0.0,100.0,0.0,0.0,56930.95134738474,54698.62017455053,1,0.0,100.0
5142,53005.27506050329,0.0,-530052.7506050329,0.0,10.0,0.0,-0.0,0.1,0.2857984839999999,28.579848399999992,0.0,0.0,100.0,1.0,0.11,-11.0,-525.705810309989,525.705810309989,0.0,-525.705810309989,525.705810309989,0.0,-63454.56468848562,63454.56468848562,0.0,0.0,6618.837216796875,6618.837216796875,0.0,0.0,4781.864031805427,4781.864031805427,0.0,-530063.7506050329,-530063.7506050329,64505.976309105594,64505.976309105594,64405.976309105594,0.0,100.0,0.0,0.0,64505.976309105594,53105.27506050329,1,0.0,100.0
5143,72358.34352387914,0.0,-723583.4352387914,0.0,10.0,0.0,-0.0,0.1,0.273644008,27.3644008,0.0,0.0,100.0,1.0,0.11,-11.0,-829.7503666298917,829.7503666298917,0.0,-829.7503666298917,829.7503666298917,0.0,-95591.97396368194,95591.97396368194,0.0,0.0,13985.565644531249,13985.565644531249,0.0,0.0,10807.56552853134,10807.56552853134,0.0,-723594.4352387914,-723594.4352387914,97251.47469694173,97251.47469694173,97151.47469694173,0.0,100.0,0.0,0.0,97251.47469694173,72458.34352387914,1,0.0,100.0
5144,57591.34537847246,0.0,-575913.4537847246,0.0,10.0,0.0,-0.0,0.1,0.26565472,26.565472,0.0,0.0,100.0,1.0,0.11,-11.0,-893.2493360143568,893.2493360143568,0.0,-893.2493360143568,893.2493360143568,0.0,-94413.96441804447,94413.96441804447,0.0,0.0,21427.083193359373,21427.083193359373,0.0,0.0,17082.03451824135,17082.03451824135,0.0,-575924.4537847246,-575924.4537847246,96200.46309007319,96200.46309007319,96100.46309007319,0.0,100.0,0.0,0.0,96200.46309007319,57691.34537847246,1,0.0,100.0
5145,44856.80617706897,0.0,-448568.0617706897,0.0,10.0,0.0,-0.0,0.1,0.267850353,26.785035299999997,0.0,0.0,100.0,1.0,0.11,-11.0,-982.467114119321,982.467114119321,0.0,-982.467114119321,982.467114119321,0.0,-91605.87572073676,91605.87572073676,0.0,0.0,26998.87271484375,26998.87271484375,0.0,0.0,21615.13105706268,21615.13105706268,0.0,-448579.0617706897,-448579.0617706897,93570.8099489754,93570.8099489754,93470.8099489754,0.0,100.0,0.0,0.0,93570.8099489754,44956.80617706897,1,0.0,100.0
5146,57257.98595063525,0.0,-572579.8595063526,0.0,10.0,0.0,-0.0,0.1,0.2742503839999999,27.42503839999999,0.0,0.0,100.0,1.0,0.11,-11.0,-1083.5555711852128,1083.5555711852128,0.0,-1083.5555711852128,1083.5555711852128,0.0,-91616.06190995705,91616.06190995705,0.0,0.0,11106.184482421875,11106.184482421875,0.0,0.0,25319.002619270348,25319.002619270348,0.0,-572590.8595063526,-572590.8595063526,93783.17305232747,93783.17305232747,93683.17305232747,0.0,100.0,0.0,0.0,93783.17305232747,57357.98595063525,1,0.0,100.0
5147,41879.05839644038,0.0,-418790.5839644038,0.0,10.0,0.0,-0.0,0.1,0.276099336,27.609933599999998,0.0,0.0,100.0,1.0,0.11,-11.0,-1154.612433908442,1154.612433908442,0.0,-1154.612433908442,1154.612433908442,0.0,-88693.84169008244,88693.84169008244,0.0,0.0,21576.66143554688,21576.66143554688,0.0,0.0,27447.34672591207,27447.34672591207,0.0,-418801.5839644038,-418801.5839644038,91003.06655789932,91003.06655789932,90903.06655789932,0.0,100.0,0.0,0.0,91003.06655789932,41979.05839644037,1,0.0,100.0
5148,34961.07065193012,0.0,-349610.70651930117,0.0,10.0,0.0,-0.0,0.1,0.282042594,28.204259399999998,0.0,0.0,100.0,1.0,0.11,-11.0,-1224.448678659007,1224.448678659007,0.0,-1224.448678659007,1224.448678659007,0.0,-91669.32938149237,91669.32938149237,0.0,0.0,31112.274375,31112.274375,0.0,0.0,27944.881711880265,27944.881711880265,0.0,-349621.70651930117,-349621.70651930117,94118.22673881038,94118.22673881038,94018.22673881038,0.0,100.0,0.0,0.0,94118.22673881038,35061.07065193012,1,0.0,100.0
5149,35406.15156336203,0.0,-354061.5156336203,0.0,10.0,0.0,-0.0,0.1,0.292592749,29.259274899999998,0.0,0.0,100.0,1.0,0.11,-11.0,-1270.9074303763475,1270.9074303763475,0.0,-1270.9074303763475,1270.9074303763475,0.0,-91545.05399149278,91545.05399149278,0.0,0.0,31934.954707031247,31934.954707031247,0.0,0.0,26645.762581852203,26645.762581852203,0.0,-354072.5156336203,-354072.5156336203,94086.86885224548,94086.86885224548,93986.86885224548,0.0,100.0,0.0,0.0,94086.86885224548,35506.15156336203,1,0.0,100.0
5150,45120.64822565578,0.0,-451206.4822565578,0.0,10.0,0.0,-0.0,0.1,0.306320326,30.6320326,0.0,0.0,100.0,1.0,0.08,-8.0,-1283.130533428536,1283.130533428536,0.0,-1283.130533428536,1283.130533428536,0.0,-91405.0696003694,91405.0696003694,0.0,0.0,24979.5664453125,24979.5664453125,0.0,0.0,23771.115996258188,23771.115996258188,0.0,-451214.4822565578,-451214.4822565578,93971.33066722646,93971.33066722647,93871.33066722646,0.0,100.0,0.0,0.0,93971.33066722647,45220.64822565579,1,0.0,100.0
5151,55458.43083335686,0.0,-554584.3083335686,0.0,10.0,0.0,-0.0,0.1,0.325539409,32.5539409,0.0,0.0,100.0,1.0,0.08,-8.0,-1169.766708745503,1169.766708745503,0.0,-1169.766708745503,1169.766708745503,0.0,-93479.1729257886,93479.1729257886,0.0,0.0,20828.770224609376,20828.770224609376,0.0,0.0,19431.50528531338,19431.50528531338,0.0,-554592.3083335686,-554592.3083335686,95818.70634327961,95818.70634327961,95718.70634327961,0.0,100.0,0.0,0.0,95818.70634327961,55558.43083335686,1,0.0,100.0
5152,60833.315165545646,0.0,-608333.1516554565,0.0,10.0,0.0,-0.0,0.1,0.334441226,33.4441226,0.0,0.0,100.0,1.0,0.08,-8.0,-892.9292644042965,892.9292644042965,0.0,-892.9292644042965,892.9292644042965,0.0,-86143.78427641565,86143.78427641565,0.0,0.0,12788.93970703125,12788.93970703125,0.0,0.0,14207.387932647336,14207.387932647336,0.0,-608341.1516554565,-608341.1516554565,87929.64280522423,87929.64280522424,87829.64280522423,0.0,100.0,0.0,0.0,87929.64280522424,60933.31516554565,1,0.0,100.0
5153,59729.60273593723,0.0,-597296.0273593724,0.0,10.0,0.0,-0.0,0.1,0.3557780339999999,35.57780339999999,0.0,0.0,100.0,1.0,0.11,-11.0,-622.4757971297522,622.4757971297522,0.0,-622.4757971297522,622.4757971297522,0.0,-73746.09434958048,73746.09434958048,0.0,0.0,7366.728427734375,7366.728427734375,0.0,0.0,7794.714780168383,7794.714780168383,0.0,-597307.0273593724,-597307.0273593724,74991.04594383998,74991.04594383998,74891.04594383998,0.0,100.0,0.0,0.0,74991.04594383998,59829.602735937224,1,0.0,100.0
5154,70837.23686402012,0.0,-708372.3686402012,0.0,10.0,0.0,-0.0,0.1,0.365032129,36.5032129,0.0,0.0,100.0,1.0,0.11,-11.0,-653.6431614323112,653.6431614323112,0.0,-653.6431614323112,653.6431614323112,0.0,-73746.71938192374,73746.71938192374,0.0,0.0,1794.93890625,1794.93890625,0.0,0.0,2321.8299345182418,2321.8299345182418,0.0,-708383.3686402012,-708383.3686402012,75054.00570478836,75054.00570478836,74954.00570478836,0.0,100.0,0.0,0.0,75054.00570478836,70937.23686402012,1,0.0,100.0
5155,68555.52661452365,0.0,-685555.2661452366,0.0,10.0,0.0,-0.0,0.1,0.368629174,36.8629174,0.0,0.0,100.0,1.0,0.11,-11.0,-572.036739998005,572.036739998005,0.0,-572.036739998005,572.036739998005,0.0,-67511.45313452765,67511.45313452765,0.0,0.0,0.0,0.0,0.0,0.0,0.0,0.0,0.0,-685566.2661452366,-685566.2661452366,68655.52661452365,68655.52661452365,68555.52661452365,0.0,100.0,0.0,0.0,68655.52661452365,68655.52661452365,1,0.0,100.0
5156,66165.98975881122,0.0,-661659.8975881122,0.0,10.0,0.0,-0.0,0.1,0.357911903,35.7911903,0.0,0.0,100.0,1.0,0.11,-11.0,-220.27596924808176,220.27596924808176,0.0,-220.27596924808176,220.27596924808176,0.0,-65825.43782031506,65825.43782031506,0.0,0.0,0.0,0.0,0.0,0.0,0.0,0.0,0.0,-661670.8975881122,-661670.8975881122,66265.98975881122,66265.98975881122,66165.98975881122,0.0,100.0,0.0,0.0,66265.98975881122,66265.98975881122,1,0.0,100.0
5157,21464.19512998019,0.0,-214641.9512998019,0.0,10.0,0.0,-0.0,0.1,0.342151389,34.2151389,0.0,0.0,100.0,1.0,0.11,-11.0,-221.0996438542241,221.0996438542241,0.0,-221.0996438542241,221.0996438542241,0.0,-21121.995842271743,21121.995842271743,0.0,0.0,0.0,0.0,0.0,0.0,0.0,0.0,0.0,-214652.9512998019,-214652.9512998019,21564.19512998019,21564.19512998019,21464.19512998019,0.0,100.0,0.0,0.0,21564.19512998019,21564.19512998019,1,0.0,100.0
5158,18473.059782446697,0.0,-184730.59782446697,0.0,10.0,0.0,-0.0,0.1,0.335067391,33.5067391,0.0,0.0,100.0,1.0,0.11,-11.0,-217.82114857451825,217.82114857451825,0.0,-217.82114857451825,217.82114857451825,0.0,-18137.41748529766,18137.41748529766,0.0,0.0,0.0,0.0,0.0,0.0,0.0,0.0,0.0,-184741.59782446697,-184741.59782446697,18573.059782446697,18573.059782446697,18473.059782446697,0.0,100.0,0.0,0.0,18573.059782446697,18573.059782446697,1,0.0,100.0
5159,17706.532239611515,0.0,-177065.32239611517,0.0,10.0,0.0,-0.0,0.1,0.334781703,33.4781703,0.0,0.0,100.0,1.0,0.11,-11.0,-204.03256242665896,204.03256242665896,0.0,-204.03256242665896,204.03256242665896,0.0,-17398.467114758198,17398.467114758198,0.0,0.0,0.0,0.0,0.0,0.0,0.0,0.0,0.0,-177076.32239611517,-177076.32239611517,17806.532239611515,17806.532239611515,17706.532239611515,0.0,100.0,0.0,0.0,17806.532239611515,17806.532239611515,1,0.0,100.0
5160,17706.30140877496,0.0,-177063.01408774962,0.0,10.0,0.0,-0.0,0.1,0.341663671,34.1663671,0.0,0.0,100.0,1.0,0.08,-8.0,-203.9171772382313,203.9171772382313,0.0,-203.9171772382313,203.9171772382313,0.0,-17398.4670542985,17398.4670542985,0.0,0.0,0.0,0.0,0.0,0.0,0.0,0.0,0.0,-177071.01408774962,-177071.01408774962,17806.30140877496,17806.30140877496,17706.30140877496,0.0,100.0,0.0,0.0,17806.30140877496,17806.30140877496,1,0.0,100.0
5161,17706.150040180604,0.0,-177061.50040180603,0.0,10.0,0.0,-0.0,0.1,0.353488994,35.3488994,0.0,0.0,100.0,1.0,0.08,-8.0,-203.8414959640387,203.8414959640387,0.0,-203.8414959640387,203.8414959640387,0.0,-17398.467048252525,17398.467048252525,0.0,0.0,0.0,0.0,0.0,0.0,0.0,0.0,0.0,-177069.50040180603,-177069.50040180603,17806.150040180604,17806.150040180604,17706.150040180604,0.0,100.0,0.0,0.0,17806.150040180604,17806.150040180604,1,0.0,100.0
5162,17706.044513438275,0.0,-177060.44513438275,0.0,10.0,0.0,-0.0,0.1,0.369733781,36.9733781,0.0,0.0,100.0,1.0,0.08,-8.0,-203.7887356158578,203.7887356158578,0.0,-203.7887356158578,203.7887356158578,0.0,-17398.46704220656,17398.46704220656,0.0,0.0,0.0,0.0,0.0,0.0,0.0,0.0,0.0,-177068.44513438275,-177068.44513438275,17806.044513438275,17806.044513438275,17706.044513438275,0.0,100.0,0.0,0.0,17806.044513438275,17806.044513438275,1,0.0,100.0
5163,18456.923260323765,0.0,-184569.23260323764,0.0,10.0,0.0,-0.0,0.1,0.362730008,36.2730008,0.0,0.0,100.0,1.0,0.08,-8.0,-209.75292378887048,209.75292378887048,0.0,-209.75292378887048,209.75292378887048,0.0,-18137.417412746025,18137.417412746025,0.0,0.0,0.0,0.0,0.0,0.0,0.0,0.0,0.0,-184577.23260323764,-184577.23260323764,18556.923260323765,18556.923260323765,18456.923260323765,0.0,100.0,0.0,0.0,18556.923260323765,18556.923260323765,1,0.0,100.0
5164,20406.712623797903,0.0,-204067.12623797904,0.0,10.0,0.0,-0.0,0.1,0.3472040079999999,34.72040079999999,0.0,0.0,100.0,1.0,0.08,-8.0,-208.86595048064595,208.86595048064595,0.0,-208.86595048064595,208.86595048064595,0.0,-20088.98072283661,20088.98072283661,0.0,0.0,0.0,0.0,0.0,0.0,0.0,0.0,0.0,-204075.12623797904,-204075.12623797904,20506.712623797903,20506.712623797903,20406.712623797903,0.0,100.0,0.0,0.0,20506.712623797903,20506.712623797903,1,0.0,100.0
5165,53745.489124974396,0.0,-537454.891249744,0.0,10.0,0.0,-0.0,0.1,0.323562656,32.3562656,0.0,0.0,100.0,1.0,0.11,-11.0,-477.9714919049703,477.9714919049703,0.0,-477.9714919049703,477.9714919049703,0.0,-55243.81472363237,55243.81472363237,0.0,0.0,1607.966103515625,1607.966103515625,0.0,0.0,746.302478952292,746.302478952292,0.0,-537465.891249744,-537465.891249744,56199.75770744231,56199.75770744231,56099.75770744231,0.0,100.0,0.0,0.0,56199.75770744231,53845.489124974396,1,0.0,100.0
5166,52253.38958889462,0.0,-522533.8958889462,0.0,10.0,0.0,-0.0,0.1,0.298920224,29.892022400000002,0.0,0.0,100.0,1.0,0.11,-11.0,-523.6168833910317,523.6168833910317,0.0,-523.6168833910317,523.6168833910317,0.0,-62124.74761621957,62124.74761621957,0.0,0.0,7142.3610644531245,7142.3610644531245,0.0,0.0,3676.2307296538825,3676.2307296538825,0.0,-522544.8958889462,-522544.8958889462,63171.98138300163,63171.98138300163,63071.98138300163,0.0,100.0,0.0,0.0,63171.98138300163,52353.38958889462,1,0.0,100.0
5167,76219.63143304552,0.0,-762196.3143304551,0.0,10.0,0.0,-0.0,0.1,0.28080788,28.080788000000002,0.0,0.0,100.0,1.0,0.11,-11.0,-835.7474039041682,835.7474039041682,0.0,-835.7474039041682,835.7474039041682,0.0,-97080.45457124944,97080.45457124944,0.0,0.0,13200.279873046877,13200.279873046877,0.0,0.0,9232.03807296539,9232.03807296539,0.0,-762207.3143304551,-762207.3143304551,98751.94937905778,98751.94937905778,98651.94937905778,0.0,100.0,0.0,0.0,98751.94937905778,76319.63143304552,1,0.0,100.0
5168,58865.141427688686,0.0,-588651.4142768868,0.0,10.0,0.0,-0.0,0.1,0.276145891,27.614589099999996,0.0,0.0,100.0,1.0,0.11,-11.0,-919.068974214747,919.068974214747,0.0,-919.068974214747,919.068974214747,0.0,-94897.95208847524,94897.95208847524,0.0,0.0,21352.294072265624,21352.294072265624,0.0,0.0,16418.654536950424,16418.654536950424,0.0,-588662.4142768868,-588662.4142768868,96736.09003690473,96736.09003690473,96636.09003690473,0.0,100.0,0.0,0.0,96736.09003690473,58965.14142768868,1,0.0,100.0
5169,45299.68508808401,0.0,-452996.8508808401,0.0,10.0,0.0,-0.0,0.1,0.275942037,27.594203699999998,0.0,0.0,100.0,1.0,0.11,-11.0,-1003.9709775209236,1003.9709775209236,0.0,-1003.9709775209236,1003.9709775209236,0.0,-92428.46115038276,92428.46115038276,0.0,0.0,27559.791123046874,27559.791123046874,0.0,0.0,21476.92689429373,21476.92689429373,0.0,-453007.8508808401,-453007.8508808401,94436.40310542462,94436.40310542462,94336.40310542462,0.0,100.0,0.0,0.0,94436.40310542462,45399.68508808401,1,0.0,100.0
5170,39513.255774329096,0.0,-395132.55774329096,0.0,10.0,0.0,-0.0,0.1,0.277877377,27.787737699999997,0.0,0.0,100.0,1.0,0.11,-11.0,-1098.1313072888,1098.1313072888,0.0,-1098.1313072888,1098.1313072888,0.0,-92869.49855466095,92869.49855466095,0.0,0.0,30326.988603515623,30326.988603515623,0.0,0.0,25125.51679139383,25125.51679139383,0.0,-395143.55774329096,-395143.55774329096,95065.76116923855,95065.76116923855,94965.76116923855,0.0,100.0,0.0,0.0,95065.76116923855,39613.255774329096,1,0.0,100.0
5171,32143.514637550426,0.0,-321435.14637550426,0.0,10.0,0.0,-0.0,0.1,0.278558796,27.8558796,0.0,0.0,100.0,1.0,0.11,-11.0,-1137.9698947260374,1137.9698947260374,0.0,-1137.9698947260374,1137.9698947260374,0.0,-89523.82303349175,89523.82303349175,0.0,0.0,32495.87311523437,32495.87311523437,0.0,0.0,27060.375070159032,27060.375070159032,0.0,-321446.14637550426,-321446.14637550426,91799.76282294383,91799.76282294383,91699.76282294383,0.0,100.0,0.0,0.0,91799.76282294383,32243.514637550426,1,0.0,100.0
5172,36234.403567609,0.0,-362344.03567609,0.0,10.0,0.0,-0.0,0.1,0.281482231,28.148223100000003,0.0,0.0,100.0,1.0,0.11,-11.0,-1155.7098002291975,1155.7098002291975,0.0,-1155.7098002291975,1155.7098002291975,0.0,-93281.72763903474,93281.72763903474,0.0,0.0,31673.192783203125,31673.192783203125,0.0,0.0,27585.550888681013,27585.550888681013,0.0,-362355.03567609,-362355.03567609,95593.14723949313,95593.14723949313,95493.14723949313,0.0,100.0,0.0,0.0,95593.14723949313,36334.403567609,1,0.0,100.0
5173,39120.181828539266,0.0,-391201.81828539266,0.0,10.0,0.0,-0.0,0.1,0.292264166,29.2264166,0.0,0.0,100.0,1.0,0.11,-11.0,-1233.2536528029582,1233.2536528029582,0.0,-1233.2536528029582,1233.2536528029582,0.0,-93581.7085203901,93581.7085203901,0.0,0.0,30513.96140625,30513.96140625,0.0,0.0,26314.07259120674,26314.07259120674,0.0,-391212.81828539266,-391212.81828539266,96048.21582599601,96048.21582599601,95948.21582599601,0.0,100.0,0.0,0.0,96048.21582599601,39220.18182853927,1,0.0,100.0
5174,43301.224071433,0.0,-433012.24071433,0.0,10.0,0.0,-0.0,0.1,0.307828772,30.782877199999998,0.0,0.0,100.0,1.0,0.08,-8.0,-1256.5480162652398,1256.5480162652398,0.0,-1256.5480162652398,1256.5480162652398,0.0,-93127.87869075112,93127.87869075112,0.0,0.0,28606.83881835937,28606.83881835937,0.0,0.0,23632.911833489245,23632.911833489245,0.0,-433020.24071433,-433020.24071433,95640.97472328162,95640.9747232816,95540.97472328162,0.0,100.0,0.0,0.0,95640.9747232816,43401.22407143298,1,0.0,100.0
5175,60299.473345138686,0.0,-602994.7334513869,0.0,10.0,0.0,-0.0,0.1,0.320012707,32.0012707,0.0,0.0,100.0,1.0,0.08,-8.0,-1267.9944141573856,1267.9944141573856,0.0,-1267.9944141573856,1267.9944141573856,0.0,-95966.24959444648,95966.24959444648,0.0,0.0,18809.463955078125,18809.463955078125,0.0,0.0,19293.301122544435,19293.301122544435,0.0,-603002.7334513869,-603002.7334513869,98502.23842276125,98502.23842276125,98402.23842276125,0.0,100.0,0.0,0.0,98502.23842276125,60399.473345138686,0,0.0,100.0
5176,66352.55323905485,0.0,-663525.5323905485,0.0,10.0,0.0,-0.0,0.1,0.327078629,32.7078629,0.0,0.0,100.0,1.0,0.08,-8.0,-1183.105591011292,1183.105591011292,0.0,-1183.105591011292,1183.105591011292,0.0,-88437.4096258758,88437.4096258758,0.0,0.0,10171.32046875,10171.32046875,0.0,0.0,14179.747100093547,14179.747100093547,0.0,-663533.5323905485,-663533.5323905485,90803.62080789839,90803.62080789839,90703.62080789839,0.0,100.0,0.0,0.0,90803.62080789839,66452.55323905485,0,0.0,100.0
5177,63160.552050112376,0.0,-631605.5205011237,0.0,10.0,0.0,-0.0,0.1,0.342582575,34.2582575,0.0,0.0,100.0,1.0,0.11,-11.0,-759.4710563627102,759.4710563627102,0.0,-759.4710563627102,759.4710563627102,0.0,-76145.40820635913,76145.40820635913,0.0,0.0,6581.442656249999,6581.442656249999,0.0,0.0,7822.355612722172,7822.355612722172,0.0,-631616.5205011237,-631616.5205011237,77664.35031908455,77664.35031908455,77564.35031908455,0.0,100.0,0.0,0.0,77664.35031908455,63260.55205011238,1,0.0,100.0
5178,73009.07309489092,0.0,-730090.7309489092,0.0,10.0,0.0,-0.0,0.1,0.353103249,35.3103249,0.0,0.0,100.0,1.0,0.11,-11.0,-729.2333054875435,729.2333054875435,0.0,-729.2333054875435,729.2333054875435,0.0,-75318.64059812158,75318.64059812158,0.0,0.0,1346.2041796875,1346.2041796875,0.0,0.0,2321.8299345182418,2321.8299345182418,0.0,-730101.7309489092,-730101.7309489092,76777.10720909666,76777.10720909666,76677.10720909666,0.0,100.0,0.0,0.0,76777.10720909666,73109.07309489092,1,0.0,100.0
5179,70120.26511855234,0.0,-701202.6511855235,0.0,10.0,0.0,-0.0,0.1,0.361471907,36.147190699999996,0.0,0.0,100.0,1.0,0.11,-11.0,-610.0918367092216,610.0918367092216,0.0,-610.0918367092216,610.0918367092216,0.0,-69000.0814451339,69000.0814451339,0.0,0.0,0.0,0.0,0.0,0.0,0.0,0.0,0.0,-701213.6511855235,-701213.6511855235,70220.26511855234,70220.26511855234,70120.26511855234,0.0,100.0,0.0,0.0,70220.26511855234,70220.26511855234,1,0.0,100.0
5180,68182.29430280578,0.0,-681822.9430280578,0.0,10.0,0.0,-0.0,0.1,0.374193958,37.4193958,0.0,0.0,100.0,1.0,0.11,-11.0,-320.62187651366366,320.62187651366366,0.0,-320.62187651366366,320.62187651366366,0.0,-67641.05054977845,67641.05054977845,0.0,0.0,0.0,0.0,0.0,0.0,0.0,0.0,0.0,-681833.9430280578,-681833.9430280578,68282.29430280578,68282.29430280578,68182.29430280578,0.0,100.0,0.0,0.0,68282.29430280578,68282.29430280578,1,0.0,100.0
5181,21632.244571696236,0.0,-216322.44571696236,0.0,10.0,0.0,-0.0,0.1,0.375600912,37.5600912,0.0,0.0,100.0,1.0,0.11,-11.0,-305.12439796507715,305.12439796507715,0.0,-305.12439796507715,305.12439796507715,0.0,-21121.99577576608,21121.99577576608,0.0,0.0,0.0,0.0,0.0,0.0,0.0,0.0,0.0,-216333.44571696236,-216333.44571696236,21732.244571696236,21732.244571696236,21632.244571696236,0.0,100.0,0.0,0.0,21732.244571696236,21732.244571696236,1,0.0,100.0
5182,18518.88279571358,0.0,-185188.8279571358,0.0,10.0,0.0,-0.0,0.1,0.374558896,37.4558896,0.0,0.0,100.0,1.0,0.11,-11.0,-240.73269148377847,240.73269148377847,0.0,-240.73269148377847,240.73269148377847,0.0,-18137.417412746025,18137.417412746025,0.0,0.0,0.0,0.0,0.0,0.0,0.0,0.0,0.0,-185199.8279571358,-185199.8279571358,18618.88279571358,18618.88279571358,18518.88279571358,0.0,100.0,0.0,0.0,18618.88279571358,18618.88279571358,1,0.0,100.0
5183,17802.35922934815,0.0,-178023.5922934815,0.0,10.0,0.0,-0.0,0.1,0.375320401,37.5320401,0.0,0.0,100.0,1.0,0.11,-11.0,-251.94609054781228,251.94609054781228,0.0,-251.94609054781228,251.94609054781228,0.0,-17398.467048252525,17398.467048252525,0.0,0.0,0.0,0.0,0.0,0.0,0.0,0.0,0.0,-178034.5922934815,-178034.5922934815,17902.35922934815,17902.35922934815,17802.35922934815,0.0,100.0,0.0,0.0,17902.35922934815,17902.35922934815,1,0.0,100.0
5184,14693.154268449664,0.0,-146931.54268449664,0.0,10.0,0.0,-0.0,0.1,0.371274709,37.1274709,0.0,0.0,100.0,1.0,0.08,-8.0,-204.02124715462296,204.02124715462296,0.0,-204.02124715462296,204.02124715462296,0.0,-14385.111774140418,14385.111774140418,0.0,0.0,0.0,0.0,0.0,0.0,0.0,0.0,0.0,-146939.54268449664,-146939.54268449664,14793.154268449664,14793.154268449664,14693.154268449664,0.0,100.0,0.0,0.0,14793.154268449664,14793.154268449664,1,0.0,100.0
5185,14692.921339915403,0.0,-146929.21339915402,0.0,10.0,0.0,-0.0,0.1,0.363917964,36.3917964,0.0,0.0,100.0,1.0,0.08,-8.0,-203.9047768415235,203.9047768415235,0.0,-203.9047768415235,203.9047768415235,0.0,-14385.111786232355,14385.111786232355,0.0,0.0,0.0,0.0,0.0,0.0,0.0,0.0,0.0,-146937.21339915402,-146937.21339915402,14792.921339915403,14792.921339915403,14692.921339915403,0.0,100.0,0.0,0.0,14792.921339915403,14792.921339915403,1,0.0,100.0
5186,14692.803450873134,0.0,-146928.03450873133,0.0,10.0,0.0,-0.0,0.1,0.35771301,35.771301,0.0,0.0,100.0,1.0,0.08,-8.0,-203.8458323203897,203.8458323203897,0.0,-203.8458323203897,203.8458323203897,0.0,-14385.111786232355,14385.111786232355,0.0,0.0,0.0,0.0,0.0,0.0,0.0,0.0,0.0,-146936.03450873133,-146936.03450873133,14792.803450873134,14792.803450873134,14692.803450873134,0.0,100.0,0.0,0.0,14792.803450873134,14792.803450873134,1,0.0,100.0
5187,15433.946734857285,0.0,-154339.46734857286,0.0,10.0,0.0,-0.0,0.1,0.342335012,34.2335012,0.0,0.0,100.0,1.0,0.08,-8.0,-204.9422890427324,204.9422890427324,0.0,-204.9422890427324,204.9422890427324,0.0,-15124.06215677182,15124.06215677182,0.0,0.0,0.0,0.0,0.0,0.0,0.0,0.0,0.0,-154347.46734857286,-154347.46734857286,15533.946734857285,15533.946734857285,15433.946734857285,0.0,100.0,0.0,0.0,15533.946734857285,15533.946734857285,1,0.0,100.0
5188,15878.467168283532,0.0,-158784.67168283532,0.0,10.0,0.0,-0.0,0.1,0.311005886,31.100588600000002,0.0,0.0,100.0,1.0,0.08,-8.0,-204.7597130718707,204.7597130718707,0.0,-204.7597130718707,204.7597130718707,0.0,-15568.947742139791,15568.947742139791,0.0,0.0,0.0,0.0,0.0,0.0,0.0,0.0,0.0,-158792.67168283532,-158792.67168283532,15978.467168283532,15978.467168283532,15878.467168283532,0.0,100.0,0.0,0.0,15978.467168283532,15978.467168283532,1,0.0,100.0
5189,57333.39846277197,0.0,-573333.9846277197,0.0,10.0,0.0,-0.0,0.1,0.2886854889999999,28.86854889999999,0.0,0.0,100.0,1.0,0.11,-11.0,-192.7121894594703,192.7121894594703,0.0,-192.7121894594703,192.7121894594703,0.0,-59130.72701449973,59130.72701449973,0.0,0.0,1308.809619140625,1308.809619140625,0.0,0.0,773.9433115060806,773.9433115060806,0.0,-573344.9846277197,-573344.9846277197,59516.15139341867,59516.15139341867,59416.15139341867,0.0,100.0,0.0,0.0,59516.15139341867,57433.39846277197,1,0.0,100.0
5190,49351.62167941527,0.0,-493516.21679415274,0.0,10.0,0.0,-0.0,0.1,0.278824743,27.8824743,0.0,0.0,100.0,1.0,0.11,-11.0,-168.40871892383987,168.40871892383987,0.0,-168.40871892383987,168.40871892383987,0.0,-58684.79237479848,58684.79237479848,0.0,0.0,4898.687431640625,4898.687431640625,0.0,0.0,4671.300701590272,4671.300701590272,0.0,-493527.21679415274,-493527.21679415274,59021.60981264617,59021.609812646166,58921.60981264617,0.0,100.0,0.0,0.0,59021.609812646166,49451.62167941527,1,0.0,100.0
5191,50878.606124147045,0.0,-508786.06124147045,0.0,10.0,0.0,-0.0,0.1,0.273972433,27.397243300000003,0.0,0.0,100.0,1.0,0.11,-11.0,-195.77175135948715,195.77175135948715,0.0,-195.77175135948715,195.77175135948715,0.0,-73386.84476720719,73386.84476720719,0.0,0.0,13125.490751953124,13125.490751953124,0.0,0.0,9674.291393826006,9674.291393826006,0.0,-508797.06124147045,-508797.06124147045,73778.38826992617,73778.38826992617,73678.38826992617,0.0,100.0,0.0,0.0,73778.38826992617,50978.606124147045,1,0.0,100.0
5192,48168.57314906384,0.0,-481685.73149063846,0.0,10.0,0.0,-0.0,0.1,0.27295824,27.295824000000003,0.0,0.0,100.0,1.0,0.11,-11.0,-232.0835527324433,232.0835527324433,0.0,-232.0835527324433,232.0835527324433,0.0,-70971.93696410731,70971.93696410731,0.0,0.0,7329.3338671875,7329.3338671875,0.0,0.0,15838.197053320862,15838.197053320862,0.0,-481696.73149063846,-481696.73149063846,71436.1040695722,71436.1040695722,71336.1040695722,0.0,100.0,0.0,0.0,71436.1040695722,48268.57314906384,1,0.0,100.0
5193,20815.648543107523,0.0,-208156.48543107524,0.0,10.0,0.0,-0.0,0.1,0.280855069,28.085506900000002,0.0,0.0,100.0,1.0,0.11,-11.0,-310.2093484541062,310.2093484541062,0.0,-310.2093484541062,310.2093484541062,0.0,-68013.35289696595,68013.35289696595,0.0,0.0,26849.29447265625,26849.29447265625,0.0,0.0,20868.828578110388,20868.828578110388,0.0,-208167.48543107524,-208167.48543107524,68633.77159387416,68633.77159387416,68533.77159387416,0.0,100.0,0.0,0.0,68633.77159387416,20915.648543107527,1,0.0,100.0
5194,32459.860063433916,0.0,-324598.60063433915,0.0,10.0,0.0,-0.0,0.1,0.299030859,29.903085899999997,0.0,0.0,100.0,1.0,0.11,-11.0,-346.5188371901482,346.5188371901482,0.0,-346.5188371901482,346.5188371901482,0.0,-67996.0937092218,67996.0937092218,0.0,0.0,11031.395361328125,11031.395361328125,0.0,0.0,25097.875958840043,25097.875958840043,0.0,-324609.60063433915,-324609.60063433915,68689.13138360209,68689.13138360209,68589.13138360209,0.0,100.0,0.0,0.0,68689.13138360209,32559.860063433916,1,0.0,100.0
5195,29586.272121548347,0.0,-295862.7212154835,0.0,10.0,0.0,-0.0,0.1,0.316415935,31.6415935,0.0,0.0,100.0,1.0,0.11,-11.0,-343.63556495226,343.63556495226,0.0,-343.63556495226,343.63556495226,0.0,-68024.0150853774,68024.0150853774,0.0,0.0,11854.075693359377,11854.075693359377,0.0,0.0,27170.938400374187,27170.938400374187,0.0,-295873.7212154835,-295873.7212154835,68711.28621528191,68711.28621528191,68611.28621528191,0.0,100.0,0.0,0.0,68711.28621528191,29686.272121548347,1,0.0,100.0
5196,28019.046249419676,0.0,-280190.4624941968,0.0,10.0,0.0,-0.0,0.1,0.331438492,33.1438492,0.0,0.0,100.0,1.0,0.11,-11.0,-349.90575786428934,349.90575786428934,0.0,-349.90575786428934,349.90575786428934,0.0,-68021.33339553555,68021.33339553555,0.0,0.0,13237.67443359375,13237.67443359375,0.0,0.0,27364.424228250704,27364.424228250704,0.0,-280201.4624941968,-280201.4624941968,68721.14491126413,68721.14491126413,68621.14491126413,0.0,100.0,0.0,0.0,68721.14491126413,28119.046249419676,1,0.0,100.0
5197,0.0,0.0,-0.0,55.55555555555556,10.0,0.0,-0.0,0.1,0.337780034,0.0,0.0,100.0,0.0,1.0,0.11,0.0,-361.4430087338207,361.4430087338207,0.0,-361.4430087338207,361.4430087338207,0.0,-52948.44017841461,52948.44017841461,0.0,0.0,27559.791123046874,27559.791123046874,0.0,19.341130262015213,26286.43175865295,26267.090628390935,0.0,0.0,0.0,53826.88175143781,53826.88175143781,53826.88175143781,0.0,0.0,155.55555555555475,0.0,53671.326195882255,-174.89668581756996,1,-55.55555555555556,-100.0
5198,14957.392336066328,0.0,-149573.9233606633,0.0,60.0,45.0,-0.0,0.6,0.3419120879999999,34.19120879999999,0.0,0.0,100.0,1.0,0.08,-8.0,-384.650186273986,384.650186273986,0.0,-384.650186273986,384.650186273986,0.0,-53013.16868024033,53013.16868024033,0.0,0.0,16677.97400390625,16677.97400390625,0.0,0.0,22002.10271281572,22002.10271281572,0.0,-149581.9233606633,-149581.9233606633,53782.46905278829,53782.4690527883,53637.46905278829,0.0,145.0,0.0,0.0,53782.4690527883,15102.392336066332,1,45.0,100.0
5199,30015.412659247806,0.0,-300154.1265924781,0.0,10.0,0.0,-0.0,0.1,0.353405637,35.3405637,0.0,0.0,100.0,1.0,0.08,-8.0,-380.2832112395541,380.2832112395541,0.0,-380.2832112395541,380.2832112395541,0.0,-56031.04768186195,56031.04768186195,0.0,0.0,9124.2727734375,9124.2727734375,0.0,0.0,17551.928671655754,17551.928671655754,0.0,-300162.1265924781,-300162.1265924781,56791.61410434106,56791.61410434106,56691.61410434106,0.0,100.0,0.0,0.0,56791.61410434106,30115.412659247806,1,0.0,100.0
5200,39434.134318526696,0.0,-394341.34318526695,0.0,10.0,0.0,-0.0,0.1,0.36620641,36.620641,0.0,0.0,100.0,1.0,0.08,-8.0,-333.2448325677773,333.2448325677773,0.0,-333.2448325677773,333.2448325677773,0.0,-53734.95052839663,53734.95052839663,0.0,0.0,4225.585341796875,4225.585341796875,0.0,0.0,10641.720533208609,10641.720533208609,0.0,-394349.34318526695,-394349.34318526695,54401.44019353218,54401.44019353218,54301.44019353218,0.0,100.0,0.0,0.0,54401.44019353218,39534.134318526696,1,0.0,100.0
5201,36232.9728737769,0.0,-362329.72873776895,0.0,10.0,0.0,-0.0,0.1,0.382607806,38.2607806,0.0,0.0,100.0,1.0,0.11,-11.0,-285.4067795245344,285.4067795245344,0.0,-285.4067795245344,285.4067795245344,0.0,-43029.98306662797,43029.98306662797,0.0,0.0,1794.93890625,1794.93890625,0.0,0.0,5472.884845650141,5472.884845650141,0.0,-362340.72873776895,-362340.72873776895,43600.79662567704,43600.79662567704,43500.79662567704,0.0,100.0,0.0,0.0,43600.79662567704,36332.9728737769,1,0.0,100.0
5202,45529.07631567739,0.0,-455290.7631567739,0.0,10.0,0.0,-0.0,0.1,0.405889586,40.588958600000005,0.0,0.0,100.0,1.0,0.11,-11.0,-278.0949556321909,278.0949556321909,0.0,-278.0949556321909,278.0949556321909,0.0,-47230.46007559373,47230.46007559373,0.0,0.0,747.8912109375,747.8912109375,0.0,0.0,1409.6824602432182,1409.6824602432182,0.0,-455301.7631567739,-455301.7631567739,47786.64998685811,47786.64998685811,47686.64998685811,0.0,100.0,0.0,0.0,47786.64998685811,45629.07631567739,1,0.0,100.0
5203,20057.833350166115,0.0,-200578.33350166114,0.0,10.0,0.0,-0.0,0.1,0.418141389,41.814138899999996,0.0,0.0,100.0,1.0,0.11,-11.0,-300.00786467435495,300.00786467435495,0.0,-300.00786467435495,300.00786467435495,0.0,-19557.817620817405,19557.817620817405,0.0,0.0,0.0,0.0,0.0,0.0,0.0,0.0,0.0,-200589.33350166114,-200589.33350166114,20157.833350166115,20157.833350166115,20057.833350166115,0.0,100.0,0.0,0.0,20157.833350166115,20157.833350166115,1,0.0,100.0
5204,18487.088140300875,0.0,-184870.88140300877,0.0,10.0,0.0,-0.0,0.1,0.414407698,41.4407698,0.0,0.0,100.0,1.0,0.11,-11.0,-253.5590219687325,253.5590219687325,0.0,-253.5590219687325,253.5590219687325,0.0,-18079.97009636341,18079.97009636341,0.0,0.0,0.0,0.0,0.0,0.0,0.0,0.0,0.0,-184881.88140300877,-184881.88140300877,18587.088140300875,18587.088140300875,18487.088140300875,0.0,100.0,0.0,0.0,18587.088140300875,18587.088140300875,1,0.0,100.0
5205,17005.46462582574,0.0,-170054.64625825742,0.0,10.0,0.0,-0.0,0.1,0.4140867239999999,41.40867239999999,0.0,0.0,100.0,1.0,0.11,-11.0,-251.75087003346795,251.75087003346795,0.0,-251.75087003346795,251.75087003346795,0.0,-16601.962885758807,16601.962885758807,0.0,0.0,0.0,0.0,0.0,0.0,0.0,0.0,0.0,-170065.64625825742,-170065.64625825742,17105.46462582574,17105.46462582574,17005.46462582574,0.0,100.0,0.0,0.0,17105.46462582574,17105.46462582574,1,0.0,100.0
5206,15437.675256012632,0.0,-154376.7525601263,0.0,10.0,0.0,-0.0,0.1,0.416623017,41.6623017,0.0,0.0,100.0,1.0,0.11,-11.0,-206.8065526433901,206.8065526433901,0.0,-206.8065526433901,206.8065526433901,0.0,-15124.062150725851,15124.062150725851,0.0,0.0,0.0,0.0,0.0,0.0,0.0,0.0,0.0,-154387.7525601263,-154387.7525601263,15537.675256012632,15537.675256012632,15437.675256012632,0.0,100.0,0.0,0.0,15537.675256012632,15537.675256012632,1,0.0,100.0
5207,14692.8313384182,0.0,-146928.313384182,0.0,10.0,0.0,-0.0,0.1,0.41952503,41.952503,0.0,0.0,100.0,1.0,0.11,-11.0,-203.8597760929224,203.8597760929224,0.0,-203.8597760929224,203.8597760929224,0.0,-14385.111786232355,14385.111786232355,0.0,0.0,0.0,0.0,0.0,0.0,0.0,0.0,0.0,-146939.313384182,-146939.313384182,14792.8313384182,14792.8313384182,14692.8313384182,0.0,100.0,0.0,0.0,14792.8313384182,14792.8313384182,1,0.0,100.0
5208,14692.746072285805,0.0,-146927.46072285806,0.0,10.0,0.0,-0.0,0.1,0.419517887,41.951788699999994,0.0,0.0,100.0,1.0,0.08,-8.0,-203.8304713668348,203.8304713668348,0.0,-203.8304713668348,203.8304713668348,0.0,-14385.085129552135,14385.085129552135,0.0,0.0,0.0,0.0,0.0,0.0,0.0,0.0,0.0,-146935.46072285806,-146935.46072285806,14792.746072285805,14792.746072285805,14692.746072285805,0.0,100.0,0.0,0.0,14792.746072285805,14792.746072285805,1,0.0,100.0
5209,14692.743464330622,0.0,-146927.43464330622,0.0,10.0,0.0,-0.0,0.1,0.4271758639999999,42.71758639999999,0.0,0.0,100.0,1.0,0.08,-8.0,-203.82918552715373,203.82918552715373,0.0,-203.82918552715373,203.82918552715373,0.0,-14385.085093276315,14385.085093276315,0.0,0.0,0.0,0.0,0.0,0.0,0.0,0.0,0.0,-146935.43464330622,-146935.43464330622,14792.743464330622,14792.743464330622,14692.743464330622,0.0,100.0,0.0,0.0,14792.743464330622,14792.743464330622,1,0.0,100.0
5210,14692.69836640399,0.0,-146926.9836640399,0.0,10.0,0.0,-0.0,0.1,0.421377968,42.1377968,0.0,0.0,100.0,1.0,0.08,-8.0,-203.80662749488303,203.80662749488303,0.0,-203.80662749488303,203.80662749488303,0.0,-14385.085111414224,14385.085111414224,0.0,0.0,0.0,0.0,0.0,0.0,0.0,0.0,0.0,-146934.9836640399,-146934.9836640399,14792.69836640399,14792.69836640399,14692.69836640399,0.0,100.0,0.0,0.0,14792.69836640399,14792.69836640399,1,0.0,100.0
5211,15433.89067457852,0.0,-154338.9067457852,0.0,10.0,0.0,-0.0,0.1,0.390383271,39.0383271,0.0,0.0,100.0,1.0,0.08,-8.0,-204.9275811974909,204.9275811974909,0.0,-204.9275811974909,204.9275811974909,0.0,-15124.035512183538,15124.035512183538,0.0,0.0,0.0,0.0,0.0,0.0,0.0,0.0,0.0,-154346.9067457852,-154346.9067457852,15533.89067457852,15533.89067457852,15433.89067457852,0.0,100.0,0.0,0.0,15533.89067457852,15533.89067457852,1,0.0,100.0
5212,15878.536671520022,0.0,-158785.36671520022,0.0,10.0,0.0,-0.0,0.1,0.345685077,34.5685077,0.0,0.0,100.0,1.0,0.08,-8.0,-204.8077960532096,204.8077960532096,0.0,-204.8077960532096,204.8077960532096,0.0,-15568.921079413603,15568.921079413603,0.0,0.0,0.0,0.0,0.0,0.0,0.0,0.0,0.0,-158793.36671520022,-158793.36671520022,15978.536671520022,15978.536671520022,15878.536671520022,0.0,100.0,0.0,0.0,15978.536671520022,15978.536671520022,1,0.0,100.0
5213,15013.73236538345,0.0,-150137.3236538345,0.0,10.0,0.0,-0.0,0.1,0.319108438,31.9108438,0.0,0.0,100.0,1.0,0.11,-11.0,-192.6073643408268,192.6073643408268,0.0,-192.6073643408268,192.6073643408268,0.0,-16458.452769291394,16458.452769291394,0.0,0.0,1121.83681640625,1121.83681640625,0.0,0.0,608.098316183349,608.098316183349,0.0,-150148.3236538345,-150148.3236538345,16843.66749797305,16843.66749797305,16743.66749797305,0.0,100.0,0.0,0.0,16843.66749797305,15113.73236538345,1,0.0,100.0
5214,12352.398342926983,0.0,-123523.98342926984,0.0,10.0,0.0,-0.0,0.1,0.301969896,30.196989600000002,0.0,0.0,100.0,1.0,0.11,-11.0,-168.39579090231095,168.39579090231095,0.0,-168.39579090231095,168.39579090231095,0.0,-17936.35349223241,17936.35349223241,0.0,0.0,1757.544345703125,1757.544345703125,0.0,0.0,4063.202385406923,4063.202385406923,0.0,-123534.98342926984,-123534.98342926984,18273.14507403703,18273.14507403703,18173.14507403703,0.0,100.0,0.0,0.0,18273.14507403703,12452.398342926983,1,0.0,100.0
5215,4393.895826919172,0.0,-43938.95826919172,0.0,10.0,0.0,-0.0,0.1,0.290124233,29.012423300000002,0.0,0.0,100.0,1.0,0.11,-11.0,-168.56683088575747,168.56683088575747,0.0,-168.56683088575747,168.56683088575747,0.0,-17936.353462002564,17936.353462002564,0.0,0.0,3552.483251953125,3552.483251953125,0.0,0.0,10227.10804490178,10227.10804490178,0.0,-43949.95826919172,-43949.95826919172,18273.487123774077,18273.487123774077,18173.487123774077,0.0,100.0,0.0,0.0,18273.487123774077,4493.895826919172,1,0.0,100.0
5216,2156.3299545348036,0.0,-21563.299545348036,0.0,10.0,0.0,-0.0,0.1,0.287931806,28.7931806,0.0,0.0,100.0,1.0,0.11,-11.0,-218.5044084079749,218.5044084079749,0.0,-218.5044084079749,218.5044084079749,0.0,-23530.116167764827,23530.116167764827,0.0,0.0,5347.422158203125,5347.422158203125,0.0,0.0,16363.372871842848,16363.372871842848,0.0,-21574.299545348036,-21574.299545348036,23967.124984580776,23967.124984580776,23867.124984580776,0.0,100.0,0.0,0.0,23967.124984580776,2256.329954534802,1,0.0,100.0
5217,9704.966617820897,0.0,-97049.66617820898,0.0,10.0,0.0,-0.0,0.1,0.2890832339999999,28.90832339999999,0.0,0.0,100.0,1.0,0.11,-11.0,-310.3362542740166,310.3362542740166,0.0,-310.3362542740166,310.3362542740166,0.0,-38185.62943061582,38185.62943061582,0.0,0.0,8077.225078124999,8077.225078124999,0.0,0.0,20924.110243217965,20924.110243217965,0.0,-97060.66617820898,-97060.66617820898,38806.301939163866,38806.30193916386,38706.301939163866,0.0,100.0,0.0,0.0,38806.30193916386,9804.966617820894,1,0.0,100.0
5218,10265.500209246493,0.0,-102655.00209246493,0.0,10.0,0.0,-0.0,0.1,0.301259837,30.1259837,0.0,0.0,100.0,1.0,0.11,-11.0,-288.9268934152052,288.9268934152052,0.0,-288.9268934152052,288.9268934152052,0.0,-43801.66292510735,43801.66292510735,0.0,0.0,9386.034697265624,9386.034697265624,0.0,0.0,24627.98180542564,24627.98180542564,0.0,-102666.00209246493,-102666.00209246493,44379.51671193776,44379.51671193776,44279.51671193776,0.0,100.0,0.0,0.0,44379.51671193776,10365.500209246493,1,0.0,100.0
5219,8478.050335611188,0.0,-84780.50335611188,0.0,10.0,0.0,-0.0,0.1,0.321056873,32.1056873,0.0,0.0,100.0,1.0,0.11,-11.0,-307.20335457411176,307.20335457411176,0.0,-307.20335457411176,307.20335457411176,0.0,-44917.31048840864,44917.31048840864,0.0,0.0,10059.136787109375,10059.136787109375,0.0,0.0,26894.5300748363,26894.5300748363,0.0,-84791.50335611188,-84791.50335611188,45531.71719755686,45531.71719755686,45431.71719755686,0.0,100.0,0.0,0.0,45531.71719755686,8578.050335611188,1,0.0,100.0
5220,11876.02082277033,0.0,-118760.20822770329,0.0,10.0,0.0,-0.0,0.1,0.330752598,33.0752598,0.0,0.0,100.0,1.0,0.11,-11.0,-317.4564183454853,317.4564183454853,0.0,-317.4564183454853,317.4564183454853,0.0,-50393.76291236671,50393.76291236671,0.0,0.0,11854.075693359377,11854.075693359377,0.0,0.0,27198.579232927976,27198.579232927976,0.0,-118771.20822770329,-118771.20822770329,51028.675749057686,51028.67574905768,50928.675749057686,0.0,100.0,0.0,0.0,51028.67574905768,11976.020822770326,1,0.0,100.0
5221,9812.028766903659,0.0,-98120.2876690366,0.0,10.0,0.0,-0.0,0.1,0.340706529,34.0706529,0.0,0.0,100.0,1.0,0.11,-11.0,-339.06293230668524,339.06293230668524,0.0,-339.06293230668524,339.06293230668524,0.0,-46229.79375961899,46229.79375961899,0.0,0.0,11068.789921875,11068.789921875,0.0,0.0,25927.1009354537,25927.1009354537,0.0,-98131.2876690366,-98131.2876690366,46907.91962423235,46907.91962423236,46807.91962423235,0.0,100.0,0.0,0.0,46907.91962423236,9912.028766903662,1,0.0,100.0
5222,18681.764502710346,0.0,-186817.64502710346,0.0,10.0,0.0,-0.0,0.1,0.347655732,34.7655732,0.0,0.0,100.0,1.0,0.08,-8.0,-335.67440616352064,335.67440616352064,0.0,-335.67440616352064,335.67440616352064,0.0,-50828.55376589744,50828.55376589744,0.0,0.0,9610.402060546874,9610.402060546874,0.0,0.0,23107.736014967264,23107.736014967264,0.0,-186825.64502710346,-186825.64502710346,51499.902578224486,51499.902578224486,51399.902578224486,0.0,100.0,0.0,0.0,51499.902578224486,18781.76450271035,1,0.0,100.0
5223,23013.51321774731,0.0,-230135.1321774731,0.0,10.0,0.0,-0.0,0.1,0.370180021,37.018002100000004,0.0,0.0,100.0,1.0,0.08,-8.0,-353.942590725838,353.942590725838,0.0,-353.942590725838,353.942590725838,0.0,-49270.51749386952,49270.51749386952,0.0,0.0,7516.306669921874,7516.306669921874,0.0,0.0,19348.58278765201,19348.58278765201,0.0,-230143.1321774731,-230143.1321774731,49978.402675321195,49978.402675321195,49878.402675321195,0.0,100.0,0.0,0.0,49978.402675321195,23113.513217747313,1,0.0,100.0
5224,41234.132879862795,0.0,-412341.32879862795,0.0,10.0,0.0,-0.0,0.1,0.389469226,38.9469226,0.0,0.0,100.0,1.0,0.08,-8.0,-341.44352683757126,341.44352683757126,0.0,-341.44352683757126,341.44352683757126,0.0,-55879.4712563776,55879.4712563776,0.0,0.0,4973.476552734375,4973.476552734375,0.0,0.0,10254.748877455568,10254.748877455568,0.0,-412349.32879862795,-412349.32879862795,56562.35831005274,56562.35831005274,56462.35831005274,0.0,100.0,0.0,0.0,56562.35831005274,41334.132879862795,1,0.0,100.0
5225,41344.63928753644,0.0,-413446.3928753644,0.0,10.0,0.0,-0.0,0.1,0.410771556,41.0771556,0.0,0.0,100.0,1.0,0.11,-11.0,-341.7597226018898,341.7597226018898,0.0,-341.7597226018898,341.7597226018898,0.0,-48365.49463915468,48365.49463915468,0.0,0.0,2131.489951171875,2131.489951171875,0.0,0.0,5472.884845650141,5472.884845650141,0.0,-413457.3928753644,-413457.3928753644,49049.01408435845,49049.01408435846,48949.01408435845,0.0,100.0,0.0,0.0,49049.01408435846,41444.63928753644,1,0.0,100.0
5226,50278.0355872589,0.0,-502780.355872589,0.0,10.0,0.0,-0.0,0.1,0.4224887639999999,42.24887639999999,0.0,0.0,100.0,1.0,0.11,-11.0,-309.038419392064,309.038419392064,0.0,-309.038419392064,309.038419392064,0.0,-52434.57486160985,52434.57486160985,0.0,0.0,822.6803320312499,822.6803320312499,0.0,0.0,1851.935781103836,1851.935781103836,0.0,-502791.355872589,-502791.355872589,53052.65170039399,53052.65170039398,52952.65170039399,0.0,100.0,0.0,0.0,53052.65170039398,50378.03558725889,1,0.0,100.0
5227,25731.44577121011,0.0,-257314.4577121011,0.0,10.0,0.0,-0.0,0.1,0.422004047,42.2004047,0.0,0.0,100.0,1.0,0.11,-11.0,-314.7209683813002,314.7209683813002,0.0,-314.7209683813002,314.7209683813002,0.0,-25202.00383444751,25202.00383444751,0.0,0.0,0.0,0.0,0.0,0.0,0.0,0.0,0.0,-257325.4577121011,-257325.4577121011,25831.44577121011,25831.44577121011,25731.44577121011,0.0,100.0,0.0,0.0,25831.44577121011,25831.44577121011,1,0.0,100.0
5228,18554.709828391875,0.0,-185547.09828391875,0.0,10.0,0.0,-0.0,0.1,0.413065774,41.3065774,0.0,0.0,100.0,1.0,0.11,-11.0,-287.3965075795325,287.3965075795325,0.0,-287.3965075795325,287.3965075795325,0.0,-18079.91681323281,18079.91681323281,0.0,0.0,0.0,0.0,0.0,0.0,0.0,0.0,0.0,-185558.09828391875,-185558.09828391875,18654.709828391875,18654.709828391875,18554.709828391875,0.0,100.0,0.0,0.0,18654.709828391875,18654.709828391875,1,0.0,100.0
5229,25196.11184928421,0.0,-251961.1184928421,0.0,10.0,0.0,-0.0,0.1,0.405578321,40.5578321,0.0,0.0,100.0,1.0,0.11,-11.0,-281.95873462367405,281.95873462367405,0.0,-281.95873462367405,281.95873462367405,0.0,-24732.19438003686,24732.19438003686,0.0,0.0,0.0,0.0,0.0,0.0,0.0,0.0,0.0,-251972.1184928421,-251972.1184928421,25296.11184928421,25296.11184928421,25196.11184928421,0.0,100.0,0.0,0.0,25296.11184928421,25296.11184928421,1,0.0,100.0
5230,15437.675217983713,0.0,-154376.75217983715,0.0,10.0,0.0,-0.0,0.1,0.3994800879999999,39.94800879999999,0.0,0.0,100.0,1.0,0.11,-11.0,-206.8198619690424,206.8198619690424,0.0,-206.8198619690424,206.8198619690424,0.0,-15124.03549404563,15124.03549404563,0.0,0.0,0.0,0.0,0.0,0.0,0.0,0.0,0.0,-154387.75217983715,-154387.75217983715,15537.675217983713,15537.675217983713,15437.675217983713,0.0,100.0,0.0,0.0,15537.675217983713,15537.675217983713,1,0.0,100.0
5231,14693.018112088022,0.0,-146930.18112088024,0.0,10.0,0.0,-0.0,0.1,0.397419244,39.7419244,0.0,0.0,100.0,1.0,0.11,-11.0,-203.9665094058536,203.9665094058536,0.0,-203.9665094058536,203.9665094058536,0.0,-14385.085093276315,14385.085093276315,0.0,0.0,0.0,0.0,0.0,0.0,0.0,0.0,0.0,-146941.18112088024,-146941.18112088024,14793.018112088022,14793.018112088022,14693.018112088022,0.0,100.0,0.0,0.0,14793.018112088022,14793.018112088022,1,0.0,100.0
5232,17706.362485242473,0.0,-177063.62485242472,0.0,10.0,0.0,-0.0,0.1,0.405313387,40.5313387,0.0,0.0,100.0,1.0,0.08,-8.0,-203.94777290869683,203.94777290869683,0.0,-203.94777290869683,203.94777290869683,0.0,-17398.466939425078,17398.466939425078,0.0,0.0,0.0,0.0,0.0,0.0,0.0,0.0,0.0,-177071.62485242472,-177071.62485242472,17806.362485242473,17806.362485242473,17706.362485242473,0.0,100.0,0.0,0.0,17806.362485242473,17806.362485242473,1,0.0,100.0
5233,17706.335110593922,0.0,-177063.35110593922,0.0,10.0,0.0,-0.0,0.1,0.401537796,40.1537796,0.0,0.0,100.0,1.0,0.08,-8.0,-203.9340855844218,203.9340855844218,0.0,-203.9340855844218,203.9340855844218,0.0,-17398.466939425078,17398.466939425078,0.0,0.0,0.0,0.0,0.0,0.0,0.0,0.0,0.0,-177071.35110593922,-177071.35110593922,17806.335110593922,17806.335110593922,17706.335110593922,0.0,100.0,0.0,0.0,17806.335110593922,17806.335110593922,1,0.0,100.0
5234,17706.333119950243,0.0,-177063.33119950243,0.0,10.0,0.0,-0.0,0.1,0.407346793,40.734679299999996,0.0,0.0,100.0,1.0,0.08,-8.0,-203.93308723959768,203.93308723959768,0.0,-203.93308723959768,203.93308723959768,0.0,-17398.466945471046,17398.466945471046,0.0,0.0,0.0,0.0,0.0,0.0,0.0,0.0,0.0,-177071.33119950243,-177071.33119950243,17806.333119950243,17806.333119950243,17706.333119950243,0.0,100.0,0.0,0.0,17806.333119950243,17806.333119950243,1,0.0,100.0
5235,18447.695701044657,0.0,-184476.95701044658,0.0,10.0,0.0,-0.0,0.1,0.422460106,42.2460106,0.0,0.0,100.0,1.0,0.08,-8.0,-205.1391925170732,205.1391925170732,0.0,-205.1391925170732,205.1391925170732,0.0,-18137.41731601051,18137.41731601051,0.0,0.0,0.0,0.0,0.0,0.0,0.0,0.0,0.0,-184484.95701044658,-184484.95701044658,18547.695701044657,18547.695701044657,18447.695701044657,0.0,100.0,0.0,0.0,18547.695701044657,18547.695701044657,1,0.0,100.0
5236,20399.047359191314,0.0,-203990.47359191315,0.0,10.0,0.0,-0.0,0.1,0.406033573,40.6033573,0.0,0.0,100.0,1.0,0.08,-8.0,-205.0334390967419,205.0334390967419,0.0,-205.0334390967419,205.0334390967419,0.0,-20088.98048099783,20088.98048099783,0.0,0.0,0.0,0.0,0.0,0.0,0.0,0.0,0.0,-203998.47359191315,-203998.47359191315,20499.047359191314,20499.047359191314,20399.047359191314,0.0,100.0,0.0,0.0,20499.047359191314,20499.047359191314,1,0.0,100.0
5237,57925.14247215276,0.0,-579251.4247215276,0.0,10.0,0.0,-0.0,0.1,0.367887654,36.7887654,0.0,0.0,100.0,1.0,0.11,-11.0,-467.5282447835439,467.5282447835439,0.0,-467.5282447835439,467.5282447835439,0.0,-58420.055028578194,58420.055028578194,0.0,0.0,860.074892578125,860.074892578125,0.0,0.0,469.8941534144061,469.8941534144061,0.0,-579262.4247215276,-579262.4247215276,59355.11151814529,59355.111518145284,59255.11151814529,0.0,100.0,0.0,0.0,59355.111518145284,58025.14247215275,1,0.0,100.0
5238,59284.58158624108,0.0,-592845.8158624108,0.0,10.0,0.0,-0.0,0.1,0.338386536,33.8386536,0.0,0.0,100.0,1.0,0.11,-11.0,-429.24564009890565,429.24564009890565,0.0,-429.24564009890565,429.24564009890565,0.0,-64707.75659233778,64707.75659233778,0.0,0.0,2505.435556640625,2505.435556640625,0.0,0.0,3676.2307296538825,3676.2307296538825,0.0,-592856.8158624108,-592856.8158624108,65566.24787253559,65566.24787253559,65466.24787253559,0.0,100.0,0.0,0.0,65566.24787253559,59384.58158624108,1,0.0,100.0
5239,83843.67003486317,0.0,-838436.7003486317,0.0,10.0,0.0,-0.0,0.1,0.31723716,31.723716000000003,0.0,0.0,100.0,1.0,0.11,-11.0,-615.484922227713,615.484922227713,0.0,-615.484922227713,615.484922227713,0.0,-97214.13059763158,97214.13059763158,0.0,0.0,5048.265673828125,5048.265673828125,0.0,0.0,9453.1647333957,9453.1647333957,0.0,-838447.7003486317,-838447.7003486317,98445.100442087,98445.100442087,98345.100442087,0.0,100.0,0.0,0.0,98445.100442087,83943.67003486317,1,0.0,100.0
5240,63016.64295649356,0.0,-630166.4295649356,0.0,10.0,0.0,-0.0,0.1,0.305901377,30.590137699999996,0.0,0.0,100.0,1.0,0.11,-11.0,-644.2666273450462,644.2666273450462,0.0,-644.2666273450462,644.2666273450462,0.0,-94710.06136849146,94710.06136849146,0.0,0.0,17762.416259765625,17762.416259765625,0.0,0.0,15119.53540692236,15119.53540692236,0.0,-630177.4295649356,-630177.4295649356,95998.59462318155,95998.59462318155,95898.59462318155,0.0,100.0,0.0,0.0,95998.59462318155,63116.64295649356,1,0.0,100.0
5241,49674.30323092878,0.0,-496743.0323092878,0.0,10.0,0.0,-0.0,0.1,0.30725865,30.725865000000002,0.0,0.0,100.0,1.0,0.11,-11.0,-687.7864263804695,687.7864263804695,0.0,-687.7864263804695,687.7864263804695,0.0,-91609.9354684428,91609.9354684428,0.0,0.0,23558.57314453125,23558.57314453125,0.0,0.0,19652.631945743688,19652.631945743688,0.0,-496754.0323092878,-496754.0323092878,92985.50832120371,92985.50832120373,92885.50832120371,0.0,100.0,0.0,0.0,92985.50832120373,49774.303230928796,1,0.0,100.0
5242,43483.09078606348,0.0,-434830.90786063485,0.0,10.0,0.0,-0.0,0.1,0.325962953,32.5962953,0.0,0.0,100.0,1.0,0.11,-11.0,-717.0125125199207,717.0125125199207,0.0,-717.0125125199207,717.0125125199207,0.0,-91675.2170072051,91675.2170072051,0.0,0.0,26998.87271484375,26998.87271484375,0.0,0.0,22527.278531337703,22527.278531337703,0.0,-434841.90786063485,-434841.90786063485,93109.24203224495,93109.24203224493,93009.24203224495,0.0,100.0,0.0,0.0,93109.24203224493,43583.090786063476,1,0.0,100.0
5243,45577.60538988652,0.0,-455776.05389886524,0.0,10.0,0.0,-0.0,0.1,0.348049644,34.804964399999996,0.0,0.0,100.0,1.0,0.11,-11.0,-742.4463891923948,742.4463891923948,0.0,-742.4463891923948,742.4463891923948,0.0,-88703.28978732682,88703.28978732682,0.0,0.0,18472.91291015625,18472.91291015625,0.0,0.0,26037.664265668853,26037.664265668853,0.0,-455787.05389886524,-455787.05389886524,90188.18256571163,90188.18256571161,90088.18256571163,0.0,100.0,0.0,0.0,90188.18256571161,45677.60538988651,1,0.0,100.0
5244,41935.929541584526,0.0,-419359.29541584523,0.0,10.0,0.0,-0.0,0.1,0.3656854779999999,36.56854779999999,0.0,0.0,100.0,1.0,0.11,-11.0,-793.8245837770521,793.8245837770521,0.0,-793.8245837770521,793.8245837770521,0.0,-91826.49387907676,91826.49387907676,0.0,0.0,24456.04259765625,24456.04259765625,0.0,0.0,26922.17090739009,26922.17090739009,0.0,-419370.29541584523,-419370.29541584523,93414.14304663087,93414.14304663087,93314.14304663087,0.0,100.0,0.0,0.0,93414.14304663087,42035.929541584526,1,0.0,100.0
5245,42416.88205477773,0.0,-424168.8205477773,0.0,10.0,0.0,-0.0,0.1,0.382953431,38.295343100000004,0.0,0.0,100.0,1.0,0.11,-11.0,-849.5970152810996,849.5970152810996,0.0,-849.5970152810996,849.5970152810996,0.0,-91779.63707008932,91779.63707008932,0.0,0.0,24979.5664453125,24979.5664453125,0.0,0.0,25982.382600561275,25982.382600561275,0.0,-424179.8205477773,-424179.8205477773,93478.8311006515,93478.83110065151,93378.8311006515,0.0,100.0,0.0,0.0,93478.83110065151,42516.88205477774,1,0.0,100.0
5246,44822.63110160015,0.0,-448226.3110160015,0.0,10.0,0.0,-0.0,0.1,0.398928126,39.8928126,0.0,0.0,100.0,1.0,0.08,-8.0,-862.168637331404,862.168637331404,0.0,-862.168637331404,862.168637331404,0.0,-91745.70509319816,91745.70509319816,0.0,0.0,25577.8794140625,25577.8794140625,0.0,0.0,22969.53185219832,22969.53185219832,0.0,-448234.3110160015,-448234.3110160015,93470.04236786097,93470.04236786097,93370.04236786097,0.0,100.0,0.0,0.0,93470.04236786097,44922.63110160014,1,0.0,100.0
5247,56359.90033007175,0.0,-563599.0033007176,0.0,10.0,0.0,-0.0,0.1,0.41374449,41.374449,0.0,0.0,100.0,1.0,0.08,-8.0,-889.5502349639687,889.5502349639687,0.0,-889.5502349639687,889.5502349639687,0.0,-94456.50319550213,94456.50319550213,0.0,0.0,21726.23967773437,21726.23967773437,0.0,0.0,18049.46365762395,18049.46365762395,0.0,-563607.0033007176,-563607.0033007176,96235.60366543007,96235.60366543007,96135.60366543007,0.0,100.0,0.0,0.0,96235.60366543007,56459.900330071745,1,0.0,100.0
5248,63746.77610599931,0.0,-637467.7610599932,0.0,10.0,0.0,-0.0,0.1,0.4283547,42.83547,0.0,0.0,100.0,1.0,0.08,-8.0,-775.1281095362493,775.1281095362493,0.0,-775.1281095362493,775.1281095362493,0.0,-86054.00906353572,86054.00906353572,0.0,0.0,12452.388662109375,12452.388662109375,0.0,0.0,11305.100514499534,11305.100514499534,0.0,-637475.7610599932,-637475.7610599932,87604.26528260822,87604.26528260822,87504.26528260822,0.0,100.0,0.0,0.0,87604.26528260822,63846.776105999306,1,0.0,100.0
5249,61007.35167021086,0.0,-610073.5167021086,0.0,10.0,0.0,-0.0,0.1,0.429814032,42.9814032,0.0,0.0,100.0,1.0,0.11,-11.0,-591.3853945016358,591.3853945016358,0.0,-591.3853945016358,591.3853945016358,0.0,-73726.73062025804,73726.73062025804,0.0,0.0,7665.884912109374,7665.884912109374,0.0,0.0,6136.264826941067,6136.264826941067,0.0,-610084.5167021086,-610084.5167021086,74909.5014092613,74909.50140926131,74809.5014092613,0.0,100.0,0.0,0.0,74909.50140926131,61107.351670210875,1,0.0,100.0
5250,71307.36515433097,0.0,-713073.6515433097,0.0,10.0,0.0,-0.0,0.1,0.423149061,42.3149061,0.0,0.0,100.0,1.0,0.11,-11.0,-583.6796440349675,583.6796440349675,0.0,-583.6796440349675,583.6796440349675,0.0,-73338.95657625578,73338.95657625578,0.0,0.0,1495.782421875,1495.782421875,0.0,0.0,1603.1682881197382,1603.1682881197382,0.0,-713084.6515433097,-713084.6515433097,74506.3158643257,74506.3158643257,74406.3158643257,0.0,100.0,0.0,0.0,74506.3158643257,71407.36515433097,1,0.0,100.0
5251,67252.07060408077,0.0,-672520.7060408078,0.0,10.0,0.0,-0.0,0.1,0.412762411,41.2762411,0.0,0.0,100.0,1.0,0.11,-11.0,-474.4168357854872,474.4168357854872,0.0,-474.4168357854872,474.4168357854872,0.0,-66403.2369325098,66403.2369325098,0.0,0.0,0.0,0.0,0.0,0.0,0.0,0.0,0.0,-672531.7060408078,-672531.7060408078,67352.07060408077,67352.07060408077,67252.07060408077,0.0,100.0,0.0,0.0,67352.07060408077,67352.07060408077,1,0.0,100.0
5252,65667.4075512972,0.0,-656674.0755129721,0.0,10.0,0.0,-0.0,0.1,0.404854905,40.4854905,0.0,0.0,100.0,1.0,0.11,-11.0,-204.80572869279823,204.80572869279823,0.0,-204.80572869279823,204.80572869279823,0.0,-65357.7960939116,65357.7960939116,0.0,0.0,0.0,0.0,0.0,0.0,0.0,0.0,0.0,-656685.0755129721,-656685.0755129721,65767.4075512972,65767.4075512972,65667.4075512972,0.0,100.0,0.0,0.0,65767.4075512972,65767.4075512972,1,0.0,100.0
5253,21429.861713088758,0.0,-214298.61713088758,0.0,10.0,0.0,-0.0,0.1,0.391770935,39.1770935,0.0,0.0,100.0,1.0,0.11,-11.0,-203.9330170290941,203.9330170290941,0.0,-203.9330170290941,203.9330170290941,0.0,-21121.99567903057,21121.99567903057,0.0,0.0,0.0,0.0,0.0,0.0,0.0,0.0,0.0,-214309.61713088758,-214309.61713088758,21529.861713088758,21529.861713088758,21429.861713088758,0.0,100.0,0.0,0.0,21529.861713088758,21529.861713088758,1,0.0,100.0
5254,18451.02005943201,0.0,-184510.20059432008,0.0,10.0,0.0,-0.0,0.1,0.3883998589999999,38.83998589999999,0.0,0.0,100.0,1.0,0.11,-11.0,-206.8013717107493,206.8013717107493,0.0,-206.8013717107493,206.8013717107493,0.0,-18137.41731601051,18137.41731601051,0.0,0.0,0.0,0.0,0.0,0.0,0.0,0.0,0.0,-184521.20059432008,-184521.20059432008,18551.02005943201,18551.02005943201,18451.02005943201,0.0,100.0,0.0,0.0,18551.02005943201,18551.02005943201,1,0.0,100.0
5255,17706.186664103483,0.0,-177061.86664103484,0.0,10.0,0.0,-0.0,0.1,0.392261378,39.2261378,0.0,0.0,100.0,1.0,0.11,-11.0,-203.8598593162189,203.8598593162189,0.0,-203.8598593162189,203.8598593162189,0.0,-17398.466945471046,17398.466945471046,0.0,0.0,0.0,0.0,0.0,0.0,0.0,0.0,0.0,-177072.86664103484,-177072.86664103484,17806.186664103483,17806.186664103483,17706.186664103483,0.0,100.0,0.0,0.0,17806.186664103483,17806.186664103483,1,0.0,100.0
5256,17706.183321532535,0.0,-177061.83321532534,0.0,10.0,0.0,-0.0,0.1,0.401780804,40.1780804,0.0,0.0,100.0,1.0,0.08,-8.0,-203.85821221462623,203.85821221462623,0.0,-203.85821221462623,203.85821221462623,0.0,-17398.466897103284,17398.466897103284,0.0,0.0,0.0,0.0,0.0,0.0,0.0,0.0,0.0,-177069.83321532534,-177069.83321532534,17806.183321532535,17806.183321532535,17706.183321532535,0.0,100.0,0.0,0.0,17806.183321532535,17806.183321532535,1,0.0,100.0
5257,17706.22335739869,0.0,-177062.2335739869,0.0,10.0,0.0,-0.0,0.1,0.403477866,40.3477866,0.0,0.0,100.0,1.0,0.08,-8.0,-203.8782331706853,203.8782331706853,0.0,-203.8782331706853,203.8782331706853,0.0,-17398.466891057316,17398.466891057316,0.0,0.0,0.0,0.0,0.0,0.0,0.0,0.0,0.0,-177070.2335739869,-177070.2335739869,17806.22335739869,17806.22335739869,17706.22335739869,0.0,100.0,0.0,0.0,17806.22335739869,17806.22335739869,1,0.0,100.0
5258,17706.20919606966,0.0,-177062.0919606966,0.0,10.0,0.0,-0.0,0.1,0.4102087579999999,41.02087579999999,0.0,0.0,100.0,1.0,0.08,-8.0,-203.8711494831881,203.8711494831881,0.0,-203.8711494831881,203.8711494831881,0.0,-17398.466897103284,17398.466897103284,0.0,0.0,0.0,0.0,0.0,0.0,0.0,0.0,0.0,-177070.0919606966,-177070.0919606966,17806.20919606966,17806.20919606966,17706.20919606966,0.0,100.0,0.0,0.0,17806.20919606966,17806.20919606966,1,0.0,100.0
5259,18456.281112007477,0.0,-184562.81112007477,0.0,10.0,0.0,-0.0,0.1,0.4249277279999999,42.49277279999999,0.0,0.0,100.0,1.0,0.08,-8.0,-209.43191613639348,209.43191613639348,0.0,-209.43191613639348,209.43191613639348,0.0,-18137.41727973469,18137.41727973469,0.0,0.0,0.0,0.0,0.0,0.0,0.0,0.0,0.0,-184570.81112007477,-184570.81112007477,18556.281112007477,18556.281112007477,18456.281112007477,0.0,100.0,0.0,0.0,18556.281112007477,18556.281112007477,1,0.0,100.0
5260,20405.797648095293,0.0,-204057.97648095293,0.0,10.0,0.0,-0.0,0.1,0.405236197,40.523619700000005,0.0,0.0,100.0,1.0,0.08,-8.0,-208.40857750276223,208.40857750276223,0.0,-208.40857750276223,208.40857750276223,0.0,-20088.98049308977,20088.98049308977,0.0,0.0,0.0,0.0,0.0,0.0,0.0,0.0,0.0,-204065.97648095293,-204065.97648095293,20505.797648095293,20505.797648095293,20405.797648095293,0.0,100.0,0.0,0.0,20505.797648095293,20505.797648095293,1,0.0,100.0
5261,55148.538922087966,0.0,-551485.3892208796,0.0,10.0,0.0,-0.0,0.1,0.379704769,37.9704769,0.0,0.0,100.0,1.0,0.11,-11.0,-445.9235468810362,445.9235468810362,0.0,-445.9235468810362,445.9235468810362,0.0,-56182.543889420886,56182.543889420886,0.0,0.0,1383.5987402343749,1383.5987402343749,0.0,0.0,442.2533208606175,442.2533208606175,0.0,-551496.3892208796,-551496.3892208796,57074.39098318296,57074.39098318296,56974.39098318296,0.0,100.0,0.0,0.0,57074.39098318296,55248.538922087966,1,0.0,100.0
5262,51546.68269444256,0.0,-515466.82694442564,0.0,10.0,0.0,-0.0,0.1,0.3551655689999999,35.51655689999999,0.0,0.0,100.0,1.0,0.11,-11.0,-475.7026394825815,475.7026394825815,0.0,-475.7026394825815,475.7026394825815,0.0,-60507.42515822946,60507.42515822946,0.0,0.0,6992.782822265624,6992.782822265624,0.0,0.0,2819.3649204864364,2819.3649204864364,0.0,-515477.82694442564,-515477.82694442564,61458.83043719462,61458.83043719462,61358.83043719462,0.0,100.0,0.0,0.0,61458.83043719462,51646.68269444256,1,0.0,100.0
5263,77300.46364564614,0.0,-773004.6364564614,0.0,10.0,0.0,-0.0,0.1,0.330387762,33.0387762,0.0,0.0,100.0,1.0,0.11,-11.0,-752.8049368393654,752.8049368393654,0.0,-752.8049368393654,752.8049368393654,0.0,-93745.46463639424,93745.46463639424,0.0,0.0,9834.769423828126,9834.769423828126,0.0,0.0,8015.841440598691,8015.841440598691,0.0,-773015.6364564614,-773015.6364564614,95251.07451007297,95251.07451007297,95151.07451007297,0.0,100.0,0.0,0.0,95251.07451007297,77400.46364564614,1,0.0,100.0
5264,57629.49524508006,0.0,-576294.9524508007,0.0,10.0,0.0,-0.0,0.1,0.321777252,32.177725200000005,0.0,0.0,100.0,1.0,0.11,-11.0,-830.5194176734769,830.5194176734769,0.0,-830.5194176734769,830.5194176734769,0.0,-92715.85299279664,92715.85299279664,0.0,0.0,22025.396162109373,22025.396162109373,0.0,0.0,14622.000420954166,14622.000420954166,0.0,-576305.9524508007,-576305.9524508007,94376.8918281436,94376.8918281436,94276.8918281436,0.0,100.0,0.0,0.0,94376.8918281436,57729.49524508006,1,0.0,100.0
5265,44507.74097210108,0.0,-445077.4097210108,0.0,10.0,0.0,-0.0,0.1,0.314828102,31.4828102,0.0,0.0,100.0,1.0,0.11,-11.0,-910.726672226185,910.726672226185,0.0,-910.726672226185,910.726672226185,0.0,-90392.19537733446,90392.19537733446,0.0,0.0,27372.8183203125,27372.8183203125,0.0,0.0,20233.08942937325,20233.08942937325,0.0,-445088.4097210108,-445088.4097210108,92213.64872178683,92213.64872178683,92113.64872178683,0.0,100.0,0.0,0.0,92213.64872178683,44607.74097210108,1,0.0,100.0
5266,37231.924698138064,0.0,-372319.2469813806,0.0,10.0,0.0,-0.0,0.1,0.322613766,32.261376600000006,0.0,0.0,100.0,1.0,0.11,-11.0,-1002.5916524288912,1002.5916524288912,0.0,-1002.5916524288912,1002.5916524288912,0.0,-90717.38885905949,90717.38885905949,0.0,0.0,31785.37646484375,31785.37646484375,0.0,0.0,23605.271000935456,23605.271000935456,0.0,-372330.2469813806,-372330.2469813806,92722.57216391727,92722.57216391727,92622.57216391727,0.0,100.0,0.0,0.0,92722.57216391727,37331.924698138064,1,0.0,100.0
5267,29275.052216819757,0.0,-292750.52216819755,0.0,10.0,0.0,-0.0,0.1,0.333937292,33.3937292,0.0,0.0,100.0,1.0,0.11,-11.0,-1025.7147892933958,1025.7147892933958,0.0,-1025.7147892933958,1025.7147892933958,0.0,-87530.1615157525,87530.1615157525,0.0,0.0,34141.23377929688,34141.23377929688,0.0,0.0,26065.30509822264,26065.30509822264,0.0,-292761.52216819755,-292761.52216819755,89581.59109433928,89581.59109433928,89481.59109433928,0.0,100.0,0.0,0.0,89581.59109433928,29375.052216819757,1,0.0,100.0
5268,32557.84965329802,0.0,-325578.49653298024,0.0,10.0,0.0,-0.0,0.1,0.3539224039999999,35.39224039999999,0.0,0.0,100.0,1.0,0.11,-11.0,-1027.2074616700568,1027.2074616700568,0.0,-1027.2074616700568,1027.2074616700568,0.0,-91231.0991209264,91231.0991209264,0.0,0.0,33954.2609765625,33954.2609765625,0.0,0.0,26673.40341440599,26673.40341440599,0.0,-325589.49653298024,-325589.49653298024,93285.51404426651,93285.51404426651,93185.51404426651,0.0,100.0,0.0,0.0,93285.51404426651,32657.84965329802,1,0.0,100.0
5269,38012.839195183056,0.0,-380128.3919518306,0.0,10.0,0.0,-0.0,0.1,0.369071124,36.907112399999995,0.0,0.0,100.0,1.0,0.11,-11.0,-1103.5111222689673,1103.5111222689673,0.0,-1103.5111222689673,1103.5111222689673,0.0,-91994.02987485146,91994.02987485146,0.0,0.0,30962.6961328125,30962.6961328125,0.0,0.0,25125.51679139383,25125.51679139383,0.0,-380139.3919518306,-380139.3919518306,94201.05211938938,94201.0521193894,94101.05211938938,0.0,100.0,0.0,0.0,94201.0521193894,38112.83919518306,1,0.0,100.0
5270,45757.649938059665,0.0,-457576.4993805967,0.0,10.0,0.0,-0.0,0.1,0.380197807,38.0197807,0.0,0.0,100.0,1.0,0.08,-8.0,-1145.2469514900115,1145.2469514900115,0.0,-1145.2469514900115,1145.2469514900115,0.0,-92511.1978267658,92511.1978267658,0.0,0.0,27522.3965625,27522.3965625,0.0,0.0,21421.64522918616,21421.64522918616,0.0,-457584.4993805967,-457584.4993805967,94801.69172974583,94801.69172974583,94701.69172974583,0.0,100.0,0.0,0.0,94801.69172974583,45857.649938059665,1,0.0,100.0
5271,60110.5817569171,0.0,-601105.817569171,0.0,10.0,0.0,-0.0,0.1,0.406561662,40.6561662,0.0,0.0,100.0,1.0,0.08,-8.0,-1185.2571554903966,1185.2571554903966,0.0,-1185.2571554903966,1185.2571554903966,0.0,-95006.22168070047,95006.22168070047,0.0,0.0,20305.246376953124,20305.246376953124,0.0,0.0,16860.907857811042,16860.907857811042,0.0,-601113.817569171,-601113.817569171,97376.73599168126,97376.73599168127,97276.73599168126,0.0,100.0,0.0,0.0,97376.73599168127,60210.581756917105,1,0.0,100.0
5272,66581.73826716248,0.0,-665817.3826716248,0.0,10.0,0.0,-0.0,0.1,0.42631757,42.631757,0.0,0.0,100.0,1.0,0.08,-8.0,-1093.73898002816,1093.73898002816,0.0,-1093.73898002816,1093.73898002816,0.0,-86837.23758863569,86837.23758863569,0.0,0.0,11480.130087890624,11480.130087890624,0.0,0.0,10862.847193638916,10862.847193638916,0.0,-665825.3826716248,-665825.3826716248,89024.71554869202,89024.71554869201,88924.71554869202,0.0,100.0,0.0,0.0,89024.71554869201,66681.73826716247,1,0.0,100.0
5273,62020.39801422271,0.0,-620203.9801422271,0.0,10.0,0.0,-0.0,0.1,0.436847907,43.6847907,0.0,0.0,100.0,1.0,0.11,-11.0,-725.2265205039022,725.2265205039022,0.0,-725.2265205039022,725.2265205039022,0.0,-73205.54070794802,73205.54070794802,0.0,0.0,6731.020898437499,6731.020898437499,0.0,0.0,5804.574836295605,5804.574836295605,0.0,-620214.9801422271,-620214.9801422271,74655.9937489558,74655.99374895582,74555.9937489558,0.0,100.0,0.0,0.0,74655.99374895582,62120.398014222716,1,0.0,100.0
5274,69970.40086936219,0.0,-699704.0086936218,0.0,10.0,0.0,-0.0,0.1,0.434475169,43.4475169,0.0,0.0,100.0,1.0,0.11,-11.0,-707.4422066480345,707.4422066480345,0.0,-707.4422066480345,707.4422066480345,0.0,-71347.98805432164,71347.98805432164,0.0,0.0,1420.99330078125,1420.99330078125,0.0,0.0,1271.4782974742752,1271.4782974742752,0.0,-699715.0086936218,-699715.0086936218,72762.87246761771,72762.87246761771,72662.87246761771,0.0,100.0,0.0,0.0,72762.87246761771,70070.40086936219,1,0.0,100.0
5275,65268.29543874154,0.0,-652682.9543874154,0.0,10.0,0.0,-0.0,0.1,0.4316206729999999,43.16206729999999,0.0,0.0,100.0,1.0,0.11,-11.0,-580.6911285117059,580.6911285117059,0.0,-580.6911285117059,580.6911285117059,0.0,-64206.913181718126,64206.913181718126,0.0,0.0,0.0,0.0,0.0,0.0,0.0,0.0,0.0,-652693.9543874154,-652693.9543874154,65368.29543874154,65368.29543874154,65268.29543874154,0.0,100.0,0.0,0.0,65368.29543874154,65368.29543874154,1,0.0,100.0
5276,62802.99711437129,0.0,-628029.9711437129,0.0,10.0,0.0,-0.0,0.1,0.4312324839999999,43.123248399999994,0.0,0.0,100.0,1.0,0.11,-11.0,-288.39895503180486,288.39895503180486,0.0,-288.39895503180486,288.39895503180486,0.0,-62326.19920430768,62326.19920430768,0.0,0.0,0.0,0.0,0.0,0.0,0.0,0.0,0.0,-628040.9711437129,-628040.9711437129,62902.99711437129,62902.99711437129,62802.99711437129,0.0,100.0,0.0,0.0,62902.99711437129,62902.99711437129,1,0.0,100.0
5277,21484.72255852945,0.0,-214847.2255852945,0.0,10.0,0.0,-0.0,0.1,0.432056347,43.2056347,0.0,0.0,100.0,1.0,0.11,-11.0,-231.3634639333208,231.3634639333208,0.0,-231.3634639333208,231.3634639333208,0.0,-21121.99563066281,21121.99563066281,0.0,0.0,0.0,0.0,0.0,0.0,0.0,0.0,0.0,-214858.2255852945,-214858.2255852945,21584.72255852945,21584.72255852945,21484.72255852945,0.0,100.0,0.0,0.0,21584.72255852945,21584.72255852945,1,0.0,100.0
5278,18451.26261090642,0.0,-184512.62610906418,0.0,10.0,0.0,-0.0,0.1,0.425409947,42.5409947,0.0,0.0,100.0,1.0,0.11,-11.0,-206.92266558586337,206.92266558586337,0.0,-206.92266558586337,206.92266558586337,0.0,-18137.41727973469,18137.41727973469,0.0,0.0,0.0,0.0,0.0,0.0,0.0,0.0,0.0,-184523.62610906418,-184523.62610906418,18551.26261090642,18551.26261090642,18451.26261090642,0.0,100.0,0.0,0.0,18551.26261090642,18551.26261090642,1,0.0,100.0
5279,17706.372914641048,0.0,-177063.72914641048,0.0,10.0,0.0,-0.0,0.1,0.421949139,42.194913899999996,0.0,0.0,100.0,1.0,0.11,-11.0,-203.95299969992632,203.95299969992632,0.0,-203.95299969992632,203.95299969992632,0.0,-17398.466915241195,17398.466915241195,0.0,0.0,0.0,0.0,0.0,0.0,0.0,0.0,0.0,-177074.72914641048,-177074.72914641048,17806.372914641048,17806.372914641048,17706.372914641048,0.0,100.0,0.0,0.0,17806.372914641048,17806.372914641048,1,0.0,100.0
5280,17706.27137391453,0.0,-177062.71373914529,0.0,10.0,0.0,-0.0,0.1,0.431727611,43.1727611,0.0,0.0,100.0,1.0,0.08,-8.0,-203.90224445159103,203.90224445159103,0.0,-203.90224445159103,203.90224445159103,0.0,-17398.46688501135,17398.46688501135,0.0,0.0,0.0,0.0,0.0,0.0,0.0,0.0,0.0,-177070.71373914529,-177070.71373914529,17806.27137391453,17806.27137391453,17706.27137391453,0.0,100.0,0.0,0.0,17806.27137391453,17806.27137391453,1,0.0,100.0
5281,17706.14741059691,0.0,-177061.4741059691,0.0,10.0,0.0,-0.0,0.1,0.448995536,44.8995536,0.0,0.0,100.0,1.0,0.08,-8.0,-203.84026581576424,203.84026581576424,0.0,-203.84026581576424,203.84026581576424,0.0,-17398.46687896538,17398.46687896538,0.0,0.0,0.0,0.0,0.0,0.0,0.0,0.0,0.0,-177069.4741059691,-177069.4741059691,17806.14741059691,17806.14741059691,17706.14741059691,0.0,100.0,0.0,0.0,17806.14741059691,17806.14741059691,1,0.0,100.0
5282,17706.065032734597,0.0,-177060.65032734597,0.0,10.0,0.0,-0.0,0.1,0.456806676,45.6806676,0.0,0.0,100.0,1.0,0.08,-8.0,-203.7990799075926,203.7990799075926,0.0,-203.7990799075926,203.7990799075926,0.0,-17398.466872919413,17398.466872919413,0.0,0.0,0.0,0.0,0.0,0.0,0.0,0.0,0.0,-177068.65032734597,-177068.65032734597,17806.065032734597,17806.065032734597,17706.065032734597,0.0,100.0,0.0,0.0,17806.065032734597,17806.065032734597,1,0.0,100.0
5283,18447.24092449772,0.0,-184472.4092449772,0.0,10.0,0.0,-0.0,0.1,0.457135122,45.713512200000004,0.0,0.0,100.0,1.0,0.08,-8.0,-204.9118435424082,204.9118435424082,0.0,-204.9118435424082,204.9118435424082,0.0,-18137.417237412905,18137.417237412905,0.0,0.0,0.0,0.0,0.0,0.0,0.0,0.0,0.0,-184480.4092449772,-184480.4092449772,18547.24092449772,18547.24092449772,18447.24092449772,0.0,100.0,0.0,0.0,18547.24092449772,18547.24092449772,1,0.0,100.0
5284,20398.48990187468,0.0,-203984.8990187468,0.0,10.0,0.0,-0.0,0.1,0.413174966,41.3174966,0.0,0.0,100.0,1.0,0.08,-8.0,-204.7547436912597,204.7547436912597,0.0,-204.7547436912597,204.7547436912597,0.0,-20088.98041449216,20088.98041449216,0.0,0.0,0.0,0.0,0.0,0.0,0.0,0.0,0.0,-203992.8990187468,-203992.8990187468,20498.48990187468,20498.48990187468,20398.48990187468,0.0,100.0,0.0,0.0,20498.48990187468,20498.48990187468,1,0.0,100.0
5285,44845.51658987795,0.0,-448455.1658987795,0.0,10.0,0.0,-0.0,0.1,0.3669040389999999,36.69040389999999,0.0,0.0,100.0,1.0,0.11,-11.0,-460.4176839859208,460.4176839859208,0.0,-460.4176839859208,460.4176839859208,0.0,-46044.01911087762,46044.01911087762,0.0,0.0,1383.5987402343749,1383.5987402343749,0.0,0.0,635.7391487371376,635.7391487371376,0.0,-448466.1658987795,-448466.1658987795,46964.85447884946,46964.85447884946,46864.85447884946,0.0,100.0,0.0,0.0,46964.85447884946,44945.51658987795,1,0.0,100.0
5286,47436.519247221644,0.0,-474365.19247221644,0.0,10.0,0.0,-0.0,0.1,0.340022277,34.0022277,0.0,0.0,100.0,1.0,0.11,-11.0,-508.3157355446863,508.3157355446863,0.0,-508.3157355446863,508.3157355446863,0.0,-56819.848396299705,56819.848396299705,0.0,0.0,6319.680732421874,6319.680732421874,0.0,0.0,3980.279887745557,3980.279887745557,0.0,-474376.19247221644,-474376.19247221644,57836.47986738908,57836.47986738908,57736.47986738908,0.0,100.0,0.0,0.0,57836.47986738908,47536.519247221644,1,0.0,100.0
5287,75168.40814282281,0.0,-751684.0814282281,0.0,10.0,0.0,-0.0,0.1,0.321826754,32.1826754,0.0,0.0,100.0,1.0,0.11,-11.0,-803.9099723970859,803.9099723970859,0.0,-803.9099723970859,803.9099723970859,0.0,-91566.51234700328,91566.51234700328,0.0,0.0,9199.061894531247,9199.061894531247,0.0,0.0,8706.862254443406,8706.862254443406,0.0,-751695.0814282281,-751695.0814282281,93174.33229179746,93174.33229179746,93074.33229179746,0.0,100.0,0.0,0.0,93174.33229179746,75268.40814282281,1,0.0,100.0
5288,57207.492913108326,0.0,-572074.9291310833,0.0,10.0,0.0,-0.0,0.1,0.3080744019999999,30.80744019999999,0.0,0.0,100.0,1.0,0.11,-11.0,-878.8476587785017,878.8476587785017,0.0,-878.8476587785017,878.8476587785017,0.0,-90690.00605788104,90690.00605788104,0.0,0.0,21015.74302734375,21015.74302734375,0.0,0.0,14124.46543498597,14124.46543498597,0.0,-572085.9291310833,-572085.9291310833,92447.70137543805,92447.70137543805,92347.70137543805,0.0,100.0,0.0,0.0,92447.70137543805,57307.492913108326,1,0.0,100.0
5289,52767.902691359166,0.0,-527679.0269135917,0.0,10.0,0.0,-0.0,0.1,0.310106805,31.0106805,0.0,0.0,100.0,1.0,0.11,-11.0,-928.2814525481562,928.2814525481562,0.0,-928.2814525481562,928.2814525481562,0.0,-89244.01755288543,89244.01755288543,0.0,0.0,22062.79072265625,22062.79072265625,0.0,0.0,16169.887043966326,16169.887043966326,0.0,-527690.0269135917,-527690.0269135917,91100.58045798173,91100.58045798175,91000.58045798173,0.0,100.0,0.0,0.0,91100.58045798175,52867.90269135917,1,0.0,100.0
5290,42493.88630696332,0.0,-424938.86306963325,0.0,10.0,0.0,-0.0,0.1,0.314183334,31.418333399999998,0.0,0.0,100.0,1.0,0.11,-11.0,-1007.7901950187916,1007.7901950187916,0.0,-1007.7901950187916,1007.7901950187916,0.0,-90398.72097376552,90398.72097376552,0.0,0.0,27597.18568359375,27597.18568359375,0.0,0.0,22223.229373246028,22223.229373246028,0.0,-424949.86306963325,-424949.86306963325,92414.3013638031,92414.3013638031,92314.3013638031,0.0,100.0,0.0,0.0,92414.3013638031,42593.88630696332,1,0.0,100.0
5291,36249.48416002358,0.0,-362494.8416002358,0.0,10.0,0.0,-0.0,0.1,0.33932317,33.932317,0.0,0.0,100.0,1.0,0.11,-11.0,-1088.591106994633,1088.591106994633,0.0,-1088.591106994633,1088.591106994633,0.0,-87382.59596235544,87382.59596235544,0.0,0.0,31374.036298828123,31374.036298828123,0.0,0.0,21836.257717492987,21836.257717492987,0.0,-362505.8416002358,-362505.8416002358,89559.7781763447,89559.7781763447,89459.7781763447,0.0,100.0,0.0,0.0,89559.7781763447,36349.48416002359,1,0.0,100.0
5292,41687.23931144281,0.0,-416872.39311442815,0.0,10.0,0.0,-0.0,0.1,0.3616241129999999,36.16241129999999,0.0,0.0,100.0,1.0,0.11,-11.0,-1118.2611369096217,1118.2611369096217,0.0,-1118.2611369096217,1118.2611369096217,0.0,-91157.81114638469,91157.81114638469,0.0,0.0,32009.743828125,32009.743828125,0.0,0.0,19597.35028063611,19597.35028063611,0.0,-416883.39311442815,-416883.39311442815,93394.33342020393,93394.33342020393,93294.33342020393,0.0,100.0,0.0,0.0,93394.33342020393,41787.23931144281,1,0.0,100.0
5293,45230.70553654649,0.0,-452307.0553654649,0.0,10.0,0.0,-0.0,0.1,0.3751029879999999,37.510298799999994,0.0,0.0,100.0,1.0,0.11,-11.0,-1162.756084942645,1162.756084942645,0.0,-1162.756084942645,1162.756084942645,0.0,-91269.43032671988,91269.43032671988,0.0,0.0,30850.512451171875,30850.512451171875,0.0,0.0,17413.72450888681,17413.72450888681,0.0,-452318.0553654649,-452318.0553654649,93594.94249660517,93594.94249660517,93494.94249660517,0.0,100.0,0.0,0.0,93594.94249660517,45330.70553654649,1,0.0,100.0
5294,46269.290316170125,0.0,-462692.9031617013,0.0,10.0,0.0,-0.0,0.1,0.381507015,38.150701500000004,0.0,0.0,100.0,1.0,0.08,-8.0,-1199.280211079341,1199.280211079341,0.0,-1199.280211079341,1199.280211079341,0.0,-91467.82114266856,91467.82114266856,0.0,0.0,24942.171884765623,24942.171884765623,0.0,0.0,22554.91936389149,22554.91936389149,0.0,-462700.9031617013,-462700.9031617013,93866.38156482724,93866.38156482724,93766.38156482724,0.0,100.0,0.0,0.0,93866.38156482724,46369.290316170125,1,0.0,100.0
5295,58658.60672700922,0.0,-586586.0672700922,0.0,10.0,0.0,-0.0,0.1,0.40491626,40.491626,0.0,0.0,100.0,1.0,0.08,-8.0,-1227.8983474811148,1227.8983474811148,0.0,-1227.8983474811148,1227.8983474811148,0.0,-94842.8408984927,94842.8408984927,0.0,0.0,21015.74302734375,21015.74302734375,0.0,0.0,17524.287839101966,17524.287839101966,0.0,-586594.0672700922,-586594.0672700922,97298.63759345493,97298.63759345493,97198.63759345493,0.0,100.0,0.0,0.0,97298.63759345493,58758.60672700922,1,0.0,100.0
5296,63238.97223462732,0.0,-632389.7223462733,0.0,10.0,0.0,-0.0,0.1,0.439143713,43.9143713,0.0,0.0,100.0,1.0,0.08,-8.0,-1052.111654487518,1052.111654487518,0.0,-1052.111654487518,1052.111654487518,0.0,-87912.34938608918,87912.34938608918,0.0,0.0,13686.40916015625,13686.40916015625,0.0,0.0,12991.191300280638,12991.191300280638,0.0,-632397.7223462733,-632397.7223462733,90016.57269506421,90016.57269506421,89916.57269506421,0.0,100.0,0.0,0.0,90016.57269506421,63338.97223462733,1,0.0,100.0
5297,63479.9336018024,0.0,-634799.336018024,0.0,10.0,0.0,-0.0,0.1,0.453249826,45.324982600000006,0.0,0.0,100.0,1.0,0.11,-11.0,-684.7202659065301,684.7202659065301,0.0,-684.7202659065301,684.7202659065301,0.0,-75440.38194085835,75440.38194085835,0.0,0.0,6319.680732421874,6319.680732421874,0.0,0.0,6910.208138447148,6910.208138447148,0.0,-634810.336018024,-634810.336018024,76809.82247267143,76809.82247267141,76709.82247267143,0.0,100.0,0.0,0.0,76809.82247267141,63579.93360180239,1,0.0,100.0
5298,71925.69596726476,0.0,-719256.9596726476,0.0,10.0,0.0,-0.0,0.1,0.451954759,45.1954759,0.0,0.0,100.0,1.0,0.11,-11.0,-688.3549042584126,688.3549042584126,0.0,-688.3549042584126,688.3549042584126,0.0,-73819.48528698548,73819.48528698548,0.0,0.0,1346.2041796875,1346.2041796875,0.0,0.0,1824.2949485500471,1824.2949485500471,0.0,-719267.9596726476,-719267.9596726476,75196.1950955023,75196.1950955023,75096.1950955023,0.0,100.0,0.0,0.0,75196.1950955023,72025.69596726476,1,0.0,100.0
5299,67455.84186747977,0.0,-674558.4186747978,0.0,10.0,0.0,-0.0,0.1,0.442603305,44.2603305,0.0,0.0,100.0,1.0,0.11,-11.0,-595.8822797630087,595.8822797630087,0.0,-595.8822797630087,595.8822797630087,0.0,-66364.07730795376,66364.07730795376,0.0,0.0,0.0,0.0,0.0,0.0,0.0,0.0,0.0,-674569.4186747978,-674569.4186747978,67555.84186747977,67555.84186747977,67455.84186747977,0.0,100.0,0.0,0.0,67555.84186747977,67555.84186747977,1,0.0,100.0
5300,64427.81086439332,0.0,-644278.1086439332,0.0,10.0,0.0,-0.0,0.1,0.4333892479999999,43.33892479999999,0.0,0.0,100.0,1.0,0.11,-11.0,-243.68890515439136,243.68890515439136,0.0,-243.68890515439136,243.68890515439136,0.0,-64040.43305408454,64040.43305408454,0.0,0.0,0.0,0.0,0.0,0.0,0.0,0.0,0.0,-644289.1086439332,-644289.1086439332,64527.81086439332,64527.81086439332,64427.81086439332,0.0,100.0,0.0,0.0,64527.81086439332,64527.81086439332,1,0.0,100.0
5301,21554.49428861469,0.0,-215544.9428861469,0.0,10.0,0.0,-0.0,0.1,0.424280592,42.4280592,0.0,0.0,100.0,1.0,0.11,-11.0,-266.24934106788027,266.24934106788027,0.0,-266.24934106788027,266.24934106788027,0.0,-21121.99560647893,21121.99560647893,0.0,0.0,0.0,0.0,0.0,0.0,0.0,0.0,0.0,-215555.9428861469,-215555.9428861469,21654.49428861469,21654.49428861469,21554.49428861469,0.0,100.0,0.0,0.0,21654.49428861469,21654.49428861469,1,0.0,100.0
5302,18451.296693964225,0.0,-184512.96693964224,0.0,10.0,0.0,-0.0,0.1,0.414346458,41.4346458,0.0,0.0,100.0,1.0,0.11,-11.0,-206.93971920670725,206.93971920670725,0.0,-206.93971920670725,206.93971920670725,0.0,-18137.41725555081,18137.41725555081,0.0,0.0,0.0,0.0,0.0,0.0,0.0,0.0,0.0,-184523.96693964224,-184523.96693964224,18551.296693964225,18551.296693964225,18451.296693964225,0.0,100.0,0.0,0.0,18551.296693964225,18551.296693964225,1,0.0,100.0
5303,17706.31329703299,0.0,-177063.1329703299,0.0,10.0,0.0,-0.0,0.1,0.4193350389999999,41.93350389999999,0.0,0.0,100.0,1.0,0.11,-11.0,-203.9232060108205,203.9232060108205,0.0,-203.9232060108205,203.9232060108205,0.0,-17398.46688501135,17398.46688501135,0.0,0.0,0.0,0.0,0.0,0.0,0.0,0.0,0.0,-177074.1329703299,-177074.1329703299,17806.31329703299,17806.31329703299,17706.31329703299,0.0,100.0,0.0,0.0,17806.31329703299,17806.31329703299,1,0.0,100.0
5304,17706.229609565202,0.0,-177062.296095652,0.0,10.0,0.0,-0.0,0.1,0.433693176,43.3693176,0.0,0.0,100.0,1.0,0.08,-8.0,-203.88137134588032,203.88137134588032,0.0,-203.88137134588032,203.88137134588032,0.0,-17398.46686687344,17398.46686687344,0.0,0.0,0.0,0.0,0.0,0.0,0.0,0.0,0.0,-177070.296095652,-177070.296095652,17806.229609565202,17806.229609565202,17706.229609565202,0.0,100.0,0.0,0.0,17806.229609565202,17806.229609565202,1,0.0,100.0
5305,17706.12429717797,0.0,-177061.2429717797,0.0,10.0,0.0,-0.0,0.1,0.4437130999999999,44.371309999999994,0.0,0.0,100.0,1.0,0.08,-8.0,-203.82871212927697,203.82871212927697,0.0,-203.82871212927697,203.82871212927697,0.0,-17398.466872919413,17398.466872919413,0.0,0.0,0.0,0.0,0.0,0.0,0.0,0.0,0.0,-177069.2429717797,-177069.2429717797,17806.12429717797,17806.12429717797,17706.12429717797,0.0,100.0,0.0,0.0,17806.12429717797,17806.12429717797,1,0.0,100.0
5306,17705.887408759252,0.0,-177058.87408759253,0.0,10.0,0.0,-0.0,0.1,0.448222936,44.8222936,0.0,0.0,100.0,1.0,0.08,-8.0,-203.7102709429063,203.7102709429063,0.0,-203.7102709429063,203.7102709429063,0.0,-17398.46686687344,17398.46686687344,0.0,0.0,0.0,0.0,0.0,0.0,0.0,0.0,0.0,-177066.87408759253,-177066.87408759253,17805.887408759252,17805.887408759252,17705.887408759252,0.0,100.0,0.0,0.0,17805.887408759252,17805.887408759252,1,0.0,100.0
5307,18447.038482155418,0.0,-184470.38482155418,0.0,10.0,0.0,-0.0,0.1,0.45450391,45.450391,0.0,0.0,100.0,1.0,0.08,-8.0,-204.8106253942408,204.8106253942408,0.0,-204.8106253942408,204.8106253942408,0.0,-18137.417231366937,18137.417231366937,0.0,0.0,0.0,0.0,0.0,0.0,0.0,0.0,0.0,-184478.38482155418,-184478.38482155418,18547.038482155418,18547.038482155418,18447.038482155418,0.0,100.0,0.0,0.0,18547.038482155418,18547.038482155418,1,0.0,100.0
5308,20398.399631420536,0.0,-203983.99631420535,0.0,10.0,0.0,-0.0,0.1,0.430498317,43.0498317,0.0,0.0,100.0,1.0,0.08,-8.0,-204.7096447400055,204.7096447400055,0.0,-204.7096447400055,204.7096447400055,0.0,-20088.980341940525,20088.980341940525,0.0,0.0,0.0,0.0,0.0,0.0,0.0,0.0,0.0,-203991.99631420535,-203991.99631420535,20498.399631420536,20498.399631420536,20398.399631420536,0.0,100.0,0.0,0.0,20498.399631420536,20498.399631420536,1,0.0,100.0
5309,50879.58033025384,0.0,-508795.8033025384,0.0,10.0,0.0,-0.0,0.1,0.4067243229999999,40.67243229999999,0.0,0.0,100.0,1.0,0.11,-11.0,-448.05385364480645,448.05385364480645,0.0,-448.05385364480645,448.05385364480645,0.0,-51871.93012351234,51871.93012351234,0.0,0.0,1346.2041796875,1346.2041796875,0.0,0.0,442.2533208606175,442.2533208606175,0.0,-508806.8033025384,-508806.8033025384,52768.03783080196,52768.03783080196,52668.03783080196,0.0,100.0,0.0,0.0,52768.03783080196,50979.58033025384,1,0.0,100.0
5310,50422.04408388221,0.0,-504220.4408388221,0.0,10.0,0.0,-0.0,0.1,0.3817167279999999,38.17167279999999,0.0,0.0,100.0,1.0,0.11,-11.0,-488.0775788157661,488.0775788157661,0.0,-488.0775788157661,488.0775788157661,0.0,-59548.28179402832,59548.28179402832,0.0,0.0,6768.415458984375,6768.415458984375,0.0,0.0,3233.977408793265,3233.977408793265,0.0,-504231.4408388221,-504231.4408388221,60524.43695165985,60524.43695165985,60424.43695165985,0.0,100.0,0.0,0.0,60524.43695165985,50522.04408388221,1,0.0,100.0
5311,71738.96600515583,0.0,-717389.6600515583,0.0,10.0,0.0,-0.0,0.1,0.3404247,34.04247,0.0,0.0,100.0,1.0,0.11,-11.0,-783.0831955766907,783.0831955766907,0.0,-783.0831955766907,783.0831955766907,0.0,-94698.40334841765,94698.40334841765,0.0,0.0,15331.769824218749,15331.769824218749,0.0,0.0,9093.833910196448,9093.833910196448,0.0,-717400.6600515583,-717400.6600515583,96264.56973957103,96264.56973957103,96164.56973957103,0.0,100.0,0.0,0.0,96264.56973957103,71838.96600515583,1,0.0,100.0
5312,58031.90905929865,0.0,-580319.0905929864,0.0,10.0,0.0,-0.0,0.1,0.3165765239999999,31.657652399999993,0.0,0.0,100.0,1.0,0.11,-11.0,-859.0841781926731,859.0841781926731,0.0,-859.0841781926731,859.0841781926731,0.0,-95153.64394461663,95153.64394461663,0.0,0.0,23371.600341796875,23371.600341796875,0.0,0.0,15368.302899906455,15368.302899906455,0.0,-580330.0905929864,-580330.0905929864,96871.81230100198,96871.81230100198,96771.81230100198,0.0,100.0,0.0,0.0,96871.81230100198,58131.90905929865,1,0.0,100.0
5313,47758.45861579008,0.0,-477584.58615790075,0.0,10.0,0.0,-0.0,0.1,0.308833867,30.8833867,0.0,0.0,100.0,1.0,0.11,-11.0,-928.7928180727422,928.7928180727422,0.0,-928.7928180727422,928.7928180727422,0.0,-93187.3071867471,93187.3071867471,0.0,0.0,27036.267275390623,27036.267275390623,0.0,0.0,20150.166931711883,20150.166931711883,0.0,-477595.58615790075,-477595.58615790075,95044.89282289258,95044.89282289258,94944.89282289258,0.0,100.0,0.0,0.0,95044.89282289258,47858.45861579008,1,0.0,100.0
5314,46316.1295113361,0.0,-463161.295113361,0.0,10.0,0.0,-0.0,0.1,0.314248073,31.4248073,0.0,0.0,100.0,1.0,0.11,-11.0,-1005.225400721322,1005.225400721322,0.0,-1005.225400721322,1005.225400721322,0.0,-93174.27987546512,93174.27987546512,0.0,0.0,24306.46435546875,24306.46435546875,0.0,0.0,24462.136810102904,24462.136810102904,0.0,-463172.295113361,-463172.295113361,95184.73067690775,95184.73067690775,95084.73067690775,0.0,100.0,0.0,0.0,95184.73067690775,46416.1295113361,1,0.0,100.0
5315,30577.82156877191,0.0,-305778.2156877191,0.0,10.0,0.0,-0.0,0.1,0.313186912,31.3186912,0.0,0.0,100.0,1.0,0.11,-11.0,-1079.8398811250845,1079.8398811250845,0.0,-1079.8398811250845,1079.8398811250845,0.0,-90618.84046052812,90618.84046052812,0.0,0.0,35150.886914062496,35150.886914062496,0.0,0.0,26949.81173994388,26949.81173994388,0.0,-305789.2156877191,-305789.2156877191,92778.52022277829,92778.52022277829,92678.52022277829,0.0,100.0,0.0,0.0,92778.52022277829,30677.821568771906,1,0.0,100.0
5316,38820.51382732396,0.0,-388205.1382732396,0.0,10.0,0.0,-0.0,0.1,0.318356802,31.8356802,0.0,0.0,100.0,1.0,0.11,-11.0,-1125.269270708268,1125.269270708268,0.0,-1125.269270708268,1125.269270708268,0.0,-93133.84902532876,93133.84902532876,0.0,0.0,29541.70283203125,29541.70283203125,0.0,0.0,26922.17090739009,26922.17090739009,0.0,-388216.1382732396,-388216.1382732396,95384.3875667453,95384.3875667453,95284.3875667453,0.0,100.0,0.0,0.0,95384.3875667453,38920.51382732396,1,0.0,100.0
5317,39389.22460717223,0.0,-393892.24607172236,0.0,10.0,0.0,-0.0,0.1,0.349570095,34.957009500000005,0.0,0.0,100.0,1.0,0.11,-11.0,-1191.0324547724438,1191.0324547724438,0.0,-1191.0324547724438,1191.0324547724438,0.0,-93252.30625780698,93252.30625780698,0.0,0.0,30439.172285156248,30439.172285156248,0.0,0.0,25705.97427502339,25705.97427502339,0.0,-393903.24607172236,-393903.24607172236,95634.37116735187,95634.37116735187,95534.37116735187,0.0,100.0,0.0,0.0,95634.37116735187,39489.22460717223,1,0.0,100.0
5318,47726.73331879833,0.0,-477267.3331879833,0.0,10.0,0.0,-0.0,0.1,0.3694174289999999,36.941742899999994,0.0,0.0,100.0,1.0,0.08,-8.0,-1236.562296422681,1236.562296422681,0.0,-1236.562296422681,1236.562296422681,0.0,-93400.24430339466,93400.24430339466,0.0,0.0,25353.51205078125,25353.51205078125,0.0,0.0,22693.123526660434,22693.123526660434,0.0,-477275.3331879833,-477275.3331879833,95873.36889624002,95873.36889624002,95773.36889624002,0.0,100.0,0.0,0.0,95873.36889624002,47826.73331879833,1,0.0,100.0
5319,58299.630041973855,0.0,-582996.3004197385,0.0,10.0,0.0,-0.0,0.1,0.380673746,38.0673746,0.0,0.0,100.0,1.0,0.08,-8.0,-1231.6912013114738,1231.6912013114738,0.0,-1231.6912013114738,1231.6912013114738,0.0,-96388.3253868442,96388.3253868442,0.0,0.0,21988.0016015625,21988.0016015625,0.0,0.0,18464.07614593078,18464.07614593078,0.0,-583004.3004197385,-583004.3004197385,98851.70778946714,98851.70778946714,98751.70778946714,0.0,100.0,0.0,0.0,98851.70778946714,58399.630041973855,1,0.0,100.0
5320,63334.5114047435,0.0,-633345.114047435,0.0,10.0,0.0,-0.0,0.1,0.4029492079999999,40.294920799999986,0.0,0.0,100.0,1.0,0.08,-8.0,-1012.2688205282268,1012.2688205282268,0.0,-1012.2688205282268,1012.2688205282268,0.0,-89571.95094714011,89571.95094714011,0.0,0.0,15668.320869140623,15668.320869140623,0.0,0.0,12493.656314312444,12493.656314312444,0.0,-633353.114047435,-633353.114047435,91596.48858819657,91596.48858819656,91496.48858819657,0.0,100.0,0.0,0.0,91596.48858819656,63434.51140474349,1,0.0,100.0
5321,63619.48112893535,0.0,-636194.8112893535,0.0,10.0,0.0,-0.0,0.1,0.4362045979999999,43.62045979999999,0.0,0.0,100.0,1.0,0.11,-11.0,-675.5020221945244,675.5020221945244,0.0,-675.5020221945244,675.5020221945244,0.0,-76892.52917284619,76892.52917284619,0.0,0.0,7890.252275390625,7890.252275390625,0.0,0.0,6633.799812909262,6633.799812909262,0.0,-636205.8112893535,-636205.8112893535,78243.53321723524,78243.53321723524,78143.53321723524,0.0,100.0,0.0,0.0,78243.53321723524,63719.48112893535,1,0.0,100.0
5322,73308.14476956692,0.0,-733081.4476956693,0.0,10.0,0.0,-0.0,0.1,0.451653586,45.1653586,0.0,0.0,100.0,1.0,0.11,-11.0,-685.3118797772239,685.3118797772239,0.0,-685.3118797772239,685.3118797772239,0.0,-75183.62000854718,75183.62000854718,0.0,0.0,1570.57154296875,1570.57154296875,0.0,0.0,1575.5274555659498,1575.5274555659498,0.0,-733092.4476956693,-733092.4476956693,76554.24376810162,76554.24376810163,76454.24376810162,0.0,100.0,0.0,0.0,76554.24376810163,73408.14476956693,1,0.0,100.0
5323,68588.0668550658,0.0,-685880.668550658,0.0,10.0,0.0,-0.0,0.1,0.45176583,45.176583,0.0,0.0,100.0,1.0,0.11,-11.0,-572.4195332701867,572.4195332701867,0.0,-572.4195332701867,572.4195332701867,0.0,-67543.22778852543,67543.22778852543,0.0,0.0,0.0,0.0,0.0,0.0,0.0,0.0,0.0,-685891.668550658,-685891.668550658,68688.0668550658,68688.0668550658,68588.0668550658,0.0,100.0,0.0,0.0,68688.0668550658,68688.0668550658,1,0.0,100.0
5324,66722.79688580259,0.0,-667227.9688580259,0.0,10.0,0.0,-0.0,0.1,0.448518253,44.851825299999994,0.0,0.0,100.0,1.0,0.11,-11.0,-218.71486175634985,218.71486175634985,0.0,-218.71486175634985,218.71486175634985,0.0,-66385.36716228988,66385.36716228988,0.0,0.0,0.0,0.0,0.0,0.0,0.0,0.0,0.0,-667238.9688580259,-667238.9688580259,66822.79688580259,66822.79688580259,66722.79688580259,0.0,100.0,0.0,0.0,66822.79688580259,66822.79688580259,1,0.0,100.0
5325,21452.306021376316,0.0,-214523.06021376315,0.0,10.0,0.0,-0.0,0.1,0.4421761329999999,44.21761329999999,0.0,0.0,100.0,1.0,0.11,-11.0,-215.15522558660228,215.15522558660228,0.0,-215.15522558660228,215.15522558660228,0.0,-21121.99557020311,21121.99557020311,0.0,0.0,0.0,0.0,0.0,0.0,0.0,0.0,0.0,-214534.06021376315,-214534.06021376315,21552.306021376316,21552.306021376316,21452.306021376316,0.0,100.0,0.0,0.0,21552.306021376316,21552.306021376316,1,0.0,100.0
5326,18451.34655321406,0.0,-184513.46553214063,0.0,10.0,0.0,-0.0,0.1,0.434134972,43.4134972,0.0,0.0,100.0,1.0,0.11,-11.0,-206.9646730155052,206.9646730155052,0.0,-206.9646730155052,206.9646730155052,0.0,-18137.41720718305,18137.41720718305,0.0,0.0,0.0,0.0,0.0,0.0,0.0,0.0,0.0,-184524.46553214063,-184524.46553214063,18551.34655321406,18551.34655321406,18451.34655321406,0.0,100.0,0.0,0.0,18551.34655321406,18551.34655321406,1,0.0,100.0
5327,17706.404275390436,0.0,-177064.04275390436,0.0,10.0,0.0,-0.0,0.1,0.43528113,43.528113000000005,0.0,0.0,100.0,1.0,0.11,-11.0,-203.96871635043644,203.96871635043644,0.0,-203.96871635043644,203.96871635043644,0.0,-17398.466842689562,17398.466842689562,0.0,0.0,0.0,0.0,0.0,0.0,0.0,0.0,0.0,-177075.04275390436,-177075.04275390436,17806.404275390436,17806.404275390436,17706.404275390436,0.0,100.0,0.0,0.0,17806.404275390436,17806.404275390436,1,0.0,100.0
5328,17706.15380343615,0.0,-177061.5380343615,0.0,10.0,0.0,-0.0,0.1,0.441710525,44.1710525,0.0,0.0,100.0,1.0,0.08,-8.0,-203.843486419262,203.843486419262,0.0,-203.843486419262,203.843486419262,0.0,-17398.466830597627,17398.466830597627,0.0,0.0,0.0,0.0,0.0,0.0,0.0,0.0,0.0,-177069.5380343615,-177069.5380343615,17806.15380343615,17806.15380343615,17706.15380343615,0.0,100.0,0.0,0.0,17806.15380343615,17806.15380343615,1,0.0,100.0
5329,17705.936799610805,0.0,-177059.36799610805,0.0,10.0,0.0,-0.0,0.1,0.4455805029999999,44.55805029999999,0.0,0.0,100.0,1.0,0.08,-8.0,-203.73498148360667,203.73498148360667,0.0,-203.73498148360667,203.73498148360667,0.0,-17398.46683664359,17398.46683664359,0.0,0.0,0.0,0.0,0.0,0.0,0.0,0.0,0.0,-177067.36799610805,-177067.36799610805,17805.936799610805,17805.936799610805,17705.936799610805,0.0,100.0,0.0,0.0,17805.936799610805,17805.936799610805,1,0.0,100.0
5330,17705.893428369163,0.0,-177058.93428369163,0.0,10.0,0.0,-0.0,0.1,0.443871657,44.3871657,0.0,0.0,100.0,1.0,0.08,-8.0,-203.7132928398001,203.7132928398001,0.0,-203.7132928398001,203.7132928398001,0.0,-17398.466842689562,17398.466842689562,0.0,0.0,0.0,0.0,0.0,0.0,0.0,0.0,0.0,-177066.93428369163,-177066.93428369163,17805.893428369163,17805.893428369163,17705.893428369163,0.0,100.0,0.0,0.0,17805.893428369163,17805.893428369163,1,0.0,100.0
5331,18456.48005129521,0.0,-184564.8005129521,0.0,10.0,0.0,-0.0,0.1,0.4414049029999999,44.14049029999999,0.0,0.0,100.0,1.0,0.08,-8.0,-209.53141601010384,209.53141601010384,0.0,-209.53141601010384,209.53141601010384,0.0,-18137.417219275,18137.417219275,0.0,0.0,0.0,0.0,0.0,0.0,0.0,0.0,0.0,-184572.8005129521,-184572.8005129521,18556.48005129521,18556.48005129521,18456.48005129521,0.0,100.0,0.0,0.0,18556.48005129521,18556.48005129521,1,0.0,100.0
5332,20922.601894971995,0.0,-209226.01894971996,0.0,10.0,0.0,-0.0,0.1,0.410435344,41.0435344,0.0,0.0,100.0,1.0,0.08,-8.0,-208.5370404226008,208.5370404226008,0.0,-208.5370404226008,208.5370404226008,0.0,-20605.52781412679,20605.52781412679,0.0,0.0,0.0,0.0,0.0,0.0,0.0,0.0,0.0,-209234.01894971996,-209234.01894971996,21022.601894971995,21022.601894971995,20922.601894971995,0.0,100.0,0.0,0.0,21022.601894971995,21022.601894971995,1,0.0,100.0
5333,56298.41131831014,0.0,-562984.1131831014,0.0,10.0,0.0,-0.0,0.1,0.372110393,37.211039299999996,0.0,0.0,100.0,1.0,0.11,-11.0,-451.8355595702415,451.8355595702415,0.0,-451.8355595702415,451.8355595702415,0.0,-57354.74611796059,57354.74611796059,0.0,0.0,1196.6259375,1196.6259375,0.0,0.0,663.3799812909263,663.3799812909263,0.0,-562995.1131831014,-562995.1131831014,58258.41723710107,58258.41723710107,58158.41723710107,0.0,100.0,0.0,0.0,58258.41723710107,56398.41131831014,1,0.0,100.0
5334,55416.604807202864,0.0,-554166.0480720287,0.0,10.0,0.0,-0.0,0.1,0.345384295,34.5384295,0.0,0.0,100.0,1.0,0.11,-11.0,-498.2341478317701,498.2341478317701,0.0,-498.2341478317701,498.2341478317701,0.0,-64672.13924094472,64672.13924094472,0.0,0.0,6282.286171875,6282.286171875,0.0,0.0,3869.716557530403,3869.716557530403,0.0,-554177.0480720287,-554177.0480720287,65668.60753660827,65668.60753660827,65568.60753660827,0.0,100.0,0.0,0.0,65668.60753660827,55516.604807202864,1,0.0,100.0
5335,74607.698919027,0.0,-746076.98919027,0.0,10.0,0.0,-0.0,0.1,0.32607893,32.607893,0.0,0.0,100.0,1.0,0.11,-11.0,-794.8553697869154,794.8553697869154,0.0,-794.8553697869154,794.8553697869154,0.0,-95524.25402489686,95524.25402489686,0.0,0.0,13948.171083984374,13948.171083984374,0.0,0.0,8458.09476145931,8458.09476145931,0.0,-746087.98919027,-746087.98919027,97113.96476447067,97113.96476447069,97013.96476447067,0.0,100.0,0.0,0.0,97113.96476447069,74707.698919027,1,0.0,100.0
5336,59811.1223786857,0.0,-598111.223786857,0.0,10.0,0.0,-0.0,0.1,0.313058366,31.3058366,0.0,0.0,100.0,1.0,0.11,-11.0,-870.557542273932,870.557542273932,0.0,-870.557542273932,870.557542273932,0.0,-91328.39890580396,91328.39890580396,0.0,0.0,17126.70873046875,17126.70873046875,0.0,0.0,16031.682881197385,16031.682881197385,0.0,-598122.223786857,-598122.223786857,93069.51399035184,93069.51399035183,92969.51399035184,0.0,100.0,0.0,0.0,93069.51399035183,59911.12237868569,1,0.0,100.0
5337,41912.40089966722,0.0,-419124.00899667223,0.0,10.0,0.0,-0.0,0.1,0.309691378,30.969137800000002,0.0,0.0,100.0,1.0,0.11,-11.0,-928.1728547237536,928.1728547237536,0.0,-928.1728547237536,928.1728547237536,0.0,-87926.219203243,87926.219203243,0.0,0.0,26624.927109375,26624.927109375,0.0,0.0,21145.23690364828,21145.23690364828,0.0,-419135.00899667223,-419135.00899667223,89782.5649126905,89782.5649126905,89682.5649126905,0.0,100.0,0.0,0.0,89782.5649126905,42012.40089966722,1,0.0,100.0
5338,39975.62700834758,0.0,-399756.27008347586,0.0,10.0,0.0,-0.0,0.1,0.3106592039999999,31.065920399999992,0.0,0.0,100.0,1.0,0.11,-11.0,-1007.0867757329908,1007.0867757329908,0.0,-1007.0867757329908,1007.0867757329908,0.0,-88348.61682260563,88348.61682260563,0.0,0.0,25465.695732421875,25465.695732421875,0.0,0.0,24821.46763330216,24821.46763330216,0.0,-399767.27008347586,-399767.27008347586,90362.79037407161,90362.79037407161,90262.79037407161,0.0,100.0,0.0,0.0,90362.79037407161,40075.62700834758,1,0.0,100.0
5339,26393.640088235563,0.0,-263936.40088235564,0.0,10.0,0.0,-0.0,0.1,0.309805301,30.9805301,0.0,0.0,100.0,1.0,0.11,-11.0,-1083.532903820376,1083.532903820376,0.0,-1083.532903820376,1083.532903820376,0.0,-85360.7177833025,85360.7177833025,0.0,0.0,34029.05009765625,34029.05009765625,0.0,0.0,27005.09340505145,27005.09340505145,0.0,-263947.40088235564,-263947.40088235564,87527.78359094326,87527.78359094326,87427.78359094326,0.0,100.0,0.0,0.0,87527.78359094326,26493.640088235567,1,0.0,100.0
5340,31971.25834726004,0.0,-319712.58347260044,0.0,10.0,0.0,-0.0,0.1,0.31393876,31.393876,0.0,0.0,100.0,1.0,0.11,-11.0,-1134.58847486493,1134.58847486493,0.0,-1134.58847486493,1134.58847486493,0.0,-88332.44131446298,88332.44131446298,0.0,0.0,31000.09069335937,31000.09069335937,0.0,0.0,27530.26922357344,27530.26922357344,0.0,-319723.58347260044,-319723.58347260044,90601.61826419285,90601.61826419285,90501.61826419285,0.0,100.0,0.0,0.0,90601.61826419285,32071.258347260038,1,0.0,100.0
5341,33905.635247065366,0.0,-339056.35247065366,0.0,10.0,0.0,-0.0,0.1,0.322743572,32.2743572,0.0,0.0,100.0,1.0,0.11,-11.0,-1154.9473601865432,1154.9473601865432,0.0,-1154.9473601865432,1154.9473601865432,0.0,-88133.56216554502,88133.56216554502,0.0,0.0,30289.59404296875,30289.59404296875,0.0,0.0,26148.227595884007,26148.227595884007,0.0,-339067.35247065366,-339067.35247065366,90443.45688591813,90443.45688591812,90343.45688591813,0.0,100.0,0.0,0.0,90443.45688591812,34005.63524706536,1,0.0,100.0
5342,40617.765098726944,0.0,-406177.6509872695,0.0,10.0,0.0,-0.0,0.1,0.3510008089999999,35.100080899999995,0.0,0.0,100.0,1.0,0.08,-8.0,-1152.813090169557,1152.813090169557,0.0,-1152.813090169557,1152.813090169557,0.0,-88107.40748218322,88107.40748218322,0.0,0.0,26587.532548828123,26587.532548828123,0.0,0.0,23107.736014967264,23107.736014967264,0.0,-406185.6509872695,-406185.6509872695,90413.03366252233,90413.03366252233,90313.03366252233,0.0,100.0,0.0,0.0,90413.03366252233,40717.765098726944,1,0.0,100.0
5343,54436.50028307324,0.0,-544365.0028307324,0.0,10.0,0.0,-0.0,0.1,0.381594561,38.1594561,0.0,0.0,100.0,1.0,0.08,-8.0,-1207.2428160872964,1207.2428160872964,0.0,-1207.2428160872964,1207.2428160872964,0.0,-91240.91426898872,91240.91426898872,0.0,0.0,20267.851816406248,20267.851816406248,0.0,0.0,18851.04780168382,18851.04780168382,0.0,-544373.0028307324,-544373.0028307324,93655.39990116331,93655.39990116331,93555.39990116331,0.0,100.0,0.0,0.0,93655.39990116331,54536.50028307324,1,0.0,100.0
5344,60429.34327585623,0.0,-604293.4327585623,0.0,10.0,0.0,-0.0,0.1,0.410378819,41.0378819,0.0,0.0,100.0,1.0,0.08,-8.0,-1093.7557891256529,1093.7557891256529,0.0,-1093.7557891256529,1093.7557891256529,0.0,-84565.83637720291,84565.83637720291,0.0,0.0,12901.123388671876,12901.123388671876,0.0,0.0,13322.8812909261,13322.8812909261,0.0,-604301.4327585623,-604301.4327585623,86753.3479554542,86753.34795545421,86653.3479554542,0.0,100.0,0.0,0.0,86753.34795545421,60529.34327585624,1,0.0,100.0
5345,61075.95380060009,0.0,-610759.5380060009,0.0,10.0,0.0,-0.0,0.1,0.434095697,43.4095697,0.0,0.0,100.0,1.0,0.11,-11.0,-731.7677234909902,731.7677234909902,0.0,-731.7677234909902,731.7677234909902,0.0,-72526.10600419508,72526.10600419508,0.0,0.0,5571.789521484375,5571.789521484375,0.0,0.0,7241.898129092611,7241.898129092611,0.0,-610770.5380060009,-610770.5380060009,73989.64145117707,73989.64145117707,73889.64145117707,0.0,100.0,0.0,0.0,73989.64145117707,61175.95380060008,1,0.0,100.0
5346,70793.12217877286,0.0,-707931.2217877286,0.0,10.0,0.0,-0.0,0.1,0.444486512,44.4486512,0.0,0.0,100.0,1.0,0.11,-11.0,-733.6213548447968,733.6213548447968,0.0,-733.6213548447968,733.6213548447968,0.0,-72446.8003551333,72446.8003551333,0.0,0.0,1196.6259375,1196.6259375,0.0,0.0,1824.2949485500471,1824.2949485500471,0.0,-707942.2217877286,-707942.2217877286,73914.04306482291,73914.0430648229,73814.04306482291,0.0,100.0,0.0,0.0,73914.0430648229,70893.12217877284,1,0.0,100.0
5347,67712.95339611969,0.0,-677129.5339611969,0.0,10.0,0.0,-0.0,0.1,0.444758428,44.475842799999995,0.0,0.0,100.0,1.0,0.11,-11.0,-609.1034037839286,609.1034037839286,0.0,-609.1034037839286,609.1034037839286,0.0,-66594.74658855183,66594.74658855183,0.0,0.0,0.0,0.0,0.0,0.0,0.0,0.0,0.0,-677140.5339611969,-677140.5339611969,67812.95339611969,67812.95339611969,67712.95339611969,0.0,100.0,0.0,0.0,67812.95339611969,67812.95339611969,1,0.0,100.0
5348,66806.10466466876,0.0,-668061.0466466877,0.0,10.0,0.0,-0.0,0.1,0.442358132,44.2358132,0.0,0.0,100.0,1.0,0.11,-11.0,-309.36495677024345,309.36495677024345,0.0,-309.36495677024345,309.36495677024345,0.0,-66287.37475112827,66287.37475112827,0.0,0.0,0.0,0.0,0.0,0.0,0.0,0.0,0.0,-668072.0466466877,-668072.0466466877,66906.10466466876,66906.10466466876,66806.10466466876,0.0,100.0,0.0,0.0,66906.10466466876,66906.10466466876,1,0.0,100.0
5349,21552.49666058195,0.0,-215524.9666058195,0.0,10.0,0.0,-0.0,0.1,0.4354948939999999,43.54948939999999,0.0,0.0,100.0,1.0,0.11,-11.0,-265.2505451894194,265.2505451894194,0.0,-265.2505451894194,265.2505451894194,0.0,-21121.99557020311,21121.99557020311,0.0,0.0,0.0,0.0,0.0,0.0,0.0,0.0,0.0,-215535.9666058195,-215535.9666058195,21652.49666058195,21652.49666058195,21552.49666058195,0.0,100.0,0.0,0.0,21652.49666058195,21652.49666058195,1,0.0,100.0
5350,18550.726252149492,0.0,-185507.26252149494,0.0,10.0,0.0,-0.0,0.1,0.423006999,42.3006999,0.0,0.0,100.0,1.0,0.11,-11.0,-256.65452248322026,256.65452248322026,0.0,-256.65452248322026,256.65452248322026,0.0,-18137.41720718305,18137.41720718305,0.0,0.0,0.0,0.0,0.0,0.0,0.0,0.0,0.0,-185518.26252149494,-185518.26252149494,18650.726252149492,18650.726252149492,18550.726252149492,0.0,100.0,0.0,0.0,18650.726252149492,18650.726252149492,1,0.0,100.0
5351,17706.467880353914,0.0,-177064.67880353914,0.0,10.0,0.0,-0.0,0.1,0.417089665,41.7089665,0.0,0.0,100.0,1.0,0.11,-11.0,-204.0005279011301,204.0005279011301,0.0,-204.0005279011301,204.0005279011301,0.0,-17398.466824551655,17398.466824551655,0.0,0.0,0.0,0.0,0.0,0.0,0.0,0.0,0.0,-177075.67880353914,-177075.67880353914,17806.467880353914,17806.467880353914,17706.467880353914,0.0,100.0,0.0,0.0,17806.467880353914,17806.467880353914,1,0.0,100.0
5352,14692.988042933166,0.0,-146929.88042933165,0.0,10.0,0.0,-0.0,0.1,0.426715746,42.6715746,0.0,0.0,100.0,1.0,0.08,-8.0,-203.93823415487293,203.93823415487293,0.0,-203.93823415487293,203.93823415487293,0.0,-14385.11157462342,14385.11157462342,0.0,0.0,0.0,0.0,0.0,0.0,0.0,0.0,0.0,-146937.88042933165,-146937.88042933165,14792.988042933166,14792.988042933166,14692.988042933166,0.0,100.0,0.0,0.0,14792.988042933166,14792.988042933166,1,0.0,100.0
5353,14692.894189230827,0.0,-146928.94189230827,0.0,10.0,0.0,-0.0,0.1,0.438950535,43.895053499999996,0.0,0.0,100.0,1.0,0.08,-8.0,-203.8913073037032,203.8913073037032,0.0,-203.8913073037032,203.8913073037032,0.0,-14385.11157462342,14385.11157462342,0.0,0.0,0.0,0.0,0.0,0.0,0.0,0.0,0.0,-146936.94189230827,-146936.94189230827,14792.894189230827,14792.894189230827,14692.894189230827,0.0,100.0,0.0,0.0,14792.894189230827,14792.894189230827,1,0.0,100.0
5354,14692.649955633922,0.0,-146926.49955633923,0.0,10.0,0.0,-0.0,0.1,0.4584441379999999,45.84441379999999,0.0,0.0,100.0,1.0,0.08,-8.0,-203.7691844592826,203.7691844592826,0.0,-203.7691844592826,203.7691844592826,0.0,-14385.111586715357,14385.111586715357,0.0,0.0,0.0,0.0,0.0,0.0,0.0,0.0,0.0,-146934.49955633923,-146934.49955633923,14792.649955633922,14792.649955633922,14692.649955633922,0.0,100.0,0.0,0.0,14792.649955633922,14792.649955633922,1,0.0,100.0
5355,15433.684722673492,0.0,-154336.8472267349,0.0,10.0,0.0,-0.0,0.1,0.4522168789999999,45.22168789999999,0.0,0.0,100.0,1.0,0.08,-8.0,-204.8113766633656,204.8113766633656,0.0,-204.8113766633656,204.8113766633656,0.0,-15124.06196934676,15124.06196934676,0.0,0.0,0.0,0.0,0.0,0.0,0.0,0.0,0.0,-154344.8472267349,-154344.8472267349,15533.684722673492,15533.684722673492,15433.684722673492,0.0,100.0,0.0,0.0,15533.684722673492,15533.684722673492,1,0.0,100.0
5356,16394.997966778992,0.0,-163949.9796677899,0.0,10.0,0.0,-0.0,0.1,0.420791011,42.0791011,0.0,0.0,100.0,1.0,0.08,-8.0,-204.7514971458596,204.7514971458596,0.0,-204.7514971458596,204.7514971458596,0.0,-16085.494972487271,16085.494972487271,0.0,0.0,0.0,0.0,0.0,0.0,0.0,0.0,0.0,-163957.9796677899,-163957.9796677899,16494.997966778992,16494.997966778992,16394.997966778992,0.0,100.0,0.0,0.0,16494.997966778992,16494.997966778992,1,0.0,100.0
5357,55915.629942377345,0.0,-559156.2994237734,0.0,10.0,0.0,-0.0,0.1,0.384611571,38.4611571,0.0,0.0,100.0,1.0,0.11,-11.0,-198.7472656799501,198.7472656799501,0.0,-198.7472656799501,198.7472656799501,0.0,-57265.14804594567,57265.14804594567,0.0,0.0,1121.83681640625,1121.83681640625,0.0,0.0,525.1758185219833,525.1758185219833,0.0,-559167.2994237734,-559167.2994237734,57662.64257730558,57662.642577305574,57562.64257730558,0.0,100.0,0.0,0.0,57662.642577305574,56015.62994237734,1,0.0,100.0
5358,51645.409491419305,0.0,-516454.09491419303,0.0,10.0,0.0,-0.0,0.1,0.356459384,35.6459384,0.0,0.0,100.0,1.0,0.11,-11.0,-168.4638906973729,168.4638906973729,0.0,-168.4638906973729,168.4638906973729,0.0,-59246.88273980012,59246.88273980012,0.0,0.0,4300.374462890625,4300.374462890625,0.0,0.0,3538.02656688494,3538.02656688494,0.0,-516465.09491419303,-516465.09491419303,59583.81052119487,59583.81052119487,59483.81052119487,0.0,100.0,0.0,0.0,59583.81052119487,51745.409491419305,1,0.0,100.0
5359,54424.30810352542,0.0,-544243.0810352542,0.0,10.0,0.0,-0.0,0.1,0.339707053,33.9707053,0.0,0.0,100.0,1.0,0.11,-11.0,-168.62713258680384,168.62713258680384,0.0,-168.62713258680384,168.62713258680384,0.0,-74743.13073187818,74743.13073187818,0.0,0.0,11517.5246484375,11517.5246484375,0.0,0.0,9038.55224508887,9038.55224508887,0.0,-544254.0810352542,-544254.0810352542,75080.38499705179,75080.38499705179,74980.38499705179,0.0,100.0,0.0,0.0,75080.38499705179,54524.30810352542,1,0.0,100.0
5360,40796.777183641316,0.0,-407967.7718364132,0.0,10.0,0.0,-0.0,0.1,0.324431021,32.4431021,0.0,0.0,100.0,1.0,0.11,-11.0,-234.95064040321768,234.95064040321768,0.0,-234.95064040321768,234.95064040321768,0.0,-72253.64649764275,72253.64649764275,0.0,0.0,16790.157685546874,16790.157685546874,0.0,0.0,15036.612909260994,15036.612909260994,0.0,-407978.7718364132,-407978.7718364132,72723.54777844918,72723.54777844918,72623.54777844918,0.0,100.0,0.0,0.0,72723.54777844918,40896.777183641316,1,0.0,100.0
5361,31843.98160840176,0.0,-318439.81608401757,0.0,10.0,0.0,-0.0,0.1,0.322724276,32.2724276,0.0,0.0,100.0,1.0,0.11,-11.0,-312.3763356033884,312.3763356033884,0.0,-312.3763356033884,312.3763356033884,0.0,-69101.77296191143,69101.77296191143,0.0,0.0,17051.919609375,17051.919609375,0.0,0.0,20730.624415341445,20730.624415341445,0.0,-318450.81608401757,-318450.81608401757,69726.5256331182,69726.5256331182,69626.5256331182,0.0,100.0,0.0,0.0,69726.5256331182,31943.98160840176,1,0.0,100.0
5362,16129.418877959175,0.0,-161294.18877959176,0.0,10.0,0.0,-0.0,0.1,0.347020077,34.702007699999996,0.0,0.0,100.0,1.0,0.11,-11.0,-314.8805905803544,314.8805905803544,0.0,-314.8805905803544,314.8805905803544,0.0,-68870.25252970489,68870.25252970489,0.0,0.0,28532.049697265626,28532.049697265626,0.0,0.0,24738.54513564079,24738.54513564079,0.0,-161305.18877959176,-161305.18877959176,69500.01371086559,69500.01371086559,69400.01371086559,0.0,100.0,0.0,0.0,69500.01371086559,16229.418877959179,1,0.0,100.0
5363,16380.921878954858,0.0,-163809.21878954858,0.0,10.0,0.0,-0.0,0.1,0.382944134,38.294413399999996,0.0,0.0,100.0,1.0,0.11,-11.0,-348.2340372389154,348.2340372389154,0.0,-348.2340372389154,348.2340372389154,0.0,-68099.12005518045,68099.12005518045,0.0,0.0,26138.797822265624,26138.797822265624,0.0,0.0,26175.8684284378,26175.8684284378,0.0,-163820.21878954858,-163820.21878954858,68795.58812965828,68795.58812965828,68695.58812965828,0.0,100.0,0.0,0.0,68795.58812965828,16480.92187895486,1,0.0,100.0
5364,11928.176412821602,0.0,-119281.76412821602,0.0,10.0,0.0,-0.0,0.1,0.415871162,41.587116200000004,0.0,0.0,100.0,1.0,0.11,-11.0,-350.60551599451173,350.60551599451173,0.0,-350.60551599451173,350.60551599451173,0.0,-67231.54106347627,67231.54106347627,0.0,0.0,29092.96810546875,29092.96810546875,0.0,0.0,26811.60757717493,26811.60757717493,0.0,-119292.76412821602,-119292.76412821602,67932.75209546529,67932.75209546529,67832.75209546529,0.0,100.0,0.0,0.0,67932.75209546529,12028.176412821602,1,0.0,100.0
5365,14260.27621580036,0.0,-142602.7621580036,0.0,10.0,0.0,-0.0,0.1,0.430995526,43.0995526,0.0,0.0,100.0,1.0,0.11,-11.0,-371.9401055541194,371.9401055541194,0.0,-371.9401055541194,371.9401055541194,0.0,-52106.41731303009,52106.41731303009,0.0,0.0,13088.09619140625,13088.09619140625,0.0,0.0,25401.92511693172,25401.92511693172,0.0,-142613.7621580036,-142613.7621580036,52850.29752413833,52850.29752413833,52750.29752413833,0.0,100.0,0.0,0.0,52850.29752413833,14360.27621580036,1,0.0,100.0
5366,9431.407325906006,0.0,-94314.07325906007,0.0,10.0,0.0,-0.0,0.1,0.438819272,43.8819272,0.0,0.0,100.0,1.0,0.08,-8.0,-375.1702705257365,375.1702705257365,0.0,-375.1702705257365,375.1702705257365,0.0,-51842.85173014328,51842.85173014328,0.0,0.0,20230.45725585937,20230.45725585937,0.0,0.0,22831.327689429378,22831.327689429378,0.0,-94322.07325906007,-94322.07325906007,52593.192271194755,52593.192271194755,52493.192271194755,0.0,100.0,0.0,0.0,52593.192271194755,9531.40732590601,1,0.0,100.0
5367,20455.418031554087,0.0,-204554.18031554087,0.0,10.0,0.0,-0.0,0.1,0.444472915,44.447291500000006,0.0,0.0,100.0,1.0,0.08,-8.0,-394.7578243013355,394.7578243013355,0.0,-394.7578243013355,394.7578243013355,0.0,-53857.63251518474,53857.63251518474,0.0,0.0,16042.266474609374,16042.266474609374,0.0,0.0,18049.46365762395,18049.46365762395,0.0,-204562.18031554087,-204562.18031554087,54647.14816378741,54647.14816378741,54547.14816378741,0.0,100.0,0.0,0.0,54647.14816378741,20555.418031554087,1,0.0,100.0
5368,30073.00805622153,0.0,-300730.0805622153,0.0,10.0,0.0,-0.0,0.1,0.456831999,45.6831999,0.0,0.0,100.0,1.0,0.08,-8.0,-388.6858223351573,388.6858223351573,0.0,-388.6858223351573,388.6858223351573,0.0,-52047.58714432937,52047.58714432937,0.0,0.0,10545.266074218747,10545.266074218747,0.0,0.0,12106.684658559405,12106.684658559405,0.0,-300738.0805622153,-300738.0805622153,52824.958788999684,52824.958788999684,52724.958788999684,0.0,100.0,0.0,0.0,52824.958788999684,30173.00805622153,1,0.0,100.0
5369,6831.756158485285,0.0,-68317.56158485284,0.0,10.0,0.0,-0.0,0.1,0.45657444,45.657444000000005,0.0,0.0,100.0,1.0,0.11,-11.0,-383.3962033746183,383.3962033746183,0.0,-383.3962033746183,383.3962033746183,0.0,-17936.433141836686,17936.433141836686,0.0,0.0,5497.000400390625,5497.000400390625,0.0,0.0,6274.468989710011,6274.468989710011,0.0,-68328.56158485284,-68328.56158485284,18703.22554858592,18703.22554858592,18603.22554858592,0.0,100.0,0.0,0.0,18703.22554858592,6931.756158485285,1,0.0,100.0
5370,15608.239660362693,0.0,-156082.39660362693,0.0,10.0,0.0,-0.0,0.1,0.45210615,45.210615,0.0,0.0,100.0,1.0,0.11,-11.0,-336.6712112101822,336.6712112101822,0.0,-336.6712112101822,336.6712112101822,0.0,-17491.62739349805,17491.62739349805,0.0,0.0,1047.0476953125,1047.0476953125,0.0,0.0,1409.6824602432182,1409.6824602432182,0.0,-156093.39660362693,-156093.39660362693,18164.96981591841,18164.96981591841,18064.96981591841,0.0,100.0,0.0,0.0,18164.96981591841,15708.239660362693,1,0.0,100.0
5371,20144.75815846473,0.0,-201447.5815846473,0.0,10.0,0.0,-0.0,0.1,0.450447852,45.0447852,0.0,0.0,100.0,1.0,0.11,-11.0,-343.47040788096444,343.47040788096444,0.0,-343.47040788096444,343.47040788096444,0.0,-19557.8173427028,19557.8173427028,0.0,0.0,0.0,0.0,0.0,0.0,0.0,0.0,0.0,-201458.5815846473,-201458.5815846473,20244.75815846473,20244.75815846473,20144.75815846473,0.0,100.0,0.0,0.0,20244.75815846473,20244.75815846473,1,0.0,100.0
5372,18579.810288897716,0.0,-185798.10288897716,0.0,10.0,0.0,-0.0,0.1,0.445688594,44.5688594,0.0,0.0,100.0,1.0,0.11,-11.0,-299.9202685772888,299.9202685772888,0.0,-299.9202685772888,299.9202685772888,0.0,-18079.969751743138,18079.969751743138,0.0,0.0,0.0,0.0,0.0,0.0,0.0,0.0,0.0,-185809.10288897716,-185809.10288897716,18679.810288897716,18679.810288897716,18579.810288897716,0.0,100.0,0.0,0.0,18679.810288897716,18679.810288897716,1,0.0,100.0
5373,17054.416362358468,0.0,-170544.16362358467,0.0,10.0,0.0,-0.0,0.1,0.4365627629999999,43.65627629999999,0.0,0.0,100.0,1.0,0.11,-11.0,-276.2268289893753,276.2268289893753,0.0,-276.2268289893753,276.2268289893753,0.0,-16601.96270437972,16601.96270437972,0.0,0.0,0.0,0.0,0.0,0.0,0.0,0.0,0.0,-170555.16362358467,-170555.16362358467,17154.416362358468,17154.416362358468,17054.416362358468,0.0,100.0,0.0,0.0,17154.416362358468,17154.416362358468,1,0.0,100.0
5374,15580.367665325955,0.0,-155803.67665325955,0.0,10.0,0.0,-0.0,0.1,0.427941645,42.7941645,0.0,0.0,100.0,1.0,0.11,-11.0,-278.152851012582,278.152851012582,0.0,-278.152851012582,278.152851012582,0.0,-15124.061963300792,15124.061963300792,0.0,0.0,0.0,0.0,0.0,0.0,0.0,0.0,0.0,-155814.67665325955,-155814.67665325955,15680.367665325955,15680.367665325955,15580.367665325955,0.0,100.0,0.0,0.0,15680.367665325955,15680.367665325955,1,0.0,100.0
5375,14810.046916540767,0.0,-148100.46916540767,0.0,10.0,0.0,-0.0,0.1,0.4262783539999999,42.627835399999995,0.0,0.0,100.0,1.0,0.11,-11.0,-262.4676588667333,262.4676588667333,0.0,-262.4676588667333,262.4676588667333,0.0,-14385.1115988073,14385.1115988073,0.0,0.0,0.0,0.0,0.0,0.0,0.0,0.0,0.0,-148111.46916540767,-148111.46916540767,14910.046916540767,14910.046916540767,14810.046916540767,0.0,100.0,0.0,0.0,14910.046916540767,14910.046916540767,1,0.0,100.0
5376,14754.188503993691,0.0,-147541.88503993693,0.0,10.0,0.0,-0.0,0.1,0.4378635329999999,43.786353299999995,0.0,0.0,100.0,1.0,0.08,-8.0,-234.55174465749064,234.55174465749064,0.0,-234.55174465749064,234.55174465749064,0.0,-14385.08501467871,14385.08501467871,0.0,0.0,0.0,0.0,0.0,0.0,0.0,0.0,0.0,-147549.88503993693,-147549.88503993693,14854.188503993691,14854.188503993691,14754.188503993691,0.0,100.0,0.0,0.0,14854.188503993691,14854.188503993691,1,0.0,100.0
5377,14693.179555767458,0.0,-146931.79555767457,0.0,10.0,0.0,-0.0,0.1,0.44900751,44.900751,0.0,0.0,100.0,1.0,0.08,-8.0,-204.04728868228284,204.04728868228284,0.0,-204.04728868228284,204.04728868228284,0.0,-14385.084978402892,14385.084978402892,0.0,0.0,0.0,0.0,0.0,0.0,0.0,0.0,0.0,-146939.79555767457,-146939.79555767457,14793.179555767458,14793.179555767458,14693.179555767458,0.0,100.0,0.0,0.0,14793.179555767458,14793.179555767458,1,0.0,100.0
5378,14693.112002196056,0.0,-146931.12002196055,0.0,10.0,0.0,-0.0,0.1,0.460621211,46.0621211,0.0,0.0,100.0,1.0,0.08,-8.0,-204.0135149195661,204.0135149195661,0.0,-204.0135149195661,204.0135149195661,0.0,-14385.084972356924,14385.084972356924,0.0,0.0,0.0,0.0,0.0,0.0,0.0,0.0,0.0,-146939.12002196055,-146939.12002196055,14793.112002196056,14793.112002196056,14693.112002196056,0.0,100.0,0.0,0.0,14793.112002196056,14793.112002196056,1,0.0,100.0
5379,15434.519785108565,0.0,-154345.19785108566,0.0,10.0,0.0,-0.0,0.1,0.461587841,46.1587841,0.0,0.0,100.0,1.0,0.08,-8.0,-205.242199945195,205.242199945195,0.0,-205.242199945195,205.242199945195,0.0,-15124.035385218174,15124.035385218174,0.0,0.0,0.0,0.0,0.0,0.0,0.0,0.0,0.0,-154353.19785108566,-154353.19785108566,15534.519785108565,15534.519785108565,15434.519785108565,0.0,100.0,0.0,0.0,15534.519785108565,15534.519785108565,1,0.0,100.0
5380,16395.785298060488,0.0,-163957.85298060486,0.0,10.0,0.0,-0.0,0.1,0.4461619879999999,44.61619879999999,0.0,0.0,100.0,1.0,0.08,-8.0,-205.15847601179425,205.15847601179425,0.0,-205.15847601179425,205.15847601179425,0.0,-16085.4683460369,16085.4683460369,0.0,0.0,0.0,0.0,0.0,0.0,0.0,0.0,0.0,-163965.85298060486,-163965.85298060486,16495.785298060488,16495.785298060488,16395.785298060488,0.0,100.0,0.0,0.0,16495.785298060488,16495.785298060488,1,0.0,100.0
5381,15367.714121584379,0.0,-153677.1412158438,0.0,10.0,0.0,-0.0,0.1,0.425682633,42.5682633,0.0,0.0,100.0,1.0,0.11,-11.0,-198.8764466046997,198.8764466046997,0.0,-198.8764466046997,198.8764466046997,0.0,-16458.45264232603,16458.45264232603,0.0,0.0,1084.4422558593749,1084.4422558593749,0.0,0.0,304.0491580916745,304.0491580916745,0.0,-153688.1412158438,-153688.1412158438,16856.205535535428,16856.205535535428,16756.205535535428,0.0,100.0,0.0,0.0,16856.205535535428,15467.714121584379,1,0.0,100.0
5382,10518.911718638752,0.0,-105189.11718638752,0.0,10.0,0.0,-0.0,0.1,0.3988909089999999,39.88909089999999,0.0,0.0,100.0,1.0,0.11,-11.0,-168.58201614568642,168.58201614568642,0.0,-168.58201614568642,168.58201614568642,0.0,-17936.353377358984,17936.353377358984,0.0,0.0,5609.18408203125,5609.18408203125,0.0,0.0,2045.421608980356,2045.421608980356,0.0,-105200.11718638752,-105200.11718638752,18273.517409650358,18273.517409650358,18173.517409650358,0.0,100.0,0.0,0.0,18273.517409650358,10618.911718638752,1,0.0,100.0
5383,935.7485614285242,0.0,-9357.485614285242,0.0,10.0,0.0,-0.0,0.1,0.391614896,39.161489599999996,0.0,0.0,100.0,1.0,0.11,-11.0,-212.3360875474202,212.3360875474202,0.0,-212.3360875474202,212.3360875474202,0.0,-17936.3533350372,17936.3533350372,0.0,0.0,13013.3070703125,13013.3070703125,0.0,0.0,4311.96987839102,4311.96987839102,0.0,-9368.485614285242,-9368.485614285242,18361.025510132044,18361.025510132044,18261.025510132044,0.0,100.0,0.0,0.0,18361.025510132044,1035.7485614285251,1,0.0,100.0
5384,0.0,0.0,-0.0,55.55555555555556,10.0,0.0,-0.0,0.1,0.373442082,0.0,0.0,100.0,0.0,1.0,0.11,0.0,-282.19122900731026,282.19122900731026,0.0,-282.19122900731026,282.19122900731026,0.0,-15719.50224760269,15719.50224760269,0.0,3940.5952368740145,20380.03549804688,16439.440261172866,0.0,10448.234705332088,10448.234705332088,0.0,0.0,0.0,0.0,16439.440261172866,16439.440261172866,16439.440261172866,0.0,0.0,155.55555555555475,0.0,16283.88470561731,-14544.385497761657,1,-55.55555555555556,-100.0
5385,0.0,0.0,-0.0,44.44444444444444,60.0,0.0,-0.0,0.6,0.37232188,0.0,0.0,100.0,0.0,1.0,0.11,0.0,-292.34268010439115,292.34268010439115,0.0,-292.34268010439115,292.34268010439115,0.0,-30585.757746644325,30585.757746644325,0.0,0.0,27223.240078125,27223.240078125,0.0,15450.42114235598,19542.068615528533,4091.647473172554,0.0,0.0,0.0,31314.887551297554,31314.887551297554,31314.887551297554,0.0,0.0,144.44444444444525,0.0,31170.44310685311,-15594.865586800424,1,-44.44444444444444,-100.0
5386,0.0,0.0,-0.0,0.0,100.0,-0.0,-0.0,1.0,0.397161026,0.0,0.0,100.0,0.0,1.0,0.11,0.0,-350.8280588133418,350.8280588133418,0.0,-350.8280588133418,350.8280588133418,0.0,-12763.753933702012,12763.753933702012,0.0,18631.306579530676,32196.716630859373,13565.410051328696,0.0,24683.263470533213,24683.263470533213,0.0,0.0,0.0,0.0,13565.410051328696,13565.410051328696,13565.410051328696,0.0,0.0,100.0,0.0,13465.410051328696,-43414.57005006389,1,-0.0,-100.0
5387,0.0,0.0,-0.0,0.0,100.0,-0.0,-0.0,1.0,0.4222381739999999,0.0,0.0,100.0,0.0,1.0,0.11,0.0,-340.16674000180336,340.16674000180336,0.0,-340.16674000180336,340.16674000180336,0.0,-12763.753933702012,12763.753933702012,0.0,19961.43883629438,33505.526249999995,13544.087413705618,0.0,26231.150093545373,26231.150093545373,0.0,0.0,0.0,0.0,13544.087413705618,13544.087413705618,13544.087413705618,0.0,0.0,100.0,0.0,13444.087413705618,-46292.58892983975,1,-0.0,-100.0
5388,0.0,0.0,-0.0,0.0,100.0,-0.0,-0.0,1.0,0.441345903,0.0,0.0,100.0,0.0,1.0,0.11,0.0,-379.96346172750106,379.96346172750106,0.0,-379.96346172750106,379.96346172750106,0.0,-12763.83370422568,12763.83370422568,0.0,19881.76562231931,33505.526249999995,13623.760627680684,0.0,26562.84008419084,26562.84008419084,0.0,0.0,0.0,0.0,13623.760627680684,13623.760627680684,13623.760627680684,0.0,0.0,100.0,0.0,13523.760627680684,-46544.605706510156,1,-0.0,-100.0
5389,0.0,0.0,-0.0,0.0,100.0,-0.0,-0.0,1.0,0.450323867,0.0,0.0,100.0,0.0,1.0,0.11,0.0,-350.2924137183692,350.2924137183692,0.0,-350.2924137183692,350.2924137183692,0.0,-12763.753945793953,12763.753945793953,0.0,18557.588736534934,32121.927509765625,13564.338773230691,0.0,25097.875958840043,25097.875958840043,0.0,0.0,0.0,0.0,13564.338773230691,13564.338773230691,13564.338773230691,0.0,0.0,100.0,0.0,13464.338773230691,-43755.464695374976,1,-0.0,-100.0
5390,0.0,0.0,-0.0,0.0,100.0,-0.0,-0.0,1.0,0.454679052,0.0,0.0,100.0,0.0,1.0,0.08,0.0,-352.7123625754348,352.7123625754348,0.0,-352.7123625754348,352.7123625754348,0.0,-12763.7007533529,12763.7007533529,0.0,13541.930917980602,27111.05639648437,13569.125478503769,0.0,22748.40519176801,22748.40519176801,0.0,0.0,0.0,0.0,13569.125478503769,13569.125478503769,13569.125478503769,0.0,0.0,100.0,0.0,13469.125478503769,-36390.33610974861,1,-0.0,-100.0
5391,0.0,0.0,-0.0,0.0,100.0,-0.0,-0.0,1.0,0.462068634,0.0,0.0,100.0,0.0,1.0,0.08,0.0,-306.8844383829102,306.8844383829102,0.0,-306.8844383829102,306.8844383829102,0.0,-15719.50227178657,15719.50227178657,0.0,3797.1861073069813,20230.45725585937,16433.27114855239,0.0,17938.900327408795,17938.900327408795,0.0,0.0,0.0,0.0,16433.27114855239,16433.27114855239,16433.27114855239,0.0,0.0,100.0,0.0,16333.27114855239,-21836.086434715777,1,-0.0,-100.0
5392,0.0,0.0,-0.0,0.0,100.0,-0.0,-0.0,1.0,0.457915291,0.0,0.0,100.0,0.0,1.0,0.08,0.0,-299.6546931634131,299.6546931634131,0.0,-299.6546931634131,299.6546931634131,0.0,-17936.353389450924,17936.353389450924,0.0,0.0,12826.334267578124,12826.334267578124,0.0,6159.151987590834,11968.48049579046,5809.3285081996255,0.0,0.0,0.0,18635.66277577775,18635.66277577775,18635.66277577775,0.0,0.0,100.0,0.0,18535.66277577775,-6259.151987590834,1,-0.0,-100.0
5393,6629.916217294562,0.0,-66299.16217294562,0.0,100.0,45.0,-0.0,1.0,0.441766583,44.1766583,0.0,0.0,100.0,1.0,0.11,-11.0,-273.30860627244647,273.30860627244647,0.0,-273.30860627244647,273.30860627244647,0.0,-17936.35335317511,17936.35335317511,0.0,0.0,5571.789521484375,5571.789521484375,0.0,0.0,6136.264826941067,6136.264826941067,0.0,-66310.16217294562,-66310.16217294562,18482.970565720003,18482.970565720003,18337.970565720003,0.0,145.0,0.0,0.0,18482.970565720003,6774.916217294562,1,45.0,100.0
5394,15418.896330747897,0.0,-154188.96330747896,0.0,50.0,36.0,-0.0,0.5,0.426793353,42.6793353,0.0,0.0,100.0,1.0,0.11,-11.0,-251.09589147620795,251.09589147620795,0.0,-251.09589147620795,251.09589147620795,0.0,-17491.547598790497,17491.547598790497,0.0,0.0,1084.4422558593749,1084.4422558593749,0.0,0.0,1354.400795135641,1354.400795135641,0.0,-154199.96330747896,-154199.96330747896,17993.73938174291,17993.739381742915,17857.73938174291,0.0,136.0,0.0,0.0,17993.739381742915,15554.896330747899,1,36.0,100.0
5395,20001.264115553116,0.0,-200012.64115553116,0.0,10.0,0.0,-0.0,0.1,0.42785287,42.785287,0.0,0.0,100.0,1.0,0.11,-11.0,-271.7632535490844,271.7632535490844,0.0,-271.7632535490844,271.7632535490844,0.0,-19557.737608454947,19557.737608454947,0.0,0.0,0.0,0.0,0.0,0.0,0.0,0.0,0.0,-200023.64115553116,-200023.64115553116,20101.264115553116,20101.264115553116,20001.264115553116,0.0,100.0,0.0,0.0,20101.264115553116,20101.264115553116,1,0.0,100.0
5396,18389.424632599206,0.0,-183894.24632599205,0.0,10.0,0.0,-0.0,0.1,0.4290205689999999,42.90205689999999,0.0,0.0,100.0,1.0,0.11,-11.0,-204.7540245566205,204.7540245566205,0.0,-204.7540245566205,204.7540245566205,0.0,-18079.916583485967,18079.916583485967,0.0,0.0,0.0,0.0,0.0,0.0,0.0,0.0,0.0,-183905.24632599205,-183905.24632599205,18489.424632599206,18489.424632599206,18389.424632599206,0.0,100.0,0.0,0.0,18489.424632599206,18489.424632599206,1,0.0,100.0
5397,16909.6269974504,0.0,-169096.269974504,0.0,10.0,0.0,-0.0,0.1,0.433411541,43.341154100000004,0.0,0.0,100.0,1.0,0.11,-11.0,-203.8454355766503,203.8454355766503,0.0,-203.8454355766503,203.8454355766503,0.0,-16601.9361262971,16601.9361262971,0.0,0.0,0.0,0.0,0.0,0.0,0.0,0.0,0.0,-169107.269974504,-169107.269974504,17009.6269974504,17009.6269974504,16909.6269974504,0.0,100.0,0.0,0.0,17009.6269974504,17009.6269974504,1,0.0,100.0
5398,15437.413236489027,0.0,-154374.13236489028,0.0,10.0,0.0,-0.0,0.1,0.441292281,44.1292281,0.0,0.0,100.0,1.0,0.11,-11.0,-206.6889316813945,206.6889316813945,0.0,-206.6889316813945,206.6889316813945,0.0,-15124.035373126237,15124.035373126237,0.0,0.0,0.0,0.0,0.0,0.0,0.0,0.0,0.0,-154385.13236489028,-154385.13236489028,15537.413236489027,15537.413236489027,15437.413236489027,0.0,100.0,0.0,0.0,15537.413236489027,15537.413236489027,1,0.0,100.0
5399,14692.702106477176,0.0,-146927.02106477175,0.0,10.0,0.0,-0.0,0.1,0.4482134229999999,44.82134229999999,0.0,0.0,100.0,1.0,0.11,-11.0,-203.80857008311224,203.80857008311224,0.0,-203.80857008311224,203.80857008311224,0.0,-14385.084966310951,14385.084966310951,0.0,0.0,0.0,0.0,0.0,0.0,0.0,0.0,0.0,-146938.02106477175,-146938.02106477175,14792.702106477176,14792.702106477176,14692.702106477176,0.0,100.0,0.0,0.0,14792.702106477176,14792.702106477176,1,0.0,100.0
5400,17706.05093590685,0.0,-177060.5093590685,0.0,10.0,0.0,-0.0,0.1,0.45195265,45.195265,0.0,0.0,100.0,1.0,0.08,-8.0,-203.7920677695358,203.7920677695358,0.0,-203.7920677695358,203.7920677695358,0.0,-17398.466800367776,17398.466800367776,0.0,0.0,0.0,0.0,0.0,0.0,0.0,0.0,0.0,-177068.5093590685,-177068.5093590685,17806.05093590685,17806.05093590685,17706.05093590685,0.0,100.0,0.0,0.0,17806.05093590685,17806.05093590685,1,0.0,100.0
5401,17706.04859429433,0.0,-177060.4859429433,0.0,10.0,0.0,-0.0,0.1,0.4625073839999999,46.25073839999999,0.0,0.0,100.0,1.0,0.08,-8.0,-203.7908939402946,203.7908939402946,0.0,-203.7908939402946,203.7908939402946,0.0,-17398.46680641374,17398.46680641374,0.0,0.0,0.0,0.0,0.0,0.0,0.0,0.0,0.0,-177068.4859429433,-177068.4859429433,17806.04859429433,17806.04859429433,17706.04859429433,0.0,100.0,0.0,0.0,17806.04859429433,17806.04859429433,1,0.0,100.0
5402,17706.04619761804,0.0,-177060.4619761804,0.0,10.0,0.0,-0.0,0.1,0.462045928,46.2045928,0.0,0.0,100.0,1.0,0.08,-8.0,-203.78969257916344,203.78969257916344,0.0,-203.78969257916344,203.78969257916344,0.0,-17398.466812459716,17398.466812459716,0.0,0.0,0.0,0.0,0.0,0.0,0.0,0.0,0.0,-177068.4619761804,-177068.4619761804,17806.04619761804,17806.04619761804,17706.04619761804,0.0,100.0,0.0,0.0,17806.04619761804,17806.04619761804,1,0.0,100.0
5403,18447.373513311104,0.0,-184473.73513311104,0.0,10.0,0.0,-0.0,0.1,0.463697928,46.3697928,0.0,0.0,100.0,1.0,0.08,-8.0,-204.97816213297887,204.97816213297887,0.0,-204.97816213297887,204.97816213297887,0.0,-18137.417189045147,18137.417189045147,0.0,0.0,0.0,0.0,0.0,0.0,0.0,0.0,0.0,-184481.73513311104,-184481.73513311104,18547.373513311104,18547.373513311104,18447.373513311104,0.0,100.0,0.0,0.0,18547.373513311104,18547.373513311104,1,0.0,100.0
5404,20915.372612984167,0.0,-209153.72612984167,0.0,10.0,0.0,-0.0,0.1,0.447927117,44.7927117,0.0,0.0,100.0,1.0,0.08,-8.0,-204.92242361256223,204.92242361256223,0.0,-204.92242361256223,204.92242361256223,0.0,-20605.52776575904,20605.52776575904,0.0,0.0,0.0,0.0,0.0,0.0,0.0,0.0,0.0,-209161.72612984167,-209161.72612984167,21015.372612984167,21015.372612984167,20915.372612984167,0.0,100.0,0.0,0.0,21015.372612984167,21015.372612984167,1,0.0,100.0
5405,56079.92084923139,0.0,-560799.208492314,0.0,10.0,0.0,-0.0,0.1,0.4244351079999999,42.44351079999999,0.0,0.0,100.0,1.0,0.11,-11.0,-451.8780724904038,451.8780724904038,0.0,-451.8780724904038,451.8780724904038,0.0,-56664.65611820163,56664.65611820163,0.0,0.0,1084.4422558593749,1084.4422558593749,0.0,0.0,304.0491580916745,304.0491580916745,0.0,-560810.208492314,-560810.208492314,57568.41226318244,57568.412263182436,57468.41226318244,0.0,100.0,0.0,0.0,57568.412263182436,56179.920849231385,1,0.0,100.0
5406,57802.44717275209,0.0,-578024.4717275209,0.0,10.0,0.0,-0.0,0.1,0.407769073,40.7769073,0.0,0.0,100.0,1.0,0.11,-11.0,-458.4561732310407,458.4561732310407,0.0,-458.4561732310407,458.4561732310407,0.0,-64690.52950869252,64690.52950869252,0.0,0.0,5908.34056640625,5908.34056640625,0.0,0.0,1796.6541159962585,1796.6541159962585,0.0,-578035.4717275209,-578035.4717275209,65607.4418551546,65607.4418551546,65507.4418551546,0.0,100.0,0.0,0.0,65607.4418551546,57902.44717275209,1,0.0,100.0
5407,80966.92399817635,0.0,-809669.2399817635,0.0,10.0,0.0,-0.0,0.1,0.3962562679999999,39.62562679999999,0.0,0.0,100.0,1.0,0.11,-11.0,-711.4665614126935,711.4665614126935,0.0,-711.4665614126935,711.4665614126935,0.0,-97231.0297478826,97231.0297478826,0.0,0.0,13275.068994140624,13275.068994140624,0.0,0.0,4311.96987839102,4311.96987839102,0.0,-809680.2399817635,-809680.2399817635,98653.962870708,98653.96287070798,98553.962870708,0.0,100.0,0.0,0.0,98653.96287070798,81066.92399817634,1,0.0,100.0
5408,68130.33414651202,0.0,-681303.3414651202,0.0,10.0,0.0,-0.0,0.1,0.3839682679999999,38.39682679999999,0.0,0.0,100.0,1.0,0.11,-11.0,-773.8349387572952,773.8349387572952,0.0,-773.8349387572952,773.8349387572952,0.0,-94912.66459288,94912.66459288,0.0,0.0,21015.74302734375,21015.74302734375,0.0,0.0,7214.257296538823,7214.257296538823,0.0,-681314.3414651202,-681314.3414651202,96460.33447039459,96460.33447039459,96360.33447039459,0.0,100.0,0.0,0.0,96460.33447039459,68230.33414651202,1,0.0,100.0
5409,53267.35638510644,0.0,-532673.5638510644,0.0,10.0,0.0,-0.0,0.1,0.384162886,38.4162886,0.0,0.0,100.0,1.0,0.11,-11.0,-838.1280512812199,838.1280512812199,0.0,-838.1280512812199,838.1280512812199,0.0,-92120.17691567806,92120.17691567806,0.0,0.0,26774.5053515625,26774.5053515625,0.0,0.0,13654.571281571563,13654.571281571563,0.0,-532684.5638510644,-532684.5638510644,93796.4330182405,93796.43301824051,93696.4330182405,0.0,100.0,0.0,0.0,93796.43301824051,53367.35638510645,1,0.0,100.0
5410,50406.102933783106,0.0,-504061.0293378311,0.0,10.0,0.0,-0.0,0.1,0.406819404,40.6819404,0.0,0.0,100.0,1.0,0.11,-11.0,-892.0544214459442,892.0544214459442,0.0,-892.0544214459442,892.0544214459442,0.0,-92324.71569679298,92324.71569679298,0.0,0.0,30252.199482421875,30252.199482421875,0.0,0.0,13350.52212347989,13350.52212347989,0.0,-504072.0293378311,-504072.0293378311,94108.82453968487,94108.82453968487,94008.82453968487,0.0,100.0,0.0,0.0,94108.82453968487,50506.1029337831,1,0.0,100.0
5411,35161.097059602514,0.0,-351610.9705960251,0.0,10.0,0.0,-0.0,0.1,0.430746113,43.0746113,0.0,0.0,100.0,1.0,0.11,-11.0,-777.6912925068469,777.6912925068469,0.0,-777.6912925068469,777.6912925068469,0.0,-89189.06978546274,89189.06978546274,0.0,0.0,31187.06349609375,31187.06349609375,0.0,0.0,24296.29181478017,24296.29181478017,0.0,-351621.9705960251,-351621.9705960251,90744.45237047643,90744.45237047643,90644.45237047643,0.0,100.0,0.0,0.0,90744.45237047643,35261.097059602514,1,0.0,100.0
5412,35230.206811001604,0.0,-352302.06811001606,0.0,10.0,0.0,-0.0,0.1,0.441223446,44.122344600000005,0.0,0.0,100.0,1.0,0.11,-11.0,-697.0521115556732,697.0521115556732,0.0,-697.0521115556732,697.0521115556732,0.0,-92352.53199399592,92352.53199399592,0.0,0.0,33318.55344726562,33318.55344726562,0.0,0.0,25097.875958840043,25097.875958840043,0.0,-352313.06811001606,-352313.06811001606,93746.63621710727,93746.63621710727,93646.63621710727,0.0,100.0,0.0,0.0,93746.63621710727,35330.206811001604,1,0.0,100.0
5413,40724.46956283163,0.0,-407244.6956283163,0.0,10.0,0.0,-0.0,0.1,0.43482407,43.482407,0.0,0.0,100.0,1.0,0.11,-11.0,-704.6321977735109,704.6321977735109,0.0,-704.6321977735109,704.6321977735109,0.0,-92115.06462511428,92115.06462511428,0.0,0.0,29205.15178710937,29205.15178710937,0.0,0.0,23494.7076707203,23494.7076707203,0.0,-407255.6956283163,-407255.6956283163,93524.3290206613,93524.3290206613,93424.3290206613,0.0,100.0,0.0,0.0,93524.3290206613,40824.469562831626,1,0.0,100.0
5414,46575.549339803794,0.0,-465755.493398038,0.0,10.0,0.0,-0.0,0.1,0.441007618,44.1007618,0.0,0.0,100.0,1.0,0.08,-8.0,-717.8944932671892,717.8944932671892,0.0,-717.8944932671892,717.8944932671892,0.0,-92154.74214743124,92154.74214743124,0.0,0.0,25465.695732421875,25465.695732421875,0.0,0.0,21449.286061739946,21449.286061739946,0.0,-465763.493398038,-465763.493398038,93590.53113396562,93590.53113396562,93490.53113396562,0.0,100.0,0.0,0.0,93590.53113396562,46675.549339803794,1,0.0,100.0
5415,62415.01751250854,0.0,-624150.1751250854,0.0,10.0,0.0,-0.0,0.1,0.446944131,44.694413100000006,0.0,0.0,100.0,1.0,0.08,-8.0,-751.2975072860069,751.2975072860069,0.0,-751.2975072860069,751.2975072860069,0.0,-95237.46411922212,95237.46411922212,0.0,0.0,16341.422958984374,16341.422958984374,0.0,0.0,17883.618662301218,17883.618662301218,0.0,-624158.1751250854,-624158.1751250854,96740.05913379413,96740.05913379413,96640.05913379413,0.0,100.0,0.0,0.0,96740.05913379413,62515.01751250854,1,0.0,100.0
5416,64671.00645338831,0.0,-646710.0645338831,0.0,10.0,0.0,-0.0,0.1,0.455945009,45.5945009,0.0,0.0,100.0,1.0,0.08,-8.0,-658.5793648606588,658.5793648606588,0.0,-658.5793648606588,658.5793648606588,0.0,-88173.87336594184,88173.87336594184,0.0,0.0,12751.545146484375,12751.545146484375,0.0,0.0,11968.48049579046,11968.48049579046,0.0,-646718.0645338831,-646718.0645338831,89491.03209566315,89491.03209566315,89391.03209566315,0.0,100.0,0.0,0.0,89491.03209566315,64771.00645338831,1,0.0,100.0
5417,66234.38677847262,0.0,-662343.8677847262,0.0,10.0,0.0,-0.0,0.1,0.462769861,46.2769861,0.0,0.0,100.0,1.0,0.11,-11.0,-574.7459587239086,574.7459587239086,0.0,-574.7459587239086,574.7459587239086,0.0,-76221.43585159171,76221.43585159171,0.0,0.0,5646.578642578125,5646.578642578125,0.0,0.0,5389.962347988775,5389.962347988775,0.0,-662354.8677847262,-662354.8677847262,77370.92776903952,77370.92776903952,77270.92776903952,0.0,100.0,0.0,0.0,77370.92776903952,66334.38677847263,1,0.0,100.0
5418,74948.78058356176,0.0,-749487.8058356176,0.0,10.0,0.0,-0.0,0.1,0.459001913,45.900191299999996,0.0,0.0,100.0,1.0,0.11,-11.0,-574.6923548036406,574.6923548036406,0.0,-574.6923548036406,574.6923548036406,0.0,-76014.68231087165,76014.68231087165,0.0,0.0,1009.6531347656248,1009.6531347656248,0.0,0.0,1105.6333021515436,1105.6333021515436,0.0,-749498.8058356176,-749498.8058356176,77164.06702047893,77164.06702047893,77064.06702047893,0.0,100.0,0.0,0.0,77164.06702047893,75048.78058356176,1,0.0,100.0
5419,69984.96124680099,0.0,-699849.6124680098,0.0,10.0,0.0,-0.0,0.1,0.444791926,44.4791926,0.0,0.0,100.0,1.0,0.11,-11.0,-478.39684872586565,478.39684872586565,0.0,-478.39684872586565,478.39684872586565,0.0,-69128.16754934925,69128.16754934925,0.0,0.0,0.0,0.0,0.0,0.0,0.0,0.0,0.0,-699860.6124680098,-699860.6124680098,70084.96124680099,70084.96124680099,69984.96124680099,0.0,100.0,0.0,0.0,70084.96124680099,70084.96124680099,1,0.0,100.0
5420,68125.55909842404,0.0,-681255.5909842404,0.0,10.0,0.0,-0.0,0.1,0.4398133629999999,43.98133629999999,0.0,0.0,100.0,1.0,0.11,-11.0,-204.70328299054657,204.70328299054657,0.0,-204.70328299054657,204.70328299054657,0.0,-67816.15253244295,67816.15253244295,0.0,0.0,0.0,0.0,0.0,0.0,0.0,0.0,0.0,-681266.5909842404,-681266.5909842404,68225.55909842404,68225.55909842404,68125.55909842404,0.0,100.0,0.0,0.0,68225.55909842404,68225.55909842404,1,0.0,100.0
5421,21429.655175214302,0.0,-214296.55175214302,0.0,10.0,0.0,-0.0,0.1,0.440182549,44.018254899999995,0.0,0.0,100.0,1.0,0.11,-11.0,-203.82982064350264,203.82982064350264,0.0,-203.82982064350264,203.82982064350264,0.0,-21121.995533927296,21121.995533927296,0.0,0.0,0.0,0.0,0.0,0.0,0.0,0.0,0.0,-214307.55175214302,-214307.55175214302,21529.655175214302,21529.655175214302,21429.655175214302,0.0,100.0,0.0,0.0,21529.655175214302,21529.655175214302,1,0.0,100.0
5422,18450.83587067383,0.0,-184508.35870673828,0.0,10.0,0.0,-0.0,0.1,0.43877583,43.877583,0.0,0.0,100.0,1.0,0.11,-11.0,-206.70934988329435,206.70934988329435,0.0,-206.70934988329435,206.70934988329435,0.0,-18137.41717090724,18137.41717090724,0.0,0.0,0.0,0.0,0.0,0.0,0.0,0.0,0.0,-184519.35870673828,-184519.35870673828,18550.83587067383,18550.83587067383,18450.83587067383,0.0,100.0,0.0,0.0,18550.83587067383,18550.83587067383,1,0.0,100.0
5423,17706.04673062003,0.0,-177060.4673062003,0.0,10.0,0.0,-0.0,0.1,0.43173191,43.173191,0.0,0.0,100.0,1.0,0.11,-11.0,-203.7899681491136,203.7899681491136,0.0,-203.7899681491136,203.7899681491136,0.0,-17398.4667943218,17398.4667943218,0.0,0.0,0.0,0.0,0.0,0.0,0.0,0.0,0.0,-177071.4673062003,-177071.4673062003,17806.04673062003,17806.04673062003,17706.04673062003,0.0,100.0,0.0,0.0,17806.04673062003,17806.04673062003,1,0.0,100.0
5424,17706.008524034914,0.0,-177060.08524034914,0.0,10.0,0.0,-0.0,0.1,0.446907505,44.6907505,0.0,0.0,100.0,1.0,0.08,-8.0,-203.77086787953857,203.77086787953857,0.0,-203.77086787953857,203.77086787953857,0.0,-17398.466788275837,17398.466788275837,0.0,0.0,0.0,0.0,0.0,0.0,0.0,0.0,0.0,-177068.08524034914,-177068.08524034914,17806.008524034914,17806.008524034914,17706.008524034914,0.0,100.0,0.0,0.0,17806.008524034914,17806.008524034914,1,0.0,100.0
5425,17705.813913845494,0.0,-177058.13913845492,0.0,10.0,0.0,-0.0,0.1,0.4513742129999999,45.13742129999999,0.0,0.0,100.0,1.0,0.08,-8.0,-203.67355976184564,203.67355976184564,0.0,-203.67355976184564,203.67355976184564,0.0,-17398.4667943218,17398.4667943218,0.0,0.0,0.0,0.0,0.0,0.0,0.0,0.0,0.0,-177066.13913845492,-177066.13913845492,17805.813913845494,17805.813913845494,17705.813913845494,0.0,100.0,0.0,0.0,17805.813913845494,17805.813913845494,1,0.0,100.0
5426,17705.532238698546,0.0,-177055.32238698547,0.0,10.0,0.0,-0.0,0.1,0.4535419539999999,45.354195399999995,0.0,0.0,100.0,1.0,0.08,-8.0,-203.5327191653849,203.5327191653849,0.0,-203.5327191653849,203.5327191653849,0.0,-17398.466800367776,17398.466800367776,0.0,0.0,0.0,0.0,0.0,0.0,0.0,0.0,0.0,-177063.32238698547,-177063.32238698547,17805.532238698546,17805.532238698546,17705.532238698546,0.0,100.0,0.0,0.0,17805.532238698546,17805.532238698546,1,0.0,100.0
5427,18455.867835496367,0.0,-184558.67835496366,0.0,10.0,0.0,-0.0,0.1,0.45633088,45.633088,0.0,0.0,100.0,1.0,0.08,-8.0,-209.2253262485941,209.2253262485941,0.0,-209.2253262485941,209.2253262485941,0.0,-18137.41718299918,18137.41718299918,0.0,0.0,0.0,0.0,0.0,0.0,0.0,0.0,0.0,-184566.67835496366,-184566.67835496366,18555.867835496367,18555.867835496367,18455.867835496367,0.0,100.0,0.0,0.0,18555.867835496367,18555.867835496367,1,0.0,100.0
5428,20922.28578485846,0.0,-209222.8578485846,0.0,10.0,0.0,-0.0,0.1,0.445498254,44.549825399999996,0.0,0.0,100.0,1.0,0.08,-8.0,-208.3789974577751,208.3789974577751,0.0,-208.3789974577751,208.3789974577751,0.0,-20605.52778994291,20605.52778994291,0.0,0.0,0.0,0.0,0.0,0.0,0.0,0.0,0.0,-209230.8578485846,-209230.8578485846,21022.28578485846,21022.28578485846,20922.28578485846,0.0,100.0,0.0,0.0,21022.28578485846,21022.28578485846,1,0.0,100.0
5429,55169.83934896086,0.0,-551698.3934896085,0.0,10.0,0.0,-0.0,0.1,0.416175231,41.6175231,0.0,0.0,100.0,1.0,0.11,-11.0,-445.53288902825375,445.53288902825375,0.0,-445.53288902825375,445.53288902825375,0.0,-55253.49486519223,55253.49486519223,0.0,0.0,598.31296875,598.31296875,0.0,0.0,276.4083255378859,276.4083255378859,0.0,-551709.3934896085,-551709.3934896085,56144.56064324874,56144.56064324874,56044.56064324874,0.0,100.0,0.0,0.0,56144.56064324874,55269.83934896086,1,0.0,100.0
5430,56152.2400717116,0.0,-561522.4007171161,0.0,10.0,0.0,-0.0,0.1,0.388751054,38.875105399999995,0.0,0.0,100.0,1.0,0.11,-11.0,-432.1350466761892,432.1350466761892,0.0,-432.1350466761892,432.1350466761892,0.0,-62476.79620689129,62476.79620689129,0.0,0.0,4711.71462890625,4711.71462890625,0.0,0.0,2377.111599625819,2377.111599625819,0.0,-561533.4007171161,-561533.4007171161,63341.06630024367,63341.06630024367,63241.06630024367,0.0,100.0,0.0,0.0,63341.06630024367,56252.2400717116,1,0.0,100.0
5431,82581.44597776566,0.0,-825814.4597776566,0.0,10.0,0.0,-0.0,0.1,0.362242264,36.2242264,0.0,0.0,100.0,1.0,0.11,-11.0,-671.0251444161582,671.0251444161582,0.0,-671.0251444161582,671.0251444161582,0.0,-97285.9349516789,97285.9349516789,0.0,0.0,11966.259375,11966.259375,0.0,0.0,3980.279887745557,3980.279887745557,0.0,-825825.4597776566,-825825.4597776566,98627.98524051122,98627.9852405112,98527.98524051122,0.0,100.0,0.0,0.0,98627.9852405112,82681.44597776564,1,0.0,100.0
5432,74614.66824211951,0.0,-746146.6824211951,0.0,10.0,0.0,-0.0,0.1,0.342461121,34.2461121,0.0,0.0,100.0,1.0,0.11,-11.0,-735.4959941185227,735.4959941185227,0.0,-735.4959941185227,735.4959941185227,0.0,-94729.5031512822,94729.5031512822,0.0,0.0,17201.4978515625,17201.4978515625,0.0,0.0,4284.329045837232,4284.329045837232,0.0,-746157.6824211951,-746157.6824211951,96200.49513951925,96200.49513951925,96100.49513951925,0.0,100.0,0.0,0.0,96200.49513951925,74714.66824211951,1,0.0,100.0
5433,66145.40945234211,0.0,-661454.094523421,0.0,10.0,0.0,-0.0,0.1,0.340080391,34.0080391,0.0,0.0,100.0,1.0,0.11,-11.0,-802.1019397945722,802.1019397945722,0.0,-802.1019397945722,802.1019397945722,0.0,-91949.33631380768,91949.33631380768,0.0,0.0,20342.6409375,20342.6409375,0.0,0.0,6965.489803554725,6965.489803554725,0.0,-661465.094523421,-661465.094523421,93553.54019339682,93553.54019339682,93453.54019339682,0.0,100.0,0.0,0.0,93553.54019339682,66245.40945234211,1,0.0,100.0
5434,62266.85673217259,0.0,-622668.5673217259,0.0,10.0,0.0,-0.0,0.1,0.35943531,35.943531,0.0,0.0,100.0,1.0,0.11,-11.0,-844.5841259156269,844.5841259156269,0.0,-844.5841259156269,844.5841259156269,0.0,-92032.72323422748,92032.72323422748,0.0,0.0,21127.92670898437,21127.92670898437,0.0,0.0,10227.10804490178,10227.10804490178,0.0,-622679.5673217259,-622679.5673217259,93721.89148605874,93721.89148605874,93621.89148605874,0.0,100.0,0.0,0.0,93721.89148605874,62366.856732172586,1,0.0,100.0
5435,44093.39920244723,0.0,-440933.99202447233,0.0,10.0,0.0,-0.0,0.1,0.386116564,38.6116564,0.0,0.0,100.0,1.0,0.11,-11.0,-908.5396819872828,908.5396819872828,0.0,-908.5396819872828,908.5396819872828,0.0,-88933.27496645808,88933.27496645808,0.0,0.0,31934.954707031247,31934.954707031247,0.0,0.0,14622.000420954166,14622.000420954166,0.0,-440944.99202447233,-440944.99202447233,90750.35433043264,90750.35433043264,90650.35433043264,0.0,100.0,0.0,0.0,90750.35433043264,44193.39920244723,1,0.0,100.0
5436,42938.22019006025,0.0,-429382.20190060255,0.0,10.0,0.0,-0.0,0.1,0.410416596,41.0416596,0.0,0.0,100.0,1.0,0.11,-11.0,-947.0925724239598,947.0925724239598,0.0,-947.0925724239598,947.0925724239598,0.0,-92134.89746122248,92134.89746122248,0.0,0.0,32084.53294921875,32084.53294921875,0.0,0.0,18906.3294667914,18906.3294667914,0.0,-429393.20190060255,-429393.20190060255,94029.0826060704,94029.0826060704,93929.0826060704,0.0,100.0,0.0,0.0,94029.0826060704,43038.22019006025,1,0.0,100.0
5437,43147.03180694129,0.0,-431470.3180694129,0.0,10.0,0.0,-0.0,0.1,0.422132168,42.2132168,0.0,0.0,100.0,1.0,0.11,-11.0,-1009.7606143066348,1009.7606143066348,0.0,-1009.7606143066348,1009.7606143066348,0.0,-92163.09132923058,92163.09132923058,0.0,0.0,32084.53294921875,32084.53294921875,0.0,0.0,18851.04780168382,18851.04780168382,0.0,-431481.3180694129,-431481.3180694129,94182.61255784385,94182.61255784385,94082.61255784385,0.0,100.0,0.0,0.0,94182.61255784385,43247.03180694128,1,0.0,100.0
5438,45380.95141366462,0.0,-453809.5141366462,0.0,10.0,0.0,-0.0,0.1,0.426218935,42.6218935,0.0,0.0,100.0,1.0,0.08,-8.0,-1050.8760203375496,1050.8760203375496,0.0,-1050.8760203375496,1050.8760203375496,0.0,-92124.86266308247,92124.86266308247,0.0,0.0,27821.553046875,27821.553046875,0.0,0.0,20924.110243217965,20924.110243217965,0.0,-453817.5141366462,-453817.5141366462,94226.61470375759,94226.61470375757,94126.61470375759,0.0,100.0,0.0,0.0,94226.61470375757,45480.9514136646,1,0.0,100.0
5439,61139.19960024308,0.0,-611391.9960024308,0.0,10.0,0.0,-0.0,0.1,0.441851693,44.1851693,0.0,0.0,100.0,1.0,0.08,-8.0,-1066.5045169159926,1066.5045169159926,0.0,-1066.5045169159926,1066.5045169159926,0.0,-94938.97695513048,94938.97695513048,0.0,0.0,22399.341767578124,22399.341767578124,0.0,0.0,13433.444621141256,13433.444621141256,0.0,-611399.9960024308,-611399.9960024308,97071.98598896246,97071.98598896246,96971.98598896246,0.0,100.0,0.0,0.0,97071.98598896246,61239.19960024308,1,0.0,100.0
5440,69418.45849517404,0.0,-694184.5849517405,0.0,10.0,0.0,-0.0,0.1,0.446376418,44.6376418,0.0,0.0,100.0,1.0,0.08,-8.0,-951.3460644808772,951.3460644808772,0.0,-951.3460644808772,951.3460644808772,0.0,-88023.72727177531,88023.72727177531,0.0,0.0,14658.667734375,14658.667734375,0.0,0.0,5749.293171188027,5749.293171188027,0.0,-694192.5849517405,-694192.5849517405,89926.41940073707,89926.41940073707,89826.41940073707,0.0,100.0,0.0,0.0,89926.41940073707,69518.45849517404,1,0.0,100.0
5441,66750.23078842663,0.0,-667502.3078842664,0.0,10.0,0.0,-0.0,0.1,0.4554173179999999,45.541731799999994,0.0,0.0,100.0,1.0,0.11,-11.0,-662.791422260034,662.791422260034,0.0,-662.791422260034,662.791422260034,0.0,-76175.77439126537,76175.77439126537,0.0,0.0,7030.1773828125,7030.1773828125,0.0,0.0,3620.9490645463056,3620.9490645463056,0.0,-667513.3078842664,-667513.3078842664,77501.35723578544,77501.35723578544,77401.35723578544,0.0,100.0,0.0,0.0,77501.35723578544,66850.23078842663,1,0.0,100.0
5442,74940.98293482693,0.0,-749409.8293482693,0.0,10.0,0.0,-0.0,0.1,0.453049302,45.3049302,0.0,0.0,100.0,1.0,0.11,-11.0,-675.719840030569,675.719840030569,0.0,-675.719840030569,675.719840030569,0.0,-75982.04876642425,75982.04876642425,0.0,0.0,1159.231376953125,1159.231376953125,0.0,0.0,1133.2741347053322,1133.2741347053322,0.0,-749420.8293482693,-749420.8293482693,77333.48844648538,77333.4884464854,77233.48844648538,0.0,100.0,0.0,0.0,77333.4884464854,75040.98293482694,1,0.0,100.0
5443,70237.58909963157,0.0,-702375.8909963157,0.0,10.0,0.0,-0.0,0.1,0.4483992189999999,44.83992189999999,0.0,0.0,100.0,1.0,0.11,-11.0,-566.375155789815,566.375155789815,0.0,-566.375155789815,566.375155789815,0.0,-69204.83878805194,69204.83878805194,0.0,0.0,0.0,0.0,0.0,0.0,0.0,0.0,0.0,-702386.8909963157,-702386.8909963157,70337.58909963157,70337.58909963157,70237.58909963157,0.0,100.0,0.0,0.0,70337.58909963157,70337.58909963157,1,0.0,100.0
5444,68175.42823497308,0.0,-681754.2823497308,0.0,10.0,0.0,-0.0,0.1,0.435369367,43.5369367,0.0,0.0,100.0,1.0,0.11,-11.0,-212.41336738674283,212.41336738674283,0.0,-212.41336738674283,212.41336738674283,0.0,-67850.6015001996,67850.6015001996,0.0,0.0,0.0,0.0,0.0,0.0,0.0,0.0,0.0,-681765.2823497308,-681765.2823497308,68275.42823497308,68275.42823497308,68175.42823497308,0.0,100.0,0.0,0.0,68275.42823497308,68275.42823497308,1,0.0,100.0
5445,21527.93372989266,0.0,-215279.33729892658,0.0,10.0,0.0,-0.0,0.1,0.423317837,42.331783699999995,0.0,0.0,100.0,1.0,0.11,-11.0,-252.9690919367125,252.9690919367125,0.0,-252.9690919367125,252.9690919367125,0.0,-21121.995546019232,21121.995546019232,0.0,0.0,0.0,0.0,0.0,0.0,0.0,0.0,0.0,-215290.33729892658,-215290.33729892658,21627.93372989266,21627.93372989266,21527.93372989266,0.0,100.0,0.0,0.0,21627.93372989266,21627.93372989266,1,0.0,100.0
5446,18451.131527459784,0.0,-184511.31527459784,0.0,10.0,0.0,-0.0,0.1,0.4220128039999999,42.20128039999999,0.0,0.0,100.0,1.0,0.11,-11.0,-206.85717525328903,206.85717525328903,0.0,-206.85717525328903,206.85717525328903,0.0,-18137.417176953204,18137.417176953204,0.0,0.0,0.0,0.0,0.0,0.0,0.0,0.0,0.0,-184522.31527459784,-184522.31527459784,18551.131527459784,18551.131527459784,18451.131527459784,0.0,100.0,0.0,0.0,18551.131527459784,18551.131527459784,1,0.0,100.0
5447,17706.17673982353,0.0,-177061.76739823533,0.0,10.0,0.0,-0.0,0.1,0.419786565,41.9786565,0.0,0.0,100.0,1.0,0.11,-11.0,-203.8549697278786,203.8549697278786,0.0,-203.8549697278786,203.8549697278786,0.0,-17398.466800367776,17398.466800367776,0.0,0.0,0.0,0.0,0.0,0.0,0.0,0.0,0.0,-177072.76739823533,-177072.76739823533,17806.17673982353,17806.17673982353,17706.17673982353,0.0,100.0,0.0,0.0,17806.17673982353,17806.17673982353,1,0.0,100.0
5448,17705.958990336196,0.0,-177059.58990336195,0.0,10.0,0.0,-0.0,0.1,0.433978626,43.397862599999996,0.0,0.0,100.0,1.0,0.08,-8.0,-203.746098007197,203.746098007197,0.0,-203.746098007197,203.746098007197,0.0,-17398.4667943218,17398.4667943218,0.0,0.0,0.0,0.0,0.0,0.0,0.0,0.0,0.0,-177067.58990336195,-177067.58990336195,17805.958990336196,17805.958990336196,17705.958990336196,0.0,100.0,0.0,0.0,17805.958990336196,17805.958990336196,1,0.0,100.0
5449,17705.763539357336,0.0,-177057.63539357338,0.0,10.0,0.0,-0.0,0.1,0.434315579,43.4315579,0.0,0.0,100.0,1.0,0.08,-8.0,-203.64837251776808,203.64837251776808,0.0,-203.64837251776808,203.64837251776808,0.0,-17398.4667943218,17398.4667943218,0.0,0.0,0.0,0.0,0.0,0.0,0.0,0.0,0.0,-177065.63539357338,-177065.63539357338,17805.763539357336,17805.763539357336,17705.763539357336,0.0,100.0,0.0,0.0,17805.763539357336,17805.763539357336,1,0.0,100.0
5450,17705.636973606317,0.0,-177056.36973606318,0.0,10.0,0.0,-0.0,0.1,0.452673871,45.2673871,0.0,0.0,100.0,1.0,0.08,-8.0,-203.58508661927,203.58508661927,0.0,-203.58508661927,203.58508661927,0.0,-17398.466800367776,17398.466800367776,0.0,0.0,0.0,0.0,0.0,0.0,0.0,0.0,0.0,-177064.36973606318,-177064.36973606318,17805.636973606317,17805.636973606317,17705.636973606317,0.0,100.0,0.0,0.0,17805.636973606317,17805.636973606317,1,0.0,100.0
5451,18446.75052074324,0.0,-184467.5052074324,0.0,10.0,0.0,-0.0,0.1,0.454728425,45.4728425,0.0,0.0,100.0,1.0,0.08,-8.0,-204.666671895019,204.666671895019,0.0,-204.666671895019,204.666671895019,0.0,-18137.417176953204,18137.417176953204,0.0,0.0,0.0,0.0,0.0,0.0,0.0,0.0,0.0,-184475.5052074324,-184475.5052074324,18546.75052074324,18546.75052074324,18446.75052074324,0.0,100.0,0.0,0.0,18546.75052074324,18546.75052074324,1,0.0,100.0
5452,20914.6790555323,0.0,-209146.79055532298,0.0,10.0,0.0,-0.0,0.1,0.4400304539999999,44.00304539999999,0.0,0.0,100.0,1.0,0.08,-8.0,-204.5756237257389,204.5756237257389,0.0,-204.5756237257389,204.5756237257389,0.0,-20605.52780808082,20605.52780808082,0.0,0.0,0.0,0.0,0.0,0.0,0.0,0.0,0.0,-209154.79055532298,-209154.79055532298,21014.6790555323,21014.6790555323,20914.6790555323,0.0,100.0,0.0,0.0,21014.6790555323,21014.6790555323,1,0.0,100.0
5453,54602.854704609854,0.0,-546028.5470460985,0.0,10.0,0.0,-0.0,0.1,0.424756284,42.4756284,0.0,0.0,100.0,1.0,0.11,-11.0,-423.4806246890659,423.4806246890659,0.0,-423.4806246890659,423.4806246890659,0.0,-55085.052899002185,55085.052899002185,0.0,0.0,897.469453125,897.469453125,0.0,0.0,331.6899906454631,331.6899906454631,0.0,-546039.5470460985,-546039.5470460985,55932.014148380316,55932.014148380316,55832.014148380316,0.0,100.0,0.0,0.0,55932.014148380316,54702.854704609854,1,0.0,100.0
5454,59391.60278760391,0.0,-593916.027876039,0.0,10.0,0.0,-0.0,0.1,0.400694787,40.0694787,0.0,0.0,100.0,1.0,0.11,-11.0,-441.4494750123056,441.4494750123056,0.0,-441.4494750123056,441.4494750123056,0.0,-61751.53051382279,61751.53051382279,0.0,0.0,1981.9117089843749,1981.9117089843749,0.0,0.0,1160.9149672591209,1160.9149672591209,0.0,-593927.027876039,-593927.027876039,62634.4294638474,62634.4294638474,62534.4294638474,0.0,100.0,0.0,0.0,62634.4294638474,59491.60278760391,1,0.0,100.0
5455,91247.54830152716,0.0,-912475.4830152716,0.0,10.0,0.0,-0.0,0.1,0.374764625,37.476462500000004,0.0,0.0,100.0,1.0,0.11,-11.0,-741.2399911479984,741.2399911479984,0.0,-741.2399911479984,741.2399911479984,0.0,-96123.11245860464,96123.11245860464,0.0,0.0,3328.115888671875,3328.115888671875,0.0,0.0,2929.9282507015905,2929.9282507015905,0.0,-912486.4830152716,-912486.4830152716,97605.59244090063,97605.59244090063,97505.59244090063,0.0,100.0,0.0,0.0,97605.59244090063,91347.54830152716,1,0.0,100.0
5456,74535.46326727583,0.0,-745354.6326727583,0.0,10.0,0.0,-0.0,0.1,0.355357937,35.5357937,0.0,0.0,100.0,1.0,0.11,-11.0,-836.019179641923,836.019179641923,0.0,-836.019179641923,836.019179641923,0.0,-94758.2568760806,94758.2568760806,0.0,0.0,15630.92630859375,15630.92630859375,0.0,0.0,6163.905659494856,6163.905659494856,0.0,-745365.6326727583,-745365.6326727583,96430.29523536444,96430.29523536445,96330.29523536444,0.0,100.0,0.0,0.0,96430.29523536445,74635.46326727585,1,0.0,100.0
5457,57635.711672520265,0.0,-576357.1167252026,0.0,10.0,0.0,-0.0,0.1,0.344654265,34.4654265,0.0,0.0,100.0,1.0,0.11,-11.0,-901.568841765406,901.568841765406,0.0,-901.568841765406,901.568841765406,0.0,-91986.29732149756,91986.29732149756,0.0,0.0,26213.586943359373,26213.586943359373,0.0,0.0,9840.136389148738,9840.136389148738,0.0,-576368.1167252026,-576368.1167252026,93789.43500502838,93789.43500502838,93689.43500502838,0.0,100.0,0.0,0.0,93789.43500502838,57735.71167252027,1,0.0,100.0
5458,55967.819577446084,0.0,-559678.1957744608,0.0,10.0,0.0,-0.0,0.1,0.360263227,36.0263227,0.0,0.0,100.0,1.0,0.11,-11.0,-982.4396734444452,982.4396734444452,0.0,-982.4396734444452,982.4396734444452,0.0,-92117.51070351856,92117.51070351856,0.0,0.0,26737.110791015624,26737.110791015624,0.0,0.0,11277.459681945746,11277.459681945746,0.0,-559689.1957744608,-559689.1957744608,94082.39005040746,94082.39005040746,93982.39005040746,0.0,100.0,0.0,0.0,94082.39005040746,56067.819577446084,1,0.0,100.0
5459,39464.25720157927,0.0,-394642.5720157927,0.0,10.0,0.0,-0.0,0.1,0.377929571,37.7929571,0.0,0.0,100.0,1.0,0.11,-11.0,-1025.5393873045884,1025.5393873045884,0.0,-1025.5393873045884,1025.5393873045884,0.0,-89003.13294149337,89003.13294149337,0.0,0.0,33468.13168945313,33468.13168945313,0.0,0.0,18021.82282507016,18021.82282507016,0.0,-394653.5720157927,-394653.5720157927,91054.21171610255,91054.21171610255,90954.21171610255,0.0,100.0,0.0,0.0,91054.21171610255,39564.25720157927,1,0.0,100.0
5460,38260.55889300683,0.0,-382605.5889300683,0.0,10.0,0.0,-0.0,0.1,0.398484847,39.8484847,0.0,0.0,100.0,1.0,0.11,-11.0,-1048.198527721429,1048.198527721429,0.0,-1048.198527721429,1048.198527721429,0.0,-92225.35496177834,92225.35496177834,0.0,0.0,34926.519550781246,34926.519550781246,0.0,0.0,21034.67357343312,21034.67357343312,0.0,-382616.5889300683,-382616.5889300683,94321.7520172212,94321.7520172212,94221.7520172212,0.0,100.0,0.0,0.0,94321.7520172212,38360.55889300683,1,0.0,100.0
5461,50391.498338083,0.0,-503914.98338083003,0.0,10.0,0.0,-0.0,0.1,0.418993487,41.8993487,0.0,0.0,100.0,1.0,0.11,-11.0,-1105.376071405317,1105.376071405317,0.0,-1105.376071405317,1105.376071405317,0.0,-92104.75255880576,92104.75255880576,0.0,0.0,27073.6618359375,27073.6618359375,0.0,0.0,16750.344527595887,16750.344527595887,0.0,-503925.98338083003,-503925.98338083003,94315.50470161639,94315.50470161639,94215.50470161639,0.0,100.0,0.0,0.0,94315.50470161639,50491.498338083,1,0.0,100.0
5462,50791.95363074669,0.0,-507919.5363074669,0.0,10.0,0.0,-0.0,0.1,0.440123114,44.0123114,0.0,0.0,100.0,1.0,0.08,-8.0,-1100.945982358411,1100.945982358411,0.0,-1100.945982358411,1100.945982358411,0.0,-92091.38540356932,92091.38540356932,0.0,0.0,25877.03589843749,25877.03589843749,0.0,0.0,17524.287839101966,17524.287839101966,0.0,-507927.5363074669,-507927.5363074669,94293.27736828614,94293.27736828614,94193.27736828614,0.0,100.0,0.0,0.0,94293.27736828614,50891.95363074669,1,0.0,100.0
5463,64622.836470661656,0.0,-646228.3647066166,0.0,10.0,0.0,-0.0,0.1,0.447109137,44.7109137,0.0,0.0,100.0,1.0,0.08,-8.0,-1100.6635583065618,1100.6635583065618,0.0,-1100.6635583065618,1100.6635583065618,0.0,-94979.06318499634,94979.06318499634,0.0,0.0,18360.729228515625,18360.729228515625,0.0,0.0,14096.824602432182,14096.824602432182,0.0,-646236.3647066166,-646236.3647066166,97180.39030160947,97180.39030160947,97080.39030160947,0.0,100.0,0.0,0.0,97180.39030160947,64722.83647066166,1,0.0,100.0
5464,69199.11458185819,0.0,-691991.1458185818,0.0,10.0,0.0,-0.0,0.1,0.457585356,45.7585356,0.0,0.0,100.0,1.0,0.08,-8.0,-968.3290070301288,968.3290070301288,0.0,-968.3290070301288,968.3290070301288,0.0,-87936.35732700447,87936.35732700447,0.0,0.0,12751.545146484375,12751.545146484375,0.0,0.0,7822.355612722172,7822.355612722172,0.0,-691999.1458185818,-691999.1458185818,89873.01534106473,89873.01534106473,89773.01534106473,0.0,100.0,0.0,0.0,89873.01534106473,69299.11458185819,1,0.0,100.0
5465,66957.56051544237,0.0,-669575.6051544237,0.0,10.0,0.0,-0.0,0.1,0.449947529,44.9947529,0.0,0.0,100.0,1.0,0.11,-11.0,-664.48424310829,664.48424310829,0.0,-664.48424310829,664.48424310829,0.0,-76233.47579556883,76233.47579556883,0.0,0.0,5197.843916015625,5197.843916015625,0.0,0.0,5307.03985032741,5307.03985032741,0.0,-669586.6051544237,-669586.6051544237,77562.4442817854,77562.4442817854,77462.4442817854,0.0,100.0,0.0,0.0,77562.4442817854,67057.56051544237,1,0.0,100.0
5466,73098.32403235235,0.0,-730983.2403235235,0.0,10.0,0.0,-0.0,0.1,0.4475306539999999,44.75306539999999,0.0,0.0,100.0,1.0,0.11,-11.0,-663.9980186344584,663.9980186344584,0.0,-663.9980186344584,663.9980186344584,0.0,-73707.58575503723,73707.58575503723,0.0,0.0,897.469453125,897.469453125,0.0,0.0,939.788306828812,939.788306828812,0.0,-730994.2403235235,-730994.2403235235,75035.58179230615,75035.58179230615,74935.58179230615,0.0,100.0,0.0,0.0,75035.58179230615,73198.32403235235,1,0.0,100.0
5467,67442.18456800237,0.0,-674421.8456800237,0.0,10.0,0.0,-0.0,0.1,0.440815351,44.0815351,0.0,0.0,100.0,1.0,0.11,-11.0,-546.0864956163798,546.0864956163798,0.0,-546.0864956163798,546.0864956163798,0.0,-66450.01157676961,66450.01157676961,0.0,0.0,0.0,0.0,0.0,0.0,0.0,0.0,0.0,-674432.8456800237,-674432.8456800237,67542.18456800237,67542.18456800237,67442.18456800237,0.0,100.0,0.0,0.0,67542.18456800237,67542.18456800237,1,0.0,100.0
5468,65254.688120082414,0.0,-652546.8812008242,0.0,10.0,0.0,-0.0,0.1,0.42999899,42.999899,0.0,0.0,100.0,1.0,0.11,-11.0,-217.81144651223465,217.81144651223465,0.0,-217.81144651223465,217.81144651223465,0.0,-64919.065227057945,64919.065227057945,0.0,0.0,0.0,0.0,0.0,0.0,0.0,0.0,0.0,-652557.8812008242,-652557.8812008242,65354.688120082414,65354.688120082414,65254.688120082414,0.0,100.0,0.0,0.0,65354.688120082414,65354.688120082414,1,0.0,100.0
5469,21446.857701196768,0.0,-214468.5770119677,0.0,10.0,0.0,-0.0,0.1,0.428229375,42.8229375,0.0,0.0,100.0,1.0,0.11,-11.0,-212.4310775887678,212.4310775887678,0.0,-212.4310775887678,212.4310775887678,0.0,-21121.995546019232,21121.995546019232,0.0,0.0,0.0,0.0,0.0,0.0,0.0,0.0,0.0,-214479.5770119677,-214479.5770119677,21546.857701196768,21546.857701196768,21446.857701196768,0.0,100.0,0.0,0.0,21546.857701196768,21546.857701196768,1,0.0,100.0
5470,18451.16240489245,0.0,-184511.62404892448,0.0,10.0,0.0,-0.0,0.1,0.429205517,42.9205517,0.0,0.0,100.0,1.0,0.11,-11.0,-206.8726079236516,206.8726079236516,0.0,-206.8726079236516,206.8726079236516,0.0,-18137.417189045147,18137.417189045147,0.0,0.0,0.0,0.0,0.0,0.0,0.0,0.0,0.0,-184522.62404892448,-184522.62404892448,18551.16240489245,18551.16240489245,18451.16240489245,0.0,100.0,0.0,0.0,18551.16240489245,18551.16240489245,1,0.0,100.0
5471,17706.15959944359,0.0,-177061.5959944359,0.0,10.0,0.0,-0.0,0.1,0.427347123,42.7347123,0.0,0.0,100.0,1.0,0.11,-11.0,-203.84639651492483,203.84639651492483,0.0,-203.84639651492483,203.84639651492483,0.0,-17398.46680641374,17398.46680641374,0.0,0.0,0.0,0.0,0.0,0.0,0.0,0.0,0.0,-177072.5959944359,-177072.5959944359,17806.15959944359,17806.15959944359,17706.15959944359,0.0,100.0,0.0,0.0,17806.15959944359,17806.15959944359,1,0.0,100.0
5472,17705.952331258726,0.0,-177059.52331258726,0.0,10.0,0.0,-0.0,0.1,0.4475218589999999,44.75218589999999,0.0,0.0,100.0,1.0,0.08,-8.0,-203.7427624224932,203.7427624224932,0.0,-203.7427624224932,203.7427624224932,0.0,-17398.46680641374,17398.46680641374,0.0,0.0,0.0,0.0,0.0,0.0,0.0,0.0,0.0,-177067.52331258726,-177067.52331258726,17805.952331258726,17805.952331258726,17705.952331258726,0.0,100.0,0.0,0.0,17805.952331258726,17805.952331258726,1,0.0,100.0
5473,17705.786630600145,0.0,-177057.86630600144,0.0,10.0,0.0,-0.0,0.1,0.459235285,45.923528499999996,0.0,0.0,100.0,1.0,0.08,-8.0,-203.6599151161842,203.6599151161842,0.0,-203.6599151161842,203.6599151161842,0.0,-17398.466800367776,17398.466800367776,0.0,0.0,0.0,0.0,0.0,0.0,0.0,0.0,0.0,-177065.86630600144,-177065.86630600144,17805.786630600145,17805.786630600145,17705.786630600145,0.0,100.0,0.0,0.0,17805.786630600145,17805.786630600145,1,0.0,100.0
5474,17705.694263703546,0.0,-177056.94263703545,0.0,10.0,0.0,-0.0,0.1,0.465460462,46.5460462,0.0,0.0,100.0,1.0,0.08,-8.0,-203.6137316678849,203.6137316678849,0.0,-203.6137316678849,203.6137316678849,0.0,-17398.466800367776,17398.466800367776,0.0,0.0,0.0,0.0,0.0,0.0,0.0,0.0,0.0,-177064.94263703545,-177064.94263703545,17805.694263703546,17805.694263703546,17705.694263703546,0.0,100.0,0.0,0.0,17805.694263703546,17805.694263703546,1,0.0,100.0
5475,18446.911898874354,0.0,-184469.11898874355,0.0,10.0,0.0,-0.0,0.1,0.454951789,45.4951789,0.0,0.0,100.0,1.0,0.08,-8.0,-204.74736096057475,204.74736096057475,0.0,-204.74736096057475,204.74736096057475,0.0,-18137.417176953204,18137.417176953204,0.0,0.0,0.0,0.0,0.0,0.0,0.0,0.0,0.0,-184477.11898874355,-184477.11898874355,18546.911898874354,18546.911898874354,18446.911898874354,0.0,100.0,0.0,0.0,18546.911898874354,18546.911898874354,1,0.0,100.0
5476,20914.823042378746,0.0,-209148.23042378746,0.0,10.0,0.0,-0.0,0.1,0.436992338,43.699233799999995,0.0,0.0,100.0,1.0,0.08,-8.0,-204.6476050570245,204.6476050570245,0.0,-204.6476050570245,204.6476050570245,0.0,-20605.5278322647,20605.5278322647,0.0,0.0,0.0,0.0,0.0,0.0,0.0,0.0,0.0,-209156.23042378746,-209156.23042378746,21014.823042378746,21014.823042378746,20914.823042378746,0.0,100.0,0.0,0.0,21014.823042378746,21014.823042378746,1,0.0,100.0
5477,57796.482709898344,0.0,-577964.8270989835,0.0,10.0,0.0,-0.0,0.1,0.40796938,40.796938,0.0,0.0,100.0,1.0,0.11,-11.0,-439.00813111518994,439.00813111518994,0.0,-439.00813111518994,439.00813111518994,0.0,-58237.87216344533,58237.87216344533,0.0,0.0,860.074892578125,860.074892578125,0.0,0.0,359.3308231992517,359.3308231992517,0.0,-577975.8270989835,-577975.8270989835,59115.88842567572,59115.888425675716,59015.88842567572,0.0,100.0,0.0,0.0,59115.888425675716,57896.48270989834,1,0.0,100.0
5478,60690.05618944645,0.0,-606900.5618944645,0.0,10.0,0.0,-0.0,0.1,0.401670363,40.1670363,0.0,0.0,100.0,1.0,0.11,-11.0,-477.76594417033664,477.76594417033664,0.0,-477.76594417033664,477.76594417033664,0.0,-66087.61252788204,66087.61252788204,0.0,0.0,4898.687431640625,4898.687431640625,0.0,0.0,1354.400795135641,1354.400795135641,0.0,-606911.5618944645,-606911.5618944645,67043.14441622271,67043.14441622271,66943.14441622271,0.0,100.0,0.0,0.0,67043.14441622271,60790.05618944645,1,0.0,100.0
5479,86958.82635009832,0.0,-869588.2635009831,0.0,10.0,0.0,-0.0,0.1,0.3828286389999999,38.28286389999999,0.0,0.0,100.0,1.0,0.11,-11.0,-786.7992115842701,786.7992115842701,0.0,-786.7992115842701,786.7992115842701,0.0,-97916.6468788288,97916.6468788288,0.0,0.0,9086.878212890624,9086.878212890624,0.0,0.0,3344.54073900842,3344.54073900842,0.0,-869599.2635009831,-869599.2635009831,99490.24530199736,99490.24530199735,99390.24530199736,0.0,100.0,0.0,0.0,99490.24530199735,87058.8263500983,1,0.0,100.0
5480,79036.13432095433,0.0,-790361.3432095433,0.0,10.0,0.0,-0.0,0.1,0.359518875,35.9518875,0.0,0.0,100.0,1.0,0.11,-11.0,-866.4054483266694,866.4054483266694,0.0,-866.4054483266694,866.4054483266694,0.0,-94299.46796074898,94299.46796074898,0.0,0.0,10732.238876953124,10732.238876953124,0.0,0.0,6163.905659494856,6163.905659494856,0.0,-790372.3432095433,-790372.3432095433,96032.2788574023,96032.27885740231,95932.2788574023,0.0,100.0,0.0,0.0,96032.27885740231,79136.13432095433,1,0.0,100.0
5481,69133.17663219546,0.0,-691331.7663219547,0.0,10.0,0.0,-0.0,0.1,0.340964876,34.096487599999996,0.0,0.0,100.0,1.0,0.11,-11.0,-934.7134844784822,934.7134844784822,0.0,-934.7134844784822,934.7134844784822,0.0,-90556.98487047256,90556.98487047256,0.0,0.0,13574.225478515624,13574.225478515624,0.0,0.0,9619.009728718427,9619.009728718427,0.0,-691342.7663219547,-691342.7663219547,92426.41183942952,92426.41183942952,92326.41183942952,0.0,100.0,0.0,0.0,92426.41183942952,69233.17663219548,1,0.0,100.0
5482,58332.974536214155,0.0,-583329.7453621415,0.0,10.0,0.0,-0.0,0.1,0.340545318,34.0545318,0.0,0.0,100.0,1.0,0.11,-11.0,-1039.4947173731755,1039.4947173731755,0.0,-1039.4947173731755,1039.4947173731755,0.0,-90518.472950646,90518.472950646,0.0,0.0,24269.06979492188,24269.06979492188,0.0,0.0,9895.418054256315,9895.418054256315,0.0,-583340.7453621415,-583340.7453621415,92597.46238539235,92597.46238539235,92497.46238539235,0.0,100.0,0.0,0.0,92597.46238539235,58432.974536214155,1,0.0,100.0
5483,58220.34828783042,0.0,-582203.4828783042,0.0,10.0,0.0,-0.0,0.1,0.341953644,34.1953644,0.0,0.0,100.0,1.0,0.11,-11.0,-1098.4000294135933,1098.4000294135933,0.0,-1098.4000294135933,1098.4000294135933,0.0,-87826.60296555061,87826.60296555061,0.0,0.0,19706.933408203124,19706.933408203124,0.0,0.0,11996.121328344248,11996.121328344248,0.0,-582214.4828783042,-582214.4828783042,90023.4030243778,90023.4030243778,89923.4030243778,0.0,100.0,0.0,0.0,90023.4030243778,58320.34828783042,1,0.0,100.0
5484,48171.819275162765,0.0,-481718.19275162765,0.0,10.0,0.0,-0.0,0.1,0.34921329,34.921329,0.0,0.0,100.0,1.0,0.11,-11.0,-856.6350190882549,856.6350190882549,0.0,-856.6350190882549,856.6350190882549,0.0,-90418.42466796184,90418.42466796184,0.0,0.0,25091.750126953124,25091.750126953124,0.0,0.0,18768.12530402245,18768.12530402245,0.0,-481729.19275162765,-481729.19275162765,92131.69470613834,92131.69470613834,92031.69470613834,0.0,100.0,0.0,0.0,92131.69470613834,48271.819275162765,1,0.0,100.0
5485,39380.64392221901,0.0,-393806.43922219006,0.0,10.0,0.0,-0.0,0.1,0.385262124,38.5262124,0.0,0.0,100.0,1.0,0.11,-11.0,-716.8161436161363,716.8161436161363,0.0,-716.8161436161363,716.8161436161363,0.0,-90065.60400696479,90065.60400696479,0.0,0.0,29242.54634765625,29242.54634765625,0.0,0.0,22776.0460243218,22776.0460243218,0.0,-393817.43922219006,-393817.43922219006,91499.23629419706,91499.23629419706,91399.23629419706,0.0,100.0,0.0,0.0,91499.23629419706,39480.64392221901,1,0.0,100.0
5486,50437.72511747203,0.0,-504377.2511747203,0.0,10.0,0.0,-0.0,0.1,0.4211609529999999,42.11609529999999,0.0,0.0,100.0,1.0,0.08,-8.0,-707.7509048259874,707.7509048259874,0.0,-707.7509048259874,707.7509048259874,0.0,-90076.823573319,90076.823573319,0.0,0.0,19781.72252929688,19781.72252929688,0.0,0.0,21172.877736202063,21172.877736202063,0.0,-504385.2511747203,-504385.2511747203,91492.32538297097,91492.32538297097,91392.32538297097,0.0,100.0,0.0,0.0,91492.32538297097,50537.72511747203,1,0.0,100.0
5487,64776.28363580167,0.0,-647762.8363580167,0.0,10.0,0.0,-0.0,0.1,0.434463174,43.4463174,0.0,0.0,100.0,1.0,0.08,-8.0,-731.0274256988581,731.0274256988581,0.0,-731.0274256988581,731.0274256988581,0.0,-93587.6001969025,93587.6001969025,0.0,0.0,13312.4635546875,13312.4635546875,0.0,0.0,16860.907857811042,16860.907857811042,0.0,-647770.8363580167,-647770.8363580167,95049.65504830022,95049.6550483002,94949.65504830022,0.0,100.0,0.0,0.0,95049.6550483002,64876.283635801665,1,0.0,100.0
5488,67819.14183726782,0.0,-678191.4183726781,0.0,10.0,0.0,-0.0,0.1,0.445620437,44.5620437,0.0,0.0,100.0,1.0,0.08,-8.0,-632.5585137338401,632.5585137338401,0.0,-632.5585137338401,632.5585137338401,0.0,-87208.63944910234,87208.63944910234,0.0,0.0,8226.8033203125,8226.8033203125,0.0,0.0,12327.811318989712,12327.811318989712,0.0,-678199.4183726781,-678199.4183726781,88473.75647657004,88473.75647657002,88373.75647657004,0.0,100.0,0.0,0.0,88473.75647657002,67919.14183726782,1,0.0,100.0
5489,67719.90467210444,0.0,-677199.0467210445,0.0,10.0,0.0,-0.0,0.1,0.448894997,44.8894997,0.0,0.0,100.0,1.0,0.11,-11.0,-567.5862861393082,567.5862861393082,0.0,-567.5862861393082,567.5862861393082,0.0,-76656.36990995977,76656.36990995977,0.0,0.0,4001.217978515625,4001.217978515625,0.0,0.0,5970.419831618336,5970.419831618336,0.0,-677210.0467210445,-677210.0467210445,77791.54248223841,77791.5424822384,77691.54248223841,0.0,100.0,0.0,0.0,77791.5424822384,67819.90467210443,1,0.0,100.0
5490,76535.39498053324,0.0,-765353.9498053323,0.0,10.0,0.0,-0.0,0.1,0.444647935,44.4647935,0.0,0.0,100.0,1.0,0.11,-11.0,-570.8262736775296,570.8262736775296,0.0,-570.8262736775296,570.8262736775296,0.0,-77446.45619706383,77446.45619706383,0.0,0.0,598.31296875,598.31296875,0.0,0.0,1354.400795135641,1354.400795135641,0.0,-765364.9498053323,-765364.9498053323,78588.10874441887,78588.10874441889,78488.10874441887,0.0,100.0,0.0,0.0,78588.10874441889,76635.39498053325,1,0.0,100.0
5491,71444.5818715654,0.0,-714445.8187156541,0.0,10.0,0.0,-0.0,0.1,0.442495232,44.2495232,0.0,0.0,100.0,1.0,0.11,-11.0,-467.3832533990176,467.3832533990176,0.0,-467.3832533990176,467.3832533990176,0.0,-70609.81536476736,70609.81536476736,0.0,0.0,0.0,0.0,0.0,0.0,0.0,0.0,0.0,-714456.8187156541,-714456.8187156541,71544.5818715654,71544.5818715654,71444.5818715654,0.0,100.0,0.0,0.0,71544.5818715654,71544.5818715654,1,0.0,100.0
5492,69185.98594917213,0.0,-691859.8594917213,0.0,10.0,0.0,-0.0,0.1,0.436879904,43.6879904,0.0,0.0,100.0,1.0,0.11,-11.0,-204.46663777700329,204.46663777700329,0.0,-204.46663777700329,204.46663777700329,0.0,-68877.05267361812,68877.05267361812,0.0,0.0,0.0,0.0,0.0,0.0,0.0,0.0,0.0,-691870.8594917213,-691870.8594917213,69285.98594917213,69285.98594917213,69185.98594917213,0.0,100.0,0.0,0.0,69285.98594917213,69285.98594917213,1,0.0,100.0
5493,21429.306343364875,0.0,-214293.06343364876,0.0,10.0,0.0,-0.0,0.1,0.43855825,43.855824999999996,0.0,0.0,100.0,1.0,0.11,-11.0,-203.65539867282047,203.65539867282047,0.0,-203.65539867282047,203.65539867282047,0.0,-21121.995546019232,21121.995546019232,0.0,0.0,0.0,0.0,0.0,0.0,0.0,0.0,0.0,-214304.06343364876,-214304.06343364876,21529.306343364875,21529.306343364875,21429.306343364875,0.0,100.0,0.0,0.0,21529.306343364875,21529.306343364875,1,0.0,100.0
5494,18450.487234329943,0.0,-184504.87234329944,0.0,10.0,0.0,-0.0,0.1,0.442789967,44.2789967,0.0,0.0,100.0,1.0,0.11,-11.0,-206.5350226423977,206.5350226423977,0.0,-206.5350226423977,206.5350226423977,0.0,-18137.417189045147,18137.417189045147,0.0,0.0,0.0,0.0,0.0,0.0,0.0,0.0,0.0,-184515.87234329944,-184515.87234329944,18550.487234329943,18550.487234329943,18450.487234329943,0.0,100.0,0.0,0.0,18550.487234329943,18550.487234329943,1,0.0,100.0
5495,17705.669534354467,0.0,-177056.69534354468,0.0,10.0,0.0,-0.0,0.1,0.450449332,45.044933199999996,0.0,0.0,100.0,1.0,0.11,-11.0,-203.60135792438976,203.60135792438976,0.0,-203.60135792438976,203.60135792438976,0.0,-17398.466818505687,17398.466818505687,0.0,0.0,0.0,0.0,0.0,0.0,0.0,0.0,0.0,-177067.69534354468,-177067.69534354468,17805.669534354467,17805.669534354467,17705.669534354467,0.0,100.0,0.0,0.0,17805.669534354467,17805.669534354467,1,0.0,100.0
5496,17705.629759727628,0.0,-177056.29759727628,0.0,10.0,0.0,-0.0,0.1,0.461153263,46.1153263,0.0,0.0,100.0,1.0,0.08,-8.0,-203.5814706109697,203.5814706109697,0.0,-203.5814706109697,203.5814706109697,0.0,-17398.466818505687,17398.466818505687,0.0,0.0,0.0,0.0,0.0,0.0,0.0,0.0,0.0,-177064.29759727628,-177064.29759727628,17805.629759727628,17805.629759727628,17705.629759727628,0.0,100.0,0.0,0.0,17805.629759727628,17805.629759727628,1,0.0,100.0
5497,17705.600940763827,0.0,-177056.00940763828,0.0,10.0,0.0,-0.0,0.1,0.459844757,45.9844757,0.0,0.0,100.0,1.0,0.08,-8.0,-203.56706415205548,203.56706415205548,0.0,-203.56706415205548,203.56706415205548,0.0,-17398.466812459716,17398.466812459716,0.0,0.0,0.0,0.0,0.0,0.0,0.0,0.0,0.0,-177064.00940763828,-177064.00940763828,17805.600940763827,17805.600940763827,17705.600940763827,0.0,100.0,0.0,0.0,17805.600940763827,17805.600940763827,1,0.0,100.0
5498,17705.576622971137,0.0,-177055.76622971136,0.0,10.0,0.0,-0.0,0.1,0.451149389,45.1149389,0.0,0.0,100.0,1.0,0.08,-8.0,-203.5549082786985,203.5549082786985,0.0,-203.5549082786985,203.5549082786985,0.0,-17398.46680641374,17398.46680641374,0.0,0.0,0.0,0.0,0.0,0.0,0.0,0.0,0.0,-177063.76622971136,-177063.76622971136,17805.576622971137,17805.576622971137,17705.576622971137,0.0,100.0,0.0,0.0,17805.576622971137,17805.576622971137,1,0.0,100.0
5499,18456.067140584324,0.0,-184560.67140584323,0.0,10.0,0.0,-0.0,0.1,0.436934293,43.6934293,0.0,0.0,100.0,1.0,0.08,-8.0,-209.32498181556053,209.32498181556053,0.0,-209.32498181556053,209.32498181556053,0.0,-18137.417176953204,18137.417176953204,0.0,0.0,0.0,0.0,0.0,0.0,0.0,0.0,0.0,-184568.67140584323,-184568.67140584323,18556.067140584324,18556.067140584324,18456.067140584324,0.0,100.0,0.0,0.0,18556.067140584324,18556.067140584324,1,0.0,100.0
5500,20922.47424480727,0.0,-209224.74244807268,0.0,10.0,0.0,-0.0,0.1,0.40001093,40.001093,0.0,0.0,100.0,1.0,0.08,-8.0,-208.4732062712849,208.4732062712849,0.0,-208.4732062712849,208.4732062712849,0.0,-20605.5278322647,20605.5278322647,0.0,0.0,0.0,0.0,0.0,0.0,0.0,0.0,0.0,-209232.74244807268,-209232.74244807268,21022.47424480727,21022.47424480727,20922.47424480727,0.0,100.0,0.0,0.0,21022.47424480727,21022.47424480727,1,0.0,100.0
5501,53063.17524215748,0.0,-530631.7524215748,0.0,10.0,0.0,-0.0,0.1,0.378256734,37.8256734,0.0,0.0,100.0,1.0,0.11,-11.0,-466.9688243952938,466.9688243952938,0.0,-466.9688243952938,466.9688243952938,0.0,-53643.74948844626,53643.74948844626,0.0,0.0,972.25857421875,972.25857421875,0.0,0.0,442.2533208606175,442.2533208606175,0.0,-530642.7524215748,-530642.7524215748,54577.68713723685,54577.68713723685,54477.68713723685,0.0,100.0,0.0,0.0,54577.68713723685,53163.17524215748,1,0.0,100.0
5502,50656.60083924894,0.0,-506566.0083924894,0.0,10.0,0.0,-0.0,0.1,0.354787874,35.4787874,0.0,0.0,100.0,1.0,0.11,-11.0,-463.33640365764745,463.33640365764745,0.0,-463.33640365764745,463.33640365764745,0.0,-59643.72774555144,59643.72774555144,0.0,0.0,6469.258974609375,6469.258974609375,0.0,0.0,3344.54073900842,3344.54073900842,0.0,-506577.0083924894,-506577.0083924894,60570.40055286673,60570.40055286673,60470.40055286673,0.0,100.0,0.0,0.0,60570.40055286673,50756.60083924894,1,0.0,100.0
5503,72091.85978793437,0.0,-720918.5978793437,0.0,10.0,0.0,-0.0,0.1,0.334202976,33.4202976,0.0,0.0,100.0,1.0,0.11,-11.0,-699.0694304556887,699.0694304556887,0.0,-699.0694304556887,699.0694304556887,0.0,-93996.67824280988,93996.67824280988,0.0,0.0,14247.327568359377,14247.327568359377,0.0,0.0,8955.629747427503,8955.629747427503,0.0,-720929.5978793437,-720929.5978793437,95394.81710372126,95394.81710372126,95294.81710372126,0.0,100.0,0.0,0.0,95394.81710372126,72191.85978793437,1,0.0,100.0
5504,58197.865894097704,0.0,-581978.6589409771,0.0,10.0,0.0,-0.0,0.1,0.314430206,31.4430206,0.0,0.0,100.0,1.0,0.11,-11.0,-786.3295715175836,786.3295715175836,0.0,-786.3295715175836,786.3295715175836,0.0,-93636.01722881992,93636.01722881992,0.0,0.0,21763.63423828125,21763.63423828125,0.0,0.0,15147.176239476148,15147.176239476148,0.0,-581989.6589409771,-581989.6589409771,95208.67637185511,95208.6763718551,95108.67637185511,0.0,100.0,0.0,0.0,95208.6763718551,58297.8658940977,1,0.0,100.0
5505,48523.82248892852,0.0,-485238.22488928516,0.0,10.0,0.0,-0.0,0.1,0.3074616639999999,30.746166399999993,0.0,0.0,100.0,1.0,0.11,-11.0,-908.4171638217432,908.4171638217432,0.0,-908.4171638217432,908.4171638217432,0.0,-91910.73267662137,91910.73267662137,0.0,0.0,24456.04259765625,24456.04259765625,0.0,0.0,20647.70191768008,20647.70191768008,0.0,-485249.22488928516,-485249.22488928516,93727.56700426486,93727.56700426486,93627.56700426486,0.0,100.0,0.0,0.0,93727.56700426486,48623.82248892853,1,0.0,100.0
5506,38796.25622326079,0.0,-387962.56223260786,0.0,10.0,0.0,-0.0,0.1,0.307739536,30.7739536,0.0,0.0,100.0,1.0,0.11,-11.0,-1010.3001606871504,1010.3001606871504,0.0,-1010.3001606871504,1010.3001606871504,0.0,-92960.56488436136,92960.56488436136,0.0,0.0,32009.743828125,32009.743828125,0.0,0.0,24075.165154349863,24075.165154349863,0.0,-387973.56223260786,-387973.56223260786,94981.16520573566,94981.16520573566,94881.16520573566,0.0,100.0,0.0,0.0,94981.16520573566,38896.25622326079,1,0.0,100.0
5507,30589.25959941462,0.0,-305892.5959941462,0.0,10.0,0.0,-0.0,0.1,0.314602762,31.4602762,0.0,0.0,100.0,1.0,0.11,-11.0,-1071.7370090877614,1071.7370090877614,0.0,-1071.7370090877614,1071.7370090877614,0.0,-90306.6608680324,90306.6608680324,0.0,0.0,35225.67603515625,35225.67603515625,0.0,0.0,26535.19925163705,26535.19925163705,0.0,-305903.5959941462,-305903.5959941462,92450.13488620792,92450.13488620792,92350.13488620792,0.0,100.0,0.0,0.0,92450.13488620792,30689.259599414625,1,0.0,100.0
5508,32793.098896851225,0.0,-327930.9889685123,0.0,10.0,0.0,-0.0,0.1,0.323314118,32.3314118,0.0,0.0,100.0,1.0,0.11,-11.0,-971.6744019571768,971.6744019571768,0.0,-971.6744019571768,971.6744019571768,0.0,-93087.84330749013,93087.84330749013,0.0,0.0,35188.28147460937,35188.28147460937,0.0,0.0,26949.81173994388,26949.81173994388,0.0,-327941.9889685123,-327941.9889685123,95031.19211140448,95031.19211140448,94931.19211140448,0.0,100.0,0.0,0.0,95031.19211140448,32893.098896851225,1,0.0,100.0
5509,39355.37185086371,0.0,-393553.7185086371,0.0,10.0,0.0,-0.0,0.1,0.359159558,35.9159558,0.0,0.0,100.0,1.0,0.11,-11.0,-880.0104555980889,880.0104555980889,0.0,-880.0104555980889,880.0104555980889,0.0,-92583.6339846424,92583.6339846424,0.0,0.0,30813.117890625,30813.117890625,0.0,0.0,24075.165154349863,24075.165154349863,0.0,-393564.7185086371,-393564.7185086371,94343.65489583857,94343.65489583857,94243.65489583857,0.0,100.0,0.0,0.0,94343.65489583857,39455.37185086371,1,0.0,100.0
5510,47022.08113945037,0.0,-470220.8113945037,0.0,10.0,0.0,-0.0,0.1,0.402304275,40.2304275,0.0,0.0,100.0,1.0,0.08,-8.0,-890.5904993918118,890.5904993918118,0.0,-890.5904993918118,890.5904993918118,0.0,-92429.7970678384,92429.7970678384,0.0,0.0,26662.32166992188,26662.32166992188,0.0,0.0,20426.57525724977,20426.57525724977,0.0,-470228.8113945037,-470228.8113945037,94210.97806662202,94210.97806662202,94110.97806662202,0.0,100.0,0.0,0.0,94210.97806662202,47122.08113945037,1,0.0,100.0
5511,60523.63023992189,0.0,-605236.3023992189,0.0,10.0,0.0,-0.0,0.1,0.41844092,41.844091999999996,0.0,0.0,100.0,1.0,0.08,-8.0,-937.2988942199936,937.2988942199936,0.0,-937.2988942199936,937.2988942199936,0.0,-95246.94565067872,95246.94565067872,0.0,0.0,19968.69533203125,19968.69533203125,0.0,0.0,16529.21786716558,16529.21786716558,0.0,-605244.3023992189,-605244.3023992189,97121.54343911872,97121.54343911872,97021.54343911872,0.0,100.0,0.0,0.0,97121.54343911872,60623.630239921884,1,0.0,100.0
5512,66347.65050513197,0.0,-663476.5050513197,0.0,10.0,0.0,-0.0,0.1,0.42714229,42.714228999999996,0.0,0.0,100.0,1.0,0.08,-8.0,-821.7830803638087,821.7830803638087,0.0,-821.7830803638087,821.7830803638087,0.0,-89294.84994968126,89294.84994968126,0.0,0.0,12826.334267578124,12826.334267578124,0.0,0.0,11664.431337698785,11664.431337698785,0.0,-663484.5050513197,-663484.5050513197,90938.41611040887,90938.41611040887,90838.41611040887,0.0,100.0,0.0,0.0,90938.41611040887,66447.65050513195,1,0.0,100.0
5513,68461.93307339484,0.0,-684619.3307339484,0.0,10.0,0.0,-0.0,0.1,0.443745455,44.3745455,0.0,0.0,100.0,1.0,0.11,-11.0,-616.2015509628421,616.2015509628421,0.0,-616.2015509628421,616.2015509628421,0.0,-77493.0016386139,77493.0016386139,0.0,0.0,4524.741826171875,4524.741826171875,0.0,0.0,5638.729840972873,5638.729840972873,0.0,-684630.3307339484,-684630.3307339484,78725.4047405396,78725.40474053958,78625.4047405396,0.0,100.0,0.0,0.0,78725.40474053958,68561.93307339483,1,0.0,100.0
5514,76298.73551784946,0.0,-762987.3551784946,0.0,10.0,0.0,-0.0,0.1,0.448471524,44.8471524,0.0,0.0,100.0,1.0,0.11,-11.0,-611.4248550870769,611.4248550870769,0.0,-611.4248550870769,611.4248550870769,0.0,-77196.87566751255,77196.87566751255,0.0,0.0,860.074892578125,860.074892578125,0.0,0.0,1160.9149672591209,1160.9149672591209,0.0,-762998.3551784946,-762998.3551784946,78419.7253776867,78419.7253776867,78319.7253776867,0.0,100.0,0.0,0.0,78419.7253776867,76398.73551784945,1,0.0,100.0
5515,69889.5340847879,0.0,-698895.340847879,0.0,10.0,0.0,-0.0,0.1,0.439103196,43.910319599999994,0.0,0.0,100.0,1.0,0.11,-11.0,-489.8696830902144,489.8696830902144,0.0,-489.8696830902144,489.8696830902144,0.0,-69009.79471860747,69009.79471860747,0.0,0.0,0.0,0.0,0.0,0.0,0.0,0.0,0.0,-698906.340847879,-698906.340847879,69989.5340847879,69989.5340847879,69889.5340847879,0.0,100.0,0.0,0.0,69989.5340847879,69989.5340847879,1,0.0,100.0
5516,67902.3050943944,0.0,-679023.0509439439,0.0,10.0,0.0,-0.0,0.1,0.436284348,43.6284348,0.0,0.0,100.0,1.0,0.11,-11.0,-203.78170368664,203.78170368664,0.0,-203.78170368664,203.78170368664,0.0,-67594.74168702112,67594.74168702112,0.0,0.0,0.0,0.0,0.0,0.0,0.0,0.0,0.0,-679034.0509439439,-679034.0509439439,68002.3050943944,68002.3050943944,67902.3050943944,0.0,100.0,0.0,0.0,68002.3050943944,68002.3050943944,1,0.0,100.0
5517,21429.631694423875,0.0,-214296.31694423876,0.0,10.0,0.0,-0.0,0.1,0.426970064,42.6970064,0.0,0.0,100.0,1.0,0.11,-11.0,-203.81807117933587,203.81807117933587,0.0,-203.81807117933587,203.81807117933587,0.0,-21121.995552065204,21121.995552065204,0.0,0.0,0.0,0.0,0.0,0.0,0.0,0.0,0.0,-214307.31694423876,-214307.31694423876,21529.631694423875,21529.631694423875,21429.631694423875,0.0,100.0,0.0,0.0,21529.631694423875,21529.631694423875,1,0.0,100.0
5518,18450.791815632423,0.0,-184507.91815632425,0.0,10.0,0.0,-0.0,0.1,0.42052956,42.052956,0.0,0.0,100.0,1.0,0.11,-11.0,-206.6873102706536,206.6873102706536,0.0,-206.6873102706536,206.6873102706536,0.0,-18137.417195091115,18137.417195091115,0.0,0.0,0.0,0.0,0.0,0.0,0.0,0.0,0.0,-184518.91815632425,-184518.91815632425,18550.791815632423,18550.791815632423,18450.791815632423,0.0,100.0,0.0,0.0,18550.791815632423,18550.791815632423,1,0.0,100.0
5519,17705.87303765765,0.0,-177058.73037657648,0.0,10.0,0.0,-0.0,0.1,0.424914223,42.491422299999996,0.0,0.0,100.0,1.0,0.11,-11.0,-203.7031035300112,203.7031035300112,0.0,-203.7031035300112,203.7031035300112,0.0,-17398.466830597627,17398.466830597627,0.0,0.0,0.0,0.0,0.0,0.0,0.0,0.0,0.0,-177069.73037657648,-177069.73037657648,17805.87303765765,17805.87303765765,17705.87303765765,0.0,100.0,0.0,0.0,17805.87303765765,17805.87303765765,1,0.0,100.0
5520,14692.424320477065,0.0,-146924.24320477064,0.0,10.0,0.0,-0.0,0.1,0.436961775,43.6961775,0.0,0.0,100.0,1.0,0.08,-8.0,-203.6563578118986,203.6563578118986,0.0,-203.6563578118986,203.6563578118986,0.0,-14385.111604853268,14385.111604853268,0.0,0.0,0.0,0.0,0.0,0.0,0.0,0.0,0.0,-146932.24320477064,-146932.24320477064,14792.424320477065,14792.424320477065,14692.424320477065,0.0,100.0,0.0,0.0,14792.424320477065,14792.424320477065,1,0.0,100.0
5521,14692.324402959815,0.0,-146923.24402959817,0.0,10.0,0.0,-0.0,0.1,0.444554247,44.4554247,0.0,0.0,100.0,1.0,0.08,-8.0,-203.6064020762581,203.6064020762581,0.0,-203.6064020762581,203.6064020762581,0.0,-14385.1115988073,14385.1115988073,0.0,0.0,0.0,0.0,0.0,0.0,0.0,0.0,0.0,-146931.24402959817,-146931.24402959817,14792.324402959815,14792.324402959815,14692.324402959815,0.0,100.0,0.0,0.0,14792.324402959815,14792.324402959815,1,0.0,100.0
5522,14692.242832413522,0.0,-146922.42832413522,0.0,10.0,0.0,-0.0,0.1,0.450831492,45.0831492,0.0,0.0,100.0,1.0,0.08,-8.0,-203.56561680311123,203.56561680311123,0.0,-203.56561680311123,203.56561680311123,0.0,-14385.1115988073,14385.1115988073,0.0,0.0,0.0,0.0,0.0,0.0,0.0,0.0,0.0,-146930.42832413522,-146930.42832413522,14792.242832413522,14792.242832413522,14692.242832413522,0.0,100.0,0.0,0.0,14792.242832413522,14792.242832413522,1,0.0,100.0
5523,15433.46889470722,0.0,-154334.6889470722,0.0,10.0,0.0,-0.0,0.1,0.450596291,45.059629099999995,0.0,0.0,100.0,1.0,0.08,-8.0,-204.7034687261993,204.7034687261993,0.0,-204.7034687261993,204.7034687261993,0.0,-15124.061957254822,15124.061957254822,0.0,0.0,0.0,0.0,0.0,0.0,0.0,0.0,0.0,-154342.6889470722,-154342.6889470722,15533.46889470722,15533.46889470722,15433.46889470722,0.0,100.0,0.0,0.0,15533.46889470722,15533.46889470722,1,0.0,100.0
5524,16394.709085285536,0.0,-163947.09085285536,0.0,10.0,0.0,-0.0,0.1,0.435616806,43.5616806,0.0,0.0,100.0,1.0,0.08,-8.0,-204.6070563991325,204.6070563991325,0.0,-204.6070563991325,204.6070563991325,0.0,-16085.494972487271,16085.494972487271,0.0,0.0,0.0,0.0,0.0,0.0,0.0,0.0,0.0,-163955.09085285536,-163955.09085285536,16494.709085285536,16494.709085285536,16394.709085285536,0.0,100.0,0.0,0.0,16494.709085285536,16494.709085285536,1,0.0,100.0
5525,55827.79184917432,0.0,-558277.9184917432,0.0,10.0,0.0,-0.0,0.1,0.408830463,40.8830463,0.0,0.0,100.0,1.0,0.11,-11.0,-198.61215288816908,198.61215288816908,0.0,-198.61215288816908,198.61215288816908,0.0,-56712.57869862847,56712.57869862847,0.0,0.0,822.6803320312499,822.6803320312499,0.0,0.0,359.3308231992517,359.3308231992517,0.0,-558288.9184917432,-558288.9184917432,57109.80300440482,57109.803004404814,57009.80300440482,0.0,100.0,0.0,0.0,57109.803004404814,55927.79184917431,1,0.0,100.0
5526,50147.12907657188,0.0,-501471.2907657188,0.0,10.0,0.0,-0.0,0.1,0.3943603679999999,39.43603679999999,0.0,0.0,100.0,1.0,0.11,-11.0,-168.3383437310462,168.3383437310462,0.0,-168.3383437310462,168.3383437310462,0.0,-58153.64894031856,58153.64894031856,0.0,0.0,5534.3949609375,5534.3949609375,0.0,0.0,2708.801590271282,2708.801590271282,0.0,-501482.2907657188,-501482.2907657188,58490.325627780665,58490.32562778066,58390.325627780665,0.0,100.0,0.0,0.0,58490.32562778066,50247.12907657187,1,0.0,100.0
5527,54667.36760530925,0.0,-546673.6760530925,0.0,10.0,0.0,-0.0,0.1,0.3771131339999999,37.71131339999999,0.0,0.0,100.0,1.0,0.11,-11.0,-168.4720631916184,168.4720631916184,0.0,-168.4720631916184,168.4720631916184,0.0,-73983.23378506785,73983.23378506785,0.0,0.0,12863.728828125,12863.728828125,0.0,0.0,6689.081478016839,6689.081478016839,0.0,-546684.6760530925,-546684.6760530925,74320.17791145109,74320.17791145109,74220.17791145109,0.0,100.0,0.0,0.0,74320.17791145109,54767.36760530925,1,0.0,100.0
5528,38351.04037829092,0.0,-383510.4037829092,0.0,10.0,0.0,-0.0,0.1,0.361416814,36.141681399999996,0.0,0.0,100.0,1.0,0.11,-11.0,-196.45107810764964,196.45107810764964,0.0,-196.45107810764964,196.45107810764964,0.0,-72282.95850727939,72282.95850727939,0.0,0.0,20791.3756640625,20791.3756640625,0.0,0.0,13433.444621141256,13433.444621141256,0.0,-383521.4037829092,-383521.4037829092,72675.86066349468,72675.86066349468,72575.86066349468,0.0,100.0,0.0,0.0,72675.86066349468,38451.04037829092,1,0.0,100.0
5529,26917.109289462707,0.0,-269171.0928946271,0.0,10.0,0.0,-0.0,0.1,0.3617896,36.17896,0.0,0.0,100.0,1.0,0.11,-11.0,-234.66544353857967,234.66544353857967,0.0,-234.66544353857967,234.66544353857967,0.0,-68651.57174188216,68651.57174188216,0.0,0.0,26624.927109375,26624.927109375,0.0,0.0,15478.866230121612,15478.866230121612,0.0,-269182.0928946271,-269182.0928946271,69120.90262895932,69120.90262895932,69020.90262895932,0.0,100.0,0.0,0.0,69120.90262895932,27017.109289462707,1,0.0,100.0
5530,25052.635290858336,0.0,-250526.35290858336,0.0,10.0,0.0,-0.0,0.1,0.3825172779999999,38.25172779999999,0.0,0.0,100.0,1.0,0.11,-11.0,-313.33437646030785,313.33437646030785,0.0,-313.33437646030785,313.33437646030785,0.0,-68634.29326749478,68634.29326749478,0.0,0.0,31448.825419921875,31448.825419921875,0.0,0.0,12659.501309635174,12659.501309635174,0.0,-250537.35290858336,-250537.35290858336,69260.96202041538,69260.96202041539,69160.96202041538,0.0,100.0,0.0,0.0,69260.96202041539,25152.635290858343,1,0.0,100.0
5531,16436.45950656173,0.0,-164364.5950656173,0.0,10.0,0.0,-0.0,0.1,0.421039617,42.1039617,0.0,0.0,100.0,1.0,0.11,-11.0,-335.91581631874743,335.91581631874743,0.0,-335.91581631874743,335.91581631874743,0.0,-68577.2604265161,68577.2604265161,0.0,0.0,33916.866416015626,33916.866416015626,0.0,0.0,18795.766136576243,18795.766136576243,0.0,-164375.5950656173,-164375.5950656173,69249.0920591536,69249.0920591536,69149.0920591536,0.0,100.0,0.0,0.0,69249.0920591536,16536.459506561732,1,0.0,100.0
5532,17750.710066389056,0.0,-177507.10066389057,0.0,10.0,0.0,-0.0,0.1,0.442721795,44.2721795,0.0,0.0,100.0,1.0,0.11,-11.0,-328.24299533139845,328.24299533139845,0.0,-328.24299533139845,328.24299533139845,0.0,-68432.13877497424,68432.13877497424,0.0,0.0,33879.47185546875,33879.47185546875,0.0,0.0,17358.442843779234,17358.442843779234,0.0,-177518.10066389057,-177518.10066389057,69088.62476563704,69088.62476563704,68988.62476563704,0.0,100.0,0.0,0.0,69088.62476563704,17850.71006638906,1,0.0,100.0
5533,0.0,0.0,-0.0,55.55555555555556,10.0,0.0,-0.0,0.1,0.449348302,0.0,0.0,100.0,0.0,1.0,0.11,0.0,-355.08763420452715,355.08763420452715,0.0,-355.08763420452715,355.08763420452715,0.0,-53528.62855503674,53528.62855503674,0.0,0.0,31299.24717773437,31299.24717773437,0.0,510.15879966847933,23605.271000935456,23095.112201266977,0.0,0.0,0.0,54394.35937900135,54394.35937900135,54394.35937900135,0.0,0.0,155.55555555555475,0.0,54238.80382344579,-665.7143552240304,1,-55.55555555555556,-100.0
5534,6229.422374252805,0.0,-62294.22374252805,0.0,60.0,45.0,-0.0,0.6,0.449275777,44.9275777,0.0,0.0,100.0,1.0,0.08,-8.0,-349.13769955873,349.13769955873,0.0,-349.13769955873,349.13769955873,0.0,-53664.19694573798,53664.19694573798,0.0,0.0,26400.55974609375,26400.55974609375,0.0,0.0,21587.49022450889,21587.49022450889,0.0,-62302.22374252805,-62302.22374252805,54362.47234485544,54362.47234485544,54217.47234485544,0.0,145.0,0.0,0.0,54362.47234485544,6374.422374252805,1,45.0,100.0
5535,19843.27623319946,0.0,-198432.7623319946,0.0,10.0,0.0,-0.0,0.1,0.445304887,44.5304887,0.0,0.0,100.0,1.0,0.08,-8.0,-366.6600907461034,366.6600907461034,0.0,-366.6600907461034,366.6600907461034,0.0,-56922.41391240504,56922.41391240504,0.0,0.0,20492.219179687498,20492.219179687498,0.0,0.0,17220.23868101029,17220.23868101029,0.0,-198440.7623319946,-198440.7623319946,57655.73409389725,57655.73409389725,57555.73409389725,0.0,100.0,0.0,0.0,57655.73409389725,19943.27623319946,1,0.0,100.0
5536,36173.85518528432,0.0,-361738.55185284326,0.0,10.0,0.0,-0.0,0.1,0.449202765,44.9202765,0.0,0.0,100.0,1.0,0.08,-8.0,-357.0274997055245,357.0274997055245,0.0,-357.0274997055245,357.0274997055245,0.0,-54572.81989122363,54572.81989122363,0.0,0.0,12489.78322265625,12489.78322265625,0.0,0.0,6523.236482694108,6523.236482694108,0.0,-361746.55185284326,-361746.55185284326,55286.87489063468,55286.87489063468,55186.87489063468,0.0,100.0,0.0,0.0,55286.87489063468,36273.85518528432,1,0.0,100.0
5537,9874.271688502735,0.0,-98742.71688502734,0.0,10.0,0.0,-0.0,0.1,0.4412214829999999,44.12214829999999,0.0,0.0,100.0,1.0,0.11,-11.0,-336.4497166952592,336.4497166952592,0.0,-336.4497166952592,336.4497166952592,0.0,-17936.433135790714,17936.433135790714,0.0,0.0,5235.2384765625,5235.2384765625,0.0,0.0,3399.822404115997,3399.822404115997,0.0,-98753.71688502734,-98753.71688502734,18609.33256918123,18609.33256918123,18509.33256918123,0.0,100.0,0.0,0.0,18609.33256918123,9974.271688502735,1,0.0,100.0
5538,17101.701995781685,0.0,-171017.01995781684,0.0,10.0,0.0,-0.0,0.1,0.430640618,43.0640618,0.0,0.0,100.0,1.0,0.11,-11.0,-297.52229414337376,297.52229414337376,0.0,-297.52229414337376,297.52229414337376,0.0,-18008.17487173028,18008.17487173028,0.0,0.0,710.496650390625,710.496650390625,0.0,0.0,691.0208138447148,691.0208138447148,0.0,-171028.01995781684,-171028.01995781684,18603.219460017026,18603.219460017026,18503.219460017026,0.0,100.0,0.0,0.0,18603.219460017026,17201.701995781685,1,0.0,100.0
5539,20097.089664937717,0.0,-200970.8966493772,0.0,10.0,0.0,-0.0,0.1,0.432165216,43.2165216,0.0,0.0,100.0,1.0,0.11,-11.0,-319.63615204850504,319.63615204850504,0.0,-319.63615204850504,319.63615204850504,0.0,-19557.81736084071,19557.81736084071,0.0,0.0,0.0,0.0,0.0,0.0,0.0,0.0,0.0,-200981.8966493772,-200981.8966493772,20197.089664937717,20197.089664937717,20097.089664937717,0.0,100.0,0.0,0.0,20197.089664937717,20197.089664937717,1,0.0,100.0
5540,18486.43622885775,0.0,-184864.3622885775,0.0,10.0,0.0,-0.0,0.1,0.4405422439999999,44.05422439999999,0.0,0.0,100.0,1.0,0.11,-11.0,-253.233196235514,253.233196235514,0.0,-253.233196235514,253.233196235514,0.0,-18079.96983638672,18079.96983638672,0.0,0.0,0.0,0.0,0.0,0.0,0.0,0.0,0.0,-184875.3622885775,-184875.3622885775,18586.43622885775,18586.43622885775,18486.43622885775,0.0,100.0,0.0,0.0,18586.43622885775,18586.43622885775,1,0.0,100.0
5541,17003.253839210327,0.0,-170032.53839210328,0.0,10.0,0.0,-0.0,0.1,0.445999352,44.599935200000004,0.0,0.0,100.0,1.0,0.11,-11.0,-250.645567415304,250.645567415304,0.0,-250.645567415304,250.645567415304,0.0,-16601.96270437972,16601.96270437972,0.0,0.0,0.0,0.0,0.0,0.0,0.0,0.0,0.0,-170043.53839210328,-170043.53839210328,17103.253839210327,17103.253839210327,17003.253839210327,0.0,100.0,0.0,0.0,17103.253839210327,17103.253839210327,1,0.0,100.0
5542,15437.457969405154,0.0,-154374.57969405153,0.0,10.0,0.0,-0.0,0.1,0.446808451,44.6808451,0.0,0.0,100.0,1.0,0.11,-11.0,-206.6980060751657,206.6980060751657,0.0,-206.6980060751657,206.6980060751657,0.0,-15124.061957254822,15124.061957254822,0.0,0.0,0.0,0.0,0.0,0.0,0.0,0.0,0.0,-154385.57969405153,-154385.57969405153,15537.457969405154,15537.457969405154,15437.457969405154,0.0,100.0,0.0,0.0,15537.457969405154,15537.457969405154,1,0.0,100.0
5543,14692.811030977176,0.0,-146928.11030977176,0.0,10.0,0.0,-0.0,0.1,0.446543616,44.654361599999994,0.0,0.0,100.0,1.0,0.11,-11.0,-203.84972515389344,203.84972515389344,0.0,-203.84972515389344,203.84972515389344,0.0,-14385.111580669389,14385.111580669389,0.0,0.0,0.0,0.0,0.0,0.0,0.0,0.0,0.0,-146939.11030977176,-146939.11030977176,14792.811030977176,14792.811030977176,14692.811030977176,0.0,100.0,0.0,0.0,14792.811030977176,14792.811030977176,1,0.0,100.0
5544,14692.806799625516,0.0,-146928.06799625515,0.0,10.0,0.0,-0.0,0.1,0.44707228,44.707228,0.0,0.0,100.0,1.0,0.08,-8.0,-203.86089247340232,203.86089247340232,0.0,-203.86089247340232,203.86089247340232,0.0,-14385.08501467871,14385.08501467871,0.0,0.0,0.0,0.0,0.0,0.0,0.0,0.0,0.0,-146936.06799625515,-146936.06799625515,14792.806799625516,14792.806799625516,14692.806799625516,0.0,100.0,0.0,0.0,14792.806799625516,14792.806799625516,1,0.0,100.0
5545,14692.76842646727,0.0,-146927.6842646727,0.0,10.0,0.0,-0.0,0.1,0.44711255,44.711255,0.0,0.0,100.0,1.0,0.08,-8.0,-203.8416907793573,203.8416907793573,0.0,-203.8416907793573,203.8416907793573,0.0,-14385.085044908556,14385.085044908556,0.0,0.0,0.0,0.0,0.0,0.0,0.0,0.0,0.0,-146935.6842646727,-146935.6842646727,14792.76842646727,14792.76842646727,14692.76842646727,0.0,100.0,0.0,0.0,14792.76842646727,14792.76842646727,1,0.0,100.0
5546,14692.697482540281,0.0,-146926.9748254028,0.0,10.0,0.0,-0.0,0.1,0.45102515,45.102515,0.0,0.0,100.0,1.0,0.08,-8.0,-203.8062218388449,203.8062218388449,0.0,-203.8062218388449,203.8062218388449,0.0,-14385.085038862591,14385.085038862591,0.0,0.0,0.0,0.0,0.0,0.0,0.0,0.0,0.0,-146934.9748254028,-146934.9748254028,14792.697482540281,14792.697482540281,14692.697482540281,0.0,100.0,0.0,0.0,14792.697482540281,14792.697482540281,1,0.0,100.0
5547,15433.937051109551,0.0,-154339.3705110955,0.0,10.0,0.0,-0.0,0.1,0.438320416,43.8320416,0.0,0.0,100.0,1.0,0.08,-8.0,-204.9508389916576,204.9508389916576,0.0,-204.9508389916576,204.9508389916576,0.0,-15124.035373126237,15124.035373126237,0.0,0.0,0.0,0.0,0.0,0.0,0.0,0.0,0.0,-154347.3705110955,-154347.3705110955,15533.937051109551,15533.937051109551,15433.937051109551,0.0,100.0,0.0,0.0,15533.937051109551,15533.937051109551,1,0.0,100.0
5548,16911.766544897164,0.0,-169117.66544897165,0.0,10.0,0.0,-0.0,0.1,0.406090603,40.609060299999996,0.0,0.0,100.0,1.0,0.08,-8.0,-204.87531194625888,204.87531194625888,0.0,-204.87531194625888,204.87531194625888,0.0,-16602.015921004648,16602.015921004648,0.0,0.0,0.0,0.0,0.0,0.0,0.0,0.0,0.0,-169125.66544897165,-169125.66544897165,17011.766544897164,17011.766544897164,16911.766544897164,0.0,100.0,0.0,0.0,17011.766544897164,17011.766544897164,1,0.0,100.0
5549,15546.043614240985,0.0,-155460.43614240986,0.0,10.0,0.0,-0.0,0.1,0.388522549,38.8522549,0.0,0.0,100.0,1.0,0.11,-11.0,-198.6214889185784,198.6214889185784,0.0,-198.6214889185784,198.6214889185784,0.0,-16458.45262418812,16458.45262418812,0.0,0.0,822.6803320312499,822.6803320312499,0.0,0.0,386.9716557530403,386.9716557530403,0.0,-155471.43614240986,-155471.43614240986,16855.695602025276,16855.695602025276,16755.695602025276,0.0,100.0,0.0,0.0,16855.695602025276,15646.043614240985,1,0.0,100.0
5550,10357.547734579657,0.0,-103575.47734579656,0.0,10.0,0.0,-0.0,0.1,0.365506617,36.5506617,0.0,0.0,100.0,1.0,0.11,-11.0,-168.3919825473571,168.3919825473571,0.0,-168.3919825473571,168.3919825473571,0.0,-17936.35340154287,17936.35340154287,0.0,0.0,5272.633037109375,5272.633037109375,0.0,0.0,2542.9565949485504,2542.9565949485504,0.0,-103586.47734579656,-103586.47734579656,18273.137366637584,18273.137366637584,18173.137366637584,0.0,100.0,0.0,0.0,18273.137366637584,10457.547734579657,1,0.0,100.0
5551,0.0,0.0,-0.0,55.55555555555556,10.0,0.0,-0.0,0.1,0.343847066,0.0,0.0,100.0,0.0,1.0,0.11,0.0,-168.51963800456292,168.51963800456292,0.0,-168.51963800456292,168.51963800456292,0.0,-17936.35341968077,17936.35341968077,0.0,0.0,12489.78322265625,12489.78322265625,0.0,2353.084737547375,8292.249766136578,5939.165028589203,0.0,0.0,0.0,18428.948251245452,18428.948251245452,18428.948251245452,0.0,0.0,155.55555555555475,0.0,18273.392695689898,-2508.6402931029297,1,-55.55555555555556,-100.0
5552,0.0,0.0,-0.0,44.44444444444444,60.0,0.0,-0.0,0.6,0.3341038,0.0,0.0,100.0,0.0,1.0,0.11,0.0,-193.7954188660457,193.7954188660457,0.0,-193.7954188660457,193.7954188660457,0.0,-15719.50228387851,15719.50228387851,0.0,4128.497931991833,20380.03549804688,16251.537566055047,0.0,15257.739569691304,15257.739569691304,0.0,0.0,0.0,0.0,16251.537566055047,16251.537566055047,16251.537566055047,0.0,0.0,144.44444444444525,0.0,16107.093121610602,-19530.68194612758,1,-44.44444444444444,-100.0
5553,0.0,0.0,-0.0,0.0,100.0,-0.0,-0.0,1.0,0.340455833,0.0,0.0,100.0,0.0,1.0,0.11,0.0,-259.37416930994004,259.37416930994004,0.0,-259.37416930994004,259.37416930994004,0.0,-12763.70077149081,12763.70077149081,0.0,12831.137833248682,26213.586943359373,13382.44911011069,0.0,19099.81529466792,19099.81529466792,0.0,0.0,0.0,0.0,13382.44911011069,13382.44911011069,13382.44911011069,0.0,0.0,100.0,0.0,13282.44911011069,-32030.953127916604,1,-0.0,-100.0
5554,0.0,0.0,-0.0,0.0,100.0,-0.0,-0.0,1.0,0.3616815339999999,0.0,0.0,100.0,0.0,1.0,0.11,0.0,-314.7407826808175,314.7407826808175,0.0,-314.7407826808175,314.7407826808175,0.0,-33721.95706976124,33721.95706976124,0.0,0.0,31000.09069335937,31000.09069335937,0.0,20900.225538124243,24351.57347988775,3451.3479417635062,0.0,0.0,0.0,34451.438635122875,34451.438635122875,34451.438635122875,0.0,0.0,100.0,0.0,34351.438635122875,-21000.225538124243,1,-0.0,-100.0
5555,0.0,0.0,-0.0,0.0,100.0,-0.0,-0.0,1.0,0.40722551,0.0,0.0,100.0,0.0,1.0,0.11,0.0,-336.7016157474057,336.7016157474057,0.0,-336.7016157474057,336.7016157474057,0.0,-45391.1681366773,45391.1681366773,0.0,0.0,33542.92081054687,33542.92081054687,0.0,13747.703698689082,26369.35425631432,12621.650557625238,0.0,0.0,0.0,46164.57136817211,46164.57136817211,46164.57136817211,0.0,0.0,100.0,0.0,46064.57136817211,-13847.703698689082,1,-0.0,-100.0
5556,0.0,0.0,-0.0,0.0,100.0,-0.0,-0.0,1.0,0.4240452289999999,0.0,0.0,100.0,0.0,1.0,0.11,0.0,-355.19339088851706,355.19339088851706,0.0,-355.19339088851706,355.19339088851706,0.0,-44683.39552573514,44683.39552573514,0.0,0.0,33430.73712890625,33430.73712890625,0.0,14914.407393891739,26977.452572497667,12063.045178605928,0.0,0.0,0.0,45493.78230751218,45493.78230751218,45493.78230751218,0.0,0.0,100.0,0.0,45393.78230751218,-15014.407393891735,1,-0.0,-100.0
5557,0.0,0.0,-0.0,0.0,100.0,-0.0,-0.0,1.0,0.424216608,0.0,0.0,100.0,0.0,1.0,0.11,0.0,-353.1939896420621,353.1939896420621,0.0,-353.1939896420621,353.1939896420621,0.0,-49019.92609632929,49019.92609632929,0.0,0.0,30813.117890625,30813.117890625,0.0,6554.573927266032,25567.77011225445,19013.196184988417,0.0,0.0,0.0,49826.314075613416,49826.314075613416,49826.314075613416,0.0,0.0,100.0,0.0,49726.314075613416,-6654.573927266036,1,-0.0,-100.0
5558,0.0,0.0,-0.0,0.0,100.0,-0.0,-0.0,1.0,0.4218936679999999,0.0,0.0,100.0,0.0,1.0,0.08,0.0,-360.44724044273545,360.44724044273545,0.0,-360.44724044273545,360.44724044273545,0.0,-43758.020582853984,43758.020582853984,0.0,0.0,25914.43045898437,25914.43045898437,0.0,3779.871428921251,22444.356033676337,18664.484604755085,0.0,0.0,0.0,44578.915063739456,44578.915063739456,44578.915063739456,0.0,0.0,100.0,0.0,44478.915063739456,-3879.871428921251,1,-0.0,-100.0
5559,17038.96414890465,0.0,-170389.6414890465,0.0,100.0,45.0,-0.0,1.0,0.437311113,43.731111299999995,0.0,0.0,100.0,1.0,0.08,-8.0,-357.5017188945583,357.5017188945583,0.0,-357.5017188945583,357.5017188945583,0.0,-51806.0854208143,51806.0854208143,0.0,0.0,17425.86521484375,17425.86521484375,0.0,0.0,17911.259494855007,17911.259494855007,0.0,-170397.6414890465,-170397.6414890465,52521.08885860341,52521.08885860341,52376.08885860341,0.0,145.0,0.0,0.0,52521.08885860341,17183.964148904655,1,45.0,100.0
5560,25476.3092912808,0.0,-254763.092912808,0.0,50.0,36.0,-0.0,0.5,0.450066099,45.0066099,0.0,0.0,100.0,1.0,0.08,-8.0,-307.9647968577271,307.9647968577271,0.0,-307.9647968577271,307.9647968577271,0.0,-49493.68994742467,49493.68994742467,0.0,0.0,12003.653935546874,12003.653935546874,0.0,0.0,12493.656314312444,12493.656314312444,0.0,-254771.092912808,-254771.092912808,50109.61954114011,50109.61954114012,49973.61954114011,0.0,136.0,0.0,0.0,50109.61954114012,25612.309291280802,1,36.0,100.0
5561,42912.07643516788,0.0,-429120.7643516788,0.0,10.0,0.0,-0.0,0.1,0.4494075279999999,44.94075279999999,0.0,0.0,100.0,1.0,0.11,-11.0,-236.88086752511765,236.88086752511765,0.0,-236.88086752511765,236.88086752511765,0.0,-53573.266958699336,53573.266958699336,0.0,0.0,4898.687431640625,4898.687431640625,0.0,0.0,6136.264826941067,6136.264826941067,0.0,-429131.7643516788,-429131.7643516788,54047.02869374957,54047.02869374957,53947.02869374957,0.0,100.0,0.0,0.0,54047.02869374957,43012.07643516788,1,0.0,100.0
5562,28102.322330971496,0.0,-281023.22330971493,0.0,10.0,0.0,-0.0,0.1,0.451168217,45.116821699999996,0.0,0.0,100.0,1.0,0.11,-11.0,-252.4060764610512,252.4060764610512,0.0,-252.4060764610512,252.4060764610512,0.0,-29642.090565367416,29642.090565367416,0.0,0.0,673.10208984375,673.10208984375,0.0,0.0,1271.4782974742752,1271.4782974742752,0.0,-281034.22330971493,-281034.22330971493,30146.902718289522,30146.90271828952,30046.902718289522,0.0,100.0,0.0,0.0,30146.90271828952,28202.322330971492,1,0.0,100.0
5563,19878.209032155,0.0,-198782.09032154997,0.0,10.0,0.0,-0.0,0.1,0.44359667,44.359667,0.0,0.0,100.0,1.0,0.11,-11.0,-210.235720918979,210.235720918979,0.0,-210.235720918979,210.235720918979,0.0,-19557.73759031704,19557.73759031704,0.0,0.0,0.0,0.0,0.0,0.0,0.0,0.0,0.0,-198793.09032154997,-198793.09032154997,19978.209032155,19978.209032155,19878.209032155,0.0,100.0,0.0,0.0,19978.209032155,19978.209032155,1,0.0,100.0
5564,18389.287826970765,0.0,-183892.87826970767,0.0,10.0,0.0,-0.0,0.1,0.4217237679999999,42.17237679999999,0.0,0.0,100.0,1.0,0.11,-11.0,-204.6855854665804,204.6855854665804,0.0,-204.6855854665804,204.6855854665804,0.0,-18079.916656037603,18079.916656037603,0.0,0.0,0.0,0.0,0.0,0.0,0.0,0.0,0.0,-183903.87826970767,-183903.87826970767,18489.287826970765,18489.287826970765,18389.287826970765,0.0,100.0,0.0,0.0,18489.287826970765,18489.287826970765,1,0.0,100.0
5565,16909.568292704076,0.0,-169095.68292704076,0.0,10.0,0.0,-0.0,0.1,0.406243147,40.6243147,0.0,0.0,100.0,1.0,0.11,-11.0,-203.8160922724433,203.8160922724433,0.0,-203.8160922724433,203.8160922724433,0.0,-16601.93610815919,16601.93610815919,0.0,0.0,0.0,0.0,0.0,0.0,0.0,0.0,0.0,-169106.68292704076,-169106.68292704076,17009.568292704076,17009.568292704076,16909.568292704076,0.0,100.0,0.0,0.0,17009.568292704076,17009.568292704076,1,0.0,100.0
5566,15437.410667507618,0.0,-154374.10667507618,0.0,10.0,0.0,-0.0,0.1,0.411544542,41.1544542,0.0,0.0,100.0,1.0,0.11,-11.0,-206.6876320757685,206.6876320757685,0.0,-206.6876320757685,206.6876320757685,0.0,-15124.035403356082,15124.035403356082,0.0,0.0,0.0,0.0,0.0,0.0,0.0,0.0,0.0,-154385.10667507618,-154385.10667507618,15537.410667507618,15537.410667507618,15437.410667507618,0.0,100.0,0.0,0.0,15537.410667507618,15537.410667507618,1,0.0,100.0
5567,14692.742597119266,0.0,-146927.42597119266,0.0,10.0,0.0,-0.0,0.1,0.4128309539999999,41.28309539999999,0.0,0.0,100.0,1.0,0.11,-11.0,-203.8287761053556,203.8287761053556,0.0,-203.8287761053556,203.8287761053556,0.0,-14385.085044908556,14385.085044908556,0.0,0.0,0.0,0.0,0.0,0.0,0.0,0.0,0.0,-146938.42597119266,-146938.42597119266,14792.742597119266,14792.742597119266,14692.742597119266,0.0,100.0,0.0,0.0,14792.742597119266,14792.742597119266,1,0.0,100.0
5568,17706.07959796197,0.0,-177060.7959796197,0.0,10.0,0.0,-0.0,0.1,0.415544192,41.5544192,0.0,0.0,100.0,1.0,0.08,-8.0,-203.80635949829465,203.80635949829465,0.0,-203.80635949829465,203.80635949829465,0.0,-17398.46687896538,17398.46687896538,0.0,0.0,0.0,0.0,0.0,0.0,0.0,0.0,0.0,-177068.7959796197,-177068.7959796197,17806.07959796197,17806.07959796197,17706.07959796197,0.0,100.0,0.0,0.0,17806.07959796197,17806.07959796197,1,0.0,100.0
5569,17706.01150739319,0.0,-177060.11507393187,0.0,10.0,0.0,-0.0,0.1,0.420271902,42.0271902,0.0,0.0,100.0,1.0,0.08,-8.0,-203.77231723688817,203.77231723688817,0.0,-203.77231723688817,203.77231723688817,0.0,-17398.466872919413,17398.466872919413,0.0,0.0,0.0,0.0,0.0,0.0,0.0,0.0,0.0,-177068.11507393187,-177068.11507393187,17806.01150739319,17806.01150739319,17706.01150739319,0.0,100.0,0.0,0.0,17806.01150739319,17806.01150739319,1,0.0,100.0
5570,17706.01971848664,0.0,-177060.1971848664,0.0,10.0,0.0,-0.0,0.1,0.43475658,43.475658,0.0,0.0,100.0,1.0,0.08,-8.0,-203.77642580659952,203.77642580659952,0.0,-203.77642580659952,203.77642580659952,0.0,-17398.46686687344,17398.46686687344,0.0,0.0,0.0,0.0,0.0,0.0,0.0,0.0,0.0,-177068.1971848664,-177068.1971848664,17806.01971848664,17806.01971848664,17706.01971848664,0.0,100.0,0.0,0.0,17806.01971848664,17806.01971848664,1,0.0,100.0
5571,18447.316009966085,0.0,-184473.16009966086,0.0,10.0,0.0,-0.0,0.1,0.444858212,44.4858212,0.0,0.0,100.0,1.0,0.08,-8.0,-204.9493892995737,204.9493892995737,0.0,-204.9493892995737,204.9493892995737,0.0,-18137.417231366937,18137.417231366937,0.0,0.0,0.0,0.0,0.0,0.0,0.0,0.0,0.0,-184481.16009966086,-184481.16009966086,18547.316009966085,18547.316009966085,18447.316009966085,0.0,100.0,0.0,0.0,18547.316009966085,18547.316009966085,1,0.0,100.0
5572,21431.823825518983,0.0,-214318.23825518982,0.0,10.0,0.0,-0.0,0.1,0.432436645,43.2436645,0.0,0.0,100.0,1.0,0.08,-8.0,-204.87420309729896,204.87420309729896,0.0,-204.87420309729896,204.87420309729896,0.0,-21122.075419324385,21122.075419324385,0.0,0.0,0.0,0.0,0.0,0.0,0.0,0.0,0.0,-214326.23825518982,-214326.23825518982,21531.823825518983,21531.823825518983,21431.823825518983,0.0,100.0,0.0,0.0,21531.823825518983,21531.823825518983,1,0.0,100.0
5573,55013.6607955961,0.0,-550136.607955961,0.0,10.0,0.0,-0.0,0.1,0.402264856,40.226485600000004,0.0,0.0,100.0,1.0,0.11,-11.0,-439.0774809333709,439.0774809333709,0.0,-439.0774809333709,439.0774809333709,0.0,-55446.77817293912,55446.77817293912,0.0,0.0,934.864013671875,934.864013671875,0.0,0.0,276.4083255378859,276.4083255378859,0.0,-550147.607955961,-550147.607955961,56324.93313480586,56324.93313480586,56224.93313480586,0.0,100.0,0.0,0.0,56324.93313480586,55113.6607955961,1,0.0,100.0
5574,54744.323204237495,0.0,-547443.2320423749,0.0,10.0,0.0,-0.0,0.1,0.370807775,37.0807775,0.0,0.0,100.0,1.0,0.11,-11.0,-429.49469073017,429.49469073017,0.0,-429.49469073017,429.49469073017,0.0,-62397.6160721596,62397.6160721596,0.0,0.0,5758.76232421875,5758.76232421875,0.0,0.0,2653.519925163705,2653.519925163705,0.0,-547454.2320423749,-547454.2320423749,63256.60545361995,63256.605453619944,63156.60545361995,0.0,100.0,0.0,0.0,63256.605453619944,54844.32320423749,1,0.0,100.0
5575,79051.53206465987,0.0,-790515.3206465987,0.0,10.0,0.0,-0.0,0.1,0.35546445,35.546445,0.0,0.0,100.0,1.0,0.11,-11.0,-655.6984868929935,655.6984868929935,0.0,-655.6984868929935,655.6984868929935,0.0,-97287.33797939777,97287.33797939777,0.0,0.0,11293.15728515625,11293.15728515625,0.0,0.0,8154.045603367635,8154.045603367635,0.0,-790526.3206465987,-790526.3206465987,98598.73495318375,98598.73495318375,98498.73495318375,0.0,100.0,0.0,0.0,98598.73495318375,79151.53206465987,1,0.0,100.0
5576,61121.615217953804,0.0,-611216.152179538,0.0,10.0,0.0,-0.0,0.1,0.354205322,35.4205322,0.0,0.0,100.0,1.0,0.11,-11.0,-741.4123612815688,741.4123612815688,0.0,-741.4123612815688,741.4123612815688,0.0,-94683.86115897814,94683.86115897814,0.0,0.0,21539.266875,21539.266875,0.0,0.0,13405.803788587467,13405.803788587467,0.0,-611227.152179538,-611227.152179538,96166.68588154127,96166.68588154127,96066.68588154127,0.0,100.0,0.0,0.0,96166.68588154127,61221.615217953804,1,0.0,100.0
5577,46595.642663178405,0.0,-465956.42663178407,0.0,10.0,0.0,-0.0,0.1,0.356505141,35.6505141,0.0,0.0,100.0,1.0,0.11,-11.0,-850.2269298601602,850.2269298601602,0.0,-850.2269298601602,850.2269298601602,0.0,-91755.57320395469,91755.57320395469,0.0,0.0,28158.104091796875,28158.104091796875,0.0,0.0,18602.280308699723,18602.280308699723,0.0,-465967.42663178407,-465967.42663178407,93456.02706367499,93456.027063675,93356.02706367499,0.0,100.0,0.0,0.0,93456.027063675,46695.64266317841,1,0.0,100.0
5578,39760.4123852068,0.0,-397604.123852068,0.0,10.0,0.0,-0.0,0.1,0.380815297,38.0815297,0.0,0.0,100.0,1.0,0.11,-11.0,-917.711291363989,917.711291363989,0.0,-917.711291363989,917.711291363989,0.0,-91856.3133269468,91856.3133269468,0.0,0.0,32907.21328125,32907.21328125,0.0,0.0,20924.110243217965,20924.110243217965,0.0,-397615.123852068,-397615.123852068,93691.73590967477,93691.73590967477,93591.73590967477,0.0,100.0,0.0,0.0,93691.73590967477,39860.4123852068,1,0.0,100.0
5579,31926.113057130144,0.0,-319261.13057130144,0.0,10.0,0.0,-0.0,0.1,0.416566095,41.6566095,0.0,0.0,100.0,1.0,0.11,-11.0,-944.8978130037108,944.8978130037108,0.0,-944.8978130037108,944.8978130037108,0.0,-88762.46779879987,88762.46779879987,0.0,0.0,33804.682734375,33804.682734375,0.0,0.0,24821.46763330216,24821.46763330216,0.0,-319272.13057130144,-319272.13057130144,90652.2634248073,90652.2634248073,90552.2634248073,0.0,100.0,0.0,0.0,90652.2634248073,32026.113057130147,1,0.0,100.0
5580,36164.92109443659,0.0,-361649.21094436594,0.0,10.0,0.0,-0.0,0.1,0.425723453,42.572345299999995,0.0,0.0,100.0,1.0,0.11,-11.0,-942.2442601608968,942.2442601608968,0.0,-942.2442601608968,942.2442601608968,0.0,-91891.19591164732,91891.19591164732,0.0,0.0,33767.28817382812,33767.28817382812,0.0,0.0,23743.4751637044,23743.4751637044,0.0,-361660.21094436594,-361660.21094436594,93775.68443196912,93775.68443196912,93675.68443196912,0.0,100.0,0.0,0.0,93775.68443196912,36264.92109443659,1,0.0,100.0
5581,40998.59614401059,0.0,-409985.9614401059,0.0,10.0,0.0,-0.0,0.1,0.434695236,43.469523599999995,0.0,0.0,100.0,1.0,0.11,-11.0,-925.7260333194744,925.7260333194744,0.0,-925.7260333194744,925.7260333194744,0.0,-91950.27585749252,91950.27585749252,0.0,0.0,28793.811621093748,28793.811621093748,0.0,0.0,23909.32015902713,23909.32015902713,0.0,-409996.9614401059,-409996.9614401059,93801.72792413147,93801.72792413147,93701.72792413147,0.0,100.0,0.0,0.0,93801.72792413147,41098.59614401059,1,0.0,100.0
5582,45604.24587135636,0.0,-456042.4587135636,0.0,10.0,0.0,-0.0,0.1,0.4380535379999999,43.80535379999999,0.0,0.0,100.0,1.0,0.08,-8.0,-898.3655980029903,898.3655980029903,0.0,-898.3655980029903,898.3655980029903,0.0,-91924.76259105177,91924.76259105177,0.0,0.0,27784.158486328124,27784.158486328124,0.0,0.0,20233.08942937325,20233.08942937325,0.0,-456050.4587135636,-456050.4587135636,93721.49378705773,93721.49378705774,93621.49378705773,0.0,100.0,0.0,0.0,93721.49378705774,45704.24587135637,1,0.0,100.0
5583,57618.98482212117,0.0,-576189.8482212117,0.0,10.0,0.0,-0.0,0.1,0.435418935,43.5418935,0.0,0.0,100.0,1.0,0.08,-8.0,-786.2615706783267,786.2615706783267,0.0,-786.2615706783267,786.2615706783267,0.0,-94429.5916776585,94429.5916776585,0.0,0.0,21090.53214843749,21090.53214843749,0.0,0.0,17192.597848456502,17192.597848456502,0.0,-576197.8482212117,-576197.8482212117,96002.11481901517,96002.11481901516,95902.11481901517,0.0,100.0,0.0,0.0,96002.11481901516,57718.984822121165,1,0.0,100.0
5584,63056.76807424195,0.0,-630567.6807424194,0.0,10.0,0.0,-0.0,0.1,0.4494917229999999,44.94917229999999,0.0,0.0,100.0,1.0,0.08,-8.0,-597.7346190427093,597.7346190427093,0.0,-597.7346190427093,597.7346190427093,0.0,-86860.13228515786,86860.13228515786,0.0,0.0,13649.014599609374,13649.014599609374,0.0,0.0,11249.818849391955,11249.818849391955,0.0,-630575.6807424194,-630575.6807424194,88055.60152324327,88055.60152324328,87955.60152324327,0.0,100.0,0.0,0.0,88055.60152324328,63156.768074241954,1,0.0,100.0
5585,65716.06023286759,0.0,-657160.6023286759,0.0,10.0,0.0,-0.0,0.1,0.455686841,45.5686841,0.0,0.0,100.0,1.0,0.11,-11.0,-540.0500392030095,540.0500392030095,0.0,-540.0500392030095,540.0500392030095,0.0,-76107.43183852488,76107.43183852488,0.0,0.0,5870.946005859375,5870.946005859375,0.0,0.0,5500.52567820393,5500.52567820393,0.0,-657171.6023286759,-657171.6023286759,77187.5319169309,77187.5319169309,77087.5319169309,0.0,100.0,0.0,0.0,77187.5319169309,65816.06023286759,1,0.0,100.0
5586,75708.1602838261,0.0,-757081.602838261,0.0,10.0,0.0,-0.0,0.1,0.440626177,44.062617700000004,0.0,0.0,100.0,1.0,0.11,-11.0,-550.3767758013879,550.3767758013879,0.0,-550.3767758013879,550.3767758013879,0.0,-76533.29041275858,76533.29041275858,0.0,0.0,747.8912109375,747.8912109375,0.0,0.0,1077.992469597755,1077.992469597755,0.0,-757092.602838261,-757092.602838261,77634.04396436136,77634.04396436135,77534.04396436136,0.0,100.0,0.0,0.0,77634.04396436135,75808.16028382609,1,0.0,100.0
5587,70051.64515463932,0.0,-700516.4515463932,0.0,10.0,0.0,-0.0,0.1,0.428570416,42.8570416,0.0,0.0,100.0,1.0,0.11,-11.0,-461.2565279521164,461.2565279521164,0.0,-461.2565279521164,461.2565279521164,0.0,-69229.13209873509,69229.13209873509,0.0,0.0,0.0,0.0,0.0,0.0,0.0,0.0,0.0,-700527.4515463932,-700527.4515463932,70151.64515463932,70151.64515463932,70051.64515463932,0.0,100.0,0.0,0.0,70151.64515463932,70151.64515463932,1,0.0,100.0
5588,68010.85198644799,0.0,-680108.5198644799,0.0,10.0,0.0,-0.0,0.1,0.42880848,42.880848,0.0,0.0,100.0,1.0,0.11,-11.0,-204.6888870339186,204.6888870339186,0.0,-204.6888870339186,204.6888870339186,0.0,-67701.47421238016,67701.47421238016,0.0,0.0,0.0,0.0,0.0,0.0,0.0,0.0,0.0,-680119.5198644799,-680119.5198644799,68110.85198644799,68110.85198644799,68010.85198644799,0.0,100.0,0.0,0.0,68110.85198644799,68110.85198644799,1,0.0,100.0
5589,21429.71229440695,0.0,-214297.1229440695,0.0,10.0,0.0,-0.0,0.1,0.422536682,42.2536682,0.0,0.0,100.0,1.0,0.11,-11.0,-203.8583469869933,203.8583469869933,0.0,-203.8583469869933,203.8583469869933,0.0,-21121.99560043296,21121.99560043296,0.0,0.0,0.0,0.0,0.0,0.0,0.0,0.0,0.0,-214308.1229440695,-214308.1229440695,21529.71229440695,21529.71229440695,21429.71229440695,0.0,100.0,0.0,0.0,21529.71229440695,21529.71229440695,1,0.0,100.0
5590,18450.869006284487,0.0,-184508.69006284486,0.0,10.0,0.0,-0.0,0.1,0.424944515,42.494451500000004,0.0,0.0,100.0,1.0,0.11,-11.0,-206.7258783898237,206.7258783898237,0.0,-206.7258783898237,206.7258783898237,0.0,-18137.41724950484,18137.41724950484,0.0,0.0,0.0,0.0,0.0,0.0,0.0,0.0,0.0,-184519.69006284486,-184519.69006284486,18550.869006284487,18550.869006284487,18450.869006284487,0.0,100.0,0.0,0.0,18550.869006284487,18550.869006284487,1,0.0,100.0
5591,17705.706382105414,0.0,-177057.06382105415,0.0,10.0,0.0,-0.0,0.1,0.435004974,43.5004974,0.0,0.0,100.0,1.0,0.11,-11.0,-203.61975157001723,203.61975157001723,0.0,-203.61975157001723,203.61975157001723,0.0,-17398.46687896538,17398.46687896538,0.0,0.0,0.0,0.0,0.0,0.0,0.0,0.0,0.0,-177068.06382105415,-177068.06382105415,17805.706382105414,17805.706382105414,17705.706382105414,0.0,100.0,0.0,0.0,17805.706382105414,17805.706382105414,1,0.0,100.0
5592,17705.672742172792,0.0,-177056.7274217279,0.0,10.0,0.0,-0.0,0.1,0.449825394,44.9825394,0.0,0.0,100.0,1.0,0.08,-8.0,-203.60291648878007,203.60291648878007,0.0,-203.60291648878007,203.60291648878007,0.0,-17398.46690919523,17398.46690919523,0.0,0.0,0.0,0.0,0.0,0.0,0.0,0.0,0.0,-177064.7274217279,-177064.7274217279,17805.672742172792,17805.672742172792,17705.672742172792,0.0,100.0,0.0,0.0,17805.672742172792,17805.672742172792,1,0.0,100.0
5593,17705.65027121326,0.0,-177056.5027121326,0.0,10.0,0.0,-0.0,0.1,0.4454108129999999,44.54108129999999,0.0,0.0,100.0,1.0,0.08,-8.0,-203.5916810090148,203.5916810090148,0.0,-203.5916810090148,203.5916810090148,0.0,-17398.46690919523,17398.46690919523,0.0,0.0,0.0,0.0,0.0,0.0,0.0,0.0,0.0,-177064.5027121326,-177064.5027121326,17805.65027121326,17805.65027121326,17705.65027121326,0.0,100.0,0.0,0.0,17805.65027121326,17805.65027121326,1,0.0,100.0
5594,17705.62990730123,0.0,-177056.2990730123,0.0,10.0,0.0,-0.0,0.1,0.435755806,43.5755806,0.0,0.0,100.0,1.0,0.08,-8.0,-203.58150207598683,203.58150207598683,0.0,-203.58150207598683,203.58150207598683,0.0,-17398.466903149256,17398.466903149256,0.0,0.0,0.0,0.0,0.0,0.0,0.0,0.0,0.0,-177064.2990730123,-177064.2990730123,17805.62990730123,17805.62990730123,17705.62990730123,0.0,100.0,0.0,0.0,17805.62990730123,17805.62990730123,1,0.0,100.0
5595,18456.222519166822,0.0,-184562.22519166823,0.0,10.0,0.0,-0.0,0.1,0.4393151979999999,43.93151979999999,0.0,0.0,100.0,1.0,0.08,-8.0,-209.4026257620357,209.4026257620357,0.0,-209.4026257620357,209.4026257620357,0.0,-18137.41726764275,18137.41726764275,0.0,0.0,0.0,0.0,0.0,0.0,0.0,0.0,0.0,-184570.22519166823,-184570.22519166823,18556.222519166822,18556.222519166822,18456.222519166822,0.0,100.0,0.0,0.0,18556.222519166822,18556.222519166822,1,0.0,100.0
5596,21439.164866646257,0.0,-214391.64866646257,0.0,10.0,0.0,-0.0,0.1,0.416796465,41.679646500000004,0.0,0.0,100.0,1.0,0.08,-8.0,-208.5447236609356,208.5447236609356,0.0,-208.5447236609356,208.5447236609356,0.0,-21122.075419324385,21122.075419324385,0.0,0.0,0.0,0.0,0.0,0.0,0.0,0.0,0.0,-214399.64866646257,-214399.64866646257,21539.164866646257,21539.164866646257,21439.164866646257,0.0,100.0,0.0,0.0,21539.164866646257,21539.164866646257,1,0.0,100.0
5597,56827.02107047064,0.0,-568270.2107047064,0.0,10.0,0.0,-0.0,0.1,0.40311396,40.311396,0.0,0.0,100.0,1.0,0.11,-11.0,-472.8931712038303,472.8931712038303,0.0,-472.8931712038303,472.8931712038303,0.0,-57220.14789982652,57220.14789982652,0.0,0.0,934.864013671875,934.864013671875,0.0,0.0,304.0491580916745,304.0491580916745,0.0,-568281.2107047064,-568281.2107047064,58165.93424223419,58165.93424223419,58065.93424223419,0.0,100.0,0.0,0.0,58165.93424223419,56927.02107047064,1,0.0,100.0
5598,57777.18622662039,0.0,-577771.8622662039,0.0,10.0,0.0,-0.0,0.1,0.3874570779999999,38.74570779999999,0.0,0.0,100.0,1.0,0.11,-11.0,-481.3172190557362,481.3172190557362,0.0,-481.3172190557362,481.3172190557362,0.0,-63935.00706276859,63935.00706276859,0.0,0.0,6357.07529296875,6357.07529296875,0.0,0.0,663.3799812909263,663.3799812909263,0.0,-577782.8622662039,-577782.8622662039,64897.64150088007,64897.64150088007,64797.64150088007,0.0,100.0,0.0,0.0,64897.64150088007,57877.18622662039,1,0.0,100.0
5599,78988.07393730602,0.0,-789880.7393730602,0.0,10.0,0.0,-0.0,0.1,0.3730852639999999,37.30852639999999,0.0,0.0,100.0,1.0,0.11,-11.0,-688.5064802835492,688.5064802835492,0.0,-688.5064802835492,688.5064802835492,0.0,-95672.01383529905,95672.01383529905,0.0,0.0,14284.722128906247,14284.722128906247,0.0,0.0,3676.2307296538825,3676.2307296538825,0.0,-789891.7393730602,-789891.7393730602,97049.02679586614,97049.02679586614,96949.02679586614,0.0,100.0,0.0,0.0,97049.02679586614,79088.073937306,1,0.0,100.0
5600,60178.47682505261,0.0,-601784.7682505262,0.0,10.0,0.0,-0.0,0.1,0.358263205,35.826320499999994,0.0,0.0,100.0,1.0,0.11,-11.0,-708.493627349157,708.493627349157,0.0,-708.493627349157,708.493627349157,0.0,-94039.06097379063,94039.06097379063,0.0,0.0,21688.8451171875,21688.8451171875,0.0,0.0,13488.726286248831,13488.726286248831,0.0,-601795.7682505262,-601795.7682505262,95456.04822848894,95456.04822848894,95356.04822848894,0.0,100.0,0.0,0.0,95456.04822848894,60278.47682505261,1,0.0,100.0
5601,43965.43547009177,0.0,-439654.35470091767,0.0,10.0,0.0,-0.0,0.1,0.357898199,35.7898199,0.0,0.0,100.0,1.0,0.11,-11.0,-729.9695534139789,729.9695534139789,0.0,-729.9695534139789,729.9695534139789,0.0,-91606.40855204276,91606.40855204276,0.0,0.0,28270.2877734375,28270.2877734375,0.0,0.0,20730.624415341445,20730.624415341445,0.0,-439665.35470091767,-439665.35470091767,93066.34765887071,93066.34765887071,92966.34765887071,0.0,100.0,0.0,0.0,93066.34765887071,44065.43547009177,1,0.0,100.0
5602,39418.86013120037,0.0,-394188.6013120037,0.0,10.0,0.0,-0.0,0.1,0.385651621,38.5651621,0.0,0.0,100.0,1.0,0.11,-11.0,-739.1069148769395,739.1069148769395,0.0,-739.1069148769395,739.1069148769395,0.0,-91613.60670213858,91613.60670213858,0.0,0.0,29691.28107421875,29691.28107421875,0.0,0.0,23881.679326473342,23881.679326473342,0.0,-394199.6013120037,-394199.6013120037,93091.82053189246,93091.82053189246,92991.82053189246,0.0,100.0,0.0,0.0,93091.82053189246,39518.86013120037,1,0.0,100.0
5603,32024.13930068036,0.0,-320241.3930068036,0.0,10.0,0.0,-0.0,0.1,0.4209751129999999,42.097511299999994,0.0,0.0,100.0,1.0,0.11,-11.0,-736.1564548692254,736.1564548692254,0.0,-736.1564548692254,736.1564548692254,0.0,-88697.61413331029,88697.61413331029,0.0,0.0,31897.56014648437,31897.56014648437,0.0,0.0,26148.227595884007,26148.227595884007,0.0,-320252.3930068036,-320252.3930068036,90169.92704304874,90169.92704304874,90069.92704304874,0.0,100.0,0.0,0.0,90169.92704304874,32124.139300680356,1,0.0,100.0
5604,33740.247196601296,0.0,-337402.47196601296,0.0,10.0,0.0,-0.0,0.1,0.427368105,42.7368105,0.0,0.0,100.0,1.0,0.11,-11.0,-707.5575447644619,707.5575447644619,0.0,-707.5575447644619,707.5575447644619,0.0,-91587.8956115706,91587.8956115706,0.0,0.0,32682.84591796875,32682.84591796875,0.0,0.0,26479.91758652947,26479.91758652947,0.0,-337413.47196601296,-337413.47196601296,93003.01070109951,93003.01070109951,92903.01070109951,0.0,100.0,0.0,0.0,93003.01070109951,33840.247196601296,1,0.0,100.0
5605,38556.437122695876,0.0,-385564.37122695876,0.0,10.0,0.0,-0.0,0.1,0.436456296,43.6456296,0.0,0.0,100.0,1.0,0.11,-11.0,-703.3774754044,703.3774754044,0.0,-703.3774754044,703.3774754044,0.0,-91544.57654126888,91544.57654126888,0.0,0.0,29279.940908203123,29279.940908203123,0.0,0.0,25014.95346117868,25014.95346117868,0.0,-385575.37122695876,-385575.37122695876,92951.33149207768,92951.33149207768,92851.33149207768,0.0,100.0,0.0,0.0,92951.33149207768,38656.437122695876,1,0.0,100.0
5606,46109.14479941895,0.0,-461091.4479941895,0.0,10.0,0.0,-0.0,0.1,0.438229157,43.822915699999996,0.0,0.0,100.0,1.0,0.08,-8.0,-717.6059791445463,717.6059791445463,0.0,-717.6059791445463,717.6059791445463,0.0,-91516.52499538656,91516.52499538656,0.0,0.0,26288.376064453125,26288.376064453125,0.0,0.0,20454.21608980356,20454.21608980356,0.0,-461099.4479941895,-461099.4479941895,92951.73695367563,92951.73695367565,92851.73695367563,0.0,100.0,0.0,0.0,92951.73695367565,46209.14479941896,1,0.0,100.0
5607,64053.183900590644,0.0,-640531.8390059065,0.0,10.0,0.0,-0.0,0.1,0.448981582,44.8981582,0.0,0.0,100.0,1.0,0.08,-8.0,-756.723043195459,756.723043195459,0.0,-756.723043195459,756.723043195459,0.0,-94445.22250439464,94445.22250439464,0.0,0.0,19781.72252929688,19781.72252929688,0.0,0.0,12023.762160898035,12023.762160898035,0.0,-640539.8390059065,-640539.8390059065,95958.66859078556,95958.66859078556,95858.66859078556,0.0,100.0,0.0,0.0,95958.66859078556,64153.183900590644,1,0.0,100.0
5608,64898.29133025864,0.0,-648982.9133025864,0.0,10.0,0.0,-0.0,0.1,0.454469726,45.4469726,0.0,0.0,100.0,1.0,0.08,-8.0,-673.9937424162359,673.9937424162359,0.0,-673.9937424162359,673.9937424162359,0.0,-87749.1735017931,87749.1735017931,0.0,0.0,13761.19828125,13761.19828125,0.0,0.0,10337.671375116934,10337.671375116934,0.0,-648990.9133025864,-648990.9133025864,89097.16098662557,89097.16098662557,88997.16098662557,0.0,100.0,0.0,0.0,89097.16098662557,64998.29133025864,1,0.0,100.0
5609,67792.41156137167,0.0,-677924.1156137167,0.0,10.0,0.0,-0.0,0.1,0.447278041,44.7278041,0.0,0.0,100.0,1.0,0.11,-11.0,-609.8809491268743,609.8809491268743,0.0,-609.8809491268743,609.8809491268743,0.0,-76966.12887758345,76966.12887758345,0.0,0.0,5870.946005859375,5870.946005859375,0.0,0.0,4422.533208606174,4422.533208606174,0.0,-677935.1156137167,-677935.1156137167,78185.89077583722,78185.89077583721,78085.89077583722,0.0,100.0,0.0,0.0,78185.89077583721,67892.41156137166,1,0.0,100.0
5610,76884.2947261745,0.0,-768842.947261745,0.0,10.0,0.0,-0.0,0.1,0.4343192329999999,43.431923299999994,0.0,0.0,100.0,1.0,0.11,-11.0,-592.1010993703059,592.1010993703059,0.0,-592.1010993703059,592.1010993703059,0.0,-77588.58164742225,77588.58164742225,0.0,0.0,710.496650390625,710.496650390625,0.0,0.0,1077.992469597755,1077.992469597755,0.0,-768853.947261745,-768853.947261745,78772.78384616289,78772.78384616287,78672.78384616289,0.0,100.0,0.0,0.0,78772.78384616287,76984.29472617448,1,0.0,100.0
5611,70827.89776826731,0.0,-708278.9776826731,0.0,10.0,0.0,-0.0,0.1,0.43583551,43.583551,0.0,0.0,100.0,1.0,0.11,-11.0,-487.8946716672312,487.8946716672312,0.0,-487.8946716672312,487.8946716672312,0.0,-69952.10842493286,69952.10842493286,0.0,0.0,0.0,0.0,0.0,0.0,0.0,0.0,0.0,-708289.9776826731,-708289.9776826731,70927.89776826731,70927.89776826731,70827.89776826731,0.0,100.0,0.0,0.0,70927.89776826731,70927.89776826731,1,0.0,100.0
5612,69126.41252990573,0.0,-691264.1252990573,0.0,10.0,0.0,-0.0,0.1,0.438397935,43.8397935,0.0,0.0,100.0,1.0,0.11,-11.0,-203.70067319217537,203.70067319217537,0.0,-203.70067319217537,203.70067319217537,0.0,-68819.01118352139,68819.01118352139,0.0,0.0,0.0,0.0,0.0,0.0,0.0,0.0,0.0,-691275.1252990573,-691275.1252990573,69226.41252990573,69226.41252990573,69126.41252990573,0.0,100.0,0.0,0.0,69226.41252990573,69226.41252990573,1,0.0,100.0
5613,21429.346575236657,0.0,-214293.46575236658,0.0,10.0,0.0,-0.0,0.1,0.442895221,44.2895221,0.0,0.0,100.0,1.0,0.11,-11.0,-203.67547833289424,203.67547833289424,0.0,-203.67547833289424,203.67547833289424,0.0,-21121.99561857087,21121.99561857087,0.0,0.0,0.0,0.0,0.0,0.0,0.0,0.0,0.0,-214304.46575236658,-214304.46575236658,21529.346575236657,21529.346575236657,21429.346575236657,0.0,100.0,0.0,0.0,21529.346575236657,21529.346575236657,1,0.0,100.0
5614,18450.490279217047,0.0,-184504.90279217047,0.0,10.0,0.0,-0.0,0.1,0.453601121,45.3601121,0.0,0.0,100.0,1.0,0.11,-11.0,-206.53651183312,206.53651183312,0.0,-206.53651183312,206.53651183312,0.0,-18137.41725555081,18137.41725555081,0.0,0.0,0.0,0.0,0.0,0.0,0.0,0.0,0.0,-184515.90279217047,-184515.90279217047,18550.490279217047,18550.490279217047,18450.490279217047,0.0,100.0,0.0,0.0,18550.490279217047,18550.490279217047,1,0.0,100.0
5615,17705.664677609908,0.0,-177056.64677609908,0.0,10.0,0.0,-0.0,0.1,0.449352838,44.9352838,0.0,0.0,100.0,1.0,0.11,-11.0,-203.598893276296,203.598893276296,0.0,-203.598893276296,203.598893276296,0.0,-17398.466891057316,17398.466891057316,0.0,0.0,0.0,0.0,0.0,0.0,0.0,0.0,0.0,-177067.64677609908,-177067.64677609908,17805.664677609908,17805.664677609908,17705.664677609908,0.0,100.0,0.0,0.0,17805.664677609908,17805.664677609908,1,0.0,100.0
5616,17705.59825870251,0.0,-177055.9825870251,0.0,10.0,0.0,-0.0,0.1,0.4439420189999999,44.39420189999999,0.0,0.0,100.0,1.0,0.08,-8.0,-203.56566266169995,203.56566266169995,0.0,-203.56566266169995,203.56566266169995,0.0,-17398.46693337911,17398.46693337911,0.0,0.0,0.0,0.0,0.0,0.0,0.0,0.0,0.0,-177063.9825870251,-177063.9825870251,17805.59825870251,17805.59825870251,17705.59825870251,0.0,100.0,0.0,0.0,17805.59825870251,17805.59825870251,1,0.0,100.0
5617,17705.569468483678,0.0,-177055.69468483678,0.0,10.0,0.0,-0.0,0.1,0.441668448,44.1668448,0.0,0.0,100.0,1.0,0.08,-8.0,-203.55126452929952,203.55126452929952,0.0,-203.55126452929952,203.55126452929952,0.0,-17398.466939425078,17398.466939425078,0.0,0.0,0.0,0.0,0.0,0.0,0.0,0.0,0.0,-177063.69468483678,-177063.69468483678,17805.569468483678,17805.569468483678,17705.569468483678,0.0,100.0,0.0,0.0,17805.569468483678,17805.569468483678,1,0.0,100.0
5618,17705.543971275707,0.0,-177055.43971275707,0.0,10.0,0.0,-0.0,0.1,0.43699302,43.699302,0.0,0.0,100.0,1.0,0.08,-8.0,-203.53851592531487,203.53851592531487,0.0,-203.53851592531487,203.53851592531487,0.0,-17398.466939425078,17398.466939425078,0.0,0.0,0.0,0.0,0.0,0.0,0.0,0.0,0.0,-177063.43971275707,-177063.43971275707,17805.543971275707,17805.543971275707,17705.543971275707,0.0,100.0,0.0,0.0,17805.543971275707,17805.543971275707,1,0.0,100.0
5619,18446.815853119417,0.0,-184468.15853119417,0.0,10.0,0.0,-0.0,0.1,0.43373683,43.373683,0.0,0.0,100.0,1.0,0.08,-8.0,-204.69927157744388,204.69927157744388,0.0,-204.69927157744388,204.69927157744388,0.0,-18137.41730996453,18137.41730996453,0.0,0.0,0.0,0.0,0.0,0.0,0.0,0.0,0.0,-184476.15853119417,-184476.15853119417,18546.815853119417,18546.815853119417,18446.815853119417,0.0,100.0,0.0,0.0,18546.815853119417,18546.815853119417,1,0.0,100.0
5620,21431.303994857753,0.0,-214313.03994857753,0.0,10.0,0.0,-0.0,0.1,0.405854136,40.585413599999995,0.0,0.0,100.0,1.0,0.08,-8.0,-204.6142696287746,204.6142696287746,0.0,-204.6142696287746,204.6142696287746,0.0,-21122.075455600203,21122.075455600203,0.0,0.0,0.0,0.0,0.0,0.0,0.0,0.0,0.0,-214321.03994857753,-214321.03994857753,21531.303994857753,21531.303994857753,21431.303994857753,0.0,100.0,0.0,0.0,21531.303994857753,21531.303994857753,1,0.0,100.0
5621,57296.13124714563,0.0,-572961.3124714564,0.0,10.0,0.0,-0.0,0.1,0.367870302,36.7870302,0.0,0.0,100.0,1.0,0.11,-11.0,-468.9034894653817,468.9034894653817,0.0,-468.9034894653817,468.9034894653817,0.0,-57602.9408628985,57602.9408628985,0.0,0.0,785.285771484375,785.285771484375,0.0,0.0,359.3308231992517,359.3308231992517,0.0,-572972.3124714564,-572972.3124714564,58540.74784182926,58540.74784182926,58440.74784182926,0.0,100.0,0.0,0.0,58540.74784182926,57396.13124714563,1,0.0,100.0
5622,59420.45093534496,0.0,-594204.5093534496,0.0,10.0,0.0,-0.0,0.1,0.335339951,33.533995100000006,0.0,0.0,100.0,1.0,0.11,-11.0,-480.3989836630472,480.3989836630472,0.0,-480.3989836630472,480.3989836630472,0.0,-64604.64058464911,64604.64058464911,0.0,0.0,4524.741826171875,4524.741826171875,0.0,0.0,1520.2457904583723,1520.2457904583723,0.0,-594215.5093534496,-594215.5093534496,65565.43855197521,65565.43855197521,65465.43855197521,0.0,100.0,0.0,0.0,65565.43855197521,59520.45093534496,1,0.0,100.0
5623,84293.45624032117,0.0,-842934.5624032117,0.0,10.0,0.0,-0.0,0.1,0.327179874,32.7179874,0.0,0.0,100.0,1.0,0.11,-11.0,-712.5142213748056,712.5142213748056,0.0,-712.5142213748056,712.5142213748056,0.0,-96196.50660037356,96196.50660037356,0.0,0.0,10021.7422265625,10021.7422265625,0.0,0.0,3206.3365762394765,3206.3365762394765,0.0,-842945.5624032117,-842945.5624032117,97621.53504312315,97621.53504312316,97521.53504312315,0.0,100.0,0.0,0.0,97621.53504312316,84393.45624032119,1,0.0,100.0
5624,60830.768199739294,0.0,-608307.6819973929,0.0,10.0,0.0,-0.0,0.1,0.322757926,32.275792599999996,0.0,0.0,100.0,1.0,0.11,-11.0,-751.6767519569927,751.6767519569927,0.0,-751.6767519569927,751.6767519569927,0.0,-93127.15402082787,93127.15402082787,0.0,0.0,18884.25307617188,18884.25307617188,0.0,0.0,14815.486248830684,14815.486248830684,0.0,-608318.6819973929,-608318.6819973929,94630.50752474186,94630.50752474186,94530.50752474186,0.0,100.0,0.0,0.0,94630.50752474186,60930.768199739294,1,0.0,100.0
5625,48924.62235433545,0.0,-489246.2235433545,0.0,10.0,0.0,-0.0,0.1,0.326487638,32.648763800000005,0.0,0.0,100.0,1.0,0.11,-11.0,-839.2271594751952,839.2271594751952,0.0,-839.2271594751952,839.2271594751952,0.0,-91557.24091299227,91557.24091299227,0.0,0.0,25166.53924804688,25166.53924804688,0.0,0.0,19044.53362956034,19044.53362956034,0.0,-489257.2235433545,-489257.2235433545,93235.69523194266,93235.69523194266,93135.69523194266,0.0,100.0,0.0,0.0,93235.69523194266,49024.62235433544,1,0.0,100.0
5626,43651.97939497634,0.0,-436519.7939497634,0.0,10.0,0.0,-0.0,0.1,0.3403861479999999,34.03861479999999,0.0,0.0,100.0,1.0,0.11,-11.0,-826.7660867498212,826.7660867498212,0.0,-826.7660867498212,826.7660867498212,0.0,-91648.93535848048,91648.93535848048,0.0,0.0,28045.92041015625,28045.92041015625,0.0,0.0,21504.567726847523,21504.567726847523,0.0,-436530.7939497634,-436530.7939497634,93302.46753198012,93302.46753198012,93202.46753198012,0.0,100.0,0.0,0.0,93302.46753198012,43751.97939497634,1,0.0,100.0
5627,32717.11008310885,0.0,-327171.1008310885,0.0,10.0,0.0,-0.0,0.1,0.369052327,36.9052327,0.0,0.0,100.0,1.0,0.11,-11.0,-805.9439711035001,805.9439711035001,0.0,-805.9439711035001,805.9439711035001,0.0,-88759.95630300393,88759.95630300393,0.0,0.0,32346.294873046874,32346.294873046874,0.0,0.0,25208.4392890552,25208.4392890552,0.0,-327182.1008310885,-327182.1008310885,90371.84424521093,90371.84424521093,90271.84424521093,0.0,100.0,0.0,0.0,90371.84424521093,32817.110083108855,1,0.0,100.0
5628,39865.48256369801,0.0,-398654.8256369801,0.0,10.0,0.0,-0.0,0.1,0.383228685,38.3228685,0.0,0.0,100.0,1.0,0.11,-11.0,-848.1026842963572,848.1026842963572,0.0,-848.1026842963572,848.1026842963572,0.0,-91738.12405184386,91738.12405184386,0.0,0.0,30775.723330078123,30775.723330078123,0.0,0.0,22693.123526660434,22693.123526660434,0.0,-398665.8256369801,-398665.8256369801,93434.32942043657,93434.32942043657,93334.32942043657,0.0,100.0,0.0,0.0,93434.32942043657,39965.48256369801,1,0.0,100.0
5629,41501.132886321255,0.0,-415011.32886321255,0.0,10.0,0.0,-0.0,0.1,0.392944685,39.2944685,0.0,0.0,100.0,1.0,0.11,-11.0,-917.5530449225968,917.5530449225968,0.0,-917.5530449225968,917.5530449225968,0.0,-91644.76303481944,91644.76303481944,0.0,0.0,29766.0701953125,29766.0701953125,0.0,0.0,22112.66604303088,22112.66604303088,0.0,-415022.32886321255,-415022.32886321255,93479.86912466463,93479.86912466463,93379.86912466463,0.0,100.0,0.0,0.0,93479.86912466463,41601.132886321255,1,0.0,100.0
5630,48965.00778022893,0.0,-489650.0778022893,0.0,10.0,0.0,-0.0,0.1,0.406022194,40.6022194,0.0,0.0,100.0,1.0,0.08,-8.0,-980.8606894296204,980.8606894296204,0.0,-980.8606894296204,980.8606894296204,0.0,-91711.1162821633,91711.1162821633,0.0,0.0,24568.22627929688,24568.22627929688,0.0,0.0,20039.60360149673,20039.60360149673,0.0,-489658.0778022893,-489658.0778022893,93672.83766102254,93672.83766102254,93572.83766102254,0.0,100.0,0.0,0.0,93672.83766102254,49065.00778022893,1,0.0,100.0
5631,66328.7663285595,0.0,-663287.663285595,0.0,10.0,0.0,-0.0,0.1,0.4250348379999999,42.50348379999999,0.0,0.0,100.0,1.0,0.08,-8.0,-1002.3695487395216,1002.3695487395216,0.0,-1002.3695487395216,1002.3695487395216,0.0,-94603.72195207958,94603.72195207958,0.0,0.0,16939.735927734375,16939.735927734375,0.0,0.0,13239.958793264736,13239.958793264736,0.0,-663295.663285595,-663295.663285595,96608.46104955862,96608.46104955862,96508.46104955862,0.0,100.0,0.0,0.0,96608.46104955862,66428.76632855952,1,0.0,100.0
5632,70002.40900459274,0.0,-700024.0900459274,0.0,10.0,0.0,-0.0,0.1,0.433771285,43.3771285,0.0,0.0,100.0,1.0,0.08,-8.0,-884.9807897832036,884.9807897832036,0.0,-884.9807897832036,884.9807897832036,0.0,-87927.60820431224,87927.60820431224,0.0,0.0,11330.551845703125,11330.551845703125,0.0,0.0,8264.60893358279,8264.60893358279,0.0,-700032.0900459274,-700032.0900459274,89697.56978387866,89697.56978387866,89597.56978387866,0.0,100.0,0.0,0.0,89697.56978387866,70102.40900459274,1,0.0,100.0
5633,67947.03789399489,0.0,-679470.3789399489,0.0,10.0,0.0,-0.0,0.1,0.431958215,43.1958215,0.0,0.0,100.0,1.0,0.11,-11.0,-640.5881542912332,640.5881542912332,0.0,-640.5881542912332,640.5881542912332,0.0,-75402.57443695665,75402.57443695665,0.0,0.0,4711.71462890625,4711.71462890625,0.0,0.0,3924.99822263798,3924.99822263798,0.0,-679481.3789399489,-679481.3789399489,76683.75074553912,76683.75074553912,76583.75074553912,0.0,100.0,0.0,0.0,76683.75074553912,68047.03789399489,1,0.0,100.0
5634,75477.48682281845,0.0,-754774.8682281845,0.0,10.0,0.0,-0.0,0.1,0.433471644,43.3471644,0.0,0.0,100.0,1.0,0.11,-11.0,-634.9838054512276,634.9838054512276,0.0,-634.9838054512276,634.9838054512276,0.0,-75300.93721298665,75300.93721298665,0.0,0.0,523.5238476562499,523.5238476562499,0.0,0.0,469.8941534144061,469.8941534144061,0.0,-754785.8682281845,-754785.8682281845,76570.90482388911,76570.90482388911,76470.90482388911,0.0,100.0,0.0,0.0,76570.90482388911,75577.48682281845,1,0.0,100.0
5635,69977.50510533883,0.0,-699775.0510533883,0.0,10.0,0.0,-0.0,0.1,0.436847411,43.684741100000004,0.0,0.0,100.0,1.0,0.11,-11.0,-513.4763155077867,513.4763155077867,0.0,-513.4763155077867,513.4763155077867,0.0,-69050.55247432325,69050.55247432325,0.0,0.0,0.0,0.0,0.0,0.0,0.0,0.0,0.0,-699786.0510533883,-699786.0510533883,70077.50510533883,70077.50510533883,69977.50510533883,0.0,100.0,0.0,0.0,70077.50510533883,70077.50510533883,1,0.0,100.0
5636,68909.60253380514,0.0,-689096.0253380514,0.0,10.0,0.0,-0.0,0.1,0.44286919,44.286919000000005,0.0,0.0,100.0,1.0,0.11,-11.0,-204.7163897601513,204.7163897601513,0.0,-204.7163897601513,204.7163897601513,0.0,-68600.16975428484,68600.16975428484,0.0,0.0,0.0,0.0,0.0,0.0,0.0,0.0,0.0,-689107.0253380514,-689107.0253380514,69009.60253380514,69009.60253380514,68909.60253380514,0.0,100.0,0.0,0.0,69009.60253380514,69009.60253380514,1,0.0,100.0
5637,21429.657776911296,0.0,-214296.57776911295,0.0,10.0,0.0,-0.0,0.1,0.4458447829999999,44.584478299999994,0.0,0.0,100.0,1.0,0.11,-11.0,-203.83105196334685,203.83105196334685,0.0,-203.83105196334685,203.83105196334685,0.0,-21121.9956729846,21121.9956729846,0.0,0.0,0.0,0.0,0.0,0.0,0.0,0.0,0.0,-214307.57776911295,-214307.57776911295,21529.657776911296,21529.657776911296,21429.657776911296,0.0,100.0,0.0,0.0,21529.657776911296,21529.657776911296,1,0.0,100.0
5638,18450.688317439075,0.0,-184506.88317439076,0.0,10.0,0.0,-0.0,0.1,0.44642695,44.642694999999996,0.0,0.0,100.0,1.0,0.11,-11.0,-206.63550676025287,206.63550676025287,0.0,-206.63550676025287,206.63550676025287,0.0,-18137.41730391857,18137.41730391857,0.0,0.0,0.0,0.0,0.0,0.0,0.0,0.0,0.0,-184517.88317439076,-184517.88317439076,18550.688317439075,18550.688317439075,18450.688317439075,0.0,100.0,0.0,0.0,18550.688317439075,18550.688317439075,1,0.0,100.0
5639,17705.806801618222,0.0,-177058.06801618222,0.0,10.0,0.0,-0.0,0.1,0.443487949,44.3487949,0.0,0.0,100.0,1.0,0.11,-11.0,-203.6699371425445,203.6699371425445,0.0,-203.6699371425445,203.6699371425445,0.0,-17398.466927333135,17398.466927333135,0.0,0.0,0.0,0.0,0.0,0.0,0.0,0.0,0.0,-177069.06801618222,-177069.06801618222,17805.806801618222,17805.806801618222,17705.806801618222,0.0,100.0,0.0,0.0,17805.806801618222,17805.806801618222,1,0.0,100.0
5640,17705.678143108158,0.0,-177056.7814310816,0.0,10.0,0.0,-0.0,0.1,0.434753334,43.4753334,0.0,0.0,100.0,1.0,0.08,-8.0,-203.60559277258724,203.60559277258724,0.0,-203.60559277258724,203.60559277258724,0.0,-17398.466957562985,17398.466957562985,0.0,0.0,0.0,0.0,0.0,0.0,0.0,0.0,0.0,-177064.7814310816,-177064.7814310816,17805.678143108158,17805.678143108158,17705.678143108158,0.0,100.0,0.0,0.0,17805.678143108158,17805.678143108158,1,0.0,100.0
5641,17705.59967494159,0.0,-177055.9967494159,0.0,10.0,0.0,-0.0,0.1,0.43302868,43.302868,0.0,0.0,100.0,1.0,0.08,-8.0,-203.56636171228573,203.56636171228573,0.0,-203.56636171228573,203.56636171228573,0.0,-17398.466951517017,17398.466951517017,0.0,0.0,0.0,0.0,0.0,0.0,0.0,0.0,0.0,-177063.9967494159,-177063.9967494159,17805.59967494159,17805.59967494159,17705.59967494159,0.0,100.0,0.0,0.0,17805.59967494159,17805.59967494159,1,0.0,100.0
5642,17705.534390491313,0.0,-177055.34390491314,0.0,10.0,0.0,-0.0,0.1,0.44216302,44.216302,0.0,0.0,100.0,1.0,0.08,-8.0,-203.5337164641645,203.5337164641645,0.0,-203.5337164641645,203.5337164641645,0.0,-17398.466957562985,17398.466957562985,0.0,0.0,0.0,0.0,0.0,0.0,0.0,0.0,0.0,-177063.34390491314,-177063.34390491314,17805.534390491313,17805.534390491313,17705.534390491313,0.0,100.0,0.0,0.0,17805.534390491313,17805.534390491313,1,0.0,100.0
5643,18446.719984232706,0.0,-184467.19984232707,0.0,10.0,0.0,-0.0,0.1,0.430960807,43.0960807,0.0,0.0,100.0,1.0,0.08,-8.0,-204.6513250421432,204.6513250421432,0.0,-204.6513250421432,204.6513250421432,0.0,-18137.41733414842,18137.41733414842,0.0,0.0,0.0,0.0,0.0,0.0,0.0,0.0,0.0,-184475.19984232707,-184475.19984232707,18546.719984232706,18546.719984232706,18446.719984232706,0.0,100.0,0.0,0.0,18546.719984232706,18546.719984232706,1,0.0,100.0
5644,21431.194811350222,0.0,-214311.94811350224,0.0,10.0,0.0,-0.0,0.1,0.388222805,38.8222805,0.0,0.0,100.0,1.0,0.08,-8.0,-204.55962648426527,204.55962648426527,0.0,-204.55962648426527,204.55962648426527,0.0,-21122.07555838169,21122.07555838169,0.0,0.0,0.0,0.0,0.0,0.0,0.0,0.0,0.0,-214319.94811350224,-214319.94811350224,21531.194811350222,21531.194811350222,21431.194811350222,0.0,100.0,0.0,0.0,21531.194811350222,21531.194811350222,1,0.0,100.0
5645,54682.86470783017,0.0,-546828.6470783018,0.0,10.0,0.0,-0.0,0.1,0.34976918,34.976918,0.0,0.0,100.0,1.0,0.11,-11.0,-441.6427660348973,441.6427660348973,0.0,-441.6427660348973,441.6427660348973,0.0,-54535.28670505725,54535.28670505725,0.0,0.0,635.707529296875,635.707529296875,0.0,0.0,0.0,0.0,0.0,-546839.6470783018,-546839.6470783018,55418.572237127046,55418.572237127046,55318.572237127046,0.0,100.0,0.0,0.0,55418.572237127046,54782.86470783017,1,0.0,100.0
5646,54231.2506672436,0.0,-542312.506672436,0.0,10.0,0.0,-0.0,0.1,0.3189545689999999,31.895456899999992,0.0,0.0,100.0,1.0,0.11,-11.0,-438.9495844256818,438.9495844256818,0.0,-438.9495844256818,438.9495844256818,0.0,-60665.73548798349,60665.73548798349,0.0,0.0,4973.476552734375,4973.476552734375,0.0,0.0,2238.907436856876,2238.907436856876,0.0,-542323.506672436,-542323.506672436,61543.63465683485,61543.63465683485,61443.63465683485,0.0,100.0,0.0,0.0,61543.63465683485,54331.2506672436,1,0.0,100.0
5647,77756.50888770726,0.0,-777565.0888770726,0.0,10.0,0.0,-0.0,0.1,0.304657751,30.4657751,0.0,0.0,100.0,1.0,0.11,-11.0,-705.6824142682616,705.6824142682616,0.0,-705.6824142682616,705.6824142682616,0.0,-95562.24568903436,95562.24568903436,0.0,0.0,12041.04849609375,12041.04849609375,0.0,0.0,7076.053133769879,7076.053133769879,0.0,-777576.0888770726,-777576.0888770726,96973.6105175709,96973.61051757088,96873.6105175709,0.0,100.0,0.0,0.0,96973.61051757088,77856.50888770726,1,0.0,100.0
5648,66562.10774608521,0.0,-665621.0774608521,0.0,10.0,0.0,-0.0,0.1,0.297050692,29.7050692,0.0,0.0,100.0,1.0,0.11,-11.0,-800.0344115977414,800.0344115977414,0.0,-800.0344115977414,800.0344115977414,0.0,-95605.89390192424,95605.89390192424,0.0,0.0,17911.994501953126,17911.994501953126,0.0,0.0,12631.860477081387,12631.860477081387,0.0,-665632.0774608521,-665632.0774608521,97205.96272511972,97205.96272511972,97105.96272511972,0.0,100.0,0.0,0.0,97205.96272511972,66662.10774608521,1,0.0,100.0
5649,51356.199690597394,0.0,-513561.99690597394,0.0,10.0,0.0,-0.0,0.1,0.296267388,29.626738800000002,0.0,0.0,100.0,1.0,0.11,-11.0,-895.9400924741171,895.9400924741171,0.0,-895.9400924741171,895.9400924741171,0.0,-92880.29079187971,92880.29079187971,0.0,0.0,25802.24677734375,25802.24677734375,0.0,0.0,17413.72450888681,17413.72450888681,0.0,-513572.99690597394,-513572.99690597394,94672.17097682795,94672.17097682795,94572.17097682795,0.0,100.0,0.0,0.0,94672.17097682795,51456.199690597394,1,0.0,100.0
5650,41970.79080671072,0.0,-419707.9080671072,0.0,10.0,0.0,-0.0,0.1,0.29276277,29.276277,0.0,0.0,100.0,1.0,0.11,-11.0,-959.5052053413116,959.5052053413116,0.0,-959.5052053413116,959.5052053413116,0.0,-92926.365736071,92926.365736071,0.0,0.0,30551.35596679688,30551.35596679688,0.0,0.0,22223.229373246028,22223.229373246028,0.0,-419718.9080671072,-419718.9080671072,94845.37614675362,94845.37614675362,94745.37614675362,0.0,100.0,0.0,0.0,94845.37614675362,42070.79080671072,1,0.0,100.0
5651,34448.4633469389,0.0,-344484.633469389,0.0,10.0,0.0,-0.0,0.1,0.30312996,30.312996,0.0,0.0,100.0,1.0,0.11,-11.0,-960.7234605087698,960.7234605087698,0.0,-960.7234605087698,960.7234605087698,0.0,-89417.52938507017,89417.52938507017,0.0,0.0,33019.39696289063,33019.39696289063,0.0,0.0,23771.115996258188,23771.115996258188,0.0,-344495.633469389,-344495.633469389,91338.97630608772,91338.97630608772,91238.97630608772,0.0,100.0,0.0,0.0,91338.97630608772,34548.4633469389,1,0.0,100.0
5652,42680.21570164582,0.0,-426802.1570164582,0.0,10.0,0.0,-0.0,0.1,0.303699421,30.369942100000003,0.0,0.0,100.0,1.0,0.11,-11.0,-969.9365413637828,969.9365413637828,0.0,-969.9365413637828,969.9365413637828,0.0,-91990.78996063108,91990.78996063108,0.0,0.0,27185.845517578124,27185.845517578124,0.0,0.0,23964.60182413471,23964.60182413471,0.0,-426813.1570164582,-426813.1570164582,93930.66304335865,93930.66304335865,93830.66304335865,0.0,100.0,0.0,0.0,93930.66304335865,42780.21570164582,1,0.0,100.0
5653,41304.782190066486,0.0,-413047.8219006648,0.0,10.0,0.0,-0.0,0.1,0.309660711,30.966071099999997,0.0,0.0,100.0,1.0,0.11,-11.0,-1073.029715422979,1073.029715422979,0.0,-1073.029715422979,1073.029715422979,0.0,-92194.32365975002,92194.32365975002,0.0,0.0,29579.097392578125,29579.097392578125,0.0,0.0,23356.50350795136,23356.50350795136,0.0,-413058.8219006648,-413058.8219006648,94340.38309059598,94340.38309059598,94240.38309059598,0.0,100.0,0.0,0.0,94340.38309059598,41404.78219006649,1,0.0,100.0
5654,49243.88511096282,0.0,-492438.8511096282,0.0,10.0,0.0,-0.0,0.1,0.315287941,31.528794100000002,0.0,0.0,100.0,1.0,0.08,-8.0,-1157.7869076826933,1157.7869076826933,0.0,-1157.7869076826933,1157.7869076826933,0.0,-92193.81888174324,92193.81888174324,0.0,0.0,24904.77732421875,24904.77732421875,0.0,0.0,20260.73026192704,20260.73026192704,0.0,-492446.8511096282,-492446.8511096282,94509.39269710862,94509.39269710862,94409.39269710862,0.0,100.0,0.0,0.0,94509.39269710862,49343.88511096283,1,0.0,100.0
5655,64508.11132776688,0.0,-645081.1132776688,0.0,10.0,0.0,-0.0,0.1,0.3281804319999999,32.81804319999999,0.0,0.0,100.0,1.0,0.08,-8.0,-1165.1614520237465,1165.1614520237465,0.0,-1165.1614520237465,1165.1614520237465,0.0,-94828.08171920216,94828.08171920216,0.0,0.0,17126.70873046875,17126.70873046875,0.0,0.0,15423.584565014036,15423.584565014036,0.0,-645089.1132776688,-645089.1132776688,97158.40462324966,97158.40462324966,97058.40462324966,0.0,100.0,0.0,0.0,97158.40462324966,64608.11132776688,1,0.0,100.0
5656,70776.89439779747,0.0,-707768.9439779747,0.0,10.0,0.0,-0.0,0.1,0.325741438,32.5741438,0.0,0.0,100.0,1.0,0.08,-8.0,-1034.0898471178984,1034.0898471178984,0.0,-1034.0898471178984,1034.0898471178984,0.0,-88691.72112668456,88691.72112668456,0.0,0.0,10208.715029296874,10208.715029296874,0.0,0.0,9674.291393826006,9674.291393826006,0.0,-707776.9439779747,-707776.9439779747,90759.90082092036,90759.90082092035,90659.90082092036,0.0,100.0,0.0,0.0,90759.90082092035,70876.89439779747,1,0.0,100.0
5657,69227.18508444028,0.0,-692271.8508444028,0.0,10.0,0.0,-0.0,0.1,0.326501581,32.6501581,0.0,0.0,100.0,1.0,0.11,-11.0,-688.1670447170286,688.1670447170286,0.0,-688.1670447170286,688.1670447170286,0.0,-76200.62381023768,76200.62381023768,0.0,0.0,4076.007099609375,4076.007099609375,0.0,0.0,4173.765715622078,4173.765715622078,0.0,-692282.8508444028,-692282.8508444028,77576.95789967173,77576.95789967173,77476.95789967173,0.0,100.0,0.0,0.0,77576.95789967173,69327.18508444028,1,0.0,100.0
5658,74589.14059337792,0.0,-745891.4059337792,0.0,10.0,0.0,-0.0,0.1,0.3352288089999999,33.52288089999999,0.0,0.0,100.0,1.0,0.11,-11.0,-662.3510559565194,662.3510559565194,0.0,-662.3510559565194,662.3510559565194,0.0,-74616.37770351273,74616.37770351273,0.0,0.0,560.918408203125,560.918408203125,0.0,0.0,691.0208138447148,691.0208138447148,0.0,-745902.4059337792,-745902.4059337792,75941.07981542575,75941.07981542576,75841.07981542575,0.0,100.0,0.0,0.0,75941.07981542576,74689.14059337793,1,0.0,100.0
5659,65870.62608781442,0.0,-658706.2608781443,0.0,10.0,0.0,-0.0,0.1,0.323998818,32.3998818,0.0,0.0,100.0,1.0,0.11,-11.0,-553.8299810905759,553.8299810905759,0.0,-553.8299810905759,553.8299810905759,0.0,-64862.96612563327,64862.96612563327,0.0,0.0,0.0,0.0,0.0,0.0,0.0,0.0,0.0,-658717.2608781443,-658717.2608781443,65970.62608781442,65970.62608781442,65870.62608781442,0.0,100.0,0.0,0.0,65970.62608781442,65970.62608781442,1,0.0,100.0
5660,62054.33615370241,0.0,-620543.3615370241,0.0,10.0,0.0,-0.0,0.1,0.318625926,31.8625926,0.0,0.0,100.0,1.0,0.11,-11.0,-214.4493271754521,214.4493271754521,0.0,-214.4493271754521,214.4493271754521,0.0,-61725.43749935151,61725.43749935151,0.0,0.0,0.0,0.0,0.0,0.0,0.0,0.0,0.0,-620554.3615370241,-620554.3615370241,62154.33615370241,62154.33615370241,62054.33615370241,0.0,100.0,0.0,0.0,62154.33615370241,62154.33615370241,1,0.0,100.0
5661,21429.94884478359,0.0,-214299.4884478359,0.0,10.0,0.0,-0.0,0.1,0.314412752,31.441275200000003,0.0,0.0,100.0,1.0,0.11,-11.0,-203.97657683054305,203.97657683054305,0.0,-203.97657683054305,203.97657683054305,0.0,-21121.995691122505,21121.995691122505,0.0,0.0,0.0,0.0,0.0,0.0,0.0,0.0,0.0,-214310.4884478359,-214310.4884478359,21529.94884478359,21529.94884478359,21429.94884478359,0.0,100.0,0.0,0.0,21529.94884478359,21529.94884478359,1,0.0,100.0
5662,18451.037700929166,0.0,-184510.37700929167,0.0,10.0,0.0,-0.0,0.1,0.309522221,30.9522221,0.0,0.0,100.0,1.0,0.11,-11.0,-206.8101803673882,206.8101803673882,0.0,-206.8101803673882,206.8101803673882,0.0,-18137.417340194388,18137.417340194388,0.0,0.0,0.0,0.0,0.0,0.0,0.0,0.0,0.0,-184521.37700929167,-184521.37700929167,18551.037700929166,18551.037700929166,18451.037700929166,0.0,100.0,0.0,0.0,18551.037700929166,18551.037700929166,1,0.0,100.0
5663,17706.138711688578,0.0,-177061.38711688577,0.0,10.0,0.0,-0.0,0.1,0.309533142,30.953314199999998,0.0,0.0,100.0,1.0,0.11,-11.0,-203.83586799384133,203.83586799384133,0.0,-203.83586799384133,203.83586799384133,0.0,-17398.466975700896,17398.466975700896,0.0,0.0,0.0,0.0,0.0,0.0,0.0,0.0,0.0,-177072.38711688577,-177072.38711688577,17806.138711688578,17806.138711688578,17706.138711688578,0.0,100.0,0.0,0.0,17806.138711688578,17806.138711688578,1,0.0,100.0
5664,17706.031523366393,0.0,-177060.31523366395,0.0,10.0,0.0,-0.0,0.1,0.311965272,31.196527200000002,0.0,0.0,100.0,1.0,0.08,-8.0,-203.78225871782573,203.78225871782573,0.0,-203.78225871782573,203.78225871782573,0.0,-17398.467005930743,17398.467005930743,0.0,0.0,0.0,0.0,0.0,0.0,0.0,0.0,0.0,-177068.31523366395,-177068.31523366395,17806.031523366393,17806.031523366393,17706.031523366393,0.0,100.0,0.0,0.0,17806.031523366393,17806.031523366393,1,0.0,100.0
5665,17705.864869070756,0.0,-177058.64869070757,0.0,10.0,0.0,-0.0,0.1,0.313523492,31.352349200000003,0.0,0.0,100.0,1.0,0.08,-8.0,-203.69893157000607,203.69893157000607,0.0,-203.69893157000607,203.69893157000607,0.0,-17398.467005930743,17398.467005930743,0.0,0.0,0.0,0.0,0.0,0.0,0.0,0.0,0.0,-177066.64869070757,-177066.64869070757,17805.864869070756,17805.864869070756,17705.864869070756,0.0,100.0,0.0,0.0,17805.864869070756,17805.864869070756,1,0.0,100.0
5666,17705.752302972123,0.0,-177057.52302972123,0.0,10.0,0.0,-0.0,0.1,0.310148887,31.0148887,0.0,0.0,100.0,1.0,0.08,-8.0,-203.6426485206901,203.6426485206901,0.0,-203.6426485206901,203.6426485206901,0.0,-17398.467005930743,17398.467005930743,0.0,0.0,0.0,0.0,0.0,0.0,0.0,0.0,0.0,-177065.52302972123,-177065.52302972123,17805.752302972123,17805.752302972123,17705.752302972123,0.0,100.0,0.0,0.0,17805.752302972123,17805.752302972123,1,0.0,100.0
5667,18456.205466694115,0.0,-184562.05466694114,0.0,10.0,0.0,-0.0,0.1,0.305198344,30.5198344,0.0,0.0,100.0,1.0,0.08,-8.0,-209.3940541809113,209.3940541809113,0.0,-209.3940541809113,209.3940541809113,0.0,-18137.41735833229,18137.41735833229,0.0,0.0,0.0,0.0,0.0,0.0,0.0,0.0,0.0,-184570.05466694114,-184570.05466694114,18556.205466694115,18556.205466694115,18456.205466694115,0.0,100.0,0.0,0.0,18556.205466694115,18556.205466694115,1,0.0,100.0
5668,21439.148296795363,0.0,-214391.48296795363,0.0,10.0,0.0,-0.0,0.1,0.2949373939999999,29.493739399999992,0.0,0.0,100.0,1.0,0.08,-8.0,-208.5363540919155,208.5363540919155,0.0,-208.5363540919155,208.5363540919155,0.0,-21122.075588611533,21122.075588611533,0.0,0.0,0.0,0.0,0.0,0.0,0.0,0.0,0.0,-214399.48296795363,-214399.48296795363,21539.148296795363,21539.148296795363,21439.148296795363,0.0,100.0,0.0,0.0,21539.148296795363,21539.148296795363,1,0.0,100.0
5669,31474.077731030276,0.0,-314740.7773103028,0.0,10.0,0.0,-0.0,0.1,0.285764672,28.5764672,0.0,0.0,100.0,1.0,0.11,-11.0,-476.2855720211671,476.2855720211671,0.0,-476.2855720211671,476.2855720211671,0.0,-31257.21411628482,31257.21411628482,0.0,0.0,635.707529296875,635.707529296875,0.0,0.0,0.0,0.0,0.0,-314751.7773103028,-314751.7773103028,32209.785260327153,32209.785260327153,32109.785260327153,0.0,100.0,0.0,0.0,32209.785260327153,31574.077731030276,1,0.0,100.0
5670,34250.95548648736,0.0,-342509.5548648736,0.0,10.0,0.0,-0.0,0.1,0.277940299,27.7940299,0.0,0.0,100.0,1.0,0.11,-11.0,-491.9228658334434,491.9228658334434,0.0,-491.9228658334434,491.9228658334434,0.0,-40130.72739840896,40130.72739840896,0.0,0.0,5160.44935546875,5160.44935546875,0.0,0.0,1603.1682881197382,1603.1682881197382,0.0,-342520.5548648736,-342520.5548648736,41114.57313007585,41114.57313007585,41014.57313007585,0.0,100.0,0.0,0.0,41114.57313007585,34350.955486487364,1,0.0,100.0
5671,65337.85763458791,0.0,-653378.5763458791,0.0,10.0,0.0,-0.0,0.1,0.269311765,26.9311765,0.0,0.0,100.0,1.0,0.11,-11.0,-764.9578151617942,764.9578151617942,0.0,-764.9578151617942,764.9578151617942,0.0,-80280.436215295,80280.436215295,0.0,0.0,12751.545146484375,12751.545146484375,0.0,0.0,3620.9490645463056,3620.9490645463056,0.0,-653389.5763458791,-653389.5763458791,81810.3518456186,81810.3518456186,81710.3518456186,0.0,100.0,0.0,0.0,81810.3518456186,65437.85763458792,1,0.0,100.0
5672,61082.822019210376,0.0,-610828.2201921038,0.0,10.0,0.0,-0.0,0.1,0.266020149,26.602014899999997,0.0,0.0,100.0,1.0,0.11,-11.0,-874.3199499344984,874.3199499344984,0.0,-874.3199499344984,874.3199499344984,0.0,-85695.23354564334,85695.23354564334,0.0,0.0,19931.300771484373,19931.300771484373,0.0,0.0,6329.750654817587,6329.750654817587,0.0,-610839.2201921038,-610839.2201921038,87443.87344551233,87443.87344551233,87343.87344551233,0.0,100.0,0.0,0.0,87443.87344551233,61182.822019210376,1,0.0,100.0
5673,49559.811714457006,0.0,-495598.11714457005,0.0,10.0,0.0,-0.0,0.1,0.251920229,25.192022899999998,0.0,0.0,100.0,1.0,0.11,-11.0,-940.7740999160764,940.7740999160764,0.0,-940.7740999160764,940.7740999160764,0.0,-83165.33454355084,83165.33454355084,0.0,0.0,26624.927109375,26624.927109375,0.0,0.0,8762.143919550983,8762.143919550983,0.0,-495609.11714457005,-495609.11714457005,85046.88274338299,85046.88274338299,84946.88274338299,0.0,100.0,0.0,0.0,85046.88274338299,49659.811714457006,1,0.0,100.0
5674,39526.203785310565,0.0,-395262.03785310563,0.0,10.0,0.0,-0.0,0.1,0.249978978,24.9978978,0.0,0.0,100.0,1.0,0.11,-11.0,-1005.1691754136594,1005.1691754136594,0.0,-1005.1691754136594,1005.1691754136594,0.0,-83372.88838927452,83372.88838927452,0.0,0.0,31411.430859375,31411.430859375,0.0,0.0,14345.59209541628,14345.59209541628,0.0,-395273.03785310563,-395273.03785310563,85383.22674010185,85383.22674010185,85283.22674010185,0.0,100.0,0.0,0.0,85383.22674010185,39626.20378531057,1,0.0,100.0
5675,28964.266519499233,0.0,-289642.6651949923,0.0,10.0,0.0,-0.0,0.1,0.258433521,25.8433521,0.0,0.0,100.0,1.0,0.11,-11.0,-1069.9202420140812,1069.9202420140812,0.0,-1069.9202420140812,1069.9202420140812,0.0,-80401.24817157593,80401.24817157593,0.0,0.0,33879.47185546875,33879.47185546875,0.0,0.0,19597.35028063611,19597.35028063611,0.0,-289653.6651949923,-289653.6651949923,82541.0886556041,82541.0886556041,82441.0886556041,0.0,100.0,0.0,0.0,82541.0886556041,29064.26651949923,1,0.0,100.0
5676,28516.240426397108,0.0,-285162.4042639711,0.0,10.0,0.0,-0.0,0.1,0.263042698,26.3042698,0.0,0.0,100.0,1.0,0.11,-11.0,-1131.0133589528198,1131.0133589528198,0.0,-1131.0133589528198,1131.0133589528198,0.0,-84473.07536220734,84473.07536220734,0.0,0.0,33767.28817382812,33767.28817382812,0.0,0.0,24351.57347988775,24351.57347988775,0.0,-285173.4042639711,-285173.4042639711,86735.10208011298,86735.10208011298,86635.10208011298,0.0,100.0,0.0,0.0,86735.10208011298,28616.24042639711,1,0.0,100.0
5677,35789.755931992535,0.0,-357897.5593199254,0.0,10.0,0.0,-0.0,0.1,0.27399746,27.399746000000004,0.0,0.0,100.0,1.0,0.11,-11.0,-1145.5830568694178,1145.5830568694178,0.0,-1145.5830568694178,1145.5830568694178,0.0,-85532.54448282413,85532.54448282413,0.0,0.0,31037.48525390625,31037.48525390625,0.0,0.0,20896.469410664176,20896.469410664176,0.0,-357908.5593199254,-357908.5593199254,87823.71059656296,87823.71059656296,87723.71059656296,0.0,100.0,0.0,0.0,87823.71059656296,35889.755931992535,1,0.0,100.0
5678,44595.976327069744,0.0,-445959.76327069744,0.0,10.0,0.0,-0.0,0.1,0.2816642119999999,28.16642119999999,0.0,0.0,100.0,1.0,0.08,-8.0,-1150.5516521102368,1150.5516521102368,0.0,-1150.5516521102368,1150.5516521102368,0.0,-86526.23248620579,86526.23248620579,0.0,0.0,26026.614140625,26026.614140625,0.0,0.0,18104.745322731527,18104.745322731527,0.0,-445967.76327069744,-445967.76327069744,88827.33579042627,88827.33579042627,88727.33579042627,0.0,100.0,0.0,0.0,88827.33579042627,44695.976327069744,1,0.0,100.0
5679,57160.59191502078,0.0,-571605.9191502078,0.0,10.0,0.0,-0.0,0.1,0.281507677,28.150767700000003,0.0,0.0,100.0,1.0,0.08,-8.0,-1044.3635731124216,1044.3635731124216,0.0,-1044.3635731124216,1044.3635731124216,0.0,-90130.05634098848,90130.05634098848,0.0,0.0,19258.198681640624,19258.198681640624,0.0,0.0,15699.99289055192,15699.99289055192,0.0,-571613.9191502078,-571613.9191502078,92218.78348721332,92218.78348721332,92118.78348721332,0.0,100.0,0.0,0.0,92218.78348721332,57260.59191502078,1,0.0,100.0
5680,62499.55152100962,0.0,-624995.5152100963,0.0,10.0,0.0,-0.0,0.1,0.283059548,28.3059548,0.0,0.0,100.0,1.0,0.08,-8.0,-902.744293630762,902.744293630762,0.0,-902.744293630762,902.744293630762,0.0,-82932.1486885423,82932.1486885423,0.0,0.0,11966.259375,11966.259375,0.0,0.0,10171.826379794202,10171.826379794202,0.0,-625003.5152100963,-625003.5152100963,84737.63727580382,84737.63727580382,84637.63727580382,0.0,100.0,0.0,0.0,84737.63727580382,62599.55152100962,1,0.0,100.0
5681,61767.433047411774,0.0,-617674.3304741178,0.0,10.0,0.0,-0.0,0.1,0.294555886,29.4555886,0.0,0.0,100.0,1.0,0.11,-11.0,-694.0258308988039,694.0258308988039,0.0,-694.0258308988039,694.0258308988039,0.0,-69704.68509735557,69704.68509735557,0.0,0.0,4636.9255078125,4636.9255078125,0.0,0.0,4588.378203928906,4588.378203928906,0.0,-617685.3304741178,-617685.3304741178,71092.73675915318,71092.73675915318,70992.73675915318,0.0,100.0,0.0,0.0,71092.73675915318,61867.433047411774,1,0.0,100.0
5682,69277.35927450877,0.0,-692773.5927450877,0.0,10.0,0.0,-0.0,0.1,0.310908798,31.0908798,0.0,0.0,100.0,1.0,0.11,-11.0,-697.7284131851249,697.7284131851249,0.0,-697.7284131851249,697.7284131851249,0.0,-69315.14381642225,69315.14381642225,0.0,0.0,448.7347265625,448.7347265625,0.0,0.0,884.5066417212349,884.5066417212349,0.0,-692784.5927450877,-692784.5927450877,70710.6006427925,70710.6006427925,70610.6006427925,0.0,100.0,0.0,0.0,70710.6006427925,69377.35927450877,1,0.0,100.0
5683,61839.46639233864,0.0,-618394.6639233864,0.0,10.0,0.0,-0.0,0.1,0.314348075,31.4348075,0.0,0.0,100.0,1.0,0.11,-11.0,-560.762595082451,560.762595082451,0.0,-560.762595082451,560.762595082451,0.0,-60817.94120217374,60817.94120217374,0.0,0.0,0.0,0.0,0.0,0.0,0.0,0.0,0.0,-618405.6639233864,-618405.6639233864,61939.46639233864,61939.46639233864,61839.46639233864,0.0,100.0,0.0,0.0,61939.46639233864,61939.46639233864,1,0.0,100.0
5684,59581.98795222532,0.0,-595819.8795222532,0.0,10.0,0.0,-0.0,0.1,0.322882534,32.2882534,0.0,0.0,100.0,1.0,0.11,-11.0,-204.0417775761715,204.0417775761715,0.0,-204.0417775761715,204.0417775761715,0.0,-59273.904397072976,59273.904397072976,0.0,0.0,0.0,0.0,0.0,0.0,0.0,0.0,0.0,-595830.8795222532,-595830.8795222532,59681.98795222532,59681.98795222532,59581.98795222532,0.0,100.0,0.0,0.0,59681.98795222532,59681.98795222532,1,0.0,100.0
5685,21429.988326015216,0.0,-214299.88326015216,0.0,10.0,0.0,-0.0,0.1,0.333955322,33.3955322,0.0,0.0,100.0,1.0,0.11,-11.0,-203.99630535441543,203.99630535441543,0.0,-203.99630535441543,203.99630535441543,0.0,-21121.995715306384,21121.995715306384,0.0,0.0,0.0,0.0,0.0,0.0,0.0,0.0,0.0,-214310.88326015216,-214310.88326015216,21529.988326015216,21529.988326015216,21429.988326015216,0.0,100.0,0.0,0.0,21529.988326015216,21529.988326015216,1,0.0,100.0
5686,18451.087497226203,0.0,-184510.874972262,0.0,10.0,0.0,-0.0,0.1,0.337246,33.7246,0.0,0.0,100.0,1.0,0.11,-11.0,-206.83506944695543,206.83506944695543,0.0,-206.83506944695543,206.83506944695543,0.0,-18137.41735833229,18137.41735833229,0.0,0.0,0.0,0.0,0.0,0.0,0.0,0.0,0.0,-184521.874972262,-184521.874972262,18551.087497226203,18551.087497226203,18451.087497226203,0.0,100.0,0.0,0.0,18551.087497226203,18551.087497226203,1,0.0,100.0
5687,17706.01829561179,0.0,-177060.1829561179,0.0,10.0,0.0,-0.0,0.1,0.338690473,33.8690473,0.0,0.0,100.0,1.0,0.11,-11.0,-203.77565390947817,203.77565390947817,0.0,-203.77565390947817,203.77565390947817,0.0,-17398.46698779283,17398.46698779283,0.0,0.0,0.0,0.0,0.0,0.0,0.0,0.0,0.0,-177071.1829561179,-177071.1829561179,17806.01829561179,17806.01829561179,17706.01829561179,0.0,100.0,0.0,0.0,17806.01829561179,17806.01829561179,1,0.0,100.0
5688,14692.500225243593,0.0,-146925.00225243592,0.0,10.0,0.0,-0.0,0.1,0.340831932,34.083193200000004,0.0,0.0,100.0,1.0,0.08,-8.0,-203.69421043666424,203.69421043666424,0.0,-203.69421043666424,203.69421043666424,0.0,-14385.111804370265,14385.111804370265,0.0,0.0,0.0,0.0,0.0,0.0,0.0,0.0,0.0,-146933.00225243592,-146933.00225243592,14792.500225243593,14792.500225243593,14692.500225243593,0.0,100.0,0.0,0.0,14792.500225243593,14792.500225243593,1,0.0,100.0
5689,14692.40687793121,0.0,-146924.0687793121,0.0,10.0,0.0,-0.0,0.1,0.334698754,33.4698754,0.0,0.0,100.0,1.0,0.08,-8.0,-203.64753375748543,203.64753375748543,0.0,-203.64753375748543,203.64753375748543,0.0,-14385.111810416238,14385.111810416238,0.0,0.0,0.0,0.0,0.0,0.0,0.0,0.0,0.0,-146932.0687793121,-146932.0687793121,14792.40687793121,14792.40687793121,14692.40687793121,0.0,100.0,0.0,0.0,14792.40687793121,14792.40687793121,1,0.0,100.0
5690,14692.330424655122,0.0,-146923.3042465512,0.0,10.0,0.0,-0.0,0.1,0.347957767,34.7957767,0.0,0.0,100.0,1.0,0.08,-8.0,-203.6093040964578,203.6093040964578,0.0,-203.6093040964578,203.6093040964578,0.0,-14385.111816462206,14385.111816462206,0.0,0.0,0.0,0.0,0.0,0.0,0.0,0.0,0.0,-146931.3042465512,-146931.3042465512,14792.330424655122,14792.330424655122,14692.330424655122,0.0,100.0,0.0,0.0,14792.330424655122,14792.330424655122,1,0.0,100.0
5691,15433.524864919962,0.0,-154335.2486491996,0.0,10.0,0.0,-0.0,0.1,0.334065519,33.4065519,0.0,0.0,100.0,1.0,0.08,-8.0,-204.7313359361605,204.7313359361605,0.0,-204.7313359361605,204.7313359361605,0.0,-15124.06219304764,15124.06219304764,0.0,0.0,0.0,0.0,0.0,0.0,0.0,0.0,0.0,-154343.2486491996,-154343.2486491996,15533.524864919962,15533.524864919962,15433.524864919962,0.0,100.0,0.0,0.0,15533.524864919962,15533.524864919962,1,0.0,100.0
5692,16911.27355790205,0.0,-169112.7355790205,0.0,10.0,0.0,-0.0,0.1,0.307580515,30.7580515,0.0,0.0,100.0,1.0,0.08,-8.0,-204.6153812811336,204.6153812811336,0.0,-204.6153812811336,204.6153812811336,0.0,-16602.04279533978,16602.04279533978,0.0,0.0,0.0,0.0,0.0,0.0,0.0,0.0,0.0,-169120.7355790205,-169120.7355790205,17011.27355790205,17011.27355790205,16911.27355790205,0.0,100.0,0.0,0.0,17011.27355790205,17011.27355790205,1,0.0,100.0
5693,43032.62754732182,0.0,-430326.2754732182,0.0,10.0,0.0,-0.0,0.1,0.2938206319999999,29.38206319999999,0.0,0.0,100.0,1.0,0.11,-11.0,-198.6703800738601,198.6703800738601,0.0,-198.6703800738601,198.6703800738601,0.0,-43370.99431647097,43370.99431647097,0.0,0.0,635.707529296875,635.707529296875,0.0,0.0,0.0,0.0,0.0,-430337.2754732182,-430337.2754732182,43768.33507661869,43768.33507661869,43668.33507661869,0.0,100.0,0.0,0.0,43768.33507661869,43132.62754732182,1,0.0,100.0
5694,40399.37462668767,0.0,-403993.7462668767,0.0,10.0,0.0,-0.0,0.1,0.275328419,27.532841899999998,0.0,0.0,100.0,1.0,0.11,-11.0,-168.41449275447553,168.41449275447553,0.0,-168.41449275447553,168.41449275447553,0.0,-46492.0433404742,46492.0433404742,0.0,0.0,5085.660234375,5085.660234375,0.0,0.0,1243.8374649204866,1243.8374649204866,0.0,-404004.7462668767,-404004.7462668767,46828.87232598316,46828.87232598315,46728.87232598316,0.0,100.0,0.0,0.0,46828.87232598315,40499.37462668767,1,0.0,100.0
5695,49102.68578660128,0.0,-491026.8578660128,0.0,10.0,0.0,-0.0,0.1,0.273160324,27.3160324,0.0,0.0,100.0,1.0,0.11,-11.0,-168.5239552810631,168.5239552810631,0.0,-168.5239552810631,168.5239552810631,0.0,-64514.641005835176,64514.641005835176,0.0,0.0,11779.286572265624,11779.286572265624,0.0,0.0,3869.716557530403,3869.716557530403,0.0,-491037.8578660128,-491037.8578660128,64851.68891639731,64851.6889163973,64751.68891639731,0.0,100.0,0.0,0.0,64851.6889163973,49202.68578660127,1,0.0,100.0
5696,33423.84417637877,0.0,-334238.4417637877,0.0,10.0,0.0,-0.0,0.1,0.270609339,27.060933900000002,0.0,0.0,100.0,1.0,0.11,-11.0,-198.69747844114977,198.69747844114977,0.0,-198.69747844114977,198.69747844114977,0.0,-63161.30027482344,63161.30027482344,0.0,0.0,19669.53884765625,19669.53884765625,0.0,0.0,10365.312207670722,10365.312207670722,0.0,-334249.4417637877,-334249.4417637877,63558.695231705744,63558.695231705744,63458.695231705744,0.0,100.0,0.0,0.0,63558.695231705744,33523.84417637877,1,0.0,100.0
5697,23885.345308980013,0.0,-238853.45308980014,0.0,10.0,0.0,-0.0,0.1,0.272175979,27.2175979,0.0,0.0,100.0,1.0,0.11,-11.0,-259.43287102323586,259.43287102323586,0.0,-259.43287102323586,259.43287102323586,0.0,-60842.22828550814,60842.22828550814,0.0,0.0,23334.20578125,23334.20578125,0.0,0.0,14041.542937324604,14041.542937324604,0.0,-238864.45308980014,-238864.45308980014,61361.094027554616,61361.094027554616,61261.094027554616,0.0,100.0,0.0,0.0,61361.094027554616,23985.345308980017,1,0.0,100.0
5698,20361.09136790256,0.0,-203610.9136790256,0.0,10.0,0.0,-0.0,0.1,0.285206286,28.5206286,0.0,0.0,100.0,1.0,0.11,-11.0,-341.8879678607989,341.8879678607989,0.0,-341.8879678607989,341.8879678607989,0.0,-61201.77823165404,61201.77823165404,0.0,0.0,20417.43005859375,20417.43005859375,0.0,0.0,21007.03274087933,21007.03274087933,0.0,-203621.9136790256,-203621.9136790256,61885.554167375645,61885.55416737564,61785.554167375645,0.0,100.0,0.0,0.0,61885.55416737564,20461.091367902554,1,0.0,100.0
5699,5395.000859711905,0.0,-53950.00859711905,0.0,10.0,0.0,-0.0,0.1,0.309983837,30.998383699999998,0.0,0.0,100.0,1.0,0.11,-11.0,-318.0246931234377,318.0246931234377,0.0,-318.0246931234377,318.0246931234377,0.0,-61631.608947493405,61631.608947493405,0.0,0.0,32421.083994140623,32421.083994140623,0.0,0.0,24351.57347988775,24351.57347988775,0.0,-53961.00859711905,-53961.00859711905,62267.65833374027,62267.65833374028,62167.65833374027,0.0,100.0,0.0,0.0,62267.65833374028,5495.000859711909,1,0.0,100.0
5700,15412.806646828092,0.0,-154128.06646828091,0.0,10.0,0.0,-0.0,0.1,0.3217565189999999,32.17565189999999,0.0,0.0,100.0,1.0,0.11,-11.0,-365.1691956826486,365.1691956826486,0.0,-365.1691956826486,365.1691956826486,0.0,-62627.6111062214,62627.6111062214,0.0,0.0,22885.4710546875,22885.4710546875,0.0,0.0,24959.6717960711,24959.6717960711,0.0,-154139.06646828091,-154139.06646828091,63357.949497586684,63357.94949758669,63257.949497586684,0.0,100.0,0.0,0.0,63357.94949758669,15512.806646828096,1,0.0,100.0
5701,0.0,0.0,-0.0,55.55555555555556,10.0,0.0,-0.0,0.1,0.322956313,0.0,0.0,100.0,0.0,1.0,0.11,0.0,-351.37593986683447,351.37593986683447,0.0,-351.37593986683447,351.37593986683447,0.0,-47807.63447588161,47807.63447588161,0.0,0.0,24269.06979492188,24269.06979492188,0.0,811.567172806248,25208.4392890552,24396.872116248953,0.0,0.0,0.0,48665.941911170834,48665.941911170834,48665.941911170834,0.0,0.0,155.55555555555475,0.0,48510.38635561528,-967.1227283618064,1,-55.55555555555556,-100.0
5702,7180.844608944768,0.0,-71808.44608944768,0.0,60.0,45.0,-0.0,0.6,0.318643694,31.864369399999998,0.0,0.0,100.0,1.0,0.08,-8.0,-374.5203908493905,374.5203908493905,0.0,-374.5203908493905,374.5203908493905,0.0,-48245.17306542675,48245.17306542675,0.0,0.0,20080.879013671874,20080.879013671874,0.0,0.0,21587.49022450889,21587.49022450889,0.0,-71816.44608944768,-71816.44608944768,48994.21384712553,48994.21384712553,48849.21384712553,0.0,145.0,0.0,0.0,48994.21384712553,7325.844608944768,1,45.0,100.0
5703,21771.11365558358,0.0,-217711.1365558358,0.0,10.0,0.0,-0.0,0.1,0.315306405,31.5306405,0.0,0.0,100.0,1.0,0.08,-8.0,-359.81913752898066,359.81913752898066,0.0,-359.81913752898066,359.81913752898066,0.0,-51654.884812803895,51654.884812803895,0.0,0.0,13835.98740234375,13835.98740234375,0.0,0.0,16667.42202993452,16667.42202993452,0.0,-217719.1365558358,-217719.1365558358,52374.523087861846,52374.52308786185,52274.523087861846,0.0,100.0,0.0,0.0,52374.52308786185,21871.113655583584,1,0.0,100.0
5704,28672.977031375332,0.0,-286729.77031375334,0.0,10.0,0.0,-0.0,0.1,0.328856537,32.8856537,0.0,0.0,100.0,1.0,0.08,-8.0,-369.4758097680764,369.4758097680764,0.0,-369.4758097680764,369.4758097680764,0.0,-48821.07755210974,48821.07755210974,0.0,0.0,9647.79662109375,9647.79662109375,0.0,0.0,11139.255519176802,11139.255519176802,0.0,-286737.77031375334,-286737.77031375334,49560.02917164589,49560.02917164589,49460.02917164589,0.0,100.0,0.0,0.0,49560.02917164589,28772.977031375336,1,0.0,100.0
5705,22246.364690561342,0.0,-222463.64690561342,0.0,10.0,0.0,-0.0,0.1,0.350738569,35.0738569,0.0,0.0,100.0,1.0,0.11,-11.0,-340.8165649909454,340.8165649909454,0.0,-340.8165649909454,340.8165649909454,0.0,-31277.006928073894,31277.006928073894,0.0,0.0,4636.9255078125,4636.9255078125,0.0,0.0,4975.349859681946,4975.349859681946,0.0,-222474.64690561342,-222474.64690561342,31958.64005805579,31958.640058055786,31858.64005805579,0.0,100.0,0.0,0.0,31958.640058055786,22346.36469056134,1,0.0,100.0
5706,17768.14604479209,0.0,-177681.4604479209,0.0,10.0,0.0,-0.0,0.1,0.365442907,36.5442907,0.0,0.0,100.0,1.0,0.11,-11.0,-347.2759115268701,347.2759115268701,0.0,-347.2759115268701,347.2759115268701,0.0,-18524.722694582782,18524.722694582782,0.0,0.0,411.34016601562496,411.34016601562496,0.0,0.0,939.788306828812,939.788306828812,0.0,-177692.4604479209,-177692.4604479209,19219.274517636528,19219.274517636524,19119.274517636528,0.0,100.0,0.0,0.0,19219.274517636524,17868.146044792087,1,0.0,100.0
5707,20095.387003836513,0.0,-200953.87003836513,0.0,10.0,0.0,-0.0,0.1,0.367275865,36.7275865,0.0,0.0,100.0,1.0,0.11,-11.0,-318.78467337164466,318.78467337164466,0.0,-318.78467337164466,318.78467337164466,0.0,-19557.817657093223,19557.817657093223,0.0,0.0,0.0,0.0,0.0,0.0,0.0,0.0,0.0,-200964.87003836513,-200964.87003836513,20195.387003836513,20195.387003836513,20095.387003836513,0.0,100.0,0.0,0.0,20195.387003836513,20195.387003836513,1,0.0,100.0
5708,18589.974955500147,0.0,-185899.74955500147,0.0,10.0,0.0,-0.0,0.1,0.371942039,37.1942039,0.0,0.0,100.0,1.0,0.11,-11.0,-305.0024023615035,305.0024023615035,0.0,-305.0024023615035,305.0024023615035,0.0,-18079.97015077714,18079.97015077714,0.0,0.0,0.0,0.0,0.0,0.0,0.0,0.0,0.0,-185910.74955500147,-185910.74955500147,18689.974955500147,18689.974955500147,18589.974955500147,0.0,100.0,0.0,0.0,18689.974955500147,18689.974955500147,1,0.0,100.0
5709,16969.17642166645,0.0,-169691.76421666448,0.0,10.0,0.0,-0.0,0.1,0.3677759229999999,36.77759229999999,0.0,0.0,100.0,1.0,0.11,-11.0,-233.60674981591413,233.60674981591413,0.0,-233.60674981591413,233.60674981591413,0.0,-16601.96292203462,16601.96292203462,0.0,0.0,0.0,0.0,0.0,0.0,0.0,0.0,0.0,-169702.76421666448,-169702.76421666448,17069.17642166645,17069.17642166645,16969.17642166645,0.0,100.0,0.0,0.0,17069.17642166645,17069.17642166645,1,0.0,100.0
5710,15515.31365447626,0.0,-155153.1365447626,0.0,10.0,0.0,-0.0,0.1,0.3801134329999999,38.011343299999986,0.0,0.0,100.0,1.0,0.11,-11.0,-245.62573373729663,245.62573373729663,0.0,-245.62573373729663,245.62573373729663,0.0,-15124.062187001668,15124.062187001668,0.0,0.0,0.0,0.0,0.0,0.0,0.0,0.0,0.0,-155164.1365447626,-155164.1365447626,15615.31365447626,15615.31365447626,15515.31365447626,0.0,100.0,0.0,0.0,15615.31365447626,15615.31365447626,1,0.0,100.0
5711,14693.05204480039,0.0,-146930.5204480039,0.0,10.0,0.0,-0.0,0.1,0.380063587,38.0063587,0.0,0.0,100.0,1.0,0.11,-11.0,-203.97011114610748,203.97011114610748,0.0,-203.97011114610748,203.97011114610748,0.0,-14385.111822508175,14385.111822508175,0.0,0.0,0.0,0.0,0.0,0.0,0.0,0.0,0.0,-146941.5204480039,-146941.5204480039,14793.05204480039,14793.05204480039,14693.05204480039,0.0,100.0,0.0,0.0,14793.05204480039,14793.05204480039,1,0.0,100.0
5712,14692.80240683934,0.0,-146928.0240683934,0.0,10.0,0.0,-0.0,0.1,0.373027562,37.3027562,0.0,0.0,100.0,1.0,0.08,-8.0,-203.8585842298748,203.8585842298748,0.0,-203.8585842298748,203.8585842298748,0.0,-14385.085238379592,14385.085238379592,0.0,0.0,0.0,0.0,0.0,0.0,0.0,0.0,0.0,-146936.0240683934,-146936.0240683934,14792.80240683934,14792.80240683934,14692.80240683934,0.0,100.0,0.0,0.0,14792.80240683934,14792.80240683934,1,0.0,100.0
5713,14692.743230662036,0.0,-146927.43230662035,0.0,10.0,0.0,-0.0,0.1,0.381736423,38.1736423,0.0,0.0,100.0,1.0,0.08,-8.0,-203.82901125614816,203.82901125614816,0.0,-203.82901125614816,203.82901125614816,0.0,-14385.08520814974,14385.08520814974,0.0,0.0,0.0,0.0,0.0,0.0,0.0,0.0,0.0,-146935.43230662035,-146935.43230662035,14792.743230662036,14792.743230662036,14692.743230662036,0.0,100.0,0.0,0.0,14792.743230662036,14792.743230662036,1,0.0,100.0
5714,14692.740408727333,0.0,-146927.40408727335,0.0,10.0,0.0,-0.0,0.1,0.395805705,39.5805705,0.0,0.0,100.0,1.0,0.08,-8.0,-203.82760633476684,203.82760633476684,0.0,-203.82760633476684,203.82760633476684,0.0,-14385.0851960578,14385.0851960578,0.0,0.0,0.0,0.0,0.0,0.0,0.0,0.0,0.0,-146935.40408727335,-146935.40408727335,14792.740408727333,14792.740408727333,14692.740408727333,0.0,100.0,0.0,0.0,14792.740408727333,14792.740408727333,1,0.0,100.0
5715,15434.081926376786,0.0,-154340.81926376786,0.0,10.0,0.0,-0.0,0.1,0.36671852,36.671852,0.0,0.0,100.0,1.0,0.08,-8.0,-205.023161751852,205.023161751852,0.0,-205.023161751852,205.023161751852,0.0,-15124.035602873082,15124.035602873082,0.0,0.0,0.0,0.0,0.0,0.0,0.0,0.0,0.0,-154348.81926376786,-154348.81926376786,15534.081926376786,15534.081926376786,15434.081926376786,0.0,100.0,0.0,0.0,15534.081926376786,15534.081926376786,1,0.0,100.0
5716,16911.840479645,0.0,-169118.40479645002,0.0,10.0,0.0,-0.0,0.1,0.327949696,32.7949696,0.0,0.0,100.0,1.0,0.08,-8.0,-204.91212212496643,204.91212212496643,0.0,-204.91212212496643,204.91212212496643,0.0,-16602.01623539507,16602.01623539507,0.0,0.0,0.0,0.0,0.0,0.0,0.0,0.0,0.0,-169126.40479645002,-169126.40479645002,17011.840479645,17011.840479645,16911.840479645,0.0,100.0,0.0,0.0,17011.840479645,17011.840479645,1,0.0,100.0
5717,16232.269440102076,0.0,-162322.69440102077,0.0,10.0,0.0,-0.0,0.1,0.295600586,29.5600586,0.0,0.0,100.0,1.0,0.11,-11.0,-198.6702108657097,198.6702108657097,0.0,-198.6702108657097,198.6702108657097,0.0,-16458.452866026906,16458.452866026906,0.0,0.0,523.5238476562499,523.5238476562499,0.0,0.0,0.0,0.0,0.0,-162333.69440102077,-162333.69440102077,16855.793287758326,16855.793287758326,16755.793287758326,0.0,100.0,0.0,0.0,16855.793287758326,16332.269440102076,1,0.0,100.0
5718,15509.830130337774,0.0,-155098.30130337772,0.0,10.0,0.0,-0.0,0.1,0.2750690719999999,27.50690719999999,0.0,0.0,100.0,1.0,0.11,-11.0,-168.3781156381707,168.3781156381707,0.0,-168.3781156381707,168.3781156381707,0.0,-19638.57861337351,19638.57861337351,0.0,0.0,2430.6464355468747,2430.6464355468747,0.0,0.0,1934.8582787652008,1934.8582787652008,0.0,-155109.30130337772,-155109.30130337772,19975.33484464985,19975.33484464985,19875.33484464985,0.0,100.0,0.0,0.0,19975.33484464985,15609.830130337774,1,0.0,100.0
5719,25332.215573294063,0.0,-253322.15573294062,0.0,10.0,0.0,-0.0,0.1,0.270129768,27.0129768,0.0,0.0,100.0,1.0,0.11,-11.0,-168.50861453708694,168.50861453708694,0.0,-168.50861453708694,168.50861453708694,0.0,-37757.62416230338,37757.62416230338,0.0,0.0,6581.442656249999,6581.442656249999,0.0,0.0,6080.98316183349,6080.98316183349,0.0,-253333.15573294062,-253333.15573294062,38094.641391377554,38094.641391377554,37994.641391377554,0.0,100.0,0.0,0.0,38094.641391377554,25432.215573294066,1,0.0,100.0
5720,5342.50404198348,0.0,-53425.040419834804,0.0,10.0,0.0,-0.0,0.1,0.268698432,26.8698432,0.0,0.0,100.0,1.0,0.11,-11.0,-216.04310568984056,216.04310568984056,0.0,-216.04310568984056,216.04310568984056,0.0,-35481.10403997003,35481.10403997003,0.0,0.0,17949.3890625,17949.3890625,0.0,0.0,12521.297146866233,12521.297146866233,0.0,-53436.040419834804,-53436.040419834804,35913.19025134971,35913.19025134971,35813.19025134971,0.0,100.0,0.0,0.0,35913.19025134971,5442.50404198348,1,0.0,100.0
5721,0.0,0.0,-0.0,55.55555555555556,10.0,0.0,-0.0,0.1,0.270103955,0.0,0.0,100.0,0.0,1.0,0.11,0.0,-295.34901219147747,295.34901219147747,0.0,-295.34901219147747,295.34901219147747,0.0,-36018.375735801055,36018.375735801055,0.0,0.0,25540.484853515623,25540.484853515623,0.0,7626.903339459881,18851.04780168382,11224.14446222394,0.0,0.0,0.0,36764.62931573956,36764.62931573956,36764.62931573956,0.0,0.0,155.55555555555475,0.0,36609.07376018401,-7782.458895015436,1,-55.55555555555556,-100.0
5722,0.0,0.0,-0.0,44.44444444444444,60.0,0.0,-0.0,0.6,0.286770046,0.0,0.0,100.0,0.0,1.0,0.11,0.0,-321.2549654610572,321.2549654610572,0.0,-321.2549654610572,321.2549654610572,0.0,-19867.134900127712,19867.134900127712,0.0,7840.565861224477,28494.65513671875,20654.089275494272,0.0,22250.870205799816,22250.870205799816,0.0,0.0,0.0,0.0,20654.089275494272,20654.089275494272,20654.089275494272,0.0,0.0,144.44444444444525,0.0,20509.644831049827,-30235.88051146874,1,-44.44444444444444,-100.0
5723,0.0,0.0,-0.0,0.0,100.0,-0.0,-0.0,1.0,0.318218865,0.0,0.0,100.0,0.0,1.0,0.11,0.0,-352.744939579616,352.744939579616,0.0,-352.744939579616,352.744939579616,0.0,-30982.381215975445,30982.381215975445,0.0,0.0,31635.79822265625,31635.79822265625,0.0,24033.65561208659,24185.728484565017,152.0728724784276,0.0,0.0,0.0,31787.871095134677,31787.871095134677,31787.871095134677,0.0,0.0,100.0,0.0,31687.871095134677,-24133.65561208659,1,-0.0,-100.0
5724,0.0,0.0,-0.0,0.0,100.0,-0.0,-0.0,1.0,0.343056362,0.0,0.0,100.0,0.0,1.0,0.11,0.0,-338.2395669112827,338.2395669112827,0.0,-338.2395669112827,338.2395669112827,0.0,-38047.628177999984,38047.628177999984,0.0,0.0,30289.59404296875,30289.59404296875,0.0,16425.158527217303,24959.6717960711,8534.513268853796,0.0,0.0,0.0,38824.10731182255,38824.10731182255,38824.10731182255,0.0,0.0,100.0,0.0,38724.10731182255,-16525.158527217303,1,-0.0,-100.0
5725,0.0,0.0,-0.0,0.0,100.0,-0.0,-0.0,1.0,0.346534488,0.0,0.0,100.0,0.0,1.0,0.11,0.0,-373.6697553261994,373.6697553261994,0.0,-373.6697553261994,373.6697553261994,0.0,-33182.44346187534,33182.44346187534,0.0,0.0,20305.246376953124,20305.246376953124,0.0,9936.016070468431,23660.55266604304,13724.53659557461,0.0,0.0,0.0,34029.78297252773,34029.78297252773,34029.78297252773,0.0,0.0,100.0,0.0,33929.78297252773,-10036.016070468431,1,-0.0,-100.0
5726,4448.15405865289,0.0,-44481.5405865289,0.0,100.0,45.0,-0.0,1.0,0.3489120579999999,34.891205799999994,0.0,0.0,100.0,1.0,0.08,-8.0,-353.12640086063544,353.12640086063544,0.0,-353.12640086063544,353.12640086063544,0.0,-32554.89461676339,32554.89461676339,0.0,0.0,8600.74892578125,8600.74892578125,0.0,0.0,20067.24443405052,20067.24443405052,0.0,-44489.5405865289,-44489.5405865289,33261.14741848466,33261.14741848466,33116.14741848466,0.0,145.0,0.0,0.0,33261.14741848466,4593.154058652886,1,45.0,100.0
5727,8411.001145887696,0.0,-84110.01145887696,0.0,50.0,36.0,-0.0,0.5,0.348344081,34.834408100000005,0.0,0.0,100.0,1.0,0.08,-8.0,-392.8087970409344,392.8087970409344,0.0,-392.8087970409344,392.8087970409344,0.0,-38887.44284365642,38887.44284365642,0.0,0.0,15481.34806640625,15481.34806640625,0.0,0.0,15644.711225444344,15644.711225444344,0.0,-84118.01145887696,-84118.01145887696,39673.06043773829,39673.06043773829,39537.06043773829,0.0,136.0,0.0,0.0,39673.06043773829,8547.001145887698,1,36.0,100.0
5728,5634.659267975867,0.0,-56346.59267975867,0.0,10.0,0.0,-0.0,0.1,0.3536714489999999,35.36714489999999,0.0,0.0,100.0,1.0,0.08,-8.0,-361.4186479903848,361.4186479903848,0.0,-361.4186479903848,361.4186479903848,0.0,-25148.456942378485,25148.456942378485,0.0,0.0,10545.266074218747,10545.266074218747,0.0,0.0,9591.368896164642,9591.368896164642,0.0,-56354.59267975867,-56354.59267975867,25871.29423835926,25871.294238359256,25771.29423835926,0.0,100.0,0.0,0.0,25871.294238359256,5734.659267975865,1,0.0,100.0
5729,11492.594529345526,0.0,-114925.94529345527,0.0,10.0,0.0,-0.0,0.1,0.373142298,37.3142298,0.0,0.0,100.0,1.0,0.11,-11.0,-379.0782290372432,379.0782290372432,0.0,-379.0782290372432,379.0782290372432,0.0,-17936.353588967926,17936.353588967926,0.0,0.0,3066.35396484375,3066.35396484375,0.0,0.0,4035.5615528531343,4035.5615528531343,0.0,-114936.94529345527,-114936.94529345527,18694.51004704241,18694.51004704241,18594.51004704241,0.0,100.0,0.0,0.0,18694.51004704241,11592.594529345526,1,0.0,100.0
5730,17966.749906680274,0.0,-179667.49906680273,0.0,10.0,0.0,-0.0,0.1,0.396419637,39.6419637,0.0,0.0,100.0,1.0,0.11,-11.0,-340.12114928413183,340.12114928413183,0.0,-340.12114928413183,340.12114928413183,0.0,-18524.642797093755,18524.642797093755,0.0,0.0,336.551044921875,336.551044921875,0.0,0.0,801.5841440598691,801.5841440598691,0.0,-179678.49906680273,-179678.49906680273,19204.88509566202,19204.88509566202,19104.88509566202,0.0,100.0,0.0,0.0,19204.88509566202,18066.749906680274,1,0.0,100.0
5731,20171.771004280505,0.0,-201717.71004280506,0.0,10.0,0.0,-0.0,0.1,0.408450899,40.8450899,0.0,0.0,100.0,1.0,0.11,-11.0,-357.0165890853239,357.0165890853239,0.0,-357.0165890853239,357.0165890853239,0.0,-19557.737826109857,19557.737826109857,0.0,0.0,0.0,0.0,0.0,0.0,0.0,0.0,0.0,-201728.71004280506,-201728.71004280506,20271.771004280505,20271.771004280505,20171.771004280505,0.0,100.0,0.0,0.0,20271.771004280505,20271.771004280505,1,0.0,100.0
5732,18636.48606838052,0.0,-186364.8606838052,0.0,10.0,0.0,-0.0,0.1,0.40613043,40.613043,0.0,0.0,100.0,1.0,0.11,-11.0,-328.28453990729145,328.28453990729145,0.0,-328.28453990729145,328.28453990729145,0.0,-18079.916988565936,18079.916988565936,0.0,0.0,0.0,0.0,0.0,0.0,0.0,0.0,0.0,-186375.8606838052,-186375.8606838052,18736.48606838052,18736.48606838052,18636.48606838052,0.0,100.0,0.0,0.0,18736.48606838052,18736.48606838052,1,0.0,100.0
5733,17112.719150114095,0.0,-171127.19150114094,0.0,10.0,0.0,-0.0,0.1,0.411186661,41.1186661,0.0,0.0,100.0,1.0,0.11,-11.0,-305.3914000580587,305.3914000580587,0.0,-305.3914000580587,305.3914000580587,0.0,-16601.936349997977,16601.936349997977,0.0,0.0,0.0,0.0,0.0,0.0,0.0,0.0,0.0,-171138.19150114094,-171138.19150114094,17212.719150114095,17212.719150114095,17112.719150114095,0.0,100.0,0.0,0.0,17212.719150114095,17212.719150114095,1,0.0,100.0
5734,15559.738896097633,0.0,-155597.38896097633,0.0,10.0,0.0,-0.0,0.1,0.41500849,41.500849,0.0,0.0,100.0,1.0,0.11,-11.0,-267.8516435892915,267.8516435892915,0.0,-267.8516435892915,267.8516435892915,0.0,-15124.03560891905,15124.03560891905,0.0,0.0,0.0,0.0,0.0,0.0,0.0,0.0,0.0,-155608.38896097633,-155608.38896097633,15659.738896097633,15659.738896097633,15559.738896097633,0.0,100.0,0.0,0.0,15659.738896097633,15659.738896097633,1,0.0,100.0
5735,14739.967433502992,0.0,-147399.6743350299,0.0,10.0,0.0,-0.0,0.1,0.414819599,41.4819599,0.0,0.0,100.0,1.0,0.11,-11.0,-227.4411156996111,227.4411156996111,0.0,-227.4411156996111,227.4411156996111,0.0,-14385.08520210377,14385.08520210377,0.0,0.0,0.0,0.0,0.0,0.0,0.0,0.0,0.0,-147410.6743350299,-147410.6743350299,14839.967433502992,14839.967433502992,14739.967433502992,0.0,100.0,0.0,0.0,14839.967433502992,14839.967433502992,1,0.0,100.0
5736,17706.42002067378,0.0,-177064.2002067378,0.0,10.0,0.0,-0.0,0.1,0.420487256,42.0487256,0.0,0.0,100.0,1.0,0.08,-8.0,-203.97644691182225,203.97644691182225,0.0,-203.97644691182225,203.97644691182225,0.0,-17398.467126850137,17398.467126850137,0.0,0.0,0.0,0.0,0.0,0.0,0.0,0.0,0.0,-177072.2002067378,-177072.2002067378,17806.42002067378,17806.42002067378,17706.42002067378,0.0,100.0,0.0,0.0,17806.42002067378,17806.42002067378,1,0.0,100.0
5737,17706.251311800228,0.0,-177062.51311800227,0.0,10.0,0.0,-0.0,0.1,0.417195373,41.7195373,0.0,0.0,100.0,1.0,0.08,-8.0,-203.8920894520601,203.8920894520601,0.0,-203.8920894520601,203.8920894520601,0.0,-17398.46713289611,17398.46713289611,0.0,0.0,0.0,0.0,0.0,0.0,0.0,0.0,0.0,-177070.51311800227,-177070.51311800227,17806.251311800228,17806.251311800228,17706.251311800228,0.0,100.0,0.0,0.0,17806.251311800228,17806.251311800228,1,0.0,100.0
5738,17706.1874357442,0.0,-177061.874357442,0.0,10.0,0.0,-0.0,0.1,0.426635212,42.6635212,0.0,0.0,100.0,1.0,0.08,-8.0,-203.86014840106336,203.86014840106336,0.0,-203.86014840106336,203.86014840106336,0.0,-17398.467138942073,17398.467138942073,0.0,0.0,0.0,0.0,0.0,0.0,0.0,0.0,0.0,-177069.874357442,-177069.874357442,17806.1874357442,17806.1874357442,17706.1874357442,0.0,100.0,0.0,0.0,17806.1874357442,17806.1874357442,1,0.0,100.0
5739,18447.397523934265,0.0,-184473.97523934266,0.0,10.0,0.0,-0.0,0.1,0.404237964,40.4237964,0.0,0.0,100.0,1.0,0.08,-8.0,-204.99000118039243,204.99000118039243,0.0,-204.99000118039243,204.99000118039243,0.0,-18137.41752157348,18137.41752157348,0.0,0.0,0.0,0.0,0.0,0.0,0.0,0.0,0.0,-184481.97523934266,-184481.97523934266,18547.397523934265,18547.397523934265,18447.397523934265,0.0,100.0,0.0,0.0,18547.397523934265,18547.397523934265,1,0.0,100.0
5740,21431.83013156566,0.0,-214318.3013156566,0.0,10.0,0.0,-0.0,0.1,0.350143657,35.0143657,0.0,0.0,100.0,1.0,0.08,-8.0,-204.8771505576696,204.8771505576696,0.0,-204.8771505576696,204.8771505576696,0.0,-21122.07583045032,21122.07583045032,0.0,0.0,0.0,0.0,0.0,0.0,0.0,0.0,0.0,-214326.3013156566,-214326.3013156566,21531.83013156566,21531.83013156566,21431.83013156566,0.0,100.0,0.0,0.0,21531.83013156566,21531.83013156566,1,0.0,100.0
5741,44937.6540536265,0.0,-449376.540536265,0.0,10.0,0.0,-0.0,0.1,0.319178391,31.917839100000002,0.0,0.0,100.0,1.0,0.11,-11.0,-457.0294129520768,457.0294129520768,0.0,-457.0294129520768,457.0294129520768,0.0,-44609.72451483172,44609.72451483172,0.0,0.0,486.129287109375,486.129287109375,0.0,0.0,0.0,0.0,0.0,-449387.540536265,-449387.540536265,45523.78334073588,45523.78334073588,45423.78334073588,0.0,100.0,0.0,0.0,45523.78334073588,45037.6540536265,1,0.0,100.0
5742,51033.68636370548,0.0,-510336.8636370548,0.0,10.0,0.0,-0.0,0.1,0.297186643,29.718664299999997,0.0,0.0,100.0,1.0,0.11,-11.0,-477.3830077992741,477.3830077992741,0.0,-477.3830077992741,477.3830077992741,0.0,-57196.22977783645,57196.22977783645,0.0,0.0,4225.585341796875,4225.585341796875,0.0,0.0,2791.724087932648,2791.724087932648,0.0,-510347.8636370548,-510347.8636370548,58150.995793435,58150.995793435,58050.995793435,0.0,100.0,0.0,0.0,58150.995793435,51133.68636370548,1,0.0,100.0
5743,74532.72088158978,0.0,-745327.2088158978,0.0,10.0,0.0,-0.0,0.1,0.281309571,28.130957099999996,0.0,0.0,100.0,1.0,0.11,-11.0,-754.804184693862,754.804184693862,0.0,-754.804184693862,754.804184693862,0.0,-92706.83597318888,92706.83597318888,0.0,0.0,12452.388662109375,12452.388662109375,0.0,0.0,7131.334798877457,7131.334798877457,0.0,-745338.2088158978,-745338.2088158978,94216.44434257661,94216.44434257661,94116.44434257661,0.0,100.0,0.0,0.0,94216.44434257661,74632.72088158978,1,0.0,100.0
5744,61299.40089638563,0.0,-612994.0089638564,0.0,10.0,0.0,-0.0,0.1,0.282453269,28.245326900000002,0.0,0.0,100.0,1.0,0.11,-11.0,-818.8553835386028,818.8553835386028,0.0,-818.8553835386028,818.8553835386028,0.0,-92014.32081408064,92014.32081408064,0.0,0.0,19482.56604492188,19482.56604492188,0.0,0.0,12770.064639850329,12770.064639850329,0.0,-613005.0089638564,-613005.0089638564,93652.03158115785,93652.03158115785,93552.03158115785,0.0,100.0,0.0,0.0,93652.03158115785,61399.40089638564,1,0.0,100.0
5745,49252.77942255391,0.0,-492527.7942255391,0.0,10.0,0.0,-0.0,0.1,0.28474126,28.474126,0.0,0.0,100.0,1.0,0.11,-11.0,-901.4910449290736,901.4910449290736,0.0,-901.4910449290736,901.4910449290736,0.0,-90642.3373356282,90642.3373356282,0.0,0.0,22997.654736328124,22997.654736328124,0.0,0.0,20094.885266604306,20094.885266604306,0.0,-492538.7942255391,-492538.7942255391,92445.31942548635,92445.31942548635,92345.31942548635,0.0,100.0,0.0,0.0,92445.31942548635,49352.77942255392,1,0.0,100.0
5746,39554.50191644463,0.0,-395545.0191644463,0.0,10.0,0.0,-0.0,0.1,0.299108238,29.910823800000003,0.0,0.0,100.0,1.0,0.11,-11.0,-1017.3262747346572,1017.3262747346572,0.0,-1017.3262747346572,1017.3262747346572,0.0,-92363.44684347934,92363.44684347934,0.0,0.0,30364.3831640625,30364.3831640625,0.0,0.0,24379.21431244153,24379.21431244153,0.0,-395556.0191644463,-395556.0191644463,94398.09939294866,94398.09939294866,94298.09939294866,0.0,100.0,0.0,0.0,94398.09939294866,39654.50191644463,1,0.0,100.0
5747,34783.45634997163,0.0,-347834.56349971634,0.0,10.0,0.0,-0.0,0.1,0.3440285629999999,34.40285629999999,0.0,0.0,100.0,1.0,0.11,-11.0,-1090.4766000255836,1090.4766000255836,0.0,-1090.4766000255836,1090.4766000255836,0.0,-90288.15046686752,90288.15046686752,0.0,0.0,31934.954707031247,31934.954707031247,0.0,0.0,25650.69260991581,25650.69260991581,0.0,-347845.56349971634,-347845.56349971634,92469.10366691869,92469.10366691869,92369.10366691869,0.0,100.0,0.0,0.0,92469.10366691869,34883.45634997163,1,0.0,100.0
5748,36769.86256974591,0.0,-367698.6256974591,0.0,10.0,0.0,-0.0,0.1,0.363230693,36.3230693,0.0,0.0,100.0,1.0,0.11,-11.0,-1145.2911761573137,1145.2911761573137,0.0,-1145.2911761573137,1145.2911761573137,0.0,-91721.08548153251,91721.08548153251,0.0,0.0,31187.06349609375,31187.06349609375,0.0,0.0,25954.741768007487,25954.741768007487,0.0,-367709.6256974591,-367709.6256974591,94011.66783384714,94011.66783384714,93911.66783384714,0.0,100.0,0.0,0.0,94011.66783384714,36869.86256974591,1,0.0,100.0
5749,41183.3576150553,0.0,-411833.57615055295,0.0,10.0,0.0,-0.0,0.1,0.369178378,36.9178378,0.0,0.0,100.0,1.0,0.11,-11.0,-1218.240987279505,1218.240987279505,0.0,-1218.240987279505,1218.240987279505,0.0,-91896.3438129724,91896.3438129724,0.0,0.0,28532.049697265626,28532.049697265626,0.0,0.0,24517.41847521048,24517.41847521048,0.0,-411844.57615055295,-411844.57615055295,94332.8257875314,94332.8257875314,94232.8257875314,0.0,100.0,0.0,0.0,94332.8257875314,41283.3576150553,1,0.0,100.0
5750,46018.828605444585,0.0,-460188.28605444584,0.0,10.0,0.0,-0.0,0.1,0.3609132779999999,36.09132779999999,0.0,0.0,100.0,1.0,0.08,-8.0,-1228.3813995113353,1228.3813995113353,0.0,-1228.3813995113353,1228.3813995113353,0.0,-92411.03303824634,92411.03303824634,0.0,0.0,26774.5053515625,26774.5053515625,0.0,0.0,21974.46188026193,21974.46188026193,0.0,-460196.28605444584,-460196.28605444584,94867.79583726902,94867.79583726902,94767.79583726902,0.0,100.0,0.0,0.0,94867.79583726902,46118.82860544459,1,0.0,100.0
5751,60371.60715827858,0.0,-603716.0715827858,0.0,10.0,0.0,-0.0,0.1,0.35859151,35.859151,0.0,0.0,100.0,1.0,0.08,-8.0,-1229.692257228286,1229.692257228286,0.0,-1229.692257228286,1229.692257228286,0.0,-94851.5795616574,94851.5795616574,0.0,0.0,20006.08989257813,20006.08989257813,0.0,0.0,16833.267025257253,16833.267025257253,0.0,-603724.0715827858,-603724.0715827858,97310.96407611396,97310.96407611397,97210.96407611396,0.0,100.0,0.0,0.0,97310.96407611397,60471.607158278595,1,0.0,100.0
5752,67595.34045183206,0.0,-675953.4045183206,0.0,10.0,0.0,-0.0,0.1,0.358951882,35.8951882,0.0,0.0,100.0,1.0,0.08,-8.0,-1146.0406757932728,1146.0406757932728,0.0,-1146.0406757932728,1146.0406757932728,0.0,-89004.65700952477,89004.65700952477,0.0,0.0,12489.78322265625,12489.78322265625,0.0,0.0,11111.614686623014,11111.614686623014,0.0,-675961.4045183206,-675961.4045183206,91296.73836111132,91296.73836111132,91196.73836111132,0.0,100.0,0.0,0.0,91296.73836111132,67695.34045183205,1,0.0,100.0
5753,69068.93900728987,0.0,-690689.3900728987,0.0,10.0,0.0,-0.0,0.1,0.3717017629999999,37.170176299999994,0.0,0.0,100.0,1.0,0.11,-11.0,-717.8752565097342,717.8752565097342,0.0,-717.8752565097342,717.8752565097342,0.0,-77394.2325017303,77394.2325017303,0.0,0.0,4823.898310546875,4823.898310546875,0.0,0.0,4837.145696913003,4837.145696913003,0.0,-690700.3900728987,-690700.3900728987,78829.98301474974,78829.98301474976,78729.98301474974,0.0,100.0,0.0,0.0,78829.98301474976,69168.93900728988,1,0.0,100.0
5754,76154.62711753322,0.0,-761546.2711753323,0.0,10.0,0.0,-0.0,0.1,0.379319123,37.9319123,0.0,0.0,100.0,1.0,0.11,-11.0,-698.6444598344044,698.6444598344044,0.0,-698.6444598344044,698.6444598344044,0.0,-76125.54417304748,76125.54417304748,0.0,0.0,411.34016601562496,411.34016601562496,0.0,0.0,856.8658091674463,856.8658091674463,0.0,-761557.2711753323,-761557.2711753323,77522.83309271629,77522.83309271629,77422.83309271629,0.0,100.0,0.0,0.0,77522.83309271629,76254.62711753322,1,0.0,100.0
5755,66887.0680846341,0.0,-668870.680846341,0.0,10.0,0.0,-0.0,0.1,0.38721495,38.721495,0.0,0.0,100.0,1.0,0.11,-11.0,-568.9238585762856,568.9238585762856,0.0,-568.9238585762856,568.9238585762856,0.0,-65849.22036748152,65849.22036748152,0.0,0.0,0.0,0.0,0.0,0.0,0.0,0.0,0.0,-668881.680846341,-668881.680846341,66987.0680846341,66987.0680846341,66887.0680846341,0.0,100.0,0.0,0.0,66987.0680846341,66987.0680846341,1,0.0,100.0
5756,63407.49306482497,0.0,-634074.9306482497,0.0,10.0,0.0,-0.0,0.1,0.383848765,38.3848765,0.0,0.0,100.0,1.0,0.11,-11.0,-294.3523370635368,294.3523370635368,0.0,-294.3523370635368,294.3523370635368,0.0,-62918.7883906979,62918.7883906979,0.0,0.0,0.0,0.0,0.0,0.0,0.0,0.0,0.0,-634085.9306482497,-634085.9306482497,63507.49306482497,63507.49306482497,63407.49306482497,0.0,100.0,0.0,0.0,63507.49306482497,63507.49306482497,1,0.0,100.0
5757,21481.984508531576,0.0,-214819.84508531576,0.0,10.0,0.0,-0.0,0.1,0.3832834579999999,38.328345799999994,0.0,0.0,100.0,1.0,0.11,-11.0,-229.99432103797483,229.99432103797483,0.0,-229.99432103797483,229.99432103797483,0.0,-21121.995866455625,21121.995866455625,0.0,0.0,0.0,0.0,0.0,0.0,0.0,0.0,0.0,-214830.84508531576,-214830.84508531576,21581.984508531576,21581.984508531576,21481.984508531576,0.0,100.0,0.0,0.0,21581.984508531576,21581.984508531576,1,0.0,100.0
5758,18465.93711901854,0.0,-184659.37119018543,0.0,10.0,0.0,-0.0,0.1,0.381952911,38.1952911,0.0,0.0,100.0,1.0,0.11,-11.0,-214.2598017455172,214.2598017455172,0.0,-214.2598017455172,214.2598017455172,0.0,-18137.417515527508,18137.417515527508,0.0,0.0,0.0,0.0,0.0,0.0,0.0,0.0,0.0,-184670.37119018543,-184670.37119018543,18565.93711901854,18565.93711901854,18465.93711901854,0.0,100.0,0.0,0.0,18565.93711901854,18565.93711901854,1,0.0,100.0
5759,17706.634415098557,0.0,-177066.34415098556,0.0,10.0,0.0,-0.0,0.1,0.385078314,38.5078314,0.0,0.0,100.0,1.0,0.11,-11.0,-204.0836320322728,204.0836320322728,0.0,-204.0836320322728,204.0836320322728,0.0,-17398.467151034012,17398.467151034012,0.0,0.0,0.0,0.0,0.0,0.0,0.0,0.0,0.0,-177077.34415098556,-177077.34415098556,17806.634415098557,17806.634415098557,17706.634415098557,0.0,100.0,0.0,0.0,17806.634415098557,17806.634415098557,1,0.0,100.0
5760,17706.5637970755,0.0,-177065.63797075502,0.0,10.0,0.0,-0.0,0.1,0.3930995479999999,39.30995479999999,0.0,0.0,100.0,1.0,0.08,-8.0,-204.04829581388032,204.04829581388032,0.0,-204.04829581388032,204.04829581388032,0.0,-17398.46720544774,17398.46720544774,0.0,0.0,0.0,0.0,0.0,0.0,0.0,0.0,0.0,-177073.63797075502,-177073.63797075502,17806.5637970755,17806.5637970755,17706.5637970755,0.0,100.0,0.0,0.0,17806.5637970755,17806.5637970755,1,0.0,100.0
5761,17706.49545290337,0.0,-177064.9545290337,0.0,10.0,0.0,-0.0,0.1,0.390051121,39.0051121,0.0,0.0,100.0,1.0,0.08,-8.0,-204.0141207048285,204.0141207048285,0.0,-204.0141207048285,204.0141207048285,0.0,-17398.467211493713,17398.467211493713,0.0,0.0,0.0,0.0,0.0,0.0,0.0,0.0,0.0,-177072.9545290337,-177072.9545290337,17806.49545290337,17806.49545290337,17706.49545290337,0.0,100.0,0.0,0.0,17806.49545290337,17806.49545290337,1,0.0,100.0
5762,17706.46755763866,0.0,-177064.67557638662,0.0,10.0,0.0,-0.0,0.1,0.396201486,39.6201486,0.0,0.0,100.0,1.0,0.08,-8.0,-204.00017609546032,204.00017609546032,0.0,-204.00017609546032,204.00017609546032,0.0,-17398.46720544774,17398.46720544774,0.0,0.0,0.0,0.0,0.0,0.0,0.0,0.0,0.0,-177072.67557638662,-177072.67557638662,17806.46755763866,17806.46755763866,17706.46755763866,0.0,100.0,0.0,0.0,17806.46755763866,17806.46755763866,1,0.0,100.0
5763,18457.507662634143,0.0,-184575.07662634144,0.0,10.0,0.0,-0.0,0.1,0.415581925,41.558192500000004,0.0,0.0,100.0,1.0,0.08,-8.0,-210.04504634645184,210.04504634645184,0.0,-210.04504634645184,210.04504634645184,0.0,-18137.41756994124,18137.41756994124,0.0,0.0,0.0,0.0,0.0,0.0,0.0,0.0,0.0,-184583.07662634144,-184583.07662634144,18557.507662634143,18557.507662634143,18457.507662634143,0.0,100.0,0.0,0.0,18557.507662634143,18557.507662634143,1,0.0,100.0
5764,21440.154803750007,0.0,-214401.54803750006,0.0,10.0,0.0,-0.0,0.1,0.375609032,37.5609032,0.0,0.0,100.0,1.0,0.08,-8.0,-209.0394654889472,209.0394654889472,0.0,-209.0394654889472,209.0394654889472,0.0,-21122.07587277211,21122.07587277211,0.0,0.0,0.0,0.0,0.0,0.0,0.0,0.0,0.0,-214409.54803750006,-214409.54803750006,21540.154803750007,21540.154803750007,21440.154803750007,0.0,100.0,0.0,0.0,21540.154803750007,21540.154803750007,1,0.0,100.0
5765,52977.049022532454,0.0,-529770.4902253245,0.0,10.0,0.0,-0.0,0.1,0.326820512,32.682051200000004,0.0,0.0,100.0,1.0,0.11,-11.0,-477.025420432603,477.025420432603,0.0,-477.025420432603,477.025420432603,0.0,-52646.522029323496,52646.522029323496,0.0,0.0,523.5238476562499,523.5238476562499,0.0,0.0,0.0,0.0,0.0,-529781.4902253245,-529781.4902253245,53600.572870188706,53600.572870188706,53500.572870188706,0.0,100.0,0.0,0.0,53600.572870188706,53077.049022532454,1,0.0,100.0
5766,54219.28477133796,0.0,-542192.8477133797,0.0,10.0,0.0,-0.0,0.1,0.300742777,30.074277700000003,0.0,0.0,100.0,1.0,0.11,-11.0,-498.273616344162,498.273616344162,0.0,-498.273616344162,498.273616344162,0.0,-60627.79775389534,60627.79775389534,0.0,0.0,5010.87111328125,5010.87111328125,0.0,0.0,2294.189101964453,2294.189101964453,0.0,-542203.8477133797,-542203.8477133797,61624.34498658366,61624.34498658367,61524.34498658366,0.0,100.0,0.0,0.0,61624.34498658367,54319.28477133796,1,0.0,100.0
5767,77744.99696350415,0.0,-777449.9696350414,0.0,10.0,0.0,-0.0,0.1,0.29064464,29.064464,0.0,0.0,100.0,1.0,0.11,-11.0,-761.2338898029113,761.2338898029113,0.0,-761.2338898029113,761.2338898029113,0.0,-94816.9177153091,94816.9177153091,0.0,0.0,11667.102890625,11667.102890625,0.0,0.0,6827.285640785782,6827.285640785782,0.0,-777460.9696350414,-777460.9696350414,96339.38549491492,96339.38549491492,96239.38549491492,0.0,100.0,0.0,0.0,96339.38549491492,77844.99696350415,1,0.0,100.0
5768,67398.2159214476,0.0,-673982.159214476,0.0,10.0,0.0,-0.0,0.1,0.2821104219999999,28.21104219999999,0.0,0.0,100.0,1.0,0.11,-11.0,-847.5518908459038,847.5518908459038,0.0,-847.5518908459038,847.5518908459038,0.0,-94171.50634304888,94171.50634304888,0.0,0.0,17201.4978515625,17201.4978515625,0.0,0.0,11166.896351730593,11166.896351730593,0.0,-673993.159214476,-673993.159214476,95866.61012474069,95866.61012474069,95766.61012474069,0.0,100.0,0.0,0.0,95866.61012474069,67498.2159214476,1,0.0,100.0
5769,53679.98815991099,0.0,-536799.8815991099,0.0,10.0,0.0,-0.0,0.1,0.2842959419999999,28.42959419999999,0.0,0.0,100.0,1.0,0.11,-11.0,-965.5838064671974,965.5838064671974,0.0,-965.5838064671974,965.5838064671974,0.0,-93019.43346310731,93019.43346310731,0.0,0.0,24530.83171875,24530.83171875,0.0,0.0,16639.781197380733,16639.781197380733,0.0,-536810.8815991099,-536810.8815991099,94950.60107604173,94950.60107604171,94850.60107604173,0.0,100.0,0.0,0.0,94950.60107604171,53779.98815991098,1,0.0,100.0
5770,47237.64446598184,0.0,-472376.4446598184,0.0,10.0,0.0,-0.0,0.1,0.29650719,29.650719,0.0,0.0,100.0,1.0,0.11,-11.0,-1096.5888674645,1096.5888674645,0.0,-1096.5888674645,1096.5888674645,0.0,-93090.13460907112,93090.13460907112,0.0,0.0,28569.44425781249,28569.44425781249,0.0,0.0,19376.2236202058,19376.2236202058,0.0,-472387.4446598184,-472387.4446598184,95283.31234400012,95283.31234400012,95183.31234400012,0.0,100.0,0.0,0.0,95283.31234400012,47337.64446598183,1,0.0,100.0
5771,49880.111728765376,0.0,-498801.11728765373,0.0,10.0,0.0,-0.0,0.1,0.327602609,32.7602609,0.0,0.0,100.0,1.0,0.11,-11.0,-1167.7789259566075,1167.7789259566075,0.0,-1167.7789259566075,1167.7789259566075,0.0,-89574.1475083766,89574.1475083766,0.0,0.0,31149.66893554688,31149.66893554688,0.0,0.0,10779.92469597755,10779.92469597755,0.0,-498812.11728765373,-498812.11728765373,91909.70536028981,91909.70536028981,91809.70536028981,0.0,100.0,0.0,0.0,91909.70536028981,49980.111728765376,1,0.0,100.0
5772,45068.449169136824,0.0,-450684.4916913682,0.0,10.0,0.0,-0.0,0.1,0.329509015,32.9509015,0.0,0.0,100.0,1.0,0.11,-11.0,-1211.0420913753314,1211.0420913753314,0.0,-1211.0420913753314,1211.0420913753314,0.0,-91470.67913298564,91470.67913298564,0.0,0.0,32084.53294921875,32084.53294921875,0.0,0.0,16639.781197380733,16639.781197380733,0.0,-450695.4916913682,-450695.4916913682,93892.76331573632,93892.7633157363,93792.76331573632,0.0,100.0,0.0,0.0,93892.7633157363,45168.44916913682,1,0.0,100.0
5773,55759.61692887004,0.0,-557596.1692887004,0.0,10.0,0.0,-0.0,0.1,0.329532136,32.9532136,0.0,0.0,100.0,1.0,0.11,-11.0,-1261.3859973748856,1261.3859973748856,0.0,-1261.3859973748856,1261.3859973748856,0.0,-91414.609112675,91414.609112675,0.0,0.0,31112.274375,31112.274375,0.0,0.0,6965.489803554725,6965.489803554725,0.0,-557607.1692887004,-557607.1692887004,93937.38110742476,93937.38110742476,93837.38110742476,0.0,100.0,0.0,0.0,93937.38110742476,55859.61692887004,1,0.0,100.0
5774,58054.81611789093,0.0,-580548.1611789092,0.0,10.0,0.0,-0.0,0.1,0.329054819,32.9054819,0.0,0.0,100.0,1.0,0.08,-8.0,-1274.6527624072944,1274.6527624072944,0.0,-1274.6527624072944,1274.6527624072944,0.0,-90873.91653465982,90873.91653465982,0.0,0.0,26064.008701171875,26064.008701171875,0.0,0.0,9204.3972404116,9204.3972404116,0.0,-580556.1611789092,-580556.1611789092,93423.22205947441,93423.2220594744,93323.22205947441,0.0,100.0,0.0,0.0,93423.2220594744,58154.81611789092,1,0.0,100.0
5775,72116.21020990801,0.0,-721162.1020990801,0.0,10.0,0.0,-0.0,0.1,0.337632647,33.7632647,0.0,0.0,100.0,1.0,0.08,-8.0,-1261.9711475277077,1261.9711475277077,0.0,-1261.9711475277077,1261.9711475277077,0.0,-93371.37945367392,93371.37945367392,0.0,0.0,19146.015,19146.015,0.0,0.0,4533.096538821329,4533.096538821329,0.0,-721170.1020990801,-721170.1020990801,95895.32174872933,95895.32174872933,95795.32174872933,0.0,100.0,0.0,0.0,95895.32174872933,72216.210209908,1,0.0,100.0
5776,72891.43581151671,0.0,-728914.3581151671,0.0,10.0,0.0,-0.0,0.1,0.364735517,36.4735517,0.0,0.0,100.0,1.0,0.08,-8.0,-1148.8721503367678,1148.8721503367678,0.0,-1148.8721503367678,1148.8721503367678,0.0,-86999.59321622824,86999.59321622824,0.0,0.0,11330.551845703125,11330.551845703125,0.0,0.0,4975.349859681946,4975.349859681946,0.0,-728922.3581151671,-728922.3581151671,89297.33751690178,89297.33751690178,89197.33751690178,0.0,100.0,0.0,0.0,89297.33751690178,72991.43581151671,1,0.0,100.0
5777,70664.5187409191,0.0,-706645.1874091909,0.0,10.0,0.0,-0.0,0.1,0.387587929,38.7587929,0.0,0.0,100.0,1.0,0.11,-11.0,-726.2285281572457,726.2285281572457,0.0,-726.2285281572457,726.2285281572457,0.0,-75417.2236400591,75417.2236400591,0.0,0.0,4225.585341796875,4225.585341796875,0.0,0.0,1879.576613657624,1879.576613657624,0.0,-706656.1874091909,-706656.1874091909,76869.6806963736,76869.6806963736,76769.6806963736,0.0,100.0,0.0,0.0,76869.6806963736,70764.5187409191,1,0.0,100.0
5778,76444.03220084879,0.0,-764440.3220084879,0.0,10.0,0.0,-0.0,0.1,0.404159596,40.4159596,0.0,0.0,100.0,1.0,0.11,-11.0,-716.5620786661912,716.5620786661912,0.0,-716.5620786661912,716.5620786661912,0.0,-75990.52201152097,75990.52201152097,0.0,0.0,299.156484375,299.156484375,0.0,0.0,580.4574836295604,580.4574836295604,0.0,-764451.3220084879,-764451.3220084879,77423.64616885335,77423.64616885335,77323.64616885335,0.0,100.0,0.0,0.0,77423.64616885335,76544.03220084879,1,0.0,100.0
5779,69460.28883220184,0.0,-694602.8883220184,0.0,10.0,0.0,-0.0,0.1,0.419078031,41.9078031,0.0,0.0,100.0,1.0,0.11,-11.0,-577.6633151905068,577.6633151905068,0.0,-577.6633151905068,577.6633151905068,0.0,-68404.96220182083,68404.96220182083,0.0,0.0,0.0,0.0,0.0,0.0,0.0,0.0,0.0,-694613.8883220184,-694613.8883220184,69560.28883220184,69560.28883220184,69460.28883220184,0.0,100.0,0.0,0.0,69560.28883220184,69560.28883220184,1,0.0,100.0
5780,67644.85762968611,0.0,-676448.5762968612,0.0,10.0,0.0,-0.0,0.1,0.41097517,41.097517,0.0,0.0,100.0,1.0,0.11,-11.0,-294.8476504502364,294.8476504502364,0.0,-294.8476504502364,294.8476504502364,0.0,-67155.16232878563,67155.16232878563,0.0,0.0,0.0,0.0,0.0,0.0,0.0,0.0,0.0,-676459.5762968612,-676459.5762968612,67744.85762968611,67744.85762968611,67644.85762968611,0.0,100.0,0.0,0.0,67744.85762968611,67744.85762968611,1,0.0,100.0
5781,21476.21755699622,0.0,-214762.1755699622,0.0,10.0,0.0,-0.0,0.1,0.407013137,40.7013137,0.0,0.0,100.0,1.0,0.11,-11.0,-227.1108120174646,227.1108120174646,0.0,-227.1108120174646,227.1108120174646,0.0,-21121.99593296129,21121.99593296129,0.0,0.0,0.0,0.0,0.0,0.0,0.0,0.0,0.0,-214773.1755699622,-214773.1755699622,21576.21755699622,21576.21755699622,21476.21755699622,0.0,100.0,0.0,0.0,21576.21755699622,21576.21755699622,1,0.0,100.0
5782,18462.132012784172,0.0,-184621.32012784173,0.0,10.0,0.0,-0.0,0.1,0.405757022,40.5757022,0.0,0.0,100.0,1.0,0.11,-11.0,-212.35721839848367,212.35721839848367,0.0,-212.35721839848367,212.35721839848367,0.0,-18137.417575987205,18137.417575987205,0.0,0.0,0.0,0.0,0.0,0.0,0.0,0.0,0.0,-184632.32012784173,-184632.32012784173,18562.132012784172,18562.132012784172,18462.132012784172,0.0,100.0,0.0,0.0,18562.132012784172,18562.132012784172,1,0.0,100.0
5783,17706.344046546976,0.0,-177063.44046546976,0.0,10.0,0.0,-0.0,0.1,0.4000238779999999,40.00238779999999,0.0,0.0,100.0,1.0,0.11,-11.0,-203.9384235726021,203.9384235726021,0.0,-203.9384235726021,203.9384235726021,0.0,-17398.46719940177,17398.46719940177,0.0,0.0,0.0,0.0,0.0,0.0,0.0,0.0,0.0,-177074.44046546976,-177074.44046546976,17806.344046546976,17806.344046546976,17706.344046546976,0.0,100.0,0.0,0.0,17806.344046546976,17806.344046546976,1,0.0,100.0
5784,17706.297671566434,0.0,-177062.97671566432,0.0,10.0,0.0,-0.0,0.1,0.398960263,39.896026299999996,0.0,0.0,100.0,1.0,0.08,-8.0,-203.9152088754668,203.9152088754668,0.0,-203.9152088754668,203.9152088754668,0.0,-17398.4672538155,17398.4672538155,0.0,0.0,0.0,0.0,0.0,0.0,0.0,0.0,0.0,-177070.97671566432,-177070.97671566432,17806.297671566434,17806.297671566434,17706.297671566434,0.0,100.0,0.0,0.0,17806.297671566434,17806.297671566434,1,0.0,100.0
5785,17706.26382491534,0.0,-177062.6382491534,0.0,10.0,0.0,-0.0,0.1,0.394879892,39.4879892,0.0,0.0,100.0,1.0,0.08,-8.0,-203.89828554991973,203.89828554991973,0.0,-203.89828554991973,203.89828554991973,0.0,-17398.4672538155,17398.4672538155,0.0,0.0,0.0,0.0,0.0,0.0,0.0,0.0,0.0,-177070.6382491534,-177070.6382491534,17806.26382491534,17806.26382491534,17706.26382491534,0.0,100.0,0.0,0.0,17806.26382491534,17806.26382491534,1,0.0,100.0
5786,17706.26085619968,0.0,-177062.60856199678,0.0,10.0,0.0,-0.0,0.1,0.387373981,38.7373981,0.0,0.0,100.0,1.0,0.08,-8.0,-203.8968072380597,203.8968072380597,0.0,-203.8968072380597,203.8968072380597,0.0,-17398.46724172356,17398.46724172356,0.0,0.0,0.0,0.0,0.0,0.0,0.0,0.0,0.0,-177070.60856199678,-177070.60856199678,17806.26085619968,17806.26085619968,17706.26085619968,0.0,100.0,0.0,0.0,17806.26085619968,17806.26085619968,1,0.0,100.0
5787,18447.495172578754,0.0,-184474.95172578754,0.0,10.0,0.0,-0.0,0.1,0.3549995999999999,35.499959999999994,0.0,0.0,100.0,1.0,0.08,-8.0,-205.03878015786725,205.03878015786725,0.0,-205.03878015786725,205.03878015786725,0.0,-18137.41761226302,18137.41761226302,0.0,0.0,0.0,0.0,0.0,0.0,0.0,0.0,0.0,-184482.95172578754,-184482.95172578754,18547.495172578754,18547.495172578754,18447.495172578754,0.0,100.0,0.0,0.0,18547.495172578754,18547.495172578754,1,0.0,100.0
5788,21431.765889556766,0.0,-214317.65889556764,0.0,10.0,0.0,-0.0,0.1,0.31859025,31.859025000000003,0.0,0.0,100.0,1.0,0.08,-8.0,-204.8449418866605,204.8449418866605,0.0,-204.8449418866605,204.8449418866605,0.0,-21122.076005783445,21122.076005783445,0.0,0.0,0.0,0.0,0.0,0.0,0.0,0.0,0.0,-214325.65889556764,-214325.65889556764,21531.765889556766,21531.765889556766,21431.765889556766,0.0,100.0,0.0,0.0,21531.765889556766,21531.765889556766,1,0.0,100.0
5789,57613.978117784194,0.0,-576139.781177842,0.0,10.0,0.0,-0.0,0.1,0.3060852289999999,30.60852289999999,0.0,0.0,100.0,1.0,0.11,-11.0,-426.3077790689778,426.3077790689778,0.0,-426.3077790689778,426.3077790689778,0.0,-57384.88640730249,57384.88640730249,0.0,0.0,523.5238476562499,523.5238476562499,0.0,0.0,0.0,0.0,0.0,-576150.781177842,-576150.781177842,58237.501965440446,58237.501965440446,58137.501965440446,0.0,100.0,0.0,0.0,58237.501965440446,57713.978117784194,1,0.0,100.0
5790,57702.71863866488,0.0,-577027.1863866488,0.0,10.0,0.0,-0.0,0.1,0.2892900639999999,28.92900639999999,0.0,0.0,100.0,1.0,0.11,-11.0,-423.8400936804956,423.8400936804956,0.0,-423.8400936804956,423.8400936804956,0.0,-64307.24695508955,64307.24695508955,0.0,0.0,5085.660234375,5085.660234375,0.0,0.0,2266.5482694106645,2266.5482694106645,0.0,-577038.1863866488,-577038.1863866488,65154.92714245055,65154.92714245054,65054.92714245055,0.0,100.0,0.0,0.0,65154.92714245054,57802.718638664875,1,0.0,100.0
5791,78055.08182523515,0.0,-780550.8182523515,0.0,10.0,0.0,-0.0,0.1,0.276488302,27.648830200000003,0.0,0.0,100.0,1.0,0.11,-11.0,-682.950382126729,682.950382126729,0.0,-682.950382126729,682.950382126729,0.0,-96436.31956364372,96436.31956364372,0.0,0.0,12377.599541015625,12377.599541015625,0.0,0.0,7269.5389616464,7269.5389616464,0.0,-780561.8182523515,-780561.8182523515,97802.22032789717,97802.22032789717,97702.22032789717,0.0,100.0,0.0,0.0,97802.22032789717,78155.08182523515,1,0.0,100.0
5792,64246.43483300644,0.0,-642464.3483300644,0.0,10.0,0.0,-0.0,0.1,0.275052594,27.5052594,0.0,0.0,100.0,1.0,0.11,-11.0,-769.0663723205857,769.0663723205857,0.0,-769.0663723205857,769.0663723205857,0.0,-93108.1557703713,93108.1557703713,0.0,0.0,20155.668134765623,20155.668134765623,0.0,0.0,10144.185547240411,10144.185547240411,0.0,-642475.3483300644,-642475.3483300644,94646.28851501248,94646.28851501248,94546.28851501248,0.0,100.0,0.0,0.0,94646.28851501248,64346.434833006446,1,0.0,100.0
5793,48701.07806441962,0.0,-487010.7806441962,0.0,10.0,0.0,-0.0,0.1,0.274209881,27.4209881,0.0,0.0,100.0,1.0,0.11,-11.0,-868.3085450304776,868.3085450304776,0.0,-868.3085450304776,868.3085450304776,0.0,-90508.00870728116,90508.00870728116,0.0,0.0,26886.689033203125,26886.689033203125,0.0,0.0,16556.858699719367,16556.858699719367,0.0,-487021.7806441962,-487021.7806441962,92244.62579734212,92244.62579734212,92144.62579734212,0.0,100.0,0.0,0.0,92244.62579734212,48801.07806441962,1,0.0,100.0
5794,41496.75074527465,0.0,-414967.5074527465,0.0,10.0,0.0,-0.0,0.1,0.285993944,28.5993944,0.0,0.0,100.0,1.0,0.11,-11.0,-972.0193907644792,972.0193907644792,0.0,-972.0193907644792,972.0193907644792,0.0,-91697.198339091,91697.198339091,0.0,0.0,31673.192783203125,31673.192783203125,0.0,0.0,20371.293592142192,20371.293592142192,0.0,-414978.5074527465,-414978.5074527465,93641.23712061998,93641.23712061996,93541.23712061998,0.0,100.0,0.0,0.0,93641.23712061996,41596.75074527464,1,0.0,100.0
5795,35278.3989835516,0.0,-352783.98983551597,0.0,10.0,0.0,-0.0,0.1,0.303346695,30.3346695,0.0,0.0,100.0,1.0,0.11,-11.0,-1042.0035658660604,1042.0035658660604,0.0,-1042.0035658660604,1042.0035658660604,0.0,-88831.31361805472,88831.31361805472,0.0,0.0,32982.00240234375,32982.00240234375,0.0,0.0,22554.91936389149,22554.91936389149,0.0,-352794.98983551597,-352794.98983551597,90915.32074978684,90915.32074978684,90815.32074978684,0.0,100.0,0.0,0.0,90915.32074978684,35378.3989835516,1,0.0,100.0
5796,42571.99476415831,0.0,-425719.94764158316,0.0,10.0,0.0,-0.0,0.1,0.299893227,29.9893227,0.0,0.0,100.0,1.0,0.11,-11.0,-1094.992040441847,1094.992040441847,0.0,-1094.992040441847,1094.992040441847,0.0,-92145.97518912853,92145.97518912853,0.0,0.0,32757.635039062498,32757.635039062498,0.0,0.0,18906.3294667914,18906.3294667914,0.0,-425730.94764158316,-425730.94764158316,94335.95927001222,94335.95927001222,94235.95927001222,0.0,100.0,0.0,0.0,94335.95927001222,42671.99476415831,1,0.0,100.0
5797,44073.36619960059,0.0,-440733.6619960059,0.0,10.0,0.0,-0.0,0.1,0.303583542,30.358354199999997,0.0,0.0,100.0,1.0,0.11,-11.0,-1154.4125515505552,1154.4125515505552,0.0,-1154.4125515505552,1154.4125515505552,0.0,-91938.42660339845,91938.42660339845,0.0,0.0,31112.274375,31112.274375,0.0,0.0,18961.61113189897,18961.61113189897,0.0,-440744.6619960059,-440744.6619960059,94247.25170649956,94247.25170649956,94147.25170649956,0.0,100.0,0.0,0.0,94247.25170649956,44173.36619960059,1,0.0,100.0
5798,52984.318466943725,0.0,-529843.1846694372,0.0,10.0,0.0,-0.0,0.1,0.304225097,30.4225097,0.0,0.0,100.0,1.0,0.08,-8.0,-1165.8604963332352,1165.8604963332352,0.0,-1165.8604963332352,1165.8604963332352,0.0,-91861.35246127774,91861.35246127774,0.0,0.0,25989.219580078123,25989.219580078123,0.0,0.0,15119.53540692236,15119.53540692236,0.0,-529851.1846694372,-529851.1846694372,94193.0734539442,94193.0734539442,94093.0734539442,0.0,100.0,0.0,0.0,94193.0734539442,53084.318466943725,1,0.0,100.0
5799,64164.18870758842,0.0,-641641.8870758843,0.0,10.0,0.0,-0.0,0.1,0.305094896,30.509489600000002,0.0,0.0,100.0,1.0,0.08,-8.0,-1178.8210979626049,1178.8210979626049,0.0,-1178.8210979626049,1178.8210979626049,0.0,-94577.06200703346,94577.06200703346,0.0,0.0,19071.22587890625,19071.22587890625,0.0,0.0,13599.289616463988,13599.289616463988,0.0,-641649.8870758843,-641649.8870758843,96934.70420295866,96934.70420295866,96834.70420295866,0.0,100.0,0.0,0.0,96934.70420295866,64264.18870758842,1,0.0,100.0
5800,71257.77457832542,0.0,-712577.7457832543,0.0,10.0,0.0,-0.0,0.1,0.328238785,32.8238785,0.0,0.0,100.0,1.0,0.08,-8.0,-1045.6803890985657,1045.6803890985657,0.0,-1045.6803890985657,1045.6803890985657,0.0,-88086.01091648264,88086.01091648264,0.0,0.0,11218.3681640625,11218.3681640625,0.0,0.0,7601.228952291863,7601.228952291863,0.0,-712585.7457832543,-712585.7457832543,90177.37169467978,90177.37169467978,90077.37169467978,0.0,100.0,0.0,0.0,90177.37169467978,71357.77457832542,1,0.0,100.0
5801,70995.93374883152,0.0,-709959.3374883152,0.0,10.0,0.0,-0.0,0.1,0.37596046,37.596046,0.0,0.0,100.0,1.0,0.11,-11.0,-616.1115221011171,616.1115221011171,0.0,-616.1115221011171,616.1115221011171,0.0,-77422.46270601601,77422.46270601601,0.0,0.0,4076.007099609375,4076.007099609375,0.0,0.0,3482.7449017773624,3482.7449017773624,0.0,-709970.3374883152,-709970.3374883152,78654.68575021825,78654.68575021825,78554.68575021825,0.0,100.0,0.0,0.0,78654.68575021825,71095.93374883152,1,0.0,100.0
5802,79588.90069280507,0.0,-795889.0069280507,0.0,10.0,0.0,-0.0,0.1,0.409967985,40.9967985,0.0,0.0,100.0,1.0,0.11,-11.0,-556.4344041544475,556.4344041544475,0.0,-556.4344041544475,556.4344041544475,0.0,-79325.57506629941,79325.57506629941,0.0,0.0,224.36736328125,224.36736328125,0.0,0.0,525.1758185219833,525.1758185219833,0.0,-795900.0069280507,-795900.0069280507,80438.4438746083,80438.4438746083,80338.4438746083,0.0,100.0,0.0,0.0,80438.4438746083,79688.90069280507,1,0.0,100.0
5803,70701.57637639812,0.0,-707015.7637639812,0.0,10.0,0.0,-0.0,0.1,0.4233865579999999,42.33865579999999,0.0,0.0,100.0,1.0,0.11,-11.0,-452.3740933797285,452.3740933797285,0.0,-452.3740933797285,452.3740933797285,0.0,-69896.82818963866,69896.82818963866,0.0,0.0,0.0,0.0,0.0,0.0,0.0,0.0,0.0,-707026.7637639812,-707026.7637639812,70801.57637639812,70801.57637639812,70701.57637639812,0.0,100.0,0.0,0.0,70801.57637639812,70801.57637639812,1,0.0,100.0
5804,67785.09442848219,0.0,-677850.9442848219,0.0,10.0,0.0,-0.0,0.1,0.415713892,41.5713892,0.0,0.0,100.0,1.0,0.11,-11.0,-204.520616139343,204.520616139343,0.0,-204.520616139343,204.520616139343,0.0,-67476.0531962035,67476.0531962035,0.0,0.0,0.0,0.0,0.0,0.0,0.0,0.0,0.0,-677861.9442848219,-677861.9442848219,67885.09442848219,67885.09442848219,67785.09442848219,0.0,100.0,0.0,0.0,67885.09442848219,67885.09442848219,1,0.0,100.0
5805,21429.386017754936,0.0,-214293.86017754936,0.0,10.0,0.0,-0.0,0.1,0.406124669,40.6124669,0.0,0.0,100.0,1.0,0.11,-11.0,-203.69501216697336,203.69501216697336,0.0,-203.69501216697336,203.69501216697336,0.0,-21121.995993420987,21121.995993420987,0.0,0.0,0.0,0.0,0.0,0.0,0.0,0.0,0.0,-214304.86017754936,-214304.86017754936,21529.386017754936,21529.386017754936,21429.386017754936,0.0,100.0,0.0,0.0,21529.386017754936,21529.386017754936,1,0.0,100.0
5806,18450.614257461824,0.0,-184506.14257461825,0.0,10.0,0.0,-0.0,0.1,0.3930991689999999,39.30991689999999,0.0,0.0,100.0,1.0,0.11,-11.0,-206.59831050745944,206.59831050745944,0.0,-206.59831050745944,206.59831050745944,0.0,-18137.417636446906,18137.417636446906,0.0,0.0,0.0,0.0,0.0,0.0,0.0,0.0,0.0,-184517.14257461825,-184517.14257461825,18550.614257461824,18550.614257461824,18450.614257461824,0.0,100.0,0.0,0.0,18550.614257461824,18550.614257461824,1,0.0,100.0
5807,17705.745241704793,0.0,-177057.45241704793,0.0,10.0,0.0,-0.0,0.1,0.3956034879999999,39.560348799999986,0.0,0.0,100.0,1.0,0.11,-11.0,-203.63899092166253,203.63899092166253,0.0,-203.63899092166253,203.63899092166253,0.0,-17398.467259861467,17398.467259861467,0.0,0.0,0.0,0.0,0.0,0.0,0.0,0.0,0.0,-177068.45241704793,-177068.45241704793,17805.745241704793,17805.745241704793,17705.745241704793,0.0,100.0,0.0,0.0,17805.745241704793,17805.745241704793,1,0.0,100.0
5808,17705.69107492759,0.0,-177056.91074927588,0.0,10.0,0.0,-0.0,0.1,0.414013973,41.4013973,0.0,0.0,100.0,1.0,0.08,-8.0,-203.61188334918168,203.61188334918168,0.0,-203.61188334918168,203.61188334918168,0.0,-17398.467308229225,17398.467308229225,0.0,0.0,0.0,0.0,0.0,0.0,0.0,0.0,0.0,-177064.91074927588,-177064.91074927588,17805.69107492759,17805.69107492759,17705.69107492759,0.0,100.0,0.0,0.0,17805.69107492759,17805.69107492759,1,0.0,100.0
5809,17705.646900303054,0.0,-177056.46900303054,0.0,10.0,0.0,-0.0,0.1,0.429829691,42.9829691,0.0,0.0,100.0,1.0,0.08,-8.0,-203.58979603691395,203.58979603691395,0.0,-203.58979603691395,203.58979603691395,0.0,-17398.467308229225,17398.467308229225,0.0,0.0,0.0,0.0,0.0,0.0,0.0,0.0,0.0,-177064.46900303054,-177064.46900303054,17805.646900303054,17805.646900303054,17705.646900303054,0.0,100.0,0.0,0.0,17805.646900303054,17805.646900303054,1,0.0,100.0
5810,17705.60495618002,0.0,-177056.0495618002,0.0,10.0,0.0,-0.0,0.1,0.428571924,42.8571924,0.0,0.0,100.0,1.0,0.08,-8.0,-203.5688239753982,203.5688239753982,0.0,-203.5688239753982,203.5688239753982,0.0,-17398.467308229225,17398.467308229225,0.0,0.0,0.0,0.0,0.0,0.0,0.0,0.0,0.0,-177064.0495618002,-177064.0495618002,17805.60495618002,17805.60495618002,17705.60495618002,0.0,100.0,0.0,0.0,17805.60495618002,17805.60495618002,1,0.0,100.0
5811,18446.84119387062,0.0,-184468.41193870618,0.0,10.0,0.0,-0.0,0.1,0.410251386,41.0251386,0.0,0.0,100.0,1.0,0.08,-8.0,-204.7117545279797,204.7117545279797,0.0,-204.7117545279797,204.7117545279797,0.0,-18137.41768481466,18137.41768481466,0.0,0.0,0.0,0.0,0.0,0.0,0.0,0.0,0.0,-184476.41193870618,-184476.41193870618,18546.84119387062,18546.84119387062,18446.84119387062,0.0,100.0,0.0,0.0,18546.84119387062,18546.84119387062,1,0.0,100.0
5812,21431.31717198649,0.0,-214313.1717198649,0.0,10.0,0.0,-0.0,0.1,0.35918008,35.918008,0.0,0.0,100.0,1.0,0.08,-8.0,-204.6205196188444,204.6205196188444,0.0,-204.6205196188444,204.6205196188444,0.0,-21122.076132748804,21122.076132748804,0.0,0.0,0.0,0.0,0.0,0.0,0.0,0.0,0.0,-214321.1717198649,-214321.1717198649,21531.31717198649,21531.31717198649,21431.31717198649,0.0,100.0,0.0,0.0,21531.31717198649,21531.31717198649,1,0.0,100.0
5813,53889.47286558976,0.0,-538894.7286558977,0.0,10.0,0.0,-0.0,0.1,0.342824835,34.2824835,0.0,0.0,100.0,1.0,0.11,-11.0,-441.2133275485539,441.2133275485539,0.0,-441.2133275485539,441.2133275485539,0.0,-53667.96461869578,53667.96461869578,0.0,0.0,560.918408203125,560.918408203125,0.0,0.0,0.0,0.0,0.0,-538905.7286558977,-538905.7286558977,54550.39127379289,54550.39127379289,54450.39127379289,0.0,100.0,0.0,0.0,54550.39127379289,53989.47286558976,1,0.0,100.0
5814,53387.285453392586,0.0,-533872.8545339259,0.0,10.0,0.0,-0.0,0.1,0.3243144839999999,32.431448399999994,0.0,0.0,100.0,1.0,0.11,-11.0,-410.962298436176,410.962298436176,0.0,-410.962298436176,410.962298436176,0.0,-59593.23476344624,59593.23476344624,0.0,0.0,4412.55814453125,4412.55814453125,0.0,0.0,2515.315762394762,2515.315762394762,0.0,-533883.8545339259,-533883.8545339259,60415.1593603186,60415.1593603186,60315.1593603186,0.0,100.0,0.0,0.0,60415.1593603186,53487.285453392586,1,0.0,100.0
5815,75820.53856490811,0.0,-758205.3856490811,0.0,10.0,0.0,-0.0,0.1,0.294146006,29.4146006,0.0,0.0,100.0,1.0,0.11,-11.0,-628.6620638452259,628.6620638452259,0.0,-628.6620638452259,628.6620638452259,0.0,-93295.83875083765,93295.83875083765,0.0,0.0,11031.395361328125,11031.395361328125,0.0,0.0,7601.228952291863,7601.228952291863,0.0,-758216.3856490811,-758216.3856490811,94553.1628785281,94553.16287852809,94453.1628785281,0.0,100.0,0.0,0.0,94553.16287852809,75920.5385649081,1,0.0,100.0
5816,73063.9491762546,0.0,-730639.4917625459,0.0,10.0,0.0,-0.0,0.1,0.27878034,27.878034000000003,0.0,0.0,100.0,1.0,0.11,-11.0,-655.1458051230971,655.1458051230971,0.0,-655.1458051230971,655.1458051230971,0.0,-91944.95431591888,91944.95431591888,0.0,0.0,6768.415458984375,6768.415458984375,0.0,0.0,13322.8812909261,13322.8812909261,0.0,-730650.4917625459,-730650.4917625459,93255.24592616507,93255.24592616507,93155.24592616507,0.0,100.0,0.0,0.0,93255.24592616507,73163.9491762546,1,0.0,100.0
5817,46170.5663190907,0.0,-461705.663190907,0.0,10.0,0.0,-0.0,0.1,0.271887789,27.1887789,0.0,0.0,100.0,1.0,0.11,-11.0,-709.0851600468015,709.0851600468015,0.0,-709.0851600468015,709.0851600468015,0.0,-89702.4487281924,89702.4487281924,0.0,0.0,25390.90661132813,25390.90661132813,0.0,0.0,19459.146117867167,19459.146117867167,0.0,-461716.663190907,-461716.663190907,91120.619048286,91120.619048286,91020.619048286,0.0,100.0,0.0,0.0,91120.619048286,46270.5663190907,1,0.0,100.0
5818,38419.78354010172,0.0,-384197.8354010172,0.0,10.0,0.0,-0.0,0.1,0.2718460139999999,27.18460139999999,0.0,0.0,100.0,1.0,0.11,-11.0,-759.9831658341101,759.9831658341101,0.0,-759.9831658341101,759.9831658341101,0.0,-90356.48038353142,90356.48038353142,0.0,0.0,30663.539648437498,30663.539648437498,0.0,0.0,22693.123526660434,22693.123526660434,0.0,-384208.8354010172,-384208.8354010172,91876.44671519965,91876.44671519965,91776.44671519965,0.0,100.0,0.0,0.0,91876.44671519965,38519.78354010172,1,0.0,100.0
5819,35750.8699996396,0.0,-357508.699996396,0.0,10.0,0.0,-0.0,0.1,0.278208058,27.8208058,0.0,0.0,100.0,1.0,0.11,-11.0,-843.7868065667961,843.7868065667961,0.0,-843.7868065667961,843.7868065667961,0.0,-87838.62350196512,87838.62350196512,0.0,0.0,31037.48525390625,31037.48525390625,0.0,0.0,22637.841861552857,22637.841861552857,0.0,-357519.699996396,-357519.699996396,89526.19711509871,89526.19711509871,89426.19711509871,0.0,100.0,0.0,0.0,89526.19711509871,35850.8699996396,1,0.0,100.0
5820,36632.71967197563,0.0,-366327.19671975635,0.0,10.0,0.0,-0.0,0.1,0.281868699,28.1868699,0.0,0.0,100.0,1.0,0.11,-11.0,-932.8405925174072,932.8405925174072,0.0,-932.8405925174072,932.8405925174072,0.0,-91862.44297282497,91862.44297282497,0.0,0.0,32533.267675781248,32533.267675781248,0.0,0.0,24462.136810102904,24462.136810102904,0.0,-366338.19671975635,-366338.19671975635,93728.12415785978,93728.12415785978,93628.12415785978,0.0,100.0,0.0,0.0,93728.12415785978,36732.71967197563,1,0.0,100.0
5821,39253.56697845494,0.0,-392535.6697845494,0.0,10.0,0.0,-0.0,0.1,0.292259322,29.2259322,0.0,0.0,100.0,1.0,0.11,-11.0,-981.000673608568,981.000673608568,0.0,-981.000673608568,981.000673608568,0.0,-91853.83048904702,91853.83048904702,0.0,0.0,31299.24717773437,31299.24717773437,0.0,0.0,23163.01768007484,23163.01768007484,0.0,-392546.6697845494,-392546.6697845494,93815.83183626414,93815.83183626416,93715.83183626414,0.0,100.0,0.0,0.0,93815.83183626416,39353.56697845495,1,0.0,100.0
5822,47808.93756363979,0.0,-478089.37563639786,0.0,10.0,0.0,-0.0,0.1,0.302060695,30.206069499999998,0.0,0.0,100.0,1.0,0.08,-8.0,-991.471766014864,991.471766014864,0.0,-991.471766014864,991.471766014864,0.0,-91933.72102521353,91933.72102521353,0.0,0.0,25166.53924804688,25166.53924804688,0.0,0.0,20841.1877455566,20841.1877455566,0.0,-478097.37563639786,-478097.37563639786,93916.66455724326,93916.66455724326,93816.66455724326,0.0,100.0,0.0,0.0,93916.66455724326,47908.93756363978,1,0.0,100.0
5823,61885.23156549447,0.0,-618852.3156549446,0.0,10.0,0.0,-0.0,0.1,0.3056816189999999,30.56816189999999,0.0,0.0,100.0,1.0,0.08,-8.0,-1022.5907959506816,1022.5907959506816,0.0,-1022.5907959506816,1022.5907959506816,0.0,-94633.20729966632,94633.20729966632,0.0,0.0,19407.776923828125,19407.776923828125,0.0,0.0,15285.380402245091,15285.380402245091,0.0,-618860.3156549446,-618860.3156549446,96678.38889156768,96678.38889156768,96578.38889156768,0.0,100.0,0.0,0.0,96678.38889156768,61985.23156549446,1,0.0,100.0
5824,68960.04207933928,0.0,-689600.4207933928,0.0,10.0,0.0,-0.0,0.1,0.341160633,34.1160633,0.0,0.0,100.0,1.0,0.08,-8.0,-939.2796044931464,939.2796044931464,0.0,-939.2796044931464,939.2796044931464,0.0,-88083.86453679432,88083.86453679432,0.0,0.0,11891.47025390625,11891.47025390625,0.0,0.0,9010.91141253508,9010.91141253508,0.0,-689608.4207933928,-689608.4207933928,89962.42374578062,89962.42374578062,89862.42374578062,0.0,100.0,0.0,0.0,89962.42374578062,69060.04207933928,1,0.0,100.0
5825,67930.68186230357,0.0,-679306.8186230357,0.0,10.0,0.0,-0.0,0.1,0.381457981,38.1457981,0.0,0.0,100.0,1.0,0.11,-11.0,-691.0618681308974,691.0618681308974,0.0,-691.0618681308974,691.0618681308974,0.0,-74660.93752770768,74660.93752770768,0.0,0.0,4225.585341796875,4225.585341796875,0.0,0.0,3786.794059869037,3786.794059869037,0.0,-679317.8186230357,-679317.8186230357,76043.06126396947,76043.06126396947,75943.06126396947,0.0,100.0,0.0,0.0,76043.06126396947,68030.68186230357,1,0.0,100.0
5826,74995.56611534966,0.0,-749955.6611534966,0.0,10.0,0.0,-0.0,0.1,0.409287116,40.9287116,0.0,0.0,100.0,1.0,0.11,-11.0,-650.7079552632,650.7079552632,0.0,-650.7079552632,650.7079552632,0.0,-74802.21460760367,74802.21460760367,0.0,0.0,261.76192382812496,261.76192382812496,0.0,0.0,746.302478952292,746.302478952292,0.0,-749966.6611534966,-749966.6611534966,76103.63051813008,76103.63051813007,76003.63051813008,0.0,100.0,0.0,0.0,76103.63051813007,75095.56611534965,1,0.0,100.0
5827,66658.84649494705,0.0,-666588.4649494705,0.0,10.0,0.0,-0.0,0.1,0.4118689279999999,41.18689279999999,0.0,0.0,100.0,1.0,0.11,-11.0,-457.9449667052111,457.9449667052111,0.0,-457.9449667052111,457.9449667052111,0.0,-65842.95656153663,65842.95656153663,0.0,0.0,0.0,0.0,0.0,0.0,0.0,0.0,0.0,-666599.4649494705,-666599.4649494705,66758.84649494705,66758.84649494705,66658.84649494705,0.0,100.0,0.0,0.0,66758.84649494705,66758.84649494705,1,0.0,100.0
5828,63893.527620062,0.0,-638935.27620062,0.0,10.0,0.0,-0.0,0.1,0.402573597,40.2573597,0.0,0.0,100.0,1.0,0.11,-11.0,-204.4531624650176,204.4531624650176,0.0,-204.4531624650176,204.4531624650176,0.0,-63584.62129513196,63584.62129513196,0.0,0.0,0.0,0.0,0.0,0.0,0.0,0.0,0.0,-638946.27620062,-638946.27620062,63993.527620062,63993.527620062,63893.527620062,0.0,100.0,0.0,0.0,63993.527620062,63993.527620062,1,0.0,100.0
5829,21429.340846750463,0.0,-214293.40846750463,0.0,10.0,0.0,-0.0,0.1,0.394408215,39.4408215,0.0,0.0,100.0,1.0,0.11,-11.0,-203.67239643489071,203.67239643489071,0.0,-203.67239643489071,203.67239643489071,0.0,-21121.99605388068,21121.99605388068,0.0,0.0,0.0,0.0,0.0,0.0,0.0,0.0,0.0,-214304.40846750463,-214304.40846750463,21529.340846750463,21529.340846750463,21429.340846750463,0.0,100.0,0.0,0.0,21529.340846750463,21529.340846750463,1,0.0,100.0
5830,18450.614259322272,0.0,-184506.14259322273,0.0,10.0,0.0,-0.0,0.1,0.387253317,38.7253317,0.0,0.0,100.0,1.0,0.11,-11.0,-206.5982842308228,206.5982842308228,0.0,-206.5982842308228,206.5982842308228,0.0,-18137.417690860628,18137.417690860628,0.0,0.0,0.0,0.0,0.0,0.0,0.0,0.0,0.0,-184517.14259322273,-184517.14259322273,18550.614259322272,18550.614259322272,18450.614259322272,0.0,100.0,0.0,0.0,18550.614259322272,18550.614259322272,1,0.0,100.0
5831,17705.754733510803,0.0,-177057.54733510804,0.0,10.0,0.0,-0.0,0.1,0.392869626,39.2869626,0.0,0.0,100.0,1.0,0.11,-11.0,-203.6437126407893,203.6437126407893,0.0,-203.6437126407893,203.6437126407893,0.0,-17398.467308229225,17398.467308229225,0.0,0.0,0.0,0.0,0.0,0.0,0.0,0.0,0.0,-177068.54733510804,-177068.54733510804,17805.754733510803,17805.754733510803,17705.754733510803,0.0,100.0,0.0,0.0,17805.754733510803,17805.754733510803,1,0.0,100.0
5832,17705.695925956894,0.0,-177056.95925956895,0.0,10.0,0.0,-0.0,0.1,0.409241395,40.9241395,0.0,0.0,100.0,1.0,0.08,-8.0,-203.61427561099947,203.61427561099947,0.0,-203.61427561099947,203.61427561099947,0.0,-17398.467374734893,17398.467374734893,0.0,0.0,0.0,0.0,0.0,0.0,0.0,0.0,0.0,-177064.95925956895,-177064.95925956895,17805.695925956894,17805.695925956894,17705.695925956894,0.0,100.0,0.0,0.0,17805.695925956894,17805.695925956894,1,0.0,100.0
5833,17705.652782125646,0.0,-177056.52782125646,0.0,10.0,0.0,-0.0,0.1,0.416419692,41.6419692,0.0,0.0,100.0,1.0,0.08,-8.0,-203.5927067183617,203.5927067183617,0.0,-203.5927067183617,203.5927067183617,0.0,-17398.467368688922,17398.467368688922,0.0,0.0,0.0,0.0,0.0,0.0,0.0,0.0,0.0,-177064.52782125646,-177064.52782125646,17805.652782125646,17805.652782125646,17705.652782125646,0.0,100.0,0.0,0.0,17805.652782125646,17805.652782125646,1,0.0,100.0
5834,17705.622011702828,0.0,-177056.22011702828,0.0,10.0,0.0,-0.0,0.1,0.41832674,41.832674,0.0,0.0,100.0,1.0,0.08,-8.0,-203.57731848396747,203.57731848396747,0.0,-203.57731848396747,203.57731848396747,0.0,-17398.467374734893,17398.467374734893,0.0,0.0,0.0,0.0,0.0,0.0,0.0,0.0,0.0,-177064.22011702828,-177064.22011702828,17805.622011702828,17805.622011702828,17705.622011702828,0.0,100.0,0.0,0.0,17805.622011702828,17805.622011702828,1,0.0,100.0
5835,18456.098425142853,0.0,-184560.9842514285,0.0,10.0,0.0,-0.0,0.1,0.400838719,40.0838719,0.0,0.0,100.0,1.0,0.08,-8.0,-209.3403369112666,209.3403369112666,0.0,-209.3403369112666,209.3403369112666,0.0,-18137.41775132032,18137.41775132032,0.0,0.0,0.0,0.0,0.0,0.0,0.0,0.0,0.0,-184568.9842514285,-184568.9842514285,18556.098425142853,18556.098425142853,18456.098425142853,0.0,100.0,0.0,0.0,18556.098425142853,18556.098425142853,1,0.0,100.0
5836,21439.059833237916,0.0,-214390.59833237916,0.0,10.0,0.0,-0.0,0.1,0.3549900589999999,35.49900589999999,0.0,0.0,100.0,1.0,0.08,-8.0,-208.491804899783,208.491804899783,0.0,-208.491804899783,208.491804899783,0.0,-21122.07622343835,21122.07622343835,0.0,0.0,0.0,0.0,0.0,0.0,0.0,0.0,0.0,-214398.59833237916,-214398.59833237916,21539.059833237916,21539.059833237916,21439.059833237916,0.0,100.0,0.0,0.0,21539.059833237916,21539.059833237916,1,0.0,100.0
5837,51485.17846365485,0.0,-514851.7846365485,0.0,10.0,0.0,-0.0,0.1,0.326421267,32.6421267,0.0,0.0,100.0,1.0,0.11,-11.0,-468.6698914211662,468.6698914211662,0.0,-468.6698914211662,468.6698914211662,0.0,-51208.75708901564,51208.75708901564,0.0,0.0,560.918408203125,560.918408203125,0.0,0.0,0.0,0.0,0.0,-514862.7846365485,-514862.7846365485,52146.096871857975,52146.096871857975,52046.096871857975,0.0,100.0,0.0,0.0,52146.096871857975,51585.17846365485,1,0.0,100.0
5838,53608.40872080123,0.0,-536084.0872080122,0.0,10.0,0.0,-0.0,0.1,0.291675859,29.1675859,0.0,0.0,100.0,1.0,0.11,-11.0,-453.3899104934969,453.3899104934969,0.0,-453.3899104934969,453.3899104934969,0.0,-59709.96373131381,59709.96373131381,0.0,0.0,4973.476552734375,4973.476552734375,0.0,0.0,1934.8582787652008,1934.8582787652008,0.0,-536095.0872080122,-536095.0872080122,60616.7435523008,60616.7435523008,60516.7435523008,0.0,100.0,0.0,0.0,60616.7435523008,53708.40872080123,1,0.0,100.0
5839,78319.34587874258,0.0,-783193.4587874258,0.0,10.0,0.0,-0.0,0.1,0.278005345,27.8005345,0.0,0.0,100.0,1.0,0.11,-11.0,-676.900906225703,676.900906225703,0.0,-676.900906225703,676.900906225703,0.0,-95125.81265340895,95125.81265340895,0.0,0.0,11592.313769531249,11592.313769531249,0.0,0.0,6467.95481758653,6467.95481758653,0.0,-783204.4587874258,-783204.4587874258,96479.61446586036,96479.61446586036,96379.61446586036,0.0,100.0,0.0,0.0,96479.61446586036,78419.34587874258,1,0.0,100.0
5840,66045.09627164315,0.0,-660450.9627164316,0.0,10.0,0.0,-0.0,0.1,0.273055236,27.305523599999997,0.0,0.0,100.0,1.0,0.11,-11.0,-746.9680962517557,746.9680962517557,0.0,-746.9680962517557,746.9680962517557,0.0,-95840.47631546413,95840.47631546413,0.0,0.0,18585.096591796875,18585.096591796875,0.0,0.0,12604.2196445276,12604.2196445276,0.0,-660461.9627164316,-660461.9627164316,97334.41250796763,97334.41250796763,97234.41250796763,0.0,100.0,0.0,0.0,97334.41250796763,66145.09627164315,1,0.0,100.0
5841,54835.497708092706,0.0,-548354.977080927,0.0,10.0,0.0,-0.0,0.1,0.271383659,27.1383659,0.0,0.0,100.0,1.0,0.11,-11.0,-843.6182724874367,843.6182724874367,0.0,-843.6182724874367,843.6182724874367,0.0,-93017.451473334,93017.451473334,0.0,0.0,21913.21248046875,21913.21248046875,0.0,0.0,17855.97782974743,17855.97782974743,0.0,-548365.977080927,-548365.977080927,94704.68801830888,94704.68801830888,94604.68801830888,0.0,100.0,0.0,0.0,94704.68801830888,54935.497708092706,1,0.0,100.0
5842,45228.13441108007,0.0,-452281.3441108007,0.0,10.0,0.0,-0.0,0.1,0.276609438,27.6609438,0.0,0.0,100.0,1.0,0.11,-11.0,-915.01898885053,915.01898885053,0.0,-915.01898885053,915.01898885053,0.0,-92820.9765042506,92820.9765042506,0.0,0.0,27597.18568359375,27597.18568359375,0.0,0.0,21725.694387277832,21725.694387277832,0.0,-452292.3441108007,-452292.3441108007,94651.01448195166,94651.01448195166,94551.01448195166,0.0,100.0,0.0,0.0,94651.01448195166,45328.13441108007,1,0.0,100.0
5843,36646.976161948565,0.0,-366469.7616194857,0.0,10.0,0.0,-0.0,0.1,0.273248869,27.3248869,0.0,0.0,100.0,1.0,0.11,-11.0,-1004.7587443918276,1004.7587443918276,0.0,-1004.7587443918276,1004.7587443918276,0.0,-89809.4738180232,89809.4738180232,0.0,0.0,30775.723330078123,30775.723330078123,0.0,0.0,24296.29181478017,24296.29181478017,0.0,-366480.7616194857,-366480.7616194857,91818.99130680686,91818.99130680686,91718.99130680686,0.0,100.0,0.0,0.0,91818.99130680686,36746.976161948565,1,0.0,100.0
5844,38436.75683243955,0.0,-384367.56832439546,0.0,10.0,0.0,-0.0,0.1,0.2783710239999999,27.837102399999992,0.0,0.0,100.0,1.0,0.11,-11.0,-1029.305251932857,1029.305251932857,0.0,-1029.305251932857,1029.305251932857,0.0,-92146.8224713164,92146.8224713164,0.0,0.0,31897.56014648437,31897.56014648437,0.0,0.0,23771.115996258188,23771.115996258188,0.0,-384378.56832439546,-384378.56832439546,94205.4329751821,94205.4329751821,94105.4329751821,0.0,100.0,0.0,0.0,94205.4329751821,38536.75683243955,1,0.0,100.0
5845,42132.83437455914,0.0,-421328.3437455914,0.0,10.0,0.0,-0.0,0.1,0.290197183,29.0197183,0.0,0.0,100.0,1.0,0.11,-11.0,-1018.5779296830198,1018.5779296830198,0.0,-1018.5779296830198,1018.5779296830198,0.0,-91872.85878797284,91872.85878797284,0.0,0.0,28569.44425781249,28569.44425781249,0.0,0.0,23107.736014967264,23107.736014967264,0.0,-421339.3437455914,-421339.3437455914,93910.01464733889,93910.01464733889,93810.01464733889,0.0,100.0,0.0,0.0,93910.01464733889,42232.834374559134,1,0.0,100.0
5846,49404.25560425606,0.0,-494042.5560425606,0.0,10.0,0.0,-0.0,0.1,0.319643386,31.964338599999998,0.0,0.0,100.0,1.0,0.08,-8.0,-987.2476071364434,987.2476071364434,0.0,-987.2476071364434,987.2476071364434,0.0,-91975.01759774525,91975.01759774525,0.0,0.0,24156.88611328125,24156.88611328125,0.0,0.0,20288.371094480823,20288.371094480823,0.0,-494050.5560425606,-494050.5560425606,93949.51281201813,93949.51281201813,93849.51281201813,0.0,100.0,0.0,0.0,93949.51281201813,49504.25560425606,1,0.0,100.0
5847,70448.67452788427,0.0,-704486.7452788427,0.0,10.0,0.0,-0.0,0.1,0.338191663,33.8191663,0.0,0.0,100.0,1.0,0.08,-8.0,-958.5584087509308,958.5584087509308,0.0,-958.5584087509308,958.5584087509308,0.0,-94837.77014374046,94837.77014374046,0.0,0.0,11031.395361328125,11031.395361328125,0.0,0.0,15174.817072029937,15174.817072029937,0.0,-704494.7452788427,-704494.7452788427,96754.88696124233,96754.88696124233,96654.88696124233,0.0,100.0,0.0,0.0,96754.88696124233,70548.67452788427,0,0.0,100.0
5848,70330.50290606583,0.0,-703305.0290606583,0.0,10.0,0.0,-0.0,0.1,0.361624294,36.1624294,0.0,0.0,100.0,1.0,0.08,-8.0,-824.3341200135828,824.3341200135828,0.0,-824.3341200135828,824.3341200135828,0.0,-87629.1674732676,87629.1674732676,0.0,0.0,9311.245576171874,9311.245576171874,0.0,0.0,9536.087231057065,9536.087231057065,0.0,-703313.0290606583,-703313.0290606583,89277.83571329477,89277.83571329477,89177.83571329477,0.0,100.0,0.0,0.0,89277.83571329477,70430.50290606584,1,0.0,100.0
5849,70901.37300879811,0.0,-709013.7300879811,0.0,10.0,0.0,-0.0,0.1,0.3888739429999999,38.88739429999999,0.0,0.0,100.0,1.0,0.11,-11.0,-610.9135439568023,610.9135439568023,0.0,-610.9135439568023,610.9135439568023,0.0,-76175.82584246717,76175.82584246717,0.0,0.0,2692.408359375,2692.408359375,0.0,0.0,3703.871562207671,3703.871562207671,0.0,-709024.7300879811,-709024.7300879811,77397.65293038078,77397.65293038078,77297.65293038078,0.0,100.0,0.0,0.0,77397.65293038078,71001.37300879811,1,0.0,100.0
5850,78218.08471921833,0.0,-782180.8471921833,0.0,10.0,0.0,-0.0,0.1,0.415271126,41.5271126,0.0,0.0,100.0,1.0,0.11,-11.0,-622.7663962281952,622.7663962281952,0.0,-622.7663962281952,622.7663962281952,0.0,-77431.8827499612,77431.8827499612,0.0,0.0,0.0,0.0,0.0,0.0,359.3308231992517,359.3308231992517,0.0,-782191.8471921833,-782191.8471921833,78677.41554241758,78677.41554241758,78577.41554241758,0.0,100.0,0.0,0.0,78677.41554241758,78318.08471921833,1,0.0,100.0
5851,70144.9830788516,0.0,-701449.830788516,0.0,10.0,0.0,-0.0,0.1,0.4172726089999999,41.72726089999999,0.0,0.0,100.0,1.0,0.11,-11.0,-513.6693123826788,513.6693123826788,0.0,-513.6693123826788,513.6693123826788,0.0,-69217.64445408624,69217.64445408624,0.0,0.0,0.0,0.0,0.0,0.0,0.0,0.0,0.0,-701460.830788516,-701460.830788516,70244.9830788516,70244.9830788516,70144.9830788516,0.0,100.0,0.0,0.0,70244.9830788516,70244.9830788516,1,0.0,100.0
5852,68221.19788689226,0.0,-682211.9788689226,0.0,10.0,0.0,-0.0,0.1,0.4110124129999999,41.10124129999999,0.0,0.0,100.0,1.0,0.11,-11.0,-203.8448221761842,203.8448221761842,0.0,-203.8448221761842,203.8448221761842,0.0,-67913.50824253989,67913.50824253989,0.0,0.0,0.0,0.0,0.0,0.0,0.0,0.0,0.0,-682222.9788689226,-682222.9788689226,68321.19788689226,68321.19788689226,68221.19788689226,0.0,100.0,0.0,0.0,68321.19788689226,68321.19788689226,1,0.0,100.0
5853,21429.73976849903,0.0,-214297.39768499028,0.0,10.0,0.0,-0.0,0.1,0.403817137,40.3817137,0.0,0.0,100.0,1.0,0.11,-11.0,-203.87182405633368,203.87182405633368,0.0,-203.87182405633368,203.87182405633368,0.0,-21121.99612038636,21121.99612038636,0.0,0.0,0.0,0.0,0.0,0.0,0.0,0.0,0.0,-214308.39768499028,-214308.39768499028,21529.73976849903,21529.73976849903,21429.73976849903,0.0,100.0,0.0,0.0,21529.73976849903,21529.73976849903,1,0.0,100.0
5854,18450.919483333877,0.0,-184509.19483333878,0.0,10.0,0.0,-0.0,0.1,0.398842025,39.8842025,0.0,0.0,100.0,1.0,0.11,-11.0,-206.7508660067783,206.7508660067783,0.0,-206.7508660067783,206.7508660067783,0.0,-18137.41775132032,18137.41775132032,0.0,0.0,0.0,0.0,0.0,0.0,0.0,0.0,0.0,-184520.19483333878,-184520.19483333878,18550.919483333877,18550.919483333877,18450.919483333877,0.0,100.0,0.0,0.0,18550.919483333877,18550.919483333877,1,0.0,100.0
5855,17706.039669636564,0.0,-177060.39669636564,0.0,10.0,0.0,-0.0,0.1,0.403362147,40.3362147,0.0,0.0,100.0,1.0,0.11,-11.0,-203.7861474508352,203.7861474508352,0.0,-203.7861474508352,203.7861474508352,0.0,-17398.467374734893,17398.467374734893,0.0,0.0,0.0,0.0,0.0,0.0,0.0,0.0,0.0,-177071.39669636564,-177071.39669636564,17806.039669636564,17806.039669636564,17706.039669636564,0.0,100.0,0.0,0.0,17806.039669636564,17806.039669636564,1,0.0,100.0
5856,14752.98272156815,0.0,-147529.8272156815,0.0,10.0,0.0,-0.0,0.1,0.416449552,41.6449552,0.0,0.0,100.0,1.0,0.08,-8.0,-233.93525605895945,233.93525605895945,0.0,-233.93525605895945,233.93525605895945,0.0,-14385.112209450232,14385.112209450232,0.0,0.0,0.0,0.0,0.0,0.0,0.0,0.0,0.0,-147537.8272156815,-147537.8272156815,14852.98272156815,14852.98272156815,14752.98272156815,0.0,100.0,0.0,0.0,14852.98272156815,14852.98272156815,1,0.0,100.0
5857,14752.895518177264,0.0,-147528.95518177265,0.0,10.0,0.0,-0.0,0.1,0.422818946,42.281894599999994,0.0,0.0,100.0,1.0,0.08,-8.0,-233.8916573864988,233.8916573864988,0.0,-233.8916573864988,233.8916573864988,0.0,-14385.112203404266,14385.112203404266,0.0,0.0,0.0,0.0,0.0,0.0,0.0,0.0,0.0,-147536.95518177265,-147536.95518177265,14852.895518177264,14852.895518177264,14752.895518177264,0.0,100.0,0.0,0.0,14852.895518177264,14852.895518177264,1,0.0,100.0
5858,14752.781905385462,0.0,-147527.81905385462,0.0,10.0,0.0,-0.0,0.1,0.4265983129999999,42.659831299999986,0.0,0.0,100.0,1.0,0.08,-8.0,-233.83484796761493,233.83484796761493,0.0,-233.83484796761493,233.83484796761493,0.0,-14385.112209450232,14385.112209450232,0.0,0.0,0.0,0.0,0.0,0.0,0.0,0.0,0.0,-147535.81905385462,-147535.81905385462,14852.781905385462,14852.781905385462,14752.781905385462,0.0,100.0,0.0,0.0,14852.781905385462,14852.781905385462,1,0.0,100.0
5859,15494.032551459697,0.0,-154940.32551459697,0.0,10.0,0.0,-0.0,0.1,0.412907405,41.2907405,0.0,0.0,100.0,1.0,0.08,-8.0,-234.9849827120145,234.9849827120145,0.0,-234.9849827120145,234.9849827120145,0.0,-15124.062586035669,15124.062586035669,0.0,0.0,0.0,0.0,0.0,0.0,0.0,0.0,0.0,-154948.32551459697,-154948.32551459697,15594.032551459697,15594.032551459697,15494.032551459697,0.0,100.0,0.0,0.0,15594.032551459697,15594.032551459697,1,0.0,100.0
5860,16971.83479305994,0.0,-169718.3479305994,0.0,10.0,0.0,-0.0,0.1,0.37860159,37.860158999999996,0.0,0.0,100.0,1.0,0.08,-8.0,-234.89565423981205,234.89565423981205,0.0,-234.89565423981205,234.89565423981205,0.0,-16602.043484580317,16602.043484580317,0.0,0.0,0.0,0.0,0.0,0.0,0.0,0.0,0.0,-169726.3479305994,-169726.3479305994,17071.83479305994,17071.83479305994,16971.83479305994,0.0,100.0,0.0,0.0,17071.83479305994,17071.83479305994,1,0.0,100.0
5861,57628.25163207816,0.0,-576282.5163207815,0.0,10.0,0.0,-0.0,0.1,0.346400061,34.6400061,0.0,0.0,100.0,1.0,0.11,-11.0,-234.8605624192452,234.8605624192452,0.0,-234.8605624192452,234.8605624192452,0.0,-57744.65979434904,57744.65979434904,0.0,0.0,486.129287109375,486.129287109375,0.0,0.0,0.0,0.0,0.0,-576293.5163207815,-576293.5163207815,58214.38091918753,58214.38091918753,58114.38091918753,0.0,100.0,0.0,0.0,58214.38091918753,57728.25163207816,1,0.0,100.0
5862,53010.15379347933,0.0,-530101.5379347933,0.0,10.0,0.0,-0.0,0.1,0.309745857,30.974585700000002,0.0,0.0,100.0,1.0,0.11,-11.0,-198.53421257638,198.53421257638,0.0,-198.53421257638,198.53421257638,0.0,-59644.19997810353,59644.19997810353,0.0,0.0,4636.9255078125,4636.9255078125,0.0,0.0,2294.189101964453,2294.189101964453,0.0,-530112.5379347933,-530112.5379347933,60041.26840325628,60041.26840325628,59941.26840325628,0.0,100.0,0.0,0.0,60041.26840325628,53110.15379347933,1,0.0,100.0
5863,59235.17398983434,0.0,-592351.7398983433,0.0,10.0,0.0,-0.0,0.1,0.297867796,29.786779600000003,0.0,0.0,100.0,1.0,0.11,-11.0,-198.55335916480337,198.55335916480337,0.0,-198.55335916480337,198.55335916480337,0.0,-73754.76281903747,73754.76281903747,0.0,0.0,8376.381562499999,8376.381562499999,0.0,0.0,6440.313985032742,6440.313985032742,0.0,-592362.7398983433,-592362.7398983433,74151.86953736708,74151.86953736708,74051.86953736708,0.0,100.0,0.0,0.0,74151.86953736708,59335.17398983434,1,0.0,100.0
5864,43407.192325562966,0.0,-434071.92325562966,0.0,10.0,0.0,-0.0,0.1,0.291049753,29.104975300000003,0.0,0.0,100.0,1.0,0.11,-11.0,-198.59145288189413,198.59145288189413,0.0,-198.59145288189413,198.59145288189413,0.0,-69210.39309945743,69210.39309945743,0.0,0.0,13910.7765234375,13910.7765234375,0.0,0.0,12189.607156220767,12189.607156220767,0.0,-434082.92325562966,-434082.92325562966,69607.57600522123,69607.57600522123,69507.57600522123,0.0,100.0,0.0,0.0,69607.57600522123,43507.19232556296,1,0.0,100.0
5865,29157.774300896373,0.0,-291577.74300896376,0.0,10.0,0.0,-0.0,0.1,0.284148731,28.414873099999998,0.0,0.0,100.0,1.0,0.11,-11.0,-198.63281423264112,198.63281423264112,0.0,-198.63281423264112,198.63281423264112,0.0,-66779.51003072997,66779.51003072997,0.0,0.0,19482.56604492188,19482.56604492188,0.0,0.0,18436.43531337699,18436.43531337699,0.0,-291588.74300896376,-291588.74300896376,67176.77565919525,67176.77565919525,67076.77565919525,0.0,100.0,0.0,0.0,67176.77565919525,29257.774300896373,1,0.0,100.0
5866,33257.655070646986,0.0,-332576.55070646986,0.0,10.0,0.0,-0.0,0.1,0.290694939,29.069493899999998,0.0,0.0,100.0,1.0,0.11,-11.0,-201.54558659772047,201.54558659772047,0.0,-201.54558659772047,201.54558659772047,0.0,-66165.18618801588,66165.18618801588,0.0,0.0,13088.09619140625,13088.09619140625,0.0,0.0,20122.52609915809,20122.52609915809,0.0,-332587.55070646986,-332587.55070646986,66568.27736121132,66568.27736121132,66468.27736121132,0.0,100.0,0.0,0.0,66568.27736121132,33357.655070646986,1,0.0,100.0
5867,35341.870871510255,0.0,-353418.7087151025,0.0,10.0,0.0,-0.0,0.1,0.296304226,29.6304226,0.0,0.0,100.0,1.0,0.11,-11.0,-198.72891860422155,198.72891860422155,0.0,-198.72891860422155,198.72891860422155,0.0,-65387.21795881692,65387.21795881692,0.0,0.0,6544.048095703125,6544.048095703125,0.0,0.0,23798.756828811976,23798.756828811976,0.0,-353429.7087151025,-353429.7087151025,65784.67579602536,65784.67579602536,65684.67579602536,0.0,100.0,0.0,0.0,65784.67579602536,35441.870871510255,1,0.0,100.0
5868,19942.09836655014,0.0,-199420.9836655014,0.0,10.0,0.0,-0.0,0.1,0.2973580389999999,29.73580389999999,0.0,0.0,100.0,1.0,0.11,-11.0,-303.5906034471144,303.5906034471144,0.0,-303.5906034471144,303.5906034471144,0.0,-64672.16288068608,64672.16288068608,0.0,0.0,20940.95390625,20940.95390625,0.0,0.0,24296.29181478017,24296.29181478017,0.0,-199431.9836655014,-199431.9836655014,65279.344087580306,65279.34408758031,65179.344087580306,0.0,100.0,0.0,0.0,65279.34408758031,20042.098366550148,1,0.0,100.0
5869,8958.053950864669,0.0,-89580.53950864669,0.0,10.0,0.0,-0.0,0.1,0.308586547,30.8586547,0.0,0.0,100.0,1.0,0.11,-11.0,-315.3131811752049,315.3131811752049,0.0,-315.3131811752049,315.3131811752049,0.0,-48708.92576416944,48708.92576416944,0.0,0.0,19108.620439453123,19108.620439453123,0.0,0.0,21172.877736202063,21172.877736202063,0.0,-89591.53950864669,-89591.53950864669,49339.552126519855,49339.552126519855,49239.552126519855,0.0,100.0,0.0,0.0,49339.552126519855,9058.053950864669,1,0.0,100.0
5870,10901.664067611884,0.0,-109016.64067611884,0.0,10.0,0.0,-0.0,0.1,0.327031699,32.7031699,0.0,0.0,100.0,1.0,0.08,-8.0,-330.2398893348295,330.2398893348295,0.0,-330.2398893348295,330.2398893348295,0.0,-48200.13778617789,48200.13778617789,0.0,0.0,17238.892412109373,17238.892412109373,0.0,0.0,20620.06108512629,20620.06108512629,0.0,-109024.64067611884,-109024.64067611884,48860.61756484755,48860.61756484755,48760.61756484755,0.0,100.0,0.0,0.0,48860.61756484755,11001.664067611884,1,0.0,100.0
5871,18319.51728878574,0.0,-183195.17288785742,0.0,10.0,0.0,-0.0,0.1,0.355578448,35.5578448,0.0,0.0,100.0,1.0,0.08,-8.0,-311.3024493821663,311.3024493821663,0.0,-311.3024493821663,311.3024493821663,0.0,-51047.980227342,51047.980227342,0.0,0.0,17164.103291015625,17164.103291015625,0.0,0.0,16086.96454630496,16086.96454630496,0.0,-183203.17288785742,-183203.17288785742,51670.58512610633,51670.58512610633,51570.58512610633,0.0,100.0,0.0,0.0,51670.58512610633,18419.51728878574,1,0.0,100.0
5872,29839.560497608418,0.0,-298395.6049760842,0.0,10.0,0.0,-0.0,0.1,0.363975901,36.3975901,0.0,0.0,100.0,1.0,0.08,-8.0,-286.44965814298604,286.44965814298604,0.0,-286.44965814298604,286.44965814298604,0.0,-48366.84455303009,48366.84455303009,0.0,0.0,9049.48365234375,9049.48365234375,0.0,0.0,9950.699719363893,9950.699719363893,0.0,-298403.6049760842,-298403.6049760842,48939.743869316066,48939.74386931606,48839.743869316066,0.0,100.0,0.0,0.0,48939.74386931606,29939.560497608414,1,0.0,100.0
5873,10416.543678572516,0.0,-104165.43678572516,0.0,10.0,0.0,-0.0,0.1,0.376514874,37.6514874,0.0,0.0,100.0,1.0,0.11,-11.0,-215.7683821569808,215.7683821569808,0.0,-215.7683821569808,215.7683821569808,0.0,-17936.43399431841,17936.43399431841,0.0,0.0,3926.428857421875,3926.428857421875,0.0,0.0,3924.99822263798,3924.99822263798,0.0,-104176.43678572516,-104176.43678572516,18367.97075863237,18367.97075863237,18267.97075863237,0.0,100.0,0.0,0.0,18367.97075863237,10516.543678572516,1,0.0,100.0
5874,18994.51691092234,0.0,-189945.16910922338,0.0,10.0,0.0,-0.0,0.1,0.390005181,39.0005181,0.0,0.0,100.0,1.0,0.11,-11.0,-220.10892486154592,220.10892486154592,0.0,-220.10892486154592,220.10892486154592,0.0,-19041.270716952287,19041.270716952287,0.0,0.0,0.0,0.0,0.0,0.0,386.9716557530403,386.9716557530403,0.0,-189956.16910922338,-189956.16910922338,19481.48856667538,19481.48856667538,19381.48856667538,0.0,100.0,0.0,0.0,19481.48856667538,19094.51691092234,1,0.0,100.0
5875,19929.094066140853,0.0,-199290.94066140853,0.0,10.0,0.0,-0.0,0.1,0.394924631,39.4924631,0.0,0.0,100.0,1.0,0.11,-11.0,-235.6379173402589,235.6379173402589,0.0,-235.6379173402589,235.6379173402589,0.0,-19557.818231460336,19557.818231460336,0.0,0.0,0.0,0.0,0.0,0.0,0.0,0.0,0.0,-199301.94066140853,-199301.94066140853,20029.094066140853,20029.094066140853,19929.094066140853,0.0,100.0,0.0,0.0,20029.094066140853,20029.094066140853,1,0.0,100.0
5876,18449.76469845844,0.0,-184497.6469845844,0.0,10.0,0.0,-0.0,0.1,0.394313712,39.4313712,0.0,0.0,100.0,1.0,0.11,-11.0,-234.8968868985932,234.8968868985932,0.0,-234.8968868985932,234.8968868985932,0.0,-18079.97092466125,18079.97092466125,0.0,0.0,0.0,0.0,0.0,0.0,0.0,0.0,0.0,-184508.6469845844,-184508.6469845844,18549.76469845844,18549.76469845844,18449.76469845844,0.0,100.0,0.0,0.0,18549.76469845844,18549.76469845844,1,0.0,100.0
5877,16969.64784183837,0.0,-169696.4784183837,0.0,10.0,0.0,-0.0,0.1,0.386033841,38.6033841,0.0,0.0,100.0,1.0,0.11,-11.0,-233.8422543389044,233.8422543389044,0.0,-233.8422543389044,233.8422543389044,0.0,-16601.963333160562,16601.963333160562,0.0,0.0,0.0,0.0,0.0,0.0,0.0,0.0,0.0,-169707.4784183837,-169707.4784183837,17069.64784183837,17069.64784183837,16969.64784183837,0.0,100.0,0.0,0.0,17069.64784183837,17069.64784183837,1,0.0,100.0
5878,15497.353024586908,0.0,-154973.53024586907,0.0,10.0,0.0,-0.0,0.1,0.387881151,38.7881151,0.0,0.0,100.0,1.0,0.11,-11.0,-236.64521927561967,236.64521927561967,0.0,-236.64521927561967,236.64521927561967,0.0,-15124.062586035669,15124.062586035669,0.0,0.0,0.0,0.0,0.0,0.0,0.0,0.0,0.0,-154984.53024586907,-154984.53024586907,15597.353024586908,15597.353024586908,15497.353024586908,0.0,100.0,0.0,0.0,15597.353024586908,15597.353024586908,1,0.0,100.0
5879,14752.645873999285,0.0,-147526.45873999284,0.0,10.0,0.0,-0.0,0.1,0.389777164,38.9777164,0.0,0.0,100.0,1.0,0.11,-11.0,-233.76683227452688,233.76683227452688,0.0,-233.76683227452688,233.76683227452688,0.0,-14385.112209450232,14385.112209450232,0.0,0.0,0.0,0.0,0.0,0.0,0.0,0.0,0.0,-147537.45873999284,-147537.45873999284,14852.645873999285,14852.645873999285,14752.645873999285,0.0,100.0,0.0,0.0,14852.645873999285,14852.645873999285,1,0.0,100.0
5880,14752.593370941793,0.0,-147525.93370941794,0.0,10.0,0.0,-0.0,0.1,0.406259266,40.6259266,0.0,0.0,100.0,1.0,0.08,-8.0,-233.75391513186025,233.75391513186025,0.0,-233.75391513186025,233.75391513186025,0.0,-14385.085540678072,14385.085540678072,0.0,0.0,0.0,0.0,0.0,0.0,0.0,0.0,0.0,-147533.93370941794,-147533.93370941794,14852.593370941793,14852.593370941793,14752.593370941793,0.0,100.0,0.0,0.0,14852.593370941793,14852.593370941793,1,0.0,100.0
5881,14752.570923768477,0.0,-147525.70923768476,0.0,10.0,0.0,-0.0,0.1,0.4147115879999999,41.47115879999999,0.0,0.0,100.0,1.0,0.08,-8.0,-233.742676430278,233.742676430278,0.0,-233.742676430278,233.742676430278,0.0,-14385.08557090792,14385.08557090792,0.0,0.0,0.0,0.0,0.0,0.0,0.0,0.0,0.0,-147533.70923768476,-147533.70923768476,14852.570923768477,14852.570923768477,14752.570923768477,0.0,100.0,0.0,0.0,14852.570923768477,14852.570923768477,1,0.0,100.0
5882,14752.550633727607,0.0,-147525.50633727608,0.0,10.0,0.0,-0.0,0.1,0.424173541,42.4173541,0.0,0.0,100.0,1.0,0.08,-8.0,-233.73252536387423,233.73252536387423,0.0,-233.73252536387423,233.73252536387423,0.0,-14385.085582999858,14385.085582999858,0.0,0.0,0.0,0.0,0.0,0.0,0.0,0.0,0.0,-147533.50633727608,-147533.50633727608,14852.550633727607,14852.550633727607,14752.550633727607,0.0,100.0,0.0,0.0,14852.550633727607,14852.550633727607,1,0.0,100.0
5883,15493.828835103104,0.0,-154938.28835103105,0.0,10.0,0.0,-0.0,0.1,0.4197029929999999,41.97029929999999,0.0,0.0,100.0,1.0,0.08,-8.0,-234.8964528738296,234.8964528738296,0.0,-234.8964528738296,234.8964528738296,0.0,-15124.035929355445,15124.035929355445,0.0,0.0,0.0,0.0,0.0,0.0,0.0,0.0,0.0,-154946.28835103105,-154946.28835103105,15593.828835103104,15593.828835103104,15493.828835103104,0.0,100.0,0.0,0.0,15593.828835103104,15593.828835103104,1,0.0,100.0
5884,16971.64294167124,0.0,-169716.42941671243,0.0,10.0,0.0,-0.0,0.1,0.4008082129999999,40.08082129999999,0.0,0.0,100.0,1.0,0.08,-8.0,-234.81304781661925,234.81304781661925,0.0,-234.81304781661925,234.81304781661925,0.0,-16602.016846038005,16602.016846038005,0.0,0.0,0.0,0.0,0.0,0.0,0.0,0.0,0.0,-169724.42941671243,-169724.42941671243,17071.64294167124,17071.64294167124,16971.64294167124,0.0,100.0,0.0,0.0,17071.64294167124,17071.64294167124,1,0.0,100.0
5885,16970.616091334337,0.0,-169706.16091334337,0.0,10.0,0.0,-0.0,0.1,0.377746782,37.7746782,0.0,0.0,100.0,1.0,0.11,-11.0,-234.7805130307921,234.7805130307921,0.0,-234.7805130307921,234.7805130307921,0.0,-16975.000670741505,16975.000670741505,0.0,0.0,373.94560546875,373.94560546875,0.0,0.0,0.0,0.0,0.0,-169717.16091334337,-169717.16091334337,17444.561696803088,17444.561696803088,17344.561696803088,0.0,100.0,0.0,0.0,17444.561696803088,17070.616091334337,1,0.0,100.0
5886,11469.684132979655,0.0,-114696.84132979656,0.0,10.0,0.0,-0.0,0.1,0.3401916,34.01916,0.0,0.0,100.0,1.0,0.11,-11.0,-198.4897433020436,198.4897433020436,0.0,-198.4897433020436,198.4897433020436,0.0,-17936.35390940432,17936.35390940432,0.0,0.0,4524.741826171875,4524.741826171875,0.0,0.0,2238.907436856876,2238.907436856876,0.0,-114707.84132979656,-114707.84132979656,18333.333396008406,18333.333396008406,18233.333396008406,0.0,100.0,0.0,0.0,18333.333396008406,11569.684132979655,1,0.0,100.0
5887,6.16886519603122,0.0,-61.6886519603122,0.0,10.0,0.0,-0.0,0.1,0.305948871,30.5948871,0.0,0.0,100.0,1.0,0.11,-11.0,-198.51365834685976,198.51365834685976,0.0,-198.51365834685976,198.51365834685976,0.0,-19572.545657318235,19572.545657318235,0.0,0.0,12041.04849609375,12041.04849609375,0.0,0.0,7822.355612722172,7822.355612722172,0.0,-72.6886519603122,-72.6886519603122,19969.572974011953,19969.572974011953,19869.572974011953,0.0,100.0,0.0,0.0,19969.572974011953,106.16886519603213,1,0.0,100.0
5888,0.0,0.0,-0.0,55.55555555555556,10.0,0.0,-0.0,0.1,0.292295834,0.0,0.0,100.0,0.0,1.0,0.11,0.0,-198.55209554310647,198.55209554310647,0.0,-198.55209554310647,198.55209554310647,0.0,-26385.837027346817,26385.837027346817,0.0,0.0,19295.5932421875,19295.5932421875,0.0,6011.66774977048,13654.571281571563,7642.903531801083,0.0,0.0,0.0,26938.496773988583,26938.496773988583,26938.496773988583,0.0,0.0,155.55555555555475,0.0,26782.94121843303,-6167.223305326035,1,-55.55555555555556,-100.0
5889,0.0,0.0,-0.0,44.44444444444444,60.0,0.0,-0.0,0.6,0.293875838,0.0,0.0,100.0,0.0,1.0,0.11,0.0,-198.61564604900897,198.61564604900897,0.0,-198.61564604900897,198.61564604900897,0.0,-24493.822147152325,24493.822147152325,0.0,953.7216963833343,25989.219580078123,25035.49788369479,0.0,19182.737792329284,19182.737792329284,0.0,0.0,0.0,0.0,25035.49788369479,25035.49788369479,25035.49788369479,0.0,0.0,144.44444444444525,0.0,24891.053439250343,-20280.903933157064,1,-44.44444444444444,-100.0
5890,0.0,0.0,-0.0,0.0,100.0,-0.0,-0.0,1.0,0.3165846989999999,0.0,0.0,100.0,0.0,1.0,0.11,0.0,-301.0012022510284,301.0012022510284,0.0,-301.0012022510284,301.0012022510284,0.0,-12763.754780137764,12763.754780137764,0.0,16113.340207938305,29579.097392578125,13465.75718463982,0.0,23328.86267539757,23328.86267539757,0.0,0.0,0.0,0.0,13465.75718463982,13465.75718463982,13465.75718463982,0.0,0.0,100.0,0.0,13365.75718463982,-39542.20288333588,1,-0.0,-100.0
5891,0.0,0.0,-0.0,0.0,100.0,-0.0,-0.0,1.0,0.369713035,0.0,0.0,100.0,0.0,1.0,0.11,0.0,-283.5196613589249,283.5196613589249,0.0,-283.5196613589249,283.5196613589249,0.0,-12763.754786183736,12763.754786183736,0.0,18242.39867430154,31673.192783203125,13430.794108901586,0.0,25650.69260991581,25650.69260991581,0.0,0.0,0.0,0.0,13430.794108901586,13430.794108901586,13430.794108901586,0.0,0.0,100.0,0.0,13330.794108901586,-43993.09128421735,1,-0.0,-100.0
5892,0.0,0.0,-0.0,0.0,100.0,-0.0,-0.0,1.0,0.394959832,0.0,0.0,100.0,0.0,1.0,0.11,0.0,-292.3161637980759,292.3161637980759,0.0,-292.3161637980759,292.3161637980759,0.0,-28736.196196218305,28736.196196218305,0.0,943.5546402480431,30364.3831640625,29420.828523814456,0.0,24987.312628624888,24987.312628624888,0.0,0.0,0.0,0.0,29420.828523814456,29420.828523814456,29420.828523814456,0.0,0.0,100.0,0.0,29320.828523814456,-26030.86726887293,1,-0.0,-100.0
5893,0.0,0.0,-0.0,0.0,100.0,-0.0,-0.0,1.0,0.406107856,0.0,0.0,100.0,0.0,1.0,0.11,0.0,-320.48869007550195,320.48869007550195,0.0,-320.48869007550195,320.48869007550195,0.0,-27672.32226626921,27672.32226626921,0.0,0.0,26250.98150390625,26250.98150390625,0.0,21995.769509497262,24158.08765201123,2162.3181425139664,0.0,0.0,0.0,28413.299646420215,28413.299646420215,28413.299646420215,0.0,0.0,100.0,0.0,28313.299646420215,-22095.76950949726,1,-0.0,-100.0
5894,0.0,0.0,-0.0,0.0,100.0,-0.0,-0.0,1.0,0.417760397,0.0,0.0,100.0,0.0,1.0,0.08,0.0,-318.0401267980029,318.0401267980029,0.0,-318.0401267980029,318.0401267980029,0.0,-31309.078910767515,31309.078910767515,0.0,0.0,24568.22627929688,24568.22627929688,0.0,13032.56486984449,20509.49775491113,7476.9328850666425,0.0,0.0,0.0,32045.159164363522,32045.159164363522,32045.159164363522,0.0,0.0,100.0,0.0,31945.159164363522,-13132.56486984449,1,-0.0,-100.0
5895,12022.909302403266,0.0,-120229.09302403266,0.0,100.0,45.0,-0.0,1.0,0.422553142,42.2553142,0.0,0.0,100.0,1.0,0.08,-8.0,-308.18763030954744,308.18763030954744,0.0,-308.18763030954744,308.18763030954744,0.0,-42887.31429520625,42887.31429520625,0.0,0.0,15967.477353515624,15967.477353515624,0.0,0.0,15368.302899906455,15368.302899906455,0.0,-120237.09302403266,-120237.09302403266,43503.689555825345,43503.689555825345,43358.689555825345,0.0,145.0,0.0,0.0,43503.689555825345,12167.909302403266,1,45.0,100.0
5896,22697.755903003643,0.0,-226977.55903003644,0.0,50.0,36.0,-0.0,0.5,0.4198002979999999,41.98002979999999,0.0,0.0,100.0,1.0,0.08,-8.0,-284.44002369471707,284.44002369471707,0.0,-284.44002369471707,284.44002369471707,0.0,-41611.33238079655,41611.33238079655,0.0,0.0,10059.136787109375,10059.136787109375,0.0,0.0,9287.319738072969,9287.319738072969,0.0,-226985.55903003644,-226985.55903003644,42180.21242818599,42180.21242818599,42044.21242818599,0.0,136.0,0.0,0.0,42180.21242818599,22833.755903003643,1,36.0,100.0
5897,27360.00124097063,0.0,-273600.0124097063,0.0,10.0,0.0,-0.0,0.1,0.41375915,41.375915,0.0,0.0,100.0,1.0,0.11,-11.0,-273.9308988695352,273.9308988695352,0.0,-273.9308988695352,273.9308988695352,0.0,-33963.63435009728,33963.63435009728,0.0,0.0,3402.905009765625,3402.905009765625,0.0,0.0,3648.5898971000943,3648.5898971000943,0.0,-273611.0124097063,-273611.0124097063,34511.49614783635,34511.49614783635,34411.49614783635,0.0,100.0,0.0,0.0,34511.49614783635,27460.00124097063,1,0.0,100.0
5898,19148.562966595724,0.0,-191485.62966595724,0.0,10.0,0.0,-0.0,0.1,0.401200201,40.1200201,0.0,0.0,100.0,1.0,0.11,-11.0,-255.71072214072333,255.71072214072333,0.0,-255.71072214072333,255.71072214072333,0.0,-19041.19068040595,19041.19068040595,0.0,0.0,0.0,0.0,0.0,0.0,304.0491580916745,304.0491580916745,0.0,-191496.62966595724,-191496.62966595724,19552.6121246874,19552.6121246874,19452.6121246874,0.0,100.0,0.0,0.0,19552.6121246874,19248.562966595724,1,0.0,100.0
5899,19928.86223507229,0.0,-199288.6223507229,0.0,10.0,0.0,-0.0,0.1,0.400964531,40.0964531,0.0,0.0,100.0,1.0,0.11,-11.0,-235.562032171082,235.562032171082,0.0,-235.562032171082,235.562032171082,0.0,-19557.73817073013,19557.73817073013,0.0,0.0,0.0,0.0,0.0,0.0,0.0,0.0,0.0,-199299.6223507229,-199299.6223507229,20028.86223507229,20028.86223507229,19928.86223507229,0.0,100.0,0.0,0.0,20028.86223507229,20028.86223507229,1,0.0,100.0
5900,18449.565024734842,0.0,-184495.6502473484,0.0,10.0,0.0,-0.0,0.1,0.404224106,40.422410600000006,0.0,0.0,100.0,1.0,0.11,-11.0,-234.82371880895693,234.82371880895693,0.0,-234.82371880895693,234.82371880895693,0.0,-18079.91758711693,18079.91758711693,0.0,0.0,0.0,0.0,0.0,0.0,0.0,0.0,0.0,-184506.6502473484,-184506.6502473484,18549.565024734842,18549.565024734842,18449.565024734842,0.0,100.0,0.0,0.0,18549.565024734842,18549.565024734842,1,0.0,100.0
5901,16969.601175352753,0.0,-169696.01175352753,0.0,10.0,0.0,-0.0,0.1,0.3991314489999999,39.91314489999999,0.0,0.0,100.0,1.0,0.11,-11.0,-233.8322464132233,233.8322464132233,0.0,-233.8322464132233,233.8322464132233,0.0,-16601.936682526306,16601.936682526306,0.0,0.0,0.0,0.0,0.0,0.0,0.0,0.0,0.0,-169707.01175352753,-169707.01175352753,17069.601175352753,17069.601175352753,16969.601175352753,0.0,100.0,0.0,0.0,17069.601175352753,17069.601175352753,1,0.0,100.0
5902,15497.183824015792,0.0,-154971.83824015793,0.0,10.0,0.0,-0.0,0.1,0.400632703,40.0632703,0.0,0.0,100.0,1.0,0.11,-11.0,-236.5739594221129,236.5739594221129,0.0,-236.5739594221129,236.5739594221129,0.0,-15124.035905171566,15124.035905171566,0.0,0.0,0.0,0.0,0.0,0.0,0.0,0.0,0.0,-154982.83824015793,-154982.83824015793,15597.183824015792,15597.183824015792,15497.183824015792,0.0,100.0,0.0,0.0,15597.183824015792,15597.183824015792,1,0.0,100.0
5903,14752.459755478456,0.0,-147524.59755478456,0.0,10.0,0.0,-0.0,0.1,0.403617182,40.3617182,0.0,0.0,100.0,1.0,0.11,-11.0,-233.68709833123845,233.68709833123845,0.0,-233.68709833123845,233.68709833123845,0.0,-14385.08555881598,14385.08555881598,0.0,0.0,0.0,0.0,0.0,0.0,0.0,0.0,0.0,-147535.59755478456,-147535.59755478456,14852.459755478456,14852.459755478456,14752.459755478456,0.0,100.0,0.0,0.0,14852.459755478456,14852.459755478456,1,0.0,100.0
5904,14752.420330353647,0.0,-147524.20330353646,0.0,10.0,0.0,-0.0,0.1,0.410097924,41.0097924,0.0,0.0,100.0,1.0,0.08,-8.0,-233.6673434470459,233.6673434470459,0.0,-233.6673434470459,233.6673434470459,0.0,-14385.085643459555,14385.085643459555,0.0,0.0,0.0,0.0,0.0,0.0,0.0,0.0,0.0,-147532.20330353646,-147532.20330353646,14852.420330353647,14852.420330353647,14752.420330353647,0.0,100.0,0.0,0.0,14852.420330353647,14852.420330353647,1,0.0,100.0
5905,14752.3410836582,0.0,-147523.410836582,0.0,10.0,0.0,-0.0,0.1,0.410288648,41.0288648,0.0,0.0,100.0,1.0,0.08,-8.0,-233.6277261452913,233.6277261452913,0.0,-233.6277261452913,233.6277261452913,0.0,-14385.085631367618,14385.085631367618,0.0,0.0,0.0,0.0,0.0,0.0,0.0,0.0,0.0,-147531.410836582,-147531.410836582,14852.3410836582,14852.3410836582,14752.3410836582,0.0,100.0,0.0,0.0,14852.3410836582,14852.3410836582,1,0.0,100.0
5906,14752.322118161994,0.0,-147523.22118161994,0.0,10.0,0.0,-0.0,0.1,0.418438191,41.843819100000005,0.0,0.0,100.0,1.0,0.08,-8.0,-233.61826153509807,233.61826153509807,0.0,-233.61826153509807,233.61826153509807,0.0,-14385.085595091798,14385.085595091798,0.0,0.0,0.0,0.0,0.0,0.0,0.0,0.0,0.0,-147531.22118161994,-147531.22118161994,14852.322118161994,14852.322118161994,14752.322118161994,0.0,100.0,0.0,0.0,14852.322118161994,14852.322118161994,1,0.0,100.0
5907,15493.581406989548,0.0,-154935.81406989548,0.0,10.0,0.0,-0.0,0.1,0.428841095,42.8841095,0.0,0.0,100.0,1.0,0.08,-8.0,-234.77270556421823,234.77270556421823,0.0,-234.77270556421823,234.77270556421823,0.0,-15124.035995861112,15124.035995861112,0.0,0.0,0.0,0.0,0.0,0.0,0.0,0.0,0.0,-154943.81406989548,-154943.81406989548,15593.581406989548,15593.581406989548,15493.581406989548,0.0,100.0,0.0,0.0,15593.581406989548,15593.581406989548,1,0.0,100.0
5908,16971.39332933185,0.0,-169713.93329331852,0.0,10.0,0.0,-0.0,0.1,0.422742351,42.2742351,0.0,0.0,100.0,1.0,0.08,-8.0,-234.68818421021152,234.68818421021152,0.0,-234.68818421021152,234.68818421021152,0.0,-16602.016960911427,16602.016960911427,0.0,0.0,0.0,0.0,0.0,0.0,0.0,0.0,0.0,-169721.93329331852,-169721.93329331852,17071.39332933185,17071.39332933185,16971.39332933185,0.0,100.0,0.0,0.0,17071.39332933185,17071.39332933185,1,0.0,100.0
5909,16970.473212999103,0.0,-169704.73212999103,0.0,10.0,0.0,-0.0,0.1,0.406300483,40.6300483,0.0,0.0,100.0,1.0,0.11,-11.0,-234.709031541387,234.709031541387,0.0,-234.709031541387,234.709031541387,0.0,-16975.00075538508,16975.00075538508,0.0,0.0,373.94560546875,373.94560546875,0.0,0.0,0.0,0.0,0.0,-169715.73212999103,-169715.73212999103,17444.418818467853,17444.418818467853,17344.418818467853,0.0,100.0,0.0,0.0,17444.418818467853,17070.473212999103,1,0.0,100.0
5910,11051.826406985878,0.0,-110518.26406985878,0.0,10.0,0.0,-0.0,0.1,0.377086086,37.7086086,0.0,0.0,100.0,1.0,0.11,-11.0,-198.48741844733016,198.48741844733016,0.0,-198.48741844733016,198.48741844733016,0.0,-17936.354024277738,17936.354024277738,0.0,0.0,4749.109189453125,4749.109189453125,0.0,0.0,2432.393264733396,2432.393264733396,0.0,-110529.26406985878,-110529.26406985878,18333.3288611724,18333.3288611724,18233.3288611724,0.0,100.0,0.0,0.0,18333.3288611724,11151.826406985878,1,0.0,100.0
5911,2295.6632701093313,0.0,-22956.632701093313,0.0,10.0,0.0,-0.0,0.1,0.353079796,35.3079796,0.0,0.0,100.0,1.0,0.11,-11.0,-198.53520079549384,198.53520079549384,0.0,-198.53520079549384,198.53520079549384,0.0,-21982.314035542506,21982.314035542506,0.0,0.0,12078.443056640624,12078.443056640624,0.0,0.0,7905.278110383537,7905.278110383537,0.0,-22967.632701093313,-22967.632701093313,22379.384437133493,22379.384437133493,22279.384437133493,0.0,100.0,0.0,0.0,22379.384437133493,2395.663270109333,1,0.0,100.0
5912,3852.476772323047,0.0,-38524.76772323047,0.0,10.0,0.0,-0.0,0.1,0.334345057,33.4345057,0.0,0.0,100.0,1.0,0.11,-11.0,-198.6385183548745,198.6385183548745,0.0,-198.6385183548745,198.6385183548745,0.0,-37573.57138153677,37573.57138153677,0.0,0.0,19893.9062109375,19893.9062109375,0.0,0.0,14124.46543498597,14124.46543498597,0.0,-38535.76772323047,-38535.76772323047,37970.84841824652,37970.84841824652,37870.84841824652,0.0,100.0,0.0,0.0,37970.84841824652,3952.476772323047,1,0.0,100.0
5913,0.0,0.0,-0.0,55.55555555555556,10.0,0.0,-0.0,0.1,0.33309965,0.0,0.0,100.0,0.0,1.0,0.11,0.0,-230.4268039739304,230.4268039739304,0.0,-230.4268039739304,230.4268039739304,0.0,-12763.701406317625,12763.701406317625,0.0,13207.421979007084,26587.532548828123,13380.11056982104,0.0,19072.17446211413,19072.17446211413,0.0,0.0,0.0,0.0,13380.11056982104,13380.11056982104,13380.11056982104,0.0,0.0,155.55555555555475,0.0,13224.555014265485,-32435.151996676766,1,-55.55555555555556,-100.0
5914,0.0,0.0,-0.0,44.44444444444444,60.0,0.0,-0.0,0.6,0.361981744,0.0,0.0,100.0,0.0,1.0,0.11,0.0,-340.3439412707501,340.3439412707501,0.0,-340.3439412707501,340.3439412707501,0.0,-20848.8327843682,20848.8327843682,0.0,8690.418052708355,30364.3831640625,21673.965111354144,0.0,23107.736014967264,23107.736014967264,0.0,0.0,0.0,0.0,21673.965111354144,21673.965111354144,21673.965111354144,0.0,0.0,144.44444444444525,0.0,21529.5206669097,-31942.59851212006,1,-44.44444444444444,-100.0
5915,0.0,0.0,-0.0,0.0,100.0,-0.0,-0.0,1.0,0.4140937739999999,0.0,0.0,100.0,0.0,1.0,0.11,0.0,-349.55815859029656,349.55815859029656,0.0,-349.55815859029656,349.55815859029656,0.0,-38786.94163924726,38786.94163924726,0.0,0.0,31299.24717773437,31299.24717773437,0.0,17087.473505684437,25374.284284377925,8286.810778693489,0.0,0.0,0.0,39586.05795642786,39586.05795642786,39586.05795642786,0.0,0.0,100.0,0.0,39486.05795642786,-17187.473505684437,1,-0.0,-100.0
5916,0.0,0.0,-0.0,0.0,100.0,-0.0,-0.0,1.0,0.426982602,0.0,0.0,100.0,0.0,1.0,0.11,0.0,-351.37600618605273,351.37600618605273,0.0,-351.37600618605273,351.37600618605273,0.0,-43296.24258244519,43296.24258244519,0.0,0.0,30140.01580078125,30140.01580078125,0.0,11719.354648433553,25678.3334424696,13958.978794036047,0.0,0.0,0.0,44098.9945948173,44098.9945948173,44098.9945948173,0.0,0.0,100.0,0.0,43998.9945948173,-11819.354648433553,1,-0.0,-100.0
5917,0.0,0.0,-0.0,0.0,100.0,-0.0,-0.0,1.0,0.4288462229999999,0.0,0.0,100.0,0.0,1.0,0.11,0.0,-363.6962306997622,363.6962306997622,0.0,-363.6962306997622,363.6962306997622,0.0,-36290.84696548856,36290.84696548856,0.0,0.0,28719.0225,28719.0225,0.0,15537.74406469283,23936.96099158092,8399.21692688809,0.0,0.0,0.0,37118.23942688809,37118.23942688809,37118.23942688809,0.0,0.0,100.0,0.0,37018.23942688809,-15637.74406469283,1,-0.0,-100.0
5918,0.0,0.0,-0.0,0.0,100.0,-0.0,-0.0,1.0,0.428516707,0.0,0.0,100.0,0.0,1.0,0.08,0.0,-362.761292194804,362.761292194804,0.0,-362.761292194804,362.761292194804,0.0,-12763.701394225682,12763.701394225682,0.0,10605.056695212836,24194.280673828125,13589.22397861529,0.0,20371.293592142192,20371.293592142192,0.0,0.0,0.0,0.0,13589.22397861529,13589.22397861529,13589.22397861529,0.0,0.0,100.0,0.0,13489.22397861529,-31076.350287355028,1,-0.0,-100.0
5919,0.0,0.0,-0.0,0.0,100.0,-0.0,-0.0,1.0,0.42549932,0.0,0.0,100.0,0.0,1.0,0.08,0.0,-362.4156658024878,362.4156658024878,0.0,-362.4156658024878,362.4156658024878,0.0,-15719.502858245623,15719.502858245623,0.0,0.0,13798.592841796875,13798.592841796875,0.0,13037.174040159558,15782.915388213283,2745.7413480537252,0.0,0.0,0.0,16544.3341898506,16544.3341898506,16544.3341898506,0.0,0.0,100.0,0.0,16444.3341898506,-13137.174040159556,1,-0.0,-100.0
5920,0.0,0.0,-0.0,0.0,100.0,-0.0,-0.0,1.0,0.423573087,0.0,0.0,100.0,0.0,1.0,0.08,0.0,-358.4574521774188,358.4574521774188,0.0,-358.4574521774188,358.4574521774188,0.0,-17936.354006139834,17936.354006139834,0.0,0.0,9573.0075,9573.0075,0.0,494.0299833313329,9674.291393826006,9180.261410494673,0.0,0.0,0.0,18753.268910494673,18753.268910494673,18753.268910494673,0.0,0.0,100.0,0.0,18653.268910494673,-594.0299833313329,1,-0.0,-100.0
5921,11311.097016447477,0.0,-113110.97016447477,0.0,100.0,45.0,-0.0,1.0,0.417374081,41.7374081,0.0,0.0,100.0,1.0,0.11,-11.0,-344.9673089550813,344.9673089550813,0.0,-344.9673089550813,344.9673089550813,0.0,-17936.354012185802,17936.354012185802,0.0,0.0,3328.115888671875,3328.115888671875,0.0,0.0,3842.0757249766143,3842.0757249766143,0.0,-113121.97016447477,-113121.97016447477,18626.288630095965,18626.288630095965,18481.288630095965,0.0,145.0,0.0,0.0,18626.288630095965,11456.097016447477,1,45.0,100.0
5922,19259.84443996112,0.0,-192598.4443996112,0.0,50.0,36.0,-0.0,0.5,0.415457113,41.5457113,0.0,0.0,100.0,1.0,0.11,-11.0,-329.35144068551114,329.35144068551114,0.0,-329.35144068551114,329.35144068551114,0.0,-19041.190716681773,19041.190716681773,0.0,0.0,0.0,0.0,0.0,0.0,304.0491580916745,304.0491580916745,0.0,-192609.4443996112,-192609.4443996112,19699.893598052797,19699.893598052797,19563.893598052797,0.0,136.0,0.0,0.0,19699.893598052797,19395.84443996112,1,36.0,100.0
5923,20087.596444564548,0.0,-200875.96444564548,0.0,10.0,0.0,-0.0,0.1,0.408101595,40.8101595,0.0,0.0,100.0,1.0,0.11,-11.0,-314.9291248252695,314.9291248252695,0.0,-314.9291248252695,314.9291248252695,0.0,-19557.738194914007,19557.738194914007,0.0,0.0,0.0,0.0,0.0,0.0,0.0,0.0,0.0,-200886.96444564548,-200886.96444564548,20187.596444564548,20187.596444564548,20087.596444564548,0.0,100.0,0.0,0.0,20187.596444564548,20187.596444564548,1,0.0,100.0
5924,18477.177807204145,0.0,-184771.77807204146,0.0,10.0,0.0,-0.0,0.1,0.399043047,39.9043047,0.0,0.0,100.0,1.0,0.11,-11.0,-248.6300405149586,248.6300405149586,0.0,-248.6300405149586,248.6300405149586,0.0,-18079.91772617423,18079.91772617423,0.0,0.0,0.0,0.0,0.0,0.0,0.0,0.0,0.0,-184782.77807204146,-184782.77807204146,18577.177807204145,18577.177807204145,18477.177807204145,0.0,100.0,0.0,0.0,18577.177807204145,18577.177807204145,1,0.0,100.0
5925,16969.76642926567,0.0,-169697.6642926567,0.0,10.0,0.0,-0.0,0.1,0.39822817,39.822817,0.0,0.0,100.0,1.0,0.11,-11.0,-233.91485220878948,233.91485220878948,0.0,-233.91485220878948,233.91485220878948,0.0,-16601.936724848092,16601.936724848092,0.0,0.0,0.0,0.0,0.0,0.0,0.0,0.0,0.0,-169708.6642926567,-169708.6642926567,17069.76642926567,17069.76642926567,16969.76642926567,0.0,100.0,0.0,0.0,17069.76642926567,17069.76642926567,1,0.0,100.0
5926,15497.402832623988,0.0,-154974.02832623987,0.0,10.0,0.0,-0.0,0.1,0.391475887,39.1475887,0.0,0.0,100.0,1.0,0.11,-11.0,-236.6834093124836,236.6834093124836,0.0,-236.6834093124836,236.6834093124836,0.0,-15124.03601399902,15124.03601399902,0.0,0.0,0.0,0.0,0.0,0.0,0.0,0.0,0.0,-154985.02832623987,-154985.02832623987,15597.402832623988,15597.402832623988,15497.402832623988,0.0,100.0,0.0,0.0,15597.402832623988,15597.402832623988,1,0.0,100.0
5927,14752.60566694025,0.0,-147526.0566694025,0.0,10.0,0.0,-0.0,0.1,0.390110042,39.0110042,0.0,0.0,100.0,1.0,0.11,-11.0,-233.7600087173637,233.7600087173637,0.0,-233.7600087173637,233.7600087173637,0.0,-14385.085649505523,14385.085649505523,0.0,0.0,0.0,0.0,0.0,0.0,0.0,0.0,0.0,-147537.0566694025,-147537.0566694025,14852.60566694025,14852.60566694025,14752.60566694025,0.0,100.0,0.0,0.0,14852.60566694025,14852.60566694025,1,0.0,100.0
5928,17765.844615629077,0.0,-177658.44615629077,0.0,10.0,0.0,-0.0,0.1,0.398441735,39.844173500000004,0.0,0.0,100.0,1.0,0.08,-8.0,-233.68846325188,233.68846325188,0.0,-233.68846325188,233.68846325188,0.0,-17398.46768912532,17398.46768912532,0.0,0.0,0.0,0.0,0.0,0.0,0.0,0.0,0.0,-177666.44615629077,-177666.44615629077,17865.844615629077,17865.844615629077,17765.844615629077,0.0,100.0,0.0,0.0,17865.844615629077,17865.844615629077,1,0.0,100.0
5929,17765.74976964931,0.0,-177657.49769649308,0.0,10.0,0.0,-0.0,0.1,0.408037935,40.803793500000005,0.0,0.0,100.0,1.0,0.08,-8.0,-233.641046307964,233.641046307964,0.0,-233.641046307964,233.641046307964,0.0,-17398.46767703338,17398.46767703338,0.0,0.0,0.0,0.0,0.0,0.0,0.0,0.0,0.0,-177665.49769649308,-177665.49769649308,17865.74976964931,17865.74976964931,17765.74976964931,0.0,100.0,0.0,0.0,17865.74976964931,17865.74976964931,1,0.0,100.0
5930,17765.353088839944,0.0,-177653.53088839943,0.0,10.0,0.0,-0.0,0.1,0.406723535,40.6723535,0.0,0.0,100.0,1.0,0.08,-8.0,-233.44270590328168,233.44270590328168,0.0,-233.44270590328168,233.44270590328168,0.0,-17398.46767703338,17398.46767703338,0.0,0.0,0.0,0.0,0.0,0.0,0.0,0.0,0.0,-177661.53088839943,-177661.53088839943,17865.353088839944,17865.353088839944,17765.353088839944,0.0,100.0,0.0,0.0,17865.353088839944,17865.353088839944,1,0.0,100.0
5931,18514.247152659136,0.0,-185142.47152659137,0.0,10.0,0.0,-0.0,0.1,0.42627611,42.627611,0.0,0.0,100.0,1.0,0.08,-8.0,-238.41455254314724,238.41455254314724,0.0,-238.41455254314724,238.41455254314724,0.0,-18137.418047572843,18137.418047572843,0.0,0.0,0.0,0.0,0.0,0.0,0.0,0.0,0.0,-185150.47152659137,-185150.47152659137,18614.247152659136,18614.247152659136,18514.247152659136,0.0,100.0,0.0,0.0,18614.247152659136,18614.247152659136,1,0.0,100.0
5932,21497.19165985048,0.0,-214971.9165985048,0.0,10.0,0.0,-0.0,0.1,0.415447527,41.5447527,0.0,0.0,100.0,1.0,0.08,-8.0,-237.5574733442958,237.5574733442958,0.0,-237.5574733442958,237.5574733442958,0.0,-21122.07671316189,21122.07671316189,0.0,0.0,0.0,0.0,0.0,0.0,0.0,0.0,0.0,-214979.9165985048,-214979.9165985048,21597.19165985048,21597.19165985048,21497.19165985048,0.0,100.0,0.0,0.0,21597.19165985048,21597.19165985048,1,0.0,100.0
5933,57841.9933145782,0.0,-578419.933145782,0.0,10.0,0.0,-0.0,0.1,0.411019665,41.101966499999996,0.0,0.0,100.0,1.0,0.11,-11.0,-329.29648979472444,329.29648979472444,0.0,-329.29648979472444,329.29648979472444,0.0,-57619.95137991063,57619.95137991063,0.0,0.0,336.551044921875,336.551044921875,0.0,0.0,0.0,0.0,0.0,-578430.933145782,-578430.933145782,58278.544359500076,58278.544359500076,58178.544359500076,0.0,100.0,0.0,0.0,58278.544359500076,57941.9933145782,1,0.0,100.0
5934,59893.54131888468,0.0,-598935.4131888468,0.0,10.0,0.0,-0.0,0.1,0.397998501,39.7998501,0.0,0.0,100.0,1.0,0.11,-11.0,-575.9376908066835,575.9376908066835,0.0,-575.9376908066835,575.9376908066835,0.0,-65122.42661604163,65122.42661604163,0.0,0.0,4262.97990234375,4262.97990234375,0.0,0.0,2017.7807764265672,2017.7807764265672,0.0,-598946.4131888468,-598946.4131888468,66274.301997655,66274.301997655,66174.301997655,0.0,100.0,0.0,0.0,66274.301997655,59993.54131888468,1,0.0,100.0
5935,83401.33646815117,0.0,-834013.3646815118,0.0,10.0,0.0,-0.0,0.1,0.375144583,37.5144583,0.0,0.0,100.0,1.0,0.11,-11.0,-857.71723659327,857.71723659327,0.0,-857.71723659327,857.71723659327,0.0,-98643.0,98643.0,0.0,0.0,11218.3681640625,11218.3681640625,0.0,0.0,5638.729840972873,5638.729840972873,0.0,-834024.3646815118,-834024.3646815118,100358.43447318654,100358.43447318654,100258.43447318654,0.0,100.0,0.0,0.0,100358.43447318654,83501.33646815117,1,0.0,100.0
5936,70306.78885114388,0.0,-703067.8885114389,0.0,10.0,0.0,-0.0,0.1,0.361527548,36.1527548,0.0,0.0,100.0,1.0,0.11,-11.0,-939.2874251398802,939.2874251398802,0.0,-939.2874251398802,939.2874251398802,0.0,-95880.28394704813,95880.28394704813,0.0,0.0,19557.355166015623,19557.355166015623,0.0,0.0,7794.714780168383,7794.714780168383,0.0,-703078.8885114389,-703078.8885114389,97758.85879732788,97758.85879732789,97658.85879732788,0.0,100.0,0.0,0.0,97758.85879732789,70406.78885114388,1,0.0,100.0
5937,54042.70576399254,0.0,-540427.0576399254,0.0,10.0,0.0,-0.0,0.1,0.3672056429999999,36.72056429999999,0.0,0.0,100.0,1.0,0.11,-11.0,-1061.494680326646,1061.494680326646,0.0,-1061.494680326646,1061.494680326646,0.0,-92385.4096142384,92385.4096142384,0.0,0.0,26213.586943359373,26213.586943359373,0.0,0.0,14152.10626753976,14152.10626753976,0.0,-540438.0576399254,-540438.0576399254,94508.39897489166,94508.39897489168,94408.39897489166,0.0,100.0,0.0,0.0,94508.39897489168,54142.70576399255,1,0.0,100.0
5938,43702.764318863454,0.0,-437027.64318863454,0.0,10.0,0.0,-0.0,0.1,0.37390869,37.390869,0.0,0.0,100.0,1.0,0.11,-11.0,-1168.9615340212622,1168.9615340212622,0.0,-1168.9615340212622,1168.9615340212622,0.0,-91889.98744323206,91889.98744323206,0.0,0.0,29915.6484375,29915.6484375,0.0,0.0,20509.49775491113,20509.49775491113,0.0,-437038.64318863454,-437038.64318863454,94227.91051127459,94227.91051127459,94127.91051127459,0.0,100.0,0.0,0.0,94227.91051127459,43802.764318863454,1,0.0,100.0
5939,35981.21602318491,0.0,-359812.1602318491,0.0,10.0,0.0,-0.0,0.1,0.40773226,40.773226,0.0,0.0,100.0,1.0,0.11,-11.0,-1220.79415876787,1220.79415876787,0.0,-1220.79415876787,1220.79415876787,0.0,-89202.60157245299,89202.60157245299,0.0,0.0,32234.11119140625,32234.11119140625,0.0,0.0,23328.86267539757,23328.86267539757,0.0,-359823.1602318491,-359823.1602318491,91644.18988998873,91644.18988998873,91544.18988998873,0.0,100.0,0.0,0.0,91644.18988998873,36081.21602318491,1,0.0,100.0
5940,38171.354781150774,0.0,-381713.5478115077,0.0,10.0,0.0,-0.0,0.1,0.427242175,42.7242175,0.0,0.0,100.0,1.0,0.11,-11.0,-1253.2525230979384,1253.2525230979384,0.0,-1253.2525230979384,1253.2525230979384,0.0,-91498.56127079812,91498.56127079812,0.0,0.0,31934.954707031247,31934.954707031247,0.0,0.0,23798.756828811976,23798.756828811976,0.0,-381724.5478115077,-381724.5478115077,94005.066316994,94005.066316994,93905.066316994,0.0,100.0,0.0,0.0,94005.066316994,38271.354781150774,1,0.0,100.0
5941,42171.12125021391,0.0,-421711.2125021391,0.0,10.0,0.0,-0.0,0.1,0.437889067,43.788906700000005,0.0,0.0,100.0,1.0,0.11,-11.0,-1310.9035081740476,1310.9035081740476,0.0,-1310.9035081740476,1310.9035081740476,0.0,-91040.30083367434,91040.30083367434,0.0,0.0,29167.7572265625,29167.7572265625,0.0,0.0,22223.229373246028,22223.229373246028,0.0,-421722.2125021391,-421722.2125021391,93662.10785002244,93662.10785002244,93562.10785002244,0.0,100.0,0.0,0.0,93662.10785002244,42271.12125021391,1,0.0,100.0
5942,52074.26199996496,0.0,-520742.6199996496,0.0,10.0,0.0,-0.0,0.1,0.443027735,44.3027735,0.0,0.0,100.0,1.0,0.08,-8.0,-1340.0935802583022,1340.0935802583022,0.0,-1340.0935802583022,1340.0935802583022,0.0,-90271.3611718852,90271.3611718852,0.0,0.0,21539.266875,21539.266875,0.0,0.0,19238.01945743685,19238.01945743685,0.0,-520750.6199996496,-520750.6199996496,92951.54833240181,92951.54833240181,92851.54833240181,0.0,100.0,0.0,0.0,92951.54833240181,52174.26199996496,1,0.0,100.0
5943,67944.52663984854,0.0,-679445.2663984854,0.0,10.0,0.0,-0.0,0.1,0.428216781,42.8216781,0.0,0.0,100.0,1.0,0.08,-8.0,-1327.5856744491828,1327.5856744491828,0.0,-1327.5856744491828,1327.5856744491828,0.0,-93733.50746174174,93733.50746174174,0.0,0.0,14247.327568359377,14247.327568359377,0.0,0.0,14096.824602432182,14096.824602432182,0.0,-679453.2663984854,-679453.2663984854,96388.67881064009,96388.6788106401,96288.67881064009,0.0,100.0,0.0,0.0,96388.6788106401,68044.52663984854,1,0.0,100.0
5944,75314.22730494892,0.0,-753142.2730494891,0.0,10.0,0.0,-0.0,0.1,0.409852987,40.9852987,0.0,0.0,100.0,1.0,0.08,-8.0,-1056.7989524755708,1056.7989524755708,0.0,-1056.7989524755708,1056.7989524755708,0.0,-89115.73048063864,89115.73048063864,0.0,0.0,6693.626337890625,6693.626337890625,0.0,0.0,9121.474742750235,9121.474742750235,0.0,-753150.2730494891,-753150.2730494891,91229.32838558978,91229.32838558978,91129.32838558978,0.0,100.0,0.0,0.0,91229.32838558978,75414.22730494892,1,0.0,100.0
5945,73145.08659483687,0.0,-731450.8659483688,0.0,10.0,0.0,-0.0,0.1,0.413348666,41.3348666,0.0,0.0,100.0,1.0,0.11,-11.0,-981.7182872991524,981.7182872991524,0.0,-981.7182872991524,981.7182872991524,0.0,-77609.62222642936,77609.62222642936,0.0,0.0,3066.35396484375,3066.35396484375,0.0,0.0,3261.6182413470538,3261.6182413470538,0.0,-731461.8659483688,-731461.8659483688,79573.05880102768,79573.05880102767,79473.05880102768,0.0,100.0,0.0,0.0,79573.05880102767,73245.08659483687,1,0.0,100.0
5946,78248.36937341811,0.0,-782483.6937341811,0.0,10.0,0.0,-0.0,0.1,0.408081973,40.808197299999996,0.0,0.0,100.0,1.0,0.11,-11.0,-904.0393958261903,904.0393958261903,0.0,-904.0393958261903,904.0393958261903,0.0,-76761.41724219604,76761.41724219604,0.0,0.0,0.0,0.0,0.0,0.0,221.1266604303088,221.1266604303088,0.0,-782494.6937341811,-782494.6937341811,78569.49603384842,78569.49603384842,78469.49603384842,0.0,100.0,0.0,0.0,78569.49603384842,78348.36937341811,1,0.0,100.0
5947,67176.49420355671,0.0,-671764.942035567,0.0,10.0,0.0,-0.0,0.1,0.407544337,40.7544337,0.0,0.0,100.0,1.0,0.11,-11.0,-841.4427008697623,841.4427008697623,0.0,-841.4427008697623,841.4427008697623,0.0,-65593.60880181719,65593.60880181719,0.0,0.0,0.0,0.0,0.0,0.0,0.0,0.0,0.0,-671775.942035567,-671775.942035567,67276.49420355671,67276.49420355671,67176.49420355671,0.0,100.0,0.0,0.0,67276.49420355671,67276.49420355671,1,0.0,100.0
5948,63158.17002228819,0.0,-631581.700222882,0.0,10.0,0.0,-0.0,0.1,0.4087262279999999,40.87262279999999,0.0,0.0,100.0,1.0,0.11,-11.0,-233.714339420833,233.714339420833,0.0,-233.714339420833,233.714339420833,0.0,-62790.74134344653,62790.74134344653,0.0,0.0,0.0,0.0,0.0,0.0,0.0,0.0,0.0,-631592.700222882,-631592.700222882,63258.17002228819,63258.17002228819,63158.17002228819,0.0,100.0,0.0,0.0,63258.17002228819,63258.17002228819,1,0.0,100.0
5949,21489.533722322376,0.0,-214895.33722322376,0.0,10.0,0.0,-0.0,0.1,0.404898131,40.4898131,0.0,0.0,100.0,1.0,0.11,-11.0,-233.7686558647393,233.7686558647393,0.0,-233.7686558647393,233.7686558647393,0.0,-21121.996410592896,21121.996410592896,0.0,0.0,0.0,0.0,0.0,0.0,0.0,0.0,0.0,-214906.33722322376,-214906.33722322376,21589.533722322376,21589.533722322376,21489.533722322376,0.0,100.0,0.0,0.0,21589.533722322376,21589.533722322376,1,0.0,100.0
5950,18510.801551778375,0.0,-185108.01551778376,0.0,10.0,0.0,-0.0,0.1,0.40410606,40.410606,0.0,0.0,100.0,1.0,0.11,-11.0,-236.6917521027657,236.6917521027657,0.0,-236.6917521027657,236.6917521027657,0.0,-18137.418047572843,18137.418047572843,0.0,0.0,0.0,0.0,0.0,0.0,0.0,0.0,0.0,-185119.01551778376,-185119.01551778376,18610.801551778375,18610.801551778375,18510.801551778375,0.0,100.0,0.0,0.0,18610.801551778375,18610.801551778375,1,0.0,100.0
5951,17765.740094281744,0.0,-177657.40094281745,0.0,10.0,0.0,-0.0,0.1,0.408425881,40.8425881,0.0,0.0,100.0,1.0,0.11,-11.0,-233.63620257821248,233.63620257821248,0.0,-233.63620257821248,233.63620257821248,0.0,-17398.46768912532,17398.46768912532,0.0,0.0,0.0,0.0,0.0,0.0,0.0,0.0,0.0,-177668.40094281745,-177668.40094281745,17865.740094281744,17865.740094281744,17765.740094281744,0.0,100.0,0.0,0.0,17865.740094281744,17865.740094281744,1,0.0,100.0
5952,17765.536942195762,0.0,-177655.3694219576,0.0,10.0,0.0,-0.0,0.1,0.414418654,41.4418654,0.0,0.0,100.0,1.0,0.08,-8.0,-233.534584213438,233.534584213438,0.0,-233.534584213438,233.534584213438,0.0,-17398.467773768887,17398.467773768887,0.0,0.0,0.0,0.0,0.0,0.0,0.0,0.0,0.0,-177663.3694219576,-177663.3694219576,17865.536942195762,17865.536942195762,17765.536942195762,0.0,100.0,0.0,0.0,17865.536942195762,17865.536942195762,1,0.0,100.0
5953,17765.279223140413,0.0,-177652.79223140414,0.0,10.0,0.0,-0.0,0.1,0.41900253,41.900253,0.0,0.0,100.0,1.0,0.08,-8.0,-233.4057216627775,233.4057216627775,0.0,-233.4057216627775,233.4057216627775,0.0,-17398.46777981486,17398.46777981486,0.0,0.0,0.0,0.0,0.0,0.0,0.0,0.0,0.0,-177660.79223140414,-177660.79223140414,17865.279223140413,17865.279223140413,17765.279223140413,0.0,100.0,0.0,0.0,17865.279223140413,17865.279223140413,1,0.0,100.0
5954,17765.0802823899,0.0,-177650.802823899,0.0,10.0,0.0,-0.0,0.1,0.4315076989999999,43.15076989999999,0.0,0.0,100.0,1.0,0.08,-8.0,-233.30625128752064,233.30625128752064,0.0,-233.30625128752064,233.30625128752064,0.0,-17398.46777981486,17398.46777981486,0.0,0.0,0.0,0.0,0.0,0.0,0.0,0.0,0.0,-177658.802823899,-177658.802823899,17865.0802823899,17865.0802823899,17765.0802823899,0.0,100.0,0.0,0.0,17865.0802823899,17865.0802823899,1,0.0,100.0
5955,18505.933982587438,0.0,-185059.33982587437,0.0,10.0,0.0,-0.0,0.1,0.422604304,42.2604304,0.0,0.0,100.0,1.0,0.08,-8.0,-234.2579191395429,234.2579191395429,0.0,-234.2579191395429,234.2579191395429,0.0,-18137.41814430835,18137.41814430835,0.0,0.0,0.0,0.0,0.0,0.0,0.0,0.0,0.0,-185067.33982587437,-185067.33982587437,18605.933982587438,18605.933982587438,18505.933982587438,0.0,100.0,0.0,0.0,18605.933982587438,18605.933982587438,1,0.0,100.0
5956,21490.462254509985,0.0,-214904.62254509985,0.0,10.0,0.0,-0.0,0.1,0.41617464,41.617464,0.0,0.0,100.0,1.0,0.08,-8.0,-234.1927283522576,234.1927283522576,0.0,-234.1927283522576,234.1927283522576,0.0,-21122.07679780547,21122.07679780547,0.0,0.0,0.0,0.0,0.0,0.0,0.0,0.0,0.0,-214912.62254509985,-214912.62254509985,21590.462254509985,21590.462254509985,21490.462254509985,0.0,100.0,0.0,0.0,21590.462254509985,21590.462254509985,1,0.0,100.0
5957,31635.42429403623,0.0,-316354.2429403623,0.0,10.0,0.0,-0.0,0.1,0.411892734,41.1892734,0.0,0.0,100.0,1.0,0.11,-11.0,-332.71967084660963,332.71967084660963,0.0,-332.71967084660963,332.71967084660963,0.0,-31443.930557811764,31443.930557811764,0.0,0.0,373.94560546875,373.94560546875,0.0,0.0,0.0,0.0,0.0,-316365.2429403623,-316365.2429403623,32109.36989950498,32109.36989950498,32009.36989950498,0.0,100.0,0.0,0.0,32109.36989950498,31735.42429403623,1,0.0,100.0
5958,34238.159823436945,0.0,-342381.5982343694,0.0,10.0,0.0,-0.0,0.1,0.406632874,40.663287399999994,0.0,0.0,100.0,1.0,0.11,-11.0,-576.0009091307098,576.0009091307098,0.0,-576.0009091307098,576.0009091307098,0.0,-40122.13366922889,40122.13366922889,0.0,0.0,4973.476552734375,4973.476552734375,0.0,0.0,1962.49911131899,1962.49911131899,0.0,-342392.5982343694,-342392.5982343694,41274.13548749031,41274.13548749031,41174.13548749031,0.0,100.0,0.0,0.0,41274.13548749031,34338.159823436945,1,0.0,100.0
5959,62066.99563682047,0.0,-620669.9563682047,0.0,10.0,0.0,-0.0,0.1,0.399591595,39.959159500000005,0.0,0.0,100.0,1.0,0.11,-11.0,-855.8488744230859,855.8488744230859,0.0,-855.8488744230859,855.8488744230859,0.0,-79348.00053511641,79348.00053511641,0.0,0.0,12452.388662109375,12452.388662109375,0.0,0.0,6440.313985032742,6440.313985032742,0.0,-620680.9563682047,-620680.9563682047,81059.69828396259,81059.69828396259,80959.69828396259,0.0,100.0,0.0,0.0,81059.69828396259,62166.99563682047,1,0.0,100.0
5960,53161.769442756726,0.0,-531617.6944275673,0.0,10.0,0.0,-0.0,0.1,0.393579976,39.3579976,0.0,0.0,100.0,1.0,0.11,-11.0,-986.6034780685465,986.6034780685465,0.0,-986.6034780685465,986.6034780685465,0.0,-83864.71816602943,83864.71816602943,0.0,0.0,20193.0626953125,20193.0626953125,0.0,0.0,12383.09298409729,12383.09298409729,0.0,-531628.6944275673,-531628.6944275673,85837.92512216652,85837.92512216652,85737.92512216652,0.0,100.0,0.0,0.0,85837.92512216652,53261.76944275673,1,0.0,100.0
5961,39729.516280172975,0.0,-397295.16280172975,0.0,10.0,0.0,-0.0,0.1,0.3823585989999999,38.235859899999994,0.0,0.0,100.0,1.0,0.11,-11.0,-1111.5341108204873,1111.5341108204873,0.0,-1111.5341108204873,1111.5341108204873,0.0,-82596.26206304118,82596.26206304118,0.0,0.0,26774.5053515625,26774.5053515625,0.0,0.0,18215.30865294668,18215.30865294668,0.0,-397306.16280172975,-397306.16280172975,84819.33028468216,84819.33028468216,84719.33028468216,0.0,100.0,0.0,0.0,84819.33028468216,39829.51628017298,1,0.0,100.0
5962,34235.412435559636,0.0,-342354.1243555964,0.0,10.0,0.0,-0.0,0.1,0.396232096,39.623209599999996,0.0,0.0,100.0,1.0,0.11,-11.0,-1173.1551002836673,1173.1551002836673,0.0,-1173.1551002836673,1173.1551002836673,0.0,-84360.4807855872,84360.4807855872,0.0,0.0,30065.226679687497,30065.226679687497,0.0,0.0,22306.1518709074,22306.1518709074,0.0,-342365.1243555964,-342365.1243555964,86706.79098615453,86706.79098615453,86606.79098615453,0.0,100.0,0.0,0.0,86706.79098615453,34335.412435559636,1,0.0,100.0
5963,30170.39256937166,0.0,-301703.9256937166,0.0,10.0,0.0,-0.0,0.1,0.429510546,42.9510546,0.0,0.0,100.0,1.0,0.11,-11.0,-1220.1745648817814,1220.1745648817814,0.0,-1220.1745648817814,1220.1745648817814,0.0,-82064.76347016565,82064.76347016565,0.0,0.0,29579.097392578125,29579.097392578125,0.0,0.0,24655.622637979424,24655.622637979424,0.0,-301714.9256937166,-301714.9256937166,84505.11259992921,84505.11259992921,84405.11259992921,0.0,100.0,0.0,0.0,84505.11259992921,30270.39256937166,1,0.0,100.0
5964,38287.303531414516,0.0,-382873.03531414515,0.0,10.0,0.0,-0.0,0.1,0.439862022,43.9862022,0.0,0.0,100.0,1.0,0.11,-11.0,-1250.459570605816,1250.459570605816,0.0,-1250.459570605816,1250.459570605816,0.0,-86106.89201140078,86106.89201140078,0.0,0.0,25316.117490234374,25316.117490234374,0.0,0.0,24904.39013096352,24904.39013096352,0.0,-382884.03531414515,-382884.03531414515,88607.81115261241,88607.81115261241,88507.81115261241,0.0,100.0,0.0,0.0,88607.81115261241,38387.30353141452,1,0.0,100.0
5965,41295.54371737498,0.0,-412955.4371737498,0.0,10.0,0.0,-0.0,0.1,0.442834293,44.2834293,0.0,0.0,100.0,1.0,0.11,-11.0,-1316.5285569784864,1316.5285569784864,0.0,-1316.5285569784864,1316.5285569784864,0.0,-86578.27341187657,86578.27341187657,0.0,0.0,24680.4099609375,24680.4099609375,0.0,0.0,23135.376847521053,23135.376847521053,0.0,-412966.4371737498,-412966.4371737498,89211.33052583353,89211.33052583353,89111.33052583353,0.0,100.0,0.0,0.0,89211.33052583353,41395.54371737498,1,0.0,100.0
5966,44297.786959587254,0.0,-442977.86959587253,0.0,10.0,0.0,-0.0,0.1,0.448842126,44.8842126,0.0,0.0,100.0,1.0,0.08,-8.0,-1344.8793993153515,1344.8793993153515,0.0,-1344.8793993153515,1344.8793993153515,0.0,-86445.89720851122,86445.89720851122,0.0,0.0,25278.722929687498,25278.722929687498,0.0,0.0,19459.146117867167,19459.146117867167,0.0,-442985.86959587253,-442985.86959587253,89135.65600714192,89135.65600714192,89035.65600714192,0.0,100.0,0.0,0.0,89135.65600714192,44397.78695958726,1,0.0,100.0
5967,59598.50487633151,0.0,-595985.0487633152,0.0,10.0,0.0,-0.0,0.1,0.445691889,44.5691889,0.0,0.0,100.0,1.0,0.08,-8.0,-1304.1150985228535,1304.1150985228535,0.0,-1304.1150985228535,1304.1150985228535,0.0,-89443.80982460086,89443.80982460086,0.0,0.0,17538.048896484375,17538.048896484375,0.0,0.0,14815.486248830684,14815.486248830684,0.0,-595993.0487633152,-595993.0487633152,92052.04002164656,92052.04002164656,91952.04002164656,0.0,100.0,0.0,0.0,92052.04002164656,59698.504876331506,1,0.0,100.0
5968,64538.83978731213,0.0,-645388.3978731213,0.0,10.0,0.0,-0.0,0.1,0.442269539,44.2269539,0.0,0.0,100.0,1.0,0.08,-8.0,-1017.9931389510716,1017.9931389510716,0.0,-1017.9931389510716,1017.9931389510716,0.0,-81893.99675004448,81893.99675004448,0.0,0.0,10694.84431640625,10694.84431640625,0.0,0.0,8596.298924228251,8596.298924228251,0.0,-645396.3978731213,-645396.3978731213,83929.98302794663,83929.98302794663,83829.98302794663,0.0,100.0,0.0,0.0,83929.98302794663,64638.83978731213,1,0.0,100.0
5969,63680.685233980024,0.0,-636806.8523398002,0.0,10.0,0.0,-0.0,0.1,0.4435992,44.35992,0.0,0.0,100.0,1.0,0.11,-11.0,-962.5370070207938,962.5370070207938,0.0,-962.5370070207938,962.5370070207938,0.0,-68401.43776426835,68401.43776426835,0.0,0.0,3477.694130859375,3477.694130859375,0.0,0.0,3068.1324134705337,3068.1324134705337,0.0,-636817.8523398002,-636817.8523398002,70326.51177830993,70326.51177830994,70226.51177830993,0.0,100.0,0.0,0.0,70326.51177830994,63780.68523398003,1,0.0,100.0
5970,70907.74408257092,0.0,-709077.4408257091,0.0,10.0,0.0,-0.0,0.1,0.42282748,42.282748,0.0,0.0,100.0,1.0,0.11,-11.0,-912.0092963665656,912.0092963665656,0.0,-912.0092963665656,912.0092963665656,0.0,-69377.2113177143,69377.2113177143,0.0,0.0,0.0,0.0,0.0,0.0,193.4858278765201,193.4858278765201,0.0,-709088.4408257091,-709088.4408257091,71201.22991044744,71201.22991044744,71101.22991044744,0.0,100.0,0.0,0.0,71201.22991044744,71007.74408257092,1,0.0,100.0
5971,61716.14979657161,0.0,-617161.4979657161,0.0,10.0,0.0,-0.0,0.1,0.41575756,41.575756000000005,0.0,0.0,100.0,1.0,0.11,-11.0,-858.7683217233329,858.7683217233329,0.0,-858.7683217233329,858.7683217233329,0.0,-60098.61315312495,60098.61315312495,0.0,0.0,0.0,0.0,0.0,0.0,0.0,0.0,0.0,-617172.4979657161,-617172.4979657161,61816.14979657161,61816.14979657161,61716.14979657161,0.0,100.0,0.0,0.0,61816.14979657161,61816.14979657161,1,0.0,100.0
5972,57727.619583703025,0.0,-577276.1958370302,0.0,10.0,0.0,-0.0,0.1,0.4118953379999999,41.18953379999999,0.0,0.0,100.0,1.0,0.11,-11.0,-234.5702180953888,234.5702180953888,0.0,-234.5702180953888,234.5702180953888,0.0,-57358.47914751225,57358.47914751225,0.0,0.0,0.0,0.0,0.0,0.0,0.0,0.0,0.0,-577287.1958370302,-577287.1958370302,57827.619583703025,57827.619583703025,57727.619583703025,0.0,100.0,0.0,0.0,57827.619583703025,57827.619583703025,1,0.0,100.0
5973,21489.50507925874,0.0,-214895.0507925874,0.0,10.0,0.0,-0.0,0.1,0.413018697,41.3018697,0.0,0.0,100.0,1.0,0.11,-11.0,-233.75428898814704,233.75428898814704,0.0,-233.75428898814704,233.75428898814704,0.0,-21121.996501282443,21121.996501282443,0.0,0.0,0.0,0.0,0.0,0.0,0.0,0.0,0.0,-214906.0507925874,-214906.0507925874,21589.50507925874,21589.50507925874,21489.50507925874,0.0,100.0,0.0,0.0,21589.50507925874,21589.50507925874,1,0.0,100.0
5974,18510.689182919203,0.0,-185106.89182919203,0.0,10.0,0.0,-0.0,0.1,0.415573289,41.5573289,0.0,0.0,100.0,1.0,0.11,-11.0,-236.63551930542508,236.63551930542508,0.0,-236.63551930542508,236.63551930542508,0.0,-18137.41814430835,18137.41814430835,0.0,0.0,0.0,0.0,0.0,0.0,0.0,0.0,0.0,-185117.89182919203,-185117.89182919203,18610.689182919203,18610.689182919203,18510.689182919203,0.0,100.0,0.0,0.0,18610.689182919203,18610.689182919203,1,0.0,100.0
5975,17765.689080407028,0.0,-177656.89080407028,0.0,10.0,0.0,-0.0,0.1,0.418114947,41.811494700000004,0.0,0.0,100.0,1.0,0.11,-11.0,-233.61065331907128,233.61065331907128,0.0,-233.61065331907128,233.61065331907128,0.0,-17398.467773768887,17398.467773768887,0.0,0.0,0.0,0.0,0.0,0.0,0.0,0.0,0.0,-177667.89080407028,-177667.89080407028,17865.689080407028,17865.689080407028,17765.689080407028,0.0,100.0,0.0,0.0,17865.689080407028,17865.689080407028,1,0.0,100.0
5976,17765.54111932072,0.0,-177655.4111932072,0.0,10.0,0.0,-0.0,0.1,0.4352136029999999,43.52136029999999,0.0,0.0,100.0,1.0,0.08,-8.0,-233.53662743114344,233.53662743114344,0.0,-233.53662743114344,233.53662743114344,0.0,-17398.46786445843,17398.46786445843,0.0,0.0,0.0,0.0,0.0,0.0,0.0,0.0,0.0,-177663.4111932072,-177663.4111932072,17865.54111932072,17865.54111932072,17765.54111932072,0.0,100.0,0.0,0.0,17865.54111932072,17865.54111932072,1,0.0,100.0
5977,17765.40276644826,0.0,-177654.0276644826,0.0,10.0,0.0,-0.0,0.1,0.443891449,44.3891449,0.0,0.0,100.0,1.0,0.08,-8.0,-233.4674540178987,233.4674540178987,0.0,-233.4674540178987,233.4674540178987,0.0,-17398.467858412463,17398.467858412463,0.0,0.0,0.0,0.0,0.0,0.0,0.0,0.0,0.0,-177662.0276644826,-177662.0276644826,17865.40276644826,17865.40276644826,17765.40276644826,0.0,100.0,0.0,0.0,17865.40276644826,17865.40276644826,1,0.0,100.0
5978,17765.268880436655,0.0,-177652.68880436657,0.0,10.0,0.0,-0.0,0.1,0.443307685,44.3307685,0.0,0.0,100.0,1.0,0.08,-8.0,-233.40051403508232,233.40051403508232,0.0,-233.40051403508232,233.40051403508232,0.0,-17398.46785236649,17398.46785236649,0.0,0.0,0.0,0.0,0.0,0.0,0.0,0.0,0.0,-177660.68880436657,-177660.68880436657,17865.268880436655,17865.268880436655,17765.268880436655,0.0,100.0,0.0,0.0,17865.268880436655,17865.268880436655,1,0.0,100.0
5979,18506.248202371782,0.0,-185062.48202371784,0.0,10.0,0.0,-0.0,0.1,0.4357877739999999,43.57877739999999,0.0,0.0,100.0,1.0,0.08,-8.0,-234.4149927558966,234.4149927558966,0.0,-234.4149927558966,234.4149927558966,0.0,-18137.418216859987,18137.418216859987,0.0,0.0,0.0,0.0,0.0,0.0,0.0,0.0,0.0,-185070.48202371784,-185070.48202371784,18606.248202371782,18606.248202371782,18506.248202371782,0.0,100.0,0.0,0.0,18606.248202371782,18606.248202371782,1,0.0,100.0
5980,21490.614033672606,0.0,-214906.14033672606,0.0,10.0,0.0,-0.0,0.1,0.4043994729999999,40.43994729999999,0.0,0.0,100.0,1.0,0.08,-8.0,-234.2685393359621,234.2685393359621,0.0,-234.2685393359621,234.2685393359621,0.0,-21122.07695500068,21122.07695500068,0.0,0.0,0.0,0.0,0.0,0.0,0.0,0.0,0.0,-214914.14033672606,-214914.14033672606,21590.614033672606,21590.614033672606,21490.614033672606,0.0,100.0,0.0,0.0,21590.614033672606,21590.614033672606,1,0.0,100.0
5981,28513.54640700192,0.0,-285135.4640700192,0.0,10.0,0.0,-0.0,0.1,0.375617256,37.5617256,0.0,0.0,100.0,1.0,0.11,-11.0,-339.9804768916188,339.9804768916188,0.0,-339.9804768916188,339.9804768916188,0.0,-28120.558255953056,28120.558255953056,0.0,0.0,186.972802734375,186.972802734375,0.0,0.0,0.0,0.0,0.0,-285146.4640700192,-285146.4640700192,28800.519209736292,28800.519209736292,28700.519209736292,0.0,100.0,0.0,0.0,28800.519209736292,28613.54640700192,1,0.0,100.0
5982,34168.290580312285,0.0,-341682.90580312285,0.0,10.0,0.0,-0.0,0.1,0.351325665,35.1325665,0.0,0.0,100.0,1.0,0.11,-11.0,-577.1899897000101,577.1899897000101,0.0,-577.1899897000101,577.1899897000101,0.0,-38936.11958624647,38936.11958624647,0.0,0.0,5048.265673828125,5048.265673828125,0.0,0.0,773.9433115060806,773.9433115060806,0.0,-341693.90580312285,-341693.90580312285,40090.49956564649,40090.49956564649,39990.49956564649,0.0,100.0,0.0,0.0,40090.49956564649,34268.290580312285,1,0.0,100.0
5983,73743.28640164262,0.0,-737432.8640164261,0.0,10.0,0.0,-0.0,0.1,0.328354257,32.8354257,0.0,0.0,100.0,1.0,0.11,-11.0,-833.410497921882,833.410497921882,0.0,-833.410497921882,833.410497921882,0.0,-80632.62362143007,80632.62362143007,0.0,0.0,6244.891611328125,6244.891611328125,0.0,0.0,2211.266604303087,2211.266604303087,0.0,-737443.8640164261,-737443.8640164261,82299.44461727382,82299.44461727384,82199.44461727382,0.0,100.0,0.0,0.0,82299.44461727384,73843.28640164263,1,0.0,100.0
5984,57893.6970687203,0.0,-578936.970687203,0.0,10.0,0.0,-0.0,0.1,0.29837597,29.837597,0.0,0.0,100.0,1.0,0.11,-11.0,-888.8605029606008,888.8605029606008,0.0,-888.8605029606008,888.8605029606008,0.0,-85776.13514931577,85776.13514931577,0.0,0.0,18061.572744140623,18061.572744140623,0.0,0.0,11498.586342376057,11498.586342376057,0.0,-578947.970687203,-578947.970687203,87553.85615523698,87553.85615523698,87453.85615523698,0.0,100.0,0.0,0.0,87553.85615523698,57993.6970687203,1,0.0,100.0
5985,45173.35312874722,0.0,-451733.53128747223,0.0,10.0,0.0,-0.0,0.1,0.28472756,28.472756,0.0,0.0,100.0,1.0,0.11,-11.0,-977.6836821357084,977.6836821357084,0.0,-977.6836821357084,977.6836821357084,0.0,-84078.87886601638,84078.87886601638,0.0,0.0,24231.675234375,24231.675234375,0.0,0.0,16529.21786716558,16529.21786716558,0.0,-451744.53128747223,-451744.53128747223,86034.2462302878,86034.2462302878,85934.2462302878,0.0,100.0,0.0,0.0,86034.2462302878,45273.353128747214,1,0.0,100.0
5986,46577.93473521824,0.0,-465779.3473521824,0.0,10.0,0.0,-0.0,0.1,0.285253596,28.5253596,0.0,0.0,100.0,1.0,0.11,-11.0,-1071.8384925546432,1071.8384925546432,0.0,-1071.8384925546432,1071.8384925546432,0.0,-84955.58043995856,84955.58043995856,0.0,0.0,19220.804121093748,19220.804121093748,0.0,0.0,21200.51856875585,21200.51856875585,0.0,-465790.3473521824,-465790.3473521824,87099.25742506783,87099.25742506784,86999.25742506783,0.0,100.0,0.0,0.0,87099.25742506784,46677.934735218245,1,0.0,100.0
5987,34623.09816991009,0.0,-346230.98169910087,0.0,10.0,0.0,-0.0,0.1,0.29907749,29.907749,0.0,0.0,100.0,1.0,0.11,-11.0,-1148.5275268081875,1148.5275268081875,0.0,-1148.5275268081875,1148.5275268081875,0.0,-82855.95550466047,82855.95550466047,0.0,0.0,32159.3220703125,32159.3220703125,0.0,0.0,18270.59031805426,18270.59031805426,0.0,-346241.98169910087,-346241.98169910087,85153.01055827684,85153.01055827684,85053.01055827684,0.0,100.0,0.0,0.0,85153.01055827684,34723.09816991008,1,0.0,100.0
5988,35324.994814358026,0.0,-353249.94814358023,0.0,10.0,0.0,-0.0,0.1,0.311687786,31.168778600000003,0.0,0.0,100.0,1.0,0.11,-11.0,-1207.712169119386,1207.712169119386,0.0,-1207.712169119386,1207.712169119386,0.0,-87452.29625850204,87452.29625850204,0.0,0.0,31860.1655859375,31860.1655859375,0.0,0.0,22582.56019644528,22582.56019644528,0.0,-353260.94814358023,-353260.94814358023,89867.72059674081,89867.72059674081,89767.72059674081,0.0,100.0,0.0,0.0,89867.72059674081,35424.994814358026,1,0.0,100.0
5989,40273.28271043136,0.0,-402732.82710431365,0.0,10.0,0.0,-0.0,0.1,0.335134275,33.5134275,0.0,0.0,100.0,1.0,0.11,-11.0,-1281.3388952714952,1281.3388952714952,0.0,-1281.3388952714952,1281.3388952714952,0.0,-88453.66868931914,88453.66868931914,0.0,0.0,29055.57354492188,29055.57354492188,0.0,0.0,21587.49022450889,21587.49022450889,0.0,-402743.82710431365,-402743.82710431365,91016.34647986213,91016.34647986213,90916.34647986213,0.0,100.0,0.0,0.0,91016.34647986213,40373.28271043136,1,0.0,100.0
5990,48728.33709582335,0.0,-487283.3709582335,0.0,10.0,0.0,-0.0,0.1,0.358184889,35.8184889,0.0,0.0,100.0,1.0,0.08,-8.0,-1308.0615434783797,1308.0615434783797,0.0,-1308.0615434783797,1308.0615434783797,0.0,-88738.91131043895,88738.91131043895,0.0,0.0,23371.600341796875,23371.600341796875,0.0,0.0,19155.096959775496,19155.096959775496,0.0,-487291.3709582335,-487291.3709582335,91355.03439739572,91355.03439739572,91255.03439739572,0.0,100.0,0.0,0.0,91355.03439739572,48828.33709582335,1,0.0,100.0
5991,62880.703284875126,0.0,-628807.0328487513,0.0,10.0,0.0,-0.0,0.1,0.371128307,37.112830699999996,0.0,0.0,100.0,1.0,0.08,-8.0,-1285.2559129045237,1285.2559129045237,0.0,-1285.2559129045237,1285.2559129045237,0.0,-91796.29746499854,91796.29746499854,0.0,0.0,17538.048896484375,17538.048896484375,0.0,0.0,13848.057109448084,13848.057109448084,0.0,-628815.0328487513,-628815.0328487513,94366.80929080758,94366.80929080759,94266.80929080758,0.0,100.0,0.0,0.0,94366.80929080759,62980.70328487513,1,0.0,100.0
5992,69540.61175383219,0.0,-695406.1175383219,0.0,10.0,0.0,-0.0,0.1,0.385742469,38.5742469,0.0,0.0,100.0,1.0,0.08,-8.0,-1011.8051558858626,1011.8051558858626,0.0,-1011.8051558858626,1011.8051558858626,0.0,-84921.34029999391,84921.34029999391,0.0,0.0,9012.089091796875,9012.089091796875,0.0,0.0,8292.249766136578,8292.249766136578,0.0,-695414.1175383219,-695414.1175383219,86944.95061176564,86944.95061176564,86844.95061176564,0.0,100.0,0.0,0.0,86944.95061176564,69640.61175383219,1,0.0,100.0
5993,67922.47424222935,0.0,-679224.7424222935,0.0,10.0,0.0,-0.0,0.1,0.377859645,37.785964500000006,0.0,0.0,100.0,1.0,0.11,-11.0,-935.1234175831556,935.1234175831556,0.0,-935.1234175831556,935.1234175831556,0.0,-72577.76851262497,72577.76851262497,0.0,0.0,2804.592041015625,2804.592041015625,0.0,0.0,3620.9490645463056,3620.9490645463056,0.0,-679235.7424222935,-679235.7424222935,74448.01534779128,74448.01534779128,74348.01534779128,0.0,100.0,0.0,0.0,74448.01534779128,68022.47424222935,1,0.0,100.0
5994,75461.19996187747,0.0,-754611.9996187747,0.0,10.0,0.0,-0.0,0.1,0.378313749,37.8313749,0.0,0.0,100.0,1.0,0.11,-11.0,-882.2346611696355,882.2346611696355,0.0,-882.2346611696355,882.2346611696355,0.0,-74017.85729996851,74017.85729996851,0.0,0.0,0.0,0.0,0.0,0.0,221.1266604303088,221.1266604303088,0.0,-754622.9996187747,-754622.9996187747,75782.32662230778,75782.32662230778,75682.32662230778,0.0,100.0,0.0,0.0,75782.32662230778,75561.19996187747,1,0.0,100.0
5995,66458.01928767019,0.0,-664580.1928767019,0.0,10.0,0.0,-0.0,0.1,0.379564744,37.9564744,0.0,0.0,100.0,1.0,0.11,-11.0,-838.6735885675154,838.6735885675154,0.0,-838.6735885675154,838.6735885675154,0.0,-64880.67211053516,64880.67211053516,0.0,0.0,0.0,0.0,0.0,0.0,0.0,0.0,0.0,-664591.1928767019,-664591.1928767019,66558.01928767019,66558.01928767019,66458.01928767019,0.0,100.0,0.0,0.0,66558.01928767019,66558.01928767019,1,0.0,100.0
5996,63590.82458640256,0.0,-635908.2458640255,0.0,10.0,0.0,-0.0,0.1,0.369235989,36.9235989,0.0,0.0,100.0,1.0,0.11,-11.0,-234.4635043644097,234.4635043644097,0.0,-234.4635043644097,234.4635043644097,0.0,-63221.89757767374,63221.89757767374,0.0,0.0,0.0,0.0,0.0,0.0,0.0,0.0,0.0,-635919.2458640255,-635919.2458640255,63690.82458640256,63690.82458640256,63590.82458640256,0.0,100.0,0.0,0.0,63690.82458640256,63690.82458640256,1,0.0,100.0
5997,21489.33941223826,0.0,-214893.3941223826,0.0,10.0,0.0,-0.0,0.1,0.369489154,36.9489154,0.0,0.0,100.0,1.0,0.11,-11.0,-233.6714101331374,233.6714101331374,0.0,-233.6714101331374,233.6714101331374,0.0,-21121.996591971983,21121.996591971983,0.0,0.0,0.0,0.0,0.0,0.0,0.0,0.0,0.0,-214904.3941223826,-214904.3941223826,21589.33941223826,21589.33941223826,21489.33941223826,0.0,100.0,0.0,0.0,21589.33941223826,21589.33941223826,1,0.0,100.0
5998,18510.70987673055,0.0,-185107.0987673055,0.0,10.0,0.0,-0.0,0.1,0.37628309,37.628309,0.0,0.0,100.0,1.0,0.11,-11.0,-236.64582388931248,236.64582388931248,0.0,-236.64582388931248,236.64582388931248,0.0,-18137.418228951927,18137.418228951927,0.0,0.0,0.0,0.0,0.0,0.0,0.0,0.0,0.0,-185118.0987673055,-185118.0987673055,18610.70987673055,18610.70987673055,18510.70987673055,0.0,100.0,0.0,0.0,18610.70987673055,18610.70987673055,1,0.0,100.0
5999,17765.75183641891,0.0,-177657.51836418908,0.0,10.0,0.0,-0.0,0.1,0.379247711,37.9247711,0.0,0.0,100.0,1.0,0.11,-11.0,-233.64198900322327,233.64198900322327,0.0,-233.64198900322327,233.64198900322327,0.0,-17398.467858412463,17398.467858412463,0.0,0.0,0.0,0.0,0.0,0.0,0.0,0.0,0.0,-177668.51836418908,-177668.51836418908,17865.75183641891,17865.75183641891,17765.75183641891,0.0,100.0,0.0,0.0,17865.75183641891,17865.75183641891,1,0.0,100.0
6000,17765.57174574289,0.0,-177655.71745742892,0.0,10.0,0.0,-0.0,0.1,0.381390752,38.1390752,0.0,0.0,100.0,1.0,0.08,-8.0,-233.55190436640805,233.55190436640805,0.0,-233.55190436640805,233.55190436640805,0.0,-17398.467937010075,17398.467937010075,0.0,0.0,0.0,0.0,0.0,0.0,0.0,0.0,0.0,-177663.71745742892,-177663.71745742892,17865.57174574289,17865.57174574289,17765.57174574289,0.0,100.0,0.0,0.0,17865.57174574289,17865.57174574289,1,0.0,100.0
6001,17765.322290920052,0.0,-177653.22290920053,0.0,10.0,0.0,-0.0,0.1,0.3796445639999999,37.96445639999999,0.0,0.0,100.0,1.0,0.08,-8.0,-233.42717695498789,233.42717695498789,0.0,-233.42717695498789,233.42717695498789,0.0,-17398.467937010075,17398.467937010075,0.0,0.0,0.0,0.0,0.0,0.0,0.0,0.0,0.0,-177661.22290920053,-177661.22290920053,17865.322290920052,17865.322290920052,17765.322290920052,0.0,100.0,0.0,0.0,17865.322290920052,17865.322290920052,1,0.0,100.0
6002,17765.091567908086,0.0,-177650.91567908088,0.0,10.0,0.0,-0.0,0.1,0.384543206,38.4543206,0.0,0.0,100.0,1.0,0.08,-8.0,-233.31181544900653,233.31181544900653,0.0,-233.31181544900653,233.31181544900653,0.0,-17398.467937010075,17398.467937010075,0.0,0.0,0.0,0.0,0.0,0.0,0.0,0.0,0.0,-177658.91567908088,-177658.91567908088,17865.091567908086,17865.091567908086,17765.091567908086,0.0,100.0,0.0,0.0,17865.091567908086,17865.091567908086,1,0.0,100.0
6003,18513.839595574307,0.0,-185138.39595574306,0.0,10.0,0.0,-0.0,0.1,0.394606026,39.4606026,0.0,0.0,100.0,1.0,0.08,-8.0,-238.2106409894021,238.2106409894021,0.0,-238.2106409894021,238.2106409894021,0.0,-18137.418313595503,18137.418313595503,0.0,0.0,0.0,0.0,0.0,0.0,0.0,0.0,0.0,-185146.39595574306,-185146.39595574306,18613.839595574307,18613.839595574307,18513.839595574307,0.0,100.0,0.0,0.0,18613.839595574307,18613.839595574307,1,0.0,100.0
6004,21496.741017675587,0.0,-214967.41017675586,0.0,10.0,0.0,-0.0,0.1,0.3733783089999999,37.33783089999999,0.0,0.0,100.0,1.0,0.08,-8.0,-237.3319376249241,237.3319376249241,0.0,-237.3319376249241,237.3319376249241,0.0,-21122.07714242574,21122.07714242574,0.0,0.0,0.0,0.0,0.0,0.0,0.0,0.0,0.0,-214975.41017675586,-214975.41017675586,21596.741017675587,21596.741017675587,21496.741017675587,0.0,100.0,0.0,0.0,21596.741017675587,21596.741017675587,1,0.0,100.0
6005,40245.92193999308,0.0,-402459.2193999308,0.0,10.0,0.0,-0.0,0.1,0.364905659,36.4905659,0.0,0.0,100.0,1.0,0.11,-11.0,-303.7490821940583,303.7490821940583,0.0,-303.7490821940583,303.7490821940583,0.0,-40000.18569943309,40000.18569943309,0.0,0.0,261.76192382812496,261.76192382812496,0.0,0.0,0.0,0.0,0.0,-402470.2193999308,-402470.2193999308,40607.68386382121,40607.68386382121,40507.68386382121,0.0,100.0,0.0,0.0,40607.68386382121,40345.92193999308,1,0.0,100.0
6006,48055.26211477117,0.0,-480552.6211477117,0.0,10.0,0.0,-0.0,0.1,0.35469653,35.469653,0.0,0.0,100.0,1.0,0.11,-11.0,-546.7605562001996,546.7605562001996,0.0,-546.7605562001996,546.7605562001996,0.0,-51690.59637249618,51690.59637249618,0.0,0.0,3440.2995703125,3440.2995703125,0.0,0.0,1188.5557998129095,1188.5557998129095,0.0,-480563.6211477117,-480563.6211477117,52784.117484896575,52784.117484896575,52684.117484896575,0.0,100.0,0.0,0.0,52784.117484896575,48155.26211477116,1,0.0,100.0
6007,79591.45477581154,0.0,-795914.5477581153,0.0,10.0,0.0,-0.0,0.1,0.336629275,33.6629275,0.0,0.0,100.0,1.0,0.11,-11.0,-793.8325542173516,793.8325542173516,0.0,-793.8325542173516,793.8325542173516,0.0,-92235.91418732647,92235.91418732647,0.0,0.0,9460.823818359377,9460.823818359377,0.0,0.0,4671.300701590272,4671.300701590272,0.0,-795925.5477581153,-795925.5477581153,93823.57929576118,93823.57929576118,93723.57929576118,0.0,100.0,0.0,0.0,93823.57929576118,79691.45477581154,1,0.0,100.0
6008,69664.50862691291,0.0,-696645.0862691291,0.0,10.0,0.0,-0.0,0.1,0.3146464,31.46464,0.0,0.0,100.0,1.0,0.11,-11.0,-863.79840638591,863.79840638591,0.0,-863.79840638591,863.79840638591,0.0,-92005.58420654564,92005.58420654564,0.0,0.0,16229.23927734375,16229.23927734375,0.0,0.0,7739.433115060806,7739.433115060806,0.0,-696656.0862691291,-696656.0862691291,93733.18101931746,93733.18101931746,93633.18101931746,0.0,100.0,0.0,0.0,93733.18101931746,69764.50862691291,1,0.0,100.0
6009,54567.842662632145,0.0,-545678.4266263214,0.0,10.0,0.0,-0.0,0.1,0.288036246,28.8036246,0.0,0.0,100.0,1.0,0.11,-11.0,-962.8666938714482,962.8666938714482,0.0,-962.8666938714482,962.8666938714482,0.0,-90168.4683209366,90168.4683209366,0.0,0.0,19183.40956054688,19183.40956054688,0.0,0.0,18242.94948550047,18242.94948550047,0.0,-545689.4266263214,-545689.4266263214,92094.2017086795,92094.2017086795,91994.2017086795,0.0,100.0,0.0,0.0,92094.2017086795,54667.842662632145,1,0.0,100.0
6010,46489.45179698651,0.0,-464894.5179698651,0.0,10.0,0.0,-0.0,0.1,0.2907436,29.07436,0.0,0.0,100.0,1.0,0.11,-11.0,-1059.5982603153595,1059.5982603153595,0.0,-1059.5982603153595,1059.5982603153595,0.0,-90915.437775424,90915.437775424,0.0,0.0,23558.57314453125,23558.57314453125,0.0,0.0,22886.609354536955,22886.609354536955,0.0,-464905.5179698651,-464905.5179698651,93034.63429605472,93034.63429605472,92934.63429605472,0.0,100.0,0.0,0.0,93034.63429605472,46589.45179698651,1,0.0,100.0
6011,37848.102222415466,0.0,-378481.0222241547,0.0,10.0,0.0,-0.0,0.1,0.290380208,29.038020799999998,0.0,0.0,100.0,1.0,0.11,-11.0,-1135.060991972275,1135.060991972275,0.0,-1135.060991972275,1135.060991972275,0.0,-87514.58733975205,87514.58733975205,0.0,0.0,26849.29447265625,26849.29447265625,0.0,0.0,24987.312628624888,24987.312628624888,0.0,-378492.0222241547,-378492.0222241547,89784.7093236966,89784.7093236966,89684.7093236966,0.0,100.0,0.0,0.0,89784.7093236966,37948.102222415466,1,0.0,100.0
6012,50849.79036949146,0.0,-508497.90369491454,0.0,10.0,0.0,-0.0,0.1,0.292393489,29.2393489,0.0,0.0,100.0,1.0,0.11,-11.0,-1188.01846597471,1188.01846597471,0.0,-1188.01846597471,1188.01846597471,0.0,-91320.2416230816,91320.2416230816,0.0,0.0,17538.048896484375,17538.048896484375,0.0,0.0,25208.4392890552,25208.4392890552,0.0,-508508.90369491454,-508508.90369491454,93696.27855503104,93696.27855503102,93596.27855503104,0.0,100.0,0.0,0.0,93696.27855503102,50949.79036949144,1,0.0,100.0
6013,60069.72004564698,0.0,-600697.2004564698,0.0,10.0,0.0,-0.0,0.1,0.320493182,32.0493182,0.0,0.0,100.0,1.0,0.11,-11.0,-1268.7753369686548,1268.7753369686548,0.0,-1268.7753369686548,1268.7753369686548,0.0,-90735.65875155138,90735.65875155138,0.0,0.0,9498.21837890625,9498.21837890625,0.0,0.0,23605.271000935456,23605.271000935456,0.0,-600708.2004564698,-600708.2004564698,93273.20942548869,93273.20942548869,93173.20942548869,0.0,100.0,0.0,0.0,93273.20942548869,60169.72004564699,1,0.0,100.0
6014,63085.25258421962,0.0,-630852.5258421962,0.0,10.0,0.0,-0.0,0.1,0.353728805,35.3728805,0.0,0.0,100.0,1.0,0.08,-8.0,-1313.8335410257216,1313.8335410257216,0.0,-1313.8335410257216,1313.8335410257216,0.0,-88624.025190399,88624.025190399,0.0,0.0,7778.06859375,7778.06859375,0.0,0.0,20288.371094480823,20288.371094480823,0.0,-630860.5258421962,-630860.5258421962,91251.69227245044,91251.69227245044,91151.69227245044,0.0,100.0,0.0,0.0,91251.69227245044,63185.25258421962,0,0.0,100.0
6015,71889.90592315781,0.0,-718899.0592315781,0.0,10.0,0.0,-0.0,0.1,0.3666288729999999,36.662887299999994,0.0,0.0,100.0,1.0,0.08,-8.0,-1303.978528632994,1303.978528632994,0.0,-1303.978528632994,1303.978528632994,0.0,-90809.82254525776,90809.82254525776,0.0,0.0,5534.3949609375,5534.3949609375,0.0,0.0,15893.47871842844,15893.47871842844,0.0,-718907.0592315781,-718907.0592315781,93417.77960252375,93417.77960252375,93317.77960252375,0.0,100.0,0.0,0.0,93417.77960252375,71989.90592315781,0,0.0,100.0
6016,72819.66251878598,0.0,-728196.6251878598,0.0,10.0,0.0,-0.0,0.1,0.385169184,38.5169184,0.0,0.0,100.0,1.0,0.08,-8.0,-1038.8610462392824,1038.8610462392824,0.0,-1038.8610462392824,1038.8610462392824,0.0,-83224.87531320339,83224.87531320339,0.0,0.0,3178.537646484375,3178.537646484375,0.0,0.0,9204.3972404116,9204.3972404116,0.0,-728204.6251878598,-728204.6251878598,85302.59740568195,85302.59740568195,85202.59740568195,0.0,100.0,0.0,0.0,85302.59740568195,72919.66251878598,0,0.0,100.0
6017,67221.35298543757,0.0,-672213.5298543756,0.0,10.0,0.0,-0.0,0.1,0.386639787,38.6639787,0.0,0.0,100.0,1.0,0.11,-11.0,-956.1791019844478,956.1791019844478,0.0,-956.1791019844478,956.1791019844478,0.0,-69457.48752628532,69457.48752628532,0.0,0.0,1533.176982421875,1533.176982421875,0.0,0.0,2515.315762394762,2515.315762394762,0.0,-672224.5298543756,-672224.5298543756,71369.84573025421,71369.84573025421,71269.84573025421,0.0,100.0,0.0,0.0,71369.84573025421,67321.35298543757,1,0.0,100.0
6018,68773.13409546715,0.0,-687731.3409546715,0.0,10.0,0.0,-0.0,0.1,0.4011947879999999,40.11947879999999,0.0,0.0,100.0,1.0,0.11,-11.0,-876.0834055619389,876.0834055619389,0.0,-876.0834055619389,876.0834055619389,0.0,-67259.17144711221,67259.17144711221,0.0,0.0,0.0,0.0,0.0,0.0,138.20416276894295,138.20416276894295,0.0,-687742.3409546715,-687742.3409546715,69011.3382582361,69011.3382582361,68911.3382582361,0.0,100.0,0.0,0.0,69011.3382582361,68873.13409546715,1,0.0,100.0
6019,55988.3224053511,0.0,-559883.224053511,0.0,10.0,0.0,-0.0,0.1,0.405079801,40.507980100000005,0.0,0.0,100.0,1.0,0.11,-11.0,-822.551690813471,822.551690813471,0.0,-822.551690813471,822.551690813471,0.0,-54443.21902372416,54443.21902372416,0.0,0.0,0.0,0.0,0.0,0.0,0.0,0.0,0.0,-559894.224053511,-559894.224053511,56088.3224053511,56088.3224053511,55988.3224053511,0.0,100.0,0.0,0.0,56088.3224053511,56088.3224053511,1,0.0,100.0
6020,51608.44769828341,0.0,-516084.4769828341,0.0,10.0,0.0,-0.0,0.1,0.3898722979999999,38.98722979999999,0.0,0.0,100.0,1.0,0.11,-11.0,-233.56645877784945,233.56645877784945,0.0,-233.56645877784945,233.56645877784945,0.0,-51241.31478072771,51241.31478072771,0.0,0.0,0.0,0.0,0.0,0.0,0.0,0.0,0.0,-516095.4769828341,-516095.4769828341,51708.44769828341,51708.44769828341,51608.44769828341,0.0,100.0,0.0,0.0,51708.44769828341,51708.44769828341,1,0.0,100.0
6021,21489.15006885956,0.0,-214891.50068859558,0.0,10.0,0.0,-0.0,0.1,0.384070763,38.4070763,0.0,0.0,100.0,1.0,0.11,-11.0,-233.5766961219996,233.5766961219996,0.0,-233.5766961219996,233.5766961219996,0.0,-21121.99667661556,21121.99667661556,0.0,0.0,0.0,0.0,0.0,0.0,0.0,0.0,0.0,-214902.50068859558,-214902.50068859558,21589.15006885956,21589.15006885956,21489.15006885956,0.0,100.0,0.0,0.0,21589.15006885956,21589.15006885956,1,0.0,100.0
6022,18510.601862471085,0.0,-185106.01862471085,0.0,10.0,0.0,-0.0,0.1,0.383648562,38.364856200000006,0.0,0.0,100.0,1.0,0.11,-11.0,-236.59177443779188,236.59177443779188,0.0,-236.59177443779188,236.59177443779188,0.0,-18137.418313595503,18137.418313595503,0.0,0.0,0.0,0.0,0.0,0.0,0.0,0.0,0.0,-185117.01862471085,-185117.01862471085,18610.601862471085,18610.601862471085,18510.601862471085,0.0,100.0,0.0,0.0,18610.601862471085,18610.601862471085,1,0.0,100.0
6023,17765.492081089586,0.0,-177654.92081089586,0.0,10.0,0.0,-0.0,0.1,0.385998513,38.5998513,0.0,0.0,100.0,1.0,0.11,-11.0,-233.51207203975605,233.51207203975605,0.0,-233.51207203975605,233.51207203975605,0.0,-17398.467937010075,17398.467937010075,0.0,0.0,0.0,0.0,0.0,0.0,0.0,0.0,0.0,-177665.92081089586,-177665.92081089586,17865.492081089586,17865.492081089586,17765.492081089586,0.0,100.0,0.0,0.0,17865.492081089586,17865.492081089586,1,0.0,100.0
6024,14751.873868596134,0.0,-147518.73868596135,0.0,10.0,0.0,-0.0,0.1,0.385587952,38.5587952,0.0,0.0,100.0,1.0,0.08,-8.0,-233.3805363434217,233.3805363434217,0.0,-233.3805363434217,233.3805363434217,0.0,-14385.11279590929,14385.11279590929,0.0,0.0,0.0,0.0,0.0,0.0,0.0,0.0,0.0,-147526.73868596135,-147526.73868596135,14851.873868596134,14851.873868596134,14751.873868596134,0.0,100.0,0.0,0.0,14851.873868596134,14851.873868596134,1,0.0,100.0
6025,14751.681402526037,0.0,-147516.81402526036,0.0,10.0,0.0,-0.0,0.1,0.385142249,38.5142249,0.0,0.0,100.0,1.0,0.08,-8.0,-233.2843033083738,233.2843033083738,0.0,-233.2843033083738,233.2843033083738,0.0,-14385.11279590929,14385.11279590929,0.0,0.0,0.0,0.0,0.0,0.0,0.0,0.0,0.0,-147524.81402526036,-147524.81402526036,14851.681402526037,14851.681402526037,14751.681402526037,0.0,100.0,0.0,0.0,14851.681402526037,14851.681402526037,1,0.0,100.0
6026,14751.515273846815,0.0,-147515.15273846814,0.0,10.0,0.0,-0.0,0.1,0.389953672,38.9953672,0.0,0.0,100.0,1.0,0.08,-8.0,-233.20123896876208,233.20123896876208,0.0,-233.20123896876208,233.20123896876208,0.0,-14385.11279590929,14385.11279590929,0.0,0.0,0.0,0.0,0.0,0.0,0.0,0.0,0.0,-147523.15273846814,-147523.15273846814,14851.515273846815,14851.515273846815,14751.515273846815,0.0,100.0,0.0,0.0,14851.515273846815,14851.515273846815,1,0.0,100.0
6027,15492.488567531866,0.0,-154924.88567531866,0.0,10.0,0.0,-0.0,0.1,0.401445531,40.1445531,0.0,0.0,100.0,1.0,0.08,-8.0,-234.2126944955875,234.2126944955875,0.0,-234.2126944955875,234.2126944955875,0.0,-15124.063178540691,15124.063178540691,0.0,0.0,0.0,0.0,0.0,0.0,0.0,0.0,0.0,-154932.88567531866,-154932.88567531866,15592.488567531866,15592.488567531866,15492.488567531866,0.0,100.0,0.0,0.0,15592.488567531866,15592.488567531866,1,0.0,100.0
6028,16970.2522305428,0.0,-169702.522305428,0.0,10.0,0.0,-0.0,0.1,0.387545404,38.754540399999996,0.0,0.0,100.0,1.0,0.08,-8.0,-234.1039013956068,234.1039013956068,0.0,-234.1039013956068,234.1039013956068,0.0,-16602.044427751585,16602.044427751585,0.0,0.0,0.0,0.0,0.0,0.0,0.0,0.0,0.0,-169710.522305428,-169710.522305428,17070.2522305428,17070.2522305428,16970.2522305428,0.0,100.0,0.0,0.0,17070.2522305428,17070.2522305428,1,0.0,100.0
6029,24276.336765309494,0.0,-242763.36765309493,0.0,10.0,0.0,-0.0,0.1,0.36437908,36.437908,0.0,0.0,100.0,1.0,0.11,-11.0,-234.07668193821144,234.07668193821144,0.0,-234.07668193821144,234.07668193821144,0.0,-24095.156204167444,24095.156204167444,0.0,0.0,186.972802734375,186.972802734375,0.0,0.0,0.0,0.0,0.0,-242774.36765309493,-242774.36765309493,24563.309568043867,24563.309568043867,24463.309568043867,0.0,100.0,0.0,0.0,24563.309568043867,24376.336765309494,1,0.0,100.0
6030,29368.18508285294,0.0,-293681.8508285294,0.0,10.0,0.0,-0.0,0.1,0.35702635,35.702635,0.0,0.0,100.0,1.0,0.11,-11.0,-197.97306579636785,197.97306579636785,0.0,-197.97306579636785,197.97306579636785,0.0,-32844.32337053896,32844.32337053896,0.0,0.0,1533.176982421875,1533.176982421875,0.0,0.0,2238.907436856876,2238.907436856876,0.0,-293692.8508285294,-293692.8508285294,33240.26950213169,33240.26950213169,33140.26950213169,0.0,100.0,0.0,0.0,33240.26950213169,29468.18508285294,1,0.0,100.0
6031,47664.133663436325,0.0,-476641.3366343633,0.0,10.0,0.0,-0.0,0.1,0.344457963,34.4457963,0.0,0.0,100.0,1.0,0.11,-11.0,-198.21277370253853,198.21277370253853,0.0,-198.21277370253853,198.21277370253853,0.0,-58848.217637205016,58848.217637205016,0.0,0.0,3851.639736328125,3851.639736328125,0.0,0.0,7628.869784845651,7628.869784845651,0.0,-476652.3366343633,-476652.3366343633,59244.643184610104,59244.6431846101,59144.643184610104,0.0,100.0,0.0,0.0,59244.6431846101,47764.133663436325,1,0.0,100.0
6032,46176.41241163727,0.0,-461764.12411637267,0.0,10.0,0.0,-0.0,0.1,0.332434682,33.243468199999995,0.0,0.0,100.0,1.0,0.11,-11.0,-198.52053253257435,198.52053253257435,0.0,-198.52053253257435,198.52053253257435,0.0,-65320.31416547597,65320.31416547597,0.0,0.0,6394.469853515625,6394.469853515625,0.0,0.0,13046.472965388217,13046.472965388217,0.0,-461775.12411637267,-461775.12411637267,65717.35523054111,65717.35523054111,65617.35523054111,0.0,100.0,0.0,0.0,65717.35523054111,46276.41241163727,1,0.0,100.0
6033,25966.5045971182,0.0,-259665.045971182,0.0,10.0,0.0,-0.0,0.1,0.338743937,33.8743937,0.0,0.0,100.0,1.0,0.11,-11.0,-198.7412676192259,198.7412676192259,0.0,-198.7412676192259,198.7412676192259,0.0,-63888.80025597909,63888.80025597909,0.0,0.0,19893.9062109375,19893.9062109375,0.0,0.0,18325.87198316184,18325.87198316184,0.0,-259676.045971182,-259676.045971182,64286.28279121754,64286.28279121754,64186.28279121754,0.0,100.0,0.0,0.0,64286.28279121754,26066.504597118197,1,0.0,100.0
6034,22549.607919054422,0.0,-225496.07919054423,0.0,10.0,0.0,-0.0,0.1,0.352275054,35.2275054,0.0,0.0,100.0,1.0,0.11,-11.0,-218.1987688221552,218.1987688221552,0.0,-218.1987688221552,218.1987688221552,0.0,-64257.14557648509,64257.14557648509,0.0,0.0,20567.00830078125,20567.00830078125,0.0,0.0,21476.92689429373,21476.92689429373,0.0,-225507.07919054423,-225507.07919054423,64693.54311412941,64693.5431141294,64593.54311412941,0.0,100.0,0.0,0.0,64693.5431141294,22649.60791905442,1,0.0,100.0
6035,31146.78101968053,0.0,-311467.8101968053,0.0,10.0,0.0,-0.0,0.1,0.385142145,38.5142145,0.0,0.0,100.0,1.0,0.11,-11.0,-301.2995271827361,301.2995271827361,0.0,-301.2995271827361,301.2995271827361,0.0,-64280.91730136584,64280.91730136584,0.0,0.0,10694.84431640625,10694.84431640625,0.0,0.0,22941.89101964453,22941.89101964453,0.0,-311478.8101968053,-311478.8101968053,64883.516355731306,64883.516355731306,64783.516355731306,0.0,100.0,0.0,0.0,64883.516355731306,31246.78101968053,1,0.0,100.0
6036,21047.62013992629,0.0,-210476.2013992629,0.0,10.0,0.0,-0.0,0.1,0.401175597,40.1175597,0.0,0.0,100.0,1.0,0.11,-11.0,-314.2436142388883,314.2436142388883,0.0,-314.2436142388883,314.2436142388883,0.0,-64403.62980820879,64403.62980820879,0.0,0.0,20417.43005859375,20417.43005859375,0.0,0.0,23467.06683816652,23467.06683816652,0.0,-210487.2013992629,-210487.2013992629,65032.117036686555,65032.11703668656,64932.117036686555,0.0,100.0,0.0,0.0,65032.11703668656,21147.620139926294,1,0.0,100.0
6037,18487.86953010624,0.0,-184878.6953010624,0.0,10.0,0.0,-0.0,0.1,0.399479656,39.9479656,0.0,0.0,100.0,1.0,0.11,-11.0,-362.79309772028176,362.79309772028176,0.0,-362.79309772028176,362.79309772028176,0.0,-49429.26017091378,49429.26017091378,0.0,0.0,9647.79662109375,9647.79662109375,0.0,0.0,21919.180215154352,21919.180215154352,0.0,-184889.6953010624,-184889.6953010624,50154.846366354344,50154.846366354344,50054.846366354344,0.0,100.0,0.0,0.0,50154.846366354344,18587.86953010624,1,0.0,100.0
6038,15991.688552404856,0.0,-159916.88552404856,0.0,10.0,0.0,-0.0,0.1,0.404749268,40.4749268,0.0,0.0,100.0,1.0,0.08,-8.0,-353.8389401895876,353.8389401895876,0.0,-353.8389401895876,353.8389401895876,0.0,-50488.63464187557,50488.63464187557,0.0,0.0,17276.28697265625,17276.28697265625,0.0,0.0,17828.33699719364,17828.33699719364,0.0,-159924.88552404856,-159924.88552404856,51196.312522254746,51196.312522254746,51096.312522254746,0.0,100.0,0.0,0.0,51196.312522254746,16091.688552404856,1,0.0,100.0
6039,33421.965224079875,0.0,-334219.65224079875,0.0,10.0,0.0,-0.0,0.1,0.40775765,40.775765,0.0,0.0,100.0,1.0,0.08,-8.0,-383.6988429467942,383.6988429467942,0.0,-383.6988429467942,383.6988429467942,0.0,-53605.224436773606,53605.224436773606,0.0,0.0,5758.76232421875,5758.76232421875,0.0,0.0,15091.89457436857,15091.89457436857,0.0,-334227.65224079875,-334227.65224079875,54372.62212266719,54372.62212266719,54272.62212266719,0.0,100.0,0.0,0.0,54372.62212266719,33521.965224079875,1,0.0,100.0
6040,39537.09346884526,0.0,-395370.93468845263,0.0,10.0,0.0,-0.0,0.1,0.4136561239999999,41.36561239999999,0.0,0.0,100.0,1.0,0.08,-8.0,-354.7672926731566,354.7672926731566,0.0,-354.7672926731566,354.7672926731566,0.0,-51385.28289148867,51385.28289148867,0.0,0.0,3253.326767578125,3253.326767578125,0.0,0.0,9204.3972404116,9204.3972404116,0.0,-395378.93468845263,-395378.93468845263,52094.817476834985,52094.817476834985,51994.817476834985,0.0,100.0,0.0,0.0,52094.817476834985,39637.09346884526,1,0.0,100.0
6041,27007.126797675788,0.0,-270071.2679767579,0.0,10.0,0.0,-0.0,0.1,0.411011821,41.1011821,0.0,0.0,100.0,1.0,0.11,-11.0,-362.7302915377688,362.7302915377688,0.0,-362.7302915377688,362.7302915377688,0.0,-32407.24123356511,32407.24123356511,0.0,0.0,2542.8301171875,2542.8301171875,0.0,0.0,3482.7449017773624,3482.7449017773624,0.0,-270082.2679767579,-270082.2679767579,33132.70181664065,33132.70181664065,33032.70181664065,0.0,100.0,0.0,0.0,33132.70181664065,27107.126797675788,1,0.0,100.0
6042,20148.716668532463,0.0,-201487.16668532463,0.0,10.0,0.0,-0.0,0.1,0.392517949,39.2517949,0.0,0.0,100.0,1.0,0.11,-11.0,-345.4487922952011,345.4487922952011,0.0,-345.4487922952011,345.4487922952011,0.0,-19557.81908394206,19557.81908394206,0.0,0.0,0.0,0.0,0.0,0.0,0.0,0.0,0.0,-201498.16668532463,-201498.16668532463,20248.716668532463,20248.716668532463,20148.716668532463,0.0,100.0,0.0,0.0,20248.716668532463,20248.716668532463,1,0.0,100.0
6043,20076.014836850514,0.0,-200760.14836850515,0.0,10.0,0.0,-0.0,0.1,0.377813796,37.7813796,0.0,0.0,100.0,1.0,0.11,-11.0,-309.0978825001948,309.0978825001948,0.0,-309.0978825001948,309.0978825001948,0.0,-19557.819071850125,19557.819071850125,0.0,0.0,0.0,0.0,0.0,0.0,0.0,0.0,0.0,-200771.14836850515,-200771.14836850515,20176.014836850514,20176.014836850514,20076.014836850514,0.0,100.0,0.0,0.0,20176.014836850514,20176.014836850514,1,0.0,100.0
6044,18496.994691545413,0.0,-184969.94691545411,0.0,10.0,0.0,-0.0,0.1,0.382864911,38.2864911,0.0,0.0,100.0,1.0,0.11,-11.0,-258.51137255764445,258.51137255764445,0.0,-258.51137255764445,258.51137255764445,0.0,-18079.971946430123,18079.971946430123,0.0,0.0,0.0,0.0,0.0,0.0,0.0,0.0,0.0,-184980.94691545411,-184980.94691545411,18596.994691545413,18596.994691545413,18496.994691545413,0.0,100.0,0.0,0.0,18596.994691545413,18596.994691545413,1,0.0,100.0
6045,16969.75083201162,0.0,-169697.5083201162,0.0,10.0,0.0,-0.0,0.1,0.390973804,39.0973804,0.0,0.0,100.0,1.0,0.11,-11.0,-233.8934592189865,233.8934592189865,0.0,-233.8934592189865,233.8934592189865,0.0,-16601.963913573647,16601.963913573647,0.0,0.0,0.0,0.0,0.0,0.0,0.0,0.0,0.0,-169708.5083201162,-169708.5083201162,17069.75083201162,17069.75083201162,16969.75083201162,0.0,100.0,0.0,0.0,17069.75083201162,17069.75083201162,1,0.0,100.0
6046,15497.46131843515,0.0,-154974.6131843515,0.0,10.0,0.0,-0.0,0.1,0.388172499,38.8172499,0.0,0.0,100.0,1.0,0.11,-11.0,-236.69906692424485,236.69906692424485,0.0,-236.69906692424485,236.69906692424485,0.0,-15124.06318458666,15124.06318458666,0.0,0.0,0.0,0.0,0.0,0.0,0.0,0.0,0.0,-154985.6131843515,-154985.6131843515,15597.46131843515,15597.46131843515,15497.46131843515,0.0,100.0,0.0,0.0,15597.46131843515,15597.46131843515,1,0.0,100.0
6047,14752.74413820597,0.0,-147527.4413820597,0.0,10.0,0.0,-0.0,0.1,0.388201301,38.8201301,0.0,0.0,100.0,1.0,0.11,-11.0,-233.81566510237,233.81566510237,0.0,-233.81566510237,233.81566510237,0.0,-14385.11280800123,14385.11280800123,0.0,0.0,0.0,0.0,0.0,0.0,0.0,0.0,0.0,-147538.4413820597,-147538.4413820597,14852.74413820597,14852.74413820597,14752.74413820597,0.0,100.0,0.0,0.0,14852.74413820597,14852.74413820597,1,0.0,100.0
6048,14752.602686078439,0.0,-147526.0268607844,0.0,10.0,0.0,-0.0,0.1,0.395922495,39.5922495,0.0,0.0,100.0,1.0,0.08,-8.0,-233.7583066775165,233.7583066775165,0.0,-233.7583066775165,233.7583066775165,0.0,-14385.086072723405,14385.086072723405,0.0,0.0,0.0,0.0,0.0,0.0,0.0,0.0,0.0,-147534.0268607844,-147534.0268607844,14852.602686078439,14852.602686078439,14752.602686078439,0.0,100.0,0.0,0.0,14852.602686078439,14852.602686078439,1,0.0,100.0
6049,14751.950080850422,0.0,-147519.5008085042,0.0,10.0,0.0,-0.0,0.1,0.3947060999999999,39.470609999999986,0.0,0.0,100.0,1.0,0.08,-8.0,-233.4320191784354,233.4320191784354,0.0,-233.4320191784354,233.4320191784354,0.0,-14385.08604249355,14385.08604249355,0.0,0.0,0.0,0.0,0.0,0.0,0.0,0.0,0.0,-147527.5008085042,-147527.5008085042,14851.950080850422,14851.950080850422,14751.950080850422,0.0,100.0,0.0,0.0,14851.950080850422,14851.950080850422,1,0.0,100.0
6050,14751.773916044493,0.0,-147517.73916044494,0.0,10.0,0.0,-0.0,0.1,0.402421774,40.2421774,0.0,0.0,100.0,1.0,0.08,-8.0,-233.3439428214409,233.3439428214409,0.0,-233.3439428214409,233.3439428214409,0.0,-14385.086030401611,14385.086030401611,0.0,0.0,0.0,0.0,0.0,0.0,0.0,0.0,0.0,-147525.73916044494,-147525.73916044494,14851.773916044493,14851.773916044493,14751.773916044493,0.0,100.0,0.0,0.0,14851.773916044493,14851.773916044493,1,0.0,100.0
6051,15492.691870881126,0.0,-154926.91870881125,0.0,10.0,0.0,-0.0,0.1,0.417480023,41.748002299999996,0.0,0.0,100.0,1.0,0.08,-8.0,-234.327716832116,234.327716832116,0.0,-234.327716832116,234.327716832116,0.0,-15124.036437216895,15124.036437216895,0.0,0.0,0.0,0.0,0.0,0.0,0.0,0.0,0.0,-154934.91870881125,-154934.91870881125,15592.691870881126,15592.691870881126,15492.691870881126,0.0,100.0,0.0,0.0,15592.691870881126,15592.691870881126,1,0.0,100.0
6052,16970.27591707584,0.0,-169702.7591707584,0.0,10.0,0.0,-0.0,0.1,0.410833213,41.083321299999994,0.0,0.0,100.0,1.0,0.08,-8.0,-234.12910625507288,234.12910625507288,0.0,-234.12910625507288,234.12910625507288,0.0,-16602.017704565693,16602.017704565693,0.0,0.0,0.0,0.0,0.0,0.0,0.0,0.0,0.0,-169710.7591707584,-169710.7591707584,17070.27591707584,17070.27591707584,16970.27591707584,0.0,100.0,0.0,0.0,17070.27591707584,17070.27591707584,1,0.0,100.0
6053,17597.979158964932,0.0,-175979.79158964934,0.0,10.0,0.0,-0.0,0.1,0.381978517,38.1978517,0.0,0.0,100.0,1.0,0.11,-11.0,-234.0961978640096,234.0961978640096,0.0,-234.0961978640096,234.0961978640096,0.0,-17491.54868706504,17491.54868706504,0.0,0.0,261.76192382812496,261.76192382812496,0.0,0.0,0.0,0.0,0.0,-175990.79158964934,-175990.79158964934,17959.741082793058,17959.741082793058,17859.741082793058,0.0,100.0,0.0,0.0,17959.741082793058,17697.979158964932,1,0.0,100.0
6054,11419.842266727555,0.0,-114198.42266727556,0.0,10.0,0.0,-0.0,0.1,0.3676634589999999,36.76634589999999,0.0,0.0,100.0,1.0,0.11,-11.0,-197.95286111306137,197.95286111306137,0.0,-197.95286111306137,197.95286111306137,0.0,-17936.354447495618,17936.354447495618,0.0,0.0,4711.71462890625,4711.71462890625,0.0,0.0,2100.703274087933,2100.703274087933,0.0,-114209.42266727556,-114209.42266727556,18332.26016972174,18332.26016972174,18232.26016972174,0.0,100.0,0.0,0.0,18332.26016972174,11519.842266727555,1,0.0,100.0
6055,0.0,0.0,-0.0,55.55555555555556,10.0,0.0,-0.0,0.1,0.358618095,0.0,0.0,100.0,0.0,1.0,0.11,0.0,-198.2175594814275,198.2175594814275,0.0,-198.2175594814275,198.2175594814275,0.0,-17936.354417265768,17936.354417265768,0.0,0.0,12377.599541015625,12377.599541015625,0.0,1656.3283968460419,7767.073947614594,6110.745550768552,0.0,0.0,0.0,18488.345091784176,18488.345091784176,18488.345091784176,0.0,0.0,155.55555555555475,0.0,18332.78953622862,-1811.8839524015966,1,-55.55555555555556,-100.0
6056,0.0,0.0,-0.0,44.44444444444444,60.0,0.0,-0.0,0.6,0.33444459,0.0,0.0,100.0,0.0,1.0,0.11,0.0,-198.5797810342256,198.5797810342256,0.0,-198.5797810342256,198.5797810342256,0.0,-15719.503293555445,15719.503293555445,0.0,3969.349955791031,20230.45725585937,16261.107300068341,0.0,13848.057109448084,13848.057109448084,0.0,0.0,0.0,0.0,16261.107300068341,16261.107300068341,16261.107300068341,0.0,0.0,144.44444444444525,0.0,16116.662855623896,-17961.85150968356,1,-44.44444444444444,-100.0
6057,0.0,0.0,-0.0,0.0,100.0,-0.0,-0.0,1.0,0.344746645,0.0,0.0,100.0,0.0,1.0,0.11,0.0,-198.8328926610997,198.8328926610997,0.0,-198.8328926610997,198.8328926610997,0.0,-30310.566072449463,30310.566072449463,0.0,0.0,25951.82501953125,25951.82501953125,0.0,12806.085163630498,17662.49200187091,4856.406838240411,0.0,0.0,0.0,30808.23185777166,30808.23185777166,30808.23185777166,0.0,0.0,100.0,0.0,30708.23185777166,-12906.085163630498,1,-0.0,-100.0
6058,0.0,0.0,-0.0,0.0,100.0,-0.0,-0.0,1.0,0.358835215,0.0,0.0,100.0,0.0,1.0,0.11,0.0,-273.43864244313926,273.43864244313926,0.0,-273.43864244313926,273.43864244313926,0.0,-24970.021816641467,24970.021816641467,0.0,4523.116699253504,30140.01580078125,25616.899101527746,0.0,22278.511038353605,22278.511038353605,0.0,0.0,0.0,0.0,25616.899101527746,25616.899101527746,25616.899101527746,0.0,0.0,100.0,0.0,25516.899101527746,-26901.627737607105,1,-0.0,-100.0
6059,0.0,0.0,-0.0,0.0,100.0,-0.0,-0.0,1.0,0.382582549,0.0,0.0,100.0,0.0,1.0,0.11,0.0,-323.6618894747195,323.6618894747195,0.0,-323.6618894747195,323.6618894747195,0.0,-18854.36230984273,18854.36230984273,0.0,12595.030542067205,32196.716630859373,19601.68608879217,0.0,24600.340972871847,24600.340972871847,0.0,0.0,0.0,0.0,19601.68608879217,19601.68608879217,19601.68608879217,0.0,0.0,100.0,0.0,19501.68608879217,-37295.37151493905,1,-0.0,-100.0
6060,0.0,0.0,-0.0,0.0,100.0,-0.0,-0.0,1.0,0.3916253179999999,0.0,0.0,100.0,0.0,1.0,0.11,0.0,-346.16043650299554,346.16043650299554,0.0,-346.16043650299554,346.16043650299554,0.0,-12763.836116567576,12763.836116567576,0.0,16471.67512956706,30027.832119140625,13556.156989573567,0.0,24793.826800748368,24793.826800748368,0.0,0.0,0.0,0.0,13556.156989573567,13556.156989573567,13556.156989573567,0.0,0.0,100.0,0.0,13456.156989573567,-41365.501930315426,1,-0.0,-100.0
6061,0.0,0.0,-0.0,0.0,100.0,-0.0,-0.0,1.0,0.39444334,0.0,0.0,100.0,0.0,1.0,0.11,0.0,-377.06184228835895,377.06184228835895,0.0,-377.06184228835895,377.06184228835895,0.0,-12763.755523792031,12763.755523792031,0.0,13717.544551396875,27335.423759765625,13617.87920836875,0.0,23190.65851262863,23190.65851262863,0.0,0.0,0.0,0.0,13617.87920836875,13617.87920836875,13617.87920836875,0.0,0.0,100.0,0.0,13517.87920836875,-37008.2030640255,1,-0.0,-100.0
6062,0.0,0.0,-0.0,0.0,100.0,-0.0,-0.0,1.0,0.396861265,0.0,0.0,100.0,0.0,1.0,0.08,0.0,-372.9832222522882,372.9832222522882,0.0,-372.9832222522882,372.9832222522882,0.0,-12763.701823489531,12763.701823489531,0.0,10846.374329662143,24456.04259765625,13609.668267994108,0.0,19818.47694106642,19818.47694106642,0.0,0.0,0.0,0.0,13609.668267994108,13609.668267994108,13609.668267994108,0.0,0.0,100.0,0.0,13509.668267994108,-30764.851270728563,1,-0.0,-100.0
6063,0.0,0.0,-0.0,0.0,100.0,-0.0,-0.0,1.0,0.403128903,0.0,0.0,100.0,0.0,1.0,0.08,0.0,-388.7568302174767,388.7568302174767,0.0,-388.7568302174767,388.7568302174767,0.0,-15719.503287509471,15719.503287509471,0.0,1651.5285989305776,18248.545546875,16597.016947944423,0.0,15285.380402245091,15285.380402245091,0.0,0.0,0.0,0.0,16597.016947944423,16597.016947944423,16597.016947944423,0.0,0.0,100.0,0.0,16497.016947944423,-17036.90900117567,1,-0.0,-100.0
6064,0.0,0.0,-0.0,0.0,100.0,-0.0,-0.0,1.0,0.408648122,0.0,0.0,100.0,0.0,1.0,0.08,0.0,-368.2578270742769,368.2578270742769,0.0,-368.2578270742769,368.2578270742769,0.0,-17936.35443540368,17936.35443540368,0.0,0.0,10208.715029296874,10208.715029296874,0.0,584.9605150486677,9149.115575304024,8564.155060255356,0.0,0.0,0.0,18772.87008955223,18772.87008955223,18772.87008955223,0.0,0.0,100.0,0.0,18672.87008955223,-684.9605150486677,1,-0.0,-100.0
6065,12292.054723749074,0.0,-122920.54723749074,0.0,100.0,45.0,-0.0,1.0,0.415778406,41.5778406,0.0,0.0,100.0,1.0,0.11,-11.0,-372.0648197016959,372.0648197016959,0.0,-372.0648197016959,372.0648197016959,0.0,-17936.35444144965,17936.35444144965,0.0,0.0,2954.170283203125,2954.170283203125,0.0,0.0,3289.2590739008424,3289.2590739008424,0.0,-122931.54723749074,-122931.54723749074,18680.484080853043,18680.484080853043,18535.484080853043,0.0,145.0,0.0,0.0,18680.484080853043,12437.054723749075,1,45.0,100.0
6066,20130.152361576147,0.0,-201301.52361576149,0.0,50.0,36.0,-0.0,0.5,0.410815075,41.0815075,0.0,0.0,100.0,1.0,0.11,-11.0,-354.20685963019423,354.20685963019423,0.0,-354.20685963019423,354.20685963019423,0.0,-19557.73864231576,19557.73864231576,0.0,0.0,0.0,0.0,0.0,0.0,0.0,0.0,0.0,-201312.52361576149,-201312.52361576149,20266.152361576147,20266.152361576147,20130.152361576147,0.0,136.0,0.0,0.0,20266.152361576147,20266.152361576147,1,36.0,100.0
6067,20129.17793156771,0.0,-201291.7793156771,0.0,10.0,0.0,-0.0,0.1,0.3992649829999999,39.92649829999999,0.0,0.0,100.0,1.0,0.11,-11.0,-335.7196536949287,335.7196536949287,0.0,-335.7196536949287,335.7196536949287,0.0,-19557.73862417785,19557.73862417785,0.0,0.0,0.0,0.0,0.0,0.0,0.0,0.0,0.0,-201302.7793156771,-201302.7793156771,20229.17793156771,20229.17793156771,20129.17793156771,0.0,100.0,0.0,0.0,20229.17793156771,20229.17793156771,1,0.0,100.0
6068,18616.487900023894,0.0,-186164.87900023896,0.0,10.0,0.0,-0.0,0.1,0.388797723,38.8797723,0.0,0.0,100.0,1.0,0.11,-11.0,-318.2847120747146,318.2847120747146,0.0,-318.2847120747146,318.2847120747146,0.0,-18079.918475874467,18079.918475874467,0.0,0.0,0.0,0.0,0.0,0.0,0.0,0.0,0.0,-186175.87900023896,-186175.87900023896,18716.487900023894,18716.487900023894,18616.487900023894,0.0,100.0,0.0,0.0,18716.487900023894,18716.487900023894,1,0.0,100.0
6069,17108.085104302245,0.0,-171080.85104302244,0.0,10.0,0.0,-0.0,0.1,0.388547424,38.8547424,0.0,0.0,100.0,1.0,0.11,-11.0,-303.07397811813587,303.07397811813587,0.0,-303.07397811813587,303.07397811813587,0.0,-16601.937148065972,16601.937148065972,0.0,0.0,0.0,0.0,0.0,0.0,0.0,0.0,0.0,-171091.85104302244,-171091.85104302244,17208.085104302245,17208.085104302245,17108.085104302245,0.0,100.0,0.0,0.0,17208.085104302245,17208.085104302245,1,0.0,100.0
6070,15524.085092687084,0.0,-155240.85092687083,0.0,10.0,0.0,-0.0,0.1,0.386689389,38.6689389,0.0,0.0,100.0,1.0,0.11,-11.0,-250.02432471210983,250.02432471210983,0.0,-250.02432471210983,250.02432471210983,0.0,-15124.036443262865,15124.036443262865,0.0,0.0,0.0,0.0,0.0,0.0,0.0,0.0,0.0,-155251.85092687083,-155251.85092687083,15624.085092687084,15624.085092687084,15524.085092687084,0.0,100.0,0.0,0.0,15624.085092687084,15624.085092687084,1,0.0,100.0
6071,14753.2228391588,0.0,-147532.228391588,0.0,10.0,0.0,-0.0,0.1,0.386506396,38.6506396,0.0,0.0,100.0,1.0,0.11,-11.0,-234.06838019471363,234.06838019471363,0.0,-234.06838019471363,234.06838019471363,0.0,-14385.086078769373,14385.086078769373,0.0,0.0,0.0,0.0,0.0,0.0,0.0,0.0,0.0,-147543.228391588,-147543.228391588,14853.2228391588,14853.2228391588,14753.2228391588,0.0,100.0,0.0,0.0,14853.2228391588,14853.2228391588,1,0.0,100.0
6072,17766.506046779657,0.0,-177665.06046779657,0.0,10.0,0.0,-0.0,0.1,0.398486566,39.8486566,0.0,0.0,100.0,1.0,0.08,-8.0,-234.0188976895828,234.0188976895828,0.0,-234.0188976895828,234.0188976895828,0.0,-17398.468251400493,17398.468251400493,0.0,0.0,0.0,0.0,0.0,0.0,0.0,0.0,0.0,-177673.06046779657,-177673.06046779657,17866.506046779657,17866.506046779657,17766.506046779657,0.0,100.0,0.0,0.0,17866.506046779657,17866.506046779657,1,0.0,100.0
6073,17766.435451143625,0.0,-177664.35451143625,0.0,10.0,0.0,-0.0,0.1,0.402584681,40.2584681,0.0,0.0,100.0,1.0,0.08,-8.0,-233.98360289455064,233.98360289455064,0.0,-233.98360289455064,233.98360289455064,0.0,-17398.468245354525,17398.468245354525,0.0,0.0,0.0,0.0,0.0,0.0,0.0,0.0,0.0,-177672.35451143625,-177672.35451143625,17866.435451143625,17866.435451143625,17766.435451143625,0.0,100.0,0.0,0.0,17866.435451143625,17866.435451143625,1,0.0,100.0
6074,17766.18614908545,0.0,-177661.8614908545,0.0,10.0,0.0,-0.0,0.1,0.412781978,41.2781978,0.0,0.0,100.0,1.0,0.08,-8.0,-233.8589579114332,233.8589579114332,0.0,-233.8589579114332,233.8589579114332,0.0,-17398.468233262585,17398.468233262585,0.0,0.0,0.0,0.0,0.0,0.0,0.0,0.0,0.0,-177669.8614908545,-177669.8614908545,17866.18614908545,17866.18614908545,17766.18614908545,0.0,100.0,0.0,0.0,17866.18614908545,17866.18614908545,1,0.0,100.0
6075,18506.759914502953,0.0,-185067.59914502953,0.0,10.0,0.0,-0.0,0.1,0.394905945,39.4905945,0.0,0.0,100.0,1.0,0.08,-8.0,-234.67065535045265,234.67065535045265,0.0,-234.67065535045265,234.67065535045265,0.0,-18137.41860380205,18137.41860380205,0.0,0.0,0.0,0.0,0.0,0.0,0.0,0.0,0.0,-185075.59914502953,-185075.59914502953,18606.759914502953,18606.759914502953,18506.759914502953,0.0,100.0,0.0,0.0,18606.759914502953,18606.759914502953,1,0.0,100.0
6076,21491.239771839035,0.0,-214912.39771839033,0.0,10.0,0.0,-0.0,0.1,0.387260776,38.726077599999996,0.0,0.0,100.0,1.0,0.08,-8.0,-234.5810940287554,234.5810940287554,0.0,-234.5810940287554,234.5810940287554,0.0,-21122.077583781524,21122.077583781524,0.0,0.0,0.0,0.0,0.0,0.0,0.0,0.0,0.0,-214920.39771839033,-214920.39771839033,21591.239771839035,21591.239771839035,21491.239771839035,0.0,100.0,0.0,0.0,21591.239771839035,21591.239771839035,1,0.0,100.0
6077,55172.79973256568,0.0,-551727.9973256568,0.0,10.0,0.0,-0.0,0.1,0.380100427,38.0100427,0.0,0.0,100.0,1.0,0.11,-11.0,-433.5362098290177,433.5362098290177,0.0,-433.5362098290177,433.5362098290177,0.0,-54592.70011564202,54592.70011564202,0.0,0.0,186.972802734375,186.972802734375,0.0,0.0,0.0,0.0,0.0,-551738.9973256568,-551738.9973256568,55459.77253530006,55459.77253530006,55359.77253530006,0.0,100.0,0.0,0.0,55459.77253530006,55272.79973256568,1,0.0,100.0
6078,54131.155579845996,0.0,-541311.5557984599,0.0,10.0,0.0,-0.0,0.1,0.359108159,35.910815899999996,0.0,0.0,100.0,1.0,0.11,-11.0,-677.2489482275492,677.2489482275492,0.0,-677.2489482275492,677.2489482275492,0.0,-58809.49323782078,58809.49323782078,0.0,0.0,3776.850615234375,3776.850615234375,0.0,0.0,2155.98493919551,2155.98493919551,0.0,-541322.5557984599,-541322.5557984599,60163.99113427588,60163.99113427588,60063.99113427588,0.0,100.0,0.0,0.0,60163.99113427588,54231.155579845996,1,0.0,100.0
6079,74014.97223404075,0.0,-740149.7223404074,0.0,10.0,0.0,-0.0,0.1,0.336803786,33.6803786,0.0,0.0,100.0,1.0,0.11,-11.0,-1044.2894152555257,1044.2894152555257,0.0,-1044.2894152555257,1044.2894152555257,0.0,-90610.24907718426,90610.24907718426,0.0,0.0,10844.42255859375,10844.42255859375,0.0,0.0,7739.433115060806,7739.433115060806,0.0,-740160.7223404074,-740160.7223404074,92698.8279076953,92698.8279076953,92598.8279076953,0.0,100.0,0.0,0.0,92698.8279076953,74114.97223404075,1,0.0,100.0
6080,60809.35160371185,0.0,-608093.5160371185,0.0,10.0,0.0,-0.0,0.1,0.314429773,31.442977300000003,0.0,0.0,100.0,1.0,0.11,-11.0,-1151.9344320778823,1151.9344320778823,0.0,-1151.9344320778823,1151.9344320778823,0.0,-89077.78930034778,89077.78930034778,0.0,0.0,18061.572744140623,18061.572744140623,0.0,0.0,12410.733816651078,12410.733816651078,0.0,-608104.5160371185,-608104.5160371185,91381.65816450355,91381.65816450355,91281.65816450355,0.0,100.0,0.0,0.0,91381.65816450355,60909.351603711846,1,0.0,100.0
6081,47810.87984276638,0.0,-478108.7984276638,0.0,10.0,0.0,-0.0,0.1,0.309887052,30.9887052,0.0,0.0,100.0,1.0,0.11,-11.0,-1267.346955320792,1267.346955320792,0.0,-1267.346955320792,1267.346955320792,0.0,-86548.419199681,86548.419199681,0.0,0.0,24643.015400390625,24643.015400390625,0.0,0.0,16529.21786716558,16529.21786716558,0.0,-478119.7984276638,-478119.7984276638,89083.11311032259,89083.11311032258,88983.11311032259,0.0,100.0,0.0,0.0,89083.11311032258,47910.87984276637,1,0.0,100.0
6082,36422.547823032655,0.0,-364225.47823032655,0.0,10.0,0.0,-0.0,0.1,0.337507844,33.7507844,0.0,0.0,100.0,1.0,0.11,-11.0,-1385.805315230792,1385.805315230792,0.0,-1385.805315230792,1385.805315230792,0.0,-85982.52284841181,85982.52284841181,0.0,0.0,29317.33546875,29317.33546875,0.0,0.0,22914.250187090744,22914.250187090744,0.0,-364236.47823032655,-364236.47823032655,88754.1334788734,88754.1334788734,88654.1334788734,0.0,100.0,0.0,0.0,88754.1334788734,36522.547823032655,1,0.0,100.0
6083,30756.765927224034,0.0,-307567.65927224036,0.0,10.0,0.0,-0.0,0.1,0.383493862,38.349386200000005,0.0,0.0,100.0,1.0,0.11,-11.0,-1450.0139684520668,1450.0139684520668,0.0,-1450.0139684520668,1450.0139684520668,0.0,-83823.79263465565,83823.79263465565,0.0,0.0,31598.403662109373,31598.403662109373,0.0,0.0,24268.650982226383,24268.650982226383,0.0,-307578.65927224036,-307578.65927224036,86723.8205715598,86723.82057155979,86623.8205715598,0.0,100.0,0.0,0.0,86723.82057155979,30856.765927224027,1,0.0,100.0
6084,36804.92643777472,0.0,-368049.2643777472,0.0,10.0,0.0,-0.0,0.1,0.3865252389999999,38.65252389999999,0.0,0.0,100.0,1.0,0.11,-11.0,-1452.1725414289936,1452.1725414289936,0.0,-1452.1725414289936,1452.1725414289936,0.0,-89466.04956122996,89466.04956122996,0.0,0.0,31224.458056640626,31224.458056640626,0.0,0.0,24241.010149672595,24241.010149672595,0.0,-368060.2643777472,-368060.2643777472,92370.39464408794,92370.39464408794,92270.39464408794,0.0,100.0,0.0,0.0,92370.39464408794,36904.92643777472,1,0.0,100.0
6085,41931.56465207983,0.0,-419315.6465207983,0.0,10.0,0.0,-0.0,0.1,0.388077779,38.8077779,0.0,0.0,100.0,1.0,0.11,-11.0,-1463.5631328496754,1463.5631328496754,0.0,-1463.5631328496754,1463.5631328496754,0.0,-89947.53262827017,89947.53262827017,0.0,0.0,28232.893212890624,28232.893212890624,0.0,0.0,22610.20102899907,22610.20102899907,0.0,-419326.6465207983,-419326.6465207983,92874.65889396952,92874.65889396952,92774.65889396952,0.0,100.0,0.0,0.0,92874.65889396952,42031.56465207983,1,0.0,100.0
6086,51093.43999040553,0.0,-510934.3999040553,0.0,10.0,0.0,-0.0,0.1,0.3910460089999999,39.104600899999994,0.0,0.0,100.0,1.0,0.08,-8.0,-1465.0889828273994,1465.0889828273994,0.0,-1465.0889828273994,1465.0889828273994,0.0,-90111.96456276267,90111.96456276267,0.0,0.0,22997.654736328124,22997.654736328124,0.0,0.0,18851.04780168382,18851.04780168382,0.0,-510942.3999040553,-510942.3999040553,93042.14252841748,93042.14252841748,92942.14252841748,0.0,100.0,0.0,0.0,93042.14252841748,51193.43999040553,1,0.0,100.0
6087,67380.74563866956,0.0,-673807.4563866956,0.0,10.0,0.0,-0.0,0.1,0.396315802,39.6315802,0.0,0.0,100.0,1.0,0.08,-8.0,-1466.8946827507873,1466.8946827507873,0.0,-1466.8946827507873,1466.8946827507873,0.0,-92686.15367834367,92686.15367834367,0.0,0.0,16004.8719140625,16004.8719140625,0.0,0.0,12134.325491113192,12134.325491113192,0.0,-673815.4563866956,-673815.4563866956,95619.94304384524,95619.94304384525,95519.94304384524,0.0,100.0,0.0,0.0,95619.94304384525,67480.74563866956,1,0.0,100.0
6088,69113.8565187313,0.0,-691138.5651873131,0.0,10.0,0.0,-0.0,0.1,0.397363107,39.7363107,0.0,0.0,100.0,1.0,0.08,-8.0,-1225.6980645277465,1225.6980645277465,0.0,-1225.6980645277465,1225.6980645277465,0.0,-84383.87445598525,84383.87445598525,0.0,0.0,8638.143486328125,8638.143486328125,0.0,0.0,8983.270579981292,8983.270579981292,0.0,-691146.5651873131,-691146.5651873131,86835.27058504072,86835.27058504074,86735.27058504072,0.0,100.0,0.0,0.0,86835.27058504074,69213.85651873132,1,0.0,100.0
6089,68294.43977095392,0.0,-682944.3977095392,0.0,10.0,0.0,-0.0,0.1,0.409236195,40.9236195,0.0,0.0,100.0,1.0,0.11,-11.0,-1133.2452370512055,1133.2452370512055,0.0,-1133.2452370512055,1133.2452370512055,0.0,-71412.11451058075,71412.11451058075,0.0,0.0,2243.6736328125,2243.6736328125,0.0,0.0,3040.491580916745,3040.491580916745,0.0,-682955.3977095392,-682955.3977095392,73678.60498468316,73678.60498468316,73578.60498468316,0.0,100.0,0.0,0.0,73678.60498468316,68394.43977095392,1,0.0,100.0
6090,73649.05543197242,0.0,-736490.5543197242,0.0,10.0,0.0,-0.0,0.1,0.406304244,40.630424399999995,0.0,0.0,100.0,1.0,0.11,-11.0,-1060.043643029644,1060.043643029644,0.0,-1060.043643029644,1060.043643029644,0.0,-71628.96814591312,71628.96814591312,0.0,0.0,0.0,0.0,0.0,0.0,0.0,0.0,0.0,-736501.5543197242,-736501.5543197242,73749.05543197242,73749.05543197242,73649.05543197242,0.0,100.0,0.0,0.0,73749.05543197242,73749.05543197242,1,0.0,100.0
6091,64051.20320949459,0.0,-640512.0320949459,0.0,10.0,0.0,-0.0,0.1,0.396717996,39.6717996,0.0,0.0,100.0,1.0,0.11,-11.0,-1001.4692320882792,1001.4692320882792,0.0,-1001.4692320882792,1001.4692320882792,0.0,-62148.26474531803,62148.26474531803,0.0,0.0,0.0,0.0,0.0,0.0,0.0,0.0,0.0,-640523.0320949459,-640523.0320949459,64151.20320949459,64151.20320949459,64051.20320949459,0.0,100.0,0.0,0.0,64151.20320949459,64151.20320949459,1,0.0,100.0
6092,59954.45318430013,0.0,-599544.5318430013,0.0,10.0,0.0,-0.0,0.1,0.3912533039999999,39.12533039999999,0.0,0.0,100.0,1.0,0.11,-11.0,-235.03004157884533,235.03004157884533,0.0,-235.03004157884533,235.03004157884533,0.0,-59584.39310114244,59584.39310114244,0.0,0.0,0.0,0.0,0.0,0.0,0.0,0.0,0.0,-599555.5318430013,-599555.5318430013,60054.45318430013,60054.45318430013,59954.45318430013,0.0,100.0,0.0,0.0,60054.45318430013,60054.45318430013,1,0.0,100.0
6093,21490.151739092777,0.0,-214901.51739092777,0.0,10.0,0.0,-0.0,0.1,0.385304799,38.530479899999996,0.0,0.0,100.0,1.0,0.11,-11.0,-234.077386135336,234.077386135336,0.0,-234.077386135336,234.077386135336,0.0,-21121.996966822106,21121.996966822106,0.0,0.0,0.0,0.0,0.0,0.0,0.0,0.0,0.0,-214912.51739092777,-214912.51739092777,21590.151739092777,21590.151739092777,21490.151739092777,0.0,100.0,0.0,0.0,21590.151739092777,21590.151739092777,1,0.0,100.0
6094,18511.30718598893,0.0,-185113.0718598893,0.0,10.0,0.0,-0.0,0.1,0.384713336,38.4713336,0.0,0.0,100.0,1.0,0.11,-11.0,-236.9442880704576,236.9442880704576,0.0,-236.9442880704576,236.9442880704576,0.0,-18137.418609848017,18137.418609848017,0.0,0.0,0.0,0.0,0.0,0.0,0.0,0.0,0.0,-185124.0718598893,-185124.0718598893,18611.30718598893,18611.30718598893,18511.30718598893,0.0,100.0,0.0,0.0,18611.30718598893,18611.30718598893,1,0.0,100.0
6095,17766.262906111424,0.0,-177662.62906111425,0.0,10.0,0.0,-0.0,0.1,0.389529199,38.9529199,0.0,0.0,100.0,1.0,0.11,-11.0,-233.89733037844928,233.89733037844928,0.0,-233.89733037844928,233.89733037844928,0.0,-17398.468245354525,17398.468245354525,0.0,0.0,0.0,0.0,0.0,0.0,0.0,0.0,0.0,-177673.62906111425,-177673.62906111425,17866.262906111424,17866.262906111424,17766.262906111424,0.0,100.0,0.0,0.0,17866.262906111424,17866.262906111424,1,0.0,100.0
6096,17766.102793816608,0.0,-177661.02793816608,0.0,10.0,0.0,-0.0,0.1,0.396175527,39.617552700000005,0.0,0.0,100.0,1.0,0.08,-8.0,-233.8172198173167,233.8172198173167,0.0,-233.8172198173167,233.8172198173167,0.0,-17398.468354181976,17398.468354181976,0.0,0.0,0.0,0.0,0.0,0.0,0.0,0.0,0.0,-177669.02793816608,-177669.02793816608,17866.102793816608,17866.102793816608,17766.102793816608,0.0,100.0,0.0,0.0,17866.102793816608,17866.102793816608,1,0.0,100.0
6097,17766.0442471271,0.0,-177660.44247127103,0.0,10.0,0.0,-0.0,0.1,0.3960541729999999,39.60541729999999,0.0,0.0,100.0,1.0,0.08,-8.0,-233.78794647256265,233.78794647256265,0.0,-233.78794647256265,233.78794647256265,0.0,-17398.468354181976,17398.468354181976,0.0,0.0,0.0,0.0,0.0,0.0,0.0,0.0,0.0,-177668.44247127103,-177668.44247127103,17866.0442471271,17866.0442471271,17766.0442471271,0.0,100.0,0.0,0.0,17866.0442471271,17866.0442471271,1,0.0,100.0
6098,17765.991555545716,0.0,-177659.91555545715,0.0,10.0,0.0,-0.0,0.1,0.395937247,39.593724699999996,0.0,0.0,100.0,1.0,0.08,-8.0,-233.76159765888485,233.76159765888485,0.0,-233.76159765888485,233.76159765888485,0.0,-17398.468360227947,17398.468360227947,0.0,0.0,0.0,0.0,0.0,0.0,0.0,0.0,0.0,-177667.91555545715,-177667.91555545715,17865.991555545716,17865.991555545716,17765.991555545716,0.0,100.0,0.0,0.0,17865.991555545716,17865.991555545716,1,0.0,100.0
6099,18516.236007666696,0.0,-185162.36007666696,0.0,10.0,0.0,-0.0,0.1,0.398476265,39.8476265,0.0,0.0,100.0,1.0,0.08,-8.0,-239.4086414726289,239.4086414726289,0.0,-239.4086414726289,239.4086414726289,0.0,-18137.41872472144,18137.41872472144,0.0,0.0,0.0,0.0,0.0,0.0,0.0,0.0,0.0,-185170.36007666696,-185170.36007666696,18616.236007666696,18616.236007666696,18516.236007666696,0.0,100.0,0.0,0.0,18616.236007666696,18616.236007666696,1,0.0,100.0
6100,21499.141826999432,0.0,-214991.41826999432,0.0,10.0,0.0,-0.0,0.1,0.404809119,40.4809119,0.0,0.0,100.0,1.0,0.08,-8.0,-238.5320520803029,238.5320520803029,0.0,-238.5320520803029,238.5320520803029,0.0,-21122.077722838825,21122.077722838825,0.0,0.0,0.0,0.0,0.0,0.0,0.0,0.0,0.0,-214999.41826999432,-214999.41826999432,21599.141826999432,21599.141826999432,21499.141826999432,0.0,100.0,0.0,0.0,21599.141826999432,21599.141826999432,1,0.0,100.0
6101,34547.64178061416,0.0,-345476.4178061416,0.0,10.0,0.0,-0.0,0.1,0.384492537,38.4492537,0.0,0.0,100.0,1.0,0.11,-11.0,-502.8555923006153,502.8555923006153,0.0,-502.8555923006153,502.8555923006153,0.0,-33641.93059601293,33641.93059601293,0.0,0.0,0.0,0.0,0.0,0.0,0.0,0.0,0.0,-345487.4178061416,-345487.4178061416,34647.64178061416,34647.64178061416,34547.64178061416,0.0,100.0,0.0,0.0,34647.64178061416,34647.64178061416,1,0.0,100.0
6102,36854.74230361341,0.0,-368547.4230361341,0.0,10.0,0.0,-0.0,0.1,0.3739922639999999,37.39922639999999,0.0,0.0,100.0,1.0,0.11,-11.0,-758.0902379376193,758.0902379376193,0.0,-758.0902379376193,758.0902379376193,0.0,-40363.33297938764,40363.33297938764,0.0,0.0,3515.08869140625,3515.08869140625,0.0,0.0,1409.6824602432182,1409.6824602432182,0.0,-368558.4230361341,-368558.4230361341,41879.51345526288,41879.51345526288,41779.51345526288,0.0,100.0,0.0,0.0,41879.51345526288,36954.74230361341,1,0.0,100.0
6103,67398.8741942093,0.0,-673988.741942093,0.0,10.0,0.0,-0.0,0.1,0.354525424,35.4525424,0.0,0.0,100.0,1.0,0.11,-11.0,-1083.0206299107888,1083.0206299107888,0.0,-1083.0206299107888,1083.0206299107888,0.0,-79772.27893472026,79772.27893472026,0.0,0.0,9049.48365234375,9049.48365234375,0.0,0.0,5389.962347988775,5389.962347988775,0.0,-673999.741942093,-673999.741942093,81938.32019454183,81938.32019454184,81838.32019454183,0.0,100.0,0.0,0.0,81938.32019454184,67498.87419420932,1,0.0,100.0
6104,66198.90505817652,0.0,-661989.0505817651,0.0,10.0,0.0,-0.0,0.1,0.333840429,33.3840429,0.0,0.0,100.0,1.0,0.11,-11.0,-1211.261910085202,1211.261910085202,0.0,-1211.261910085202,1211.261910085202,0.0,-86617.57777694621,86617.57777694621,0.0,0.0,14172.538447265624,14172.538447265624,0.0,0.0,8568.658091674464,8568.658091674464,0.0,-662000.0505817651,-662000.0505817651,89040.1015971166,89040.10159711662,88940.1015971166,0.0,100.0,0.0,0.0,89040.10159711662,66298.90505817653,1,0.0,100.0
6105,47919.012775488125,0.0,-479190.1277548813,0.0,10.0,0.0,-0.0,0.1,0.332586093,33.2586093,0.0,0.0,100.0,1.0,0.11,-11.0,-1420.9168298857692,1420.9168298857692,0.0,-1420.9168298857692,1420.9168298857692,0.0,-85640.63094262843,85640.63094262843,0.0,0.0,22137.57984375,22137.57984375,0.0,0.0,18325.87198316184,18325.87198316184,0.0,-479201.1277548813,-479201.1277548813,88482.46460239997,88482.46460239997,88382.46460239997,0.0,100.0,0.0,0.0,88482.46460239997,48019.012775488125,1,0.0,100.0
6106,39287.00933148799,0.0,-392870.0933148799,0.0,10.0,0.0,-0.0,0.1,0.353882502,35.3882502,0.0,0.0,100.0,1.0,0.11,-11.0,-1495.2336123150262,1495.2336123150262,0.0,-1495.2336123150262,1495.2336123150262,0.0,-86986.00780148713,86986.00780148713,0.0,0.0,27896.34216796875,27896.34216796875,0.0,0.0,22693.123526660434,22693.123526660434,0.0,-392881.0933148799,-392881.0933148799,89976.47502611717,89976.47502611717,89876.47502611717,0.0,100.0,0.0,0.0,89976.47502611717,39387.00933148799,1,0.0,100.0
6107,36845.641167367685,0.0,-368456.41167367686,0.0,10.0,0.0,-0.0,0.1,0.382488227,38.2488227,0.0,0.0,100.0,1.0,0.11,-11.0,-1486.9236159448726,1486.9236159448726,0.0,-1486.9236159448726,1486.9236159448726,0.0,-84790.61452542583,84790.61452542583,0.0,0.0,25914.43045898437,25914.43045898437,0.0,0.0,24904.39013096352,24904.39013096352,0.0,-368467.41167367686,-368467.41167367686,87764.46175731558,87764.46175731557,87664.46175731558,0.0,100.0,0.0,0.0,87764.46175731557,36945.64116736768,1,0.0,100.0
6108,37735.944561587676,0.0,-377359.44561587676,0.0,10.0,0.0,-0.0,0.1,0.381442812,38.1442812,0.0,0.0,100.0,1.0,0.11,-11.0,-1480.7068235602285,1480.7068235602285,0.0,-1480.7068235602285,1480.7068235602285,0.0,-88868.64844804855,88868.64844804855,0.0,0.0,28868.6007421875,28868.6007421875,0.0,0.0,25125.51679139383,25125.51679139383,0.0,-377370.44561587676,-377370.44561587676,91830.062095169,91830.062095169,91730.062095169,0.0,100.0,0.0,0.0,91830.062095169,37835.944561587676,1,0.0,100.0
6109,43724.81207374954,0.0,-437248.1207374954,0.0,10.0,0.0,-0.0,0.1,0.384327394,38.432739399999996,0.0,0.0,100.0,1.0,0.11,-11.0,-1418.5290769379706,1418.5290769379706,0.0,-1418.5290769379706,1418.5290769379706,0.0,-89614.84698094484,89614.84698094484,0.0,0.0,25353.51205078125,25353.51205078125,0.0,0.0,23273.581010289992,23273.581010289992,0.0,-437259.1207374954,-437259.1207374954,92451.90513482079,92451.90513482079,92351.90513482079,0.0,100.0,0.0,0.0,92451.90513482079,43824.81207374955,1,0.0,100.0
6110,53068.68019234539,0.0,-530686.8019234539,0.0,10.0,0.0,-0.0,0.1,0.392071056,39.2071056,0.0,0.0,100.0,1.0,0.08,-8.0,-1324.2037579261705,1324.2037579261705,0.0,-1324.2037579261705,1324.2037579261705,0.0,-90292.79854788096,90292.79854788096,0.0,0.0,20230.45725585937,20230.45725585937,0.0,0.0,19542.068615528533,19542.068615528533,0.0,-530694.8019234539,-530694.8019234539,92941.20606373329,92941.20606373329,92841.20606373329,0.0,100.0,0.0,0.0,92941.20606373329,53168.68019234539,1,0.0,100.0
6111,68974.71511613225,0.0,-689747.1511613226,0.0,10.0,0.0,-0.0,0.1,0.400670929,40.0670929,0.0,0.0,100.0,1.0,0.08,-8.0,-1305.1744666512975,1305.1744666512975,0.0,-1305.1744666512975,1305.1744666512975,0.0,-93405.44377684093,93405.44377684093,0.0,0.0,12153.232177734377,12153.232177734377,0.0,0.0,14787.845416276896,14787.845416276896,0.0,-689755.1511613226,-689755.1511613226,96015.79271014352,96015.79271014352,95915.79271014352,0.0,100.0,0.0,0.0,96015.79271014352,69074.71511613225,0,0.0,100.0
6112,73967.18803420874,0.0,-739671.8803420874,0.0,10.0,0.0,-0.0,0.1,0.406008487,40.6008487,0.0,0.0,100.0,1.0,0.08,-8.0,-1142.829529792656,1142.829529792656,0.0,-1142.829529792656,1142.829529792656,0.0,-85987.01198088293,85987.01198088293,0.0,0.0,5609.18408203125,5609.18408203125,0.0,0.0,8596.298924228251,8596.298924228251,0.0,-739679.8803420874,-739679.8803420874,88272.67104046824,88272.67104046824,88172.67104046824,0.0,100.0,0.0,0.0,88272.67104046824,74067.18803420874,1,0.0,100.0
6113,70719.13017876189,0.0,-707191.3017876189,0.0,10.0,0.0,-0.0,0.1,0.410026684,41.0026684,0.0,0.0,100.0,1.0,0.11,-11.0,-1132.83300264874,1132.83300264874,0.0,-1132.83300264874,1132.83300264874,0.0,-73250.6904978622,73250.6904978622,0.0,0.0,1794.93890625,1794.93890625,0.0,0.0,2902.2874181478023,2902.2874181478023,0.0,-707202.3017876189,-707202.3017876189,75516.3565031597,75516.35650315968,75416.3565031597,0.0,100.0,0.0,0.0,75516.35650315968,70819.13017876187,1,0.0,100.0
6114,75356.01880923247,0.0,-753560.1880923246,0.0,10.0,0.0,-0.0,0.1,0.3960297379999999,39.602973799999994,0.0,0.0,100.0,1.0,0.11,-11.0,-1100.4228542731814,1100.4228542731814,0.0,-1100.4228542731814,1100.4228542731814,0.0,-73255.17310068611,73255.17310068611,0.0,0.0,0.0,0.0,0.0,0.0,0.0,0.0,0.0,-753571.1880923246,-753571.1880923246,75456.01880923247,75456.01880923247,75356.01880923247,0.0,100.0,0.0,0.0,75456.01880923247,75456.01880923247,1,0.0,100.0
6115,65468.788180517426,0.0,-654687.8818051743,0.0,10.0,0.0,-0.0,0.1,0.398190722,39.8190722,0.0,0.0,100.0,1.0,0.11,-11.0,-1058.3743560894482,1058.3743560894482,0.0,-1058.3743560894482,1058.3743560894482,0.0,-63452.03946833853,63452.03946833853,0.0,0.0,0.0,0.0,0.0,0.0,0.0,0.0,0.0,-654698.8818051743,-654698.8818051743,65568.78818051743,65568.78818051743,65468.788180517426,0.0,100.0,0.0,0.0,65568.78818051743,65568.78818051743,1,0.0,100.0
6116,61881.28337184839,0.0,-618812.8337184839,0.0,10.0,0.0,-0.0,0.1,0.396904666,39.6904666,0.0,0.0,100.0,1.0,0.11,-11.0,-234.1930658480393,234.1930658480393,0.0,-234.1930658480393,234.1930658480393,0.0,-61512.89724015231,61512.89724015231,0.0,0.0,0.0,0.0,0.0,0.0,0.0,0.0,0.0,-618823.8337184839,-618823.8337184839,61981.28337184839,61981.28337184839,61881.28337184839,0.0,100.0,0.0,0.0,61981.28337184839,61981.28337184839,1,0.0,100.0
6117,21490.333843712662,0.0,-214903.33843712663,0.0,10.0,0.0,-0.0,0.1,0.395320615,39.5320615,0.0,0.0,100.0,1.0,0.11,-11.0,-234.16837798558268,234.16837798558268,0.0,-234.16837798558268,234.16837798558268,0.0,-21121.997087741496,21121.997087741496,0.0,0.0,0.0,0.0,0.0,0.0,0.0,0.0,0.0,-214914.33843712663,-214914.33843712663,21590.333843712662,21590.333843712662,21490.333843712662,0.0,100.0,0.0,0.0,21590.333843712662,21590.333843712662,1,0.0,100.0
6118,18511.554872805184,0.0,-185115.54872805183,0.0,10.0,0.0,-0.0,0.1,0.393963836,39.3963836,0.0,0.0,100.0,1.0,0.11,-11.0,-237.0680740418717,237.0680740418717,0.0,-237.0680740418717,237.0680740418717,0.0,-18137.41872472144,18137.41872472144,0.0,0.0,0.0,0.0,0.0,0.0,0.0,0.0,0.0,-185126.54872805183,-185126.54872805183,18611.554872805184,18611.554872805184,18511.554872805184,0.0,100.0,0.0,0.0,18611.554872805184,18611.554872805184,1,0.0,100.0
6119,17766.674733348533,0.0,-177666.74733348534,0.0,10.0,0.0,-0.0,0.1,0.392516265,39.2516265,0.0,0.0,100.0,1.0,0.11,-11.0,-234.10318958327872,234.10318958327872,0.0,-234.10318958327872,234.10318958327872,0.0,-17398.468354181976,17398.468354181976,0.0,0.0,0.0,0.0,0.0,0.0,0.0,0.0,0.0,-177677.74733348534,-177677.74733348534,17866.674733348533,17866.674733348533,17766.674733348533,0.0,100.0,0.0,0.0,17866.674733348533,17866.674733348533,1,0.0,100.0
6120,17766.616020648926,0.0,-177666.16020648926,0.0,10.0,0.0,-0.0,0.1,0.399957839,39.9957839,0.0,0.0,100.0,1.0,0.08,-8.0,-234.0737818427336,234.0737818427336,0.0,-234.0737818427336,234.0737818427336,0.0,-17398.46845696346,17398.46845696346,0.0,0.0,0.0,0.0,0.0,0.0,0.0,0.0,0.0,-177674.16020648926,-177674.16020648926,17866.616020648926,17866.616020648926,17766.616020648926,0.0,100.0,0.0,0.0,17866.616020648926,17866.616020648926,1,0.0,100.0
6121,17766.570962137925,0.0,-177665.70962137924,0.0,10.0,0.0,-0.0,0.1,0.39296683,39.296683,0.0,0.0,100.0,1.0,0.08,-8.0,-234.05125561021416,234.05125561021416,0.0,-234.05125561021416,234.05125561021416,0.0,-17398.468450917495,17398.468450917495,0.0,0.0,0.0,0.0,0.0,0.0,0.0,0.0,0.0,-177673.70962137924,-177673.70962137924,17866.570962137925,17866.570962137925,17766.570962137925,0.0,100.0,0.0,0.0,17866.570962137925,17866.570962137925,1,0.0,100.0
6122,17766.15793684217,0.0,-177661.5793684217,0.0,10.0,0.0,-0.0,0.1,0.392230521,39.2230521,0.0,0.0,100.0,1.0,0.08,-8.0,-233.84474296233708,233.84474296233708,0.0,-233.84474296233708,233.84474296233708,0.0,-17398.468450917495,17398.468450917495,0.0,0.0,0.0,0.0,0.0,0.0,0.0,0.0,0.0,-177669.5793684217,-177669.5793684217,17866.15793684217,17866.15793684217,17766.15793684217,0.0,100.0,0.0,0.0,17866.15793684217,17866.15793684217,1,0.0,100.0
6123,18507.317772994535,0.0,-185073.17772994534,0.0,10.0,0.0,-0.0,0.1,0.375738992,37.5738992,0.0,0.0,100.0,1.0,0.08,-8.0,-234.94947879177568,234.94947879177568,0.0,-234.94947879177568,234.94947879177568,0.0,-18137.418815410983,18137.418815410983,0.0,0.0,0.0,0.0,0.0,0.0,0.0,0.0,0.0,-185081.17772994534,-185081.17772994534,18607.317772994535,18607.317772994535,18507.317772994535,0.0,100.0,0.0,0.0,18607.317772994535,18607.317772994535,1,0.0,100.0
6124,21491.73922008347,0.0,-214917.3922008347,0.0,10.0,0.0,-0.0,0.1,0.37873599,37.873599,0.0,0.0,100.0,1.0,0.08,-8.0,-234.83064584083724,234.83064584083724,0.0,-234.83064584083724,234.83064584083724,0.0,-21122.077928401795,21122.077928401795,0.0,0.0,0.0,0.0,0.0,0.0,0.0,0.0,0.0,-214925.3922008347,-214925.3922008347,21591.73922008347,21591.73922008347,21491.73922008347,0.0,100.0,0.0,0.0,21591.73922008347,21591.73922008347,1,0.0,100.0
6125,42783.1674228965,0.0,-427831.67422896496,0.0,10.0,0.0,-0.0,0.1,0.3531105329999999,35.31105329999999,0.0,0.0,100.0,1.0,0.11,-11.0,-531.1952624643254,531.1952624643254,0.0,-531.1952624643254,531.1952624643254,0.0,-41820.77689796785,41820.77689796785,0.0,0.0,0.0,0.0,0.0,0.0,0.0,0.0,0.0,-427842.67422896496,-427842.67422896496,42883.1674228965,42883.1674228965,42783.1674228965,0.0,100.0,0.0,0.0,42883.1674228965,42883.1674228965,1,0.0,100.0
6126,52291.31088917116,0.0,-522913.10889171157,0.0,10.0,0.0,-0.0,0.1,0.3410539589999999,34.10539589999999,0.0,0.0,100.0,1.0,0.11,-11.0,-772.9680536867088,772.9680536867088,0.0,-772.9680536867088,772.9680536867088,0.0,-54328.02482525432,54328.02482525432,0.0,0.0,1907.122587890625,1907.122587890625,0.0,0.0,1575.5274555659498,1575.5274555659498,0.0,-522924.10889171157,-522924.10889171157,55873.960932627735,55873.960932627735,55773.960932627735,0.0,100.0,0.0,0.0,55873.960932627735,52391.31088917116,1,0.0,100.0
6127,86077.01692689012,0.0,-860770.1692689012,0.0,10.0,0.0,-0.0,0.1,0.333676519,33.3676519,0.0,0.0,100.0,1.0,0.11,-11.0,-1157.679027863202,1157.679027863202,0.0,-1157.679027863202,1157.679027863202,0.0,-92461.00878160133,92461.00878160133,0.0,0.0,4038.6125390625,4038.6125390625,0.0,0.0,4560.737371375118,4560.737371375118,0.0,-860781.1692689012,-860781.1692689012,94776.36683732775,94776.36683732773,94676.36683732775,0.0,100.0,0.0,0.0,94776.36683732773,86177.01692689012,1,0.0,100.0
6128,83393.37454816702,0.0,-833933.7454816701,0.0,10.0,0.0,-0.0,0.1,0.329653309,32.9653309,0.0,0.0,100.0,1.0,0.11,-11.0,-1237.8061005982297,1237.8061005982297,0.0,-1237.8061005982297,1237.8061005982297,0.0,-92205.47031171016,92205.47031171016,0.0,0.0,6544.048095703125,6544.048095703125,0.0,0.0,4643.659869036484,4643.659869036484,0.0,-833944.7454816701,-833944.7454816701,94681.08251290664,94681.08251290662,94581.08251290664,0.0,100.0,0.0,0.0,94681.08251290662,83493.37454816702,1,0.0,100.0
6129,79048.23122672184,0.0,-790482.3122672184,0.0,10.0,0.0,-0.0,0.1,0.328361953,32.8361953,0.0,0.0,100.0,1.0,0.11,-11.0,-1367.9061762386957,1367.9061762386957,0.0,-1367.9061762386957,1367.9061762386957,0.0,-91212.84766864196,91212.84766864196,0.0,0.0,8525.9598046875,8525.9598046875,0.0,0.0,6274.468989710011,6274.468989710011,0.0,-790493.3122672184,-790493.3122672184,93948.66002111934,93948.66002111936,93848.66002111934,0.0,100.0,0.0,0.0,93948.66002111936,79148.23122672185,1,0.0,100.0
6130,57994.33363553138,0.0,-579943.3363553138,0.0,10.0,0.0,-0.0,0.1,0.338119651,33.8119651,0.0,0.0,100.0,1.0,0.11,-11.0,-1467.79487303986,1467.79487303986,0.0,-1467.79487303986,1467.79487303986,0.0,-92731.59857203688,92731.59857203688,0.0,0.0,15930.08279296875,15930.08279296875,0.0,0.0,21642.771889616462,21642.771889616462,0.0,-579954.3363553138,-579954.3363553138,95667.18831811659,95667.18831811659,95567.18831811659,0.0,100.0,0.0,0.0,95667.18831811659,58094.33363553138,1,0.0,100.0
6131,55239.69366507878,0.0,-552396.9366507878,0.0,10.0,0.0,-0.0,0.1,0.354410246,35.4410246,0.0,0.0,100.0,1.0,0.11,-11.0,-1494.850171750538,1494.850171750538,0.0,-1494.850171750538,1494.850171750538,0.0,-89827.05755341859,89827.05755341859,0.0,0.0,13125.490751953124,13125.490751953124,0.0,0.0,24351.57347988775,24351.57347988775,0.0,-552407.9366507878,-552407.9366507878,92816.75789691965,92816.75789691966,92716.75789691965,0.0,100.0,0.0,0.0,92816.75789691966,55339.69366507879,1,0.0,100.0
6132,57902.10418800337,0.0,-579021.0418800337,0.0,10.0,0.0,-0.0,0.1,0.352053942,35.2053942,0.0,0.0,100.0,1.0,0.11,-11.0,-1492.6023506794645,1492.6023506794645,0.0,-1492.6023506794645,1492.6023506794645,0.0,-92510.23047162054,92510.23047162054,0.0,0.0,12975.912509765623,12975.912509765623,0.0,0.0,24517.41847521048,24517.41847521048,0.0,-579032.0418800337,-579032.0418800337,95495.43517297949,95495.43517297947,95395.43517297949,0.0,100.0,0.0,0.0,95495.43517297947,58002.104188003366,1,0.0,100.0
6133,52842.224731365706,0.0,-528422.2473136571,0.0,10.0,0.0,-0.0,0.1,0.349563385,34.9563385,0.0,0.0,100.0,1.0,0.11,-11.0,-1520.6523330586574,1520.6523330586574,0.0,-1520.6523330586574,1520.6523330586574,0.0,-91936.78512263628,91936.78512263628,0.0,0.0,19370.38236328125,19370.38236328125,0.0,0.0,22665.48269410665,22665.48269410665,0.0,-528433.2473136571,-528433.2473136571,94978.0897887536,94978.0897887536,94878.0897887536,0.0,100.0,0.0,0.0,94978.0897887536,52942.2247313657,1,0.0,100.0
6134,59898.22109306125,0.0,-598982.2109306125,0.0,10.0,0.0,-0.0,0.1,0.353454964,35.3454964,0.0,0.0,100.0,1.0,0.08,-8.0,-1506.6577817625869,1506.6577817625869,0.0,-1506.6577817625869,1506.6577817625869,0.0,-91756.28239619556,91756.28239619556,0.0,0.0,15892.688232421877,15892.688232421877,0.0,0.0,18878.68863423761,18878.68863423761,0.0,-598990.2109306125,-598990.2109306125,94769.59795972073,94769.59795972073,94669.59795972073,0.0,100.0,0.0,0.0,94769.59795972073,59998.22109306125,0,0.0,100.0
6135,75820.53380947212,0.0,-758205.3380947212,0.0,10.0,0.0,-0.0,0.1,0.361661584,36.1661584,0.0,0.0,100.0,1.0,0.08,-8.0,-1492.294508165873,1492.294508165873,0.0,-1492.294508165873,1492.294508165873,0.0,-94667.74115283694,94667.74115283694,0.0,0.0,8077.225078124999,8077.225078124999,0.0,0.0,13654.571281571563,13654.571281571563,0.0,-758213.3380947212,-758213.3380947212,97652.33016916868,97652.3301691687,97552.33016916868,0.0,100.0,0.0,0.0,97652.3301691687,75920.53380947214,0,0.0,100.0
6136,76381.79644678901,0.0,-763817.9644678901,0.0,10.0,0.0,-0.0,0.1,0.369523036,36.9523036,0.0,0.0,100.0,1.0,0.08,-8.0,-1284.7985935677996,1284.7985935677996,0.0,-1284.7985935677996,1284.7985935677996,0.0,-88426.56085884073,88426.56085884073,0.0,0.0,6581.442656249999,6581.442656249999,0.0,0.0,7932.918942937325,7932.918942937325,0.0,-763825.9644678901,-763825.9644678901,90996.15804597634,90996.15804597634,90896.15804597634,0.0,100.0,0.0,0.0,90996.15804597634,76481.79644678901,0,0.0,100.0
6137,76738.31061962132,0.0,-767383.1061962132,0.0,10.0,0.0,-0.0,0.1,0.374307097,37.430709699999994,0.0,0.0,100.0,1.0,0.11,-11.0,-1239.1463509090013,1239.1463509090013,0.0,-1239.1463509090013,1239.1463509090013,0.0,-78063.82624113046,78063.82624113046,0.0,0.0,1271.41505859375,1271.41505859375,0.0,0.0,2432.393264733396,2432.393264733396,0.0,-767394.1061962132,-767394.1061962132,80542.11894294847,80542.11894294847,80442.11894294847,0.0,100.0,0.0,0.0,80542.11894294847,76838.31061962132,1,0.0,100.0
6138,81049.06585308751,0.0,-810490.6585308751,0.0,10.0,0.0,-0.0,0.1,0.36485913,36.485913,0.0,0.0,100.0,1.0,0.11,-11.0,-1162.0600850409264,1162.0600850409264,0.0,-1162.0600850409264,1162.0600850409264,0.0,-78824.94568300566,78824.94568300566,0.0,0.0,0.0,0.0,0.0,0.0,0.0,0.0,0.0,-810501.6585308751,-810501.6585308751,81149.06585308751,81149.06585308751,81049.06585308751,0.0,100.0,0.0,0.0,81149.06585308751,81149.06585308751,1,0.0,100.0
6139,71103.37444991048,0.0,-711033.7444991048,0.0,10.0,0.0,-0.0,0.1,0.369937306,36.9937306,0.0,0.0,100.0,1.0,0.11,-11.0,-1088.786090098729,1088.786090098729,0.0,-1088.786090098729,1088.786090098729,0.0,-69025.80226971302,69025.80226971302,0.0,0.0,0.0,0.0,0.0,0.0,0.0,0.0,0.0,-711044.7444991048,-711044.7444991048,71203.37444991048,71203.37444991048,71103.37444991048,0.0,100.0,0.0,0.0,71203.37444991048,71203.37444991048,1,0.0,100.0
6140,68869.22213734637,0.0,-688692.2213734637,0.0,10.0,0.0,-0.0,0.1,0.366523401,36.6523401,0.0,0.0,100.0,1.0,0.11,-11.0,-235.1408729592016,235.1408729592016,0.0,-235.1408729592016,235.1408729592016,0.0,-68498.94039142797,68498.94039142797,0.0,0.0,0.0,0.0,0.0,0.0,0.0,0.0,0.0,-688703.2213734637,-688703.2213734637,68969.22213734637,68969.22213734637,68869.22213734637,0.0,100.0,0.0,0.0,68969.22213734637,68969.22213734637,1,0.0,100.0
6141,21598.104623088595,0.0,-215981.04623088596,0.0,10.0,0.0,-0.0,0.1,0.370606376,37.0606376,0.0,0.0,100.0,1.0,0.11,-11.0,-288.0537223287782,288.0537223287782,0.0,-288.0537223287782,288.0537223287782,0.0,-21121.99717843104,21121.99717843104,0.0,0.0,0.0,0.0,0.0,0.0,0.0,0.0,0.0,-215992.04623088596,-215992.04623088596,21698.104623088595,21698.104623088595,21598.104623088595,0.0,100.0,0.0,0.0,21698.104623088595,21698.104623088595,1,0.0,100.0
6142,18511.617732417297,0.0,-185116.17732417298,0.0,10.0,0.0,-0.0,0.1,0.3737465889999999,37.37465889999999,0.0,0.0,100.0,1.0,0.11,-11.0,-237.0994615261449,237.0994615261449,0.0,-237.0994615261449,237.0994615261449,0.0,-18137.41880936501,18137.41880936501,0.0,0.0,0.0,0.0,0.0,0.0,0.0,0.0,0.0,-185127.17732417298,-185127.17732417298,18611.617732417297,18611.617732417297,18511.617732417297,0.0,100.0,0.0,0.0,18611.617732417297,18611.617732417297,1,0.0,100.0
6143,17766.679391319205,0.0,-177666.79391319206,0.0,10.0,0.0,-0.0,0.1,0.361947067,36.1947067,0.0,0.0,100.0,1.0,0.11,-11.0,-234.1054732238408,234.1054732238408,0.0,-234.1054732238408,234.1054732238408,0.0,-17398.468444871523,17398.468444871523,0.0,0.0,0.0,0.0,0.0,0.0,0.0,0.0,0.0,-177677.79391319206,-177677.79391319206,17866.679391319205,17866.679391319205,17766.679391319205,0.0,100.0,0.0,0.0,17866.679391319205,17866.679391319205,1,0.0,100.0
6144,17766.57741641763,0.0,-177665.77416417628,0.0,10.0,0.0,-0.0,0.1,0.361662895,36.1662895,0.0,0.0,100.0,1.0,0.08,-8.0,-234.0544313593258,234.0544313593258,0.0,-234.0544313593258,234.0544313593258,0.0,-17398.46855369898,17398.46855369898,0.0,0.0,0.0,0.0,0.0,0.0,0.0,0.0,0.0,-177673.77416417628,-177673.77416417628,17866.57741641763,17866.57741641763,17766.57741641763,0.0,100.0,0.0,0.0,17866.57741641763,17866.57741641763,1,0.0,100.0
6145,17766.465544055678,0.0,-177664.6554405568,0.0,10.0,0.0,-0.0,0.1,0.364334724,36.4334724,0.0,0.0,100.0,1.0,0.08,-8.0,-233.9984951783497,233.9984951783497,0.0,-233.9984951783497,233.9984951783497,0.0,-17398.46855369898,17398.46855369898,0.0,0.0,0.0,0.0,0.0,0.0,0.0,0.0,0.0,-177672.6554405568,-177672.6554405568,17866.465544055678,17866.465544055678,17766.465544055678,0.0,100.0,0.0,0.0,17866.465544055678,17866.465544055678,1,0.0,100.0
6146,17766.370927284494,0.0,-177663.70927284495,0.0,10.0,0.0,-0.0,0.1,0.3702899779999999,37.02899779999999,0.0,0.0,100.0,1.0,0.08,-8.0,-233.95118074679,233.95118074679,0.0,-233.95118074679,233.95118074679,0.0,-17398.468565790914,17398.468565790914,0.0,0.0,0.0,0.0,0.0,0.0,0.0,0.0,0.0,-177671.70927284495,-177671.70927284495,17866.370927284494,17866.370927284494,17766.370927284494,0.0,100.0,0.0,0.0,17866.370927284494,17866.370927284494,1,0.0,100.0
6147,18507.113312138583,0.0,-185071.13312138582,0.0,10.0,0.0,-0.0,0.1,0.361033089,36.103308899999995,0.0,0.0,100.0,1.0,0.08,-8.0,-234.84718790410275,234.84718790410275,0.0,-234.84718790410275,234.84718790410275,0.0,-18137.418936330378,18137.418936330378,0.0,0.0,0.0,0.0,0.0,0.0,0.0,0.0,0.0,-185079.13312138582,-185079.13312138582,18607.113312138583,18607.113312138583,18507.113312138583,0.0,100.0,0.0,0.0,18607.113312138583,18607.113312138583,1,0.0,100.0
6148,21491.528112721993,0.0,-214915.28112721993,0.0,10.0,0.0,-0.0,0.1,0.349548645,34.9548645,0.0,0.0,100.0,1.0,0.08,-8.0,-234.72499844757152,234.72499844757152,0.0,-234.72499844757152,234.72499844757152,0.0,-21122.07811582685,21122.07811582685,0.0,0.0,0.0,0.0,0.0,0.0,0.0,0.0,0.0,-214923.28112721993,-214923.28112721993,21591.528112721993,21591.528112721993,21491.528112721993,0.0,100.0,0.0,0.0,21591.528112721993,21591.528112721993,1,0.0,100.0
6149,57265.775797624745,0.0,-572657.7579762475,0.0,10.0,0.0,-0.0,0.1,0.343223951,34.3223951,0.0,0.0,100.0,1.0,0.11,-11.0,-478.23790143469125,478.23790143469125,0.0,-478.23790143469125,478.23790143469125,0.0,-56409.29999475536,56409.29999475536,0.0,0.0,0.0,0.0,0.0,0.0,0.0,0.0,0.0,-572668.7579762475,-572668.7579762475,57365.775797624745,57365.775797624745,57265.775797624745,0.0,100.0,0.0,0.0,57365.775797624745,57365.775797624745,1,0.0,100.0
6150,59892.53181368395,0.0,-598925.3181368394,0.0,10.0,0.0,-0.0,0.1,0.331238556,33.1238556,0.0,0.0,100.0,1.0,0.11,-11.0,-719.7599516179772,719.7599516179772,0.0,-719.7599516179772,719.7599516179772,0.0,-61471.47122341024,61471.47122341024,0.0,0.0,1757.544345703125,1757.544345703125,0.0,0.0,1160.9149672591209,1160.9149672591209,0.0,-598936.3181368394,-598936.3181368394,62910.99112664619,62910.99112664619,62810.99112664619,0.0,100.0,0.0,0.0,62910.99112664619,59992.53181368395,1,0.0,100.0
6151,87109.34654755778,0.0,-871093.4654755779,0.0,10.0,0.0,-0.0,0.1,0.326557968,32.6557968,0.0,0.0,100.0,1.0,0.11,-11.0,-1133.0758389391297,1133.0758389391297,0.0,-1133.0758389391297,1133.0758389391297,0.0,-96869.1667951246,96869.1667951246,0.0,0.0,4711.71462890625,4711.71462890625,0.0,0.0,7214.257296538823,7214.257296538823,0.0,-871104.4654755779,-871104.4654755779,99135.31847300286,99135.31847300286,99035.31847300286,0.0,100.0,0.0,0.0,99135.31847300286,87209.34654755778,1,0.0,100.0
6152,77386.01792363363,0.0,-773860.1792363363,0.0,10.0,0.0,-0.0,0.1,0.315701064,31.570106399999997,0.0,0.0,100.0,1.0,0.11,-11.0,-1267.4783824377123,1267.4783824377123,0.0,-1267.4783824377123,1267.4783824377123,0.0,-94853.7015156283,94853.7015156283,0.0,0.0,7740.674033203125,7740.674033203125,0.0,0.0,12161.96632366698,12161.96632366698,0.0,-773871.1792363363,-773871.1792363363,97388.65828050373,97388.65828050373,97288.65828050373,0.0,100.0,0.0,0.0,97388.65828050373,77486.01792363363,1,0.0,100.0
6153,53441.76114573156,0.0,-534417.6114573156,0.0,10.0,0.0,-0.0,0.1,0.309341414,30.934141399999998,0.0,0.0,100.0,1.0,0.11,-11.0,-1390.552272899649,1390.552272899649,0.0,-1390.552272899649,1390.552272899649,0.0,-91877.70306070166,91877.70306070166,0.0,0.0,22735.8928125,22735.8928125,0.0,0.0,18381.153648269414,18381.153648269414,0.0,-534428.6114573156,-534428.6114573156,94658.80760650098,94658.80760650097,94558.80760650098,0.0,100.0,0.0,0.0,94658.80760650097,53541.76114573155,1,0.0,100.0
6154,49392.59695070477,0.0,-493925.9695070477,0.0,10.0,0.0,-0.0,0.1,0.311433641,31.1433641,0.0,0.0,100.0,1.0,0.11,-11.0,-1448.405320708699,1448.405320708699,0.0,-1448.405320708699,1448.405320708699,0.0,-91730.50721834922,91730.50721834922,0.0,0.0,22773.287373046875,22773.287373046875,0.0,0.0,22361.43353601497,22361.43353601497,0.0,-493936.9695070477,-493936.9695070477,94627.31785976661,94627.31785976661,94527.31785976661,0.0,100.0,0.0,0.0,94627.31785976661,49492.59695070477,1,0.0,100.0
6155,39866.95008327015,0.0,-398669.5008327015,0.0,10.0,0.0,-0.0,0.1,0.323442975,32.3442975,0.0,0.0,100.0,1.0,0.11,-11.0,-1485.6437613117805,1485.6437613117805,0.0,-1485.6437613117805,1485.6437613117805,0.0,-88838.75106762961,88838.75106762961,0.0,0.0,27298.02919921875,27298.02919921875,0.0,0.0,24545.05930776427,24545.05930776427,0.0,-398680.5008327015,-398680.5008327015,91810.03859025317,91810.03859025317,91710.03859025317,0.0,100.0,0.0,0.0,91810.03859025317,39966.95008327015,1,0.0,100.0
6156,39772.660859885815,0.0,-397726.6085988581,0.0,10.0,0.0,-0.0,0.1,0.339924839,33.992483899999996,0.0,0.0,100.0,1.0,0.11,-11.0,-1491.4622166221184,1491.4622166221184,0.0,-1491.4622166221184,1491.4622166221184,0.0,-91693.50824196987,91693.50824196987,0.0,0.0,30065.226679687497,30065.226679687497,0.0,0.0,24738.54513564079,24738.54513564079,0.0,-397737.6085988581,-397737.6085988581,94676.4326752141,94676.4326752141,94576.4326752141,0.0,100.0,0.0,0.0,94676.4326752141,39872.660859885815,1,0.0,100.0
6157,47266.14170083624,0.0,-472661.4170083624,0.0,10.0,0.0,-0.0,0.1,0.3575087179999999,35.75087179999999,0.0,0.0,100.0,1.0,0.11,-11.0,-1513.463320600876,1513.463320600876,0.0,-1513.463320600876,1513.463320600876,0.0,-91579.43705818016,91579.43705818016,0.0,0.0,24381.2534765625,24381.2534765625,0.0,0.0,22858.968521983166,22858.968521983166,0.0,-472672.4170083624,-472672.4170083624,94606.36369938191,94606.36369938191,94506.36369938191,0.0,100.0,0.0,0.0,94606.36369938191,47366.14170083625,1,0.0,100.0
6158,55704.11284786105,0.0,-557041.1284786104,0.0,10.0,0.0,-0.0,0.1,0.363607712,36.3607712,0.0,0.0,100.0,1.0,0.08,-8.0,-1508.6208645130682,1508.6208645130682,0.0,-1508.6208645130682,1508.6208645130682,0.0,-91583.86609371287,91583.86609371287,0.0,0.0,19669.53884765625,19669.53884765625,0.0,0.0,19127.456127221707,19127.456127221707,0.0,-557049.1284786104,-557049.1284786104,94601.10782273901,94601.10782273901,94501.10782273901,0.0,100.0,0.0,0.0,94601.10782273901,55804.11284786105,1,0.0,100.0
6159,69781.75205410348,0.0,-697817.5205410348,0.0,10.0,0.0,-0.0,0.1,0.368296796,36.8296796,0.0,0.0,100.0,1.0,0.08,-8.0,-1491.29700017734,1491.29700017734,0.0,-1491.29700017734,1491.29700017734,0.0,-94584.85453640636,94584.85453640636,0.0,0.0,13312.4635546875,13312.4635546875,0.0,0.0,14373.232927970068,14373.232927970068,0.0,-697825.5205410348,-697825.5205410348,97567.44853676105,97567.44853676105,97467.44853676105,0.0,100.0,0.0,0.0,97567.44853676105,69881.75205410348,0,0.0,100.0
6160,73836.69983061567,0.0,-738366.9983061567,0.0,10.0,0.0,-0.0,0.1,0.362388176,36.2388176,0.0,0.0,100.0,1.0,0.08,-8.0,-1264.824460550416,1264.824460550416,0.0,-1264.824460550416,1264.824460550416,0.0,-87927.72434738939,87927.72434738939,0.0,0.0,8338.987001953124,8338.987001953124,0.0,0.0,8181.686435921423,8181.686435921423,0.0,-738374.9983061567,-738374.9983061567,90457.37326849022,90457.37326849022,90357.37326849022,0.0,100.0,0.0,0.0,90457.37326849022,73936.69983061567,0,0.0,100.0
6161,75599.37317328455,0.0,-755993.7317328455,0.0,10.0,0.0,-0.0,0.1,0.380575138,38.057513799999995,0.0,0.0,100.0,1.0,0.11,-11.0,-1204.6683245393474,1204.6683245393474,0.0,-1204.6683245393474,1204.6683245393474,0.0,-77496.2408877776,77496.2408877776,0.0,0.0,1607.966103515625,1607.966103515625,0.0,0.0,2598.238260056128,2598.238260056128,0.0,-756004.7317328455,-756004.7317328455,79905.5775368563,79905.5775368563,79805.5775368563,0.0,100.0,0.0,0.0,79905.5775368563,75699.37317328455,1,0.0,100.0
6162,80609.80972138581,0.0,-806098.0972138582,0.0,10.0,0.0,-0.0,0.1,0.3840430629999999,38.40430629999999,0.0,0.0,100.0,1.0,0.11,-11.0,-1150.5584484702442,1150.5584484702442,0.0,-1150.5584484702442,1150.5584484702442,0.0,-78408.69282444533,78408.69282444533,0.0,0.0,0.0,0.0,0.0,0.0,0.0,0.0,0.0,-806109.0972138582,-806109.0972138582,80709.80972138581,80709.80972138581,80609.80972138581,0.0,100.0,0.0,0.0,80709.80972138581,80709.80972138581,1,0.0,100.0
6163,71534.20595422522,0.0,-715342.0595422522,0.0,10.0,0.0,-0.0,0.1,0.374987688,37.4987688,0.0,0.0,100.0,1.0,0.11,-11.0,-1089.976269014703,1089.976269014703,0.0,-1089.976269014703,1089.976269014703,0.0,-69454.25341619582,69454.25341619582,0.0,0.0,0.0,0.0,0.0,0.0,0.0,0.0,0.0,-715353.0595422522,-715353.0595422522,71634.20595422522,71634.20595422522,71534.20595422522,0.0,100.0,0.0,0.0,71634.20595422522,71634.20595422522,1,0.0,100.0
6164,68917.0924141219,0.0,-689170.924141219,0.0,10.0,0.0,-0.0,0.1,0.368969683,36.8969683,0.0,0.0,100.0,1.0,0.11,-11.0,-287.6622023261592,287.6622023261592,0.0,-287.6622023261592,287.6622023261592,0.0,-68441.76800946958,68441.76800946958,0.0,0.0,0.0,0.0,0.0,0.0,0.0,0.0,0.0,-689181.924141219,-689181.924141219,69017.0924141219,69017.0924141219,68917.0924141219,0.0,100.0,0.0,0.0,69017.0924141219,69017.0924141219,1,0.0,100.0
6165,21533.954059265023,0.0,-215339.54059265024,0.0,10.0,0.0,-0.0,0.1,0.358378591,35.8378591,0.0,0.0,100.0,1.0,0.11,-11.0,-255.9783860032664,255.9783860032664,0.0,-255.9783860032664,255.9783860032664,0.0,-21121.99728725849,21121.99728725849,0.0,0.0,0.0,0.0,0.0,0.0,0.0,0.0,0.0,-215350.54059265024,-215350.54059265024,21633.954059265023,21633.954059265023,21533.954059265023,0.0,100.0,0.0,0.0,21633.954059265023,21633.954059265023,1,0.0,100.0
6166,18511.591195605175,0.0,-185115.91195605174,0.0,10.0,0.0,-0.0,0.1,0.358106909,35.8106909,0.0,0.0,100.0,1.0,0.11,-11.0,-237.08613266038245,237.08613266038245,0.0,-237.08613266038245,237.08613266038245,0.0,-18137.41893028441,18137.41893028441,0.0,0.0,0.0,0.0,0.0,0.0,0.0,0.0,0.0,-185126.91195605174,-185126.91195605174,18611.591195605175,18611.591195605175,18511.591195605175,0.0,100.0,0.0,0.0,18611.591195605175,18611.591195605175,1,0.0,100.0
6167,17766.577496941958,0.0,-177665.77496941958,0.0,10.0,0.0,-0.0,0.1,0.363563452,36.3563452,0.0,0.0,100.0,1.0,0.11,-11.0,-234.0544685985083,234.0544685985083,0.0,-234.0544685985083,234.0544685985083,0.0,-17398.468559744942,17398.468559744942,0.0,0.0,0.0,0.0,0.0,0.0,0.0,0.0,0.0,-177676.77496941958,-177676.77496941958,17866.577496941958,17866.577496941958,17766.577496941958,0.0,100.0,0.0,0.0,17866.577496941958,17866.577496941958,1,0.0,100.0
6168,17766.460641200145,0.0,-177664.60641200145,0.0,10.0,0.0,-0.0,0.1,0.3582708679999999,35.82708679999999,0.0,0.0,100.0,1.0,0.08,-8.0,-233.9959832908885,233.9959832908885,0.0,-233.9959832908885,233.9959832908885,0.0,-17398.46867461837,17398.46867461837,0.0,0.0,0.0,0.0,0.0,0.0,0.0,0.0,0.0,-177672.60641200145,-177672.60641200145,17866.460641200145,17866.460641200145,17766.460641200145,0.0,100.0,0.0,0.0,17866.460641200145,17866.460641200145,1,0.0,100.0
6169,17766.171128523136,0.0,-177661.71128523134,0.0,10.0,0.0,-0.0,0.1,0.3584613789999999,35.84613789999999,0.0,0.0,100.0,1.0,0.08,-8.0,-233.8512209064136,233.8512209064136,0.0,-233.8512209064136,233.8512209064136,0.0,-17398.46868671031,17398.46868671031,0.0,0.0,0.0,0.0,0.0,0.0,0.0,0.0,0.0,-177669.71128523134,-177669.71128523134,17866.171128523136,17866.171128523136,17766.171128523136,0.0,100.0,0.0,0.0,17866.171128523136,17866.171128523136,1,0.0,100.0
6170,17766.034257519084,0.0,-177660.34257519085,0.0,10.0,0.0,-0.0,0.1,0.377082824,37.7082824,0.0,0.0,100.0,1.0,0.08,-8.0,-233.78278842737447,233.78278842737447,0.0,-233.78278842737447,233.78278842737447,0.0,-17398.468680664337,17398.468680664337,0.0,0.0,0.0,0.0,0.0,0.0,0.0,0.0,0.0,-177668.34257519085,-177668.34257519085,17866.034257519084,17866.034257519084,17766.034257519084,0.0,100.0,0.0,0.0,17866.034257519084,17866.034257519084,1,0.0,100.0
6171,18516.20729840267,0.0,-185162.07298402672,0.0,10.0,0.0,-0.0,0.1,0.380998996,38.0998996,0.0,0.0,100.0,1.0,0.08,-8.0,-239.3941205764517,239.3941205764517,0.0,-239.3941205764517,239.3941205764517,0.0,-18137.41905724977,18137.41905724977,0.0,0.0,0.0,0.0,0.0,0.0,0.0,0.0,0.0,-185170.07298402672,-185170.07298402672,18616.20729840267,18616.20729840267,18516.20729840267,0.0,100.0,0.0,0.0,18616.20729840267,18616.20729840267,1,0.0,100.0
6172,21499.18069914599,0.0,-214991.8069914599,0.0,10.0,0.0,-0.0,0.1,0.3622500729999999,36.22500729999999,0.0,0.0,100.0,1.0,0.08,-8.0,-238.55120097002413,238.55120097002413,0.0,-238.55120097002413,238.55120097002413,0.0,-21122.078297205942,21122.078297205942,0.0,0.0,0.0,0.0,0.0,0.0,0.0,0.0,0.0,-214999.8069914599,-214999.8069914599,21599.18069914599,21599.18069914599,21499.18069914599,0.0,100.0,0.0,0.0,21599.18069914599,21599.18069914599,1,0.0,100.0
6173,58193.236030256565,0.0,-581932.3603025656,0.0,10.0,0.0,-0.0,0.1,0.345674937,34.5674937,0.0,0.0,100.0,1.0,0.11,-11.0,-480.9451347682267,480.9451347682267,0.0,-480.9451347682267,480.9451347682267,0.0,-57331.34576072011,57331.34576072011,0.0,0.0,0.0,0.0,0.0,0.0,0.0,0.0,0.0,-581943.3603025656,-581943.3603025656,58293.236030256565,58293.236030256565,58193.236030256565,0.0,100.0,0.0,0.0,58293.236030256565,58293.236030256565,1,0.0,100.0
6174,59626.36991730746,0.0,-596263.6991730746,0.0,10.0,0.0,-0.0,0.1,0.319787974,31.978797399999998,0.0,0.0,100.0,1.0,0.11,-11.0,-718.5827239875609,718.5827239875609,0.0,-718.5827239875609,718.5827239875609,0.0,-63275.77031123153,63275.77031123153,0.0,0.0,3328.115888671875,3328.115888671875,0.0,0.0,1658.4499532273155,1658.4499532273155,0.0,-596274.6991730746,-596274.6991730746,64712.935759206644,64712.93575920665,64612.935759206644,0.0,100.0,0.0,0.0,64712.93575920665,59726.369917307464,1,0.0,100.0
6175,83124.18940290083,0.0,-831241.8940290082,0.0,10.0,0.0,-0.0,0.1,0.297813257,29.7813257,0.0,0.0,100.0,1.0,0.11,-11.0,-1085.953026822922,1085.953026822922,0.0,-1085.953026822922,1085.953026822922,0.0,-97985.8540656901,97985.8540656901,0.0,0.0,10133.925908203124,10133.925908203124,0.0,0.0,6799.644808231994,6799.644808231994,0.0,-831252.8940290082,-831252.8940290082,100157.76011933594,100157.76011933594,100057.76011933594,0.0,100.0,0.0,0.0,100157.76011933594,83224.18940290083,1,0.0,100.0
6176,67669.4953340219,0.0,-676694.9533402191,0.0,10.0,0.0,-0.0,0.1,0.290001069,29.0001069,0.0,0.0,100.0,1.0,0.11,-11.0,-1206.5208295124894,1206.5208295124894,0.0,-1206.5208295124894,1206.5208295124894,0.0,-95854.78071691695,95854.78071691695,0.0,0.0,17949.3890625,17949.3890625,0.0,0.0,12548.93797942002,12548.93797942002,0.0,-676705.9533402191,-676705.9533402191,98267.82237594193,98267.82237594193,98167.82237594193,0.0,100.0,0.0,0.0,98267.82237594193,67769.49533402192,1,0.0,100.0
6177,51839.56302166112,0.0,-518395.6302166112,0.0,10.0,0.0,-0.0,0.1,0.279013527,27.901352699999997,0.0,0.0,100.0,1.0,0.11,-11.0,-1360.65381491054,1360.65381491054,0.0,-1360.65381491054,1360.65381491054,0.0,-91032.77245271578,91032.77245271578,0.0,0.0,23820.33506835937,23820.33506835937,0.0,0.0,17994.181992516373,17994.181992516373,0.0,-518406.6302166112,-518406.6302166112,93754.08008253686,93754.08008253686,93654.08008253686,0.0,100.0,0.0,0.0,93754.08008253686,51939.56302166112,1,0.0,100.0
6178,44213.0294407809,0.0,-442130.294407809,0.0,10.0,0.0,-0.0,0.1,0.276554326,27.6554326,0.0,0.0,100.0,1.0,0.11,-11.0,-1459.7061811811154,1459.7061811811154,0.0,-1459.7061811811154,1459.7061811811154,0.0,-91170.12454956942,91170.12454956942,0.0,0.0,27746.763925781248,27746.763925781248,0.0,0.0,22029.743545369507,22029.743545369507,0.0,-442141.294407809,-442141.294407809,94089.53691193165,94089.53691193165,93989.53691193165,0.0,100.0,0.0,0.0,94089.53691193165,44313.02944078089,1,0.0,100.0
6179,48964.354364491424,0.0,-489643.5436449142,0.0,10.0,0.0,-0.0,0.1,0.289737726,28.973772599999997,0.0,0.0,100.0,1.0,0.11,-11.0,-1472.2697909493425,1472.2697909493425,0.0,-1472.2697909493425,1472.2697909493425,0.0,-89085.74603825662,89085.74603825662,0.0,0.0,18697.2802734375,18697.2802734375,0.0,0.0,24268.650982226383,24268.650982226383,0.0,-489654.5436449142,-489654.5436449142,92030.28562015531,92030.28562015531,91930.28562015531,0.0,100.0,0.0,0.0,92030.28562015531,49064.354364491424,1,0.0,100.0
6180,48424.95478439257,0.0,-484249.54784392565,0.0,10.0,0.0,-0.0,0.1,0.294388425,29.4388425,0.0,0.0,100.0,1.0,0.11,-11.0,-1443.8070042826669,1443.8070042826669,0.0,-1443.8070042826669,1443.8070042826669,0.0,-91798.07643111072,91798.07643111072,0.0,0.0,21726.23967773437,21726.23967773437,0.0,0.0,24434.495977549115,24434.495977549115,0.0,-484260.54784392565,-484260.54784392565,94685.69043967605,94685.69043967605,94585.69043967605,0.0,100.0,0.0,0.0,94685.69043967605,48524.95478439257,1,0.0,100.0
6181,46997.98563215518,0.0,-469979.8563215518,0.0,10.0,0.0,-0.0,0.1,0.3192163269999999,31.92163269999999,0.0,0.0,100.0,1.0,0.11,-11.0,-1465.3642142776023,1465.3642142776023,0.0,-1465.3642142776023,1465.3642142776023,0.0,-91646.4613476964,91646.4613476964,0.0,0.0,24979.5664453125,24979.5664453125,0.0,0.0,22499.63769878392,22499.63769878392,0.0,-469990.8563215518,-469990.8563215518,94577.1897762516,94577.1897762516,94477.1897762516,0.0,100.0,0.0,0.0,94577.1897762516,47097.98563215518,1,0.0,100.0
6182,54675.90381690583,0.0,-546759.0381690583,0.0,10.0,0.0,-0.0,0.1,0.348706456,34.8706456,0.0,0.0,100.0,1.0,0.08,-8.0,-1390.7956585725844,1390.7956585725844,0.0,-1390.7956585725844,1390.7956585725844,0.0,-91872.4774082068,91872.4774082068,0.0,0.0,21165.32126953125,21165.32126953125,0.0,0.0,18712.84363891488,18712.84363891488,0.0,-546767.0381690583,-546767.0381690583,94654.06872535197,94654.06872535197,94554.06872535197,0.0,100.0,0.0,0.0,94654.06872535197,54775.90381690584,1,0.0,100.0
6183,69353.86664532396,0.0,-693538.6664532395,0.0,10.0,0.0,-0.0,0.1,0.361582645,36.1582645,0.0,0.0,100.0,1.0,0.08,-8.0,-1269.8677186783923,1269.8677186783923,0.0,-1269.8677186783923,1269.8677186783923,0.0,-94968.84900293656,94968.84900293656,0.0,0.0,14621.273173828124,14621.273173828124,0.0,0.0,13433.444621141256,13433.444621141256,0.0,-693546.6664532395,-693546.6664532395,97508.58444029334,97508.58444029334,97408.58444029334,0.0,100.0,0.0,0.0,97508.58444029334,69453.86664532396,0,0.0,100.0
6184,75460.90506418084,0.0,-754609.0506418084,0.0,10.0,0.0,-0.0,0.1,0.367180662,36.718066199999996,0.0,0.0,100.0,1.0,0.08,-8.0,-1043.2881942276094,1043.2881942276094,0.0,-1043.2881942276094,1043.2881942276094,0.0,-88580.4902185208,88580.4902185208,0.0,0.0,7366.728427734375,7366.728427734375,0.0,0.0,7739.433115060806,7739.433115060806,0.0,-754617.0506418084,-754617.0506418084,90667.06660697602,90667.06660697602,90567.06660697602,0.0,100.0,0.0,0.0,90667.06660697602,75560.90506418084,1,0.0,100.0
6185,75164.7368757513,0.0,-751647.368757513,0.0,10.0,0.0,-0.0,0.1,0.366551798,36.6551798,0.0,0.0,100.0,1.0,0.11,-11.0,-978.4697360042192,978.4697360042192,0.0,-978.4697360042192,978.4697360042192,0.0,-77219.70633721602,77219.70633721602,0.0,0.0,1645.3606640624998,1645.3606640624998,0.0,0.0,2266.5482694106645,2266.5482694106645,0.0,-751658.368757513,-751658.368757513,79176.64580922447,79176.64580922446,79076.64580922447,0.0,100.0,0.0,0.0,79176.64580922446,75264.73687575129,1,0.0,100.0
6186,79868.81727730134,0.0,-798688.1727730134,0.0,10.0,0.0,-0.0,0.1,0.370510367,37.0510367,0.0,0.0,100.0,1.0,0.11,-11.0,-928.0941356946332,928.0941356946332,0.0,-928.0941356946332,928.0941356946332,0.0,-78112.62900591207,78112.62900591207,0.0,0.0,0.0,0.0,0.0,0.0,0.0,0.0,0.0,-798699.1727730134,-798699.1727730134,79968.81727730134,79968.81727730134,79868.81727730134,0.0,100.0,0.0,0.0,79968.81727730134,79968.81727730134,1,0.0,100.0
6187,71013.23439395489,0.0,-710132.3439395488,0.0,10.0,0.0,-0.0,0.1,0.365429921,36.5429921,0.0,0.0,100.0,1.0,0.11,-11.0,-916.171162879508,916.171162879508,0.0,-916.171162879508,916.171162879508,0.0,-69280.89206819587,69280.89206819587,0.0,0.0,0.0,0.0,0.0,0.0,0.0,0.0,0.0,-710143.3439395488,-710143.3439395488,71113.23439395489,71113.23439395489,71013.23439395489,0.0,100.0,0.0,0.0,71113.23439395489,71113.23439395489,1,0.0,100.0
6188,68261.76223276742,0.0,-682617.6223276742,0.0,10.0,0.0,-0.0,0.1,0.3611190929999999,36.111909299999986,0.0,0.0,100.0,1.0,0.11,-11.0,-234.00574677690227,234.00574677690227,0.0,-234.00574677690227,234.00574677690227,0.0,-67893.75073921362,67893.75073921362,0.0,0.0,0.0,0.0,0.0,0.0,0.0,0.0,0.0,-682628.6223276742,-682628.6223276742,68361.76223276742,68361.76223276742,68261.76223276742,0.0,100.0,0.0,0.0,68361.76223276742,68361.76223276742,1,0.0,100.0
6189,21490.00738218493,0.0,-214900.0738218493,0.0,10.0,0.0,-0.0,0.1,0.35618661,35.618661,0.0,0.0,100.0,1.0,0.11,-11.0,-234.0049900265046,234.0049900265046,0.0,-234.0049900265046,234.0049900265046,0.0,-21121.99740213192,21121.99740213192,0.0,0.0,0.0,0.0,0.0,0.0,0.0,0.0,0.0,-214911.0738218493,-214911.0738218493,21590.00738218493,21590.00738218493,21490.00738218493,0.0,100.0,0.0,0.0,21590.00738218493,21590.00738218493,1,0.0,100.0
6190,18511.34303475706,0.0,-185113.43034757063,0.0,10.0,0.0,-0.0,0.1,0.358783129,35.8783129,0.0,0.0,100.0,1.0,0.11,-11.0,-236.96199479961487,236.96199479961487,0.0,-236.96199479961487,236.96199479961487,0.0,-18137.419045157832,18137.419045157832,0.0,0.0,0.0,0.0,0.0,0.0,0.0,0.0,0.0,-185124.43034757063,-185124.43034757063,18611.34303475706,18611.34303475706,18511.34303475706,0.0,100.0,0.0,0.0,18611.34303475706,18611.34303475706,1,0.0,100.0
6191,17766.409787519195,0.0,-177664.09787519195,0.0,10.0,0.0,-0.0,0.1,0.364171664,36.4171664,0.0,0.0,100.0,1.0,0.11,-11.0,-233.9705594733979,233.9705594733979,0.0,-233.9705594733979,233.9705594733979,0.0,-17398.468668572397,17398.468668572397,0.0,0.0,0.0,0.0,0.0,0.0,0.0,0.0,0.0,-177675.09787519195,-177675.09787519195,17866.409787519195,17866.409787519195,17766.409787519195,0.0,100.0,0.0,0.0,17866.409787519195,17866.409787519195,1,0.0,100.0
6192,14752.835022104779,0.0,-147528.3502210478,0.0,10.0,0.0,-0.0,0.1,0.3686938079999999,36.86938079999999,0.0,0.0,100.0,1.0,0.08,-8.0,-233.8607352246392,233.8607352246392,0.0,-233.8607352246392,233.8607352246392,0.0,-14385.1135516555,14385.1135516555,0.0,0.0,0.0,0.0,0.0,0.0,0.0,0.0,0.0,-147536.3502210478,-147536.3502210478,14852.835022104779,14852.835022104779,14752.835022104779,0.0,100.0,0.0,0.0,14852.835022104779,14852.835022104779,1,0.0,100.0
6193,14752.830922698417,0.0,-147528.30922698416,0.0,10.0,0.0,-0.0,0.1,0.364493741,36.4493741,0.0,0.0,100.0,1.0,0.08,-8.0,-233.8586855214581,233.8586855214581,0.0,-233.8586855214581,233.8586855214581,0.0,-14385.1135516555,14385.1135516555,0.0,0.0,0.0,0.0,0.0,0.0,0.0,0.0,0.0,-147536.30922698416,-147536.30922698416,14852.830922698417,14852.830922698417,14752.830922698417,0.0,100.0,0.0,0.0,14852.830922698417,14852.830922698417,1,0.0,100.0
6194,14752.803850921404,0.0,-147528.03850921404,0.0,10.0,0.0,-0.0,0.1,0.370409329,37.0409329,0.0,0.0,100.0,1.0,0.08,-8.0,-233.84514660996985,233.84514660996985,0.0,-233.84514660996985,233.84514660996985,0.0,-14385.113557701465,14385.113557701465,0.0,0.0,0.0,0.0,0.0,0.0,0.0,0.0,0.0,-147536.03850921404,-147536.03850921404,14852.803850921404,14852.803850921404,14752.803850921404,0.0,100.0,0.0,0.0,14852.803850921404,14852.803850921404,1,0.0,100.0
6195,15494.179039299033,0.0,-154941.79039299034,0.0,10.0,0.0,-0.0,0.1,0.385572421,38.557242099999996,0.0,0.0,100.0,1.0,0.08,-8.0,-235.0575525060665,235.0575525060665,0.0,-235.0575525060665,235.0575525060665,0.0,-15124.0639342869,15124.0639342869,0.0,0.0,0.0,0.0,0.0,0.0,0.0,0.0,0.0,-154949.79039299034,-154949.79039299034,15594.179039299033,15594.179039299033,15494.179039299033,0.0,100.0,0.0,0.0,15594.179039299033,15594.179039299033,1,0.0,100.0
6196,16971.972767288444,0.0,-169719.72767288444,0.0,10.0,0.0,-0.0,0.1,0.367756414,36.7756414,0.0,0.0,100.0,1.0,0.08,-8.0,-234.96356214847987,234.96356214847987,0.0,-234.96356214847987,234.96356214847987,0.0,-16602.045642991485,16602.045642991485,0.0,0.0,0.0,0.0,0.0,0.0,0.0,0.0,0.0,-169727.72767288444,-169727.72767288444,17071.972767288444,17071.972767288444,16971.972767288444,0.0,100.0,0.0,0.0,17071.972767288444,17071.972767288444,1,0.0,100.0
6197,58865.42425989535,0.0,-588654.2425989535,0.0,10.0,0.0,-0.0,0.1,0.3511604479999999,35.11604479999999,0.0,0.0,100.0,1.0,0.11,-11.0,-234.90297943805217,234.90297943805217,0.0,-234.90297943805217,234.90297943805217,0.0,-58495.61830101925,58495.61830101925,0.0,0.0,0.0,0.0,0.0,0.0,0.0,0.0,0.0,-588665.2425989535,-588665.2425989535,58965.42425989535,58965.42425989535,58865.42425989535,0.0,100.0,0.0,0.0,58965.42425989535,58965.42425989535,1,0.0,100.0
6198,54699.943560742635,0.0,-546999.4356074263,0.0,10.0,0.0,-0.0,0.1,0.321746728,32.174672799999996,0.0,0.0,100.0,1.0,0.11,-11.0,-198.5925797228186,198.5925797228186,0.0,-198.5925797228186,198.5925797228186,0.0,-58404.07123813341,58404.07123813341,0.0,0.0,2094.095390625,2094.095390625,0.0,0.0,1907.2174462114128,1907.2174462114128,0.0,-547010.4356074263,-547010.4356074263,58801.25639757905,58801.25639757905,58701.25639757905,0.0,100.0,0.0,0.0,58801.25639757905,54799.943560742635,1,0.0,100.0
6199,61301.666239211605,0.0,-613016.662392116,0.0,10.0,0.0,-0.0,0.1,0.305493845,30.5493845,0.0,0.0,100.0,1.0,0.11,-11.0,-198.632690590187,198.632690590187,0.0,-198.632690590187,198.632690590187,0.0,-74637.52813778853,74637.52813778853,0.0,0.0,6170.102490234375,6170.102490234375,0.0,0.0,7463.024789522919,7463.024789522919,0.0,-613027.662392116,-613027.662392116,75034.7935189689,75034.7935189689,74934.7935189689,0.0,100.0,0.0,0.0,75034.7935189689,61401.66623921161,1,0.0,100.0
6200,46453.75111525361,0.0,-464537.5111525361,0.0,10.0,0.0,-0.0,0.1,0.297222026,29.722202599999996,0.0,0.0,100.0,1.0,0.11,-11.0,-198.650090870162,198.650090870162,0.0,-198.650090870162,198.650090870162,0.0,-71770.7685649427,71770.7685649427,0.0,0.0,12153.232177734377,12153.232177734377,0.0,0.0,13461.085453695045,13461.085453695045,0.0,-464548.5111525361,-464548.5111525361,72168.06874668303,72168.06874668303,72068.06874668303,0.0,100.0,0.0,0.0,72168.06874668303,46553.7511152536,1,0.0,100.0
6201,28430.624864122194,0.0,-284306.24864122196,0.0,10.0,0.0,-0.0,0.1,0.296489464,29.6489464,0.0,0.0,100.0,1.0,0.11,-11.0,-198.6952509940957,198.6952509940957,0.0,-198.6952509940957,198.6952509940957,0.0,-68295.8777338051,68295.8777338051,0.0,0.0,22361.947207031248,22361.947207031248,0.0,0.0,17800.696164639852,17800.696164639852,0.0,-284317.24864122196,-284317.24864122196,68693.2682357933,68693.2682357933,68593.2682357933,0.0,100.0,0.0,0.0,68693.2682357933,28530.62486412219,1,0.0,100.0
6202,29611.5478290945,0.0,-296115.478290945,0.0,10.0,0.0,-0.0,0.1,0.321149383,32.1149383,0.0,0.0,100.0,1.0,0.11,-11.0,-300.55810556228744,300.55810556228744,0.0,-300.55810556228744,300.55810556228744,0.0,-68133.44592699486,68133.44592699486,0.0,0.0,19370.38236328125,19370.38236328125,0.0,0.0,19652.631945743688,19652.631945743688,0.0,-296126.478290945,-296126.478290945,68734.56213811944,68734.56213811944,68634.56213811944,0.0,100.0,0.0,0.0,68734.56213811944,29711.547829094503,1,0.0,100.0
6203,22935.150053885955,0.0,-229351.50053885955,0.0,10.0,0.0,-0.0,0.1,0.369536875,36.9536875,0.0,0.0,100.0,1.0,0.11,-11.0,-289.4048088232277,289.4048088232277,0.0,-289.4048088232277,289.4048088232277,0.0,-68833.1519810353,68833.1519810353,0.0,0.0,25203.93380859375,25203.93380859375,0.0,0.0,21172.877736202063,21172.877736202063,0.0,-229362.50053885955,-229362.50053885955,69411.96159868177,69411.96159868177,69311.96159868177,0.0,100.0,0.0,0.0,69411.96159868177,23035.150053885955,1,0.0,100.0
6204,24559.577737721436,0.0,-245595.77737721437,0.0,10.0,0.0,-0.0,0.1,0.3733642029999999,37.336420299999986,0.0,0.0,100.0,1.0,0.11,-11.0,-325.9143748580003,325.9143748580003,0.0,-325.9143748580003,325.9143748580003,0.0,-69774.87348463268,69774.87348463268,0.0,0.0,24456.04259765625,24456.04259765625,0.0,0.0,21311.081898971,21311.081898971,0.0,-245606.77737721437,-245606.77737721437,70426.70223434869,70426.70223434869,70326.70223434869,0.0,100.0,0.0,0.0,70426.70223434869,24659.57773772144,1,0.0,100.0
6205,12774.21846310013,0.0,-127742.18463100129,0.0,10.0,0.0,-0.0,0.1,0.374258946,37.4258946,0.0,0.0,100.0,1.0,0.11,-11.0,-338.91970053629296,338.91970053629296,0.0,-338.91970053629296,338.91970053629296,0.0,-54732.95656935405,54732.95656935405,0.0,0.0,20866.16478515625,20866.16478515625,0.0,0.0,21670.41272217025,21670.41272217025,0.0,-127753.18463100129,-127753.18463100129,55410.795970426625,55410.79597042663,55310.795970426625,0.0,100.0,0.0,0.0,55410.79597042663,12874.218463100136,1,0.0,100.0
6206,32329.244542901808,0.0,-323292.44542901806,0.0,10.0,0.0,-0.0,0.1,0.377272207,37.727220700000004,0.0,0.0,100.0,1.0,0.08,-8.0,-344.22631947651627,344.22631947651627,0.0,-344.22631947651627,344.22631947651627,0.0,-54721.25516340198,54721.25516340198,0.0,0.0,9049.48365234375,9049.48365234375,0.0,0.0,13930.97960710945,13930.97960710945,0.0,-323300.44542901806,-323300.44542901806,55409.70780235501,55409.707802355006,55309.70780235501,0.0,100.0,0.0,0.0,55409.707802355006,32429.244542901804,1,0.0,100.0
6207,37662.79673419798,0.0,-376627.96734197985,0.0,10.0,0.0,-0.0,0.1,0.37731542,37.731542000000005,0.0,0.0,100.0,1.0,0.08,-8.0,-342.15037468050696,342.15037468050696,0.0,-342.15037468050696,342.15037468050696,0.0,-56158.48762911608,56158.48762911608,0.0,0.0,6282.286171875,6282.286171875,0.0,0.0,12797.705472404115,12797.705472404115,0.0,-376635.96734197985,-376635.96734197985,56842.7883784771,56842.7883784771,56742.7883784771,0.0,100.0,0.0,0.0,56842.7883784771,37762.79673419798,1,0.0,100.0
6208,42373.5154338655,0.0,-423735.15433865495,0.0,10.0,0.0,-0.0,0.1,0.38913079,38.913079,0.0,0.0,100.0,1.0,0.08,-8.0,-325.9899082215075,325.9899082215075,0.0,-325.9899082215075,325.9899082215075,0.0,-51781.83096757814,51781.83096757814,0.0,0.0,3215.93220703125,3215.93220703125,0.0,0.0,6744.363143124417,6744.363143124417,0.0,-423743.15433865495,-423743.15433865495,52433.81078402116,52433.81078402116,52333.81078402116,0.0,100.0,0.0,0.0,52433.81078402116,42473.5154338655,1,0.0,100.0
6209,16749.149736983425,0.0,-167491.49736983425,0.0,10.0,0.0,-0.0,0.1,0.402384392,40.238439199999995,0.0,0.0,100.0,1.0,0.11,-11.0,-324.265770852634,324.265770852634,0.0,-324.265770852634,324.265770852634,0.0,-18969.530885493165,18969.530885493165,0.0,0.0,972.25857421875,972.25857421875,0.0,0.0,1796.6541159962585,1796.6541159962585,0.0,-167502.49736983425,-167502.49736983425,19618.062427198434,19618.062427198434,19518.062427198434,0.0,100.0,0.0,0.0,19618.062427198434,16849.149736983425,1,0.0,100.0
6210,20065.489070203923,0.0,-200654.89070203924,0.0,10.0,0.0,-0.0,0.1,0.3964520929999999,39.64520929999999,0.0,0.0,100.0,1.0,0.11,-11.0,-303.83448829246174,303.83448829246174,0.0,-303.83448829246174,303.83448829246174,0.0,-19557.820093619,19557.820093619,0.0,0.0,0.0,0.0,0.0,0.0,0.0,0.0,0.0,-200665.89070203924,-200665.89070203924,20165.489070203923,20165.489070203923,20065.489070203923,0.0,100.0,0.0,0.0,20165.489070203923,20165.489070203923,1,0.0,100.0
6211,19978.284368430795,0.0,-199782.84368430794,0.0,10.0,0.0,-0.0,0.1,0.393513411,39.3513411,0.0,0.0,100.0,1.0,0.11,-11.0,-260.23213438291623,260.23213438291623,0.0,-260.23213438291623,260.23213438291623,0.0,-19557.820099664965,19557.820099664965,0.0,0.0,0.0,0.0,0.0,0.0,0.0,0.0,0.0,-199793.84368430794,-199793.84368430794,20078.284368430795,20078.284368430795,19978.284368430795,0.0,100.0,0.0,0.0,20078.284368430795,20078.284368430795,1,0.0,100.0
6212,18500.37105018557,0.0,-185003.7105018557,0.0,10.0,0.0,-0.0,0.1,0.399489536,39.948953599999996,0.0,0.0,100.0,1.0,0.11,-11.0,-260.1988384533047,260.1988384533047,0.0,-260.1988384533047,260.1988384533047,0.0,-18079.97337327896,18079.97337327896,0.0,0.0,0.0,0.0,0.0,0.0,0.0,0.0,0.0,-185014.7105018557,-185014.7105018557,18600.37105018557,18600.37105018557,18500.37105018557,0.0,100.0,0.0,0.0,18600.37105018557,18600.37105018557,1,0.0,100.0
6213,16970.210231554196,0.0,-169702.10231554197,0.0,10.0,0.0,-0.0,0.1,0.401493497,40.149349699999995,0.0,0.0,100.0,1.0,0.11,-11.0,-234.1227811171697,234.1227811171697,0.0,-234.1227811171697,234.1227811171697,0.0,-16601.964669319856,16601.964669319856,0.0,0.0,0.0,0.0,0.0,0.0,0.0,0.0,0.0,-169713.10231554197,-169713.10231554197,17070.210231554196,17070.210231554196,16970.210231554196,0.0,100.0,0.0,0.0,17070.210231554196,17070.210231554196,1,0.0,100.0
6214,15498.034708182362,0.0,-154980.34708182362,0.0,10.0,0.0,-0.0,0.1,0.404468665,40.4468665,0.0,0.0,100.0,1.0,0.11,-11.0,-236.9853869477309,236.9853869477309,0.0,-236.9853869477309,236.9853869477309,0.0,-15124.0639342869,15124.0639342869,0.0,0.0,0.0,0.0,0.0,0.0,0.0,0.0,0.0,-154991.34708182362,-154991.34708182362,15598.034708182362,15598.034708182362,15498.034708182362,0.0,100.0,0.0,0.0,15598.034708182362,15598.034708182362,1,0.0,100.0
6215,14753.29944533858,0.0,-147532.9944533858,0.0,10.0,0.0,-0.0,0.1,0.411945752,41.1945752,0.0,0.0,100.0,1.0,0.11,-11.0,-234.0929468415393,234.0929468415393,0.0,-234.0929468415393,234.0929468415393,0.0,-14385.1135516555,14385.1135516555,0.0,0.0,0.0,0.0,0.0,0.0,0.0,0.0,0.0,-147543.9944533858,-147543.9944533858,14853.29944533858,14853.29944533858,14753.29944533858,0.0,100.0,0.0,0.0,14853.29944533858,14853.29944533858,1,0.0,100.0
6216,14752.924723566539,0.0,-147529.2472356654,0.0,10.0,0.0,-0.0,0.1,0.406719449,40.6719449,0.0,0.0,100.0,1.0,0.08,-8.0,-233.919035215024,233.919035215024,0.0,-233.919035215024,233.919035215024,0.0,-14385.08665313649,14385.08665313649,0.0,0.0,0.0,0.0,0.0,0.0,0.0,0.0,0.0,-147537.2472356654,-147537.2472356654,14852.924723566539,14852.924723566539,14752.924723566539,0.0,100.0,0.0,0.0,14852.924723566539,14852.924723566539,1,0.0,100.0
6217,14752.927331333596,0.0,-147529.27331333596,0.0,10.0,0.0,-0.0,0.1,0.3958432329999999,39.584323299999994,0.0,0.0,100.0,1.0,0.08,-8.0,-233.92032398362943,233.92032398362943,0.0,-233.92032398362943,233.92032398362943,0.0,-14385.086683366337,14385.086683366337,0.0,0.0,0.0,0.0,0.0,0.0,0.0,0.0,0.0,-147537.27331333596,-147537.27331333596,14852.927331333596,14852.927331333596,14752.927331333596,0.0,100.0,0.0,0.0,14852.927331333596,14852.927331333596,1,0.0,100.0
6218,14752.906821058361,0.0,-147529.06821058362,0.0,10.0,0.0,-0.0,0.1,0.394788875,39.4788875,0.0,0.0,100.0,1.0,0.08,-8.0,-233.91005977705785,233.91005977705785,0.0,-233.91005977705785,233.91005977705785,0.0,-14385.086701504246,14385.086701504246,0.0,0.0,0.0,0.0,0.0,0.0,0.0,0.0,0.0,-147537.06821058362,-147537.06821058362,14852.906821058361,14852.906821058361,14752.906821058361,0.0,100.0,0.0,0.0,14852.906821058361,14852.906821058361,1,0.0,100.0
6219,15494.273073392556,0.0,-154942.73073392556,0.0,10.0,0.0,-0.0,0.1,0.400355066,40.0355066,0.0,0.0,100.0,1.0,0.08,-8.0,-235.11800672039385,235.11800672039385,0.0,-235.11800672039385,235.11800672039385,0.0,-15124.037059951768,15124.037059951768,0.0,0.0,0.0,0.0,0.0,0.0,0.0,0.0,0.0,-154950.73073392556,-154950.73073392556,15594.273073392556,15594.273073392556,15494.273073392556,0.0,100.0,0.0,0.0,15594.273073392556,15594.273073392556,1,0.0,100.0
6220,16972.083360767065,0.0,-169720.83360767065,0.0,10.0,0.0,-0.0,0.1,0.374695221,37.4695221,0.0,0.0,100.0,1.0,0.08,-8.0,-235.03228396341416,235.03228396341416,0.0,-235.03228396341416,235.03228396341416,0.0,-16602.018792840237,16602.018792840237,0.0,0.0,0.0,0.0,0.0,0.0,0.0,0.0,0.0,-169728.83360767065,-169728.83360767065,17072.083360767065,17072.083360767065,16972.083360767065,0.0,100.0,0.0,0.0,17072.083360767065,17072.083360767065,1,0.0,100.0
6221,17861.62451729624,0.0,-178616.2451729624,0.0,10.0,0.0,-0.0,0.1,0.362989986,36.2989986,0.0,0.0,100.0,1.0,0.11,-11.0,-235.0376097941323,235.0376097941323,0.0,-235.0376097941323,235.0376097941323,0.0,-17491.549297707978,17491.549297707978,0.0,0.0,0.0,0.0,0.0,0.0,0.0,0.0,0.0,-178627.2451729624,-178627.2451729624,17961.62451729624,17961.62451729624,17861.62451729624,0.0,100.0,0.0,0.0,17961.62451729624,17961.62451729624,1,0.0,100.0
6222,15377.694069734547,0.0,-153776.94069734548,0.0,10.0,0.0,-0.0,0.1,0.349372164,34.9372164,0.0,0.0,100.0,1.0,0.11,-11.0,-204.7046877445608,204.7046877445608,0.0,-204.7046877445608,204.7046877445608,0.0,-17936.355015816767,17936.355015816767,0.0,0.0,1458.387861328125,1458.387861328125,0.0,0.0,1409.6824602432182,1409.6824602432182,0.0,-153787.94069734548,-153787.94069734548,18345.76439130589,18345.76439130589,18245.76439130589,0.0,100.0,0.0,0.0,18345.76439130589,15477.694069734545,1,0.0,100.0
6223,8888.17505071231,0.0,-88881.7505071231,0.0,10.0,0.0,-0.0,0.1,0.32461967,32.461967,0.0,0.0,100.0,1.0,0.11,-11.0,-198.7678194910525,198.7678194910525,0.0,-198.7678194910525,198.7678194910525,0.0,-17936.35504000064,17936.35504000064,0.0,0.0,2767.1974804687497,2767.1974804687497,0.0,0.0,6578.518147801685,6578.518147801685,0.0,-88892.7505071231,-88892.7505071231,18333.890678982745,18333.890678982745,18233.890678982745,0.0,100.0,0.0,0.0,18333.890678982745,8988.17505071231,1,0.0,100.0
6224,0.0,0.0,-0.0,55.55555555555556,10.0,0.0,-0.0,0.1,0.306131895,0.0,0.0,100.0,0.0,1.0,0.11,0.0,-297.9837171124795,297.9837171124795,0.0,-297.9837171124795,297.9837171124795,0.0,-15719.503952566136,15719.503952566136,0.0,0.0,4823.898310546875,4823.898310546875,0.0,487.1968593134188,12134.325491113192,11647.128631799773,0.0,0.0,0.0,16471.02694234665,16471.02694234665,16471.02694234665,0.0,0.0,155.55555555555475,0.0,16315.471386791094,-642.7524148689736,1,-55.55555555555556,-100.0
6225,0.0,0.0,-0.0,44.44444444444444,60.0,0.0,-0.0,0.6,0.306091791,0.0,0.0,100.0,0.0,1.0,0.11,0.0,-302.36489019192913,302.36489019192913,0.0,-302.36489019192913,302.36489019192913,0.0,-12763.702464362314,12763.702464362314,0.0,0.0,6618.837216796875,6618.837216796875,0.0,7313.348460253595,14207.387932647336,6894.039472393742,0.0,0.0,0.0,13512.876689190616,13512.876689190616,13512.876689190616,0.0,0.0,144.44444444444525,0.0,13368.43224474617,-7457.792904698039,1,-44.44444444444444,-100.0
6226,0.0,0.0,-0.0,0.0,100.0,-0.0,-0.0,1.0,0.335782443,0.0,0.0,100.0,0.0,1.0,0.11,0.0,-325.3725083090506,325.3725083090506,0.0,-325.3725083090506,325.3725083090506,0.0,-12763.756454871362,12763.756454871362,0.0,0.0,7890.252275390625,7890.252275390625,0.0,14581.199400720623,20205.44859681946,5624.249196098837,0.0,0.0,0.0,13514.501471489462,13514.501471489462,13514.501471489462,0.0,0.0,100.0,0.0,13414.501471489462,-14681.199400720625,1,-0.0,-100.0
6227,0.0,0.0,-0.0,0.0,100.0,-0.0,-0.0,1.0,0.369060809,0.0,0.0,100.0,0.0,1.0,0.11,0.0,-373.3141790845899,373.3141790845899,0.0,-373.3141790845899,373.3141790845899,0.0,-12763.756460917331,12763.756460917331,0.0,0.0,8488.565244140626,8488.565244140626,0.0,18898.063914296403,24019.88348924229,5121.819574945886,0.0,0.0,0.0,13610.384819086512,13610.384819086512,13610.384819086512,0.0,0.0,100.0,0.0,13510.384819086512,-18998.063914296406,1,-0.0,-100.0
6228,0.0,0.0,-0.0,0.0,100.0,-0.0,-0.0,1.0,0.367862481,0.0,0.0,100.0,0.0,1.0,0.11,0.0,-361.66777937628086,361.66777937628086,0.0,-361.66777937628086,361.66777937628086,0.0,-12763.83745877284,12763.83745877284,0.0,622.7599902870988,14209.9330078125,13587.173017525402,0.0,24130.44681945744,24130.44681945744,0.0,0.0,0.0,0.0,13587.173017525402,13587.173017525402,13587.173017525402,0.0,0.0,100.0,0.0,13487.173017525402,-24853.20680974454,1,-0.0,-100.0
6229,0.0,0.0,-0.0,0.0,100.0,-0.0,-0.0,1.0,0.365677153,0.0,0.0,100.0,0.0,1.0,0.11,0.0,-388.7569882538724,388.7569882538724,0.0,-388.7569882538724,388.7569882538724,0.0,-12763.75647905524,12763.75647905524,0.0,0.0,8825.1162890625,8825.1162890625,0.0,17434.716039299332,22250.870205799816,4816.154166500486,0.0,0.0,0.0,13641.270455562986,13641.270455562986,13641.270455562986,0.0,0.0,100.0,0.0,13541.270455562986,-17534.71603929933,1,-0.0,-100.0
6230,0.0,0.0,-0.0,0.0,100.0,-0.0,-0.0,1.0,0.3720959279999999,0.0,0.0,100.0,0.0,1.0,0.08,0.0,-363.0153029178048,363.0153029178048,0.0,-363.0153029178048,363.0153029178048,0.0,-12763.702446224404,12763.702446224404,0.0,0.0,7142.3610644531245,7142.3610644531245,0.0,12071.98582343147,18519.35781103836,6447.371987606889,0.0,0.0,0.0,13589.733052060014,13589.733052060014,13589.733052060014,0.0,0.0,100.0,0.0,13489.733052060014,-12171.985823431472,1,-0.0,-100.0
6231,0.0,0.0,-0.0,0.0,100.0,-0.0,-0.0,1.0,0.377396666,0.0,0.0,100.0,0.0,1.0,0.08,0.0,-380.98332707513697,380.98332707513697,0.0,-380.98332707513697,380.98332707513697,0.0,-15719.503952566136,15719.503952566136,0.0,0.0,6618.837216796875,6618.837216796875,0.0,3802.50122186718,13765.134611786718,9962.633389919538,0.0,0.0,0.0,16581.47060671641,16581.47060671641,16581.47060671641,0.0,0.0,100.0,0.0,16481.47060671641,-3902.50122186718,1,-0.0,-100.0
6232,7092.490327524366,0.0,-70924.90327524366,0.0,100.0,45.0,-0.0,1.0,0.385255292,38.5255292,0.0,0.0,100.0,1.0,0.08,-8.0,-348.5509646904066,348.5509646904066,0.0,-348.5509646904066,348.5509646904066,0.0,-17936.355070230493,17936.355070230493,0.0,0.0,3739.4560546875,3739.4560546875,0.0,0.0,7656.51061739944,7656.51061739944,0.0,-70932.90327524366,-70932.90327524366,18633.456999611306,18633.456999611306,18488.456999611306,0.0,145.0,0.0,0.0,18633.456999611306,7237.490327524367,1,45.0,100.0
6233,16049.76233591227,0.0,-160497.6233591227,0.0,50.0,36.0,-0.0,0.5,0.39578991,39.578991,0.0,0.0,100.0,1.0,0.11,-11.0,-349.4969800111077,349.4969800111077,0.0,-349.4969800111077,349.4969800111077,0.0,-18969.45003878689,18969.45003878689,0.0,0.0,1271.41505859375,1271.41505859375,0.0,0.0,2211.266604303087,2211.266604303087,0.0,-160508.6233591227,-160508.6233591227,19668.443998809107,19668.443998809107,19532.443998809107,0.0,136.0,0.0,0.0,19668.443998809107,16185.76233591227,1,36.0,100.0
6234,20136.494230797387,0.0,-201364.94230797386,0.0,10.0,0.0,-0.0,0.1,0.3936928079999999,39.36928079999999,0.0,0.0,100.0,1.0,0.11,-11.0,-339.377488919349,339.377488919349,0.0,-339.377488919349,339.377488919349,0.0,-19557.73925295869,19557.73925295869,0.0,0.0,0.0,0.0,0.0,0.0,0.0,0.0,0.0,-201375.94230797386,-201375.94230797386,20236.494230797387,20236.494230797387,20136.494230797387,0.0,100.0,0.0,0.0,20236.494230797387,20236.494230797387,1,0.0,100.0
6235,20110.63931531192,0.0,-201106.3931531192,0.0,10.0,0.0,-0.0,0.1,0.3983166429999999,39.83166429999999,0.0,0.0,100.0,1.0,0.11,-11.0,-326.4500160616876,326.4500160616876,0.0,-326.4500160616876,326.4500160616876,0.0,-19557.739283188545,19557.739283188545,0.0,0.0,0.0,0.0,0.0,0.0,0.0,0.0,0.0,-201117.3931531192,-201117.3931531192,20210.63931531192,20210.63931531192,20110.63931531192,0.0,100.0,0.0,0.0,20210.63931531192,20210.63931531192,1,0.0,100.0
6236,18600.99102246084,0.0,-186009.91022460838,0.0,10.0,0.0,-0.0,0.1,0.397837161,39.7837161,0.0,0.0,100.0,1.0,0.11,-11.0,-310.5357352018848,310.5357352018848,0.0,-310.5357352018848,310.5357352018848,0.0,-18079.91955205707,18079.91955205707,0.0,0.0,0.0,0.0,0.0,0.0,0.0,0.0,0.0,-186020.91022460838,-186020.91022460838,18700.99102246084,18700.99102246084,18600.99102246084,0.0,100.0,0.0,0.0,18700.99102246084,18700.99102246084,1,0.0,100.0
6237,17058.835904472497,0.0,-170588.35904472496,0.0,10.0,0.0,-0.0,0.1,0.403772433,40.377243299999996,0.0,0.0,100.0,1.0,0.11,-11.0,-278.4490517209021,278.4490517209021,0.0,-278.4490517209021,278.4490517209021,0.0,-16601.937801030694,16601.937801030694,0.0,0.0,0.0,0.0,0.0,0.0,0.0,0.0,0.0,-170599.35904472496,-170599.35904472496,17158.835904472497,17158.835904472497,17058.835904472497,0.0,100.0,0.0,0.0,17158.835904472497,17158.835904472497,1,0.0,100.0
6238,15498.103991901477,0.0,-154981.03991901476,0.0,10.0,0.0,-0.0,0.1,0.4061931179999999,40.61931179999999,0.0,0.0,100.0,1.0,0.11,-11.0,-237.03345992888475,237.03345992888475,0.0,-237.03345992888475,237.03345992888475,0.0,-15124.037072043708,15124.037072043708,0.0,0.0,0.0,0.0,0.0,0.0,0.0,0.0,0.0,-154992.03991901476,-154992.03991901476,15598.103991901477,15598.103991901477,15498.103991901477,0.0,100.0,0.0,0.0,15598.103991901477,15598.103991901477,1,0.0,100.0
6239,14753.438904916256,0.0,-147534.38904916256,0.0,10.0,0.0,-0.0,0.1,0.412588186,41.258818600000005,0.0,0.0,100.0,1.0,0.11,-11.0,-234.17610775197468,234.17610775197468,0.0,-234.17610775197468,234.17610775197468,0.0,-14385.086689412306,14385.086689412306,0.0,0.0,0.0,0.0,0.0,0.0,0.0,0.0,0.0,-147545.38904916256,-147545.38904916256,14853.438904916256,14853.438904916256,14753.438904916256,0.0,100.0,0.0,0.0,14853.438904916256,14853.438904916256,1,0.0,100.0
6240,17766.777330310833,0.0,-177667.77330310835,0.0,10.0,0.0,-0.0,0.1,0.411847089,41.1847089,0.0,0.0,100.0,1.0,0.08,-8.0,-234.15414646714245,234.15414646714245,0.0,-234.15414646714245,234.15414646714245,0.0,-17398.469037376548,17398.469037376548,0.0,0.0,0.0,0.0,0.0,0.0,0.0,0.0,0.0,-177675.77330310835,-177675.77330310835,17866.777330310833,17866.777330310833,17766.777330310833,0.0,100.0,0.0,0.0,17866.777330310833,17866.777330310833,1,0.0,100.0
6241,17766.787800964736,0.0,-177667.87800964736,0.0,10.0,0.0,-0.0,0.1,0.4112449139999999,41.12449139999999,0.0,0.0,100.0,1.0,0.08,-8.0,-234.15938179409463,234.15938179409463,0.0,-234.15938179409463,234.15938179409463,0.0,-17398.469037376548,17398.469037376548,0.0,0.0,0.0,0.0,0.0,0.0,0.0,0.0,0.0,-177675.87800964736,-177675.87800964736,17866.787800964736,17866.787800964736,17766.787800964736,0.0,100.0,0.0,0.0,17866.787800964736,17866.787800964736,1,0.0,100.0
6242,17766.816453210136,0.0,-177668.16453210136,0.0,10.0,0.0,-0.0,0.1,0.414511523,41.4511523,0.0,0.0,100.0,1.0,0.08,-8.0,-234.17370791679508,234.17370791679508,0.0,-234.17370791679508,234.17370791679508,0.0,-17398.469037376548,17398.469037376548,0.0,0.0,0.0,0.0,0.0,0.0,0.0,0.0,0.0,-177676.16453210136,-177676.16453210136,17866.816453210136,17866.816453210136,17766.816453210136,0.0,100.0,0.0,0.0,17866.816453210136,17866.816453210136,1,0.0,100.0
6243,18507.793192105688,0.0,-185077.93192105688,0.0,10.0,0.0,-0.0,0.1,0.41690752,41.690751999999996,0.0,0.0,100.0,1.0,0.08,-8.0,-235.1868920948385,235.1868920948385,0.0,-235.1868920948385,235.1868920948385,0.0,-18137.41940791601,18137.41940791601,0.0,0.0,0.0,0.0,0.0,0.0,0.0,0.0,0.0,-185085.93192105688,-185085.93192105688,18607.793192105688,18607.793192105688,18507.793192105688,0.0,100.0,0.0,0.0,18607.793192105688,18607.793192105688,1,0.0,100.0
6244,21492.248557594,0.0,-214922.48557594,0.0,10.0,0.0,-0.0,0.1,0.393356417,39.335641700000004,0.0,0.0,100.0,1.0,0.08,-8.0,-235.08483091852705,235.08483091852705,0.0,-235.08483091852705,235.08483091852705,0.0,-21122.078895756946,21122.078895756946,0.0,0.0,0.0,0.0,0.0,0.0,0.0,0.0,0.0,-214930.48557594,-214930.48557594,21592.248557594,21592.248557594,21492.248557594,0.0,100.0,0.0,0.0,21592.248557594,21592.248557594,1,0.0,100.0
6245,59367.0504789138,0.0,-593670.504789138,0.0,10.0,0.0,-0.0,0.1,0.35998159,35.998159,0.0,0.0,100.0,1.0,0.11,-11.0,-647.2838450727918,647.2838450727918,0.0,-647.2838450727918,647.2838450727918,0.0,-58172.48278876822,58172.48278876822,0.0,0.0,0.0,0.0,0.0,0.0,0.0,0.0,0.0,-593681.504789138,-593681.504789138,59467.0504789138,59467.0504789138,59367.0504789138,0.0,100.0,0.0,0.0,59467.0504789138,59467.0504789138,1,0.0,100.0
6246,63764.423316371336,0.0,-637644.2331637134,0.0,10.0,0.0,-0.0,0.1,0.322611253,32.261125299999996,0.0,0.0,100.0,1.0,0.11,-11.0,-897.4876859502185,897.4876859502185,0.0,-897.4876859502185,897.4876859502185,0.0,-65256.15058696315,65256.15058696315,0.0,0.0,2468.04099609375,2468.04099609375,0.0,0.0,718.6616463985034,718.6616463985034,0.0,-637655.2331637134,-637655.2331637134,67051.12595886359,67051.12595886359,66951.12595886359,0.0,100.0,0.0,0.0,67051.12595886359,63864.423316371336,1,0.0,100.0
6247,85681.3162106081,0.0,-856813.162106081,0.0,10.0,0.0,-0.0,0.1,0.300065697,30.006569700000004,0.0,0.0,100.0,1.0,0.11,-11.0,-1299.882818155315,1299.882818155315,0.0,-1299.882818155315,1299.882818155315,0.0,-97281.20482685718,97281.20482685718,0.0,0.0,8488.565244140626,8488.565244140626,0.0,0.0,5611.089008419084,5611.089008419084,0.0,-856824.162106081,-856824.162106081,99880.97046316782,99880.97046316782,99780.97046316782,0.0,100.0,0.0,0.0,99880.97046316782,85781.31621060811,1,0.0,100.0
6248,80916.63974141455,0.0,-809166.3974141455,0.0,10.0,0.0,-0.0,0.1,0.291469718,29.1469718,0.0,0.0,100.0,1.0,0.11,-11.0,-1342.2114641981714,1342.2114641981714,0.0,-1342.2114641981714,1342.2114641981714,0.0,-93813.97593214788,93813.97593214788,0.0,0.0,7217.150185546875,7217.150185546875,0.0,0.0,8264.60893358279,8264.60893358279,0.0,-809177.3974141455,-809177.3974141455,96498.39886054421,96498.39886054421,96398.39886054421,0.0,100.0,0.0,0.0,96498.39886054421,81016.63974141455,1,0.0,100.0
6249,53437.670987004334,0.0,-534376.7098700433,0.0,10.0,0.0,-0.0,0.1,0.286716902,28.6716902,0.0,0.0,100.0,1.0,0.11,-11.0,-1397.2346178276832,1397.2346178276832,0.0,-1397.2346178276832,1397.2346178276832,0.0,-90047.32734298689,90047.32734298689,0.0,0.0,22885.4710546875,22885.4710546875,0.0,0.0,16418.654536950424,16418.654536950424,0.0,-534387.7098700433,-534387.7098700433,92841.79657864226,92841.79657864226,92741.79657864226,0.0,100.0,0.0,0.0,92841.79657864226,53537.670987004334,1,0.0,100.0
6250,57773.787791879666,0.0,-577737.8779187966,0.0,10.0,0.0,-0.0,0.1,0.295827481,29.5827481,0.0,0.0,100.0,1.0,0.11,-11.0,-1467.9322730705958,1467.9322730705958,0.0,-1467.9322730705958,1467.9322730705958,0.0,-90252.1416993988,90252.1416993988,0.0,0.0,20305.246376953124,20305.246376953124,0.0,0.0,15008.972076707205,15008.972076707205,0.0,-577748.8779187966,-577748.8779187966,93188.00624553999,93188.00624553999,93088.00624553999,0.0,100.0,0.0,0.0,93188.00624553999,57873.78779187966,1,0.0,100.0
6251,42960.69094585262,0.0,-429606.9094585262,0.0,10.0,0.0,-0.0,0.1,0.329464878,32.9464878,0.0,0.0,100.0,1.0,0.11,-11.0,-1485.566641893835,1485.566641893835,0.0,-1485.566641893835,1485.566641893835,0.0,-88909.94683437113,88909.94683437113,0.0,0.0,29167.7572265625,29167.7572265625,0.0,0.0,19652.631945743688,19652.631945743688,0.0,-429617.9094585262,-429617.9094585262,91881.0801181588,91881.0801181588,91781.0801181588,0.0,100.0,0.0,0.0,91881.0801181588,43060.69094585262,1,0.0,100.0
6252,44688.00740245324,0.0,-446880.07402453234,0.0,10.0,0.0,-0.0,0.1,0.339219715,33.9219715,0.0,0.0,100.0,1.0,0.11,-11.0,-1477.226235756236,1477.226235756236,0.0,-1477.226235756236,1477.226235756236,0.0,-91824.67603737969,91824.67603737969,0.0,0.0,27933.736728515625,27933.736728515625,0.0,0.0,22057.384377923296,22057.384377923296,0.0,-446891.07402453234,-446891.07402453234,94779.12850889216,94779.12850889216,94679.12850889216,0.0,100.0,0.0,0.0,94779.12850889216,44788.00740245324,1,0.0,100.0
6253,53421.14612745626,0.0,-534211.4612745626,0.0,10.0,0.0,-0.0,0.1,0.333251132,33.325113200000004,0.0,0.0,100.0,1.0,0.11,-11.0,-1499.6366565102765,1499.6366565102765,0.0,-1499.6366565102765,1499.6366565102765,0.0,-91681.2697483492,91681.2697483492,0.0,0.0,21202.715830078123,21202.715830078123,0.0,0.0,19956.681103835363,19956.681103835363,0.0,-534222.4612745626,-534222.4612745626,94680.54306136974,94680.54306136975,94580.54306136974,0.0,100.0,0.0,0.0,94680.54306136975,53521.14612745627,1,0.0,100.0
6254,63397.52604118907,0.0,-633975.2604118907,0.0,10.0,0.0,-0.0,0.1,0.327515301,32.7515301,0.0,0.0,100.0,1.0,0.08,-8.0,-1496.867160100507,1496.867160100507,0.0,-1496.867160100507,1496.867160100507,0.0,-91623.1798904952,91623.1798904952,0.0,0.0,18846.858515625,18846.858515625,0.0,0.0,12272.529653882137,12272.529653882137,0.0,-633983.2604118907,-633983.2604118907,94616.91421069621,94616.91421069621,94516.91421069621,0.0,100.0,0.0,0.0,94616.91421069621,63497.52604118907,1,0.0,100.0
6255,78320.12114797466,0.0,-783201.2114797465,0.0,10.0,0.0,-0.0,0.1,0.318463815,31.8463815,0.0,0.0,100.0,1.0,0.08,-8.0,-1479.5906514523317,1479.5906514523317,0.0,-1479.5906514523317,1479.5906514523317,0.0,-94639.9626429444,94639.9626429444,0.0,0.0,9311.245576171874,9311.245576171874,0.0,0.0,9867.777221702529,9867.777221702529,0.0,-783209.2114797465,-783209.2114797465,97599.14394584906,97599.14394584906,97499.14394584906,0.0,100.0,0.0,0.0,97599.14394584906,78420.12114797466,0,0.0,100.0
6256,80663.2191692612,0.0,-806632.1916926119,0.0,10.0,0.0,-0.0,0.1,0.324546085,32.4546085,0.0,0.0,100.0,1.0,0.08,-8.0,-1238.5521729741497,1238.5521729741497,0.0,-1238.5521729741497,1238.5521729741497,0.0,-87623.5389778144,87623.5389778144,0.0,0.0,6020.524248046875,6020.524248046875,0.0,0.0,3316.899906454631,3316.899906454631,0.0,-806640.1916926119,-806640.1916926119,90100.6433237627,90100.6433237627,90000.6433237627,0.0,100.0,0.0,0.0,90100.6433237627,80763.2191692612,0,0.0,100.0
6257,75739.8378677091,0.0,-757398.378677091,0.0,10.0,0.0,-0.0,0.1,0.33365679,33.365679,0.0,0.0,100.0,1.0,0.11,-11.0,-1154.1459612643532,1154.1459612643532,0.0,-1154.1459612643532,1154.1459612643532,0.0,-76646.76340831036,76646.76340831036,0.0,0.0,1346.2041796875,1346.2041796875,0.0,0.0,1769.01328344247,1769.01328344247,0.0,-757409.378677091,-757409.378677091,78955.05533083907,78955.05533083907,78855.05533083907,0.0,100.0,0.0,0.0,78955.05533083907,75839.8378677091,1,0.0,100.0
6258,80267.1200656747,0.0,-802671.200656747,0.0,10.0,0.0,-0.0,0.1,0.339808358,33.980835799999994,0.0,0.0,100.0,1.0,0.11,-11.0,-1092.89665315236,1092.89665315236,0.0,-1092.89665315236,1092.89665315236,0.0,-78181.32675936997,78181.32675936997,0.0,0.0,0.0,0.0,0.0,0.0,0.0,0.0,0.0,-802682.200656747,-802682.200656747,80367.1200656747,80367.1200656747,80267.1200656747,0.0,100.0,0.0,0.0,80367.1200656747,80367.1200656747,1,0.0,100.0
6259,71462.81625807332,0.0,-714628.1625807332,0.0,10.0,0.0,-0.0,0.1,0.346672604,34.667260399999996,0.0,0.0,100.0,1.0,0.11,-11.0,-1074.7954564483362,1074.7954564483362,0.0,-1074.7954564483362,1074.7954564483362,0.0,-69413.22534517664,69413.22534517664,0.0,0.0,0.0,0.0,0.0,0.0,0.0,0.0,0.0,-714639.1625807332,-714639.1625807332,71562.81625807332,71562.81625807332,71462.81625807332,0.0,100.0,0.0,0.0,71562.81625807332,71562.81625807332,1,0.0,100.0
6260,68672.81476884815,0.0,-686728.1476884815,0.0,10.0,0.0,-0.0,0.1,0.344657886,34.4657886,0.0,0.0,100.0,1.0,0.11,-11.0,-235.14223662458977,235.14223662458977,0.0,-235.14223662458977,235.14223662458977,0.0,-68302.53029559898,68302.53029559898,0.0,0.0,0.0,0.0,0.0,0.0,0.0,0.0,0.0,-686739.1476884815,-686739.1476884815,68772.81476884815,68772.81476884815,68672.81476884815,0.0,100.0,0.0,0.0,68772.81476884815,68772.81476884815,1,0.0,100.0
6261,21490.44040102001,0.0,-214904.4040102001,0.0,10.0,0.0,-0.0,0.1,0.33436294,33.436294,0.0,0.0,100.0,1.0,0.11,-11.0,-234.2213120189842,234.2213120189842,0.0,-234.2213120189842,234.2213120189842,0.0,-21121.99777698204,21121.99777698204,0.0,0.0,0.0,0.0,0.0,0.0,0.0,0.0,0.0,-214915.4040102001,-214915.4040102001,21590.44040102001,21590.44040102001,21490.44040102001,0.0,100.0,0.0,0.0,21590.44040102001,21590.44040102001,1,0.0,100.0
6262,18511.66000958416,0.0,-185116.6000958416,0.0,10.0,0.0,-0.0,0.1,0.332350478,33.235047800000004,0.0,0.0,100.0,1.0,0.11,-11.0,-237.120297811091,237.120297811091,0.0,-237.120297811091,237.120297811091,0.0,-18137.41941396198,18137.41941396198,0.0,0.0,0.0,0.0,0.0,0.0,0.0,0.0,0.0,-185127.6000958416,-185127.6000958416,18611.66000958416,18611.66000958416,18511.66000958416,0.0,100.0,0.0,0.0,18611.66000958416,18611.66000958416,1,0.0,100.0
6263,17766.785571655557,0.0,-177667.85571655555,0.0,10.0,0.0,-0.0,0.1,0.33402339,33.402339,0.0,0.0,100.0,1.0,0.11,-11.0,-234.1582641165196,234.1582641165196,0.0,-234.1582641165196,234.1582641165196,0.0,-17398.469043422516,17398.469043422516,0.0,0.0,0.0,0.0,0.0,0.0,0.0,0.0,0.0,-177678.85571655555,-177678.85571655555,17866.785571655557,17866.785571655557,17766.785571655557,0.0,100.0,0.0,0.0,17866.785571655557,17866.785571655557,1,0.0,100.0
6264,17766.752478947783,0.0,-177667.52478947781,0.0,10.0,0.0,-0.0,0.1,0.338055181,33.8055181,0.0,0.0,100.0,1.0,0.08,-8.0,-234.1416512569656,234.1416512569656,0.0,-234.1416512569656,234.1416512569656,0.0,-17398.469176433853,17398.469176433853,0.0,0.0,0.0,0.0,0.0,0.0,0.0,0.0,0.0,-177675.52478947781,-177675.52478947781,17866.752478947783,17866.752478947783,17766.752478947783,0.0,100.0,0.0,0.0,17866.752478947783,17866.752478947783,1,0.0,100.0
6265,17766.750066581153,0.0,-177667.50066581153,0.0,10.0,0.0,-0.0,0.1,0.3416567029999999,34.16567029999999,0.0,0.0,100.0,1.0,0.08,-8.0,-234.140448096638,234.140448096638,0.0,-234.140448096638,234.140448096638,0.0,-17398.469170387878,17398.469170387878,0.0,0.0,0.0,0.0,0.0,0.0,0.0,0.0,0.0,-177675.50066581153,-177675.50066581153,17866.750066581153,17866.750066581153,17766.750066581153,0.0,100.0,0.0,0.0,17866.750066581153,17866.750066581153,1,0.0,100.0
6266,17766.559086856207,0.0,-177665.59086856205,0.0,10.0,0.0,-0.0,0.1,0.349250228,34.9250228,0.0,0.0,100.0,1.0,0.08,-8.0,-234.04495218819383,234.04495218819383,0.0,-234.04495218819383,234.04495218819383,0.0,-17398.469182479817,17398.469182479817,0.0,0.0,0.0,0.0,0.0,0.0,0.0,0.0,0.0,-177673.59086856205,-177673.59086856205,17866.559086856207,17866.559086856207,17766.559086856207,0.0,100.0,0.0,0.0,17866.559086856207,17866.559086856207,1,0.0,100.0
6267,18517.182815196873,0.0,-185171.82815196872,0.0,10.0,0.0,-0.0,0.1,0.317777141,31.777714099999997,0.0,0.0,100.0,1.0,0.08,-8.0,-239.8816341117812,239.8816341117812,0.0,-239.8816341117812,239.8816341117812,0.0,-18137.41954697331,18137.41954697331,0.0,0.0,0.0,0.0,0.0,0.0,0.0,0.0,0.0,-185179.82815196872,-185179.82815196872,18617.182815196873,18617.182815196873,18517.182815196873,0.0,100.0,0.0,0.0,18617.182815196873,18617.182815196873,1,0.0,100.0
6268,21499.930168738898,0.0,-214999.30168738897,0.0,10.0,0.0,-0.0,0.1,0.292485069,29.2485069,0.0,0.0,100.0,1.0,0.08,-8.0,-238.9255458014341,238.9255458014341,0.0,-238.9255458014341,238.9255458014341,0.0,-21122.07907713603,21122.07907713603,0.0,0.0,0.0,0.0,0.0,0.0,0.0,0.0,0.0,-215007.30168738897,-215007.30168738897,21599.930168738898,21599.930168738898,21499.930168738898,0.0,100.0,0.0,0.0,21599.930168738898,21599.930168738898,1,0.0,100.0
6269,59019.463701381945,0.0,-590194.6370138194,0.0,10.0,0.0,-0.0,0.1,0.25571675,25.571675,0.0,0.0,100.0,1.0,0.11,-11.0,-577.6864495095865,577.6864495095865,0.0,-577.6864495095865,577.6864495095865,0.0,-57964.09080236277,57964.09080236277,0.0,0.0,0.0,0.0,0.0,0.0,0.0,0.0,0.0,-590205.6370138194,-590205.6370138194,59119.463701381945,59119.463701381945,59019.463701381945,0.0,100.0,0.0,0.0,59119.463701381945,59119.463701381945,1,0.0,100.0
6270,59526.37049228055,0.0,-595263.7049228055,0.0,10.0,0.0,-0.0,0.1,0.238410505,23.841050499999998,0.0,0.0,100.0,1.0,0.11,-11.0,-827.3456526989455,827.3456526989455,0.0,-827.3456526989455,827.3456526989455,0.0,-62568.03267017787,62568.03267017787,0.0,0.0,3103.7485253906248,3103.7485253906248,0.0,0.0,1492.604957904584,1492.604957904584,0.0,-595274.7049228055,-595274.7049228055,64222.723975575755,64222.72397557576,64122.723975575755,0.0,100.0,0.0,0.0,64222.72397557576,59626.370492280555,1,0.0,100.0
6271,84993.01156326092,0.0,-849930.1156326092,0.0,10.0,0.0,-0.0,0.1,0.23365326,23.365326,0.0,0.0,100.0,1.0,0.11,-11.0,-1223.1820719696786,1223.1820719696786,0.0,-1223.1820719696786,1223.1820719696786,0.0,-97489.26858966183,97489.26858966183,0.0,0.0,10171.32046875,10171.32046875,0.0,0.0,4671.300701590272,4671.300701590272,0.0,-849941.1156326092,-849941.1156326092,99935.6327336012,99935.63273360119,99835.6327336012,0.0,100.0,0.0,0.0,99935.63273360119,85093.01156326092,1,0.0,100.0
6272,68336.32765879977,0.0,-683363.2765879977,0.0,10.0,0.0,-0.0,0.1,0.22699173,22.699173000000002,0.0,0.0,100.0,1.0,0.11,-11.0,-1278.6544083837568,1278.6544083837568,0.0,-1278.6544083837568,1278.6544083837568,0.0,-95557.90625477197,95557.90625477197,0.0,0.0,17351.076093749998,17351.076093749998,0.0,0.0,12327.811318989712,12327.811318989712,0.0,-683374.2765879977,-683374.2765879977,98115.21507153948,98115.21507153948,98015.21507153948,0.0,100.0,0.0,0.0,98115.21507153948,68436.32765879977,1,0.0,100.0
6273,63438.75961843653,0.0,-634387.5961843653,0.0,10.0,0.0,-0.0,0.1,0.2305945989999999,23.05945989999999,0.0,0.0,100.0,1.0,0.11,-11.0,-1383.925845323791,1383.925845323791,0.0,-1383.925845323791,1383.925845323791,0.0,-91680.85971068696,91680.85971068696,0.0,0.0,12639.361464843749,12639.361464843749,0.0,0.0,18270.59031805426,18270.59031805426,0.0,-634398.5961843653,-634398.5961843653,94448.71140133454,94448.71140133454,94348.71140133454,0.0,100.0,0.0,0.0,94448.71140133454,63538.75961843653,1,0.0,100.0
6274,49558.07611137275,0.0,-495580.76111372747,0.0,10.0,0.0,-0.0,0.1,0.243749732,24.3749732,0.0,0.0,100.0,1.0,0.11,-11.0,-1470.343301344266,1470.343301344266,0.0,-1470.343301344266,1470.343301344266,0.0,-90821.29785612853,90821.29785612853,0.0,0.0,22212.36896484375,22212.36896484375,0.0,0.0,21891.539382600564,21891.539382600564,0.0,-495591.76111372747,-495591.76111372747,93761.98445881707,93761.98445881705,93661.98445881707,0.0,100.0,0.0,0.0,93761.98445881705,49658.076111372735,1,0.0,100.0
6275,47092.396843164504,0.0,-470923.9684316451,0.0,10.0,0.0,-0.0,0.1,0.27188693,27.188693000000004,0.0,0.0,100.0,1.0,0.11,-11.0,-1501.5654461578915,1501.5654461578915,0.0,-1501.5654461578915,1501.5654461578915,0.0,-88106.29635387946,88106.29635387946,0.0,0.0,20118.27357421875,20118.27357421875,0.0,0.0,23798.756828811976,23798.756828811976,0.0,-470934.9684316451,-470934.9684316451,91109.42724619524,91109.42724619524,91009.42724619524,0.0,100.0,0.0,0.0,91109.42724619524,47192.396843164504,1,0.0,100.0
6276,48776.41267984889,0.0,-487764.1267984889,0.0,10.0,0.0,-0.0,0.1,0.264350652,26.4350652,0.0,0.0,100.0,1.0,0.11,-11.0,-1496.494123912547,1496.494123912547,0.0,-1496.494123912547,1496.494123912547,0.0,-91753.10536005964,91753.10536005964,0.0,0.0,21988.0016015625,21988.0016015625,0.0,0.0,23881.679326473342,23881.679326473342,0.0,-487775.1267984889,-487775.1267984889,94746.09360788473,94746.09360788473,94646.09360788473,0.0,100.0,0.0,0.0,94746.09360788473,48876.41267984889,1,0.0,100.0
6277,57396.21922408888,0.0,-573962.1922408888,0.0,10.0,0.0,-0.0,0.1,0.272343543,27.234354300000003,0.0,0.0,100.0,1.0,0.11,-11.0,-1512.4390506111072,1512.4390506111072,0.0,-1512.4390506111072,1512.4390506111072,0.0,-91644.19809941456,91644.19809941456,0.0,0.0,16304.0283984375,16304.0283984375,0.0,0.0,20868.828578110388,20868.828578110388,0.0,-573973.1922408888,-573973.1922408888,94669.07620063677,94669.07620063677,94569.07620063677,0.0,100.0,0.0,0.0,94669.07620063677,57496.21922408888,1,0.0,100.0
6278,55447.215549681874,0.0,-554472.1554968187,0.0,10.0,0.0,-0.0,0.1,0.26599995,26.599995,0.0,0.0,100.0,1.0,0.08,-8.0,-1509.4451349879714,1509.4451349879714,0.0,-1509.4451349879714,1509.4451349879714,0.0,-91765.85836569824,91765.85836569824,0.0,0.0,21464.47775390625,21464.47775390625,0.0,0.0,17773.055332086064,17773.055332086064,0.0,-554480.1554968187,-554480.1554968187,94784.74863567419,94784.74863567419,94684.74863567419,0.0,100.0,0.0,0.0,94784.74863567419,55547.215549681874,0,0.0,100.0
6279,70363.14212871078,0.0,-703631.4212871077,0.0,10.0,0.0,-0.0,0.1,0.268253667,26.825366699999996,0.0,0.0,100.0,1.0,0.08,-8.0,-1486.709735420142,1486.709735420142,0.0,-1486.709735420142,1486.709735420142,0.0,-94703.87301624792,94703.87301624792,0.0,0.0,13835.98740234375,13835.98740234375,0.0,0.0,13378.16295603368,13378.16295603368,0.0,-703639.4212871077,-703639.4212871077,97677.29248708821,97677.2924870882,97577.29248708821,0.0,100.0,0.0,0.0,97677.2924870882,70463.14212871077,0,0.0,100.0
6280,77553.96373906813,0.0,-775539.6373906813,0.0,10.0,0.0,-0.0,0.1,0.278365553,27.8365553,0.0,0.0,100.0,1.0,0.08,-8.0,-1258.6684387457829,1258.6684387457829,0.0,-1258.6684387457829,1258.6684387457829,0.0,-88325.8488496075,88325.8488496075,0.0,0.0,6693.626337890625,6693.626337890625,0.0,0.0,6495.595650140319,6495.595650140319,0.0,-775547.6373906813,-775547.6373906813,90843.18572709907,90843.18572709907,90743.18572709907,0.0,100.0,0.0,0.0,90843.18572709907,77653.96373906813,0,0.0,100.0
6281,77015.64086492955,0.0,-770156.4086492955,0.0,10.0,0.0,-0.0,0.1,0.307220699,30.722069899999997,0.0,0.0,100.0,1.0,0.11,-11.0,-1189.2598826584035,1189.2598826584035,0.0,-1189.2598826584035,1189.2598826584035,0.0,-78182.4082019627,78182.4082019627,0.0,0.0,1234.020498046875,1234.020498046875,0.0,0.0,2211.266604303087,2211.266604303087,0.0,-770167.4086492955,-770167.4086492955,80560.92796727951,80560.92796727951,80460.92796727951,0.0,100.0,0.0,0.0,80560.92796727951,77115.64086492955,1,0.0,100.0
6282,81584.66763254326,0.0,-815846.6763254326,0.0,10.0,0.0,-0.0,0.1,0.331778273,33.177827300000004,0.0,0.0,100.0,1.0,0.11,-11.0,-1100.8228307083516,1100.8228307083516,0.0,-1100.8228307083516,1100.8228307083516,0.0,-79483.02197112657,79483.02197112657,0.0,0.0,0.0,0.0,0.0,0.0,0.0,0.0,0.0,-815857.6763254326,-815857.6763254326,81684.66763254326,81684.66763254326,81584.66763254326,0.0,100.0,0.0,0.0,81684.66763254326,81684.66763254326,1,0.0,100.0
6283,72601.13498753385,0.0,-726011.3498753385,0.0,10.0,0.0,-0.0,0.1,0.339708523,33.9708523,0.0,0.0,100.0,1.0,0.11,-11.0,-1058.404171285228,1058.404171285228,0.0,-1058.404171285228,1058.404171285228,0.0,-70584.3266449634,70584.3266449634,0.0,0.0,0.0,0.0,0.0,0.0,0.0,0.0,0.0,-726022.3498753385,-726022.3498753385,72701.13498753385,72701.13498753385,72601.13498753385,0.0,100.0,0.0,0.0,72701.13498753385,72701.13498753385,1,0.0,100.0
6284,69267.49548517488,0.0,-692674.9548517488,0.0,10.0,0.0,-0.0,0.1,0.341163302,34.1163302,0.0,0.0,100.0,1.0,0.11,-11.0,-234.21659226642103,234.21659226642103,0.0,-234.21659226642103,234.21659226642103,0.0,-68899.06230064204,68899.06230064204,0.0,0.0,0.0,0.0,0.0,0.0,0.0,0.0,0.0,-692685.9548517488,-692685.9548517488,69367.49548517488,69367.49548517488,69267.49548517488,0.0,100.0,0.0,0.0,69367.49548517488,69367.49548517488,1,0.0,100.0
6285,21525.08101991244,0.0,-215250.8101991244,0.0,10.0,0.0,-0.0,0.1,0.34543064,34.543064,0.0,0.0,100.0,1.0,0.11,-11.0,-251.5415640284887,251.5415640284887,0.0,-251.5415640284887,251.5415640284887,0.0,-21121.997891855463,21121.997891855463,0.0,0.0,0.0,0.0,0.0,0.0,0.0,0.0,0.0,-215261.8101991244,-215261.8101991244,21625.08101991244,21625.08101991244,21525.08101991244,0.0,100.0,0.0,0.0,21625.08101991244,21625.08101991244,1,0.0,100.0
6286,18511.61635530063,0.0,-185116.1635530063,0.0,10.0,0.0,-0.0,0.1,0.356420821,35.6420821,0.0,0.0,100.0,1.0,0.11,-11.0,-237.09841020962983,237.09841020962983,0.0,-237.09841020962983,237.09841020962983,0.0,-18137.41953488137,18137.41953488137,0.0,0.0,0.0,0.0,0.0,0.0,0.0,0.0,0.0,-185127.1635530063,-185127.1635530063,18611.61635530063,18611.61635530063,18511.61635530063,0.0,100.0,0.0,0.0,18611.61635530063,18611.61635530063,1,0.0,100.0
6287,17766.72187827739,0.0,-177667.21878277388,0.0,10.0,0.0,-0.0,0.1,0.36631083,36.631083,0.0,0.0,100.0,1.0,0.11,-11.0,-234.12635394475504,234.12635394475504,0.0,-234.12635394475504,234.12635394475504,0.0,-17398.469170387878,17398.469170387878,0.0,0.0,0.0,0.0,0.0,0.0,0.0,0.0,0.0,-177678.21878277388,-177678.21878277388,17866.72187827739,17866.72187827739,17766.72187827739,0.0,100.0,0.0,0.0,17866.72187827739,17866.72187827739,1,0.0,100.0
6288,17766.69325803727,0.0,-177666.9325803727,0.0,10.0,0.0,-0.0,0.1,0.364502025,36.4502025,0.0,0.0,100.0,1.0,0.08,-8.0,-234.1119773190285,234.1119773190285,0.0,-234.1119773190285,234.1119773190285,0.0,-17398.46930339921,17398.46930339921,0.0,0.0,0.0,0.0,0.0,0.0,0.0,0.0,0.0,-177674.9325803727,-177674.9325803727,17866.69325803727,17866.69325803727,17766.69325803727,0.0,100.0,0.0,0.0,17866.69325803727,17866.69325803727,1,0.0,100.0
6289,17766.49776822924,0.0,-177664.9776822924,0.0,10.0,0.0,-0.0,0.1,0.356522426,35.6522426,0.0,0.0,100.0,1.0,0.08,-8.0,-234.01423241501465,234.01423241501465,0.0,-234.01423241501465,234.01423241501465,0.0,-17398.46930339921,17398.46930339921,0.0,0.0,0.0,0.0,0.0,0.0,0.0,0.0,0.0,-177672.9776822924,-177672.9776822924,17866.49776822924,17866.49776822924,17766.49776822924,0.0,100.0,0.0,0.0,17866.49776822924,17866.49776822924,1,0.0,100.0
6290,17766.207300597664,0.0,-177662.07300597662,0.0,10.0,0.0,-0.0,0.1,0.352310407,35.2310407,0.0,0.0,100.0,1.0,0.08,-8.0,-233.86899859922653,233.86899859922653,0.0,-233.86899859922653,233.86899859922653,0.0,-17398.46930339921,17398.46930339921,0.0,0.0,0.0,0.0,0.0,0.0,0.0,0.0,0.0,-177670.07300597662,-177670.07300597662,17866.207300597664,17866.207300597664,17766.207300597664,0.0,100.0,0.0,0.0,17866.207300597664,17866.207300597664,1,0.0,100.0
6291,18507.50716323069,0.0,-185075.0716323069,0.0,10.0,0.0,-0.0,0.1,0.327481894,32.7481894,0.0,0.0,100.0,1.0,0.08,-8.0,-235.04374162302088,235.04374162302088,0.0,-235.04374162302088,235.04374162302088,0.0,-18137.419679984647,18137.419679984647,0.0,0.0,0.0,0.0,0.0,0.0,0.0,0.0,0.0,-185083.0716323069,-185083.0716323069,18607.50716323069,18607.50716323069,18507.50716323069,0.0,100.0,0.0,0.0,18607.50716323069,18607.50716323069,1,0.0,100.0
6292,21492.018399519686,0.0,-214920.18399519686,0.0,10.0,0.0,-0.0,0.1,0.281395611,28.139561099999998,0.0,0.0,100.0,1.0,0.08,-8.0,-234.9695705022814,234.9695705022814,0.0,-234.9695705022814,234.9695705022814,0.0,-21122.07925851512,21122.07925851512,0.0,0.0,0.0,0.0,0.0,0.0,0.0,0.0,0.0,-214928.18399519686,-214928.18399519686,21592.018399519686,21592.018399519686,21492.018399519686,0.0,100.0,0.0,0.0,21592.018399519686,21592.018399519686,1,0.0,100.0
6293,56173.254302421876,0.0,-561732.5430242188,0.0,10.0,0.0,-0.0,0.1,0.234279242,23.4279242,0.0,0.0,100.0,1.0,0.11,-11.0,-552.4438014784643,552.4438014784643,0.0,-552.4438014784643,552.4438014784643,0.0,-55168.36669946495,55168.36669946495,0.0,0.0,0.0,0.0,0.0,0.0,0.0,0.0,0.0,-561743.5430242188,-561743.5430242188,56273.254302421876,56273.254302421876,56173.254302421876,0.0,100.0,0.0,0.0,56273.254302421876,56273.254302421876,1,0.0,100.0
6294,56664.967591186025,0.0,-566649.6759118603,0.0,10.0,0.0,-0.0,0.1,0.210698047,21.0698047,0.0,0.0,100.0,1.0,0.11,-11.0,-799.0966950916137,799.0966950916137,0.0,-799.0966950916137,799.0966950916137,0.0,-59411.8986182261,59411.8986182261,0.0,0.0,3664.66693359375,3664.66693359375,0.0,0.0,580.4574836295604,580.4574836295604,0.0,-566660.6759118603,-566660.6759118603,61010.09200840934,61010.09200840933,60910.09200840934,0.0,100.0,0.0,0.0,61010.09200840933,56764.96759118602,1,0.0,100.0
6295,86855.77843186726,0.0,-868557.7843186726,0.0,10.0,0.0,-0.0,0.1,0.2007305089999999,20.073050899999988,0.0,0.0,100.0,1.0,0.11,-11.0,-1211.7015671705792,1211.7015671705792,0.0,-1211.7015671705792,1211.7015671705792,0.0,-93365.719821477,93365.719821477,0.0,0.0,6843.204580078125,6843.204580078125,0.0,0.0,1990.1399438727783,1990.1399438727783,0.0,-868568.7843186726,-868568.7843186726,95789.12295581817,95789.12295581817,95689.12295581817,0.0,100.0,0.0,0.0,95789.12295581817,86955.77843186726,1,0.0,100.0
6296,80463.7544568994,0.0,-804637.5445689941,0.0,10.0,0.0,-0.0,0.1,0.199752067,19.9752067,0.0,0.0,100.0,1.0,0.11,-11.0,-1292.2602721563726,1292.2602721563726,0.0,-1292.2602721563726,1292.2602721563726,0.0,-94294.82610708429,94294.82610708429,0.0,0.0,12639.361464843749,12639.361464843749,0.0,0.0,3676.2307296538825,3676.2307296538825,0.0,-804648.5445689941,-804648.5445689941,96879.34665139703,96879.34665139703,96779.34665139703,0.0,100.0,0.0,0.0,96879.34665139703,80563.7544568994,1,0.0,100.0
6297,53982.62523608141,0.0,-539826.2523608141,0.0,10.0,0.0,-0.0,0.1,0.201163876,20.1163876,0.0,0.0,100.0,1.0,0.11,-11.0,-1401.753129848873,1401.753129848873,0.0,-1401.753129848873,1401.753129848873,0.0,-91948.95620369526,91948.95620369526,0.0,0.0,24306.46435546875,24306.46435546875,0.0,0.0,16363.372871842848,16363.372871842848,0.0,-539837.2523608141,-539837.2523608141,94752.462463393,94752.462463393,94652.462463393,0.0,100.0,0.0,0.0,94752.462463393,54082.62523608141,1,0.0,100.0
6298,45489.89541778525,0.0,-454898.9541778525,0.0,10.0,0.0,-0.0,0.1,0.21728323,21.728323,0.0,0.0,100.0,1.0,0.11,-11.0,-1460.3537274670252,1460.3537274670252,0.0,-1460.3537274670252,1460.3537274670252,0.0,-91161.22270568366,91161.22270568366,0.0,0.0,27485.00200195313,27485.00200195313,0.0,0.0,21007.03274087933,21007.03274087933,0.0,-454909.9541778525,-454909.9541778525,94081.93016061772,94081.9301606177,93981.93016061772,0.0,100.0,0.0,0.0,94081.9301606177,45589.89541778524,1,0.0,100.0
6299,39201.18538912906,0.0,-392011.8538912906,0.0,10.0,0.0,-0.0,0.1,0.255959389,25.595938899999997,0.0,0.0,100.0,1.0,0.11,-11.0,-1495.4948539667412,1495.4948539667412,0.0,-1495.4948539667412,1495.4948539667412,0.0,-88860.47689683776,88860.47689683776,0.0,0.0,29055.57354492188,29055.57354492188,0.0,0.0,23494.7076707203,23494.7076707203,0.0,-392022.8538912906,-392022.8538912906,91851.46660477124,91851.46660477124,91751.46660477124,0.0,100.0,0.0,0.0,91851.46660477124,39301.18538912905,1,0.0,100.0
6300,51700.3699808808,0.0,-517003.69980880804,0.0,10.0,0.0,-0.0,0.1,0.275515332,27.5515332,0.0,0.0,100.0,1.0,0.11,-11.0,-1503.1395978657702,1503.1395978657702,0.0,-1503.1395978657702,1503.1395978657702,0.0,-91629.91963517157,91629.91963517157,0.0,0.0,19258.198681640624,19258.198681640624,0.0,0.0,23577.630168381667,23577.630168381667,0.0,-517014.69980880804,-517014.69980880804,94636.1988309031,94636.1988309031,94536.1988309031,0.0,100.0,0.0,0.0,94636.1988309031,51800.36998088081,1,0.0,100.0
6301,49809.03333394542,0.0,-498090.33333945426,0.0,10.0,0.0,-0.0,0.1,0.259129499,25.912949899999997,0.0,0.0,100.0,1.0,0.11,-11.0,-1515.6327439876848,1515.6327439876848,0.0,-1515.6327439876848,1515.6327439876848,0.0,-91599.49661815054,91599.49661815054,0.0,0.0,22885.4710546875,22885.4710546875,0.0,0.0,21836.257717492987,21836.257717492987,0.0,-498101.33333945426,-498101.33333945426,94630.76210612591,94630.76210612591,94530.76210612591,0.0,100.0,0.0,0.0,94630.76210612591,49909.03333394542,1,0.0,100.0
6302,59345.75307789081,0.0,-593457.5307789082,0.0,10.0,0.0,-0.0,0.1,0.250214548,25.021454799999997,0.0,0.0,100.0,1.0,0.08,-8.0,-1507.7445457952042,1507.7445457952042,0.0,-1507.7445457952042,1507.7445457952042,0.0,-91678.01641207618,91678.01641207618,0.0,0.0,16341.422958984374,16341.422958984374,0.0,0.0,18906.3294667914,18906.3294667914,0.0,-593465.5307789082,-593465.5307789082,94693.50550366659,94693.50550366659,94593.50550366659,0.0,100.0,0.0,0.0,94693.50550366659,59445.75307789081,0,0.0,100.0
6303,71698.56637254347,0.0,-716985.6637254347,0.0,10.0,0.0,-0.0,0.1,0.248538071,24.8538071,0.0,0.0,100.0,1.0,0.08,-8.0,-1514.7504343640408,1514.7504343640408,0.0,-1514.7504343640408,1514.7504343640408,0.0,-94698.80637275505,94698.80637275505,0.0,0.0,12302.810419921874,12302.810419921874,0.0,0.0,13626.930449017776,13626.930449017776,0.0,-716993.6637254347,-716993.6637254347,97728.30724148313,97728.30724148313,97628.30724148313,0.0,100.0,0.0,0.0,97728.30724148313,71798.56637254347,0,0.0,100.0
6304,80221.61477151322,0.0,-802216.1477151322,0.0,10.0,0.0,-0.0,0.1,0.249578105,24.9578105,0.0,0.0,100.0,1.0,0.08,-8.0,-1287.806643343558,1287.806643343558,0.0,-1287.806643343558,1287.806643343558,0.0,-88657.45922122915,88657.45922122915,0.0,0.0,3365.5104492187497,3365.5104492187497,0.0,0.0,7545.947287184285,7545.947287184285,0.0,-802224.1477151322,-802224.1477151322,91233.07250791627,91233.07250791627,91133.07250791627,0.0,100.0,0.0,0.0,91233.07250791627,80321.61477151322,0,0.0,100.0
6305,77644.9740747931,0.0,-776449.7407479311,0.0,10.0,0.0,-0.0,0.1,0.251798242,25.1798242,0.0,0.0,100.0,1.0,0.11,-11.0,-1195.0029131428062,1195.0029131428062,0.0,-1195.0029131428062,1195.0029131428062,0.0,-78223.07018951909,78223.07018951909,0.0,0.0,822.6803320312499,822.6803320312499,0.0,0.0,2045.421608980356,2045.421608980356,0.0,-776460.7407479311,-776460.7407479311,80613.07601580472,80613.0760158047,80513.07601580472,0.0,100.0,0.0,0.0,80613.0760158047,77744.9740747931,1,0.0,100.0
6306,80923.86333977772,0.0,-809238.6333977771,0.0,10.0,0.0,-0.0,0.1,0.274728286,27.4728286,0.0,0.0,100.0,1.0,0.11,-11.0,-1108.7900872667722,1108.7900872667722,0.0,-1108.7900872667722,1108.7900872667722,0.0,-78806.28316524417,78806.28316524417,0.0,0.0,0.0,0.0,0.0,0.0,0.0,0.0,0.0,-809249.6333977771,-809249.6333977771,81023.86333977772,81023.86333977772,80923.86333977772,0.0,100.0,0.0,0.0,81023.86333977772,81023.86333977772,1,0.0,100.0
6307,71931.41083677707,0.0,-719314.1083677707,0.0,10.0,0.0,-0.0,0.1,0.30613341,30.613341,0.0,0.0,100.0,1.0,0.11,-11.0,-1049.2807427159375,1049.2807427159375,0.0,-1049.2807427159375,1049.2807427159375,0.0,-69932.8493513452,69932.8493513452,0.0,0.0,0.0,0.0,0.0,0.0,0.0,0.0,0.0,-719325.1083677707,-719325.1083677707,72031.41083677707,72031.41083677707,71931.41083677707,0.0,100.0,0.0,0.0,72031.41083677707,72031.41083677707,1,0.0,100.0
6308,69044.61160451788,0.0,-690446.1160451788,0.0,10.0,0.0,-0.0,0.1,0.323097478,32.3097478,0.0,0.0,100.0,1.0,0.11,-11.0,-235.07714776387576,235.07714776387576,0.0,-235.07714776387576,235.07714776387576,0.0,-68674.45730899012,68674.45730899012,0.0,0.0,0.0,0.0,0.0,0.0,0.0,0.0,0.0,-690457.1160451788,-690457.1160451788,69144.61160451788,69144.61160451788,69044.61160451788,0.0,100.0,0.0,0.0,69144.61160451788,69144.61160451788,1,0.0,100.0
6309,21524.583891111746,0.0,-215245.83891111746,0.0,10.0,0.0,-0.0,0.1,0.325352866,32.5352866,0.0,0.0,100.0,1.0,0.11,-11.0,-251.29293009949177,251.29293009949177,0.0,-251.29293009949177,251.29293009949177,0.0,-21121.998030912764,21121.998030912764,0.0,0.0,0.0,0.0,0.0,0.0,0.0,0.0,0.0,-215256.83891111746,-215256.83891111746,21624.583891111746,21624.583891111746,21524.583891111746,0.0,100.0,0.0,0.0,21624.583891111746,21624.583891111746,1,0.0,100.0
6310,18511.552203357332,0.0,-185115.52203357333,0.0,10.0,0.0,-0.0,0.1,0.331433211,33.1433211,0.0,0.0,100.0,1.0,0.11,-11.0,-237.06626773231363,237.06626773231363,0.0,-237.06626773231363,237.06626773231363,0.0,-18137.419667892704,18137.419667892704,0.0,0.0,0.0,0.0,0.0,0.0,0.0,0.0,0.0,-185126.52203357333,-185126.52203357333,18611.552203357332,18611.552203357332,18511.552203357332,0.0,100.0,0.0,0.0,18611.552203357332,18611.552203357332,1,0.0,100.0
6311,17766.653768499553,0.0,-177666.53768499554,0.0,10.0,0.0,-0.0,0.1,0.324043462,32.4043462,0.0,0.0,100.0,1.0,0.11,-11.0,-234.0922355731543,234.0922355731543,0.0,-234.0922355731543,234.0922355731543,0.0,-17398.469297353244,17398.469297353244,0.0,0.0,0.0,0.0,0.0,0.0,0.0,0.0,0.0,-177677.53768499554,-177677.53768499554,17866.653768499553,17866.653768499553,17766.653768499553,0.0,100.0,0.0,0.0,17866.653768499553,17866.653768499553,1,0.0,100.0
6312,17766.619864082033,0.0,-177666.19864082034,0.0,10.0,0.0,-0.0,0.1,0.326898929,32.689892900000004,0.0,0.0,100.0,1.0,0.08,-8.0,-234.0752138357453,234.0752138357453,0.0,-234.0752138357453,234.0752138357453,0.0,-17398.46943641054,17398.46943641054,0.0,0.0,0.0,0.0,0.0,0.0,0.0,0.0,0.0,-177674.19864082034,-177674.19864082034,17866.619864082033,17866.619864082033,17766.619864082033,0.0,100.0,0.0,0.0,17866.619864082033,17866.619864082033,1,0.0,100.0
6313,17766.32915175974,0.0,-177663.2915175974,0.0,10.0,0.0,-0.0,0.1,0.326061018,32.6061018,0.0,0.0,100.0,1.0,0.08,-8.0,-233.92985767459817,233.92985767459817,0.0,-233.92985767459817,233.92985767459817,0.0,-17398.46943641054,17398.46943641054,0.0,0.0,0.0,0.0,0.0,0.0,0.0,0.0,0.0,-177671.2915175974,-177671.2915175974,17866.32915175974,17866.32915175974,17766.32915175974,0.0,100.0,0.0,0.0,17866.32915175974,17866.32915175974,1,0.0,100.0
6314,17765.904573279597,0.0,-177659.04573279596,0.0,10.0,0.0,-0.0,0.1,0.3213239519999999,32.13239519999999,0.0,0.0,100.0,1.0,0.08,-8.0,-233.7175684345281,233.7175684345281,0.0,-233.7175684345281,233.7175684345281,0.0,-17398.46943641054,17398.46943641054,0.0,0.0,0.0,0.0,0.0,0.0,0.0,0.0,0.0,-177667.04573279596,-177667.04573279596,17865.904573279597,17865.904573279597,17765.904573279597,0.0,100.0,0.0,0.0,17865.904573279597,17865.904573279597,1,0.0,100.0
6315,18507.000852879763,0.0,-185070.00852879763,0.0,10.0,0.0,-0.0,0.1,0.300250985,30.025098500000002,0.0,0.0,100.0,1.0,0.08,-8.0,-234.7905229648785,234.7905229648785,0.0,-234.7905229648785,234.7905229648785,0.0,-18137.419806950005,18137.419806950005,0.0,0.0,0.0,0.0,0.0,0.0,0.0,0.0,0.0,-185078.00852879763,-185078.00852879763,18607.000852879763,18607.000852879763,18507.000852879763,0.0,100.0,0.0,0.0,18607.000852879763,18607.000852879763,1,0.0,100.0
6316,21491.432733785783,0.0,-214914.32733785783,0.0,10.0,0.0,-0.0,0.1,0.26369192,26.369192,0.0,0.0,100.0,1.0,0.08,-8.0,-234.67661671593748,234.67661671593748,0.0,-234.67661671593748,234.67661671593748,0.0,-21122.07950035391,21122.07950035391,0.0,0.0,0.0,0.0,0.0,0.0,0.0,0.0,0.0,-214922.32733785783,-214922.32733785783,21591.432733785783,21591.432733785783,21491.432733785783,0.0,100.0,0.0,0.0,21591.432733785783,21591.432733785783,1,0.0,100.0
6317,60255.38899178959,0.0,-602553.8899178959,0.0,10.0,0.0,-0.0,0.1,0.234606617,23.4606617,0.0,0.0,100.0,1.0,0.11,-11.0,-448.9589398403277,448.9589398403277,0.0,-448.9589398403277,448.9589398403277,0.0,-59457.471112108935,59457.471112108935,0.0,0.0,0.0,0.0,0.0,0.0,0.0,0.0,0.0,-602564.8899178959,-602564.8899178959,60355.38899178959,60355.38899178959,60255.38899178959,0.0,100.0,0.0,0.0,60355.38899178959,60355.38899178959,1,0.0,100.0
6318,64648.046942453584,0.0,-646480.4694245359,0.0,10.0,0.0,-0.0,0.1,0.220035552,22.0035552,0.0,0.0,100.0,1.0,0.11,-11.0,-689.0760159216412,689.0760159216412,0.0,-689.0760159216412,689.0760159216412,0.0,-65231.5211808267,65231.5211808267,0.0,0.0,1308.809619140625,1308.809619140625,0.0,0.0,552.8166510757718,552.8166510757718,0.0,-646491.4694245359,-646491.4694245359,66609.67321266998,66609.67321266998,66509.67321266998,0.0,100.0,0.0,0.0,66609.67321266998,64748.046942453584,1,0.0,100.0
6319,95299.72200269168,0.0,-952997.2200269168,0.0,10.0,0.0,-0.0,0.1,0.213326529,21.3326529,0.0,0.0,100.0,1.0,0.11,-11.0,-1111.4024079662497,1111.4024079662497,0.0,-1111.4024079662497,1111.4024079662497,0.0,-98366.72258452798,98366.72258452798,0.0,0.0,3365.5104492187497,3365.5104492187497,0.0,0.0,1824.2949485500471,1824.2949485500471,0.0,-953008.2200269168,-953008.2200269168,100589.52740046047,100589.52740046047,100489.52740046047,0.0,100.0,0.0,0.0,100589.52740046047,95399.72200269168,1,0.0,100.0
6320,83422.26526787307,0.0,-834222.6526787307,0.0,10.0,0.0,-0.0,0.1,0.213333685,21.3333685,0.0,0.0,100.0,1.0,0.11,-11.0,-1266.548979892881,1266.548979892881,0.0,-1266.548979892881,1266.548979892881,0.0,-95529.5810078432,95529.5810078432,0.0,0.0,5833.5514453125,5833.5514453125,0.0,0.0,8706.862254443406,8706.862254443406,0.0,-834233.6526787307,-834233.6526787307,98062.67896762898,98062.67896762896,97962.67896762898,0.0,100.0,0.0,0.0,98062.67896762896,83522.26526787305,1,0.0,100.0
6321,72041.98262658447,0.0,-720419.8262658447,0.0,10.0,0.0,-0.0,0.1,0.21338763,21.338763,0.0,0.0,100.0,1.0,0.11,-11.0,-1395.254512586641,1395.254512586641,0.0,-1395.254512586641,1395.254512586641,0.0,-91725.52213498704,91725.52213498704,0.0,0.0,7890.252275390625,7890.252275390625,0.0,0.0,14483.796258185224,14483.796258185224,0.0,-720430.8262658447,-720430.8262658447,94516.03116016032,94516.03116016032,94416.03116016032,0.0,100.0,0.0,0.0,94516.03116016032,72141.98262658447,1,0.0,100.0
6322,64779.69969178409,0.0,-647796.9969178409,0.0,10.0,0.0,-0.0,0.1,0.217768734,21.7768734,0.0,0.0,100.0,1.0,0.11,-11.0,-1460.4850324059537,1460.4850324059537,0.0,-1460.4850324059537,1460.4850324059537,0.0,-91558.34629762488,91558.34629762488,0.0,0.0,9311.245576171874,9311.245576171874,0.0,0.0,20288.371094480823,20288.371094480823,0.0,-647807.9969178409,-647807.9969178409,94479.31636243679,94479.31636243679,94379.31636243679,0.0,100.0,0.0,0.0,94479.31636243679,64879.69969178409,1,0.0,100.0
6323,58714.92664313869,0.0,-587149.2664313869,0.0,10.0,0.0,-0.0,0.1,0.2250665419999999,22.50665419999999,0.0,0.0,100.0,1.0,0.11,-11.0,-1489.3985466556408,1489.3985466556408,0.0,-1489.3985466556408,1489.3985466556408,0.0,-88955.8540633641,88955.8540633641,0.0,0.0,9984.347666015625,9984.347666015625,0.0,0.0,23135.376847521053,23135.376847521053,0.0,-587160.2664313869,-587160.2664313869,91934.65115667536,91934.65115667538,91834.65115667536,0.0,100.0,0.0,0.0,91934.65115667538,58814.9266431387,1,0.0,100.0
6324,62398.06073669414,0.0,-623980.6073669414,0.0,10.0,0.0,-0.0,0.1,0.2310795169999999,23.10795169999999,0.0,0.0,100.0,1.0,0.11,-11.0,-1481.69766029567,1481.69766029567,0.0,-1481.69766029567,1481.69766029567,0.0,-91813.79087360726,91813.79087360726,0.0,0.0,9834.769423828126,9834.769423828126,0.0,0.0,22444.356033676337,22444.356033676337,0.0,-623991.6073669414,-623991.6073669414,94777.1861941986,94777.1861941986,94677.1861941986,0.0,100.0,0.0,0.0,94777.1861941986,62498.06073669414,1,0.0,100.0
6325,65915.58531914462,0.0,-659155.8531914463,0.0,10.0,0.0,-0.0,0.1,0.237873615,23.7873615,0.0,0.0,100.0,1.0,0.11,-11.0,-1496.7263976644876,1496.7263976644876,0.0,-1496.7263976644876,1496.7263976644876,0.0,-92670.54945387405,92670.54945387405,0.0,0.0,8862.510849609374,8862.510849609374,0.0,0.0,20785.906080449025,20785.906080449025,0.0,-659166.8531914463,-659166.8531914463,95664.00224920303,95664.00224920303,95564.00224920303,0.0,100.0,0.0,0.0,95664.00224920303,66015.58531914462,1,0.0,100.0
6326,70792.1864172466,0.0,-707921.864172466,0.0,10.0,0.0,-0.0,0.1,0.242031538,24.2031538,0.0,0.0,100.0,1.0,0.08,-8.0,-1492.2916616697123,1492.2916616697123,0.0,-1492.2916616697123,1492.2916616697123,0.0,-92961.22365321532,92961.22365321532,0.0,0.0,7142.3610644531245,7142.3610644531245,0.0,0.0,17911.259494855007,17911.259494855007,0.0,-707929.864172466,-707929.864172466,95945.80697655474,95945.80697655474,95845.80697655474,0.0,100.0,0.0,0.0,95945.80697655474,70892.18641724662,0,0.0,100.0
6327,69671.6558310616,0.0,-696716.558310616,0.0,10.0,0.0,-0.0,0.1,0.24857538,24.857538,0.0,0.0,100.0,1.0,0.08,-8.0,-1475.597419439016,1475.597419439016,0.0,-1475.597419439016,1475.597419439016,0.0,-93823.23841812376,93823.23841812376,0.0,0.0,13873.381962890624,13873.381962890624,0.0,0.0,13129.39546304958,13129.39546304958,0.0,-696724.558310616,-696724.558310616,96774.4332570018,96774.43325700179,96674.4332570018,0.0,100.0,0.0,0.0,96774.43325700179,69771.65583106158,0,0.0,100.0
6328,74101.86764664571,0.0,-741018.6764664571,0.0,10.0,0.0,-0.0,0.1,0.265384275,26.5384275,0.0,0.0,100.0,1.0,0.08,-8.0,-1251.0739334328136,1251.0739334328136,0.0,-1251.0739334328136,1251.0739334328136,0.0,-85179.99649505867,85179.99649505867,0.0,0.0,6431.8644140625,6431.8644140625,0.0,0.0,7048.412301216091,7048.412301216091,0.0,-741026.6764664571,-741026.6764664571,87682.14436192431,87682.1443619243,87582.14436192431,0.0,100.0,0.0,0.0,87682.1443619243,74201.8676466457,0,0.0,100.0
6329,72801.36208918877,0.0,-728013.6208918877,0.0,10.0,0.0,-0.0,0.1,0.286200425,28.620042499999997,0.0,0.0,100.0,1.0,0.11,-11.0,-1190.8621060151704,1190.8621060151704,0.0,-1190.8621060151704,1190.8621060151704,0.0,-72995.87548870033,72995.87548870033,0.0,0.0,1121.83681640625,1121.83681640625,0.0,0.0,1354.400795135641,1354.400795135641,0.0,-728024.6208918877,-728024.6208918877,75377.59970073066,75377.59970073067,75277.59970073066,0.0,100.0,0.0,0.0,75377.59970073067,72901.36208918878,1,0.0,100.0
6330,75399.37105352497,0.0,-753993.7105352497,0.0,10.0,0.0,-0.0,0.1,0.306532213,30.6532213,0.0,0.0,100.0,1.0,0.11,-11.0,-1110.299178357137,1110.299178357137,0.0,-1110.299178357137,1110.299178357137,0.0,-73278.7726968107,73278.7726968107,0.0,0.0,0.0,0.0,0.0,0.0,0.0,0.0,0.0,-754004.7105352497,-754004.7105352497,75499.37105352497,75499.37105352497,75399.37105352497,0.0,100.0,0.0,0.0,75499.37105352497,75499.37105352497,1,0.0,100.0
6331,65848.75154955787,0.0,-658487.5154955788,0.0,10.0,0.0,-0.0,0.1,0.32213392,32.213392,0.0,0.0,100.0,1.0,0.11,-11.0,-1040.041642132831,1040.041642132831,0.0,-1040.041642132831,1040.041642132831,0.0,-63868.6682652922,63868.6682652922,0.0,0.0,0.0,0.0,0.0,0.0,0.0,0.0,0.0,-658498.5154955788,-658498.5154955788,65948.75154955787,65948.75154955787,65848.75154955787,0.0,100.0,0.0,0.0,65948.75154955787,65948.75154955787,1,0.0,100.0
6332,62174.81988489125,0.0,-621748.1988489125,0.0,10.0,0.0,-0.0,0.1,0.316677561,31.6677561,0.0,0.0,100.0,1.0,0.11,-11.0,-235.09885816540688,235.09885816540688,0.0,-235.09885816540688,235.09885816540688,0.0,-61804.62216856044,61804.62216856044,0.0,0.0,0.0,0.0,0.0,0.0,0.0,0.0,0.0,-621759.1988489125,-621759.1988489125,62274.81988489125,62274.81988489125,62174.81988489125,0.0,100.0,0.0,0.0,62274.81988489125,62274.81988489125,1,0.0,100.0
6333,21490.372347575267,0.0,-214903.72347575266,0.0,10.0,0.0,-0.0,0.1,0.307323276,30.732327599999998,0.0,0.0,100.0,1.0,0.11,-11.0,-234.1870978715536,234.1870978715536,0.0,-234.1870978715536,234.1870978715536,0.0,-21121.99815183216,21121.99815183216,0.0,0.0,0.0,0.0,0.0,0.0,0.0,0.0,0.0,-214914.72347575266,-214914.72347575266,21590.372347575267,21590.372347575267,21490.372347575267,0.0,100.0,0.0,0.0,21590.372347575267,21590.372347575267,1,0.0,100.0
6334,18511.605824701182,0.0,-185116.05824701182,0.0,10.0,0.0,-0.0,0.1,0.313952105,31.395210499999997,0.0,0.0,100.0,1.0,0.11,-11.0,-237.09301492156013,237.09301492156013,0.0,-237.09301492156013,237.09301492156013,0.0,-18137.419794858062,18137.419794858062,0.0,0.0,0.0,0.0,0.0,0.0,0.0,0.0,0.0,-185127.05824701182,-185127.05824701182,18611.605824701182,18611.605824701182,18511.605824701182,0.0,100.0,0.0,0.0,18611.605824701182,18611.605824701182,1,0.0,100.0
6335,17766.60026953587,0.0,-177666.0026953587,0.0,10.0,0.0,-0.0,0.1,0.322370285,32.2370285,0.0,0.0,100.0,1.0,0.11,-11.0,-234.0654226086327,234.0654226086327,0.0,-234.0654226086327,234.0654226086327,0.0,-17398.469424318602,17398.469424318602,0.0,0.0,0.0,0.0,0.0,0.0,0.0,0.0,0.0,-177677.0026953587,-177677.0026953587,17866.60026953587,17866.60026953587,17766.60026953587,0.0,100.0,0.0,0.0,17866.60026953587,17866.60026953587,1,0.0,100.0
6336,17766.485123866853,0.0,-177664.85123866852,0.0,10.0,0.0,-0.0,0.1,0.328584442,32.8584442,0.0,0.0,100.0,1.0,0.08,-8.0,-234.00778024547336,234.00778024547336,0.0,-234.00778024547336,234.00778024547336,0.0,-17398.469563375907,17398.469563375907,0.0,0.0,0.0,0.0,0.0,0.0,0.0,0.0,0.0,-177672.85123866852,-177672.85123866852,17866.485123866853,17866.485123866853,17766.485123866853,0.0,100.0,0.0,0.0,17866.485123866853,17866.485123866853,1,0.0,100.0
6337,17766.147563962804,0.0,-177661.47563962804,0.0,10.0,0.0,-0.0,0.1,0.331241467,33.124146700000004,0.0,0.0,100.0,1.0,0.08,-8.0,-233.8390033164341,233.8390033164341,0.0,-233.8390033164341,233.8390033164341,0.0,-17398.469557329936,17398.469557329936,0.0,0.0,0.0,0.0,0.0,0.0,0.0,0.0,0.0,-177669.47563962804,-177669.47563962804,17866.147563962804,17866.147563962804,17766.147563962804,0.0,100.0,0.0,0.0,17866.147563962804,17866.147563962804,1,0.0,100.0
6338,17765.964671375208,0.0,-177659.64671375207,0.0,10.0,0.0,-0.0,0.1,0.3452732329999999,34.52732329999999,0.0,0.0,100.0,1.0,0.08,-8.0,-233.74755702263604,233.74755702263604,0.0,-233.74755702263604,233.74755702263604,0.0,-17398.469557329936,17398.469557329936,0.0,0.0,0.0,0.0,0.0,0.0,0.0,0.0,0.0,-177667.64671375207,-177667.64671375207,17865.964671375208,17865.964671375208,17765.964671375208,0.0,100.0,0.0,0.0,17865.964671375208,17865.964671375208,1,0.0,100.0
6339,18516.063178558295,0.0,-185160.63178558295,0.0,10.0,0.0,-0.0,0.1,0.334360026,33.436002599999995,0.0,0.0,100.0,1.0,0.08,-8.0,-239.32162534444825,239.32162534444825,0.0,-239.32162534444825,239.32162534444825,0.0,-18137.4199278694,18137.4199278694,0.0,0.0,0.0,0.0,0.0,0.0,0.0,0.0,0.0,-185168.63178558295,-185168.63178558295,18616.063178558295,18616.063178558295,18516.063178558295,0.0,100.0,0.0,0.0,18616.063178558295,18616.063178558295,1,0.0,100.0
6340,21498.888736197077,0.0,-214988.8873619708,0.0,10.0,0.0,-0.0,0.1,0.3089816569999999,30.898165699999993,0.0,0.0,100.0,1.0,0.08,-8.0,-238.4045211860704,238.4045211860704,0.0,-238.4045211860704,238.4045211860704,0.0,-21122.079693824937,21122.079693824937,0.0,0.0,0.0,0.0,0.0,0.0,0.0,0.0,0.0,-214996.8873619708,-214996.8873619708,21598.888736197077,21598.888736197077,21498.888736197077,0.0,100.0,0.0,0.0,21598.888736197077,21598.888736197077,1,0.0,100.0
6341,25284.809701366175,0.0,-252848.09701366175,0.0,10.0,0.0,-0.0,0.1,0.274636521,27.4636521,0.0,0.0,100.0,1.0,0.11,-11.0,-460.3511852664957,460.3511852664957,0.0,-460.3511852664957,460.3511852664957,0.0,-24464.107330833183,24464.107330833183,0.0,0.0,0.0,0.0,0.0,0.0,0.0,0.0,0.0,-252859.09701366175,-252859.09701366175,25384.809701366175,25384.809701366175,25284.809701366175,0.0,100.0,0.0,0.0,25384.809701366175,25384.809701366175,1,0.0,100.0
6342,36224.642639419515,0.0,-362246.4263941952,0.0,10.0,0.0,-0.0,0.1,0.2418221519999999,24.18221519999999,0.0,0.0,100.0,1.0,0.11,-11.0,-714.7892266306557,714.7892266306557,0.0,-714.7892266306557,714.7892266306557,0.0,-37524.12074273854,37524.12074273854,0.0,0.0,1495.782421875,1495.782421875,0.0,0.0,1133.2741347053322,1133.2741347053322,0.0,-362257.4263941952,-362257.4263941952,38953.69919599985,38953.69919599985,38853.69919599985,0.0,100.0,0.0,0.0,38953.69919599985,36324.642639419515,1,0.0,100.0
6343,74497.43313494576,0.0,-744974.3313494576,0.0,10.0,0.0,-0.0,0.1,0.221499796,22.149979599999998,0.0,0.0,100.0,1.0,0.11,-11.0,-1150.988489059774,1150.988489059774,0.0,-1150.988489059774,1150.988489059774,0.0,-79407.12540251618,79407.12540251618,0.0,0.0,3103.7485253906248,3103.7485253906248,0.0,0.0,4007.9207202993457,4007.9207202993457,0.0,-744985.3313494576,-744985.3313494576,81709.10238063574,81709.10238063573,81609.10238063574,0.0,100.0,0.0,0.0,81709.10238063573,74597.43313494575,1,0.0,100.0
6344,70161.36689672995,0.0,-701613.6689672994,0.0,10.0,0.0,-0.0,0.1,0.217200475,21.7200475,0.0,0.0,100.0,1.0,0.11,-11.0,-1286.9316489179691,1286.9316489179691,0.0,-1286.9316489179691,1286.9316489179691,0.0,-82637.66873268034,82637.66873268034,0.0,0.0,5497.000400390625,5497.000400390625,0.0,0.0,9453.1647333957,9453.1647333957,0.0,-701624.6689672994,-701624.6689672994,85211.53203051627,85211.53203051627,85111.53203051627,0.0,100.0,0.0,0.0,85211.53203051627,70261.36689672995,1,0.0,100.0
6345,61491.31339523375,0.0,-614913.1339523375,0.0,10.0,0.0,-0.0,0.1,0.217085415,21.7085415,0.0,0.0,100.0,1.0,0.11,-11.0,-1410.319653557609,1410.319653557609,0.0,-1410.319653557609,1410.319653557609,0.0,-83886.05771823613,83886.05771823613,0.0,0.0,7591.095791015625,7591.095791015625,0.0,0.0,17524.287839101966,17524.287839101966,0.0,-614924.1339523375,-614924.1339523375,86706.69702535134,86706.69702535134,86606.69702535134,0.0,100.0,0.0,0.0,86706.69702535134,61591.31339523375,1,0.0,100.0
6346,60177.98374749796,0.0,-601779.8374749796,0.0,10.0,0.0,-0.0,0.1,0.217231183,21.7231183,0.0,0.0,100.0,1.0,0.11,-11.0,-1487.4232151430556,1487.4232151430556,0.0,-1487.4232151430556,1487.4232151430556,0.0,-85792.32287031713,85792.32287031713,0.0,0.0,7703.27947265625,7703.27947265625,0.0,0.0,20785.906080449025,20785.906080449025,0.0,-601790.8374749796,-601790.8374749796,88767.16930060323,88767.16930060324,88667.16930060323,0.0,100.0,0.0,0.0,88767.16930060324,60277.98374749797,1,0.0,100.0
6347,55446.54713587665,0.0,-554465.4713587665,0.0,10.0,0.0,-0.0,0.1,0.2206715889999999,22.06715889999999,0.0,0.0,100.0,1.0,0.11,-11.0,-1508.9600703682274,1508.9600703682274,0.0,-1508.9600703682274,1508.9600703682274,0.0,-83375.38507244484,83375.38507244484,0.0,0.0,8264.197880859374,8264.197880859374,0.0,0.0,22582.56019644528,22582.56019644528,0.0,-554476.4713587665,-554476.4713587665,86393.3052131813,86393.3052131813,86293.3052131813,0.0,100.0,0.0,0.0,86393.3052131813,55546.54713587665,1,0.0,100.0
6348,61282.763898444835,0.0,-612827.6389844484,0.0,10.0,0.0,-0.0,0.1,0.226128,22.6128,0.0,0.0,100.0,1.0,0.11,-11.0,-1512.9936478976024,1512.9936478976024,0.0,-1512.9936478976024,1512.9936478976024,0.0,-86815.04900090992,86815.04900090992,0.0,0.0,8114.619638671875,8114.619638671875,0.0,0.0,20343.652759588404,20343.652759588404,0.0,-612838.6389844484,-612838.6389844484,89841.0362967051,89841.03629670512,89741.0362967051,0.0,100.0,0.0,0.0,89841.03629670512,61382.76389844484,1,0.0,100.0
6349,62689.563929095406,0.0,-626895.6392909541,0.0,10.0,0.0,-0.0,0.1,0.240506812,24.0506812,0.0,0.0,100.0,1.0,0.11,-11.0,-1529.0,1529.0,0.0,-1529.0,1529.0,0.0,-86869.55777047572,86869.55777047572,0.0,0.0,8563.354365234374,8563.354365234374,0.0,0.0,18574.63947614593,18574.63947614593,0.0,-626906.6392909541,-626906.6392909541,89927.55777047572,89927.55777047572,89827.55777047572,0.0,100.0,0.0,0.0,89927.55777047572,62789.56392909541,1,0.0,100.0
6350,67354.05093122191,0.0,-673540.5093122191,0.0,10.0,0.0,-0.0,0.1,0.261439296,26.1439296,0.0,0.0,100.0,1.0,0.08,-8.0,-1525.606327192611,1525.606327192611,0.0,-1525.606327192611,1525.606327192611,0.0,-86866.41719153684,86866.41719153684,0.0,0.0,5796.156884765624,5796.156884765624,0.0,0.0,16667.42202993452,16667.42202993452,0.0,-673548.5093122191,-673548.5093122191,89917.62984592206,89917.62984592206,89817.62984592206,0.0,100.0,0.0,0.0,89917.62984592206,67454.05093122191,0,0.0,100.0
6351,76167.16072145675,0.0,-761671.6072145675,0.0,10.0,0.0,-0.0,0.1,0.276780992,27.678099200000002,0.0,0.0,100.0,1.0,0.08,-8.0,-1507.5417181945609,1507.5417181945609,0.0,-1507.5417181945609,1507.5417181945609,0.0,-89137.20129084661,89137.20129084661,0.0,0.0,4524.741826171875,4524.741826171875,0.0,0.0,11360.382179607112,11360.382179607112,0.0,-761679.6072145675,-761679.6072145675,92152.28472723573,92152.28472723573,92052.28472723573,0.0,100.0,0.0,0.0,92152.28472723573,76267.16072145675,0,0.0,100.0
6352,75653.90804166297,0.0,-756539.0804166298,0.0,10.0,0.0,-0.0,0.1,0.312327358,31.2327358,0.0,0.0,100.0,1.0,0.08,-8.0,-1281.4721286979734,1281.4721286979734,0.0,-1281.4721286979734,1281.4721286979734,0.0,-81022.97826666149,81022.97826666149,0.0,0.0,1944.5171484375,1944.5171484375,0.0,0.0,5887.49733395697,5887.49733395697,0.0,-756547.0804166298,-756547.0804166298,83585.92252405745,83585.92252405745,83485.92252405745,0.0,100.0,0.0,0.0,83585.92252405745,75753.90804166297,0,0.0,100.0
6353,70027.94399990435,0.0,-700279.4399990435,0.0,10.0,0.0,-0.0,0.1,0.337500365,33.7500365,0.0,0.0,100.0,1.0,0.11,-11.0,-1233.296456941896,1233.296456941896,0.0,-1233.296456941896,1233.296456941896,0.0,-69641.70568245999,69641.70568245999,0.0,0.0,598.31296875,598.31296875,0.0,0.0,1382.0416276894296,1382.0416276894296,0.0,-700290.4399990435,-700290.4399990435,72108.29859634378,72108.29859634378,72008.29859634378,0.0,100.0,0.0,0.0,72108.29859634378,70127.94399990435,1,0.0,100.0
6354,71412.55959738833,0.0,-714125.5959738833,0.0,10.0,0.0,-0.0,0.1,0.34934266,34.934266,0.0,0.0,100.0,1.0,0.11,-11.0,-1157.4312450378122,1157.4312450378122,0.0,-1157.4312450378122,1157.4312450378122,0.0,-69197.6971073127,69197.6971073127,0.0,0.0,0.0,0.0,0.0,0.0,0.0,0.0,0.0,-714136.5959738833,-714136.5959738833,71512.55959738833,71512.55959738833,71412.55959738833,0.0,100.0,0.0,0.0,71512.55959738833,71512.55959738833,1,0.0,100.0
6355,62293.85932898715,0.0,-622938.5932898715,0.0,10.0,0.0,-0.0,0.1,0.343660229,34.3660229,0.0,0.0,100.0,1.0,0.11,-11.0,-1089.257564090547,1089.257564090547,0.0,-1089.257564090547,1089.257564090547,0.0,-60215.34420080605,60215.34420080605,0.0,0.0,0.0,0.0,0.0,0.0,0.0,0.0,0.0,-622949.5932898715,-622949.5932898715,62393.85932898715,62393.85932898715,62293.85932898715,0.0,100.0,0.0,0.0,62393.85932898715,62393.85932898715,1,0.0,100.0
6356,54056.74304871158,0.0,-540567.4304871158,0.0,10.0,0.0,-0.0,0.1,0.344783829,34.4783829,0.0,0.0,100.0,1.0,0.11,-11.0,-234.2387997901171,234.2387997901171,0.0,-234.2387997901171,234.2387997901171,0.0,-53688.265449131344,53688.265449131344,0.0,0.0,0.0,0.0,0.0,0.0,0.0,0.0,0.0,-540578.4304871158,-540578.4304871158,54156.74304871158,54156.74304871158,54056.74304871158,0.0,100.0,0.0,0.0,54156.74304871158,54156.74304871158,1,0.0,100.0
6357,21596.133196136278,0.0,-215961.33196136277,0.0,10.0,0.0,-0.0,0.1,0.35244595,35.244595000000004,0.0,0.0,100.0,1.0,0.11,-11.0,-287.0674526234099,287.0674526234099,0.0,-287.0674526234099,287.0674526234099,0.0,-21121.998290889456,21121.998290889456,0.0,0.0,0.0,0.0,0.0,0.0,0.0,0.0,0.0,-215972.33196136277,-215972.33196136277,21696.133196136278,21696.133196136278,21596.133196136278,0.0,100.0,0.0,0.0,21696.133196136278,21696.133196136278,1,0.0,100.0
6358,18511.608398594482,0.0,-185116.08398594483,0.0,10.0,0.0,-0.0,0.1,0.364862077,36.4862077,0.0,0.0,100.0,1.0,0.11,-11.0,-237.0942353625421,237.0942353625421,0.0,-237.0942353625421,237.0942353625421,0.0,-18137.4199278694,18137.4199278694,0.0,0.0,0.0,0.0,0.0,0.0,0.0,0.0,0.0,-185127.08398594483,-185127.08398594483,18611.608398594482,18611.608398594482,18511.608398594482,0.0,100.0,0.0,0.0,18611.608398594482,18611.608398594482,1,0.0,100.0
6359,17766.722587672943,0.0,-177667.2258767294,0.0,10.0,0.0,-0.0,0.1,0.374673021,37.4673021,0.0,0.0,100.0,1.0,0.11,-11.0,-234.12651214851783,234.12651214851783,0.0,-234.12651214851783,234.12651214851783,0.0,-17398.469563375907,17398.469563375907,0.0,0.0,0.0,0.0,0.0,0.0,0.0,0.0,0.0,-177678.2258767294,-177678.2258767294,17866.722587672943,17866.722587672943,17766.722587672943,0.0,100.0,0.0,0.0,17866.722587672943,17866.722587672943,1,0.0,100.0
6360,14753.338420155495,0.0,-147533.38420155493,0.0,10.0,0.0,-0.0,0.1,0.3697001239999999,36.97001239999999,0.0,0.0,100.0,1.0,0.08,-8.0,-234.11197777928808,234.11197777928808,0.0,-234.11197777928808,234.11197777928808,0.0,-14385.114464596918,14385.114464596918,0.0,0.0,0.0,0.0,0.0,0.0,0.0,0.0,0.0,-147541.38420155493,-147541.38420155493,14853.338420155495,14853.338420155495,14753.338420155495,0.0,100.0,0.0,0.0,14853.338420155495,14853.338420155495,1,0.0,100.0
6361,14753.292811382926,0.0,-147532.92811382926,0.0,10.0,0.0,-0.0,0.1,0.3655627389999999,36.556273899999994,0.0,0.0,100.0,1.0,0.08,-8.0,-234.08917037002027,234.08917037002027,0.0,-234.08917037002027,234.08917037002027,0.0,-14385.114470642886,14385.114470642886,0.0,0.0,0.0,0.0,0.0,0.0,0.0,0.0,0.0,-147540.92811382926,-147540.92811382926,14853.292811382926,14853.292811382926,14753.292811382926,0.0,100.0,0.0,0.0,14853.292811382926,14853.292811382926,1,0.0,100.0
6362,14752.91080892035,0.0,-147529.10808920348,0.0,10.0,0.0,-0.0,0.1,0.360215036,36.021503599999996,0.0,0.0,100.0,1.0,0.08,-8.0,-233.898169138732,233.898169138732,0.0,-233.898169138732,233.898169138732,0.0,-14385.114470642886,14385.114470642886,0.0,0.0,0.0,0.0,0.0,0.0,0.0,0.0,0.0,-147537.10808920348,-147537.10808920348,14852.91080892035,14852.91080892035,14752.91080892035,0.0,100.0,0.0,0.0,14852.91080892035,14852.91080892035,1,0.0,100.0
6363,15494.079711537306,0.0,-154940.79711537308,0.0,10.0,0.0,-0.0,0.1,0.343649084,34.3649084,0.0,0.0,100.0,1.0,0.08,-8.0,-235.0074351774792,235.0074351774792,0.0,-235.0074351774792,235.0074351774792,0.0,-15124.064841182348,15124.064841182348,0.0,0.0,0.0,0.0,0.0,0.0,0.0,0.0,0.0,-154948.79711537308,-154948.79711537308,15594.079711537306,15594.079711537306,15494.079711537306,0.0,100.0,0.0,0.0,15594.079711537306,15594.079711537306,1,0.0,100.0
6364,16971.763906817087,0.0,-169717.63906817086,0.0,10.0,0.0,-0.0,0.1,0.317001986,31.7001986,0.0,0.0,100.0,1.0,0.08,-8.0,-234.85841848838004,234.85841848838004,0.0,-234.85841848838004,234.85841848838004,0.0,-16602.047069840326,16602.047069840326,0.0,0.0,0.0,0.0,0.0,0.0,0.0,0.0,0.0,-169725.63906817086,-169725.63906817086,17071.763906817087,17071.763906817087,16971.763906817087,0.0,100.0,0.0,0.0,17071.763906817087,17071.763906817087,1,0.0,100.0
6365,24803.04986416468,0.0,-248030.49864164682,0.0,10.0,0.0,-0.0,0.1,0.286577316,28.6577316,0.0,0.0,100.0,1.0,0.11,-11.0,-234.84986159371968,234.84986159371968,0.0,-234.84986159371968,234.84986159371968,0.0,-24433.35014097724,24433.35014097724,0.0,0.0,0.0,0.0,0.0,0.0,0.0,0.0,0.0,-248041.49864164682,-248041.49864164682,24903.04986416468,24903.04986416468,24803.04986416468,0.0,100.0,0.0,0.0,24903.04986416468,24903.04986416468,1,0.0,100.0
6366,22841.719011658086,0.0,-228417.19011658087,0.0,10.0,0.0,-0.0,0.1,0.258153928,25.815392799999998,0.0,0.0,100.0,1.0,0.11,-11.0,-204.53024635929367,204.53024635929367,0.0,-204.53024635929367,204.53024635929367,0.0,-24950.34214308261,24950.34214308261,0.0,0.0,1533.176982421875,1533.176982421875,0.0,0.0,884.5066417212349,884.5066417212349,0.0,-228428.19011658087,-228428.19011658087,25359.402635801198,25359.402635801198,25259.402635801198,0.0,100.0,0.0,0.0,25359.402635801198,22941.71901165809,1,0.0,100.0
6367,38083.30435063665,0.0,-380833.04350636655,0.0,10.0,0.0,-0.0,0.1,0.243428706,24.342870599999998,0.0,0.0,100.0,1.0,0.11,-11.0,-198.67287120779943,198.67287120779943,0.0,-198.67287120779943,198.67287120779943,0.0,-44687.812034018745,44687.812034018745,0.0,0.0,4524.741826171875,4524.741826171875,0.0,0.0,2377.111599625819,2377.111599625819,0.0,-380844.04350636655,-380844.04350636655,45085.157776434346,45085.157776434346,44985.157776434346,0.0,100.0,0.0,0.0,45085.157776434346,38183.30435063665,1,0.0,100.0
6368,38184.83020311773,0.0,-381848.3020311773,0.0,10.0,0.0,-0.0,0.1,0.238369015,23.8369015,0.0,0.0,100.0,1.0,0.11,-11.0,-235.65337971828384,235.65337971828384,0.0,-235.65337971828384,235.65337971828384,0.0,-50378.34874295326,50378.34874295326,0.0,0.0,7478.912109375,7478.912109375,0.0,0.0,5085.913189897101,5085.913189897101,0.0,-381859.3020311773,-381859.3020311773,50849.65550238983,50849.65550238983,50749.65550238983,0.0,100.0,0.0,0.0,50849.65550238983,38284.83020311773,1,0.0,100.0
6369,37143.64910370159,0.0,-371436.49103701586,0.0,10.0,0.0,-0.0,0.1,0.244474818,24.447481800000002,0.0,0.0,100.0,1.0,0.11,-11.0,-336.9858127609156,336.9858127609156,0.0,-336.9858127609156,336.9858127609156,0.0,-52348.846252497904,52348.846252497904,0.0,0.0,9946.95310546875,9946.95310546875,0.0,0.0,5832.215668849392,5832.215668849392,0.0,-371447.49103701586,-371447.49103701586,53022.817878019734,53022.817878019734,52922.817878019734,0.0,100.0,0.0,0.0,53022.817878019734,37243.649103701595,1,0.0,100.0
6370,32609.738557647222,0.0,-326097.3855764722,0.0,10.0,0.0,-0.0,0.1,0.2673426789999999,26.734267899999992,0.0,0.0,100.0,1.0,0.11,-11.0,-367.64564165156673,367.64564165156673,0.0,-367.64564165156673,367.64564165156673,0.0,-58070.06475804673,58070.06475804673,0.0,0.0,11667.102890625,11667.102890625,0.0,0.0,14428.514593077643,14428.514593077643,0.0,-326108.3855764722,-326108.3855764722,58805.35604134986,58805.35604134986,58705.35604134986,0.0,100.0,0.0,0.0,58805.35604134986,32709.738557647222,1,0.0,100.0
6371,28133.729795898784,0.0,-281337.2979589878,0.0,10.0,0.0,-0.0,0.1,0.313409946,31.3409946,0.0,0.0,100.0,1.0,0.11,-11.0,-360.21225099203286,360.21225099203286,0.0,-360.21225099203286,360.21225099203286,0.0,-59590.68506921399,59590.68506921399,0.0,0.0,12452.388662109375,12452.388662109375,0.0,0.0,19624.9911131899,19624.9911131899,0.0,-281348.2979589878,-281348.2979589878,60311.10957119806,60311.10957119806,60211.10957119806,0.0,100.0,0.0,0.0,60311.10957119806,28233.729795898784,1,0.0,100.0
6372,33870.27984754718,0.0,-338702.7984754718,0.0,10.0,0.0,-0.0,0.1,0.328126313,32.8126313,0.0,0.0,100.0,1.0,0.11,-11.0,-386.9960197017187,386.9960197017187,0.0,-386.9960197017187,386.9960197017187,0.0,-60875.5345045397,60875.5345045397,0.0,0.0,12228.021298828126,12228.021298828126,0.0,0.0,15451.225397567823,15451.225397567823,0.0,-338713.7984754718,-338713.7984754718,61649.526543943124,61649.52654394313,61549.526543943124,0.0,100.0,0.0,0.0,61649.52654394313,33970.27984754718,1,0.0,100.0
6373,19720.46586110291,0.0,-197204.65861102912,0.0,10.0,0.0,-0.0,0.1,0.327139646,32.7139646,0.0,0.0,100.0,1.0,0.11,-11.0,-385.866555004881,385.866555004881,0.0,-385.866555004881,385.866555004881,0.0,-46950.7896982254,46950.7896982254,0.0,0.0,11068.789921875,11068.789921875,0.0,0.0,16833.267025257253,16833.267025257253,0.0,-197215.65861102912,-197215.65861102912,47722.52280823517,47722.52280823517,47622.52280823517,0.0,100.0,0.0,0.0,47722.52280823517,19820.465861102915,1,0.0,100.0
6374,27187.85750171823,0.0,-271878.5750171823,0.0,10.0,0.0,-0.0,0.1,0.3324509439999999,33.24509439999999,0.0,0.0,100.0,1.0,0.08,-8.0,-394.69219815034967,394.69219815034967,0.0,-394.69219815034967,394.69219815034967,0.0,-48280.62683706474,48280.62683706474,0.0,0.0,9012.089091796875,9012.089091796875,0.0,0.0,12770.064639850329,12770.064639850329,0.0,-271886.5750171823,-271886.5750171823,49070.01123336543,49070.01123336544,48970.01123336543,0.0,100.0,0.0,0.0,49070.01123336544,27287.857501718237,1,0.0,100.0
6375,38580.16730656944,0.0,-385801.6730656944,0.0,10.0,0.0,-0.0,0.1,0.347042846,34.7042846,0.0,0.0,100.0,1.0,0.08,-8.0,-382.7954988755434,382.7954988755434,0.0,-382.7954988755434,382.7954988755434,0.0,-51134.71145169429,51134.71145169429,0.0,0.0,6282.286171875,6282.286171875,0.0,0.0,6937.848971000936,6937.848971000936,0.0,-385809.6730656944,-385809.6730656944,51900.30244944538,51900.30244944538,51800.30244944538,0.0,100.0,0.0,0.0,51900.30244944538,38680.16730656944,1,0.0,100.0
6376,42897.830180479876,0.0,-428978.3018047988,0.0,10.0,0.0,-0.0,0.1,0.366564002,36.6564002,0.0,0.0,100.0,1.0,0.08,-8.0,-383.72275644346456,383.72275644346456,0.0,-383.72275644346456,383.72275644346456,0.0,-48338.850564778906,48338.850564778906,0.0,0.0,3178.537646484375,3178.537646484375,0.0,0.0,2929.9282507015905,2929.9282507015905,0.0,-428986.3018047988,-428986.3018047988,49106.296077665844,49106.29607766584,49006.296077665844,0.0,100.0,0.0,0.0,49106.29607766584,42997.83018047987,1,0.0,100.0
6377,18403.854120498156,0.0,-184038.54120498156,0.0,10.0,0.0,-0.0,0.1,0.37130684,37.130684,0.0,0.0,100.0,1.0,0.11,-11.0,-356.7936937495138,356.7936937495138,0.0,-356.7936937495138,356.7936937495138,0.0,-19486.079627333056,19486.079627333056,0.0,0.0,673.10208984375,673.10208984375,0.0,0.0,1022.710804490178,1022.710804490178,0.0,-184049.54120498156,-184049.54120498156,20199.667014832085,20199.667014832085,20099.667014832085,0.0,100.0,0.0,0.0,20199.667014832085,18503.854120498156,1,0.0,100.0
6378,20213.453691148323,0.0,-202134.5369114832,0.0,10.0,0.0,-0.0,0.1,0.39441928,39.441928,0.0,0.0,100.0,1.0,0.11,-11.0,-377.8161518459131,377.8161518459131,0.0,-377.8161518459131,377.8161518459131,0.0,-19557.821387456497,19557.821387456497,0.0,0.0,0.0,0.0,0.0,0.0,0.0,0.0,0.0,-202145.5369114832,-202145.5369114832,20313.453691148323,20313.453691148323,20213.453691148323,0.0,100.0,0.0,0.0,20313.453691148323,20313.453691148323,1,0.0,100.0
6379,20121.291323415688,0.0,-201212.91323415688,0.0,10.0,0.0,-0.0,0.1,0.398403881,39.8403881,0.0,0.0,100.0,1.0,0.11,-11.0,-331.7349589106379,331.7349589106379,0.0,-331.7349589106379,331.7349589106379,0.0,-19557.82140559441,19557.82140559441,0.0,0.0,0.0,0.0,0.0,0.0,0.0,0.0,0.0,-201223.91323415688,-201223.91323415688,20221.291323415688,20221.291323415688,20121.291323415688,0.0,100.0,0.0,0.0,20221.291323415688,20221.291323415688,1,0.0,100.0
6380,18642.457433786123,0.0,-186424.57433786124,0.0,10.0,0.0,-0.0,0.1,0.3911210579999999,39.11210579999999,0.0,0.0,100.0,1.0,0.11,-11.0,-331.24125032349326,331.24125032349326,0.0,-331.24125032349326,331.24125032349326,0.0,-18079.974933139136,18079.974933139136,0.0,0.0,0.0,0.0,0.0,0.0,0.0,0.0,0.0,-186435.57433786124,-186435.57433786124,18742.457433786123,18742.457433786123,18642.457433786123,0.0,100.0,0.0,0.0,18742.457433786123,18742.457433786123,1,0.0,100.0
6381,17055.123840886587,0.0,-170551.23840886587,0.0,10.0,0.0,-0.0,0.1,0.388396292,38.8396292,0.0,0.0,100.0,1.0,0.11,-11.0,-276.5791293126565,276.5791293126565,0.0,-276.5791293126565,276.5791293126565,0.0,-16601.965582261273,16601.965582261273,0.0,0.0,0.0,0.0,0.0,0.0,0.0,0.0,0.0,-170562.23840886587,-170562.23840886587,17155.123840886587,17155.123840886587,17055.123840886587,0.0,100.0,0.0,0.0,17155.123840886587,17155.123840886587,1,0.0,100.0
6382,15508.447118934324,0.0,-155084.47118934325,0.0,10.0,0.0,-0.0,0.1,0.3917207579999999,39.17207579999999,0.0,0.0,100.0,1.0,0.11,-11.0,-242.1911388759881,242.1911388759881,0.0,-242.1911388759881,242.1911388759881,0.0,-15124.064841182348,15124.064841182348,0.0,0.0,0.0,0.0,0.0,0.0,0.0,0.0,0.0,-155095.47118934325,-155095.47118934325,15608.447118934324,15608.447118934324,15508.447118934324,0.0,100.0,0.0,0.0,15608.447118934324,15608.447118934324,1,0.0,100.0
6383,14753.362588321977,0.0,-147533.62588321976,0.0,10.0,0.0,-0.0,0.1,0.404890205,40.4890205,0.0,0.0,100.0,1.0,0.11,-11.0,-234.12405883954585,234.12405883954585,0.0,-234.12405883954585,234.12405883954585,0.0,-14385.114470642886,14385.114470642886,0.0,0.0,0.0,0.0,0.0,0.0,0.0,0.0,0.0,-147544.62588321976,-147544.62588321976,14853.362588321977,14853.362588321977,14753.362588321977,0.0,100.0,0.0,0.0,14853.362588321977,14853.362588321977,1,0.0,100.0
6384,14753.307795671668,0.0,-147533.07795671668,0.0,10.0,0.0,-0.0,0.1,0.406678582,40.6678582,0.0,0.0,100.0,1.0,0.08,-8.0,-234.11018130254783,234.11018130254783,0.0,-234.11018130254783,234.11018130254783,0.0,-14385.087433066572,14385.087433066572,0.0,0.0,0.0,0.0,0.0,0.0,0.0,0.0,0.0,-147541.07795671668,-147541.07795671668,14853.307795671668,14853.307795671668,14753.307795671668,0.0,100.0,0.0,0.0,14853.307795671668,14853.307795671668,1,0.0,100.0
6385,14753.220450228278,0.0,-147532.20450228278,0.0,10.0,0.0,-0.0,0.1,0.411789206,41.178920600000005,0.0,0.0,100.0,1.0,0.08,-8.0,-234.06651764980583,234.06651764980583,0.0,-234.06651764980583,234.06651764980583,0.0,-14385.087414928666,14385.087414928666,0.0,0.0,0.0,0.0,0.0,0.0,0.0,0.0,0.0,-147540.20450228278,-147540.20450228278,14853.220450228278,14853.220450228278,14753.220450228278,0.0,100.0,0.0,0.0,14853.220450228278,14853.220450228278,1,0.0,100.0
6386,14753.121781876891,0.0,-147531.2178187689,0.0,10.0,0.0,-0.0,0.1,0.4182668,41.826679999999996,0.0,0.0,100.0,1.0,0.08,-8.0,-234.01719556605204,234.01719556605204,0.0,-234.01719556605204,234.01719556605204,0.0,-14385.087390744788,14385.087390744788,0.0,0.0,0.0,0.0,0.0,0.0,0.0,0.0,0.0,-147539.2178187689,-147539.2178187689,14853.121781876891,14853.121781876891,14753.121781876891,0.0,100.0,0.0,0.0,14853.121781876891,14853.121781876891,1,0.0,100.0
6387,15494.391139677278,0.0,-154943.91139677278,0.0,10.0,0.0,-0.0,0.1,0.38699415,38.699414999999995,0.0,0.0,100.0,1.0,0.08,-8.0,-235.17667408158985,235.17667408158985,0.0,-235.17667408158985,235.17667408158985,0.0,-15124.037791514098,15124.037791514098,0.0,0.0,0.0,0.0,0.0,0.0,0.0,0.0,0.0,-154951.91139677278,-154951.91139677278,15594.391139677278,15594.391139677278,15494.391139677278,0.0,100.0,0.0,0.0,15594.391139677278,15594.391139677278,1,0.0,100.0
6388,16972.165500513525,0.0,-169721.65500513525,0.0,10.0,0.0,-0.0,0.1,0.353167075,35.3167075,0.0,0.0,100.0,1.0,0.08,-8.0,-235.0726978489392,235.0726978489392,0.0,-235.0726978489392,235.0726978489392,0.0,-16602.02010481565,16602.02010481565,0.0,0.0,0.0,0.0,0.0,0.0,0.0,0.0,0.0,-169729.65500513525,-169729.65500513525,17072.165500513525,17072.165500513525,16972.165500513525,0.0,100.0,0.0,0.0,17072.165500513525,17072.165500513525,1,0.0,100.0
6389,18377.699515911372,0.0,-183776.99515911372,0.0,10.0,0.0,-0.0,0.1,0.337906332,33.790633199999995,0.0,0.0,100.0,1.0,0.11,-11.0,-234.80099211247887,234.80099211247887,0.0,-234.80099211247887,234.80099211247887,0.0,-18008.097531686413,18008.097531686413,0.0,0.0,0.0,0.0,0.0,0.0,0.0,0.0,0.0,-183787.99515911372,-183787.99515911372,18477.699515911372,18477.699515911372,18377.699515911372,0.0,100.0,0.0,0.0,18477.699515911372,18477.699515911372,1,0.0,100.0
6390,13779.067703332543,0.0,-137790.67703332542,0.0,10.0,0.0,-0.0,0.1,0.323698042,32.369804200000004,0.0,0.0,100.0,1.0,0.11,-11.0,-204.49729629381943,204.49729629381943,0.0,-204.49729629381943,204.49729629381943,0.0,-17936.355807838787,17936.355807838787,0.0,0.0,3028.9594042968747,3028.9594042968747,0.0,0.0,1437.3232927970068,1437.3232927970068,0.0,-137801.67703332542,-137801.67703332542,18345.350400426425,18345.350400426425,18245.350400426425,0.0,100.0,0.0,0.0,18345.350400426425,13879.067703332545,1,0.0,100.0
6391,1332.617035344715,0.0,-13326.17035344715,0.0,10.0,0.0,-0.0,0.1,0.308357459,30.8357459,0.0,0.0,100.0,1.0,0.11,-11.0,-198.64922185827385,198.64922185827385,0.0,-198.64922185827385,198.64922185827385,0.0,-17936.355801792823,17936.355801792823,0.0,0.0,10433.082392578124,10433.082392578124,0.0,0.0,6467.95481758653,6467.95481758653,0.0,-13337.17035344715,-13337.17035344715,18333.65424550937,18333.65424550937,18233.65424550937,0.0,100.0,0.0,0.0,18333.65424550937,1432.617035344716,1,0.0,100.0
6392,0.0,0.0,-0.0,55.55555555555556,10.0,0.0,-0.0,0.1,0.286714227,0.0,0.0,100.0,0.0,1.0,0.11,0.0,-211.5819920105607,211.5819920105607,0.0,-211.5819920105607,211.5819920105607,0.0,-15719.504665990557,15719.504665990557,0.0,0.0,14920.429658203124,14920.429658203124,0.0,10811.812608856659,12189.607156220767,1377.7945473641084,0.0,0.0,0.0,16298.224205567232,16298.224205567232,16298.224205567232,0.0,0.0,155.55555555555475,0.0,16142.668650011678,-10967.368164412212,1,-55.55555555555556,-100.0
6393,0.0,0.0,-0.0,44.44444444444444,60.0,0.0,-0.0,0.6,0.286299759,0.0,0.0,100.0,0.0,1.0,0.11,0.0,-294.6501769235116,294.6501769235116,0.0,-294.6501769235116,294.6501769235116,0.0,-12763.703177786734,12763.703177786734,0.0,8303.58082274992,21801.028798828123,13497.447976078203,0.0,17607.21033676333,17607.21033676333,0.0,0.0,0.0,0.0,13497.447976078203,13497.447976078203,13497.447976078203,0.0,0.0,144.44444444444525,0.0,13353.003531633758,-26055.2356039577,1,-44.44444444444444,-100.0
6394,0.0,0.0,-0.0,0.0,100.0,-0.0,-0.0,1.0,0.3107379819999999,0.0,0.0,100.0,0.0,1.0,0.11,0.0,-328.69631593307867,328.69631593307867,0.0,-328.69631593307867,328.69631593307867,0.0,-14061.050865773534,14061.050865773534,0.0,9076.680691813432,23895.124189453123,14818.443497639691,0.0,21504.567726847523,21504.567726847523,0.0,0.0,0.0,0.0,14818.443497639691,14818.443497639691,14818.443497639691,0.0,0.0,100.0,0.0,14718.443497639691,-30681.248418660954,1,-0.0,-100.0
6395,0.0,0.0,-0.0,0.0,100.0,-0.0,-0.0,1.0,0.36354661,0.0,0.0,100.0,0.0,1.0,0.11,0.0,-331.4923119124522,331.4923119124522,0.0,-331.4923119124522,331.4923119124522,0.0,-32624.57505794564,32624.57505794564,0.0,0.0,24755.19908203125,24755.19908203125,0.0,14641.220410550697,23273.581010289992,8632.360599739295,0.0,0.0,0.0,33387.559681770545,33387.559681770545,33387.559681770545,0.0,0.0,100.0,0.0,33287.559681770545,-14741.220410550697,1,-0.0,-100.0
6396,0.0,0.0,-0.0,0.0,100.0,-0.0,-0.0,1.0,0.371571795,0.0,0.0,100.0,0.0,1.0,0.11,0.0,-349.2376776002798,349.2376776002798,0.0,-349.2376776002798,349.2376776002798,0.0,-32544.881952918287,32544.881952918287,0.0,0.0,12452.388662109375,12452.388662109375,0.0,1442.8240574517185,22333.792703461186,20890.968646009467,0.0,0.0,0.0,33343.357308118844,33343.357308118844,33343.357308118844,0.0,0.0,100.0,0.0,33243.357308118844,-1542.8240574517185,1,-0.0,-100.0
6397,0.0,0.0,-0.0,0.0,100.0,-0.0,-0.0,1.0,0.370293317,0.0,0.0,100.0,0.0,1.0,0.11,0.0,-314.8461485207588,314.8461485207588,0.0,-314.8461485207588,314.8461485207588,0.0,-35461.65829102321,35461.65829102321,0.0,0.0,26325.770625,26325.770625,0.0,10478.072796523677,20343.652759588404,9865.579963064727,0.0,0.0,0.0,36191.35058806473,36191.35058806473,36191.35058806473,0.0,0.0,100.0,0.0,36091.35058806473,-10578.072796523673,1,-0.0,-100.0
6398,2512.269473952869,0.0,-25122.694739528688,0.0,100.0,45.0,-0.0,1.0,0.373425409,37.342540899999996,0.0,0.0,100.0,1.0,0.08,-8.0,-355.99130347007684,355.99130347007684,0.0,-355.99130347007684,355.99130347007684,0.0,-26652.476175644835,26652.476175644835,0.0,0.0,9311.245576171874,9311.245576171874,0.0,0.0,15395.943732460246,15395.943732460246,0.0,-25130.694739528688,-25130.694739528688,27364.45878258499,27364.45878258499,27219.45878258499,0.0,145.0,0.0,0.0,27364.45878258499,2657.269473952867,1,45.0,100.0
6399,10606.724759478278,0.0,-106067.24759478279,0.0,50.0,36.0,-0.0,0.5,0.3775510489999999,37.75510489999999,0.0,0.0,100.0,1.0,0.08,-8.0,-318.62747791203327,318.62747791203327,0.0,-318.62747791203327,318.62747791203327,0.0,-26536.897435366824,26536.897435366824,0.0,0.0,4711.71462890625,4711.71462890625,0.0,0.0,11719.713002806362,11719.713002806362,0.0,-106075.24759478279,-106075.24759478279,27174.15239119089,27174.15239119089,27038.15239119089,0.0,136.0,0.0,0.0,27174.15239119089,10742.724759478278,1,36.0,100.0
6400,12309.483683705776,0.0,-123094.83683705775,0.0,10.0,0.0,-0.0,0.1,0.382851826,38.2851826,0.0,0.0,100.0,1.0,0.08,-8.0,-339.59716407007915,339.59716407007915,0.0,-339.59716407007915,339.59716407007915,0.0,-17936.355771562972,17936.355771562972,0.0,0.0,2281.068193359375,2281.068193359375,0.0,0.0,3924.99822263798,3924.99822263798,0.0,-123102.83683705775,-123102.83683705775,18615.55009970313,18615.55009970313,18515.55009970313,0.0,100.0,0.0,0.0,18615.55009970313,12409.483683705776,1,0.0,100.0
6401,17652.27923048947,0.0,-176522.79230489468,0.0,10.0,0.0,-0.0,0.1,0.402204635,40.2204635,0.0,0.0,100.0,1.0,0.11,-11.0,-303.79337648607896,303.79337648607896,0.0,-303.79337648607896,303.79337648607896,0.0,-19485.99824858146,19485.99824858146,0.0,0.0,710.496650390625,710.496650390625,0.0,0.0,1630.8091206735269,1630.8091206735269,0.0,-176533.79230489468,-176533.79230489468,20093.58500155362,20093.58500155362,19993.58500155362,0.0,100.0,0.0,0.0,20093.58500155362,17752.27923048947,1,0.0,100.0
6402,20085.037592627727,0.0,-200850.37592627725,0.0,10.0,0.0,-0.0,0.1,0.403243467,40.3243467,0.0,0.0,100.0,1.0,0.11,-11.0,-313.6487859154382,313.6487859154382,0.0,-313.6487859154382,313.6487859154382,0.0,-19557.74002079685,19557.74002079685,0.0,0.0,0.0,0.0,0.0,0.0,0.0,0.0,0.0,-200861.37592627725,-200861.37592627725,20185.037592627727,20185.037592627727,20085.037592627727,0.0,100.0,0.0,0.0,20185.037592627727,20185.037592627727,1,0.0,100.0
6403,20052.307613922545,0.0,-200523.07613922545,0.0,10.0,0.0,-0.0,0.1,0.39379155,39.379155,0.0,0.0,100.0,1.0,0.11,-11.0,-297.2837935398667,297.2837935398667,0.0,-297.2837935398667,297.2837935398667,0.0,-19557.74002684281,19557.74002684281,0.0,0.0,0.0,0.0,0.0,0.0,0.0,0.0,0.0,-200534.07613922545,-200534.07613922545,20152.307613922545,20152.307613922545,20052.307613922545,0.0,100.0,0.0,0.0,20152.307613922545,20152.307613922545,1,0.0,100.0
6404,18487.32266211033,0.0,-184873.2266211033,0.0,10.0,0.0,-0.0,0.1,0.395170316,39.5170316,0.0,0.0,100.0,1.0,0.11,-11.0,-253.70092019981684,253.70092019981684,0.0,-253.70092019981684,253.70092019981684,0.0,-18079.920821710697,18079.920821710697,0.0,0.0,0.0,0.0,0.0,0.0,0.0,0.0,0.0,-184884.2266211033,-184884.2266211033,18587.32266211033,18587.32266211033,18487.32266211033,0.0,100.0,0.0,0.0,18587.32266211033,18587.32266211033,1,0.0,100.0
6405,16970.184331274915,0.0,-169701.84331274914,0.0,10.0,0.0,-0.0,0.1,0.39044445,39.044445,0.0,0.0,100.0,1.0,0.11,-11.0,-234.1228932949767,234.1228932949767,0.0,-234.1228932949767,234.1228932949767,0.0,-16601.938544684963,16601.938544684963,0.0,0.0,0.0,0.0,0.0,0.0,0.0,0.0,0.0,-169712.84331274914,-169712.84331274914,17070.184331274915,17070.184331274915,16970.184331274915,0.0,100.0,0.0,0.0,17070.184331274915,17070.184331274915,1,0.0,100.0
6406,15497.80704862814,0.0,-154978.0704862814,0.0,10.0,0.0,-0.0,0.1,0.393289215,39.3289215,0.0,0.0,100.0,1.0,0.11,-11.0,-236.88462855702056,236.88462855702056,0.0,-236.88462855702056,236.88462855702056,0.0,-15124.037791514098,15124.037791514098,0.0,0.0,0.0,0.0,0.0,0.0,0.0,0.0,0.0,-154989.0704862814,-154989.0704862814,15597.80704862814,15597.80704862814,15497.80704862814,0.0,100.0,0.0,0.0,15597.80704862814,15597.80704862814,1,0.0,100.0
6407,14753.053740116377,0.0,-147530.53740116378,0.0,10.0,0.0,-0.0,0.1,0.399913341,39.991334099999996,0.0,0.0,100.0,1.0,0.11,-11.0,-233.98317468579413,233.98317468579413,0.0,-233.98317468579413,233.98317468579413,0.0,-14385.087390744788,14385.087390744788,0.0,0.0,0.0,0.0,0.0,0.0,0.0,0.0,0.0,-147541.53740116378,-147541.53740116378,14853.053740116377,14853.053740116377,14753.053740116377,0.0,100.0,0.0,0.0,14853.053740116377,14853.053740116377,1,0.0,100.0
6408,17766.368084201305,0.0,-177663.68084201304,0.0,10.0,0.0,-0.0,0.1,0.401246514,40.1246514,0.0,0.0,100.0,1.0,0.08,-8.0,-233.9490548497312,233.9490548497312,0.0,-233.9490548497312,233.9490548497312,0.0,-17398.469974501844,17398.469974501844,0.0,0.0,0.0,0.0,0.0,0.0,0.0,0.0,0.0,-177671.68084201304,-177671.68084201304,17866.368084201305,17866.368084201305,17766.368084201305,0.0,100.0,0.0,0.0,17866.368084201305,17866.368084201305,1,0.0,100.0
6409,17766.262103935605,0.0,-177662.62103935605,0.0,10.0,0.0,-0.0,0.1,0.417316774,41.7316774,0.0,0.0,100.0,1.0,0.08,-8.0,-233.89606169389725,233.89606169389725,0.0,-233.89606169389725,233.89606169389725,0.0,-17398.469980547812,17398.469980547812,0.0,0.0,0.0,0.0,0.0,0.0,0.0,0.0,0.0,-177670.62103935605,-177670.62103935605,17866.262103935605,17866.262103935605,17766.262103935605,0.0,100.0,0.0,0.0,17866.262103935605,17866.262103935605,1,0.0,100.0
6410,17766.160891352396,0.0,-177661.60891352396,0.0,10.0,0.0,-0.0,0.1,0.411210297,41.1210297,0.0,0.0,100.0,1.0,0.08,-8.0,-233.8454554022918,233.8454554022918,0.0,-233.8454554022918,233.8454554022918,0.0,-17398.469980547812,17398.469980547812,0.0,0.0,0.0,0.0,0.0,0.0,0.0,0.0,0.0,-177669.60891352396,-177669.60891352396,17866.160891352396,17866.160891352396,17766.160891352396,0.0,100.0,0.0,0.0,17866.160891352396,17866.160891352396,1,0.0,100.0
6411,18507.2640397196,0.0,-185072.640397196,0.0,10.0,0.0,-0.0,0.1,0.387354997,38.7354997,0.0,0.0,100.0,1.0,0.08,-8.0,-234.921841293176,234.921841293176,0.0,-234.921841293176,234.921841293176,0.0,-18137.420357133247,18137.420357133247,0.0,0.0,0.0,0.0,0.0,0.0,0.0,0.0,0.0,-185080.640397196,-185080.640397196,18607.2640397196,18607.2640397196,18507.2640397196,0.0,100.0,0.0,0.0,18607.2640397196,18607.2640397196,1,0.0,100.0
6412,21491.066146039775,0.0,-214910.66146039777,0.0,10.0,0.0,-0.0,0.1,0.367292725,36.7292725,0.0,0.0,100.0,1.0,0.08,-8.0,-234.49287846416533,234.49287846416533,0.0,-234.49287846416533,234.49287846416533,0.0,-21122.080389111445,21122.080389111445,0.0,0.0,0.0,0.0,0.0,0.0,0.0,0.0,0.0,-214918.66146039777,-214918.66146039777,21591.066146039775,21591.066146039775,21491.066146039775,0.0,100.0,0.0,0.0,21591.066146039775,21591.066146039775,1,0.0,100.0
6413,25093.334451153256,0.0,-250933.34451153257,0.0,10.0,0.0,-0.0,0.1,0.339246077,33.924607699999996,0.0,0.0,100.0,1.0,0.11,-11.0,-399.9050882022575,399.9050882022575,0.0,-399.9050882022575,399.9050882022575,0.0,-24393.524274748743,24393.524274748743,0.0,0.0,0.0,0.0,0.0,0.0,0.0,0.0,0.0,-250944.34451153257,-250944.34451153257,25193.334451153256,25193.334451153256,25093.334451153256,0.0,100.0,0.0,0.0,25193.334451153256,25193.334451153256,1,0.0,100.0
6414,29862.10245977641,0.0,-298621.02459776413,0.0,10.0,0.0,-0.0,0.1,0.3205411039999999,32.05411039999999,0.0,0.0,100.0,1.0,0.11,-11.0,-626.654408722267,626.654408722267,0.0,-626.654408722267,626.654408722267,0.0,-30980.13972713843,30980.13972713843,0.0,0.0,1607.966103515625,1607.966103515625,0.0,0.0,663.3799812909263,663.3799812909263,0.0,-298632.02459776413,-298632.02459776413,32233.448544582963,32233.448544582963,32133.448544582963,0.0,100.0,0.0,0.0,32233.448544582963,29962.10245977641,1,0.0,100.0
6415,60764.52698184361,0.0,-607645.2698184361,0.0,10.0,0.0,-0.0,0.1,0.287607516,28.7607516,0.0,0.0,100.0,1.0,0.11,-11.0,-927.7527185015044,927.7527185015044,0.0,-927.7527185015044,927.7527185015044,0.0,-64449.21478701897,64449.21478701897,0.0,0.0,3477.694130859375,3477.694130859375,0.0,0.0,1962.49911131899,1962.49911131899,0.0,-607656.2698184361,-607656.2698184361,66304.72022402198,66304.72022402198,66204.72022402198,0.0,100.0,0.0,0.0,66304.72022402198,60864.52698184361,1,0.0,100.0
6416,65468.388877454316,0.0,-654683.8887745432,0.0,10.0,0.0,-0.0,0.1,0.273856511,27.385651100000004,0.0,0.0,100.0,1.0,0.11,-11.0,-1020.0251602150552,1020.0251602150552,0.0,-1020.0251602150552,1020.0251602150552,0.0,-72615.37486711614,72615.37486711614,0.0,0.0,5908.34056640625,5908.34056640625,0.0,0.0,3178.695743685688,3178.695743685688,0.0,-654694.8887745432,-654694.8887745432,74655.42518754625,74655.42518754625,74555.42518754625,0.0,100.0,0.0,0.0,74655.42518754625,65568.38887745432,1,0.0,100.0
6417,64662.161659872705,0.0,-646621.6165987271,0.0,10.0,0.0,-0.0,0.1,0.274207366,27.4207366,0.0,0.0,100.0,1.0,0.11,-11.0,-1149.619442818935,1149.619442818935,0.0,-1149.619442818935,1149.619442818935,0.0,-75034.22947920882,75034.22947920882,0.0,0.0,7927.646835937499,7927.646835937499,0.0,0.0,4643.659869036484,4643.659869036484,0.0,-646632.6165987271,-646632.6165987271,77333.46836484669,77333.46836484669,77233.46836484669,0.0,100.0,0.0,0.0,77333.46836484669,64762.161659872705,1,0.0,100.0
6418,53649.07895572311,0.0,-536490.7895572311,0.0,10.0,0.0,-0.0,0.1,0.289268425,28.9268425,0.0,0.0,100.0,1.0,0.11,-11.0,-1273.2096281853294,1273.2096281853294,0.0,-1273.2096281853294,1273.2096281853294,0.0,-82642.0159662436,82642.0159662436,0.0,0.0,25690.063095703124,25690.063095703124,0.0,0.0,5749.293171188027,5749.293171188027,0.0,-536501.7895572311,-536501.7895572311,85188.43522261427,85188.43522261427,85088.43522261427,0.0,100.0,0.0,0.0,85188.43522261427,53749.07895572312,1,0.0,100.0
6419,39779.5684077611,0.0,-397795.684077611,0.0,10.0,0.0,-0.0,0.1,0.328613481,32.8613481,0.0,0.0,100.0,1.0,0.11,-11.0,-1330.680701565794,1330.680701565794,0.0,-1330.680701565794,1330.680701565794,0.0,-80120.65997973768,80120.65997973768,0.0,0.0,20043.484453125,20043.484453125,0.0,0.0,22858.968521983166,22858.968521983166,0.0,-397806.684077611,-397806.684077611,82782.02138286926,82782.02138286926,82682.02138286926,0.0,100.0,0.0,0.0,82782.02138286926,39879.5684077611,1,0.0,100.0
6420,49277.74459297439,0.0,-492777.44592974393,0.0,10.0,0.0,-0.0,0.1,0.344200322,34.4200322,0.0,0.0,100.0,1.0,0.11,-11.0,-1348.3442332714933,1348.3442332714933,0.0,-1348.3442332714933,1348.3442332714933,0.0,-83910.87835839287,83910.87835839287,0.0,0.0,15144.797021484375,15144.797021484375,0.0,0.0,22085.025210477084,22085.025210477084,0.0,-492788.44592974393,-492788.44592974393,86607.56682493584,86607.56682493586,86507.56682493584,0.0,100.0,0.0,0.0,86607.56682493586,49377.7445929744,1,0.0,100.0
6421,51177.150657753285,0.0,-511771.50657753285,0.0,10.0,0.0,-0.0,0.1,0.344436614,34.443661399999996,0.0,0.0,100.0,1.0,0.11,-11.0,-1393.7750818774773,1393.7750818774773,0.0,-1393.7750818774773,1393.7750818774773,0.0,-84636.5059632051,84636.5059632051,0.0,0.0,16079.66103515625,16079.66103515625,0.0,0.0,20067.24443405052,20067.24443405052,0.0,-511782.50657753285,-511782.50657753285,87424.05612696006,87424.05612696006,87324.05612696006,0.0,100.0,0.0,0.0,87424.05612696006,51277.150657753285,1,0.0,100.0
6422,64498.12730515939,0.0,-644981.2730515939,0.0,10.0,0.0,-0.0,0.1,0.347097494,34.7097494,0.0,0.0,100.0,1.0,0.08,-8.0,-1421.3081906804227,1421.3081906804227,0.0,-1421.3081906804227,1421.3081906804227,0.0,-85140.92780188628,85140.92780188628,0.0,0.0,7104.96650390625,7104.96650390625,0.0,0.0,16280.45037418148,16280.45037418148,0.0,-644989.2730515939,-644989.2730515939,87983.54418324711,87983.54418324713,87883.54418324711,0.0,100.0,0.0,0.0,87983.54418324713,64598.127305159396,0,0.0,100.0
6423,74232.60054478965,0.0,-742326.0054478964,0.0,10.0,0.0,-0.0,0.1,0.35184104,35.184104,0.0,0.0,100.0,1.0,0.08,-8.0,-1379.0697793608392,1379.0697793608392,0.0,-1379.0697793608392,1379.0697793608392,0.0,-87906.69936698399,87906.69936698399,0.0,0.0,4861.292871093749,4861.292871093749,0.0,0.0,11470.945509822266,11470.945509822266,0.0,-742334.0054478964,-742334.0054478964,90664.83892570567,90664.83892570567,90564.83892570567,0.0,100.0,0.0,0.0,90664.83892570567,74332.60054478966,0,0.0,100.0
6424,74398.2310455987,0.0,-743982.310455987,0.0,10.0,0.0,-0.0,0.1,0.358437605,35.8437605,0.0,0.0,100.0,1.0,0.08,-8.0,-1102.61967230891,1102.61967230891,0.0,-1102.61967230891,1102.61967230891,0.0,-80297.33258439998,80297.33258439998,0.0,0.0,2393.251875,2393.251875,0.0,0.0,5611.089008419084,5611.089008419084,0.0,-743990.310455987,-743990.310455987,82502.57192901778,82502.5719290178,82402.57192901778,0.0,100.0,0.0,0.0,82502.5719290178,74498.23104559872,0,0.0,100.0
6425,69153.58399304686,0.0,-691535.8399304687,0.0,10.0,0.0,-0.0,0.1,0.373509537,37.3509537,0.0,0.0,100.0,1.0,0.11,-11.0,-1027.1729250480428,1027.1729250480428,0.0,-1027.1729250480428,1027.1729250480428,0.0,-68901.56406242686,68901.56406242686,0.0,0.0,486.129287109375,486.129287109375,0.0,0.0,1216.196632366698,1216.196632366698,0.0,-691546.8399304687,-691546.8399304687,70955.90991252294,70955.90991252294,70855.90991252294,0.0,100.0,0.0,0.0,70955.90991252294,69253.58399304686,1,0.0,100.0
6426,70219.3183758559,0.0,-702193.183758559,0.0,10.0,0.0,-0.0,0.1,0.404385234,40.4385234,0.0,0.0,100.0,1.0,0.11,-11.0,-912.6207114403004,912.6207114403004,0.0,-912.6207114403004,912.6207114403004,0.0,-68494.0769529753,68494.0769529753,0.0,0.0,0.0,0.0,0.0,0.0,0.0,0.0,0.0,-702204.183758559,-702204.183758559,70319.3183758559,70319.3183758559,70219.3183758559,0.0,100.0,0.0,0.0,70319.3183758559,70319.3183758559,1,0.0,100.0
6427,55614.680429422086,0.0,-556146.8042942209,0.0,10.0,0.0,-0.0,0.1,0.3948686179999999,39.48686179999999,0.0,0.0,100.0,1.0,0.11,-11.0,-808.4275534387141,808.4275534387141,0.0,-808.4275534387141,808.4275534387141,0.0,-54097.82532254466,54097.82532254466,0.0,0.0,0.0,0.0,0.0,0.0,0.0,0.0,0.0,-556157.8042942209,-556157.8042942209,55714.680429422086,55714.680429422086,55614.680429422086,0.0,100.0,0.0,0.0,55714.680429422086,55714.680429422086,1,0.0,100.0
6428,43652.29736010734,0.0,-436522.9736010734,0.0,10.0,0.0,-0.0,0.1,0.390991415,39.0991415,0.0,0.0,100.0,1.0,0.11,-11.0,-234.3501792559239,234.3501792559239,0.0,-234.3501792559239,234.3501792559239,0.0,-43283.59700159549,43283.59700159549,0.0,0.0,0.0,0.0,0.0,0.0,0.0,0.0,0.0,-436533.9736010734,-436533.9736010734,43752.29736010734,43752.29736010734,43652.29736010734,0.0,100.0,0.0,0.0,43752.29736010734,43752.29736010734,1,0.0,100.0
6429,21489.13573832911,0.0,-214891.35738329112,0.0,10.0,0.0,-0.0,0.1,0.386899101,38.689910100000006,0.0,0.0,100.0,1.0,0.11,-11.0,-233.56851513387315,233.56851513387315,0.0,-233.56851513387315,233.56851513387315,0.0,-21121.998708061365,21121.998708061365,0.0,0.0,0.0,0.0,0.0,0.0,0.0,0.0,0.0,-214902.35738329112,-214902.35738329112,21589.13573832911,21589.13573832911,21489.13573832911,0.0,100.0,0.0,0.0,21589.13573832911,21589.13573832911,1,0.0,100.0
6430,18510.65045837642,0.0,-185106.5045837642,0.0,10.0,0.0,-0.0,0.1,0.3884890729999999,38.84890729999999,0.0,0.0,100.0,1.0,0.11,-11.0,-236.61505666755696,236.61505666755696,0.0,-236.61505666755696,236.61505666755696,0.0,-18137.420345041308,18137.420345041308,0.0,0.0,0.0,0.0,0.0,0.0,0.0,0.0,0.0,-185117.5045837642,-185117.5045837642,18610.65045837642,18610.65045837642,18510.65045837642,0.0,100.0,0.0,0.0,18610.65045837642,18610.65045837642,1,0.0,100.0
6431,17765.72472228132,0.0,-177657.2472228132,0.0,10.0,0.0,-0.0,0.1,0.39788395,39.788395,0.0,0.0,100.0,1.0,0.11,-11.0,-233.62737086675392,233.62737086675392,0.0,-233.62737086675392,233.62737086675392,0.0,-17398.469980547812,17398.469980547812,0.0,0.0,0.0,0.0,0.0,0.0,0.0,0.0,0.0,-177668.2472228132,-177668.2472228132,17865.72472228132,17865.72472228132,17765.72472228132,0.0,100.0,0.0,0.0,17865.72472228132,17865.72472228132,1,0.0,100.0
6432,17765.651282257953,0.0,-177656.51282257953,0.0,10.0,0.0,-0.0,0.1,0.398028351,39.8028351,0.0,0.0,100.0,1.0,0.08,-8.0,-233.5905783034349,233.5905783034349,0.0,-233.5905783034349,233.5905783034349,0.0,-17398.470125651085,17398.470125651085,0.0,0.0,0.0,0.0,0.0,0.0,0.0,0.0,0.0,-177664.51282257953,-177664.51282257953,17865.651282257953,17865.651282257953,17765.651282257953,0.0,100.0,0.0,0.0,17865.651282257953,17865.651282257953,1,0.0,100.0
6433,17765.41793700101,0.0,-177654.1793700101,0.0,10.0,0.0,-0.0,0.1,0.399487325,39.9487325,0.0,0.0,100.0,1.0,0.08,-8.0,-233.47390869794663,233.47390869794663,0.0,-233.47390869794663,233.47390869794663,0.0,-17398.470119605117,17398.470119605117,0.0,0.0,0.0,0.0,0.0,0.0,0.0,0.0,0.0,-177662.1793700101,-177662.1793700101,17865.41793700101,17865.41793700101,17765.41793700101,0.0,100.0,0.0,0.0,17865.41793700101,17865.41793700101,1,0.0,100.0
6434,17765.194772727,0.0,-177651.94772727002,0.0,10.0,0.0,-0.0,0.1,0.400803515,40.0803515,0.0,0.0,100.0,1.0,0.08,-8.0,-233.3623235379589,233.3623235379589,0.0,-233.3623235379589,233.3623235379589,0.0,-17398.470125651085,17398.470125651085,0.0,0.0,0.0,0.0,0.0,0.0,0.0,0.0,0.0,-177659.94772727002,-177659.94772727002,17865.194772727,17865.194772727,17765.194772727,0.0,100.0,0.0,0.0,17865.194772727,17865.194772727,1,0.0,100.0
6435,18514.403098425377,0.0,-185144.03098425377,0.0,10.0,0.0,-0.0,0.1,0.409277731,40.927773099999996,0.0,0.0,100.0,1.0,0.08,-8.0,-238.49130111741405,238.49130111741405,0.0,-238.49130111741405,238.49130111741405,0.0,-18137.42049619055,18137.42049619055,0.0,0.0,0.0,0.0,0.0,0.0,0.0,0.0,0.0,-185152.03098425377,-185152.03098425377,18614.403098425377,18614.403098425377,18514.403098425377,0.0,100.0,0.0,0.0,18614.403098425377,18614.403098425377,1,0.0,100.0
6436,21497.49393048,0.0,-214974.9393048,0.0,10.0,0.0,-0.0,0.1,0.3737445689999999,37.37445689999999,0.0,0.0,100.0,1.0,0.08,-8.0,-237.70666790279336,237.70666790279336,0.0,-237.70666790279336,237.70666790279336,0.0,-21122.08059467441,21122.08059467441,0.0,0.0,0.0,0.0,0.0,0.0,0.0,0.0,0.0,-214982.9393048,-214982.9393048,21597.49393048,21597.49393048,21497.49393048,0.0,100.0,0.0,0.0,21597.49393048,21597.49393048,1,0.0,100.0
6437,25790.054606214973,0.0,-257900.54606214975,0.0,10.0,0.0,-0.0,0.1,0.335840495,33.5840495,0.0,0.0,100.0,1.0,0.11,-11.0,-349.1885714201007,349.1885714201007,0.0,-349.1885714201007,349.1885714201007,0.0,-25191.677463374774,25191.677463374774,0.0,0.0,0.0,0.0,0.0,0.0,0.0,0.0,0.0,-257911.54606214975,-257911.54606214975,25890.054606214973,25890.054606214973,25790.054606214973,0.0,100.0,0.0,0.0,25890.054606214973,25890.054606214973,1,0.0,100.0
6438,32899.52807623385,0.0,-328995.28076233855,0.0,10.0,0.0,-0.0,0.1,0.318498966,31.8498966,0.0,0.0,100.0,1.0,0.11,-11.0,-593.6144374011417,593.6144374011417,0.0,-593.6144374011417,593.6144374011417,0.0,-33516.21385289285,33516.21385289285,0.0,0.0,1234.020498046875,1234.020498046875,0.0,0.0,469.8941534144061,469.8941534144061,0.0,-329006.28076233855,-329006.28076233855,34703.44272769513,34703.44272769513,34603.44272769513,0.0,100.0,0.0,0.0,34703.44272769513,32999.52807623385,1,0.0,100.0
6439,71167.39452096056,0.0,-711673.9452096056,0.0,10.0,0.0,-0.0,0.1,0.304568943,30.4568943,0.0,0.0,100.0,1.0,0.11,-11.0,-855.7642372928793,855.7642372928793,0.0,-855.7642372928793,855.7642372928793,0.0,-74087.18413656934,74087.18413656934,0.0,0.0,3066.35396484375,3066.35396484375,0.0,0.0,1464.9641253507953,1464.9641253507953,0.0,-711684.9452096056,-711684.9452096056,75798.7126111551,75798.7126111551,75698.7126111551,0.0,100.0,0.0,0.0,75798.7126111551,71267.39452096056,1,0.0,100.0
6440,69063.82295214645,0.0,-690638.2295214646,0.0,10.0,0.0,-0.0,0.1,0.290641948,29.0641948,0.0,0.0,100.0,1.0,0.11,-11.0,-962.3609832631648,962.3609832631648,0.0,-962.3609832631648,962.3609832631648,0.0,-74750.67307902664,74750.67307902664,0.0,0.0,4636.9255078125,4636.9255078125,0.0,0.0,2874.6465855940137,2874.6465855940137,0.0,-690649.2295214646,-690649.2295214646,76675.39504555297,76675.39504555297,76575.39504555297,0.0,100.0,0.0,0.0,76675.39504555297,69163.82295214645,1,0.0,100.0
6441,65373.840833706505,0.0,-653738.408337065,0.0,10.0,0.0,-0.0,0.1,0.293136429,29.313642899999998,0.0,0.0,100.0,1.0,0.11,-11.0,-1125.8865135048484,1125.8865135048484,0.0,-1125.8865135048484,1125.8865135048484,0.0,-77593.30094995825,77593.30094995825,0.0,0.0,7516.306669921874,7516.306669921874,0.0,0.0,6854.92647333957,6854.92647333957,0.0,-653749.408337065,-653749.408337065,79845.07397696795,79845.07397696795,79745.07397696795,0.0,100.0,0.0,0.0,79845.07397696795,65473.840833706505,1,0.0,100.0
6442,58476.617217788254,0.0,-584766.1721778825,0.0,10.0,0.0,-0.0,0.1,0.314563933,31.456393300000002,0.0,0.0,100.0,1.0,0.11,-11.0,-1303.4195350308798,1303.4195350308798,0.0,-1303.4195350308798,1303.4195350308798,0.0,-85997.03335697032,85997.03335697032,0.0,0.0,8937.299970703125,8937.299970703125,0.0,0.0,21089.955238540697,21089.955238540697,0.0,-584777.1721778825,-584777.1721778825,88603.87242703207,88603.87242703208,88503.87242703207,0.0,100.0,0.0,0.0,88603.87242703208,58576.61721778826,1,0.0,100.0
6443,52131.20468886891,0.0,-521312.04688868904,0.0,10.0,0.0,-0.0,0.1,0.3704539289999999,37.04539289999999,0.0,0.0,100.0,1.0,0.11,-11.0,-1345.6677147319654,1345.6677147319654,0.0,-1345.6677147319654,1345.6677147319654,0.0,-84491.92723973854,84491.92723973854,0.0,0.0,11816.6811328125,11816.6811328125,0.0,0.0,23135.376847521053,23135.376847521053,0.0,-521323.04688868904,-521323.04688868904,87183.26266920246,87183.26266920246,87083.26266920246,0.0,100.0,0.0,0.0,87183.26266920246,52231.20468886891,1,0.0,100.0
6444,58621.64520243468,0.0,-586216.4520243468,0.0,10.0,0.0,-0.0,0.1,0.386924222,38.692422199999996,0.0,0.0,100.0,1.0,0.11,-11.0,-1335.4295529935252,1335.4295529935252,0.0,-1335.4295529935252,1335.4295529935252,0.0,-88637.23303433497,88637.23303433497,0.0,0.0,9423.4292578125,9423.4292578125,0.0,0.0,23163.01768007484,23163.01768007484,0.0,-586227.4520243468,-586227.4520243468,91308.09214032203,91308.09214032203,91208.09214032203,0.0,100.0,0.0,0.0,91308.09214032203,58721.64520243469,1,0.0,100.0
6445,62338.92328056927,0.0,-623389.2328056927,0.0,10.0,0.0,-0.0,0.1,0.3965053189999999,39.65053189999999,0.0,0.0,100.0,1.0,0.11,-11.0,-1413.1155169822296,1413.1155169822296,0.0,-1413.1155169822296,1413.1155169822296,0.0,-89134.3107127531,89134.3107127531,0.0,0.0,8376.381562499999,8376.381562499999,0.0,0.0,21145.23690364828,21145.23690364828,0.0,-623400.2328056927,-623400.2328056927,91960.54174671756,91960.54174671756,91860.54174671756,0.0,100.0,0.0,0.0,91960.54174671756,62438.92328056927,1,0.0,100.0
6446,66857.36287982562,0.0,-668573.6287982563,0.0,10.0,0.0,-0.0,0.1,0.40034257,40.034257000000004,0.0,0.0,100.0,1.0,0.08,-8.0,-1432.4325838723628,1432.4325838723628,0.0,-1432.4325838723628,1432.4325838723628,0.0,-88051.89066809631,88051.89066809631,0.0,0.0,6656.23177734375,6656.23177734375,0.0,0.0,17303.161178671657,17303.161178671657,0.0,-668581.6287982563,-668581.6287982563,90916.75583584103,90916.75583584103,90816.75583584103,0.0,100.0,0.0,0.0,90916.75583584103,66957.36287982562,0,0.0,100.0
6447,75794.4161700036,0.0,-757944.161700036,0.0,10.0,0.0,-0.0,0.1,0.3975939229999999,39.75939229999999,0.0,0.0,100.0,1.0,0.08,-8.0,-1384.5426433422706,1384.5426433422706,0.0,-1384.5426433422706,1384.5426433422706,0.0,-89938.86911650831,89938.86911650831,0.0,0.0,4375.163583984375,4375.163583984375,0.0,0.0,12438.374649204869,12438.374649204869,0.0,-757952.161700036,-757952.161700036,92707.95440319285,92707.95440319285,92607.95440319285,0.0,100.0,0.0,0.0,92707.95440319285,75894.4161700036,0,0.0,100.0
6448,75938.58890439107,0.0,-759385.8890439107,0.0,10.0,0.0,-0.0,0.1,0.39525847,39.525847,0.0,0.0,100.0,1.0,0.08,-8.0,-1131.4456301275366,1131.4456301275366,0.0,-1131.4456301275366,1131.4456301275366,0.0,-82217.43079413929,82217.43079413929,0.0,0.0,2056.700830078125,2056.700830078125,0.0,0.0,6385.032319925164,6385.032319925164,0.0,-759393.8890439107,-759393.8890439107,84480.32205439436,84480.32205439436,84380.32205439436,0.0,100.0,0.0,0.0,84480.32205439436,76038.58890439107,0,0.0,100.0
6449,70634.92650477079,0.0,-706349.2650477078,0.0,10.0,0.0,-0.0,0.1,0.398634927,39.863492699999995,0.0,0.0,100.0,1.0,0.11,-11.0,-1040.5697393476207,1040.5697393476207,0.0,-1040.5697393476207,1040.5697393476207,0.0,-70383.75377810541,70383.75377810541,0.0,0.0,486.129287109375,486.129287109375,0.0,0.0,1243.8374649204866,1243.8374649204866,0.0,-706360.2650477078,-706360.2650477078,72464.89325680066,72464.89325680066,72364.89325680066,0.0,100.0,0.0,0.0,72464.89325680066,70734.92650477079,1,0.0,100.0
6450,71874.80870623013,0.0,-718748.0870623013,0.0,10.0,0.0,-0.0,0.1,0.405895611,40.5895611,0.0,0.0,100.0,1.0,0.11,-11.0,-969.456437923661,969.456437923661,0.0,-969.456437923661,969.456437923661,0.0,-70035.89583038281,70035.89583038281,0.0,0.0,0.0,0.0,0.0,0.0,0.0,0.0,0.0,-718759.0870623013,-718759.0870623013,71974.80870623013,71974.80870623013,71874.80870623013,0.0,100.0,0.0,0.0,71974.80870623013,71974.80870623013,1,0.0,100.0
6451,64921.244345605,0.0,-649212.44345605,0.0,10.0,0.0,-0.0,0.1,0.400102681,40.010268100000005,0.0,0.0,100.0,1.0,0.11,-11.0,-909.0901026274936,909.0901026274936,0.0,-909.0901026274936,909.0901026274936,0.0,-63203.06414035001,63203.06414035001,0.0,0.0,0.0,0.0,0.0,0.0,0.0,0.0,0.0,-649223.44345605,-649223.44345605,65021.244345605,65021.244345605,64921.244345605,0.0,100.0,0.0,0.0,65021.244345605,65021.244345605,1,0.0,100.0
6452,62599.17075428817,0.0,-625991.7075428817,0.0,10.0,0.0,-0.0,0.1,0.399671655,39.9671655,0.0,0.0,100.0,1.0,0.11,-11.0,-233.87075988703145,233.87075988703145,0.0,-233.87075988703145,233.87075988703145,0.0,-62231.42923451411,62231.42923451411,0.0,0.0,0.0,0.0,0.0,0.0,0.0,0.0,0.0,-626002.7075428817,-626002.7075428817,62699.17075428817,62699.17075428817,62599.17075428817,0.0,100.0,0.0,0.0,62699.17075428817,62699.17075428817,1,0.0,100.0
6453,21489.827627188442,0.0,-214898.27627188442,0.0,10.0,0.0,-0.0,0.1,0.393574376,39.3574376,0.0,0.0,100.0,1.0,0.11,-11.0,-233.9143870119012,233.9143870119012,0.0,-233.9143870119012,233.9143870119012,0.0,-21121.99885316464,21121.99885316464,0.0,0.0,0.0,0.0,0.0,0.0,0.0,0.0,0.0,-214909.27627188442,-214909.27627188442,21589.827627188442,21589.827627188442,21489.827627188442,0.0,100.0,0.0,0.0,21589.827627188442,21589.827627188442,1,0.0,100.0
6454,18511.043052411624,0.0,-185110.43052411624,0.0,10.0,0.0,-0.0,0.1,0.394798938,39.4798938,0.0,0.0,100.0,1.0,0.11,-11.0,-236.81128113352364,236.81128113352364,0.0,-236.81128113352364,236.81128113352364,0.0,-18137.420490144577,18137.420490144577,0.0,0.0,0.0,0.0,0.0,0.0,0.0,0.0,0.0,-185121.43052411624,-185121.43052411624,18611.043052411624,18611.043052411624,18511.043052411624,0.0,100.0,0.0,0.0,18611.043052411624,18611.043052411624,1,0.0,100.0
6455,17766.033380119785,0.0,-177660.33380119785,0.0,10.0,0.0,-0.0,0.1,0.404412162,40.4412162,0.0,0.0,100.0,1.0,0.11,-11.0,-233.78162723435025,233.78162723435025,0.0,-233.78162723435025,233.78162723435025,0.0,-17398.470125651085,17398.470125651085,0.0,0.0,0.0,0.0,0.0,0.0,0.0,0.0,0.0,-177671.33380119785,-177671.33380119785,17866.033380119785,17866.033380119785,17766.033380119785,0.0,100.0,0.0,0.0,17866.033380119785,17866.033380119785,1,0.0,100.0
6456,17765.866258405295,0.0,-177658.66258405295,0.0,10.0,0.0,-0.0,0.1,0.411907246,41.1907246,0.0,0.0,100.0,1.0,0.08,-8.0,-233.69798777949933,233.69798777949933,0.0,-233.69798777949933,233.69798777949933,0.0,-17398.470282846294,17398.470282846294,0.0,0.0,0.0,0.0,0.0,0.0,0.0,0.0,0.0,-177666.66258405295,-177666.66258405295,17865.866258405295,17865.866258405295,17765.866258405295,0.0,100.0,0.0,0.0,17865.866258405295,17865.866258405295,1,0.0,100.0
6457,17765.776308436412,0.0,-177657.76308436412,0.0,10.0,0.0,-0.0,0.1,0.413186081,41.3186081,0.0,0.0,100.0,1.0,0.08,-8.0,-233.6530158180415,233.6530158180415,0.0,-233.6530158180415,233.6530158180415,0.0,-17398.47027680033,17398.47027680033,0.0,0.0,0.0,0.0,0.0,0.0,0.0,0.0,0.0,-177665.76308436412,-177665.76308436412,17865.776308436412,17865.776308436412,17765.776308436412,0.0,100.0,0.0,0.0,17865.776308436412,17865.776308436412,1,0.0,100.0
6458,17765.676006162925,0.0,-177656.76006162923,0.0,10.0,0.0,-0.0,0.1,0.412610725,41.261072500000004,0.0,0.0,100.0,1.0,0.08,-8.0,-233.60286468129755,233.60286468129755,0.0,-233.60286468129755,233.60286468129755,0.0,-17398.47027680033,17398.47027680033,0.0,0.0,0.0,0.0,0.0,0.0,0.0,0.0,0.0,-177664.76006162923,-177664.76006162923,17865.676006162925,17865.676006162925,17765.676006162925,0.0,100.0,0.0,0.0,17865.676006162925,17865.676006162925,1,0.0,100.0
6459,18506.726914902873,0.0,-185067.26914902873,0.0,10.0,0.0,-0.0,0.1,0.416764725,41.6764725,0.0,0.0,100.0,1.0,0.08,-8.0,-234.6531307585551,234.6531307585551,0.0,-234.6531307585551,234.6531307585551,0.0,-18137.42065338576,18137.42065338576,0.0,0.0,0.0,0.0,0.0,0.0,0.0,0.0,0.0,-185075.26914902873,-185075.26914902873,18606.726914902873,18606.726914902873,18506.726914902873,0.0,100.0,0.0,0.0,18606.726914902873,18606.726914902873,1,0.0,100.0
6460,21491.10376038433,0.0,-214911.0376038433,0.0,10.0,0.0,-0.0,0.1,0.4109159,41.09159,0.0,0.0,100.0,1.0,0.08,-8.0,-234.5114649585477,234.5114649585477,0.0,-234.5114649585477,234.5114649585477,0.0,-21122.080830467232,21122.080830467232,0.0,0.0,0.0,0.0,0.0,0.0,0.0,0.0,0.0,-214919.0376038433,-214919.0376038433,21591.10376038433,21591.10376038433,21491.10376038433,0.0,100.0,0.0,0.0,21591.10376038433,21591.10376038433,1,0.0,100.0
6461,59523.0368538621,0.0,-595230.368538621,0.0,10.0,0.0,-0.0,0.1,0.3834872789999999,38.34872789999999,0.0,0.0,100.0,1.0,0.11,-11.0,-412.8472306199334,412.8472306199334,0.0,-412.8472306199334,412.8472306199334,0.0,-58797.34239262223,58797.34239262223,0.0,0.0,0.0,0.0,0.0,0.0,0.0,0.0,0.0,-595241.368538621,-595241.368538621,59623.0368538621,59623.0368538621,59523.0368538621,0.0,100.0,0.0,0.0,59623.0368538621,59623.0368538621,1,0.0,100.0
6462,65010.36052963648,0.0,-650103.6052963648,0.0,10.0,0.0,-0.0,0.1,0.360303264,36.0303264,0.0,0.0,100.0,1.0,0.11,-11.0,-647.1898512841792,647.1898512841792,0.0,-647.1898512841792,647.1898512841792,0.0,-65285.77438725507,65285.77438725507,0.0,0.0,972.25857421875,972.25857421875,0.0,0.0,497.5349859681946,497.5349859681946,0.0,-650114.6052963648,-650114.6052963648,66580.15408982342,66580.15408982342,66480.15408982342,0.0,100.0,0.0,0.0,66580.15408982342,65110.36052963648,1,0.0,100.0
6463,95059.95587933384,0.0,-950599.5587933384,0.0,10.0,0.0,-0.0,0.1,0.327787089,32.7787089,0.0,0.0,100.0,1.0,0.11,-11.0,-954.5934948345766,954.5934948345766,0.0,-954.5934948345766,954.5934948345766,0.0,-97757.71846959664,97757.71846959664,0.0,0.0,2655.013798828125,2655.013798828125,0.0,0.0,1851.935781103836,1851.935781103836,0.0,-950610.5587933384,-950610.5587933384,99666.90545926579,99666.90545926579,99566.90545926579,0.0,100.0,0.0,0.0,99666.90545926579,95159.95587933384,1,0.0,100.0
6464,87801.8444368444,0.0,-878018.444368444,0.0,10.0,0.0,-0.0,0.1,0.30896812,30.896812,0.0,0.0,100.0,1.0,0.11,-11.0,-1094.6193628379249,1094.6193628379249,0.0,-1094.6193628379249,1094.6193628379249,0.0,-94505.40983004242,94505.40983004242,0.0,0.0,4674.320068359375,4674.320068359375,0.0,0.0,4118.4840505145,4118.4840505145,0.0,-878029.444368444,-878029.444368444,96694.64855571828,96694.64855571828,96594.64855571828,0.0,100.0,0.0,0.0,96694.64855571828,87901.8444368444,1,0.0,100.0
6465,68740.16850262077,0.0,-687401.6850262077,0.0,10.0,0.0,-0.0,0.1,0.310201459,31.020145900000003,0.0,0.0,100.0,1.0,0.11,-11.0,-1250.455560071391,1250.455560071391,0.0,-1250.455560071391,1250.455560071391,0.0,-91070.68872361165,91070.68872361165,0.0,0.0,12265.415859375,12265.415859375,0.0,0.0,12466.015481758655,12466.015481758655,0.0,-687412.6850262077,-687412.6850262077,93571.59984375443,93571.59984375443,93471.59984375443,0.0,100.0,0.0,0.0,93571.59984375443,68840.16850262077,1,0.0,100.0
6466,48961.872125625494,0.0,-489618.72125625494,0.0,10.0,0.0,-0.0,0.1,0.321132091,32.1132091,0.0,0.0,100.0,1.0,0.11,-11.0,-1377.2748796371998,1377.2748796371998,0.0,-1377.2748796371998,1377.2748796371998,0.0,-91088.97252183374,91088.97252183374,0.0,0.0,27671.9748046875,27671.9748046875,0.0,0.0,17109.67535079514,17109.67535079514,0.0,-489629.72125625494,-489629.72125625494,93843.52228110813,93843.52228110813,93743.52228110813,0.0,100.0,0.0,0.0,93843.52228110813,49061.872125625494,1,0.0,100.0
6467,40413.50335712715,0.0,-404135.03357127146,0.0,10.0,0.0,-0.0,0.1,0.376321523,37.6321523,0.0,0.0,100.0,1.0,0.11,-11.0,-1407.3971463681337,1407.3971463681337,0.0,-1407.3971463681337,1407.3971463681337,0.0,-88314.10038182761,88314.10038182761,0.0,0.0,29691.28107421875,29691.28107421875,0.0,0.0,20924.110243217965,20924.110243217965,0.0,-404146.03357127146,-404146.03357127146,91128.89467456387,91128.89467456387,91028.89467456387,0.0,100.0,0.0,0.0,91128.89467456387,40513.50335712715,1,0.0,100.0
6468,45378.272275580224,0.0,-453782.7227558022,0.0,10.0,0.0,-0.0,0.1,0.38978156,38.978156000000006,0.0,0.0,100.0,1.0,0.11,-11.0,-1399.29652541847,1399.29652541847,0.0,-1399.29652541847,1399.29652541847,0.0,-90752.14556667172,90752.14556667172,0.0,0.0,29055.57354492188,29055.57354492188,0.0,0.0,19016.892797006552,19016.892797006552,0.0,-453793.7227558022,-453793.7227558022,93550.73861750866,93550.73861750866,93450.73861750866,0.0,100.0,0.0,0.0,93550.73861750866,45478.272275580224,1,0.0,100.0
6469,49381.66928818685,0.0,-493816.6928818685,0.0,10.0,0.0,-0.0,0.1,0.391859006,39.185900600000004,0.0,0.0,100.0,1.0,0.11,-11.0,-1418.7491425143314,1418.7491425143314,0.0,-1418.7491425143314,1418.7491425143314,0.0,-90653.593056881,90653.593056881,0.0,0.0,25877.03589843749,25877.03589843749,0.0,0.0,18132.38615528532,18132.38615528532,0.0,-493827.6928818685,-493827.6928818685,93491.09134190966,93491.09134190966,93391.09134190966,0.0,100.0,0.0,0.0,93491.09134190966,49481.66928818685,1,0.0,100.0
6470,57438.09561605804,0.0,-574380.9561605804,0.0,10.0,0.0,-0.0,0.1,0.396133853,39.6133853,0.0,0.0,100.0,1.0,0.08,-8.0,-1417.4547131346935,1417.4547131346935,0.0,-1417.4547131346935,1417.4547131346935,0.0,-90636.87703905089,90636.87703905089,0.0,0.0,20454.824619140625,20454.824619140625,0.0,0.0,15478.866230121612,15478.866230121612,0.0,-574388.9561605804,-574388.9561605804,93471.78646532027,93471.78646532027,93371.78646532027,0.0,100.0,0.0,0.0,93471.78646532027,57538.09561605803,1,0.0,100.0
6471,75090.01030424367,0.0,-750900.1030424366,0.0,10.0,0.0,-0.0,0.1,0.399944601,39.9944601,0.0,0.0,100.0,1.0,0.08,-8.0,-1379.387460968538,1379.387460968538,0.0,-1379.387460968538,1379.387460968538,0.0,-93803.41634384154,93803.41634384154,0.0,0.0,13798.592841796875,13798.592841796875,0.0,0.0,7573.588119738074,7573.588119738074,0.0,-750908.1030424366,-750908.1030424366,96562.19126577862,96562.19126577862,96462.19126577862,0.0,100.0,0.0,0.0,96562.19126577862,75190.01030424367,1,0.0,100.0
6472,78147.96915095711,0.0,-781479.6915095712,0.0,10.0,0.0,-0.0,0.1,0.4122477479999999,41.22477479999999,0.0,0.0,100.0,1.0,0.08,-8.0,-1110.6028028010844,1110.6028028010844,0.0,-1110.6028028010844,1110.6028028010844,0.0,-87559.18755102431,87559.18755102431,0.0,0.0,6170.102490234375,6170.102490234375,0.0,0.0,5362.321515434986,5362.321515434986,0.0,-781487.6915095712,-781487.6915095712,89780.39315662648,89780.39315662648,89680.39315662648,0.0,100.0,0.0,0.0,89780.39315662648,78247.96915095711,1,0.0,100.0
6473,77072.3088043746,0.0,-770723.088043746,0.0,10.0,0.0,-0.0,0.1,0.407104432,40.7104432,0.0,0.0,100.0,1.0,0.11,-11.0,-1028.6451920263878,1028.6451920263878,0.0,-1028.6451920263878,1028.6451920263878,0.0,-77236.81788238113,77236.81788238113,0.0,0.0,822.6803320312499,822.6803320312499,0.0,0.0,1299.119130028064,1299.119130028064,0.0,-770734.088043746,-770734.088043746,79294.1082664339,79294.1082664339,79194.1082664339,0.0,100.0,0.0,0.0,79294.1082664339,77172.3088043746,1,0.0,100.0
6474,79346.76228546034,0.0,-793467.6228546035,0.0,10.0,0.0,-0.0,0.1,0.413896693,41.3896693,0.0,0.0,100.0,1.0,0.11,-11.0,-982.3541932024108,982.3541932024108,0.0,-982.3541932024108,982.3541932024108,0.0,-77482.05389905552,77482.05389905552,0.0,0.0,0.0,0.0,0.0,0.0,0.0,0.0,0.0,-793478.6228546035,-793478.6228546035,79446.76228546034,79446.76228546034,79346.76228546034,0.0,100.0,0.0,0.0,79446.76228546034,79446.76228546034,1,0.0,100.0
6475,71840.0518607434,0.0,-718400.5186074341,0.0,10.0,0.0,-0.0,0.1,0.4040278329999999,40.40278329999999,0.0,0.0,100.0,1.0,0.11,-11.0,-919.434343733716,919.434343733716,0.0,-919.434343733716,919.434343733716,0.0,-70101.18317327597,70101.18317327597,0.0,0.0,0.0,0.0,0.0,0.0,0.0,0.0,0.0,-718411.5186074341,-718411.5186074341,71940.0518607434,71940.0518607434,71840.0518607434,0.0,100.0,0.0,0.0,71940.0518607434,71940.0518607434,1,0.0,100.0
6476,67396.2130789399,0.0,-673962.1307893989,0.0,10.0,0.0,-0.0,0.1,0.408601757,40.8601757,0.0,0.0,100.0,1.0,0.11,-11.0,-234.7008036904692,234.7008036904692,0.0,-234.7008036904692,234.7008036904692,0.0,-67026.81147155896,67026.81147155896,0.0,0.0,0.0,0.0,0.0,0.0,0.0,0.0,0.0,-673973.1307893989,-673973.1307893989,67496.2130789399,67496.2130789399,67396.2130789399,0.0,100.0,0.0,0.0,67496.2130789399,67496.2130789399,1,0.0,100.0
6477,21489.81670221183,0.0,-214898.1670221183,0.0,10.0,0.0,-0.0,0.1,0.402573639,40.2573639,0.0,0.0,100.0,1.0,0.11,-11.0,-233.908839880019,233.908839880019,0.0,-233.908839880019,233.908839880019,0.0,-21121.99902245179,21121.99902245179,0.0,0.0,0.0,0.0,0.0,0.0,0.0,0.0,0.0,-214909.1670221183,-214909.1670221183,21589.81670221183,21589.81670221183,21489.81670221183,0.0,100.0,0.0,0.0,21589.81670221183,21589.81670221183,1,0.0,100.0
6478,18511.1150170852,0.0,-185111.15017085202,0.0,10.0,0.0,-0.0,0.1,0.4059188829999999,40.59188829999999,0.0,0.0,100.0,1.0,0.11,-11.0,-236.8471788267356,236.8471788267356,0.0,-236.8471788267356,236.8471788267356,0.0,-18137.42065943173,18137.42065943173,0.0,0.0,0.0,0.0,0.0,0.0,0.0,0.0,0.0,-185122.15017085202,-185122.15017085202,18611.1150170852,18611.1150170852,18511.1150170852,0.0,100.0,0.0,0.0,18611.1150170852,18611.1150170852,1,0.0,100.0
6479,17766.06780516618,0.0,-177660.67805166182,0.0,10.0,0.0,-0.0,0.1,0.411349244,41.1349244,0.0,0.0,100.0,1.0,0.11,-11.0,-233.79875813695813,233.79875813695813,0.0,-233.79875813695813,233.79875813695813,0.0,-17398.470288892266,17398.470288892266,0.0,0.0,0.0,0.0,0.0,0.0,0.0,0.0,0.0,-177671.67805166182,-177671.67805166182,17866.06780516618,17866.06780516618,17766.06780516618,0.0,100.0,0.0,0.0,17866.06780516618,17866.06780516618,1,0.0,100.0
6480,17765.825287455074,0.0,-177658.25287455076,0.0,10.0,0.0,-0.0,0.1,0.4106504279999999,41.06504279999999,0.0,0.0,100.0,1.0,0.08,-8.0,-233.67742672976925,233.67742672976925,0.0,-233.67742672976925,233.67742672976925,0.0,-17398.470433995535,17398.470433995535,0.0,0.0,0.0,0.0,0.0,0.0,0.0,0.0,0.0,-177666.25287455076,-177666.25287455076,17865.825287455074,17865.825287455074,17765.825287455074,0.0,100.0,0.0,0.0,17865.825287455074,17865.825287455074,1,0.0,100.0
6481,17765.622213322673,0.0,-177656.22213322672,0.0,10.0,0.0,-0.0,0.1,0.407709384,40.7709384,0.0,0.0,100.0,1.0,0.08,-8.0,-233.5758896635696,233.5758896635696,0.0,-233.5758896635696,233.5758896635696,0.0,-17398.470433995535,17398.470433995535,0.0,0.0,0.0,0.0,0.0,0.0,0.0,0.0,0.0,-177664.22213322672,-177664.22213322672,17865.622213322673,17865.622213322673,17765.622213322673,0.0,100.0,0.0,0.0,17865.622213322673,17865.622213322673,1,0.0,100.0
6482,17765.42148249721,0.0,-177654.21482497212,0.0,10.0,0.0,-0.0,0.1,0.4147022939999999,41.470229399999994,0.0,0.0,100.0,1.0,0.08,-8.0,-233.47552425083865,233.47552425083865,0.0,-233.47552425083865,233.47552425083865,0.0,-17398.470433995535,17398.470433995535,0.0,0.0,0.0,0.0,0.0,0.0,0.0,0.0,0.0,-177662.21482497212,-177662.21482497212,17865.42148249721,17865.42148249721,17765.42148249721,0.0,100.0,0.0,0.0,17865.42148249721,17865.42148249721,1,0.0,100.0
6483,18506.396889464533,0.0,-185063.96889464534,0.0,10.0,0.0,-0.0,0.1,0.4208826229999999,42.08826229999999,0.0,0.0,100.0,1.0,0.08,-8.0,-234.48804548775072,234.48804548775072,0.0,-234.48804548775072,234.48804548775072,0.0,-18137.42079848903,18137.42079848903,0.0,0.0,0.0,0.0,0.0,0.0,0.0,0.0,0.0,-185071.96889464534,-185071.96889464534,18606.396889464533,18606.396889464533,18506.396889464533,0.0,100.0,0.0,0.0,18606.396889464533,18606.396889464533,1,0.0,100.0
6484,21490.864389675015,0.0,-214908.64389675015,0.0,10.0,0.0,-0.0,0.1,0.396620601,39.662060100000005,0.0,0.0,100.0,1.0,0.08,-8.0,-234.3916707764424,234.3916707764424,0.0,-234.3916707764424,234.3916707764424,0.0,-21122.08104812213,21122.08104812213,0.0,0.0,0.0,0.0,0.0,0.0,0.0,0.0,0.0,-214916.64389675015,-214916.64389675015,21590.864389675015,21590.864389675015,21490.864389675015,0.0,100.0,0.0,0.0,21590.864389675015,21590.864389675015,1,0.0,100.0
6485,35613.80215243945,0.0,-356138.0215243945,0.0,10.0,0.0,-0.0,0.1,0.383268424,38.3268424,0.0,0.0,100.0,1.0,0.11,-11.0,-379.02203029910976,379.02203029910976,0.0,-379.02203029910976,379.02203029910976,0.0,-34955.75809184123,34955.75809184123,0.0,0.0,0.0,0.0,0.0,0.0,0.0,0.0,0.0,-356149.0215243945,-356149.0215243945,35713.80215243945,35713.80215243945,35613.80215243945,0.0,100.0,0.0,0.0,35713.80215243945,35713.80215243945,1,0.0,100.0
6486,37072.75487132598,0.0,-370727.5487132598,0.0,10.0,0.0,-0.0,0.1,0.367530265,36.753026500000004,0.0,0.0,100.0,1.0,0.11,-11.0,-621.0513820824477,621.0513820824477,0.0,-621.0513820824477,621.0513820824477,0.0,-39162.88268676783,39162.88268676783,0.0,0.0,2430.6464355468747,2430.6464355468747,0.0,0.0,801.5841440598691,801.5841440598691,0.0,-370738.5487132598,-370738.5487132598,40404.98545093273,40404.98545093273,40304.98545093273,0.0,100.0,0.0,0.0,40404.98545093273,37172.75487132598,1,0.0,100.0
6487,62140.953393823365,0.0,-621409.5339382336,0.0,10.0,0.0,-0.0,0.1,0.350979875,35.0979875,0.0,0.0,100.0,1.0,0.11,-11.0,-958.3368079997332,958.3368079997332,0.0,-958.3368079997332,958.3368079997332,0.0,-73749.14835023387,73749.14835023387,0.0,0.0,8974.69453125,8974.69453125,0.0,0.0,4450.174041159963,4450.174041159963,0.0,-621420.5339382336,-621420.5339382336,75665.82196623333,75665.82196623333,75565.82196623333,0.0,100.0,0.0,0.0,75665.82196623333,62240.953393823365,1,0.0,100.0
6488,58233.40414432467,0.0,-582334.0414432466,0.0,10.0,0.0,-0.0,0.1,0.330880554,33.0880554,0.0,0.0,100.0,1.0,0.11,-11.0,-1127.9144815557931,1127.9144815557931,0.0,-1127.9144815557931,1127.9144815557931,0.0,-78899.97900806827,78899.97900806827,0.0,0.0,15967.477353515624,15967.477353515624,0.0,0.0,6854.92647333957,6854.92647333957,0.0,-582345.0414432466,-582345.0414432466,81155.80797117986,81155.80797117986,81055.80797117986,0.0,100.0,0.0,0.0,81155.80797117986,58333.40414432467,1,0.0,100.0
6489,56169.4847279145,0.0,-561694.847279145,0.0,10.0,0.0,-0.0,0.1,0.314104966,31.4104966,0.0,0.0,100.0,1.0,0.11,-11.0,-1262.4538480869926,1262.4538480869926,0.0,-1262.4538480869926,1262.4538480869926,0.0,-85063.805957065,85063.805957065,0.0,0.0,21838.423359375,21838.423359375,0.0,0.0,9480.805565949488,9480.805565949488,0.0,-561705.847279145,-561705.847279145,87588.71365323898,87588.71365323898,87488.71365323898,0.0,100.0,0.0,0.0,87588.71365323898,56269.484727914496,1,0.0,100.0
6490,52752.39688231896,0.0,-527523.9688231896,0.0,10.0,0.0,-0.0,0.1,0.319644327,31.9644327,0.0,0.0,100.0,1.0,0.11,-11.0,-1335.552432672027,1335.552432672027,0.0,-1335.552432672027,1335.552432672027,0.0,-85740.81592468655,85740.81592468655,0.0,0.0,24530.83171875,24530.83171875,0.0,0.0,11028.692188961648,11028.692188961648,0.0,-527534.9688231896,-527534.9688231896,88411.9207900306,88411.9207900306,88311.9207900306,0.0,100.0,0.0,0.0,88411.9207900306,52852.39688231896,1,0.0,100.0
6491,34728.1633932322,0.0,-347281.63393232203,0.0,10.0,0.0,-0.0,0.1,0.3436105989999999,34.361059899999994,0.0,0.0,100.0,1.0,0.11,-11.0,-1358.7752483675265,1358.7752483675265,0.0,-1358.7752483675265,1358.7752483675265,0.0,-82563.43154090233,82563.43154090233,0.0,0.0,29279.940908203123,29279.940908203123,0.0,0.0,21172.877736202063,21172.877736202063,0.0,-347292.63393232203,-347292.63393232203,85280.98203763738,85280.98203763738,85180.98203763738,0.0,100.0,0.0,0.0,85280.98203763738,34828.1633932322,1,0.0,100.0
6492,42936.358768645645,0.0,-429363.58768645645,0.0,10.0,0.0,-0.0,0.1,0.348487766,34.8487766,0.0,0.0,100.0,1.0,0.11,-11.0,-1361.0742356568794,1361.0742356568794,0.0,-1361.0742356568794,1361.0742356568794,0.0,-85939.66859225741,85939.66859225741,0.0,0.0,28681.627939453123,28681.627939453123,0.0,0.0,16943.830355472408,16943.830355472408,0.0,-429374.58768645645,-429374.58768645645,88661.81706357117,88661.81706357117,88561.81706357117,0.0,100.0,0.0,0.0,88661.81706357117,43036.358768645645,1,0.0,100.0
6493,45658.83834235679,0.0,-456588.38342356787,0.0,10.0,0.0,-0.0,0.1,0.3674478129999999,36.74478129999999,0.0,0.0,100.0,1.0,0.11,-11.0,-1411.123694788082,1411.123694788082,0.0,-1411.123694788082,1411.123694788082,0.0,-85300.58910356041,85300.58910356041,0.0,0.0,25503.09029296875,25503.09029296875,0.0,0.0,16860.907857811042,16860.907857811042,0.0,-456599.38342356787,-456599.38342356787,88122.83649313658,88122.83649313658,88022.83649313658,0.0,100.0,0.0,0.0,88122.83649313658,45758.83834235679,1,0.0,100.0
6494,51907.40722924791,0.0,-519074.0722924791,0.0,10.0,0.0,-0.0,0.1,0.379902847,37.9902847,0.0,0.0,100.0,1.0,0.08,-8.0,-1424.8300374064895,1424.8300374064895,0.0,-1424.8300374064895,1424.8300374064895,0.0,-85049.18238887387,85049.18238887387,0.0,0.0,20080.879013671874,20080.879013671874,0.0,0.0,15810.556220767074,15810.556220767074,0.0,-519082.0722924791,-519082.0722924791,87898.84246368686,87898.84246368686,87798.84246368686,0.0,100.0,0.0,0.0,87898.84246368686,52007.40722924791,1,0.0,100.0
6495,66035.08730859357,0.0,-660350.8730859357,0.0,10.0,0.0,-0.0,0.1,0.38958125,38.958124999999995,0.0,0.0,100.0,1.0,0.08,-8.0,-1377.8694910528727,1377.8694910528727,0.0,-1377.8694910528727,1377.8694910528727,0.0,-87234.34316358734,87234.34316358734,0.0,0.0,13462.041796875,13462.041796875,0.0,0.0,10392.953040224513,10392.953040224513,0.0,-660358.8730859357,-660358.8730859357,89990.08214569309,89990.08214569309,89890.08214569309,0.0,100.0,0.0,0.0,89990.08214569309,66135.08730859357,1,0.0,100.0
6496,69934.7809344363,0.0,-699347.809344363,0.0,10.0,0.0,-0.0,0.1,0.392419907,39.2419907,0.0,0.0,100.0,1.0,0.08,-8.0,-1123.2057434222536,1123.2057434222536,0.0,-1123.2057434222536,1123.2057434222536,0.0,-79501.28485029365,79501.28485029365,0.0,0.0,5908.34056640625,5908.34056640625,0.0,0.0,5804.574836295605,5804.574836295605,0.0,-699355.809344363,-699355.809344363,81747.69633713816,81747.69633713816,81647.69633713816,0.0,100.0,0.0,0.0,81747.69633713816,70034.7809344363,1,0.0,100.0
6497,65089.95156417053,0.0,-650899.5156417052,0.0,10.0,0.0,-0.0,0.1,0.404149307,40.4149307,0.0,0.0,100.0,1.0,0.11,-11.0,-1037.284462687264,1037.284462687264,0.0,-1037.284462687264,1037.284462687264,0.0,-64913.62548677747,64913.62548677747,0.0,0.0,747.8912109375,747.8912109375,0.0,0.0,1050.3516370439663,1050.3516370439663,0.0,-650910.5156417052,-650910.5156417052,66988.19441215199,66988.19441215199,66888.19441215199,0.0,100.0,0.0,0.0,66988.19441215199,65189.95156417052,1,0.0,100.0
6498,58833.40965462379,0.0,-588334.0965462379,0.0,10.0,0.0,-0.0,0.1,0.410143812,41.0143812,0.0,0.0,100.0,1.0,0.11,-11.0,-976.5140215908511,976.5140215908511,0.0,-976.5140215908511,976.5140215908511,0.0,-56980.38161144209,56980.38161144209,0.0,0.0,0.0,0.0,0.0,0.0,0.0,0.0,0.0,-588345.0965462379,-588345.0965462379,58933.40965462379,58933.40965462379,58833.40965462379,0.0,100.0,0.0,0.0,58933.40965462379,58933.40965462379,1,0.0,100.0
6499,44692.02952052255,0.0,-446920.29520522547,0.0,10.0,0.0,-0.0,0.1,0.400637276,40.0637276,0.0,0.0,100.0,1.0,0.11,-11.0,-916.1362295974382,916.1362295974382,0.0,-916.1362295974382,916.1362295974382,0.0,-42959.75706132767,42959.75706132767,0.0,0.0,0.0,0.0,0.0,0.0,0.0,0.0,0.0,-446931.29520522547,-446931.29520522547,44792.02952052255,44792.02952052255,44692.02952052255,0.0,100.0,0.0,0.0,44792.02952052255,44792.02952052255,1,0.0,100.0
6500,37951.60552498323,0.0,-379516.0552498323,0.0,10.0,0.0,-0.0,0.1,0.397574931,39.757493100000005,0.0,0.0,100.0,1.0,0.11,-11.0,-234.71900398524028,234.71900398524028,0.0,-234.71900398524028,234.71900398524028,0.0,-37582.16751701275,37582.16751701275,0.0,0.0,0.0,0.0,0.0,0.0,0.0,0.0,0.0,-379527.0552498323,-379527.0552498323,38051.60552498323,38051.60552498323,37951.60552498323,0.0,100.0,0.0,0.0,38051.60552498323,38051.60552498323,1,0.0,100.0
6501,21489.83740066594,0.0,-214898.3740066594,0.0,10.0,0.0,-0.0,0.1,0.3962715529999999,39.62715529999999,0.0,0.0,100.0,1.0,0.11,-11.0,-233.91911655544047,233.91911655544047,0.0,-233.91911655544047,233.91911655544047,0.0,-21121.99916755506,21121.99916755506,0.0,0.0,0.0,0.0,0.0,0.0,0.0,0.0,0.0,-214909.3740066594,-214909.3740066594,21589.83740066594,21589.83740066594,21489.83740066594,0.0,100.0,0.0,0.0,21589.83740066594,21589.83740066594,1,0.0,100.0
6502,18511.227562426295,0.0,-185112.27562426295,0.0,10.0,0.0,-0.0,0.1,0.3967017679999999,39.67017679999999,0.0,0.0,100.0,1.0,0.11,-11.0,-236.90337894564763,236.90337894564763,0.0,-236.90337894564763,236.90337894564763,0.0,-18137.420804535,18137.420804535,0.0,0.0,0.0,0.0,0.0,0.0,0.0,0.0,0.0,-185123.27562426295,-185123.27562426295,18611.227562426295,18611.227562426295,18511.227562426295,0.0,100.0,0.0,0.0,18611.227562426295,18611.227562426295,1,0.0,100.0
6503,17766.294830950937,0.0,-177662.94830950937,0.0,10.0,0.0,-0.0,0.1,0.4038050929999999,40.380509299999986,0.0,0.0,100.0,1.0,0.11,-11.0,-233.91219847770068,233.91219847770068,0.0,-233.91219847770068,233.91219847770068,0.0,-17398.470433995535,17398.470433995535,0.0,0.0,0.0,0.0,0.0,0.0,0.0,0.0,0.0,-177673.94830950937,-177673.94830950937,17866.294830950937,17866.294830950937,17766.294830950937,0.0,100.0,0.0,0.0,17866.294830950937,17866.294830950937,1,0.0,100.0
6504,17766.12177898049,0.0,-177661.2177898049,0.0,10.0,0.0,-0.0,0.1,0.404701043,40.470104299999996,0.0,0.0,100.0,1.0,0.08,-8.0,-233.8255969178568,233.8255969178568,0.0,-233.8255969178568,233.8255969178568,0.0,-17398.470585144776,17398.470585144776,0.0,0.0,0.0,0.0,0.0,0.0,0.0,0.0,0.0,-177669.2177898049,-177669.2177898049,17866.12177898049,17866.12177898049,17766.12177898049,0.0,100.0,0.0,0.0,17866.12177898049,17866.12177898049,1,0.0,100.0
6505,17766.01193443847,0.0,-177660.1193443847,0.0,10.0,0.0,-0.0,0.1,0.400939339,40.0939339,0.0,0.0,100.0,1.0,0.08,-8.0,-233.7706746468463,233.7706746468463,0.0,-233.7706746468463,233.7706746468463,0.0,-17398.470585144776,17398.470585144776,0.0,0.0,0.0,0.0,0.0,0.0,0.0,0.0,0.0,-177668.1193443847,-177668.1193443847,17866.01193443847,17866.01193443847,17766.01193443847,0.0,100.0,0.0,0.0,17866.01193443847,17866.01193443847,1,0.0,100.0
6506,17765.885773360365,0.0,-177658.85773360365,0.0,10.0,0.0,-0.0,0.1,0.418919527,41.891952700000004,0.0,0.0,100.0,1.0,0.08,-8.0,-233.7075941077948,233.7075941077948,0.0,-233.7075941077948,233.7075941077948,0.0,-17398.470585144776,17398.470585144776,0.0,0.0,0.0,0.0,0.0,0.0,0.0,0.0,0.0,-177666.85773360365,-177666.85773360365,17865.885773360365,17865.885773360365,17765.885773360365,0.0,100.0,0.0,0.0,17865.885773360365,17865.885773360365,1,0.0,100.0
6507,18515.952769563344,0.0,-185159.52769563344,0.0,10.0,0.0,-0.0,0.1,0.414031359,41.403135899999995,0.0,0.0,100.0,1.0,0.08,-8.0,-239.2659099625349,239.2659099625349,0.0,-239.2659099625349,239.2659099625349,0.0,-18137.420949638275,18137.420949638275,0.0,0.0,0.0,0.0,0.0,0.0,0.0,0.0,0.0,-185167.52769563344,-185167.52769563344,18615.952769563344,18615.952769563344,18515.952769563344,0.0,100.0,0.0,0.0,18615.952769563344,18615.952769563344,1,0.0,100.0
6508,21498.763103389854,0.0,-214987.63103389853,0.0,10.0,0.0,-0.0,0.1,0.37483187,37.483187,0.0,0.0,100.0,1.0,0.08,-8.0,-238.3409036914813,238.3409036914813,0.0,-238.3409036914813,238.3409036914813,0.0,-21122.08129600689,21122.08129600689,0.0,0.0,0.0,0.0,0.0,0.0,0.0,0.0,0.0,-214995.63103389853,-214995.63103389853,21598.763103389854,21598.763103389854,21498.763103389854,0.0,100.0,0.0,0.0,21598.763103389854,21598.763103389854,1,0.0,100.0
6509,25742.67600741365,0.0,-257426.76007413652,0.0,10.0,0.0,-0.0,0.1,0.353248435,35.3248435,0.0,0.0,100.0,1.0,0.11,-11.0,-445.1240961120321,445.1240961120321,0.0,-445.1240961120321,445.1240961120321,0.0,-24952.427815189585,24952.427815189585,0.0,0.0,0.0,0.0,0.0,0.0,0.0,0.0,0.0,-257437.76007413652,-257437.76007413652,25842.67600741365,25842.67600741365,25742.67600741365,0.0,100.0,0.0,0.0,25842.67600741365,25842.67600741365,1,0.0,100.0
6510,28080.41563749649,0.0,-280804.1563749649,0.0,10.0,0.0,-0.0,0.1,0.332726313,33.2726313,0.0,0.0,100.0,1.0,0.11,-11.0,-704.1843229629266,704.1843229629266,0.0,-704.1843229629266,704.1843229629266,0.0,-30215.6505036146,30215.6505036146,0.0,0.0,2393.251875,2393.251875,0.0,0.0,1050.3516370439663,1050.3516370439663,0.0,-280815.1563749649,-280815.1563749649,31624.019149540458,31624.019149540454,31524.019149540458,0.0,100.0,0.0,0.0,31624.019149540454,28180.415637496488,1,0.0,100.0
6511,52156.829399772876,0.0,-521568.29399772873,0.0,10.0,0.0,-0.0,0.1,0.3011049389999999,30.11049389999999,0.0,0.0,100.0,1.0,0.11,-11.0,-1121.646266881188,1121.646266881188,0.0,-1121.646266881188,1121.646266881188,0.0,-63360.34399503551,63360.34399503551,0.0,0.0,9311.245576171874,9311.245576171874,0.0,0.0,4035.5615528531343,4035.5615528531343,0.0,-521579.29399772873,-521579.29399772873,65603.63652879788,65603.63652879788,65503.636528797884,0.0,100.0,0.0,0.0,65603.63652879788,52256.829399772876,1,0.0,100.0
6512,37568.79953290961,0.0,-375687.9953290961,0.0,10.0,0.0,-0.0,0.1,0.277313461,27.7313461,0.0,0.0,100.0,1.0,0.11,-11.0,-1260.438343446473,1260.438343446473,0.0,-1260.438343446473,1260.438343446473,0.0,-61209.13351650128,61209.13351650128,0.0,0.0,16939.735927734375,16939.735927734375,0.0,0.0,9121.474742750235,9121.474742750235,0.0,-375698.9953290961,-375698.9953290961,63730.01020339422,63730.010203394224,63630.01020339422,0.0,100.0,0.0,0.0,63730.010203394224,37668.799532909616,1,0.0,100.0
6513,28801.897313040412,0.0,-288018.97313040413,0.0,10.0,0.0,-0.0,0.1,0.267316717,26.7316717,0.0,0.0,100.0,1.0,0.11,-11.0,-1330.4775480176995,1330.4775480176995,0.0,-1330.4775480176995,1330.4775480176995,0.0,-65912.5320084098,65912.5320084098,0.0,0.0,22810.68193359375,22810.68193359375,0.0,0.0,16860.907857811042,16860.907857811042,0.0,-288029.97313040413,-288029.97313040413,68573.4871044452,68573.4871044452,68473.4871044452,0.0,100.0,0.0,0.0,68573.4871044452,28901.897313040405,1,0.0,100.0
6514,29292.54800169013,0.0,-292925.48001690133,0.0,10.0,0.0,-0.0,0.1,0.266667597,26.666759699999997,0.0,0.0,100.0,1.0,0.11,-11.0,-1423.3930175235496,1423.3930175235496,0.0,-1423.3930175235496,1423.3930175235496,0.0,-73863.88731137234,73863.88731137234,0.0,0.0,27223.240078125,27223.240078125,0.0,0.0,20094.885266604306,20094.885266604306,0.0,-292936.48001690133,-292936.48001690133,76710.67334641944,76710.67334641944,76610.67334641944,0.0,100.0,0.0,0.0,76710.67334641944,29392.548001690135,1,0.0,100.0
6515,34052.38017327821,0.0,-340523.8017327821,0.0,10.0,0.0,-0.0,0.1,0.282419355,28.241935499999997,0.0,0.0,100.0,1.0,0.11,-11.0,-1444.5077603392956,1444.5077603392956,0.0,-1444.5077603392956,1444.5077603392956,0.0,-78664.50735331108,78664.50735331108,0.0,0.0,25316.117490234374,25316.117490234374,0.0,0.0,22085.025210477084,22085.025210477084,0.0,-340534.8017327821,-340534.8017327821,81553.52287398966,81553.52287398967,81453.52287398966,0.0,100.0,0.0,0.0,81553.52287398967,34152.380173278216,1,0.0,100.0
6516,36769.80647094295,0.0,-367698.0647094295,0.0,10.0,0.0,-0.0,0.1,0.299289354,29.9289354,0.0,0.0,100.0,1.0,0.11,-11.0,-1362.4515766117977,1362.4515766117977,0.0,-1362.4515766117977,1362.4515766117977,0.0,-83640.14140905581,83640.14140905581,0.0,0.0,27410.212880859373,27410.212880859373,0.0,0.0,22085.025210477084,22085.025210477084,0.0,-367709.0647094295,-367709.0647094295,86365.04456227942,86365.0445622794,86265.04456227942,0.0,100.0,0.0,0.0,86365.0445622794,36869.806470942945,1,0.0,100.0
6517,44306.50803629424,0.0,-443065.0803629424,0.0,10.0,0.0,-0.0,0.1,0.314746946,31.474694600000003,0.0,0.0,100.0,1.0,0.11,-11.0,-1324.861396448944,1324.861396448944,0.0,-1324.861396448944,1324.861396448944,0.0,-84251.01227757879,84251.01227757879,0.0,0.0,22399.341767578124,22399.341767578124,0.0,0.0,20094.885266604306,20094.885266604306,0.0,-443076.0803629424,-443076.0803629424,86900.73507047667,86900.73507047667,86800.73507047667,0.0,100.0,0.0,0.0,86900.73507047667,44406.50803629424,1,0.0,100.0
6518,52849.995035139524,0.0,-528499.9503513952,0.0,10.0,0.0,-0.0,0.1,0.3581507379999999,35.81507379999999,0.0,0.0,100.0,1.0,0.08,-8.0,-1311.7289171637317,1311.7289171637317,0.0,-1311.7289171637317,1311.7289171637317,0.0,-84520.6340478124,84520.6340478124,0.0,0.0,17388.470654296874,17388.470654296874,0.0,0.0,16805.626192703465,16805.626192703465,0.0,-528507.9503513952,-528507.9503513952,87144.09188213987,87144.09188213987,87044.09188213987,0.0,100.0,0.0,0.0,87144.09188213987,52949.995035139524,1,0.0,100.0
6519,66124.05109025186,0.0,-661240.5109025186,0.0,10.0,0.0,-0.0,0.1,0.383922582,38.3922582,0.0,0.0,100.0,1.0,0.08,-8.0,-1252.223706998985,1252.223706998985,0.0,-1252.223706998985,1252.223706998985,0.0,-87623.43039219934,87623.43039219934,0.0,0.0,12377.599541015625,12377.599541015625,0.0,0.0,11526.227174929843,11526.227174929843,0.0,-661248.5109025186,-661248.5109025186,90127.87780619733,90127.87780619731,90027.87780619733,0.0,100.0,0.0,0.0,90127.87780619731,66224.05109025184,1,0.0,100.0
6520,70925.67063402735,0.0,-709256.7063402735,0.0,10.0,0.0,-0.0,0.1,0.39594288,39.594288,0.0,0.0,100.0,1.0,0.08,-8.0,-974.3254221171655,974.3254221171655,0.0,-974.3254221171655,974.3254221171655,0.0,-80399.72283389089,80399.72283389089,0.0,0.0,5683.973203125,5683.973203125,0.0,0.0,5638.729840972873,5638.729840972873,0.0,-709264.7063402735,-709264.7063402735,82348.37367812522,82348.37367812522,82248.37367812522,0.0,100.0,0.0,0.0,82348.37367812522,71025.67063402735,1,0.0,100.0
6521,69434.43273102144,0.0,-694344.3273102144,0.0,10.0,0.0,-0.0,0.1,0.399341833,39.9341833,0.0,0.0,100.0,1.0,0.11,-11.0,-918.61667547297,918.61667547297,0.0,-918.61667547297,918.61667547297,0.0,-69355.61771386256,69355.61771386256,0.0,0.0,635.707529296875,635.707529296875,0.0,0.0,1022.710804490178,1022.710804490178,0.0,-694355.3273102144,-694355.3273102144,71192.85106480849,71192.8510648085,71092.85106480849,0.0,100.0,0.0,0.0,71192.8510648085,69534.43273102146,1,0.0,100.0
6522,66811.74174155806,0.0,-668117.4174155806,0.0,10.0,0.0,-0.0,0.1,0.399968991,39.9968991,0.0,0.0,100.0,1.0,0.11,-11.0,-918.8468525334127,918.8468525334127,0.0,-918.8468525334127,918.8468525334127,0.0,-65074.04803649124,65074.04803649124,0.0,0.0,0.0,0.0,0.0,0.0,0.0,0.0,0.0,-668128.4174155806,-668128.4174155806,66911.74174155806,66911.74174155806,66811.74174155806,0.0,100.0,0.0,0.0,66911.74174155806,66911.74174155806,1,0.0,100.0
6523,52634.2007220984,0.0,-526342.007220984,0.0,10.0,0.0,-0.0,0.1,0.396392485,39.6392485,0.0,0.0,100.0,1.0,0.11,-11.0,-906.4421574197734,906.4421574197734,0.0,-906.4421574197734,906.4421574197734,0.0,-50921.316407258855,50921.316407258855,0.0,0.0,0.0,0.0,0.0,0.0,0.0,0.0,0.0,-526353.007220984,-526353.007220984,52734.2007220984,52734.2007220984,52634.2007220984,0.0,100.0,0.0,0.0,52734.2007220984,52734.2007220984,1,0.0,100.0
6524,45878.23090431208,0.0,-458782.30904312077,0.0,10.0,0.0,-0.0,0.1,0.403512722,40.3512722,0.0,0.0,100.0,1.0,0.11,-11.0,-234.0605781257292,234.0605781257292,0.0,-234.0605781257292,234.0605781257292,0.0,-45510.10974806062,45510.10974806062,0.0,0.0,0.0,0.0,0.0,0.0,0.0,0.0,0.0,-458793.30904312077,-458793.30904312077,45978.23090431208,45978.23090431208,45878.23090431208,0.0,100.0,0.0,0.0,45978.23090431208,45978.23090431208,1,0.0,100.0
6525,21489.81625110793,0.0,-214898.1625110793,0.0,10.0,0.0,-0.0,0.1,0.399801949,39.9801949,0.0,0.0,100.0,1.0,0.11,-11.0,-233.9084752707652,233.9084752707652,0.0,-233.9084752707652,233.9084752707652,0.0,-21121.9993005664,21121.9993005664,0.0,0.0,0.0,0.0,0.0,0.0,0.0,0.0,0.0,-214909.1625110793,-214909.1625110793,21589.81625110793,21589.81625110793,21489.81625110793,0.0,100.0,0.0,0.0,21589.81625110793,21589.81625110793,1,0.0,100.0
6526,18510.76922999167,0.0,-185107.6922999167,0.0,10.0,0.0,-0.0,0.1,0.401168164,40.1168164,0.0,0.0,100.0,1.0,0.11,-11.0,-236.67414319968543,236.67414319968543,0.0,-236.67414319968543,236.67414319968543,0.0,-18137.4209435923,18137.4209435923,0.0,0.0,0.0,0.0,0.0,0.0,0.0,0.0,0.0,-185118.6922999167,-185118.6922999167,18610.76922999167,18610.76922999167,18510.76922999167,0.0,100.0,0.0,0.0,18610.76922999167,18610.76922999167,1,0.0,100.0
6527,17765.86309992881,0.0,-177658.6309992881,0.0,10.0,0.0,-0.0,0.1,0.408778899,40.8778899,0.0,0.0,100.0,1.0,0.11,-11.0,-233.6962634379844,233.6962634379844,0.0,-233.6962634379844,233.6962634379844,0.0,-17398.47057305284,17398.47057305284,0.0,0.0,0.0,0.0,0.0,0.0,0.0,0.0,0.0,-177669.6309992881,-177669.6309992881,17865.86309992881,17865.86309992881,17765.86309992881,0.0,100.0,0.0,0.0,17865.86309992881,17865.86309992881,1,0.0,100.0
6528,14752.365765359687,0.0,-147523.65765359686,0.0,10.0,0.0,-0.0,0.1,0.4038025839999999,40.38025839999999,0.0,0.0,100.0,1.0,0.08,-8.0,-233.62513647396463,233.62513647396463,0.0,-233.62513647396463,233.62513647396463,0.0,-14385.115492411758,14385.115492411758,0.0,0.0,0.0,0.0,0.0,0.0,0.0,0.0,0.0,-147531.65765359686,-147531.65765359686,14852.365765359687,14852.365765359687,14752.365765359687,0.0,100.0,0.0,0.0,14852.365765359687,14852.365765359687,1,0.0,100.0
6529,14752.212112329444,0.0,-147522.12112329443,0.0,10.0,0.0,-0.0,0.1,0.404145934,40.4145934,0.0,0.0,100.0,1.0,0.08,-8.0,-233.54830693585728,233.54830693585728,0.0,-233.54830693585728,233.54830693585728,0.0,-14385.11549845773,14385.11549845773,0.0,0.0,0.0,0.0,0.0,0.0,0.0,0.0,0.0,-147530.12112329443,-147530.12112329443,14852.212112329444,14852.212112329444,14752.212112329444,0.0,100.0,0.0,0.0,14852.212112329444,14852.212112329444,1,0.0,100.0
6530,14752.180387977016,0.0,-147521.80387977016,0.0,10.0,0.0,-0.0,0.1,0.408891,40.8891,0.0,0.0,100.0,1.0,0.08,-8.0,-233.5324447596432,233.5324447596432,0.0,-233.5324447596432,233.5324447596432,0.0,-14385.11549845773,14385.11549845773,0.0,0.0,0.0,0.0,0.0,0.0,0.0,0.0,0.0,-147529.80387977016,-147529.80387977016,14852.180387977016,14852.180387977016,14752.180387977016,0.0,100.0,0.0,0.0,14852.180387977016,14852.180387977016,1,0.0,100.0
6531,15493.336397384799,0.0,-154933.363973848,0.0,10.0,0.0,-0.0,0.1,0.4105565089999999,41.05565089999999,0.0,0.0,100.0,1.0,0.08,-8.0,-234.63526419380565,234.63526419380565,0.0,-234.63526419380565,234.63526419380565,0.0,-15124.065868997188,15124.065868997188,0.0,0.0,0.0,0.0,0.0,0.0,0.0,0.0,0.0,-154941.363973848,-154941.363973848,15593.336397384799,15593.336397384799,15493.336397384799,0.0,100.0,0.0,0.0,15593.336397384799,15593.336397384799,1,0.0,100.0
6532,16971.141199815036,0.0,-169711.41199815035,0.0,10.0,0.0,-0.0,0.1,0.411156609,41.1156609,0.0,0.0,100.0,1.0,0.08,-8.0,-234.54623668951265,234.54623668951265,0.0,-234.54623668951265,234.54623668951265,0.0,-16602.04872643601,16602.04872643601,0.0,0.0,0.0,0.0,0.0,0.0,0.0,0.0,0.0,-169719.41199815035,-169719.41199815035,17071.141199815036,17071.141199815036,16971.141199815036,0.0,100.0,0.0,0.0,17071.141199815036,17071.141199815036,1,0.0,100.0
6533,26032.676724142697,0.0,-260326.76724142698,0.0,10.0,0.0,-0.0,0.1,0.378549952,37.854995200000005,0.0,0.0,100.0,1.0,0.11,-11.0,-234.545767224763,234.545767224763,0.0,-234.545767224763,234.545767224763,0.0,-25663.58518969317,25663.58518969317,0.0,0.0,0.0,0.0,0.0,0.0,0.0,0.0,0.0,-260337.76724142698,-260337.76724142698,26132.676724142697,26132.676724142697,26032.676724142697,0.0,100.0,0.0,0.0,26132.676724142697,26132.676724142697,1,0.0,100.0
6534,25826.685725464606,0.0,-258266.85725464605,0.0,10.0,0.0,-0.0,0.1,0.375404751,37.540475099999995,0.0,0.0,100.0,1.0,0.11,-11.0,-204.28393916789017,204.28393916789017,0.0,-204.28393916789017,204.28393916789017,0.0,-29371.441173762945,29371.441173762945,0.0,0.0,2692.408359375,2692.408359375,0.0,0.0,1160.9149672591209,1160.9149672591209,0.0,-258277.85725464605,-258277.85725464605,29780.00905209873,29780.009052098725,29680.00905209873,0.0,100.0,0.0,0.0,29780.009052098725,25926.685725464602,1,0.0,100.0
6535,37868.95980966251,0.0,-378689.5980966251,0.0,10.0,0.0,-0.0,0.1,0.36987405,36.987405,0.0,0.0,100.0,1.0,0.11,-11.0,-198.34653985853487,198.34653985853487,0.0,-198.34653985853487,198.34653985853487,0.0,-52982.3825725115,52982.3825725115,0.0,0.0,9273.851015625,9273.851015625,0.0,0.0,6136.264826941067,6136.264826941067,0.0,-378700.5980966251,-378700.5980966251,53379.07565222858,53379.075652228574,53279.07565222858,0.0,100.0,0.0,0.0,53379.075652228574,37968.959809662505,1,0.0,100.0
6536,32847.39444444338,0.0,-328473.9444444338,0.0,10.0,0.0,-0.0,0.1,0.359190795,35.9190795,0.0,0.0,100.0,1.0,0.11,-11.0,-198.3995646467531,198.3995646467531,0.0,-198.3995646467531,198.3995646467531,0.0,-59933.73651338019,59933.73651338019,0.0,0.0,15967.477353515624,15967.477353515624,0.0,0.0,11415.663844714689,11415.663844714689,0.0,-328484.9444444338,-328484.9444444338,60330.53564267369,60330.53564267369,60230.53564267369,0.0,100.0,0.0,0.0,60330.53564267369,32947.39444444338,1,0.0,100.0
6537,23471.07981615232,0.0,-234710.79816152318,0.0,10.0,0.0,-0.0,0.1,0.3581778229999999,35.81778229999999,0.0,0.0,100.0,1.0,0.11,-11.0,-198.4397075230817,198.4397075230817,0.0,-198.4397075230817,198.4397075230817,0.0,-61026.41953711784,61026.41953711784,0.0,0.0,21875.81791992188,21875.81791992188,0.0,0.0,15976.401216089806,15976.401216089806,0.0,-234721.79816152318,-234721.79816152318,61423.298952164005,61423.298952164005,61323.298952164005,0.0,100.0,0.0,0.0,61423.298952164005,23571.07981615232,1,0.0,100.0
6538,16090.005748920968,0.0,-160900.0574892097,0.0,10.0,0.0,-0.0,0.1,0.384506236,38.4506236,0.0,0.0,100.0,1.0,0.11,-11.0,-201.3598352543232,201.3598352543232,0.0,-201.3598352543232,201.3598352543232,0.0,-61957.58574504733,61957.58574504733,0.0,0.0,25577.8794140625,25577.8794140625,0.0,0.0,20592.4202525725,20592.4202525725,0.0,-160911.0574892097,-160911.0574892097,62360.305415555966,62360.30541555597,62260.305415555966,0.0,100.0,0.0,0.0,62360.30541555597,16190.005748920972,1,0.0,100.0
6539,12106.350951100194,0.0,-121063.50951100193,0.0,10.0,0.0,-0.0,0.1,0.412303347,41.2303347,0.0,0.0,100.0,1.0,0.11,-11.0,-198.51714008489424,198.51714008489424,0.0,-198.51714008489424,198.51714008489424,0.0,-62062.16808175718,62062.16808175718,0.0,0.0,28831.206181640624,28831.206181640624,0.0,0.0,21421.64522918616,21421.64522918616,0.0,-121074.50951100193,-121074.50951100193,62459.202361926975,62459.202361926975,62359.202361926975,0.0,100.0,0.0,0.0,62459.202361926975,12206.35095110019,1,0.0,100.0
6540,12212.51135214743,0.0,-122125.1135214743,0.0,10.0,0.0,-0.0,0.1,0.415186881,41.5186881,0.0,0.0,100.0,1.0,0.11,-11.0,-198.5790017729514,198.5790017729514,0.0,-198.5790017729514,198.5790017729514,0.0,-62278.79970908372,62278.79970908372,0.0,0.0,28195.498652343747,28195.498652343747,0.0,0.0,22167.94770813845,22167.94770813845,0.0,-122136.1135214743,-122136.1135214743,62675.95771262962,62675.95771262963,62575.95771262962,0.0,100.0,0.0,0.0,62675.95771262963,12312.511352147434,1,0.0,100.0
6541,1890.5793312891183,0.0,-18905.793312891183,0.0,10.0,0.0,-0.0,0.1,0.418935001,41.8935001,0.0,0.0,100.0,1.0,0.11,-11.0,-264.4310708701659,264.4310708701659,0.0,-264.4310708701659,264.4310708701659,0.0,-47710.07829956874,47710.07829956874,0.0,0.0,25241.328369140625,25241.328369140625,0.0,0.0,21007.03274087933,21007.03274087933,0.0,-18916.793312891183,-18916.793312891183,48238.940441309074,48238.940441309074,48138.940441309074,0.0,100.0,0.0,0.0,48238.940441309074,1990.5793312891183,1,0.0,100.0
6542,10899.808385704753,0.0,-108998.08385704753,0.0,10.0,0.0,-0.0,0.1,0.421876704,42.1876704,0.0,0.0,100.0,1.0,0.08,-8.0,-257.214650625146,257.214650625146,0.0,-257.214650625146,257.214650625146,0.0,-47788.1171305621,47788.1171305621,0.0,0.0,20193.0626953125,20193.0626953125,0.0,0.0,17109.67535079514,17109.67535079514,0.0,-109006.08385704753,-109006.08385704753,48302.54643181239,48302.54643181239,48202.54643181239,0.0,100.0,0.0,0.0,48302.54643181239,10999.808385704753,1,0.0,100.0
6543,25307.429396734362,0.0,-253074.29396734363,0.0,10.0,0.0,-0.0,0.1,0.417572792,41.7572792,0.0,0.0,100.0,1.0,0.08,-8.0,-273.8727436935442,273.8727436935442,0.0,-273.8727436935442,273.8727436935442,0.0,-50264.185720884416,50264.185720884416,0.0,0.0,13574.225478515624,13574.225478515624,0.0,0.0,11830.276333021517,11830.276333021517,0.0,-253082.29396734363,-253082.29396734363,50811.931208271504,50811.931208271504,50711.931208271504,0.0,100.0,0.0,0.0,50811.931208271504,25407.429396734362,1,0.0,100.0
6544,35992.82200964845,0.0,-359928.2200964845,0.0,10.0,0.0,-0.0,0.1,0.4192602079999999,41.92602079999999,0.0,0.0,100.0,1.0,0.08,-8.0,-287.03934109930674,287.03934109930674,0.0,-287.03934109930674,287.03934109930674,0.0,-47480.42622313579,47480.42622313579,0.0,0.0,5908.34056640625,5908.34056640625,0.0,0.0,6053.3423292797015,6053.3423292797015,0.0,-359936.2200964845,-359936.2200964845,48054.504905334405,48054.504905334405,47954.504905334405,0.0,100.0,0.0,0.0,48054.504905334405,36092.82200964845,1,0.0,100.0
6545,18671.168967540656,0.0,-186711.68967540655,0.0,10.0,0.0,-0.0,0.1,0.41477493,41.477492999999996,0.0,0.0,100.0,1.0,0.11,-11.0,-236.24332883015464,236.24332883015464,0.0,-236.24332883015464,236.24332883015464,0.0,-20002.62858078189,20002.62858078189,0.0,0.0,598.31296875,598.31296875,0.0,0.0,1105.6333021515436,1105.6333021515436,0.0,-186722.68967540655,-186722.68967540655,20475.1152384422,20475.1152384422,20375.1152384422,0.0,100.0,0.0,0.0,20475.1152384422,18771.168967540656,1,0.0,100.0
6546,19941.803766246227,0.0,-199418.03766246227,0.0,10.0,0.0,-0.0,0.1,0.405082394,40.5082394,0.0,0.0,100.0,1.0,0.11,-11.0,-241.99048503939787,241.99048503939787,0.0,-241.99048503939787,241.99048503939787,0.0,-19557.82279616743,19557.82279616743,0.0,0.0,0.0,0.0,0.0,0.0,0.0,0.0,0.0,-199429.03766246227,-199429.03766246227,20041.803766246227,20041.803766246227,19941.803766246227,0.0,100.0,0.0,0.0,20041.803766246227,20041.803766246227,1,0.0,100.0
6547,19928.35714769833,0.0,-199283.5714769833,0.0,10.0,0.0,-0.0,0.1,0.404903539,40.490353899999995,0.0,0.0,100.0,1.0,0.11,-11.0,-235.2671606505249,235.2671606505249,0.0,-235.2671606505249,235.2671606505249,0.0,-19557.82282639728,19557.82282639728,0.0,0.0,0.0,0.0,0.0,0.0,0.0,0.0,0.0,-199294.5714769833,-199294.5714769833,20028.35714769833,20028.35714769833,19928.35714769833,0.0,100.0,0.0,0.0,20028.35714769833,20028.35714769833,1,0.0,100.0
6548,18449.019040466843,0.0,-184490.19040466842,0.0,10.0,0.0,-0.0,0.1,0.397241477,39.7241477,0.0,0.0,100.0,1.0,0.11,-11.0,-234.5211104925893,234.5211104925893,0.0,-234.5211104925893,234.5211104925893,0.0,-18079.976819481664,18079.976819481664,0.0,0.0,0.0,0.0,0.0,0.0,0.0,0.0,0.0,-184501.19040466842,-184501.19040466842,18549.019040466843,18549.019040466843,18449.019040466843,0.0,100.0,0.0,0.0,18549.019040466843,18549.019040466843,1,0.0,100.0
6549,16969.359564135884,0.0,-169693.59564135884,0.0,10.0,0.0,-0.0,0.1,0.4023595579999999,40.23595579999999,0.0,0.0,100.0,1.0,0.11,-11.0,-233.69648005286933,233.69648005286933,0.0,-233.69648005286933,233.69648005286933,0.0,-16601.966604030145,16601.966604030145,0.0,0.0,0.0,0.0,0.0,0.0,0.0,0.0,0.0,-169704.59564135884,-169704.59564135884,17069.359564135884,17069.359564135884,16969.359564135884,0.0,100.0,0.0,0.0,17069.359564135884,17069.359564135884,1,0.0,100.0
6550,15497.210827765917,0.0,-154972.10827765916,0.0,10.0,0.0,-0.0,0.1,0.405330144,40.5330144,0.0,0.0,100.0,1.0,0.11,-11.0,-236.57248240734805,236.57248240734805,0.0,-236.57248240734805,236.57248240734805,0.0,-15124.065862951222,15124.065862951222,0.0,0.0,0.0,0.0,0.0,0.0,0.0,0.0,0.0,-154983.10827765916,-154983.10827765916,15597.210827765917,15597.210827765917,15497.210827765917,0.0,100.0,0.0,0.0,15597.210827765917,15597.210827765917,1,0.0,100.0
6551,14752.564062771777,0.0,-147525.64062771777,0.0,10.0,0.0,-0.0,0.1,0.406727422,40.6727422,0.0,0.0,100.0,1.0,0.11,-11.0,-233.72428215702388,233.72428215702388,0.0,-233.72428215702388,233.72428215702388,0.0,-14385.11549845773,14385.11549845773,0.0,0.0,0.0,0.0,0.0,0.0,0.0,0.0,0.0,-147536.64062771777,-147536.64062771777,14852.564062771777,14852.564062771777,14752.564062771777,0.0,100.0,0.0,0.0,14852.564062771777,14852.564062771777,1,0.0,100.0
6552,14752.573697469357,0.0,-147525.73697469357,0.0,10.0,0.0,-0.0,0.1,0.414622897,41.4622897,0.0,0.0,100.0,1.0,0.08,-8.0,-233.7427210754552,233.7427210754552,0.0,-233.7427210754552,233.7427210754552,0.0,-14385.088255318447,14385.088255318447,0.0,0.0,0.0,0.0,0.0,0.0,0.0,0.0,0.0,-147533.73697469357,-147533.73697469357,14852.573697469357,14852.573697469357,14752.573697469357,0.0,100.0,0.0,0.0,14852.573697469357,14852.573697469357,1,0.0,100.0
6553,14752.61456592463,0.0,-147526.1456592463,0.0,10.0,0.0,-0.0,0.1,0.420958757,42.0958757,0.0,0.0,100.0,1.0,0.08,-8.0,-233.76316739502988,233.76316739502988,0.0,-233.76316739502988,233.76316739502988,0.0,-14385.08823113457,14385.08823113457,0.0,0.0,0.0,0.0,0.0,0.0,0.0,0.0,0.0,-147534.1456592463,-147534.1456592463,14852.61456592463,14852.61456592463,14752.61456592463,0.0,100.0,0.0,0.0,14852.61456592463,14852.61456592463,1,0.0,100.0
6554,14752.649074554158,0.0,-147526.49074554158,0.0,10.0,0.0,-0.0,0.1,0.427214759,42.7214759,0.0,0.0,100.0,1.0,0.08,-8.0,-233.7804156638252,233.7804156638252,0.0,-233.7804156638252,233.7804156638252,0.0,-14385.088243226508,14385.088243226508,0.0,0.0,0.0,0.0,0.0,0.0,0.0,0.0,0.0,-147534.49074554158,-147534.49074554158,14852.649074554158,14852.649074554158,14752.649074554158,0.0,100.0,0.0,0.0,14852.649074554158,14852.649074554158,1,0.0,100.0
6555,15494.064182895538,0.0,-154940.64182895538,0.0,10.0,0.0,-0.0,0.1,0.4194071279999999,41.94071279999999,0.0,0.0,100.0,1.0,0.08,-8.0,-235.0127724728445,235.0127724728445,0.0,-235.0127724728445,235.0127724728445,0.0,-15124.038637949849,15124.038637949849,0.0,0.0,0.0,0.0,0.0,0.0,0.0,0.0,0.0,-154948.64182895538,-154948.64182895538,15594.064182895538,15594.064182895538,15494.064182895538,0.0,100.0,0.0,0.0,15594.064182895538,15594.064182895538,1,0.0,100.0
6556,16971.80815909486,0.0,-169718.0815909486,0.0,10.0,0.0,-0.0,0.1,0.390192047,39.019204699999996,0.0,0.0,100.0,1.0,0.08,-8.0,-234.8933076692159,234.8933076692159,0.0,-234.8933076692159,234.8933076692159,0.0,-16602.02154375643,16602.02154375643,0.0,0.0,0.0,0.0,0.0,0.0,0.0,0.0,0.0,-169726.0815909486,-169726.0815909486,17071.80815909486,17071.80815909486,16971.80815909486,0.0,100.0,0.0,0.0,17071.80815909486,17071.80815909486,1,0.0,100.0
6557,18894.335800406665,0.0,-188943.35800406666,0.0,10.0,0.0,-0.0,0.1,0.362016577,36.2016577,0.0,0.0,100.0,1.0,0.11,-11.0,-234.84496598016327,234.84496598016327,0.0,-234.84496598016327,234.84496598016327,0.0,-18524.64586844634,18524.64586844634,0.0,0.0,0.0,0.0,0.0,0.0,0.0,0.0,0.0,-188954.35800406666,-188954.35800406666,18994.335800406665,18994.335800406665,18894.335800406665,0.0,100.0,0.0,0.0,18994.335800406665,18994.335800406665,1,0.0,100.0
6558,21074.802072591647,0.0,-210748.02072591646,0.0,10.0,0.0,-0.0,0.1,0.345762305,34.5762305,0.0,0.0,100.0,1.0,0.11,-11.0,-204.5807409333518,204.5807409333518,0.0,-204.5807409333518,204.5807409333518,0.0,-22902.02321561349,22902.02321561349,0.0,0.0,1832.333466796875,1832.333466796875,0.0,0.0,304.0491580916745,304.0491580916745,0.0,-210759.02072591646,-210759.02072591646,23311.184697480196,23311.184697480196,23211.184697480196,0.0,100.0,0.0,0.0,23311.184697480196,21174.802072591647,1,0.0,100.0
6559,48326.25934256277,0.0,-483262.5934256277,0.0,10.0,0.0,-0.0,0.1,0.330431029,33.0431029,0.0,0.0,100.0,1.0,0.11,-11.0,-198.7361330891169,198.7361330891169,0.0,-198.7361330891169,198.7361330891169,0.0,-51163.48037606041,51163.48037606041,0.0,0.0,2056.700830078125,2056.700830078125,0.0,0.0,1077.992469597755,1077.992469597755,0.0,-483273.5934256277,-483273.5934256277,51560.95264223865,51560.95264223865,51460.95264223865,0.0,100.0,0.0,0.0,51560.95264223865,48426.25934256277,1,0.0,100.0
6560,37067.4036715813,0.0,-370674.036715813,0.0,10.0,0.0,-0.0,0.1,0.315362293,31.536229300000002,0.0,0.0,100.0,1.0,0.11,-11.0,-227.11325474046672,227.11325474046672,0.0,-227.11325474046672,227.11325474046672,0.0,-43029.712049992086,43029.712049992086,0.0,0.0,4188.190781249999,4188.190781249999,0.0,0.0,2128.3441066417217,2128.3441066417217,0.0,-370685.036715813,-370685.036715813,43483.93855947302,43483.93855947302,43383.93855947302,0.0,100.0,0.0,0.0,43483.93855947302,37167.4036715813,1,0.0,100.0
6561,34644.7145679557,0.0,-346447.145679557,0.0,10.0,0.0,-0.0,0.1,0.317721569,31.7721569,0.0,0.0,100.0,1.0,0.11,-11.0,-313.9251765502605,313.9251765502605,0.0,-313.9251765502605,313.9251765502605,0.0,-42971.39978509825,42971.39978509825,0.0,0.0,5758.76232421875,5758.76232421875,0.0,0.0,3095.7732460243224,3095.7732460243224,0.0,-346458.145679557,-346458.145679557,43599.25013819877,43599.25013819877,43499.25013819877,0.0,100.0,0.0,0.0,43599.25013819877,34744.7145679557,1,0.0,100.0
6562,29315.060739504843,0.0,-293150.6073950484,0.0,10.0,0.0,-0.0,0.1,0.348653635,34.8653635,0.0,0.0,100.0,1.0,0.11,-11.0,-330.2536709704722,330.2536709704722,0.0,-330.2536709704722,330.2536709704722,0.0,-37909.929042487965,37909.929042487965,0.0,0.0,4898.687431640625,4898.687431640625,0.0,0.0,4256.688213283444,4256.688213283444,0.0,-293161.6073950484,-293161.6073950484,38570.43638442891,38570.43638442891,38470.43638442891,0.0,100.0,0.0,0.0,38570.43638442891,29415.060739504843,1,0.0,100.0
6563,33796.0214506925,0.0,-337960.21450692497,0.0,10.0,0.0,-0.0,0.1,0.3930468789999999,39.30468789999999,0.0,0.0,100.0,1.0,0.11,-11.0,-338.4597475525334,338.4597475525334,0.0,-338.4597475525334,338.4597475525334,0.0,-43237.82481538082,43237.82481538082,0.0,0.0,5347.422158203125,5347.422158203125,0.0,0.0,4671.300701590272,4671.300701590272,0.0,-337971.21450692497,-337971.21450692497,43914.7443104859,43914.74431048589,43814.7443104859,0.0,100.0,0.0,0.0,43914.74431048589,33896.0214506925,1,0.0,100.0
6564,24662.39979332924,0.0,-246623.9979332924,0.0,10.0,0.0,-0.0,0.1,0.400538368,40.0538368,0.0,0.0,100.0,1.0,0.11,-11.0,-353.6273269871253,353.6273269871253,0.0,-353.6273269871253,353.6273269871253,0.0,-36618.381706641885,36618.381706641885,0.0,0.0,6731.020898437499,6731.020898437499,0.0,0.0,5832.215668849392,5832.215668849392,0.0,-246634.9979332924,-246634.9979332924,37325.63636061613,37325.63636061613,37225.63636061613,0.0,100.0,0.0,0.0,37325.63636061613,24762.39979332924,1,0.0,100.0
6565,29429.37170133982,0.0,-294293.7170133982,0.0,10.0,0.0,-0.0,0.1,0.3860762829999999,38.60762829999999,0.0,0.0,100.0,1.0,0.11,-11.0,-383.8365767493936,383.8365767493936,0.0,-383.8365767493936,383.8365767493936,0.0,-42256.55842594886,42256.55842594886,0.0,0.0,7441.517548828125,7441.517548828125,0.0,0.0,6053.3423292797015,6053.3423292797015,0.0,-294304.7170133982,-294304.7170133982,43024.231579447645,43024.231579447645,42924.231579447645,0.0,100.0,0.0,0.0,43024.231579447645,29529.37170133982,1,0.0,100.0
6566,24484.961754925578,0.0,-244849.61754925578,0.0,10.0,0.0,-0.0,0.1,0.390678081,39.0678081,0.0,0.0,100.0,1.0,0.08,-8.0,-360.8609975930295,360.8609975930295,0.0,-360.8609975930295,360.8609975930295,0.0,-35945.20809419345,35945.20809419345,0.0,0.0,6581.442656249999,6581.442656249999,0.0,0.0,5500.52567820393,5500.52567820393,0.0,-244857.61754925578,-244857.61754925578,36666.93008937951,36666.93008937951,36566.93008937951,0.0,100.0,0.0,0.0,36666.93008937951,24584.961754925578,1,0.0,100.0
6567,33135.468623103145,0.0,-331354.68623103143,0.0,10.0,0.0,-0.0,0.1,0.40600032,40.600032000000006,0.0,0.0,100.0,1.0,0.08,-8.0,-383.09875699472417,383.09875699472417,0.0,-383.09875699472417,383.09875699472417,0.0,-43922.01331997263,43922.01331997263,0.0,0.0,6394.469853515625,6394.469853515625,0.0,0.0,5058.272357343312,5058.272357343312,0.0,-331362.68623103143,-331362.68623103143,44688.21083396208,44688.21083396208,44588.21083396208,0.0,100.0,0.0,0.0,44688.21083396208,33235.468623103145,1,0.0,100.0
6568,30160.132016790056,0.0,-301601.3201679005,0.0,10.0,0.0,-0.0,0.1,0.414907041,41.490704099999995,0.0,0.0,100.0,1.0,0.08,-8.0,-339.9766661516835,339.9766661516835,0.0,-339.9766661516835,339.9766661516835,0.0,-36178.046191073234,36178.046191073234,0.0,0.0,3253.326767578125,3253.326767578125,0.0,0.0,3344.54073900842,3344.54073900842,0.0,-301609.3201679005,-301609.3201679005,36857.9995233766,36857.9995233766,36757.9995233766,0.0,100.0,0.0,0.0,36857.9995233766,30260.132016790056,1,0.0,100.0
6569,20105.840703050762,0.0,-201058.40703050763,0.0,10.0,0.0,-0.0,0.1,0.411455167,41.1455167,0.0,0.0,100.0,1.0,0.11,-11.0,-351.2247335974904,351.2247335974904,0.0,-351.2247335974904,351.2247335974904,0.0,-20002.54657324945,20002.54657324945,0.0,0.0,112.183681640625,112.183681640625,0.0,0.0,386.9716557530403,386.9716557530403,0.0,-201069.40703050763,-201069.40703050763,20704.99604044443,20704.99604044443,20604.99604044443,0.0,100.0,0.0,0.0,20704.99604044443,20205.840703050762,1,0.0,100.0
6570,20139.35820673466,0.0,-201393.5820673466,0.0,10.0,0.0,-0.0,0.1,0.406093635,40.6093635,0.0,0.0,100.0,1.0,0.11,-11.0,-340.80867881998705,340.80867881998705,0.0,-340.80867881998705,340.80867881998705,0.0,-19557.740849094687,19557.740849094687,0.0,0.0,0.0,0.0,0.0,0.0,0.0,0.0,0.0,-201404.5820673466,-201404.5820673466,20239.35820673466,20239.35820673466,20139.35820673466,0.0,100.0,0.0,0.0,20239.35820673466,20239.35820673466,1,0.0,100.0
6571,20053.25790632856,0.0,-200532.5790632856,0.0,10.0,0.0,-0.0,0.1,0.404388217,40.4388217,0.0,0.0,100.0,1.0,0.11,-11.0,-297.758522570966,297.758522570966,0.0,-297.758522570966,297.758522570966,0.0,-19557.740861186627,19557.740861186627,0.0,0.0,0.0,0.0,0.0,0.0,0.0,0.0,0.0,-200543.5790632856,-200543.5790632856,20153.25790632856,20153.25790632856,20053.25790632856,0.0,100.0,0.0,0.0,20153.25790632856,20153.25790632856,1,0.0,100.0
6572,18500.422283801767,0.0,-185004.22283801768,0.0,10.0,0.0,-0.0,0.1,0.3985017729999999,39.85017729999999,0.0,0.0,100.0,1.0,0.11,-11.0,-260.24999948320345,260.24999948320345,0.0,-260.24999948320345,260.24999948320345,0.0,-18079.92228483536,18079.92228483536,0.0,0.0,0.0,0.0,0.0,0.0,0.0,0.0,0.0,-185015.22283801768,-185015.22283801768,18600.422283801767,18600.422283801767,18500.422283801767,0.0,100.0,0.0,0.0,18600.422283801767,18600.422283801767,1,0.0,100.0
6573,16970.275695996006,0.0,-169702.75695996007,0.0,10.0,0.0,-0.0,0.1,0.400796314,40.0796314,0.0,0.0,100.0,1.0,0.11,-11.0,-234.16815848361503,234.16815848361503,0.0,-234.16815848361503,234.16815848361503,0.0,-16601.939379028776,16601.939379028776,0.0,0.0,0.0,0.0,0.0,0.0,0.0,0.0,0.0,-169713.75695996007,-169713.75695996007,17070.275695996006,17070.275695996006,16970.275695996006,0.0,100.0,0.0,0.0,17070.275695996006,17070.275695996006,1,0.0,100.0
6574,15497.97558594774,0.0,-154979.7558594774,0.0,10.0,0.0,-0.0,0.1,0.404746512,40.4746512,0.0,0.0,100.0,1.0,0.11,-11.0,-236.9684739989448,236.9684739989448,0.0,-236.9684739989448,236.9684739989448,0.0,-15124.038637949849,15124.038637949849,0.0,0.0,0.0,0.0,0.0,0.0,0.0,0.0,0.0,-154990.7558594774,-154990.7558594774,15597.97558594774,15597.97558594774,15497.97558594774,0.0,100.0,0.0,0.0,15597.97558594774,15597.97558594774,1,0.0,100.0
6575,14753.261328429682,0.0,-147532.61328429682,0.0,10.0,0.0,-0.0,0.1,0.409930943,40.993094299999996,0.0,0.0,100.0,1.0,0.11,-11.0,-234.0865365556178,234.0865365556178,0.0,-234.0865365556178,234.0865365556178,0.0,-14385.088255318447,14385.088255318447,0.0,0.0,0.0,0.0,0.0,0.0,0.0,0.0,0.0,-147543.61328429682,-147543.61328429682,14853.261328429682,14853.261328429682,14753.261328429682,0.0,100.0,0.0,0.0,14853.261328429682,14853.261328429682,1,0.0,100.0
6576,17766.49349745371,0.0,-177664.93497453711,0.0,10.0,0.0,-0.0,0.1,0.40792023,40.792023,0.0,0.0,100.0,1.0,0.08,-8.0,-234.0112294306045,234.0112294306045,0.0,-234.0112294306045,234.0112294306045,0.0,-17398.471038592503,17398.471038592503,0.0,0.0,0.0,0.0,0.0,0.0,0.0,0.0,0.0,-177672.93497453711,-177672.93497453711,17866.49349745371,17866.49349745371,17766.49349745371,0.0,100.0,0.0,0.0,17866.49349745371,17866.49349745371,1,0.0,100.0
6577,17766.09304862487,0.0,-177660.9304862487,0.0,10.0,0.0,-0.0,0.1,0.413550664,41.3550664,0.0,0.0,100.0,1.0,0.08,-8.0,-233.8110050161823,233.8110050161823,0.0,-233.8110050161823,233.8110050161823,0.0,-17398.471038592503,17398.471038592503,0.0,0.0,0.0,0.0,0.0,0.0,0.0,0.0,0.0,-177668.9304862487,-177668.9304862487,17866.09304862487,17866.09304862487,17766.09304862487,0.0,100.0,0.0,0.0,17866.09304862487,17866.09304862487,1,0.0,100.0
6578,17766.090270100507,0.0,-177660.90270100508,0.0,10.0,0.0,-0.0,0.1,0.4347931479999999,43.47931479999999,0.0,0.0,100.0,1.0,0.08,-8.0,-233.80961273101792,233.80961273101792,0.0,-233.80961273101792,233.80961273101792,0.0,-17398.47104463847,17398.47104463847,0.0,0.0,0.0,0.0,0.0,0.0,0.0,0.0,0.0,-177668.90270100508,-177668.90270100508,17866.090270100507,17866.090270100507,17766.090270100507,0.0,100.0,0.0,0.0,17866.090270100507,17866.090270100507,1,0.0,100.0
6579,18507.29207882832,0.0,-185072.9207882832,0.0,10.0,0.0,-0.0,0.1,0.417112684,41.7112684,0.0,0.0,100.0,1.0,0.08,-8.0,-234.9353348481769,234.9353348481769,0.0,-234.9353348481769,234.9353348481769,0.0,-18137.421409131966,18137.421409131966,0.0,0.0,0.0,0.0,0.0,0.0,0.0,0.0,0.0,-185080.9207882832,-185080.9207882832,18607.29207882832,18607.29207882832,18507.29207882832,0.0,100.0,0.0,0.0,18607.29207882832,18607.29207882832,1,0.0,100.0
6580,21491.692549817195,0.0,-214916.92549817194,0.0,10.0,0.0,-0.0,0.1,0.394144027,39.414402700000004,0.0,0.0,100.0,1.0,0.08,-8.0,-234.80524298607745,234.80524298607745,0.0,-234.80524298607745,234.80524298607745,0.0,-21122.08206384504,21122.08206384504,0.0,0.0,0.0,0.0,0.0,0.0,0.0,0.0,0.0,-214924.92549817194,-214924.92549817194,21591.692549817195,21591.692549817195,21491.692549817195,0.0,100.0,0.0,0.0,21591.692549817195,21591.692549817195,1,0.0,100.0
6581,52175.05859779968,0.0,-521750.5859779968,0.0,10.0,0.0,-0.0,0.1,0.378691592,37.8691592,0.0,0.0,100.0,1.0,0.11,-11.0,-504.27104065488527,504.27104065488527,0.0,-504.27104065488527,504.27104065488527,0.0,-51266.51651648991,51266.51651648991,0.0,0.0,0.0,0.0,0.0,0.0,0.0,0.0,0.0,-521761.5859779968,-521761.5859779968,52275.05859779968,52275.05859779968,52175.05859779968,0.0,100.0,0.0,0.0,52275.05859779968,52275.05859779968,1,0.0,100.0
6582,53391.071283364356,0.0,-533910.7128336435,0.0,10.0,0.0,-0.0,0.1,0.358840911,35.8840911,0.0,0.0,100.0,1.0,0.11,-11.0,-739.4267864833009,739.4267864833009,0.0,-739.4267864833009,739.4267864833009,0.0,-54278.67112148763,54278.67112148763,0.0,0.0,1907.122587890625,1907.122587890625,0.0,0.0,359.3308231992517,359.3308231992517,0.0,-533921.7128336435,-533921.7128336435,55757.52469445423,55757.52469445423,55657.52469445423,0.0,100.0,0.0,0.0,55757.52469445423,53491.071283364356,1,0.0,100.0
6583,76296.8101480376,0.0,-762968.1014803761,0.0,10.0,0.0,-0.0,0.1,0.332213702,33.2213702,0.0,0.0,100.0,1.0,0.11,-11.0,-1181.0876453214414,1181.0876453214414,0.0,-1181.0876453214414,1181.0876453214414,0.0,-87355.42150529141,87355.42150529141,0.0,0.0,9423.4292578125,9423.4292578125,0.0,0.0,3897.357390084192,3897.357390084192,0.0,-762979.1014803761,-762979.1014803761,89717.5967959343,89717.5967959343,89617.5967959343,0.0,100.0,0.0,0.0,89717.5967959343,76396.8101480376,1,0.0,100.0
6584,66829.33682252782,0.0,-668293.3682252782,0.0,10.0,0.0,-0.0,0.1,0.320896753,32.089675299999996,0.0,0.0,100.0,1.0,0.11,-11.0,-1284.644949721992,1284.644949721992,0.0,-1284.644949721992,1284.644949721992,0.0,-87531.99622570493,87531.99622570493,0.0,0.0,16565.790322265624,16565.790322265624,0.0,0.0,6606.158980355473,6606.158980355473,0.0,-668304.3682252782,-668304.3682252782,90101.28612514892,90101.28612514892,90001.28612514892,0.0,100.0,0.0,0.0,90101.28612514892,66929.33682252782,1,0.0,100.0
6585,59331.985881656365,0.0,-593319.8588165636,0.0,10.0,0.0,-0.0,0.1,0.31619142,31.619142,0.0,0.0,100.0,1.0,0.11,-11.0,-1421.4852190591428,1421.4852190591428,0.0,-1421.4852190591428,1421.4852190591428,0.0,-86313.24107675071,86313.24107675071,0.0,0.0,21127.92670898437,21127.92670898437,0.0,0.0,8596.298924228251,8596.298924228251,0.0,-593330.8588165636,-593330.8588165636,89156.21151486898,89156.21151486899,89056.21151486898,0.0,100.0,0.0,0.0,89156.21151486899,59431.98588165637,1,0.0,100.0
6586,45919.97371390657,0.0,-459199.7371390657,0.0,10.0,0.0,-0.0,0.1,0.3460091729999999,34.60091729999999,0.0,0.0,100.0,1.0,0.11,-11.0,-1483.4534902590622,1483.4534902590622,0.0,-1483.4534902590622,1483.4534902590622,0.0,-86620.29870513116,86620.29870513116,0.0,0.0,24605.62083984375,24605.62083984375,0.0,0.0,18961.61113189897,18961.61113189897,0.0,-459210.7371390657,-459210.7371390657,89587.20568564929,89587.20568564929,89487.20568564929,0.0,100.0,0.0,0.0,89587.20568564929,46019.97371390657,1,0.0,100.0
6587,39118.993844473036,0.0,-391189.93844473036,0.0,10.0,0.0,-0.0,0.1,0.380570819,38.0570819,0.0,0.0,100.0,1.0,0.11,-11.0,-1411.201126345692,1411.201126345692,0.0,-1411.201126345692,1411.201126345692,0.0,-83799.35464391857,83799.35464391857,0.0,0.0,25428.301171875,25428.301171875,0.0,0.0,21974.46188026193,21974.46188026193,0.0,-391200.93844473036,-391200.93844473036,86621.75689660996,86621.75689660996,86521.75689660996,0.0,100.0,0.0,0.0,86621.75689660996,39218.993844473036,1,0.0,100.0
6588,40514.612321243985,0.0,-405146.1232124398,0.0,10.0,0.0,-0.0,0.1,0.391813139,39.1813139,0.0,0.0,100.0,1.0,0.11,-11.0,-1276.862409132171,1276.862409132171,0.0,-1276.862409132171,1276.862409132171,0.0,-87013.12591011394,87013.12591011394,0.0,0.0,26176.1923828125,26176.1923828125,0.0,0.0,22776.0460243218,22776.0460243218,0.0,-405157.1232124398,-405157.1232124398,89566.85072837828,89566.85072837828,89466.85072837828,0.0,100.0,0.0,0.0,89566.85072837828,40614.612321243985,1,0.0,100.0
6589,46333.11689722267,0.0,-463331.16897222673,0.0,10.0,0.0,-0.0,0.1,0.38047783,38.047783,0.0,0.0,100.0,1.0,0.11,-11.0,-1324.4121580148133,1324.4121580148133,0.0,-1324.4121580148133,1324.4121580148133,0.0,-87343.45441524868,87343.45441524868,0.0,0.0,23408.994902343748,23408.994902343748,0.0,0.0,20150.166931711883,20150.166931711883,0.0,-463342.16897222673,-463342.16897222673,89992.2787312783,89992.2787312783,89892.2787312783,0.0,100.0,0.0,0.0,89992.2787312783,46433.11689722267,1,0.0,100.0
6590,57189.754036602884,0.0,-571897.5403660289,0.0,10.0,0.0,-0.0,0.1,0.385852994,38.585299400000004,0.0,0.0,100.0,1.0,0.08,-8.0,-1371.5378404769947,1371.5378404769947,0.0,-1371.5378404769947,1371.5378404769947,0.0,-88087.1489493514,88087.1489493514,0.0,0.0,17425.86521484375,17425.86521484375,0.0,0.0,16114.605378858749,16114.605378858749,0.0,-571905.5403660289,-571905.5403660289,90830.22463030538,90830.22463030538,90730.22463030538,0.0,100.0,0.0,0.0,90830.22463030538,57289.754036602884,1,0.0,100.0
6591,70910.40012683369,0.0,-709104.0012683369,0.0,10.0,0.0,-0.0,0.1,0.3947555889999999,39.47555889999999,0.0,0.0,100.0,1.0,0.08,-8.0,-1261.3814023108214,1261.3814023108214,0.0,-1261.3814023108214,1261.3814023108214,0.0,-91214.31393720342,91214.31393720342,0.0,0.0,11891.47025390625,11891.47025390625,0.0,0.0,10835.206361085127,10835.206361085127,0.0,-709112.0012683369,-709112.0012683369,93737.07674182506,93737.07674182506,93637.07674182506,0.0,100.0,0.0,0.0,93737.07674182506,71010.40012683369,1,0.0,100.0
6592,73606.67839839119,0.0,-736066.7839839119,0.0,10.0,0.0,-0.0,0.1,0.398934571,39.8934571,0.0,0.0,100.0,1.0,0.08,-8.0,-931.7937698092736,931.7937698092736,0.0,-931.7937698092736,931.7937698092736,0.0,-83824.31282988504,83824.31282988504,0.0,0.0,5347.422158203125,5347.422158203125,0.0,0.0,6633.799812909262,6633.799812909262,0.0,-736074.7839839119,-736074.7839839119,85687.90036950358,85687.90036950358,85587.90036950358,0.0,100.0,0.0,0.0,85687.90036950358,73706.67839839119,1,0.0,100.0
6593,67390.49505765787,0.0,-673904.9505765787,0.0,10.0,0.0,-0.0,0.1,0.397696631,39.7696631,0.0,0.0,100.0,1.0,0.11,-11.0,-855.6641588729041,855.6641588729041,0.0,-855.6641588729041,855.6641588729041,0.0,-66637.65290050498,66637.65290050498,0.0,0.0,112.183681640625,112.183681640625,0.0,0.0,746.302478952292,746.302478952292,0.0,-673915.9505765787,-673915.9505765787,68348.98121825079,68348.98121825079,68248.98121825079,0.0,100.0,0.0,0.0,68348.98121825079,67490.49505765787,1,0.0,100.0
6594,60414.69615486002,0.0,-604146.9615486002,0.0,10.0,0.0,-0.0,0.1,0.395662027,39.566202700000005,0.0,0.0,100.0,1.0,0.11,-11.0,-840.1921723020647,840.1921723020647,0.0,-840.1921723020647,840.1921723020647,0.0,-58834.311810255895,58834.311810255895,0.0,0.0,0.0,0.0,0.0,0.0,0.0,0.0,0.0,-604157.9615486002,-604157.9615486002,60514.69615486002,60514.69615486002,60414.69615486002,0.0,100.0,0.0,0.0,60514.69615486002,60514.69615486002,1,0.0,100.0
6595,51907.81468838469,0.0,-519078.14688384696,0.0,10.0,0.0,-0.0,0.1,0.394847801,39.4847801,0.0,0.0,100.0,1.0,0.11,-11.0,-790.1327021070475,790.1327021070475,0.0,-790.1327021070475,790.1327021070475,0.0,-50427.5492841706,50427.5492841706,0.0,0.0,0.0,0.0,0.0,0.0,0.0,0.0,0.0,-519089.14688384696,-519089.14688384696,52007.81468838469,52007.81468838469,51907.81468838469,0.0,100.0,0.0,0.0,52007.81468838469,52007.81468838469,1,0.0,100.0
6596,46498.60785678032,0.0,-464986.0785678032,0.0,10.0,0.0,-0.0,0.1,0.393536985,39.3536985,0.0,0.0,100.0,1.0,0.11,-11.0,-234.6786575068197,234.6786575068197,0.0,-234.6786575068197,234.6786575068197,0.0,-46129.25054176668,46129.25054176668,0.0,0.0,0.0,0.0,0.0,0.0,0.0,0.0,0.0,-464997.0785678032,-464997.0785678032,46598.60785678032,46598.60785678032,46498.60785678032,0.0,100.0,0.0,0.0,46598.60785678032,46598.60785678032,1,0.0,100.0
6597,21489.726249890562,0.0,-214897.26249890562,0.0,10.0,0.0,-0.0,0.1,0.393242396,39.3242396,0.0,0.0,100.0,1.0,0.11,-11.0,-233.86323886927008,233.86323886927008,0.0,-233.86323886927008,233.86323886927008,0.0,-21121.999772152023,21121.999772152023,0.0,0.0,0.0,0.0,0.0,0.0,0.0,0.0,0.0,-214908.26249890562,-214908.26249890562,21589.726249890562,21589.726249890562,21489.726249890562,0.0,100.0,0.0,0.0,21589.726249890562,21589.726249890562,1,0.0,100.0
6598,18510.702036560157,0.0,-185107.02036560158,0.0,10.0,0.0,-0.0,0.1,0.404136215,40.413621500000005,0.0,0.0,100.0,1.0,0.11,-11.0,-236.64031069111223,236.64031069111223,0.0,-236.64031069111223,236.64031069111223,0.0,-18137.42141517793,18137.42141517793,0.0,0.0,0.0,0.0,0.0,0.0,0.0,0.0,0.0,-185118.02036560158,-185118.02036560158,18610.702036560157,18610.702036560157,18510.702036560157,0.0,100.0,0.0,0.0,18610.702036560157,18610.702036560157,1,0.0,100.0
6599,17765.75993078992,0.0,-177657.59930789922,0.0,10.0,0.0,-0.0,0.1,0.406437473,40.6437473,0.0,0.0,100.0,1.0,0.11,-11.0,-233.6444400527392,233.6444400527392,0.0,-233.6444400527392,233.6444400527392,0.0,-17398.471050684442,17398.471050684442,0.0,0.0,0.0,0.0,0.0,0.0,0.0,0.0,0.0,-177668.59930789922,-177668.59930789922,17865.75993078992,17865.75993078992,17765.75993078992,0.0,100.0,0.0,0.0,17865.75993078992,17865.75993078992,1,0.0,100.0
6600,17765.624638513655,0.0,-177656.24638513656,0.0,10.0,0.0,-0.0,0.1,0.4139489839999999,41.39489839999999,0.0,0.0,100.0,1.0,0.08,-8.0,-233.5767183399837,233.5767183399837,0.0,-233.5767183399837,233.5767183399837,0.0,-17398.471201833687,17398.471201833687,0.0,0.0,0.0,0.0,0.0,0.0,0.0,0.0,0.0,-177664.24638513656,-177664.24638513656,17865.624638513655,17865.624638513655,17765.624638513655,0.0,100.0,0.0,0.0,17865.624638513655,17865.624638513655,1,0.0,100.0
6601,17765.430608146846,0.0,-177654.30608146847,0.0,10.0,0.0,-0.0,0.1,0.423775653,42.3775653,0.0,0.0,100.0,1.0,0.08,-8.0,-233.4797031565789,233.4797031565789,0.0,-233.4797031565789,233.4797031565789,0.0,-17398.471201833687,17398.471201833687,0.0,0.0,0.0,0.0,0.0,0.0,0.0,0.0,0.0,-177662.30608146847,-177662.30608146847,17865.430608146846,17865.430608146846,17765.430608146846,0.0,100.0,0.0,0.0,17865.430608146846,17865.430608146846,1,0.0,100.0
6602,17765.28424677882,0.0,-177652.8424677882,0.0,10.0,0.0,-0.0,0.1,0.424289131,42.428913099999995,0.0,0.0,100.0,1.0,0.08,-8.0,-233.40652247256745,233.40652247256745,0.0,-233.40652247256745,233.40652247256745,0.0,-17398.471201833687,17398.471201833687,0.0,0.0,0.0,0.0,0.0,0.0,0.0,0.0,0.0,-177660.8424677882,-177660.8424677882,17865.28424677882,17865.28424677882,17765.28424677882,0.0,100.0,0.0,0.0,17865.28424677882,17865.28424677882,1,0.0,100.0
6603,18514.615257591428,0.0,-185146.15257591428,0.0,10.0,0.0,-0.0,0.1,0.401399609,40.1399609,0.0,0.0,100.0,1.0,0.08,-8.0,-238.5968426091396,238.5968426091396,0.0,-238.5968426091396,238.5968426091396,0.0,-18137.421572373147,18137.421572373147,0.0,0.0,0.0,0.0,0.0,0.0,0.0,0.0,0.0,-185154.15257591428,-185154.15257591428,18614.615257591428,18614.615257591428,18514.615257591428,0.0,100.0,0.0,0.0,18614.615257591428,18614.615257591428,1,0.0,100.0
6604,21497.437079108906,0.0,-214974.37079108905,0.0,10.0,0.0,-0.0,0.1,0.3809827429999999,38.09827429999999,0.0,0.0,100.0,1.0,0.08,-8.0,-237.67738066656904,237.67738066656904,0.0,-237.67738066656904,237.67738066656904,0.0,-21122.082317775767,21122.082317775767,0.0,0.0,0.0,0.0,0.0,0.0,0.0,0.0,0.0,-214982.37079108905,-214982.37079108905,21597.437079108906,21597.437079108906,21497.437079108906,0.0,100.0,0.0,0.0,21597.437079108906,21597.437079108906,1,0.0,100.0
6605,25469.964429810047,0.0,-254699.64429810047,0.0,10.0,0.0,-0.0,0.1,0.369321585,36.9321585,0.0,0.0,100.0,1.0,0.11,-11.0,-331.8179257589068,331.8179257589068,0.0,-331.8179257589068,331.8179257589068,0.0,-24906.328578292232,24906.328578292232,0.0,0.0,0.0,0.0,0.0,0.0,0.0,0.0,0.0,-254710.64429810047,-254710.64429810047,25569.964429810047,25569.964429810047,25469.964429810047,0.0,100.0,0.0,0.0,25569.964429810047,25569.964429810047,1,0.0,100.0
6606,29896.486517730536,0.0,-298964.86517730536,0.0,10.0,0.0,-0.0,0.1,0.361304219,36.1304219,0.0,0.0,100.0,1.0,0.11,-11.0,-561.7260354953015,561.7260354953015,0.0,-561.7260354953015,561.7260354953015,0.0,-32851.535885858706,32851.535885858706,0.0,0.0,3066.35396484375,3066.35396484375,0.0,0.0,912.1474742750236,912.1474742750236,0.0,-298975.86517730536,-298975.86517730536,33974.98795684931,33974.98795684931,33874.98795684931,0.0,100.0,0.0,0.0,33974.98795684931,29996.48651773054,1,0.0,100.0
6607,59795.07892159489,0.0,-597950.7892159489,0.0,10.0,0.0,-0.0,0.1,0.355946145,35.5946145,0.0,0.0,100.0,1.0,0.11,-11.0,-775.5214954729602,775.5214954729602,0.0,-775.5214954729602,775.5214954729602,0.0,-72747.73934130036,72747.73934130036,0.0,0.0,8488.565244140626,8488.565244140626,0.0,0.0,5915.138166510758,5915.138166510758,0.0,-597961.7892159489,-597961.7892159489,74298.78233224628,74298.78233224628,74198.78233224628,0.0,100.0,0.0,0.0,74298.78233224628,59895.0789215949,1,0.0,100.0
6608,49264.126127670286,0.0,-492641.26127670286,0.0,10.0,0.0,-0.0,0.1,0.343538995,34.353899500000004,0.0,0.0,100.0,1.0,0.11,-11.0,-815.4228920216349,815.4228920216349,0.0,-815.4228920216349,815.4228920216349,0.0,-75701.7400797633,75701.7400797633,0.0,0.0,16304.0283984375,16304.0283984375,0.0,0.0,11664.431337698785,11664.431337698785,0.0,-492652.26127670286,-492652.26127670286,77332.58586380657,77332.58586380657,77232.58586380657,0.0,100.0,0.0,0.0,77332.58586380657,49364.126127670286,1,0.0,100.0
6609,40030.177349193415,0.0,-400301.7734919342,0.0,10.0,0.0,-0.0,0.1,0.339052852,33.9052852,0.0,0.0,100.0,1.0,0.11,-11.0,-876.7358414780307,876.7358414780307,0.0,-876.7358414780307,876.7358414780307,0.0,-77519.87893626922,77519.87893626922,0.0,0.0,22586.3145703125,22586.3145703125,0.0,0.0,16556.858699719367,16556.858699719367,0.0,-400312.7734919342,-400312.7734919342,79273.35061922528,79273.35061922528,79173.35061922528,0.0,100.0,0.0,0.0,79273.35061922528,40130.177349193415,1,0.0,100.0
6610,39003.32799661202,0.0,-390033.27996612014,0.0,10.0,0.0,-0.0,0.1,0.3535804589999999,35.35804589999999,0.0,0.0,100.0,1.0,0.11,-11.0,-934.7151033368748,934.7151033368748,0.0,-934.7151033368748,934.7151033368748,0.0,-81427.08356298479,81427.08356298479,0.0,0.0,25203.93380859375,25203.93380859375,0.0,0.0,18989.251964452764,18989.251964452764,0.0,-390044.27996612014,-390044.27996612014,83296.51376965853,83296.51376965853,83196.51376965853,0.0,100.0,0.0,0.0,83296.51376965853,39103.32799661202,1,0.0,100.0
6611,32781.94139303941,0.0,-327819.4139303941,0.0,10.0,0.0,-0.0,0.1,0.3804617389999999,38.04617389999999,0.0,0.0,100.0,1.0,0.11,-11.0,-986.4633131331174,986.4633131331174,0.0,-986.4633131331174,986.4633131331174,0.0,-78075.94151788953,78075.94151788953,0.0,0.0,26961.47815429688,26961.47815429688,0.0,0.0,20205.44859681946,20205.44859681946,0.0,-327830.4139303941,-327830.4139303941,80048.86814415574,80048.86814415576,79948.86814415574,0.0,100.0,0.0,0.0,80048.86814415576,32881.941393039415,1,0.0,100.0
6612,34155.370057114735,0.0,-341553.7005711474,0.0,10.0,0.0,-0.0,0.1,0.387825197,38.7825197,0.0,0.0,100.0,1.0,0.11,-11.0,-1001.425528769532,1001.425528769532,0.0,-1001.425528769532,1001.425528769532,0.0,-80156.02612109148,80156.02612109148,0.0,0.0,26288.376064453125,26288.376064453125,0.0,0.0,21615.13105706268,21615.13105706268,0.0,-341564.7005711474,-341564.7005711474,82158.87717863054,82158.87717863054,82058.87717863054,0.0,100.0,0.0,0.0,82158.87717863054,34255.370057114735,1,0.0,100.0
6613,38014.584306993675,0.0,-380145.84306993673,0.0,10.0,0.0,-0.0,0.1,0.377175932,37.717593199999996,0.0,0.0,100.0,1.0,0.11,-11.0,-1034.3873442518693,1034.3873442518693,0.0,-1034.3873442518693,1034.3873442518693,0.0,-78406.72516362011,78406.72516362011,0.0,0.0,22100.185283203125,22100.185283203125,0.0,0.0,20260.73026192704,20260.73026192704,0.0,-380156.84306993673,-380156.84306993673,80475.49985212384,80475.49985212384,80375.49985212384,0.0,100.0,0.0,0.0,80475.49985212384,38114.58430699368,1,0.0,100.0
6614,41399.44057431577,0.0,-413994.4057431577,0.0,10.0,0.0,-0.0,0.1,0.384821024,38.4821024,0.0,0.0,100.0,1.0,0.08,-8.0,-1041.6431165217712,1041.6431165217712,0.0,-1041.6431165217712,1041.6431165217712,0.0,-74910.95905028583,74910.95905028583,0.0,0.0,18136.361865234376,18136.361865234376,0.0,0.0,17358.442843779234,17358.442843779234,0.0,-414002.4057431577,-414002.4057431577,76994.24528332938,76994.24528332938,76894.24528332938,0.0,100.0,0.0,0.0,76994.24528332938,41499.44057431577,1,0.0,100.0
6615,58403.91685271758,0.0,-584039.1685271758,0.0,10.0,0.0,-0.0,0.1,0.3904631529999999,39.04631529999999,0.0,0.0,100.0,1.0,0.08,-8.0,-993.0593732017256,993.0593732017256,0.0,-993.0593732017256,993.0593732017256,0.0,-80579.36806045499,80579.36806045499,0.0,0.0,11816.6811328125,11816.6811328125,0.0,0.0,12244.888821328346,12244.888821328346,0.0,-584047.1685271758,-584047.1685271758,82565.48680685842,82565.48680685843,82465.48680685842,0.0,100.0,0.0,0.0,82565.48680685843,58503.916852717586,1,0.0,100.0
6616,70093.87376547749,0.0,-700938.7376547749,0.0,10.0,0.0,-0.0,0.1,0.417784659,41.7784659,0.0,0.0,100.0,1.0,0.08,-8.0,-722.1623893561979,722.1623893561979,0.0,-722.1623893561979,722.1623893561979,0.0,-80309.67706386877,80309.67706386877,0.0,0.0,4898.687431640625,4898.687431640625,0.0,0.0,6661.440645463051,6661.440645463051,0.0,-700946.7376547749,-700946.7376547749,81754.00184258117,81754.00184258117,81654.00184258117,0.0,100.0,0.0,0.0,81754.00184258117,70193.8737654775,1,0.0,100.0
6617,73750.93294726255,0.0,-737509.3294726255,0.0,10.0,0.0,-0.0,0.1,0.412759792,41.2759792,0.0,0.0,100.0,1.0,0.11,-11.0,-667.8348649102511,667.8348649102511,0.0,-667.8348649102511,667.8348649102511,0.0,-73289.20652894814,73289.20652894814,0.0,0.0,0.0,0.0,0.0,0.0,773.9433115060806,773.9433115060806,0.0,-737520.3294726255,-737520.3294726255,74624.87625876864,74624.87625876864,74524.87625876864,0.0,100.0,0.0,0.0,74624.87625876864,73850.93294726255,1,0.0,100.0
6618,71888.62442963013,0.0,-718886.2442963013,0.0,10.0,0.0,-0.0,0.1,0.409838029,40.9838029,0.0,0.0,100.0,1.0,0.11,-11.0,-642.5311877169297,642.5311877169297,0.0,-642.5311877169297,642.5311877169297,0.0,-70703.56205419627,70703.56205419627,0.0,0.0,0.0,0.0,0.0,0.0,0.0,0.0,0.0,-718897.2442963013,-718897.2442963013,71988.62442963013,71988.62442963013,71888.62442963013,0.0,100.0,0.0,0.0,71988.62442963013,71988.62442963013,1,0.0,100.0
6619,63224.085593229116,0.0,-632240.8559322911,0.0,10.0,0.0,-0.0,0.1,0.399644657,39.9644657,0.0,0.0,100.0,1.0,0.11,-11.0,-605.9152611376264,605.9152611376264,0.0,-605.9152611376264,605.9152611376264,0.0,-62112.25507095386,62112.25507095386,0.0,0.0,0.0,0.0,0.0,0.0,0.0,0.0,0.0,-632251.8559322911,-632251.8559322911,63324.085593229116,63324.085593229116,63224.085593229116,0.0,100.0,0.0,0.0,63324.085593229116,63324.085593229116,1,0.0,100.0
6620,62637.95649924277,0.0,-626379.5649924277,0.0,10.0,0.0,-0.0,0.1,0.399028192,39.9028192,0.0,0.0,100.0,1.0,0.11,-11.0,-232.87000234049063,232.87000234049063,0.0,-232.87000234049063,232.87000234049063,0.0,-62272.21649456179,62272.21649456179,0.0,0.0,0.0,0.0,0.0,0.0,0.0,0.0,0.0,-626390.5649924277,-626390.5649924277,62737.95649924277,62737.95649924277,62637.95649924277,0.0,100.0,0.0,0.0,62737.95649924277,62737.95649924277,1,0.0,100.0
6621,21488.058693605304,0.0,-214880.58693605303,0.0,10.0,0.0,-0.0,0.1,0.400942805,40.0942805,0.0,0.0,100.0,1.0,0.11,-11.0,-233.0293760830669,233.0293760830669,0.0,-233.0293760830669,233.0293760830669,0.0,-21121.99994143917,21121.99994143917,0.0,0.0,0.0,0.0,0.0,0.0,0.0,0.0,0.0,-214891.58693605303,-214891.58693605303,21588.058693605304,21588.058693605304,21488.058693605304,0.0,100.0,0.0,0.0,21588.058693605304,21588.058693605304,1,0.0,100.0
6622,18509.476726257704,0.0,-185094.76726257705,0.0,10.0,0.0,-0.0,0.1,0.401576356,40.1576356,0.0,0.0,100.0,1.0,0.11,-11.0,-236.0275739192928,236.0275739192928,0.0,-236.0275739192928,236.0275739192928,0.0,-18137.42157841912,18137.42157841912,0.0,0.0,0.0,0.0,0.0,0.0,0.0,0.0,0.0,-185105.76726257705,-185105.76726257705,18609.476726257704,18609.476726257704,18509.476726257704,0.0,100.0,0.0,0.0,18609.476726257704,18609.476726257704,1,0.0,100.0
6623,17764.523889389577,0.0,-177645.23889389576,0.0,10.0,0.0,-0.0,0.1,0.4077486729999999,40.77486729999999,0.0,0.0,100.0,1.0,0.11,-11.0,-233.02634075496232,233.02634075496232,0.0,-233.02634075496232,233.02634075496232,0.0,-17398.47120787965,17398.47120787965,0.0,0.0,0.0,0.0,0.0,0.0,0.0,0.0,0.0,-177656.23889389576,-177656.23889389576,17864.523889389577,17864.523889389577,17764.523889389577,0.0,100.0,0.0,0.0,17864.523889389577,17864.523889389577,1,0.0,100.0
6624,17764.361328721454,0.0,-177643.61328721454,0.0,10.0,0.0,-0.0,0.1,0.409338653,40.9338653,0.0,0.0,100.0,1.0,0.08,-8.0,-232.94497577732403,232.94497577732403,0.0,-232.94497577732403,232.94497577732403,0.0,-17398.471377166807,17398.471377166807,0.0,0.0,0.0,0.0,0.0,0.0,0.0,0.0,0.0,-177651.61328721454,-177651.61328721454,17864.361328721454,17864.361328721454,17764.361328721454,0.0,100.0,0.0,0.0,17864.361328721454,17864.361328721454,1,0.0,100.0
6625,17764.20458697333,0.0,-177642.0458697333,0.0,10.0,0.0,-0.0,0.1,0.4120241839999999,41.20241839999999,0.0,0.0,100.0,1.0,0.08,-8.0,-232.86660792624693,232.86660792624693,0.0,-232.86660792624693,232.86660792624693,0.0,-17398.471371120835,17398.471371120835,0.0,0.0,0.0,0.0,0.0,0.0,0.0,0.0,0.0,-177650.0458697333,-177650.0458697333,17864.20458697333,17864.20458697333,17764.20458697333,0.0,100.0,0.0,0.0,17864.20458697333,17864.20458697333,1,0.0,100.0
6626,17764.10540505529,0.0,-177641.0540505529,0.0,10.0,0.0,-0.0,0.1,0.395016786,39.5016786,0.0,0.0,100.0,1.0,0.08,-8.0,-232.81701696722743,232.81701696722743,0.0,-232.81701696722743,232.81701696722743,0.0,-17398.471371120835,17398.471371120835,0.0,0.0,0.0,0.0,0.0,0.0,0.0,0.0,0.0,-177649.0540505529,-177649.0540505529,17864.10540505529,17864.10540505529,17764.10540505529,0.0,100.0,0.0,0.0,17864.10540505529,17864.10540505529,1,0.0,100.0
6627,18504.82823398284,0.0,-185048.2823398284,0.0,10.0,0.0,-0.0,0.1,0.4001303439999999,40.013034399999995,0.0,0.0,100.0,1.0,0.08,-8.0,-233.70324616127124,233.70324616127124,0.0,-233.70324616127124,233.70324616127124,0.0,-18137.4217416603,18137.4217416603,0.0,0.0,0.0,0.0,0.0,0.0,0.0,0.0,0.0,-185056.2823398284,-185056.2823398284,18604.82823398284,18604.82823398284,18504.82823398284,0.0,100.0,0.0,0.0,18604.82823398284,18604.82823398284,1,0.0,100.0
6628,21489.316923063216,0.0,-214893.16923063216,0.0,10.0,0.0,-0.0,0.1,0.372871555,37.287155500000004,0.0,0.0,100.0,1.0,0.08,-8.0,-233.6171817243321,233.6171817243321,0.0,-233.6171817243321,233.6171817243321,0.0,-21122.08255961455,21122.08255961455,0.0,0.0,0.0,0.0,0.0,0.0,0.0,0.0,0.0,-214901.16923063216,-214901.16923063216,21589.316923063216,21589.316923063216,21489.316923063216,0.0,100.0,0.0,0.0,21589.316923063216,21589.316923063216,1,0.0,100.0
6629,55929.4966936099,0.0,-559294.966936099,0.0,10.0,0.0,-0.0,0.1,0.360566437,36.0566437,0.0,0.0,100.0,1.0,0.11,-11.0,-268.62816472919417,268.62816472919417,0.0,-268.62816472919417,268.62816472919417,0.0,-55492.24036415151,55492.24036415151,0.0,0.0,0.0,0.0,0.0,0.0,0.0,0.0,0.0,-559305.966936099,-559305.966936099,56029.4966936099,56029.4966936099,55929.4966936099,0.0,100.0,0.0,0.0,56029.4966936099,56029.4966936099,1,0.0,100.0
6630,58808.13819309622,0.0,-588081.3819309622,0.0,10.0,0.0,-0.0,0.1,0.350059482,35.0059482,0.0,0.0,100.0,1.0,0.11,-11.0,-509.8477387742893,509.8477387742893,0.0,-509.8477387742893,509.8477387742893,0.0,-61427.96315609701,61427.96315609701,0.0,0.0,2655.013798828125,2655.013798828125,0.0,0.0,884.5066417212349,884.5066417212349,0.0,-588092.3819309622,-588092.3819309622,62447.65863364558,62447.65863364559,62347.65863364558,0.0,100.0,0.0,0.0,62447.65863364559,58908.13819309623,1,0.0,100.0
6631,81120.01920916415,0.0,-811200.1920916415,0.0,10.0,0.0,-0.0,0.1,0.337405575,33.7405575,0.0,0.0,100.0,1.0,0.11,-11.0,-713.018827360149,713.018827360149,0.0,-713.018827360149,713.018827360149,0.0,-94244.8332536352,94244.8332536352,0.0,0.0,8563.354365234374,8563.354365234374,0.0,0.0,5887.49733395697,5887.49733395697,0.0,-811211.1920916415,-811211.1920916415,95670.8709083555,95670.8709083555,95570.8709083555,0.0,100.0,0.0,0.0,95670.8709083555,81220.01920916415,1,0.0,100.0
6632,66356.23451031909,0.0,-663562.3451031909,0.0,10.0,0.0,-0.0,0.1,0.323911359,32.3911359,0.0,0.0,100.0,1.0,0.11,-11.0,-762.3381332383058,762.3381332383058,0.0,-762.3381332383058,762.3381332383058,0.0,-91999.27620456256,91999.27620456256,0.0,0.0,15817.899111328124,15817.899111328124,0.0,0.0,11249.818849391955,11249.818849391955,0.0,-663573.3451031909,-663573.3451031909,93523.95247103917,93523.95247103917,93423.95247103917,0.0,100.0,0.0,0.0,93523.95247103917,66456.23451031909,1,0.0,100.0
6633,55264.94703326786,0.0,-552649.4703326786,0.0,10.0,0.0,-0.0,0.1,0.31604007,31.604007,0.0,0.0,100.0,1.0,0.11,-11.0,-833.6060596977682,833.6060596977682,0.0,-833.6060596977682,833.6060596977682,0.0,-90683.36613216372,90683.36613216372,0.0,0.0,21202.715830078123,21202.715830078123,0.0,0.0,15782.915388213283,15782.915388213283,0.0,-552660.4703326786,-552660.4703326786,92350.57825155926,92350.57825155926,92250.57825155926,0.0,100.0,0.0,0.0,92350.57825155926,55364.947033267854,1,0.0,100.0
6634,49144.25673171889,0.0,-491442.5673171889,0.0,10.0,0.0,-0.0,0.1,0.332968174,33.2968174,0.0,0.0,100.0,1.0,0.11,-11.0,-899.0400071288211,899.0400071288211,0.0,-899.0400071288211,899.0400071288211,0.0,-92377.4683540119,92377.4683540119,0.0,0.0,26550.13798828125,26550.13798828125,0.0,0.0,18381.153648269414,18381.153648269414,0.0,-491453.5673171889,-491453.5673171889,94175.54836826955,94175.54836826955,94075.54836826955,0.0,100.0,0.0,0.0,94175.54836826955,49244.25673171888,1,0.0,100.0
6635,42962.035992751684,0.0,-429620.35992751684,0.0,10.0,0.0,-0.0,0.1,0.35897643,35.897643,0.0,0.0,100.0,1.0,0.11,-11.0,-962.2356248777317,962.2356248777317,0.0,-962.2356248777317,962.2356248777317,0.0,-89107.63275071737,89107.63275071737,0.0,0.0,28345.07689453125,28345.07689453125,0.0,0.0,19624.9911131899,19624.9911131899,0.0,-429631.35992751684,-429631.35992751684,91032.10400047283,91032.10400047283,90932.10400047283,0.0,100.0,0.0,0.0,91032.10400047283,43062.035992751684,1,0.0,100.0
6636,48405.524878197895,0.0,-484055.24878197897,0.0,10.0,0.0,-0.0,0.1,0.360868829,36.0868829,0.0,0.0,100.0,1.0,0.11,-11.0,-979.4353798051012,979.4353798051012,0.0,-979.4353798051012,979.4353798051012,0.0,-91733.25789270486,91733.25789270486,0.0,0.0,25727.45765625,25727.45765625,0.0,0.0,19459.146117867167,19459.146117867167,0.0,-484066.24878197897,-484066.24878197897,93692.12865231506,93692.12865231506,93592.12865231506,0.0,100.0,0.0,0.0,93692.12865231506,48505.524878197895,1,0.0,100.0
6637,51630.53913155163,0.0,-516305.3913155163,0.0,10.0,0.0,-0.0,0.1,0.36078578,36.078578,0.0,0.0,100.0,1.0,0.11,-11.0,-1010.8221310103812,1010.8221310103812,0.0,-1010.8221310103812,1010.8221310103812,0.0,-91224.25544603162,91224.25544603162,0.0,0.0,23521.178583984376,23521.178583984376,0.0,0.0,17994.181992516373,17994.181992516373,0.0,-516316.3913155163,-516316.3913155163,93245.89970805238,93245.89970805238,93145.89970805238,0.0,100.0,0.0,0.0,93245.89970805238,51730.53913155163,1,0.0,100.0
6638,58252.77910493084,0.0,-582527.7910493084,0.0,10.0,0.0,-0.0,0.1,0.36215547,36.215547,0.0,0.0,100.0,1.0,0.08,-8.0,-1043.705292736773,1043.705292736773,0.0,-1043.705292736773,1043.705292736773,0.0,-91361.7642544188,91361.7642544188,0.0,0.0,19258.198681640624,19258.198681640624,0.0,0.0,15838.197053320862,15838.197053320862,0.0,-582535.7910493084,-582535.7910493084,93449.17483989234,93449.17483989234,93349.17483989234,0.0,100.0,0.0,0.0,93449.17483989234,58352.77910493085,1,0.0,100.0
6639,72986.37178554833,0.0,-729863.7178554833,0.0,10.0,0.0,-0.0,0.1,0.378105449,37.8105449,0.0,0.0,100.0,1.0,0.08,-8.0,-1007.0973951762578,1007.0973951762578,0.0,-1007.0973951762578,1007.0973951762578,0.0,-94893.0812134799,94893.0812134799,0.0,0.0,12377.599541015625,12377.599541015625,0.0,0.0,11443.304677268476,11443.304677268476,0.0,-729871.7178554833,-729871.7178554833,96907.27600383243,96907.27600383242,96807.27600383243,0.0,100.0,0.0,0.0,96907.27600383242,73086.37178554831,1,0.0,100.0
6640,79709.05584967972,0.0,-797090.5584967972,0.0,10.0,0.0,-0.0,0.1,0.395683435,39.5683435,0.0,0.0,100.0,1.0,0.08,-8.0,-741.628466952056,741.628466952056,0.0,-741.628466952056,741.628466952056,0.0,-89440.43296916773,89440.43296916773,0.0,0.0,4674.320068359375,4674.320068359375,0.0,0.0,6440.313985032742,6440.313985032742,0.0,-797098.5584967972,-797098.5584967972,90923.68990307183,90923.68990307183,90823.68990307183,0.0,100.0,0.0,0.0,90923.68990307183,79809.05584967972,1,0.0,100.0
6641,80852.31598951446,0.0,-808523.1598951446,0.0,10.0,0.0,-0.0,0.1,0.390810512,39.0810512,0.0,0.0,100.0,1.0,0.11,-11.0,-677.1126486355759,677.1126486355759,0.0,-677.1126486355759,677.1126486355759,0.0,-80261.47067353423,80261.47067353423,0.0,0.0,0.0,0.0,0.0,0.0,663.3799812909263,663.3799812909263,0.0,-808534.1598951446,-808534.1598951446,81615.69597080539,81615.69597080539,81515.69597080539,0.0,100.0,0.0,0.0,81615.69597080539,80952.31598951446,1,0.0,100.0
6642,79281.6543589122,0.0,-792816.543589122,0.0,10.0,0.0,-0.0,0.1,0.389673707,38.9673707,0.0,0.0,100.0,1.0,0.11,-11.0,-647.9294691474183,647.9294691474183,0.0,-647.9294691474183,647.9294691474183,0.0,-78085.79542061736,78085.79542061736,0.0,0.0,0.0,0.0,0.0,0.0,0.0,0.0,0.0,-792827.543589122,-792827.543589122,79381.6543589122,79381.6543589122,79281.6543589122,0.0,100.0,0.0,0.0,79381.6543589122,79381.6543589122,1,0.0,100.0
6643,69508.89821911945,0.0,-695088.9821911945,0.0,10.0,0.0,-0.0,0.1,0.386241631,38.6241631,0.0,0.0,100.0,1.0,0.11,-11.0,-601.7529837384237,601.7529837384237,0.0,-601.7529837384237,601.7529837384237,0.0,-68405.39225164261,68405.39225164261,0.0,0.0,0.0,0.0,0.0,0.0,0.0,0.0,0.0,-695099.9821911945,-695099.9821911945,69608.89821911945,69608.89821911945,69508.89821911945,0.0,100.0,0.0,0.0,69608.89821911945,69608.89821911945,1,0.0,100.0
6644,65478.701341899694,0.0,-654787.0134189969,0.0,10.0,0.0,-0.0,0.1,0.3917463439999999,39.17463439999999,0.0,0.0,100.0,1.0,0.11,-11.0,-233.54793140589936,233.54793140589936,0.0,-233.54793140589936,233.54793140589936,0.0,-65111.60547908789,65111.60547908789,0.0,0.0,0.0,0.0,0.0,0.0,0.0,0.0,0.0,-654798.0134189969,-654798.0134189969,65578.7013418997,65578.7013418997,65478.701341899694,0.0,100.0,0.0,0.0,65578.7013418997,65578.7013418997,1,0.0,100.0
6645,21487.94969888654,0.0,-214879.4969888654,0.0,10.0,0.0,-0.0,0.1,0.388043344,38.8043344,0.0,0.0,100.0,1.0,0.11,-11.0,-232.9748031490612,232.9748031490612,0.0,-232.9748031490612,232.9748031490612,0.0,-21122.000092588416,21122.000092588416,0.0,0.0,0.0,0.0,0.0,0.0,0.0,0.0,0.0,-214890.4969888654,-214890.4969888654,21587.94969888654,21587.94969888654,21487.94969888654,0.0,100.0,0.0,0.0,21587.94969888654,21587.94969888654,1,0.0,100.0
6646,18509.419251592044,0.0,-185094.19251592044,0.0,10.0,0.0,-0.0,0.1,0.393064669,39.3064669,0.0,0.0,100.0,1.0,0.11,-11.0,-235.9987579888564,235.9987579888564,0.0,-235.9987579888564,235.9987579888564,0.0,-18137.42173561433,18137.42173561433,0.0,0.0,0.0,0.0,0.0,0.0,0.0,0.0,0.0,-185105.19251592044,-185105.19251592044,18609.419251592044,18609.419251592044,18509.419251592044,0.0,100.0,0.0,0.0,18609.419251592044,18609.419251592044,1,0.0,100.0
6647,17764.45732721258,0.0,-177644.57327212582,0.0,10.0,0.0,-0.0,0.1,0.3908834879999999,39.08834879999999,0.0,0.0,100.0,1.0,0.11,-11.0,-232.99297804587303,232.99297804587303,0.0,-232.99297804587303,232.99297804587303,0.0,-17398.471371120835,17398.471371120835,0.0,0.0,0.0,0.0,0.0,0.0,0.0,0.0,0.0,-177655.57327212582,-177655.57327212582,17864.45732721258,17864.45732721258,17764.45732721258,0.0,100.0,0.0,0.0,17864.45732721258,17864.45732721258,1,0.0,100.0
6648,17764.346661772368,0.0,-177643.4666177237,0.0,10.0,0.0,-0.0,0.1,0.386637789,38.663778900000004,0.0,0.0,100.0,1.0,0.08,-8.0,-232.9375667281608,232.9375667281608,0.0,-232.9375667281608,232.9375667281608,0.0,-17398.471528316048,17398.471528316048,0.0,0.0,0.0,0.0,0.0,0.0,0.0,0.0,0.0,-177651.4666177237,-177651.4666177237,17864.346661772368,17864.346661772368,17764.346661772368,0.0,100.0,0.0,0.0,17864.346661772368,17864.346661772368,1,0.0,100.0
6649,17764.21367184428,0.0,-177642.1367184428,0.0,10.0,0.0,-0.0,0.1,0.3846031029999999,38.46031029999999,0.0,0.0,100.0,1.0,0.08,-8.0,-232.87107478710365,232.87107478710365,0.0,-232.87107478710365,232.87107478710365,0.0,-17398.471522270076,17398.471522270076,0.0,0.0,0.0,0.0,0.0,0.0,0.0,0.0,0.0,-177650.1367184428,-177650.1367184428,17864.21367184428,17864.21367184428,17764.21367184428,0.0,100.0,0.0,0.0,17864.21367184428,17864.21367184428,1,0.0,100.0
6650,17764.086101953515,0.0,-177640.86101953516,0.0,10.0,0.0,-0.0,0.1,0.3742364139999999,37.423641399999994,0.0,0.0,100.0,1.0,0.08,-8.0,-232.8072898417188,232.8072898417188,0.0,-232.8072898417188,232.8072898417188,0.0,-17398.471522270076,17398.471522270076,0.0,0.0,0.0,0.0,0.0,0.0,0.0,0.0,0.0,-177648.86101953516,-177648.86101953516,17864.086101953515,17864.086101953515,17764.086101953515,0.0,100.0,0.0,0.0,17864.086101953515,17864.086101953515,1,0.0,100.0
6651,18504.91561781222,0.0,-185049.1561781222,0.0,10.0,0.0,-0.0,0.1,0.34602955,34.602955,0.0,0.0,100.0,1.0,0.08,-8.0,-233.74685947835428,233.74685947835428,0.0,-233.74685947835428,233.74685947835428,0.0,-18137.42189885551,18137.42189885551,0.0,0.0,0.0,0.0,0.0,0.0,0.0,0.0,0.0,-185057.1561781222,-185057.1561781222,18604.91561781222,18604.91561781222,18504.91561781222,0.0,100.0,0.0,0.0,18604.91561781222,18604.91561781222,1,0.0,100.0
6652,21489.482570512457,0.0,-214894.82570512456,0.0,10.0,0.0,-0.0,0.1,0.332461212,33.2461212,0.0,0.0,100.0,1.0,0.08,-8.0,-233.6998663916499,233.6998663916499,0.0,-233.6998663916499,233.6998663916499,0.0,-21122.08283772916,21122.08283772916,0.0,0.0,0.0,0.0,0.0,0.0,0.0,0.0,0.0,-214902.82570512456,-214902.82570512456,21589.482570512457,21589.482570512457,21489.482570512457,0.0,100.0,0.0,0.0,21589.482570512457,21589.482570512457,1,0.0,100.0
6653,30292.538716082865,0.0,-302925.3871608286,0.0,10.0,0.0,-0.0,0.1,0.31250023,31.250023,0.0,0.0,100.0,1.0,0.11,-11.0,-274.6413773235516,274.6413773235516,0.0,-274.6413773235516,274.6413773235516,0.0,-29843.255961435763,29843.255961435763,0.0,0.0,0.0,0.0,0.0,0.0,0.0,0.0,0.0,-302936.3871608286,-302936.3871608286,30392.538716082865,30392.538716082865,30292.538716082865,0.0,100.0,0.0,0.0,30392.538716082865,30392.538716082865,1,0.0,100.0
6654,35723.23495156502,0.0,-357232.3495156502,0.0,10.0,0.0,-0.0,0.1,0.290907563,29.0907563,0.0,0.0,100.0,1.0,0.11,-11.0,-530.1425367181457,530.1425367181457,0.0,-530.1425367181457,530.1425367181457,0.0,-37022.92188351672,37022.92188351672,0.0,0.0,1458.387861328125,1458.387861328125,0.0,0.0,801.5841440598691,801.5841440598691,0.0,-357243.3495156502,-357243.3495156502,38083.206956953014,38083.206956953014,37983.206956953014,0.0,100.0,0.0,0.0,38083.206956953014,35823.23495156502,1,0.0,100.0
6655,58037.86894354686,0.0,-580378.6894354686,0.0,10.0,0.0,-0.0,0.1,0.281415708,28.1415708,0.0,0.0,100.0,1.0,0.11,-11.0,-743.764692653748,743.764692653748,0.0,-743.764692653748,743.764692653748,0.0,-71374.3272606774,71374.3272606774,0.0,0.0,8974.69453125,8974.69453125,0.0,0.0,5749.293171188027,5749.293171188027,0.0,-580389.6894354686,-580389.6894354686,72861.8566459849,72861.8566459849,72761.8566459849,0.0,100.0,0.0,0.0,72861.8566459849,58137.86894354687,1,0.0,100.0
6656,46175.31140879307,0.0,-461753.11408793076,0.0,10.0,0.0,-0.0,0.1,0.272615252,27.261525199999998,0.0,0.0,100.0,1.0,0.11,-11.0,-803.1106007090422,803.1106007090422,0.0,-803.1106007090422,803.1106007090422,0.0,-71614.87075846136,71614.87075846136,0.0,0.0,15668.320869140623,15668.320869140623,0.0,0.0,11277.459681945746,11277.459681945746,0.0,-461764.11408793076,-461764.11408793076,73221.09195987944,73221.09195987944,73121.09195987944,0.0,100.0,0.0,0.0,73221.09195987944,46275.31140879307,1,0.0,100.0
6657,38899.28702204975,0.0,-388992.8702204975,0.0,10.0,0.0,-0.0,0.1,0.263385051,26.3385051,0.0,0.0,100.0,1.0,0.11,-11.0,-895.3610579155737,895.3610579155737,0.0,-895.3610579155737,895.3610579155737,0.0,-74296.62607815755,74296.62607815755,0.0,0.0,21277.504951171875,21277.504951171875,0.0,0.0,15810.556220767074,15810.556220767074,0.0,-389003.8702204975,-389003.8702204975,76087.3481939887,76087.3481939887,75987.3481939887,0.0,100.0,0.0,0.0,76087.3481939887,38999.28702204975,1,0.0,100.0
6658,35562.46304486967,0.0,-355624.63044869667,0.0,10.0,0.0,-0.0,0.1,0.259180108,25.9180108,0.0,0.0,100.0,1.0,0.11,-11.0,-1016.0669568830637,1016.0669568830637,0.0,-1016.0669568830637,1016.0669568830637,0.0,-75703.36741295648,75703.36741295648,0.0,0.0,23857.72962890625,23857.72962890625,0.0,0.0,18215.30865294668,18215.30865294668,0.0,-355635.63044869667,-355635.63044869667,77735.5013267226,77735.5013267226,77635.5013267226,0.0,100.0,0.0,0.0,77735.5013267226,35662.46304486967,1,0.0,100.0
6659,23263.281646003546,0.0,-232632.81646003545,0.0,10.0,0.0,-0.0,0.1,0.256242698,25.6242698,0.0,0.0,100.0,1.0,0.11,-11.0,-1102.6961712132872,1102.6961712132872,0.0,-1102.6961712132872,1102.6961712132872,0.0,-69201.18931984692,69201.18931984692,0.0,0.0,27036.267275390623,27036.267275390623,0.0,0.0,21007.03274087933,21007.03274087933,0.0,-232643.81646003545,-232643.81646003545,71406.5816622735,71406.5816622735,71306.5816622735,0.0,100.0,0.0,0.0,71406.5816622735,23363.281646003546,1,0.0,100.0
6660,26548.8650845249,0.0,-265488.650845249,0.0,10.0,0.0,-0.0,0.1,0.2481425239999999,24.81425239999999,0.0,0.0,100.0,1.0,0.11,-11.0,-1117.967970818096,1117.967970818096,0.0,-1117.967970818096,1117.967970818096,0.0,-70978.33384184436,70978.33384184436,0.0,0.0,25503.09029296875,25503.09029296875,0.0,0.0,21062.31440598691,21062.31440598691,0.0,-265499.650845249,-265499.650845249,73214.26978348056,73214.26978348056,73114.26978348056,0.0,100.0,0.0,0.0,73214.26978348056,26648.8650845249,1,0.0,100.0
6661,36088.06537758422,0.0,-360880.6537758422,0.0,10.0,0.0,-0.0,0.1,0.255220819,25.5220819,0.0,0.0,100.0,1.0,0.11,-11.0,-1162.2401071988652,1162.2401071988652,0.0,-1162.2401071988652,1162.2401071988652,0.0,-74559.56934938746,74559.56934938746,0.0,0.0,21651.450556640622,21651.450556640622,0.0,0.0,19044.53362956034,19044.53362956034,0.0,-360891.6537758422,-360891.6537758422,76884.04956378519,76884.04956378519,76784.04956378519,0.0,100.0,0.0,0.0,76884.04956378519,36188.06537758422,1,0.0,100.0
6662,44794.74971760183,0.0,-447947.4971760183,0.0,10.0,0.0,-0.0,0.1,0.254483158,25.4483158,0.0,0.0,100.0,1.0,0.08,-8.0,-1185.0195615563782,1185.0195615563782,0.0,-1185.0195615563782,1185.0195615563782,0.0,-74992.08139231049,74992.08139231049,0.0,0.0,17126.70873046875,17126.70873046875,0.0,0.0,15340.662067352669,15340.662067352669,0.0,-447955.4971760183,-447955.4971760183,77362.12051542324,77362.12051542324,77262.12051542324,0.0,100.0,0.0,0.0,77362.12051542324,44894.74971760183,1,0.0,100.0
6663,56432.44461741004,0.0,-564324.4461741004,0.0,10.0,0.0,-0.0,0.1,0.258929404,25.892940399999997,0.0,0.0,100.0,1.0,0.08,-8.0,-1133.86146685834,1133.86146685834,0.0,-1133.86146685834,1133.86146685834,0.0,-76199.59950205822,76199.59950205822,0.0,0.0,11293.15728515625,11293.15728515625,0.0,0.0,10641.720533208609,10641.720533208609,0.0,-564332.4461741004,-564332.4461741004,78467.3224357749,78467.3224357749,78367.3224357749,0.0,100.0,0.0,0.0,78467.3224357749,56532.44461741004,1,0.0,100.0
6664,58334.48397315847,0.0,-583344.8397315848,0.0,10.0,0.0,-0.0,0.1,0.264782618,26.478261800000002,0.0,0.0,100.0,1.0,0.08,-8.0,-865.8522602712585,865.8522602712585,0.0,-865.8522602712585,865.8522602712585,0.0,-67524.73842733495,67524.73842733495,0.0,0.0,4823.898310546875,4823.898310546875,0.0,0.0,5998.060664172124,5998.060664172124,0.0,-583352.8397315848,-583352.8397315848,69256.44294787747,69256.44294787747,69156.44294787747,0.0,100.0,0.0,0.0,69256.44294787747,58434.483973158465,1,0.0,100.0
6665,57405.45055596751,0.0,-574054.505559675,0.0,10.0,0.0,-0.0,0.1,0.268559089,26.855908899999996,0.0,0.0,100.0,1.0,0.11,-11.0,-805.0680318905631,805.0680318905631,0.0,-805.0680318905631,805.0680318905631,0.0,-56420.49031070837,56420.49031070837,0.0,0.0,0.0,0.0,0.0,0.0,525.1758185219833,525.1758185219833,0.0,-574065.505559675,-574065.505559675,58030.62637448949,58030.62637448949,57930.62637448949,0.0,100.0,0.0,0.0,58030.62637448949,57505.45055596751,1,0.0,100.0
6666,55807.63881577903,0.0,-558076.3881577903,0.0,10.0,0.0,-0.0,0.1,0.265008174,26.5008174,0.0,0.0,100.0,1.0,0.11,-11.0,-772.8447371800443,772.8447371800443,0.0,-772.8447371800443,772.8447371800443,0.0,-54361.94934141894,54361.94934141894,0.0,0.0,0.0,0.0,0.0,0.0,0.0,0.0,0.0,-558087.3881577903,-558087.3881577903,55907.63881577903,55907.63881577903,55807.63881577903,0.0,100.0,0.0,0.0,55907.63881577903,55907.63881577903,1,0.0,100.0
6667,44127.742401737065,0.0,-441277.4240173707,0.0,10.0,0.0,-0.0,0.1,0.263183933,26.318393299999997,0.0,0.0,100.0,1.0,0.11,-11.0,-731.4117269487202,731.4117269487202,0.0,-731.4117269487202,731.4117269487202,0.0,-42764.91894783962,42764.91894783962,0.0,0.0,0.0,0.0,0.0,0.0,0.0,0.0,0.0,-441288.4240173707,-441288.4240173707,44227.742401737065,44227.742401737065,44127.742401737065,0.0,100.0,0.0,0.0,44227.742401737065,44227.742401737065,1,0.0,100.0
6668,38696.47123367083,0.0,-386964.7123367083,0.0,10.0,0.0,-0.0,0.1,0.263432845,26.343284500000003,0.0,0.0,100.0,1.0,0.11,-11.0,-234.2628555906746,234.2628555906746,0.0,-234.2628555906746,234.2628555906746,0.0,-38327.945522489485,38327.945522489485,0.0,0.0,0.0,0.0,0.0,0.0,0.0,0.0,0.0,-386975.7123367083,-386975.7123367083,38796.47123367083,38796.47123367083,38696.47123367083,0.0,100.0,0.0,0.0,38796.47123367083,38796.47123367083,1,0.0,100.0
6669,21489.095046759478,0.0,-214890.95046759478,0.0,10.0,0.0,-0.0,0.1,0.266986266,26.698626600000004,0.0,0.0,100.0,1.0,0.11,-11.0,-233.5473924419564,233.5473924419564,0.0,-233.5473924419564,233.5473924419564,0.0,-21122.000261875564,21122.000261875564,0.0,0.0,0.0,0.0,0.0,0.0,0.0,0.0,0.0,-214901.95046759478,-214901.95046759478,21589.095046759478,21589.095046759478,21489.095046759478,0.0,100.0,0.0,0.0,21589.095046759478,21589.095046759478,1,0.0,100.0
6670,18510.507667177888,0.0,-185105.07667177886,0.0,10.0,0.0,-0.0,0.1,0.2765022139999999,27.650221399999992,0.0,0.0,100.0,1.0,0.11,-11.0,-236.5428841611875,236.5428841611875,0.0,-236.5428841611875,236.5428841611875,0.0,-18137.42189885551,18137.42189885551,0.0,0.0,0.0,0.0,0.0,0.0,0.0,0.0,0.0,-185116.07667177886,-185116.07667177886,18610.507667177888,18610.507667177888,18510.507667177888,0.0,100.0,0.0,0.0,18610.507667177888,18610.507667177888,1,0.0,100.0
6671,17765.496596596753,0.0,-177654.96596596754,0.0,10.0,0.0,-0.0,0.1,0.28034411,28.034411,0.0,0.0,100.0,1.0,0.11,-11.0,-233.5125341403528,233.5125341403528,0.0,-233.5125341403528,233.5125341403528,0.0,-17398.471528316048,17398.471528316048,0.0,0.0,0.0,0.0,0.0,0.0,0.0,0.0,0.0,-177665.96596596754,-177665.96596596754,17865.496596596753,17865.496596596753,17765.496596596753,0.0,100.0,0.0,0.0,17865.496596596753,17865.496596596753,1,0.0,100.0
6672,17765.30799333417,0.0,-177653.07993334168,0.0,10.0,0.0,-0.0,0.1,0.280268185,28.0268185,0.0,0.0,100.0,1.0,0.08,-8.0,-233.4181508884704,233.4181508884704,0.0,-233.4181508884704,233.4181508884704,0.0,-17398.471691557228,17398.471691557228,0.0,0.0,0.0,0.0,0.0,0.0,0.0,0.0,0.0,-177661.07993334168,-177661.07993334168,17865.30799333417,17865.30799333417,17765.30799333417,0.0,100.0,0.0,0.0,17865.30799333417,17865.30799333417,1,0.0,100.0
6673,17765.14937184383,0.0,-177651.4937184383,0.0,10.0,0.0,-0.0,0.1,0.271753839,27.1753839,0.0,0.0,100.0,1.0,0.08,-8.0,-233.338837120317,233.338837120317,0.0,-233.338837120317,233.338837120317,0.0,-17398.471697603196,17398.471697603196,0.0,0.0,0.0,0.0,0.0,0.0,0.0,0.0,0.0,-177659.4937184383,-177659.4937184383,17865.14937184383,17865.14937184383,17765.14937184383,0.0,100.0,0.0,0.0,17865.14937184383,17865.14937184383,1,0.0,100.0
6674,17764.918526151774,0.0,-177649.18526151773,0.0,10.0,0.0,-0.0,0.1,0.262026925,26.2026925,0.0,0.0,100.0,1.0,0.08,-8.0,-233.2234142742891,233.2234142742891,0.0,-233.2234142742891,233.2234142742891,0.0,-17398.471697603196,17398.471697603196,0.0,0.0,0.0,0.0,0.0,0.0,0.0,0.0,0.0,-177657.18526151773,-177657.18526151773,17864.918526151774,17864.918526151774,17764.918526151774,0.0,100.0,0.0,0.0,17864.918526151774,17864.918526151774,1,0.0,100.0
6675,18513.85588054166,0.0,-185138.55880541663,0.0,10.0,0.0,-0.0,0.1,0.2392715489999999,23.927154899999987,0.0,0.0,100.0,1.0,0.08,-8.0,-238.2169092224871,238.2169092224871,0.0,-238.2169092224871,238.2169092224871,0.0,-18137.422062096688,18137.422062096688,0.0,0.0,0.0,0.0,0.0,0.0,0.0,0.0,0.0,-185146.55880541663,-185146.55880541663,18613.85588054166,18613.85588054166,18513.85588054166,0.0,100.0,0.0,0.0,18613.85588054166,18613.85588054166,1,0.0,100.0
6676,21497.064435249555,0.0,-214970.64435249555,0.0,10.0,0.0,-0.0,0.1,0.214791241,21.4791241,0.0,0.0,100.0,1.0,0.08,-8.0,-237.49066574886515,237.49066574886515,0.0,-237.49066574886515,237.49066574886515,0.0,-21122.083103751826,21122.083103751826,0.0,0.0,0.0,0.0,0.0,0.0,0.0,0.0,0.0,-214978.64435249555,-214978.64435249555,21597.064435249555,21597.064435249555,21497.064435249555,0.0,100.0,0.0,0.0,21597.064435249555,21597.064435249555,1,0.0,100.0
6677,25974.386264485696,0.0,-259743.86264485697,0.0,10.0,0.0,-0.0,0.1,0.189546171,18.9546171,0.0,0.0,100.0,1.0,0.11,-11.0,-332.58490337502286,332.58490337502286,0.0,-332.58490337502286,332.58490337502286,0.0,-25409.21645773565,25409.21645773565,0.0,0.0,0.0,0.0,0.0,0.0,0.0,0.0,0.0,-259754.86264485697,-259754.86264485697,26074.386264485696,26074.386264485696,25974.386264485696,0.0,100.0,0.0,0.0,26074.386264485696,26074.386264485696,1,0.0,100.0
6678,29753.984224979635,0.0,-297539.8422497964,0.0,10.0,0.0,-0.0,0.1,0.183691517,18.3691517,0.0,0.0,100.0,1.0,0.11,-11.0,-583.1286731753753,583.1286731753753,0.0,-583.1286731753753,583.1286731753753,0.0,-30219.31512906555,30219.31512906555,0.0,0.0,785.285771484375,785.285771484375,0.0,0.0,746.302478952292,746.302478952292,0.0,-297550.8422497964,-297550.8422497964,31385.572475416302,31385.572475416302,31285.572475416302,0.0,100.0,0.0,0.0,31385.572475416302,29853.984224979635,1,0.0,100.0
6679,58336.824921016596,0.0,-583368.2492101659,0.0,10.0,0.0,-0.0,0.1,0.178823507,17.8823507,0.0,0.0,100.0,1.0,0.11,-11.0,-794.336660611865,794.336660611865,0.0,-794.336660611865,794.336660611865,0.0,-63359.919144747626,63359.919144747626,0.0,0.0,1757.544345703125,1757.544345703125,0.0,0.0,4754.223199251638,4754.223199251638,0.0,-583379.2492101659,-583379.2492101659,64948.59246597136,64948.59246597136,64848.59246597136,0.0,100.0,0.0,0.0,64948.59246597136,58436.824921016596,1,0.0,100.0
6680,49438.20527117283,0.0,-494382.0527117283,0.0,10.0,0.0,-0.0,0.1,0.178402226,17.8402226,0.0,0.0,100.0,1.0,0.11,-11.0,-821.9398163170137,821.9398163170137,0.0,-821.9398163170137,821.9398163170137,0.0,-61142.25971116984,61142.25971116984,0.0,0.0,3103.7485253906248,3103.7485253906248,0.0,0.0,10144.185547240411,10144.185547240411,0.0,-494393.0527117283,-494393.0527117283,62786.139343803865,62786.13934380387,62686.139343803865,0.0,100.0,0.0,0.0,62786.13934380387,49538.20527117283,1,0.0,100.0
6681,52311.34430635028,0.0,-523113.4430635028,0.0,10.0,0.0,-0.0,0.1,0.1800788089999999,18.00788089999999,0.0,0.0,100.0,1.0,0.11,-11.0,-878.5157333927218,878.5157333927218,0.0,-878.5157333927218,878.5157333927218,0.0,-64202.992128556085,64202.992128556085,0.0,0.0,4150.796220703125,4150.796220703125,0.0,0.0,9397.883068288122,9397.883068288122,0.0,-523124.4430635028,-523124.4430635028,65960.02359534152,65960.02359534152,65860.02359534152,0.0,100.0,0.0,0.0,65960.02359534152,52411.34430635028,1,0.0,100.0
6682,47234.03362168108,0.0,-472340.33621681086,0.0,10.0,0.0,-0.0,0.1,0.186936635,18.6936635,0.0,0.0,100.0,1.0,0.11,-11.0,-1010.669772962413,1010.669772962413,0.0,-1010.669772962413,1010.669772962413,0.0,-67173.09896742999,67173.09896742999,0.0,0.0,4861.292871093749,4861.292871093749,0.0,0.0,16999.112020579985,16999.112020579985,0.0,-472351.33621681086,-472351.33621681086,69194.43851335482,69194.43851335482,69094.43851335482,0.0,100.0,0.0,0.0,69194.43851335482,47334.03362168108,1,0.0,100.0
6683,44693.286548335614,0.0,-446932.8654833562,0.0,10.0,0.0,-0.0,0.1,0.188990629,18.8990629,0.0,0.0,100.0,1.0,0.11,-11.0,-1098.8499929657376,1098.8499929657376,0.0,-1098.8499929657376,1098.8499929657376,0.0,-65205.5346358811,65205.5346358811,0.0,0.0,5085.660234375,5085.660234375,0.0,0.0,17524.287839101966,17524.287839101966,0.0,-446943.8654833562,-446943.8654833562,67403.23462181259,67403.23462181257,67303.23462181259,0.0,100.0,0.0,0.0,67403.23462181257,44793.28654833561,1,0.0,100.0
6684,26234.831156735847,0.0,-262348.31156735844,0.0,10.0,0.0,-0.0,0.1,0.196724943,19.6724943,0.0,0.0,100.0,1.0,0.11,-11.0,-1122.5502643536447,1122.5502643536447,0.0,-1122.5502643536447,1122.5502643536447,0.0,-68561.03993635922,68561.03993635922,0.0,0.0,23408.994902343748,23408.994902343748,0.0,0.0,21062.31440598691,21062.31440598691,0.0,-262359.31156735844,-262359.31156735844,70806.1404650665,70806.1404650665,70706.1404650665,0.0,100.0,0.0,0.0,70806.1404650665,26334.831156735847,1,0.0,100.0
6685,28318.739223526376,0.0,-283187.3922352638,0.0,10.0,0.0,-0.0,0.1,0.204407493,20.4407493,0.0,0.0,100.0,1.0,0.11,-11.0,-1175.6093670139312,1175.6093670139312,0.0,-1175.6093670139312,1175.6093670139312,0.0,-68691.78669044201,68691.78669044201,0.0,0.0,23109.83841796875,23109.83841796875,0.0,0.0,19514.427782974744,19514.427782974744,0.0,-283198.3922352638,-283198.3922352638,71043.00542446987,71043.00542446987,70943.00542446987,0.0,100.0,0.0,0.0,71043.00542446987,28418.739223526376,1,0.0,100.0
6686,36163.02543088405,0.0,-361630.2543088405,0.0,10.0,0.0,-0.0,0.1,0.208058467,20.8058467,0.0,0.0,100.0,1.0,0.08,-8.0,-1201.3383642073836,1201.3383642073836,0.0,-1201.3383642073836,1201.3383642073836,0.0,-67314.62447621922,67314.62447621922,0.0,0.0,17837.205380859374,17837.205380859374,0.0,0.0,15617.070392890557,15617.070392890557,0.0,-361638.2543088405,-361638.2543088405,69717.30120463399,69717.30120463399,69617.30120463399,0.0,100.0,0.0,0.0,69717.30120463399,36263.02543088405,1,0.0,100.0
6687,47696.22155573328,0.0,-476962.21555733285,0.0,10.0,0.0,-0.0,0.1,0.2136902269999999,21.36902269999999,0.0,0.0,100.0,1.0,0.08,-8.0,-1135.0068478746527,1135.0068478746527,0.0,-1135.0068478746527,1135.0068478746527,0.0,-66220.5521551598,66220.5521551598,0.0,0.0,10246.109589843749,10246.109589843749,0.0,0.0,10448.234705332088,10448.234705332088,0.0,-476970.21555733285,-476970.21555733285,68490.56585090912,68490.56585090912,68390.56585090912,0.0,100.0,0.0,0.0,68490.56585090912,47796.22155573328,1,0.0,100.0
6688,46496.16554530228,0.0,-464961.6554530228,0.0,10.0,0.0,-0.0,0.1,0.219827618,21.9827618,0.0,0.0,100.0,1.0,0.08,-8.0,-845.6232865573652,845.6232865573652,0.0,-845.6232865573652,845.6232865573652,0.0,-54333.52547867909,54333.52547867909,0.0,0.0,3402.905009765625,3402.905009765625,0.0,0.0,6025.701496725913,6025.701496725913,0.0,-464969.6554530228,-464969.6554530228,56024.77205179382,56024.77205179382,55924.77205179382,0.0,100.0,0.0,0.0,56024.77205179382,46596.16554530228,1,0.0,100.0
6689,45757.335132023814,0.0,-457573.35132023814,0.0,10.0,0.0,-0.0,0.1,0.232275673,23.2275673,0.0,0.0,100.0,1.0,0.11,-11.0,-780.3306350450018,780.3306350450018,0.0,-780.3306350450018,780.3306350450018,0.0,-44849.49051300959,44849.49051300959,0.0,0.0,0.0,0.0,0.0,0.0,552.8166510757718,552.8166510757718,0.0,-457584.35132023814,-457584.35132023814,46410.15178309959,46410.15178309959,46310.15178309959,0.0,100.0,0.0,0.0,46410.15178309959,45857.335132023814,1,0.0,100.0
6690,45243.34221666544,0.0,-452433.42216665443,0.0,10.0,0.0,-0.0,0.1,0.238257439,23.8257439,0.0,0.0,100.0,1.0,0.11,-11.0,-727.0730316423393,727.0730316423393,0.0,-727.0730316423393,727.0730316423393,0.0,-43889.19615338076,43889.19615338076,0.0,0.0,0.0,0.0,0.0,0.0,0.0,0.0,0.0,-452444.42216665443,-452444.42216665443,45343.34221666544,45343.34221666544,45243.34221666544,0.0,100.0,0.0,0.0,45343.34221666544,45343.34221666544,1,0.0,100.0
6691,36129.44427025939,0.0,-361294.44270259386,0.0,10.0,0.0,-0.0,0.1,0.253255608,25.3255608,0.0,0.0,100.0,1.0,0.11,-11.0,-689.1444782757097,689.1444782757097,0.0,-689.1444782757097,689.1444782757097,0.0,-34851.15531370797,34851.15531370797,0.0,0.0,0.0,0.0,0.0,0.0,0.0,0.0,0.0,-361305.44270259386,-361305.44270259386,36229.44427025939,36229.44427025939,36129.44427025939,0.0,100.0,0.0,0.0,36229.44427025939,36229.44427025939,1,0.0,100.0
6692,33741.01676235645,0.0,-337410.1676235645,0.0,10.0,0.0,-0.0,0.1,0.257076608,25.7076608,0.0,0.0,100.0,1.0,0.11,-11.0,-233.2668787601676,233.2668787601676,0.0,-233.2668787601676,233.2668787601676,0.0,-33374.48300483611,33374.48300483611,0.0,0.0,0.0,0.0,0.0,0.0,0.0,0.0,0.0,-337421.1676235645,-337421.1676235645,33841.01676235645,33841.01676235645,33741.01676235645,0.0,100.0,0.0,0.0,33841.01676235645,33841.01676235645,1,0.0,100.0
6693,21488.69984754204,0.0,-214886.9984754204,0.0,10.0,0.0,-0.0,0.1,0.2604391239999999,26.04391239999999,0.0,0.0,100.0,1.0,0.11,-11.0,-233.34971121264536,233.34971121264536,0.0,-233.34971121264536,233.34971121264536,0.0,-21122.00042511675,21122.00042511675,0.0,0.0,0.0,0.0,0.0,0.0,0.0,0.0,0.0,-214897.9984754204,-214897.9984754204,21588.69984754204,21588.69984754204,21488.69984754204,0.0,100.0,0.0,0.0,21588.69984754204,21588.69984754204,1,0.0,100.0
6694,18510.13548706802,0.0,-185101.3548706802,0.0,10.0,0.0,-0.0,0.1,0.249900378,24.9900378,0.0,0.0,100.0,1.0,0.11,-11.0,-236.3567094626799,236.3567094626799,0.0,-236.3567094626799,236.3567094626799,0.0,-18137.42206814266,18137.42206814266,0.0,0.0,0.0,0.0,0.0,0.0,0.0,0.0,0.0,-185112.3548706802,-185112.3548706802,18610.13548706802,18610.13548706802,18510.13548706802,0.0,100.0,0.0,0.0,18610.13548706802,18610.13548706802,1,0.0,100.0
6695,17765.192045415668,0.0,-177651.92045415667,0.0,10.0,0.0,-0.0,0.1,0.249217946,24.9217946,0.0,0.0,100.0,1.0,0.11,-11.0,-233.36017692922,233.36017692922,0.0,-233.36017692922,233.36017692922,0.0,-17398.471691557228,17398.471691557228,0.0,0.0,0.0,0.0,0.0,0.0,0.0,0.0,0.0,-177662.92045415667,-177662.92045415667,17865.192045415668,17865.192045415668,17765.192045415668,0.0,100.0,0.0,0.0,17865.192045415668,17865.192045415668,1,0.0,100.0
6696,14751.735768383807,0.0,-147517.35768383808,0.0,10.0,0.0,-0.0,0.1,0.247176957,24.7176957,0.0,0.0,100.0,1.0,0.08,-8.0,-233.30957268786167,233.30957268786167,0.0,-233.30957268786167,233.30957268786167,0.0,-14385.116623008083,14385.116623008083,0.0,0.0,0.0,0.0,0.0,0.0,0.0,0.0,0.0,-147525.35768383808,-147525.35768383808,14851.735768383807,14851.735768383807,14751.735768383807,0.0,100.0,0.0,0.0,14851.735768383807,14851.735768383807,1,0.0,100.0
6697,14751.629262564622,0.0,-147516.29262564622,0.0,10.0,0.0,-0.0,0.1,0.250334686,25.0334686,0.0,0.0,100.0,1.0,0.08,-8.0,-233.25631977826967,233.25631977826967,0.0,-233.25631977826967,233.25631977826967,0.0,-14385.116623008083,14385.116623008083,0.0,0.0,0.0,0.0,0.0,0.0,0.0,0.0,0.0,-147524.29262564622,-147524.29262564622,14851.629262564622,14851.629262564622,14751.629262564622,0.0,100.0,0.0,0.0,14851.629262564622,14851.629262564622,1,0.0,100.0
6698,14751.50648567028,0.0,-147515.06485670278,0.0,10.0,0.0,-0.0,0.1,0.257278595,25.7278595,0.0,0.0,100.0,1.0,0.08,-8.0,-233.19492830811416,233.19492830811416,0.0,-233.19492830811416,233.19492830811416,0.0,-14385.116629054051,14385.116629054051,0.0,0.0,0.0,0.0,0.0,0.0,0.0,0.0,0.0,-147523.06485670278,-147523.06485670278,14851.50648567028,14851.50648567028,14751.50648567028,0.0,100.0,0.0,0.0,14851.50648567028,14851.50648567028,1,0.0,100.0
6699,15492.434383746213,0.0,-154924.34383746213,0.0,10.0,0.0,-0.0,0.1,0.27074828,27.074828,0.0,0.0,100.0,1.0,0.08,-8.0,-234.18369207634623,234.18369207634623,0.0,-234.18369207634623,234.18369207634623,0.0,-15124.06699959352,15124.06699959352,0.0,0.0,0.0,0.0,0.0,0.0,0.0,0.0,0.0,-154932.34383746213,-154932.34383746213,15592.434383746213,15592.434383746213,15492.434383746213,0.0,100.0,0.0,0.0,15592.434383746213,15592.434383746213,1,0.0,100.0
6700,16970.240097368533,0.0,-169702.40097368532,0.0,10.0,0.0,-0.0,0.1,0.253669236,25.366923600000003,0.0,0.0,100.0,1.0,0.08,-8.0,-234.0948088006621,234.0948088006621,0.0,-234.0948088006621,234.0948088006621,0.0,-16602.050479767207,16602.050479767207,0.0,0.0,0.0,0.0,0.0,0.0,0.0,0.0,0.0,-169710.40097368532,-169710.40097368532,17070.240097368533,17070.240097368533,16970.240097368533,0.0,100.0,0.0,0.0,17070.240097368533,17070.240097368533,1,0.0,100.0
6701,25719.691013589643,0.0,-257196.91013589644,0.0,10.0,0.0,-0.0,0.1,0.219163645,21.9163645,0.0,0.0,100.0,1.0,0.11,-11.0,-234.17995439215548,234.17995439215548,0.0,-234.17995439215548,234.17995439215548,0.0,-25351.331104805333,25351.331104805333,0.0,0.0,0.0,0.0,0.0,0.0,0.0,0.0,0.0,-257207.91013589644,-257207.91013589644,25819.691013589643,25819.691013589643,25719.691013589643,0.0,100.0,0.0,0.0,25819.691013589643,25819.691013589643,1,0.0,100.0
6702,23311.12791697296,0.0,-233111.27916972962,0.0,10.0,0.0,-0.0,0.1,0.206127983,20.612798299999998,0.0,0.0,100.0,1.0,0.11,-11.0,-210.04268153284045,210.04268153284045,0.0,-210.04268153284045,210.04268153284045,0.0,-24200.69454169157,24200.69454169157,0.0,0.0,822.6803320312499,822.6803320312499,0.0,0.0,386.9716557530403,386.9716557530403,0.0,-233122.27916972962,-233122.27916972962,24620.77990475725,24620.77990475725,24520.77990475725,0.0,100.0,0.0,0.0,24620.77990475725,23411.12791697296,1,0.0,100.0
6703,28590.758392765165,0.0,-285907.58392765163,0.0,10.0,0.0,-0.0,0.1,0.197201729,19.720172899999998,0.0,0.0,100.0,1.0,0.11,-11.0,-198.2458675363621,198.2458675363621,0.0,-198.2458675363621,198.2458675363621,0.0,-39259.13275225548,39259.13275225548,0.0,0.0,8338.987001953124,8338.987001953124,0.0,0.0,2625.8790926099164,2625.8790926099164,0.0,-285918.58392765163,-285918.58392765163,39655.624487328205,39655.624487328205,39555.624487328205,0.0,100.0,0.0,0.0,39655.624487328205,28690.758392765165,1,0.0,100.0
6704,15782.116962565637,0.0,-157821.16962565636,0.0,10.0,0.0,-0.0,0.1,0.195257128,19.5257128,0.0,0.0,100.0,1.0,0.11,-11.0,-198.4798656298176,198.4798656298176,0.0,-198.4798656298176,198.4798656298176,0.0,-37039.35508297812,37039.35508297812,0.0,0.0,15556.1371875,15556.1371875,0.0,0.0,5998.060664172124,5998.060664172124,0.0,-157832.16962565636,-157832.16962565636,37436.31481423776,37436.31481423776,37336.31481423776,0.0,100.0,0.0,0.0,37436.31481423776,15882.116962565637,1,0.0,100.0
6705,6436.437968039936,0.0,-64364.37968039936,0.0,10.0,0.0,-0.0,0.1,0.201580396,20.1580396,0.0,0.0,100.0,1.0,0.11,-11.0,-198.64660034535413,198.64660034535413,0.0,-198.64660034535413,198.64660034535413,0.0,-34087.81247253698,34087.81247253698,0.0,0.0,21950.607041015624,21950.607041015624,0.0,0.0,5998.060664172124,5998.060664172124,0.0,-64375.37968039936,-64375.37968039936,34485.105673227685,34485.105673227685,34385.105673227685,0.0,100.0,0.0,0.0,34485.105673227685,6536.437968039936,1,0.0,100.0
6706,0.0,0.0,-0.0,55.55555555555556,10.0,0.0,-0.0,0.1,0.231030937,0.0,0.0,100.0,0.0,1.0,0.11,0.0,-201.508857466537,201.508857466537,0.0,-201.508857466537,201.508857466537,0.0,-34187.37127956359,34187.37127956359,0.0,0.0,25540.484853515623,25540.484853515623,0.0,1463.9016692257992,10669.361365762396,9205.459696536596,0.0,0.0,0.0,34745.94455005222,34745.94455005222,34745.94455005222,0.0,0.0,155.55555555555475,0.0,34590.388994496665,-1619.4572247813558,1,-55.55555555555556,-100.0
6707,0.0,0.0,-0.0,44.44444444444444,60.0,0.0,-0.0,0.6,0.237575808,0.0,0.0,100.0,0.0,1.0,0.11,0.0,-198.5918320520868,198.5918320520868,0.0,-198.5918320520868,198.5918320520868,0.0,-34294.44571659874,34294.44571659874,0.0,0.0,24269.06979492188,24269.06979492188,0.0,5658.164678848425,16225.168709073903,10567.004030225478,0.0,0.0,0.0,34836.07382514736,34836.07382514736,34836.07382514736,0.0,0.0,144.44444444444525,0.0,34691.629380702914,-5802.609123292874,1,-44.44444444444444,-100.0
6708,0.0,0.0,-0.0,0.0,100.0,-0.0,-0.0,1.0,0.260966613,0.0,0.0,100.0,0.0,1.0,0.11,0.0,-198.6618979086153,198.6618979086153,0.0,-198.6618979086153,198.6618979086153,0.0,-34345.47610076296,34345.47610076296,0.0,0.0,23857.72962890625,23857.72962890625,0.0,2089.0435302680653,13074.113797942004,10985.070267673938,0.0,0.0,0.0,34842.79989658019,34842.79989658019,34842.79989658019,0.0,0.0,100.0,0.0,34742.79989658019,-2189.0435302680635,1,-0.0,-100.0
6709,0.0,0.0,-0.0,0.0,100.0,-0.0,-0.0,1.0,0.2823178389999999,0.0,0.0,100.0,0.0,1.0,0.11,0.0,-210.8959784860075,210.8959784860075,0.0,-210.8959784860075,210.8959784860075,0.0,-22543.67870885206,22543.67870885206,0.0,0.0,22287.1580859375,22287.1580859375,0.0,11190.167915903883,11968.48049579046,778.3125798865767,0.0,0.0,0.0,23065.470665824076,23065.470665824076,23065.470665824076,0.0,0.0,100.0,0.0,22965.470665824076,-11290.167915903883,1,-0.0,-100.0
6710,0.0,0.0,-0.0,0.0,100.0,-0.0,-0.0,1.0,0.285105397,0.0,0.0,100.0,0.0,1.0,0.08,0.0,-262.7129484242531,262.7129484242531,0.0,-262.7129484242531,262.7129484242531,0.0,-25061.92881423895,25061.92881423895,0.0,0.0,17313.681533203126,17313.681533203126,0.0,250.26657889771195,8623.93975678204,8373.673177884328,0.0,0.0,0.0,25687.354711087453,25687.354711087453,25687.354711087453,0.0,0.0,100.0,0.0,25587.354711087453,-350.26657889771377,1,-0.0,-100.0
6711,7572.212063183582,0.0,-75722.12063183583,0.0,100.0,45.0,-0.0,1.0,0.2873582389999999,28.73582389999999,0.0,0.0,100.0,1.0,0.08,-8.0,-211.686899013564,211.686899013564,0.0,-211.686899013564,211.686899013564,0.0,-27877.619230117136,27877.619230117136,0.0,0.0,10246.109589843749,10246.109589843749,0.0,0.0,10337.671375116934,10337.671375116934,0.0,-75730.12063183583,-75730.12063183583,28300.993028144265,28300.993028144265,28155.993028144265,0.0,145.0,0.0,0.0,28300.993028144265,7717.212063183582,1,45.0,100.0
6712,17282.545235076515,0.0,-172825.45235076515,0.0,50.0,36.0,-0.0,0.5,0.30074463,30.074463,0.0,0.0,100.0,1.0,0.08,-8.0,-237.2676432558916,237.2676432558916,0.0,-237.2676432558916,237.2676432558916,0.0,-23045.994440048817,23045.994440048817,0.0,0.0,2729.802919921875,2729.802919921875,0.0,0.0,3372.1815715622083,3372.1815715622083,0.0,-172833.45235076515,-172833.45235076515,23520.5297265606,23520.5297265606,23384.5297265606,0.0,136.0,0.0,0.0,23520.5297265606,17418.545235076515,1,36.0,100.0
6713,20634.576887710595,0.0,-206345.76887710596,0.0,10.0,0.0,-0.0,0.1,0.310987444,31.0987444,0.0,0.0,100.0,1.0,0.11,-11.0,-204.4425423104402,204.4425423104402,0.0,-204.4425423104402,204.4425423104402,0.0,-20519.177630966235,20519.177630966235,0.0,0.0,0.0,0.0,0.0,0.0,193.4858278765201,193.4858278765201,0.0,-206356.76887710596,-206356.76887710596,20928.062715587115,20928.062715587115,20828.062715587115,0.0,100.0,0.0,0.0,20928.062715587115,20734.576887710595,1,0.0,100.0
6714,19928.84372079587,0.0,-199288.43720795872,0.0,10.0,0.0,-0.0,0.1,0.315135778,31.513577799999997,0.0,0.0,100.0,1.0,0.11,-11.0,-235.50965517727147,235.50965517727147,0.0,-235.50965517727147,235.50965517727147,0.0,-19557.824410441328,19557.824410441328,0.0,0.0,0.0,0.0,0.0,0.0,0.0,0.0,0.0,-199299.43720795872,-199299.43720795872,20028.84372079587,20028.84372079587,19928.84372079587,0.0,100.0,0.0,0.0,20028.84372079587,20028.84372079587,1,0.0,100.0
6715,19928.528313246636,0.0,-199285.28313246637,0.0,10.0,0.0,-0.0,0.1,0.315901094,31.5901094,0.0,0.0,100.0,1.0,0.11,-11.0,-235.35194535668265,235.35194535668265,0.0,-235.35194535668265,235.35194535668265,0.0,-19557.82442253327,19557.82442253327,0.0,0.0,0.0,0.0,0.0,0.0,0.0,0.0,0.0,-199296.28313246637,-199296.28313246637,20028.528313246636,20028.528313246636,19928.528313246636,0.0,100.0,0.0,0.0,20028.528313246636,20028.528313246636,1,0.0,100.0
6716,18449.220806569738,0.0,-184492.20806569737,0.0,10.0,0.0,-0.0,0.1,0.309924333,30.9924333,0.0,0.0,100.0,1.0,0.11,-11.0,-234.62098991306823,234.62098991306823,0.0,-234.62098991306823,234.62098991306823,0.0,-18079.9788267436,18079.9788267436,0.0,0.0,0.0,0.0,0.0,0.0,0.0,0.0,0.0,-184503.20806569737,-184503.20806569737,18549.220806569738,18549.220806569738,18449.220806569738,0.0,100.0,0.0,0.0,18549.220806569738,18549.220806569738,1,0.0,100.0
6717,16969.410579420513,0.0,-169694.10579420513,0.0,10.0,0.0,-0.0,0.1,0.307250664,30.7250664,0.0,0.0,100.0,1.0,0.11,-11.0,-233.72142239702004,233.72142239702004,0.0,-233.72142239702004,233.72142239702004,0.0,-16601.967734626473,16601.967734626473,0.0,0.0,0.0,0.0,0.0,0.0,0.0,0.0,0.0,-169705.10579420513,-169705.10579420513,17069.410579420513,17069.410579420513,16969.410579420513,0.0,100.0,0.0,0.0,17069.410579420513,17069.410579420513,1,0.0,100.0
6718,15497.11462434449,0.0,-154971.14624344488,0.0,10.0,0.0,-0.0,0.1,0.312844342,31.2844342,0.0,0.0,100.0,1.0,0.11,-11.0,-236.5238153984713,236.5238153984713,0.0,-236.5238153984713,236.5238153984713,0.0,-15124.066993547547,15124.066993547547,0.0,0.0,0.0,0.0,0.0,0.0,0.0,0.0,0.0,-154982.14624344488,-154982.14624344488,15597.11462434449,15597.11462434449,15497.11462434449,0.0,100.0,0.0,0.0,15597.11462434449,15597.11462434449,1,0.0,100.0
6719,14752.401110166036,0.0,-147524.01110166038,0.0,10.0,0.0,-0.0,0.1,0.317520202,31.752020199999997,0.0,0.0,100.0,1.0,0.11,-11.0,-233.64224055599288,233.64224055599288,0.0,-233.64224055599288,233.64224055599288,0.0,-14385.116629054051,14385.116629054051,0.0,0.0,0.0,0.0,0.0,0.0,0.0,0.0,0.0,-147535.01110166038,-147535.01110166038,14852.401110166036,14852.401110166036,14752.401110166036,0.0,100.0,0.0,0.0,14852.401110166036,14852.401110166036,1,0.0,100.0
6720,14752.347317608532,0.0,-147523.47317608533,0.0,10.0,0.0,-0.0,0.1,0.314933296,31.493329599999996,0.0,0.0,100.0,1.0,0.08,-8.0,-233.62907165134777,233.62907165134777,0.0,-233.62907165134777,233.62907165134777,0.0,-14385.089174305836,14385.089174305836,0.0,0.0,0.0,0.0,0.0,0.0,0.0,0.0,0.0,-147531.47317608533,-147531.47317608533,14852.347317608532,14852.347317608532,14752.347317608532,0.0,100.0,0.0,0.0,14852.347317608532,14852.347317608532,1,0.0,100.0
6721,14752.285827977228,0.0,-147522.85827977228,0.0,10.0,0.0,-0.0,0.1,0.322569172,32.256917200000004,0.0,0.0,100.0,1.0,0.08,-8.0,-233.59832078972744,233.59832078972744,0.0,-233.59832078972744,233.59832078972744,0.0,-14385.089186397774,14385.089186397774,0.0,0.0,0.0,0.0,0.0,0.0,0.0,0.0,0.0,-147530.85827977228,-147530.85827977228,14852.285827977228,14852.285827977228,14752.285827977228,0.0,100.0,0.0,0.0,14852.285827977228,14852.285827977228,1,0.0,100.0
6722,14752.235136558695,0.0,-147522.35136558695,0.0,10.0,0.0,-0.0,0.1,0.325964557,32.5964557,0.0,0.0,100.0,1.0,0.08,-8.0,-233.57297810344448,233.57297810344448,0.0,-233.57297810344448,233.57297810344448,0.0,-14385.089180351806,14385.089180351806,0.0,0.0,0.0,0.0,0.0,0.0,0.0,0.0,0.0,-147530.35136558695,-147530.35136558695,14852.235136558695,14852.235136558695,14752.235136558695,0.0,100.0,0.0,0.0,14852.235136558695,14852.235136558695,1,0.0,100.0
6723,15493.51328287041,0.0,-154935.1328287041,0.0,10.0,0.0,-0.0,0.1,0.318178278,31.817827799999996,0.0,0.0,100.0,1.0,0.08,-8.0,-234.7368780815098,234.7368780815098,0.0,-234.7368780815098,234.7368780815098,0.0,-15124.03952670739,15124.03952670739,0.0,0.0,0.0,0.0,0.0,0.0,0.0,0.0,0.0,-154943.1328287041,-154943.1328287041,15593.51328287041,15593.51328287041,15493.51328287041,0.0,100.0,0.0,0.0,15593.51328287041,15593.51328287041,1,0.0,100.0
6724,16971.42177136024,0.0,-169714.2177136024,0.0,10.0,0.0,-0.0,0.1,0.297028053,29.7028053,0.0,0.0,100.0,1.0,0.08,-8.0,-234.6993096879424,234.6993096879424,0.0,-234.6993096879424,234.6993096879424,0.0,-16602.023151984355,16602.023151984355,0.0,0.0,0.0,0.0,0.0,0.0,0.0,0.0,0.0,-169722.2177136024,-169722.2177136024,17071.42177136024,17071.42177136024,16971.42177136024,0.0,100.0,0.0,0.0,17071.42177136024,17071.42177136024,1,0.0,100.0
6725,19410.622962501893,0.0,-194106.22962501892,0.0,10.0,0.0,-0.0,0.1,0.2800152939999999,28.001529399999992,0.0,0.0,100.0,1.0,0.11,-11.0,-234.71434841796463,234.71434841796463,0.0,-234.71434841796463,234.71434841796463,0.0,-19041.194265665963,19041.194265665963,0.0,0.0,0.0,0.0,0.0,0.0,0.0,0.0,0.0,-194117.22962501892,-194117.22962501892,19510.622962501893,19510.622962501893,19410.622962501893,0.0,100.0,0.0,0.0,19510.622962501893,19510.622962501893,1,0.0,100.0
6726,17083.376689202767,0.0,-170833.76689202766,0.0,10.0,0.0,-0.0,0.1,0.269081081,26.9081081,0.0,0.0,100.0,1.0,0.11,-11.0,-210.4484775317098,210.4484775317098,0.0,-210.4484775317098,210.4484775317098,0.0,-17936.35751280223,17936.35751280223,0.0,0.0,897.469453125,897.469453125,0.0,0.0,276.4083255378859,276.4083255378859,0.0,-170844.76689202766,-170844.76689202766,18357.254467865652,18357.254467865652,18257.254467865652,0.0,100.0,0.0,0.0,18357.254467865652,17183.376689202767,1,0.0,100.0
6727,7897.862235895637,0.0,-78978.62235895637,0.0,10.0,0.0,-0.0,0.1,0.256001661,25.6001661,0.0,0.0,100.0,1.0,0.11,-11.0,-198.6039634480035,198.6039634480035,0.0,-198.6039634480035,198.6039634480035,0.0,-17936.357518848203,17936.357518848203,0.0,0.0,6880.599140625,6880.599140625,0.0,0.0,3455.104069223574,3455.104069223574,0.0,-78989.62235895637,-78989.62235895637,18333.56544574421,18333.56544574421,18233.56544574421,0.0,100.0,0.0,0.0,18333.56544574421,7997.862235895638,1,0.0,100.0
6728,0.0,0.0,-0.0,55.55555555555556,10.0,0.0,-0.0,0.1,0.252879183,0.0,0.0,100.0,0.0,1.0,0.11,0.0,-198.74246638616685,198.74246638616685,0.0,-198.74246638616685,198.74246638616685,0.0,-15719.506431413693,15719.506431413693,0.0,0.0,15556.1371875,15556.1371875,0.0,5281.650931930544,5998.060664172124,716.4097322415801,0.0,0.0,0.0,16272.54691974158,16272.54691974158,16272.54691974158,0.0,0.0,155.55555555555475,0.0,16116.991364186026,-5437.206487486099,1,-55.55555555555556,-100.0
6729,0.0,0.0,-0.0,44.44444444444444,60.0,0.0,-0.0,0.6,0.254689263,0.0,0.0,100.0,0.0,1.0,0.11,0.0,-237.68807370952376,237.68807370952376,0.0,-237.68807370952376,237.68807370952376,0.0,-15931.528145933233,15931.528145933233,0.0,3566.9248364220257,20118.27357421875,16551.348737796725,0.0,5528.166510757718,5528.166510757718,0.0,0.0,0.0,0.0,16551.348737796725,16551.348737796725,16551.348737796725,0.0,0.0,144.44444444444525,0.0,16406.90429335228,-9239.535791624188,1,-44.44444444444444,-100.0
6730,0.0,0.0,-0.0,0.0,100.0,-0.0,-0.0,1.0,0.271243776,0.0,0.0,100.0,0.0,1.0,0.11,0.0,-319.27146074291613,319.27146074291613,0.0,-319.27146074291613,319.27146074291613,0.0,-25869.570638335925,25869.570638335925,0.0,0.0,22997.654736328124,22997.654736328124,0.0,9353.091644233215,12963.55046772685,3610.4588234936346,0.0,0.0,0.0,26608.11355982176,26608.11355982176,26608.11355982176,0.0,0.0,100.0,0.0,26508.11355982176,-9453.091644233216,1,-0.0,-100.0
6731,0.0,0.0,-0.0,0.0,100.0,-0.0,-0.0,1.0,0.286782055,0.0,0.0,100.0,0.0,1.0,0.11,0.0,-348.5664476964281,348.5664476964281,0.0,-348.5664476964281,348.5664476964281,0.0,-34381.031487012995,34381.031487012995,0.0,0.0,26737.110791015624,26737.110791015624,0.0,4577.778541444202,13018.832132834426,8441.053591390224,0.0,0.0,0.0,35178.16438240585,35178.16438240585,35178.16438240585,0.0,0.0,100.0,0.0,35078.16438240585,-4677.778541444204,1,-0.0,-100.0
6732,0.0,0.0,-0.0,0.0,100.0,-0.0,-0.0,1.0,0.291043356,0.0,0.0,100.0,0.0,1.0,0.11,0.0,-345.9632225626617,345.9632225626617,0.0,-345.9632225626617,345.9632225626617,0.0,-32157.758237596336,32157.758237596336,0.0,0.0,24044.702431640624,24044.702431640624,0.0,11106.980517861906,20011.96276894294,8904.982251081034,0.0,0.0,0.0,32949.68468272166,32949.68468272166,32949.68468272166,0.0,0.0,100.0,0.0,32849.68468272166,-11206.980517861906,1,-0.0,-100.0
6733,0.0,0.0,-0.0,0.0,100.0,-0.0,-0.0,1.0,0.297301682,0.0,0.0,100.0,0.0,1.0,0.11,0.0,-385.018888908994,385.018888908994,0.0,-385.018888908994,385.018888908994,0.0,-35601.1001531053,35601.1001531053,0.0,0.0,21240.110390625,21240.110390625,0.0,2542.0277917877756,17773.055332086064,15231.027540298288,0.0,0.0,0.0,36471.13793092329,36471.13793092329,36471.13793092329,0.0,0.0,100.0,0.0,36371.13793092329,-2642.0277917877756,1,-0.0,-100.0
6734,997.9863558887937,0.0,-9979.863558887937,0.0,100.0,45.0,-0.0,1.0,0.296913476,29.6913476,0.0,0.0,100.0,1.0,0.08,-8.0,-354.6002933502156,354.6002933502156,0.0,-354.6002933502156,354.6002933502156,0.0,-32732.070868836105,32732.070868836105,0.0,0.0,16902.3413671875,16902.3413671875,0.0,0.0,15395.943732460246,15395.943732460246,0.0,-9987.863558887937,-9987.863558887937,33441.27145553654,33441.27145553654,33296.27145553654,0.0,145.0,0.0,0.0,33441.27145553654,1142.9863558887955,1,45.0,100.0
6735,13019.386308509513,0.0,-130193.86308509513,0.0,50.0,36.0,-0.0,0.5,0.295492927,29.549292700000002,0.0,0.0,100.0,1.0,0.08,-8.0,-374.6911050945949,374.6911050945949,0.0,-374.6911050945949,374.6911050945949,0.0,-34456.33792061701,34456.33792061701,0.0,0.0,10994.00080078125,10994.00080078125,0.0,0.0,11056.333021515436,11056.333021515436,0.0,-130201.86308509513,-130201.86308509513,35205.7201308062,35205.7201308062,35069.7201308062,0.0,136.0,0.0,0.0,35205.7201308062,13155.386308509514,1,36.0,100.0
6736,12784.894754095389,0.0,-127848.94754095389,0.0,10.0,0.0,-0.0,0.1,0.30699415,30.699415000000002,0.0,0.0,100.0,1.0,0.08,-8.0,-345.4788537298446,345.4788537298446,0.0,-345.4788537298446,345.4788537298446,0.0,-22307.019722389545,22307.019722389545,0.0,0.0,4225.585341796875,4225.585341796875,0.0,0.0,5887.49733395697,5887.49733395697,0.0,-127856.94754095389,-127856.94754095389,22997.977429849234,22997.977429849234,22897.977429849234,0.0,100.0,0.0,0.0,22997.977429849234,12884.894754095389,1,0.0,100.0
6737,20679.735867916257,0.0,-206797.35867916257,0.0,10.0,0.0,-0.0,0.1,0.314888349,31.4888349,0.0,0.0,100.0,1.0,0.11,-11.0,-337.6266747390996,337.6266747390996,0.0,-337.6266747390996,337.6266747390996,0.0,-20519.095006744887,20519.095006744887,0.0,0.0,0.0,0.0,0.0,0.0,414.6124883068289,414.6124883068289,0.0,-206808.35867916257,-206808.35867916257,21194.348356223087,21194.348356223087,21094.348356223087,0.0,100.0,0.0,0.0,21194.348356223087,20779.735867916257,1,0.0,100.0
6738,20115.413681117523,0.0,-201154.13681117524,0.0,10.0,0.0,-0.0,0.1,0.316549895,31.654989500000003,0.0,0.0,100.0,1.0,0.11,-11.0,-328.8359534947372,328.8359534947372,0.0,-328.8359534947372,328.8359534947372,0.0,-19557.741774128048,19557.741774128048,0.0,0.0,0.0,0.0,0.0,0.0,0.0,0.0,0.0,-201165.13681117524,-201165.13681117524,20215.413681117523,20215.413681117523,20115.413681117523,0.0,100.0,0.0,0.0,20215.413681117523,20215.413681117523,1,0.0,100.0
6739,20059.435031740923,0.0,-200594.35031740923,0.0,10.0,0.0,-0.0,0.1,0.32107283,32.107282999999995,0.0,0.0,100.0,1.0,0.11,-11.0,-300.84662880643805,300.84662880643805,0.0,-300.84662880643805,300.84662880643805,0.0,-19557.741774128048,19557.741774128048,0.0,0.0,0.0,0.0,0.0,0.0,0.0,0.0,0.0,-200605.35031740923,-200605.35031740923,20159.435031740923,20159.435031740923,20059.435031740923,0.0,100.0,0.0,0.0,20159.435031740923,20159.435031740923,1,0.0,100.0
6740,18460.00308748601,0.0,-184600.0308748601,0.0,10.0,0.0,-0.0,0.1,0.326589758,32.6589758,0.0,0.0,100.0,1.0,0.11,-11.0,-240.0396062803184,240.0396062803184,0.0,-240.0396062803184,240.0396062803184,0.0,-18079.92387492537,18079.92387492537,0.0,0.0,0.0,0.0,0.0,0.0,0.0,0.0,0.0,-184611.0308748601,-184611.0308748601,18560.00308748601,18560.00308748601,18460.00308748601,0.0,100.0,0.0,0.0,18560.00308748601,18560.00308748601,1,0.0,100.0
6741,16970.159337814534,0.0,-169701.59337814534,0.0,10.0,0.0,-0.0,0.1,0.324266606,32.4266606,0.0,0.0,100.0,1.0,0.11,-11.0,-234.1095229221704,234.1095229221704,0.0,-234.1095229221704,234.1095229221704,0.0,-16601.940291970193,16601.940291970193,0.0,0.0,0.0,0.0,0.0,0.0,0.0,0.0,0.0,-169712.59337814534,-169712.59337814534,17070.159337814534,17070.159337814534,16970.159337814534,0.0,100.0,0.0,0.0,17070.159337814534,17070.159337814534,1,0.0,100.0
6742,15497.422558330458,0.0,-154974.2255833046,0.0,10.0,0.0,-0.0,0.1,0.3274703539999999,32.74703539999999,0.0,0.0,100.0,1.0,0.11,-11.0,-236.69150674257924,236.69150674257924,0.0,-236.69150674257924,236.69150674257924,0.0,-15124.0395448453,15124.0395448453,0.0,0.0,0.0,0.0,0.0,0.0,0.0,0.0,0.0,-154985.2255833046,-154985.2255833046,15597.422558330458,15597.422558330458,15497.422558330458,0.0,100.0,0.0,0.0,15597.422558330458,15597.422558330458,1,0.0,100.0
6743,14752.575912820137,0.0,-147525.75912820137,0.0,10.0,0.0,-0.0,0.1,0.329804339,32.9804339,0.0,0.0,100.0,1.0,0.11,-11.0,-233.7433783261047,233.7433783261047,0.0,-233.7433783261047,233.7433783261047,0.0,-14385.089156167927,14385.089156167927,0.0,0.0,0.0,0.0,0.0,0.0,0.0,0.0,0.0,-147536.75912820137,-147536.75912820137,14852.575912820137,14852.575912820137,14752.575912820137,0.0,100.0,0.0,0.0,14852.575912820137,14852.575912820137,1,0.0,100.0
6744,14752.39240300004,0.0,-147523.9240300004,0.0,10.0,0.0,-0.0,0.1,0.314601983,31.4601983,0.0,0.0,100.0,1.0,0.08,-8.0,-233.6515599333745,233.6515599333745,0.0,-233.6515599333745,233.6515599333745,0.0,-14385.089283133291,14385.089283133291,0.0,0.0,0.0,0.0,0.0,0.0,0.0,0.0,0.0,-147531.9240300004,-147531.9240300004,14852.39240300004,14852.39240300004,14752.39240300004,0.0,100.0,0.0,0.0,14852.39240300004,14852.39240300004,1,0.0,100.0
6745,14752.163898020059,0.0,-147521.63898020057,0.0,10.0,0.0,-0.0,0.1,0.319854557,31.9854557,0.0,0.0,100.0,1.0,0.08,-8.0,-233.5372953514463,233.5372953514463,0.0,-233.5372953514463,233.5372953514463,0.0,-14385.089307317166,14385.089307317166,0.0,0.0,0.0,0.0,0.0,0.0,0.0,0.0,0.0,-147529.63898020057,-147529.63898020057,14852.163898020059,14852.163898020059,14752.163898020059,0.0,100.0,0.0,0.0,14852.163898020059,14852.163898020059,1,0.0,100.0
6746,14751.982408073301,0.0,-147519.824080733,0.0,10.0,0.0,-0.0,0.1,0.327483938,32.748393799999995,0.0,0.0,100.0,1.0,0.08,-8.0,-233.446547355082,233.446547355082,0.0,-233.446547355082,233.446547355082,0.0,-14385.089313363138,14385.089313363138,0.0,0.0,0.0,0.0,0.0,0.0,0.0,0.0,0.0,-147527.824080733,-147527.824080733,14851.982408073301,14851.982408073301,14751.982408073301,0.0,100.0,0.0,0.0,14851.982408073301,14851.982408073301,1,0.0,100.0
6747,15492.912096809963,0.0,-154929.12096809963,0.0,10.0,0.0,-0.0,0.1,0.307565195,30.756519500000003,0.0,0.0,100.0,1.0,0.08,-8.0,-234.4362064536806,234.4362064536806,0.0,-234.4362064536806,234.4362064536806,0.0,-15124.039683902602,15124.039683902602,0.0,0.0,0.0,0.0,0.0,0.0,0.0,0.0,0.0,-154937.12096809963,-154937.12096809963,15592.912096809963,15592.912096809963,15492.912096809963,0.0,100.0,0.0,0.0,15592.912096809963,15592.912096809963,1,0.0,100.0
6748,16970.53215448246,0.0,-169705.32154482458,0.0,10.0,0.0,-0.0,0.1,0.27828698,27.828698000000003,0.0,0.0,100.0,1.0,0.08,-8.0,-234.25439242159703,234.25439242159703,0.0,-234.25439242159703,234.25439242159703,0.0,-16602.023369639264,16602.023369639264,0.0,0.0,0.0,0.0,0.0,0.0,0.0,0.0,0.0,-169713.32154482458,-169713.32154482458,17070.53215448246,17070.53215448246,16970.53215448246,0.0,100.0,0.0,0.0,17070.53215448246,17070.53215448246,1,0.0,100.0
6749,19409.598613280534,0.0,-194095.98613280535,0.0,10.0,0.0,-0.0,0.1,0.2491492039999999,24.91492039999999,0.0,0.0,100.0,1.0,0.11,-11.0,-234.2020982326653,234.2020982326653,0.0,-234.2020982326653,234.2020982326653,0.0,-19041.194416815204,19041.194416815204,0.0,0.0,0.0,0.0,0.0,0.0,0.0,0.0,0.0,-194106.98613280535,-194106.98613280535,19509.598613280534,19509.598613280534,19409.598613280534,0.0,100.0,0.0,0.0,19509.598613280534,19509.598613280534,1,0.0,100.0
6750,16685.682429185596,0.0,-166856.82429185597,0.0,10.0,0.0,-0.0,0.1,0.22713287,22.713286999999998,0.0,0.0,100.0,1.0,0.11,-11.0,-209.9639577755993,209.9639577755993,0.0,-209.9639577755993,209.9639577755993,0.0,-17936.35767604341,17936.35767604341,0.0,0.0,934.864013671875,934.864013671875,0.0,0.0,635.7391487371376,635.7391487371376,0.0,-166867.82429185597,-166867.82429185597,18356.28559159461,18356.28559159461,18256.28559159461,0.0,100.0,0.0,0.0,18356.28559159461,16785.682429185596,1,0.0,100.0
6751,7475.602920206039,0.0,-74756.0292020604,0.0,10.0,0.0,-0.0,0.1,0.222268998,22.226899799999998,0.0,0.0,100.0,1.0,0.11,-11.0,-198.06861526228784,198.06861526228784,0.0,-198.06861526228784,198.06861526228784,0.0,-17936.357651859536,17936.357651859536,0.0,0.0,5422.211279296875,5422.211279296875,0.0,0.0,5334.680682881198,5334.680682881198,0.0,-74767.0292020604,-74767.0292020604,18332.49488238411,18332.49488238411,18232.49488238411,0.0,100.0,0.0,0.0,18332.49488238411,7575.602920206038,1,0.0,100.0
6752,0.0,0.0,-0.0,55.55555555555556,10.0,0.0,-0.0,0.1,0.21517433,0.0,0.0,100.0,0.0,1.0,0.11,0.0,-198.1126904707587,198.1126904707587,0.0,-198.1126904707587,198.1126904707587,0.0,-15719.506546287115,15719.506546287115,0.0,0.0,15630.92630859375,15630.92630859375,0.0,10250.126852002266,10890.488026192705,640.3611741904388,0.0,0.0,0.0,16271.287482784188,16271.287482784188,16271.287482784188,0.0,0.0,155.55555555555475,0.0,16115.731927228633,-10405.682407557819,1,-55.55555555555556,-100.0
6753,0.0,0.0,-0.0,44.44444444444444,60.0,0.0,-0.0,0.6,0.220694748,0.0,0.0,100.0,0.0,1.0,0.11,0.0,-198.29219320486493,198.29219320486493,0.0,-198.29219320486493,198.29219320486493,0.0,-21745.635605241565,21745.635605241565,0.0,0.0,21127.92670898437,21127.92670898437,0.0,14651.818493655705,15810.556220767074,1158.7377271113692,0.0,0.0,0.0,22286.66443609574,22286.66443609574,22286.66443609574,0.0,0.0,144.44444444444525,0.0,22142.219991651295,-14796.26293810015,1,-44.44444444444444,-100.0
6754,0.0,0.0,-0.0,0.0,100.0,-0.0,-0.0,1.0,0.257952961,0.0,0.0,100.0,0.0,1.0,0.11,0.0,-201.32616768603904,201.32616768603904,0.0,-201.32616768603904,201.32616768603904,0.0,-38111.07139131997,38111.07139131997,0.0,0.0,21165.32126953125,21165.32126953125,0.0,2121.306990921523,19569.70944808232,17448.4024571608,0.0,0.0,0.0,38613.72372669205,38613.72372669205,38613.72372669205,0.0,0.0,100.0,0.0,38513.72372669205,-2221.306990921519,1,-0.0,-100.0
6755,0.0,0.0,-0.0,0.0,100.0,-0.0,-0.0,1.0,0.290083291,0.0,0.0,100.0,0.0,1.0,0.11,0.0,-242.8370447131481,242.8370447131481,0.0,-242.8370447131481,242.8370447131481,0.0,-43806.035527559296,43806.035527559296,0.0,0.0,23521.178583984376,23521.178583984376,0.0,468.191698523573,21338.72273152479,20870.531033001218,0.0,0.0,0.0,44391.709616985594,44391.709616985594,44391.709616985594,0.0,0.0,100.0,0.0,44291.709616985594,-568.191698523573,1,-0.0,-100.0
6756,0.0,0.0,-0.0,0.0,100.0,-0.0,-0.0,1.0,0.298542776,0.0,0.0,100.0,0.0,1.0,0.11,0.0,-287.64169336944275,287.64169336944275,0.0,-287.64169336944275,287.64169336944275,0.0,-40177.873017321006,40177.873017321006,0.0,0.0,22885.4710546875,22885.4710546875,0.0,2265.404080000859,20233.08942937325,17967.68534937239,0.0,0.0,0.0,40853.15640405989,40853.15640405989,40853.15640405989,0.0,0.0,100.0,0.0,40753.15640405989,-2365.404080000859,1,-0.0,-100.0
6757,3554.2683474739424,0.0,-35542.683474739424,0.0,100.0,45.0,-0.0,1.0,0.290144818,29.014481800000002,0.0,0.0,100.0,1.0,0.11,-11.0,-309.23587086817173,309.23587086817173,0.0,-309.23587086817173,309.23587086817173,0.0,-43051.60612039792,43051.60612039792,0.0,0.0,21838.423359375,21838.423359375,0.0,0.0,18132.38615528532,18132.38615528532,0.0,-35553.683474739424,-35553.683474739424,43670.07786213426,43670.07786213426,43525.07786213426,0.0,145.0,0.0,0.0,43670.07786213426,3699.268347473946,1,45.0,100.0
6758,6011.380678938196,0.0,-60113.80678938196,0.0,50.0,36.0,-0.0,0.5,0.299539336,29.9539336,0.0,0.0,100.0,1.0,0.08,-8.0,-302.2143080763881,302.2143080763881,0.0,-302.2143080763881,302.2143080763881,0.0,-36907.93026130623,36907.93026130623,0.0,0.0,17351.076093749998,17351.076093749998,0.0,0.0,14013.902104770816,14013.902104770816,0.0,-60121.80678938196,-60121.80678938196,37512.35887745901,37512.35887745901,37376.35887745901,0.0,136.0,0.0,0.0,37512.35887745901,6147.380678938196,1,36.0,100.0
6759,11682.804638033596,0.0,-116828.04638033596,0.0,10.0,0.0,-0.0,0.1,0.293371916,29.3371916,0.0,0.0,100.0,1.0,0.08,-8.0,-304.49332369929635,304.49332369929635,0.0,-304.49332369929635,304.49332369929635,0.0,-31907.20881722345,31907.20881722345,0.0,0.0,9759.980302734377,9759.980302734377,0.0,0.0,10973.41052385407,10973.41052385407,0.0,-116836.04638033596,-116836.04638033596,32516.19546462204,32516.195464622044,32416.19546462204,0.0,100.0,0.0,0.0,32516.195464622044,11782.804638033598,1,0.0,100.0
6760,8522.895655911256,0.0,-85228.95655911256,0.0,10.0,0.0,-0.0,0.1,0.288321276,28.8321276,0.0,0.0,100.0,1.0,0.08,-8.0,-255.108952642872,255.108952642872,0.0,-255.108952642872,255.108952642872,0.0,-17936.357669997444,17936.357669997444,0.0,0.0,3963.8234179687497,3963.8234179687497,0.0,0.0,5859.856501403181,5859.856501403181,0.0,-85236.95655911256,-85236.95655911256,18446.575575283186,18446.575575283186,18346.575575283186,0.0,100.0,0.0,0.0,18446.575575283186,8622.895655911256,1,0.0,100.0
6761,21102.786823678438,0.0,-211027.8682367844,0.0,10.0,0.0,-0.0,0.1,0.289010828,28.9010828,0.0,0.0,100.0,1.0,0.11,-11.0,-249.4170981677244,249.4170981677244,0.0,-249.4170981677244,249.4170981677244,0.0,-21035.64261798845,21035.64261798845,0.0,0.0,0.0,0.0,0.0,0.0,331.6899906454631,331.6899906454631,0.0,-211038.8682367844,-211038.8682367844,21534.4768143239,21534.4768143239,21434.4768143239,0.0,100.0,0.0,0.0,21534.4768143239,21202.786823678438,1,0.0,100.0
6762,19928.078197267907,0.0,-199280.78197267908,0.0,10.0,0.0,-0.0,0.1,0.300088087,30.0088087,0.0,0.0,100.0,1.0,0.11,-11.0,-235.1681541332195,235.1681541332195,0.0,-235.1681541332195,235.1681541332195,0.0,-19557.741889001467,19557.741889001467,0.0,0.0,0.0,0.0,0.0,0.0,0.0,0.0,0.0,-199291.78197267908,-199291.78197267908,20028.078197267907,20028.078197267907,19928.078197267907,0.0,100.0,0.0,0.0,20028.078197267907,20028.078197267907,1,0.0,100.0
6763,19927.261630177647,0.0,-199272.61630177646,0.0,10.0,0.0,-0.0,0.1,0.305661248,30.5661248,0.0,0.0,100.0,1.0,0.11,-11.0,-234.7598615191379,234.7598615191379,0.0,-234.7598615191379,234.7598615191379,0.0,-19557.74190713937,19557.74190713937,0.0,0.0,0.0,0.0,0.0,0.0,0.0,0.0,0.0,-199283.61630177646,-199283.61630177646,20027.261630177647,20027.261630177647,19927.261630177647,0.0,100.0,0.0,0.0,20027.261630177647,20027.261630177647,1,0.0,100.0
6764,18448.1800625164,0.0,-184481.800625164,0.0,10.0,0.0,-0.0,0.1,0.312182813,31.2182813,0.0,0.0,100.0,1.0,0.11,-11.0,-234.12796380716523,234.12796380716523,0.0,-234.12796380716523,234.12796380716523,0.0,-18079.92413490207,18079.92413490207,0.0,0.0,0.0,0.0,0.0,0.0,0.0,0.0,0.0,-184492.800625164,-184492.800625164,18548.1800625164,18548.1800625164,18448.1800625164,0.0,100.0,0.0,0.0,18548.1800625164,18548.1800625164,1,0.0,100.0
6765,16968.646868352735,0.0,-169686.46868352735,0.0,10.0,0.0,-0.0,0.1,0.313933396,31.393339599999997,0.0,0.0,100.0,1.0,0.11,-11.0,-233.35322470858927,233.35322470858927,0.0,-233.35322470858927,233.35322470858927,0.0,-16601.940418935555,16601.940418935555,0.0,0.0,0.0,0.0,0.0,0.0,0.0,0.0,0.0,-169697.46868352735,-169697.46868352735,17068.646868352735,17068.646868352735,16968.646868352735,0.0,100.0,0.0,0.0,17068.646868352735,17068.646868352735,1,0.0,100.0
6766,15496.192396223454,0.0,-154961.92396223455,0.0,10.0,0.0,-0.0,0.1,0.3066697869999999,30.66697869999999,0.0,0.0,100.0,1.0,0.11,-11.0,-236.0763561604264,236.0763561604264,0.0,-236.0763561604264,236.0763561604264,0.0,-15124.039683902602,15124.039683902602,0.0,0.0,0.0,0.0,0.0,0.0,0.0,0.0,0.0,-154972.92396223455,-154972.92396223455,15596.192396223454,15596.192396223454,15496.192396223454,0.0,100.0,0.0,0.0,15596.192396223454,15596.192396223454,1,0.0,100.0
6767,14751.323570888026,0.0,-147513.23570888027,0.0,10.0,0.0,-0.0,0.1,0.304255246,30.4255246,0.0,0.0,100.0,1.0,0.11,-11.0,-233.11712573945843,233.11712573945843,0.0,-233.11712573945843,233.11712573945843,0.0,-14385.08931940911,14385.08931940911,0.0,0.0,0.0,0.0,0.0,0.0,0.0,0.0,0.0,-147524.23570888027,-147524.23570888027,14851.323570888026,14851.323570888026,14751.323570888026,0.0,100.0,0.0,0.0,14851.323570888026,14851.323570888026,1,0.0,100.0
6768,17764.663294718008,0.0,-177646.63294718007,0.0,10.0,0.0,-0.0,0.1,0.3030310999999999,30.30310999999999,0.0,0.0,100.0,1.0,0.08,-8.0,-233.0954599831045,233.0954599831045,0.0,-233.0954599831045,233.0954599831045,0.0,-17398.4723747518,17398.4723747518,0.0,0.0,0.0,0.0,0.0,0.0,0.0,0.0,0.0,-177654.63294718007,-177654.63294718007,17864.663294718008,17864.663294718008,17764.663294718008,0.0,100.0,0.0,0.0,17864.663294718008,17864.663294718008,1,0.0,100.0
6769,17764.765213067578,0.0,-177647.6521306758,0.0,10.0,0.0,-0.0,0.1,0.306435811,30.6435811,0.0,0.0,100.0,1.0,0.08,-8.0,-233.146422180874,233.146422180874,0.0,-233.146422180874,233.146422180874,0.0,-17398.47236870583,17398.47236870583,0.0,0.0,0.0,0.0,0.0,0.0,0.0,0.0,0.0,-177655.6521306758,-177655.6521306758,17864.765213067578,17864.765213067578,17764.765213067578,0.0,100.0,0.0,0.0,17864.765213067578,17864.765213067578,1,0.0,100.0
6770,17764.855664196526,0.0,-177648.55664196526,0.0,10.0,0.0,-0.0,0.1,0.306446235,30.6446235,0.0,0.0,100.0,1.0,0.08,-8.0,-233.1916477453485,233.1916477453485,0.0,-233.1916477453485,233.1916477453485,0.0,-17398.47236870583,17398.47236870583,0.0,0.0,0.0,0.0,0.0,0.0,0.0,0.0,0.0,-177656.55664196526,-177656.55664196526,17864.855664196526,17864.855664196526,17764.855664196526,0.0,100.0,0.0,0.0,17864.855664196526,17864.855664196526,1,0.0,100.0
6771,18514.25949769489,0.0,-185142.5949769489,0.0,10.0,0.0,-0.0,0.1,0.293595108,29.3595108,0.0,0.0,100.0,1.0,0.08,-8.0,-238.41837922479988,238.41837922479988,0.0,-238.41837922479988,238.41837922479988,0.0,-18137.42273924529,18137.42273924529,0.0,0.0,0.0,0.0,0.0,0.0,0.0,0.0,0.0,-185150.5949769489,-185150.5949769489,18614.25949769489,18614.25949769489,18514.25949769489,0.0,100.0,0.0,0.0,18614.25949769489,18614.25949769489,1,0.0,100.0
6772,21497.330203859656,0.0,-214973.30203859656,0.0,10.0,0.0,-0.0,0.1,0.2581852189999999,25.81852189999999,0.0,0.0,100.0,1.0,0.08,-8.0,-237.6230240545558,237.6230240545558,0.0,-237.6230240545558,237.6230240545558,0.0,-21122.084155750545,21122.084155750545,0.0,0.0,0.0,0.0,0.0,0.0,0.0,0.0,0.0,-214981.30203859656,-214981.30203859656,21597.330203859656,21597.330203859656,21497.330203859656,0.0,100.0,0.0,0.0,21597.330203859656,21597.330203859656,1,0.0,100.0
6773,30421.43734488594,0.0,-304214.37344885943,0.0,10.0,0.0,-0.0,0.1,0.224285556,22.4285556,0.0,0.0,100.0,1.0,0.11,-11.0,-331.21358830561155,331.21358830561155,0.0,-331.21358830561155,331.21358830561155,0.0,-29859.01016827472,29859.01016827472,0.0,0.0,0.0,0.0,0.0,0.0,0.0,0.0,0.0,-304225.37344885943,-304225.37344885943,30521.43734488594,30521.43734488594,30421.43734488594,0.0,100.0,0.0,0.0,30521.43734488594,30521.43734488594,1,0.0,100.0
6774,31438.92358952351,0.0,-314389.2358952351,0.0,10.0,0.0,-0.0,0.1,0.1947803719999999,19.47803719999999,0.0,0.0,100.0,1.0,0.11,-11.0,-574.2994090424347,574.2994090424347,0.0,-574.2994090424347,574.2994090424347,0.0,-31970.68166184074,31970.68166184074,0.0,0.0,972.25857421875,972.25857421875,0.0,0.0,608.098316183349,608.098316183349,0.0,-314400.2358952351,-314400.2358952351,33119.28047992561,33119.28047992561,33019.28047992561,0.0,100.0,0.0,0.0,33119.28047992561,31538.923589523514,1,0.0,100.0
6775,52346.79239420712,0.0,-523467.9239420712,0.0,10.0,0.0,-0.0,0.1,0.1796934989999999,17.96934989999999,0.0,0.0,100.0,1.0,0.11,-11.0,-778.9781041723743,778.9781041723743,0.0,-778.9781041723743,778.9781041723743,0.0,-63362.6056109055,63362.6056109055,0.0,0.0,7553.70123046875,7553.70123046875,0.0,0.0,4920.068194574369,4920.068194574369,0.0,-523478.9239420712,-523478.9239420712,64920.561819250244,64920.561819250244,64820.561819250244,0.0,100.0,0.0,0.0,64920.561819250244,52446.79239420712,1,0.0,100.0
6776,37667.58319323791,0.0,-376675.83193237905,0.0,10.0,0.0,-0.0,0.1,0.176502789,17.6502789,0.0,0.0,100.0,1.0,0.11,-11.0,-808.4685295103689,808.4685295103689,0.0,-808.4685295103689,808.4685295103689,0.0,-61143.74454085816,61143.74454085816,0.0,0.0,14434.30037109375,14434.30037109375,0.0,0.0,10558.798035547245,10558.798035547245,0.0,-376686.83193237905,-376686.83193237905,62760.6815998789,62760.6815998789,62660.6815998789,0.0,100.0,0.0,0.0,62760.6815998789,37767.58319323791,1,0.0,100.0
6777,25560.247799874942,0.0,-255602.4779987494,0.0,10.0,0.0,-0.0,0.1,0.179862468,17.9862468,0.0,0.0,100.0,1.0,0.11,-11.0,-850.001814399607,850.001814399607,0.0,-850.001814399607,850.001814399607,0.0,-58232.27598369997,58232.27598369997,0.0,0.0,19594.7497265625,19594.7497265625,0.0,0.0,14677.28208606174,14677.28208606174,0.0,-255613.4779987494,-255613.4779987494,59932.27961249917,59932.27961249918,59832.27961249917,0.0,100.0,0.0,0.0,59932.27961249918,25660.247799874945,1,0.0,100.0
6778,19117.162325426925,0.0,-191171.62325426925,0.0,10.0,0.0,-0.0,0.1,0.2070762739999999,20.70762739999999,0.0,0.0,100.0,1.0,0.11,-11.0,-870.32013369899,870.32013369899,0.0,-870.32013369899,870.32013369899,0.0,-58369.16953607684,58369.16953607684,0.0,0.0,23147.232978515625,23147.232978515625,0.0,0.0,17745.414499532275,17745.414499532275,0.0,-191182.62325426925,-191182.62325426925,60109.809803474825,60109.809803474825,60009.809803474825,0.0,100.0,0.0,0.0,60109.809803474825,19217.16232542692,1,0.0,100.0
6779,13241.281477803186,0.0,-132412.81477803187,0.0,10.0,0.0,-0.0,0.1,0.247034356,24.703435600000002,0.0,0.0,100.0,1.0,0.11,-11.0,-913.3227394869814,913.3227394869814,0.0,-913.3227394869814,913.3227394869814,0.0,-55416.79866406835,55416.79866406835,0.0,0.0,24829.988203125,24829.988203125,0.0,0.0,19072.17446211413,19072.17446211413,0.0,-132423.81477803187,-132423.81477803187,57243.44414304232,57243.44414304232,57143.44414304232,0.0,100.0,0.0,0.0,57243.44414304232,13341.28147780319,1,0.0,100.0
6780,15871.669070865166,0.0,-158716.69070865167,0.0,10.0,0.0,-0.0,0.1,0.25797764,25.797764,0.0,0.0,100.0,1.0,0.11,-11.0,-962.5058181594408,962.5058181594408,0.0,-962.5058181594408,962.5058181594408,0.0,-58464.21057087405,58464.21057087405,0.0,0.0,25428.301171875,25428.301171875,0.0,0.0,18989.251964452764,18989.251964452764,0.0,-158727.69070865167,-158727.69070865167,60389.22220719293,60389.22220719293,60289.22220719293,0.0,100.0,0.0,0.0,60389.22220719293,15971.669070865166,1,0.0,100.0
6781,23046.07048136253,0.0,-230460.7048136253,0.0,10.0,0.0,-0.0,0.1,0.261160124,26.1160124,0.0,0.0,100.0,1.0,0.11,-11.0,-1017.267143097092,1017.267143097092,0.0,-1017.267143097092,1017.267143097092,0.0,-58474.44858010024,58474.44858010024,0.0,0.0,19893.9062109375,19893.9062109375,0.0,0.0,17469.00617399439,17469.00617399439,0.0,-230471.7048136253,-230471.7048136253,60508.98286629442,60508.98286629442,60408.98286629442,0.0,100.0,0.0,0.0,60508.98286629442,23146.070481362534,1,0.0,100.0
6782,29440.405337023716,0.0,-294404.0533702372,0.0,10.0,0.0,-0.0,0.1,0.260648029,26.0648029,0.0,0.0,100.0,1.0,0.08,-8.0,-992.5781630465748,992.5781630465748,0.0,-992.5781630465748,992.5781630465748,0.0,-58385.32928237658,58385.32928237658,0.0,0.0,16677.97400390625,16677.97400390625,0.0,0.0,14152.10626753976,14152.10626753976,0.0,-294412.0533702372,-294412.0533702372,60370.485608469724,60370.48560846973,60270.485608469724,0.0,100.0,0.0,0.0,60370.48560846973,29540.405337023723,1,0.0,100.0
6783,42470.56010576498,0.0,-424705.60105764976,0.0,10.0,0.0,-0.0,0.1,0.254991303,25.4991303,0.0,0.0,100.0,1.0,0.08,-8.0,-918.9731322747984,918.9731322747984,0.0,-918.9731322747984,918.9731322747984,0.0,-61210.69253023732,61210.69253023732,0.0,0.0,10582.660634765623,10582.660634765623,0.0,0.0,9895.418054256315,9895.418054256315,0.0,-424713.60105764976,-424713.60105764976,63048.638794786915,63048.638794786915,62948.638794786915,0.0,100.0,0.0,0.0,63048.638794786915,42570.56010576498,1,0.0,100.0
6784,46515.754282108894,0.0,-465157.5428210889,0.0,10.0,0.0,-0.0,0.1,0.2507588639999999,25.07588639999999,0.0,0.0,100.0,1.0,0.08,-8.0,-679.011713465652,679.011713465652,0.0,-679.011713465652,679.011713465652,0.0,-54318.873161902266,54318.873161902266,0.0,0.0,3477.694130859375,3477.694130859375,0.0,0.0,5583.448175865296,5583.448175865296,0.0,-465165.5428210889,-465165.5428210889,55676.896588833566,55676.896588833566,55576.896588833566,0.0,100.0,0.0,0.0,55676.896588833566,46615.754282108894,1,0.0,100.0
6785,46334.906777338816,0.0,-463349.0677733882,0.0,10.0,0.0,-0.0,0.1,0.250220421,25.022042100000004,0.0,0.0,100.0,1.0,0.11,-11.0,-658.4253812596133,658.4253812596133,0.0,-658.4253812596133,658.4253812596133,0.0,-45366.82350780368,45366.82350780368,0.0,0.0,0.0,0.0,0.0,0.0,248.7674929840973,248.7674929840973,0.0,-463360.0677733882,-463360.0677733882,46683.67427032291,46683.67427032291,46583.67427032291,0.0,100.0,0.0,0.0,46683.67427032291,46434.906777338816,1,0.0,100.0
6786,45126.50348082393,0.0,-451265.0348082393,0.0,10.0,0.0,-0.0,0.1,0.255340044,25.5340044,0.0,0.0,100.0,1.0,0.11,-11.0,-668.005094418457,668.005094418457,0.0,-668.005094418457,668.005094418457,0.0,-43890.49329198701,43890.49329198701,0.0,0.0,0.0,0.0,0.0,0.0,0.0,0.0,0.0,-451276.0348082393,-451276.0348082393,45226.50348082393,45226.50348082393,45126.50348082393,0.0,100.0,0.0,0.0,45226.50348082393,45226.50348082393,1,0.0,100.0
6787,36069.49559362505,0.0,-360694.9559362505,0.0,10.0,0.0,-0.0,0.1,0.265544553,26.5544553,0.0,0.0,100.0,1.0,0.11,-11.0,-658.4566006654643,658.4566006654643,0.0,-658.4566006654643,658.4566006654643,0.0,-34852.58239229412,34852.58239229412,0.0,0.0,0.0,0.0,0.0,0.0,0.0,0.0,0.0,-360705.9559362505,-360705.9559362505,36169.49559362505,36169.49559362505,36069.49559362505,0.0,100.0,0.0,0.0,36169.49559362505,36169.49559362505,1,0.0,100.0
6788,33741.70518873052,0.0,-337417.0518873052,0.0,10.0,0.0,-0.0,0.1,0.2598629189999999,25.98629189999999,0.0,0.0,100.0,1.0,0.11,-11.0,-233.1918130203718,233.1918130203718,0.0,-233.1918130203718,233.1918130203718,0.0,-33375.32156268978,33375.32156268978,0.0,0.0,0.0,0.0,0.0,0.0,0.0,0.0,0.0,-337428.0518873052,-337428.0518873052,33841.70518873052,33841.70518873052,33741.70518873052,0.0,100.0,0.0,0.0,33841.70518873052,33841.70518873052,1,0.0,100.0
6789,21488.61846241977,0.0,-214886.18462419772,0.0,10.0,0.0,-0.0,0.1,0.254105043,25.410504299999996,0.0,0.0,100.0,1.0,0.11,-11.0,-233.30868007721068,233.30868007721068,0.0,-233.30868007721068,233.30868007721068,0.0,-21122.00110226535,21122.00110226535,0.0,0.0,0.0,0.0,0.0,0.0,0.0,0.0,0.0,-214897.18462419772,-214897.18462419772,21588.61846241977,21588.61846241977,21488.61846241977,0.0,100.0,0.0,0.0,21588.61846241977,21588.61846241977,1,0.0,100.0
6790,18510.037887838345,0.0,-185100.37887838346,0.0,10.0,0.0,-0.0,0.1,0.258289586,25.8289586,0.0,0.0,100.0,1.0,0.11,-11.0,-236.3075712735406,236.3075712735406,0.0,-236.3075712735406,236.3075712735406,0.0,-18137.422745291264,18137.422745291264,0.0,0.0,0.0,0.0,0.0,0.0,0.0,0.0,0.0,-185111.37887838346,-185111.37887838346,18610.037887838345,18610.037887838345,18510.037887838345,0.0,100.0,0.0,0.0,18610.037887838345,18610.037887838345,1,0.0,100.0
6791,17765.222082960678,0.0,-177652.22082960678,0.0,10.0,0.0,-0.0,0.1,0.256646057,25.6646057,0.0,0.0,100.0,1.0,0.11,-11.0,-233.3748541044382,233.3748541044382,0.0,-233.3748541044382,233.3748541044382,0.0,-17398.4723747518,17398.4723747518,0.0,0.0,0.0,0.0,0.0,0.0,0.0,0.0,0.0,-177663.22082960678,-177663.22082960678,17865.222082960678,17865.222082960678,17765.222082960678,0.0,100.0,0.0,0.0,17865.222082960678,17865.222082960678,1,0.0,100.0
6792,17765.21016292365,0.0,-177652.10162923648,0.0,10.0,0.0,-0.0,0.1,0.248329148,24.8329148,0.0,0.0,100.0,1.0,0.08,-8.0,-233.36880641936528,233.36880641936528,0.0,-233.36880641936528,233.36880641936528,0.0,-17398.47255008492,17398.47255008492,0.0,0.0,0.0,0.0,0.0,0.0,0.0,0.0,0.0,-177660.10162923648,-177660.10162923648,17865.21016292365,17865.21016292365,17765.21016292365,0.0,100.0,0.0,0.0,17865.21016292365,17865.21016292365,1,0.0,100.0
6793,17765.181806646237,0.0,-177651.81806646235,0.0,10.0,0.0,-0.0,0.1,0.255565858,25.556585799999997,0.0,0.0,100.0,1.0,0.08,-8.0,-233.35463130364184,233.35463130364184,0.0,-233.35463130364184,233.35463130364184,0.0,-17398.472544038952,17398.472544038952,0.0,0.0,0.0,0.0,0.0,0.0,0.0,0.0,0.0,-177659.81806646235,-177659.81806646235,17865.181806646237,17865.181806646237,17765.181806646237,0.0,100.0,0.0,0.0,17865.181806646237,17865.181806646237,1,0.0,100.0
6794,17765.156616975335,0.0,-177651.56616975335,0.0,10.0,0.0,-0.0,0.1,0.246362252,24.636225200000002,0.0,0.0,100.0,1.0,0.08,-8.0,-233.34203646819148,233.34203646819148,0.0,-233.34203646819148,233.34203646819148,0.0,-17398.472544038952,17398.472544038952,0.0,0.0,0.0,0.0,0.0,0.0,0.0,0.0,0.0,-177659.56616975335,-177659.56616975335,17865.156616975335,17865.156616975335,17765.156616975335,0.0,100.0,0.0,0.0,17865.156616975335,17865.156616975335,1,0.0,100.0
6795,18506.200101038383,0.0,-185062.00101038383,0.0,10.0,0.0,-0.0,0.1,0.234927007,23.4927007,0.0,0.0,100.0,1.0,0.08,-8.0,-234.38859322998383,234.38859322998383,0.0,-234.38859322998383,234.38859322998383,0.0,-18137.422914578416,18137.422914578416,0.0,0.0,0.0,0.0,0.0,0.0,0.0,0.0,0.0,-185070.00101038383,-185070.00101038383,18606.200101038383,18606.200101038383,18506.200101038383,0.0,100.0,0.0,0.0,18606.200101038383,18606.200101038383,1,0.0,100.0
6796,21490.667237440324,0.0,-214906.67237440325,0.0,10.0,0.0,-0.0,0.1,0.207997566,20.7997566,0.0,0.0,100.0,1.0,0.08,-8.0,-234.29138364967807,234.29138364967807,0.0,-234.29138364967807,234.29138364967807,0.0,-21122.08447014097,21122.08447014097,0.0,0.0,0.0,0.0,0.0,0.0,0.0,0.0,0.0,-214914.67237440325,-214914.67237440325,21590.667237440324,21590.667237440324,21490.667237440324,0.0,100.0,0.0,0.0,21590.667237440324,21590.667237440324,1,0.0,100.0
6797,25980.410067828518,0.0,-259804.10067828518,0.0,10.0,0.0,-0.0,0.1,0.176515728,17.6515728,0.0,0.0,100.0,1.0,0.11,-11.0,-369.3925722871871,369.3925722871871,0.0,-369.3925722871871,369.3925722871871,0.0,-25341.624923254145,25341.624923254145,0.0,0.0,0.0,0.0,0.0,0.0,0.0,0.0,0.0,-259815.10067828518,-259815.10067828518,26080.410067828518,26080.410067828518,25980.410067828518,0.0,100.0,0.0,0.0,26080.410067828518,26080.410067828518,1,0.0,100.0
6798,29831.491417073066,0.0,-298314.9141707307,0.0,10.0,0.0,-0.0,0.1,0.163918146,16.3918146,0.0,0.0,100.0,1.0,0.11,-11.0,-610.0937509705672,610.0937509705672,0.0,-610.0937509705672,610.0937509705672,0.0,-30228.24576385884,30228.24576385884,0.0,0.0,1047.0476953125,1047.0476953125,0.0,0.0,469.8941534144061,469.8941534144061,0.0,-298325.9141707307,-298325.9141707307,31448.433265799973,31448.433265799973,31348.433265799973,0.0,100.0,0.0,0.0,31448.433265799973,29931.491417073066,1,0.0,100.0
6799,53537.148776090224,0.0,-535371.4877609023,0.0,10.0,0.0,-0.0,0.1,0.160410705,16.0410705,0.0,0.0,100.0,1.0,0.11,-11.0,-811.6731904538066,811.6731904538066,0.0,-811.6731904538066,811.6731904538066,0.0,-63365.70338437922,63365.70338437922,0.0,0.0,7067.571943359375,7067.571943359375,0.0,0.0,4284.329045837232,4284.329045837232,0.0,-535382.4877609023,-535382.4877609023,64989.04976528683,64989.049765286836,64889.04976528683,0.0,100.0,0.0,0.0,64989.049765286836,53637.14877609023,1,0.0,100.0
6800,37658.22858345005,0.0,-376582.2858345005,0.0,10.0,0.0,-0.0,0.1,0.153889907,15.388990699999999,0.0,0.0,100.0,1.0,0.11,-11.0,-812.0719572431739,812.0719572431739,0.0,-812.0719572431739,812.0719572431739,0.0,-61145.0701801654,61145.0701801654,0.0,0.0,14396.905810546874,14396.905810546874,0.0,0.0,10614.07970065482,10614.07970065482,0.0,-376593.2858345005,-376593.2858345005,62769.21409465175,62769.21409465175,62669.21409465175,0.0,100.0,0.0,0.0,62769.21409465175,37758.22858345005,1,0.0,100.0
6801,24378.242822637112,0.0,-243782.42822637112,0.0,10.0,0.0,-0.0,0.1,0.167446169,16.7446169,0.0,0.0,100.0,1.0,0.11,-11.0,-840.5459432801604,840.5459432801604,0.0,-840.5459432801604,840.5459432801604,0.0,-58187.77886225634,58187.77886225634,0.0,0.0,20492.219179687498,20492.219179687498,0.0,0.0,14898.40874649205,14898.40874649205,0.0,-243793.42822637112,-243793.42822637112,59868.87074881666,59868.87074881666,59768.87074881666,0.0,100.0,0.0,0.0,59868.87074881666,24478.242822637112,1,0.0,100.0
6802,18161.209544094287,0.0,-181612.09544094285,0.0,10.0,0.0,-0.0,0.1,0.184202345,18.4202345,0.0,0.0,100.0,1.0,0.11,-11.0,-881.2882675155772,881.2882675155772,0.0,-881.2882675155772,881.2882675155772,0.0,-58187.94033801396,58187.94033801396,0.0,0.0,24082.0969921875,24082.0969921875,0.0,0.0,17607.21033676333,17607.21033676333,0.0,-181623.09544094285,-181623.09544094285,59950.51687304512,59950.51687304512,59850.51687304512,0.0,100.0,0.0,0.0,59950.51687304512,18261.209544094287,1,0.0,100.0
6803,12825.700023381334,0.0,-128257.00023381333,0.0,10.0,0.0,-0.0,0.1,0.21006886,21.006885999999998,0.0,0.0,100.0,1.0,0.11,-11.0,-864.4455338356215,864.4455338356215,0.0,-864.4455338356215,864.4455338356215,0.0,-55185.13482146153,55185.13482146153,0.0,0.0,25054.355566406248,25054.355566406248,0.0,0.0,18933.970299345187,18933.970299345187,0.0,-128268.00023381333,-128268.00023381333,56914.02588913277,56914.02588913277,56814.02588913277,0.0,100.0,0.0,0.0,56914.02588913277,12925.70002338133,1,0.0,100.0
6804,15433.375629152713,0.0,-154333.75629152713,0.0,10.0,0.0,-0.0,0.1,0.213916206,21.3916206,0.0,0.0,100.0,1.0,0.11,-11.0,-841.1708661351005,841.1708661351005,0.0,-841.1708661351005,841.1708661351005,0.0,-58330.47658178079,58330.47658178079,0.0,0.0,23334.20578125,23334.20578125,0.0,0.0,21145.23690364828,21145.23690364828,0.0,-154344.75629152713,-154344.75629152713,60012.818314050994,60012.818314050994,59912.818314050994,0.0,100.0,0.0,0.0,60012.818314050994,15533.37562915271,1,0.0,100.0
6805,19196.878872567217,0.0,-191968.78872567217,0.0,10.0,0.0,-0.0,0.1,0.225744976,22.5744976,0.0,0.0,100.0,1.0,0.11,-11.0,-880.1803235933324,880.1803235933324,0.0,-880.1803235933324,880.1803235933324,0.0,-58317.045260668354,58317.045260668354,0.0,0.0,21763.63423828125,21763.63423828125,0.0,0.0,19016.892797006552,19016.892797006552,0.0,-191979.78872567217,-191979.78872567217,60077.40590785502,60077.40590785502,59977.40590785502,0.0,100.0,0.0,0.0,60077.40590785502,19296.87887256722,1,0.0,100.0
6806,29324.647582116202,0.0,-293246.475821162,0.0,10.0,0.0,-0.0,0.1,0.225520727,22.5520727,0.0,0.0,100.0,1.0,0.08,-8.0,-924.0732922919876,924.0732922919876,0.0,-924.0732922919876,924.0732922919876,0.0,-58248.90126966338,58248.90126966338,0.0,0.0,15967.477353515624,15967.477353515624,0.0,0.0,14704.92291861553,14704.92291861553,0.0,-293254.475821162,-293254.475821162,60097.04785424736,60097.04785424736,59997.04785424736,0.0,100.0,0.0,0.0,60097.04785424736,29424.647582116202,1,0.0,100.0
6807,42627.221957101705,0.0,-426272.2195710171,0.0,10.0,0.0,-0.0,0.1,0.219305911,21.9305911,0.0,0.0,100.0,1.0,0.08,-8.0,-878.5207238615889,878.5207238615889,0.0,-878.5207238615889,878.5207238615889,0.0,-61158.85644201856,61158.85644201856,0.0,0.0,10320.8987109375,10320.8987109375,0.0,0.0,9867.777221702529,9867.777221702529,0.0,-426280.2195710171,-426280.2195710171,62915.89788974173,62915.89788974173,62815.89788974173,0.0,100.0,0.0,0.0,62915.89788974173,42727.221957101705,1,0.0,100.0
6808,46359.738623124045,0.0,-463597.38623124047,0.0,10.0,0.0,-0.0,0.1,0.2110163639999999,21.10163639999999,0.0,0.0,100.0,1.0,0.08,-8.0,-635.9525852933741,635.9525852933741,0.0,-635.9525852933741,635.9525852933741,0.0,-54318.87220663905,54318.87220663905,0.0,0.0,3851.639736328125,3851.639736328125,0.0,0.0,5279.399017773621,5279.399017773621,0.0,-463605.38623124047,-463605.38623124047,55590.77737722579,55590.77737722579,55490.77737722579,0.0,100.0,0.0,0.0,55590.77737722579,46459.738623124045,1,0.0,100.0
6809,46268.07380368283,0.0,-462680.73803682835,0.0,10.0,0.0,-0.0,0.1,0.2144667089999999,21.44667089999999,0.0,0.0,100.0,1.0,0.11,-11.0,-611.1416732806277,611.1416732806277,0.0,-611.1416732806277,611.1416732806277,0.0,-45366.917117551886,45366.917117551886,0.0,0.0,0.0,0.0,0.0,0.0,221.1266604303088,221.1266604303088,0.0,-462691.73803682835,-462691.73803682835,46589.20046411314,46589.20046411314,46489.20046411314,0.0,100.0,0.0,0.0,46589.20046411314,46368.07380368283,1,0.0,100.0
6810,45010.24970009265,0.0,-450102.4970009265,0.0,10.0,0.0,-0.0,0.1,0.224453669,22.4453669,0.0,0.0,100.0,1.0,0.11,-11.0,-610.0240630708196,610.0240630708196,0.0,-610.0240630708196,610.0240630708196,0.0,-43890.20157395101,43890.20157395101,0.0,0.0,0.0,0.0,0.0,0.0,0.0,0.0,0.0,-450113.4970009265,-450113.4970009265,45110.24970009265,45110.24970009265,45010.24970009265,0.0,100.0,0.0,0.0,45110.24970009265,45110.24970009265,1,0.0,100.0
6811,35919.35276351944,0.0,-359193.5276351944,0.0,10.0,0.0,-0.0,0.1,0.240220419,24.022041899999998,0.0,0.0,100.0,1.0,0.11,-11.0,-583.5464286004535,583.5464286004535,0.0,-583.5464286004535,583.5464286004535,0.0,-34852.25990631853,34852.25990631853,0.0,0.0,0.0,0.0,0.0,0.0,0.0,0.0,0.0,-359204.5276351944,-359204.5276351944,36019.35276351944,36019.35276351944,35919.35276351944,0.0,100.0,0.0,0.0,36019.35276351944,36019.35276351944,1,0.0,100.0
6812,34137.336842830635,0.0,-341373.36842830636,0.0,10.0,0.0,-0.0,0.1,0.244691527,24.4691527,0.0,0.0,100.0,1.0,0.11,-11.0,-233.4119326144684,233.4119326144684,0.0,-233.4119326144684,233.4119326144684,0.0,-33770.5129776017,33770.5129776017,0.0,0.0,0.0,0.0,0.0,0.0,0.0,0.0,0.0,-341384.36842830636,-341384.36842830636,34237.336842830635,34237.336842830635,34137.336842830635,0.0,100.0,0.0,0.0,34237.336842830635,34237.336842830635,1,0.0,100.0
6813,21487.676887741538,0.0,-214876.7688774154,0.0,10.0,0.0,-0.0,0.1,0.238114463,23.8114463,0.0,0.0,100.0,1.0,0.11,-11.0,-232.83781111750287,232.83781111750287,0.0,-232.83781111750287,232.83781111750287,0.0,-21122.001265506533,21122.001265506533,0.0,0.0,0.0,0.0,0.0,0.0,0.0,0.0,0.0,-214887.7688774154,-214887.7688774154,21587.676887741538,21587.676887741538,21487.676887741538,0.0,100.0,0.0,0.0,21587.676887741538,21587.676887741538,1,0.0,100.0
6814,18508.971827510482,0.0,-185089.71827510482,0.0,10.0,0.0,-0.0,0.1,0.242101746,24.210174600000002,0.0,0.0,100.0,1.0,0.11,-11.0,-235.7744594890196,235.7744594890196,0.0,-235.7744594890196,235.7744594890196,0.0,-18137.422908532444,18137.422908532444,0.0,0.0,0.0,0.0,0.0,0.0,0.0,0.0,0.0,-185100.71827510482,-185100.71827510482,18608.971827510482,18608.971827510482,18508.971827510482,0.0,100.0,0.0,0.0,18608.971827510482,18608.971827510482,1,0.0,100.0
6815,17763.974804553174,0.0,-177639.74804553174,0.0,10.0,0.0,-0.0,0.1,0.250922364,25.0922364,0.0,0.0,100.0,1.0,0.11,-11.0,-232.7511332800977,232.7511332800977,0.0,-232.7511332800977,232.7511332800977,0.0,-17398.47253799298,17398.47253799298,0.0,0.0,0.0,0.0,0.0,0.0,0.0,0.0,0.0,-177650.74804553174,-177650.74804553174,17863.974804553174,17863.974804553174,17763.974804553174,0.0,100.0,0.0,0.0,17863.974804553174,17863.974804553174,1,0.0,100.0
6816,17763.8792333456,0.0,-177638.792333456,0.0,10.0,0.0,-0.0,0.1,0.2442800789999999,24.42800789999999,0.0,0.0,100.0,1.0,0.08,-8.0,-232.70326000975044,232.70326000975044,0.0,-232.70326000975044,232.70326000975044,0.0,-17398.4727133261,17398.4727133261,0.0,0.0,0.0,0.0,0.0,0.0,0.0,0.0,0.0,-177646.792333456,-177646.792333456,17863.8792333456,17863.8792333456,17763.8792333456,0.0,100.0,0.0,0.0,17863.8792333456,17863.8792333456,1,0.0,100.0
6817,17763.757687854784,0.0,-177637.57687854784,0.0,10.0,0.0,-0.0,0.1,0.243416146,24.3416146,0.0,0.0,100.0,1.0,0.08,-8.0,-232.6424842413589,232.6424842413589,0.0,-232.6424842413589,232.6424842413589,0.0,-17398.47271937207,17398.47271937207,0.0,0.0,0.0,0.0,0.0,0.0,0.0,0.0,0.0,-177645.57687854784,-177645.57687854784,17863.757687854784,17863.757687854784,17763.757687854784,0.0,100.0,0.0,0.0,17863.757687854784,17863.757687854784,1,0.0,100.0
6818,17763.649935317982,0.0,-177636.49935317982,0.0,10.0,0.0,-0.0,0.1,0.2424325719999999,24.24325719999999,0.0,0.0,100.0,1.0,0.08,-8.0,-232.5886079729576,232.5886079729576,0.0,-232.5886079729576,232.5886079729576,0.0,-17398.47271937207,17398.47271937207,0.0,0.0,0.0,0.0,0.0,0.0,0.0,0.0,0.0,-177644.49935317982,-177644.49935317982,17863.649935317982,17863.649935317982,17763.649935317982,0.0,100.0,0.0,0.0,17863.649935317982,17863.649935317982,1,0.0,100.0
6819,18504.319084675328,0.0,-185043.19084675328,0.0,10.0,0.0,-0.0,0.1,0.237925055,23.7925055,0.0,0.0,100.0,1.0,0.08,-8.0,-233.4479973819,233.4479973819,0.0,-233.4479973819,233.4479973819,0.0,-18137.42308991153,18137.42308991153,0.0,0.0,0.0,0.0,0.0,0.0,0.0,0.0,0.0,-185051.19084675328,-185051.19084675328,18604.319084675328,18604.319084675328,18504.319084675328,0.0,100.0,0.0,0.0,18604.319084675328,18604.319084675328,1,0.0,100.0
6820,21488.728621307375,0.0,-214887.28621307376,0.0,10.0,0.0,-0.0,0.1,0.222640017,22.264001699999998,0.0,0.0,100.0,1.0,0.08,-8.0,-233.32195768679512,233.32195768679512,0.0,-233.32195768679512,233.32195768679512,0.0,-21122.084705933783,21122.084705933783,0.0,0.0,0.0,0.0,0.0,0.0,0.0,0.0,0.0,-214895.28621307376,-214895.28621307376,21588.728621307375,21588.728621307375,21488.728621307375,0.0,100.0,0.0,0.0,21588.728621307375,21588.728621307375,1,0.0,100.0
6821,25783.16757064699,0.0,-257831.67570646992,0.0,10.0,0.0,-0.0,0.1,0.197999457,19.7999457,0.0,0.0,100.0,1.0,0.11,-11.0,-269.5186683119157,269.5186683119157,0.0,-269.5186683119157,269.5186683119157,0.0,-25344.13023402316,25344.13023402316,0.0,0.0,0.0,0.0,0.0,0.0,0.0,0.0,0.0,-257842.67570646992,-257842.67570646992,25883.16757064699,25883.16757064699,25783.16757064699,0.0,100.0,0.0,0.0,25883.16757064699,25883.16757064699,1,0.0,100.0
6822,29832.943995355614,0.0,-298329.43995355617,0.0,10.0,0.0,-0.0,0.1,0.171927827,17.192782700000002,0.0,0.0,100.0,1.0,0.11,-11.0,-516.5384441079941,516.5384441079941,0.0,-516.5384441079941,516.5384441079941,0.0,-30224.94347941548,30224.94347941548,0.0,0.0,1159.231376953125,1159.231376953125,0.0,0.0,165.84499532273156,165.84499532273156,0.0,-298340.43995355617,-298340.43995355617,31258.02036763147,31258.02036763147,31158.02036763147,0.0,100.0,0.0,0.0,31258.02036763147,29932.943995355614,1,0.0,100.0
6823,55300.21528043376,0.0,-553002.1528043376,0.0,10.0,0.0,-0.0,0.1,0.151026799,15.102679899999998,0.0,0.0,100.0,1.0,0.11,-11.0,-693.4974700808123,693.4974700808123,0.0,-693.4974700808123,693.4974700808123,0.0,-63363.575686737146,63363.575686737146,0.0,0.0,7553.70123046875,7553.70123046875,0.0,0.0,1796.6541159962585,1796.6541159962585,0.0,-553013.1528043376,-553013.1528043376,64750.57062689877,64750.57062689877,64650.57062689877,0.0,100.0,0.0,0.0,64750.57062689877,55400.21528043376,1,0.0,100.0
6824,38827.15559033619,0.0,-388271.5559033619,0.0,10.0,0.0,-0.0,0.1,0.144199012,14.419901199999998,0.0,0.0,100.0,1.0,0.11,-11.0,-701.4812118813638,701.4812118813638,0.0,-701.4812118813638,701.4812118813638,0.0,-61144.97205407784,61144.97205407784,0.0,0.0,15107.4024609375,15107.4024609375,0.0,0.0,8513.376426566887,8513.376426566887,0.0,-388282.5559033619,-388282.5559033619,62547.93447784057,62547.93447784057,62447.93447784057,0.0,100.0,0.0,0.0,62547.93447784057,38927.15559033619,1,0.0,100.0
6825,32269.27589900077,0.0,-322692.7589900077,0.0,10.0,0.0,-0.0,0.1,0.144865423,14.4865423,0.0,0.0,100.0,1.0,0.11,-11.0,-754.2263405339042,754.2263405339042,0.0,-754.2263405339042,754.2263405339042,0.0,-58188.4297955336,58188.4297955336,0.0,0.0,21053.137587890626,21053.137587890626,0.0,0.0,6274.468989710011,6274.468989710011,0.0,-322703.7589900077,-322703.7589900077,59696.88247660141,59696.88247660141,59596.88247660141,0.0,100.0,0.0,0.0,59696.88247660141,32369.27589900077,1,0.0,100.0
6826,23968.136578090453,0.0,-239681.36578090454,0.0,10.0,0.0,-0.0,0.1,0.149965366,14.996536599999999,0.0,0.0,100.0,1.0,0.11,-11.0,-799.5933536496357,799.5933536496357,0.0,-799.5933536496357,799.5933536496357,0.0,-58187.805748683415,58187.805748683415,0.0,0.0,24717.804521484373,24717.804521484373,0.0,0.0,11001.05135640786,11001.05135640786,0.0,-239692.36578090454,-239692.36578090454,59786.99245598268,59786.99245598268,59686.99245598268,0.0,100.0,0.0,0.0,59786.99245598268,24068.136578090453,1,0.0,100.0
6827,25077.725541237516,0.0,-250777.25541237515,0.0,10.0,0.0,-0.0,0.1,0.16511891,16.511891000000002,0.0,0.0,100.0,1.0,0.11,-11.0,-849.6992941601823,849.6992941601823,0.0,-849.6992941601823,849.6992941601823,0.0,-55174.74218656133,55174.74218656133,0.0,0.0,22436.736328125,22436.736328125,0.0,0.0,9259.678905519178,9259.678905519178,0.0,-250788.25541237515,-250788.25541237515,56874.14077488169,56874.14077488169,56774.14077488169,0.0,100.0,0.0,0.0,56874.14077488169,25177.725541237516,1,0.0,100.0
6828,17459.47122819696,0.0,-174594.71228196958,0.0,10.0,0.0,-0.0,0.1,0.170896826,17.0896826,0.0,0.0,100.0,1.0,0.11,-11.0,-888.9967925105476,888.9967925105476,0.0,-888.9967925105476,888.9967925105476,0.0,-59373.10974462143,59373.10974462143,0.0,0.0,24381.2534765625,24381.2534765625,0.0,0.0,19210.37862488307,19210.37862488307,0.0,-174605.71228196958,-174605.71228196958,61151.10332964253,61151.10332964253,61051.10332964253,0.0,100.0,0.0,0.0,61151.10332964253,17559.471228196962,1,0.0,100.0
6829,25188.860007351534,0.0,-251888.60007351532,0.0,10.0,0.0,-0.0,0.1,0.2023186789999999,20.23186789999999,0.0,0.0,100.0,1.0,0.11,-11.0,-929.1025058087458,929.1025058087458,0.0,-929.1025058087458,929.1025058087458,0.0,-60933.391894860346,60933.391894860346,0.0,0.0,20006.08989257813,20006.08989257813,0.0,0.0,17496.647006548177,17496.647006548177,0.0,-251899.60007351532,-251899.60007351532,62791.59690647784,62791.59690647784,62691.59690647784,0.0,100.0,0.0,0.0,62791.59690647784,25288.860007351534,1,0.0,100.0
6830,33244.17026427943,0.0,-332441.70264279435,0.0,10.0,0.0,-0.0,0.1,0.1999201689999999,19.99201689999999,0.0,0.0,100.0,1.0,0.08,-8.0,-934.9066202680774,934.9066202680774,0.0,-934.9066202680774,934.9066202680774,0.0,-60584.28751003304,60584.28751003304,0.0,0.0,14957.82421875,14957.82421875,0.0,0.0,14152.10626753976,14152.10626753976,0.0,-332449.70264279435,-332449.70264279435,62454.100750569196,62454.100750569196,62354.100750569196,0.0,100.0,0.0,0.0,62454.100750569196,33344.17026427943,1,0.0,100.0
6831,48547.62082730635,0.0,-485476.20827306353,0.0,10.0,0.0,-0.0,0.1,0.19998839,19.998839,0.0,0.0,100.0,1.0,0.08,-8.0,-887.2574879573931,887.2574879573931,0.0,-887.2574879573931,887.2574879573931,0.0,-61141.78256324442,61141.78256324442,0.0,0.0,9984.347666015625,9984.347666015625,0.0,0.0,4284.329045837232,4284.329045837232,0.0,-485484.20827306353,-485484.20827306353,62916.29753915921,62916.297539159204,62816.29753915921,0.0,100.0,0.0,0.0,62916.297539159204,48647.620827306346,1,0.0,100.0
6832,48859.11921145834,0.0,-488591.1921145834,0.0,10.0,0.0,-0.0,0.1,0.20150166,20.150166,0.0,0.0,100.0,1.0,0.08,-8.0,-630.8439067085931,630.8439067085931,0.0,-630.8439067085931,630.8439067085931,0.0,-54319.66741489028,54319.66741489028,0.0,0.0,3664.66693359375,3664.66693359375,0.0,0.0,2957.569083255379,2957.569083255379,0.0,-488599.1921145834,-488599.1921145834,55581.35522830747,55581.35522830747,55481.35522830747,0.0,100.0,0.0,0.0,55581.35522830747,48959.11921145834,1,0.0,100.0
6833,47919.25789393753,0.0,-479192.5789393753,0.0,10.0,0.0,-0.0,0.1,0.201443641,20.1443641,0.0,0.0,100.0,1.0,0.11,-11.0,-576.5822148609652,576.5822148609652,0.0,-576.5822148609652,576.5822148609652,0.0,-46949.01596187696,46949.01596187696,0.0,0.0,0.0,0.0,0.0,0.0,82.92249766136578,82.92249766136578,0.0,-479203.5789393753,-479203.5789393753,48102.18039159889,48102.18039159889,48002.18039159889,0.0,100.0,0.0,0.0,48102.18039159889,48019.25789393753,1,0.0,100.0
6834,47271.139369649994,0.0,-472711.39369649993,0.0,10.0,0.0,-0.0,0.1,0.213990147,21.3990147,0.0,0.0,100.0,1.0,0.11,-11.0,-554.4537779832688,554.4537779832688,0.0,-554.4537779832688,554.4537779832688,0.0,-46262.23181368346,46262.23181368346,0.0,0.0,0.0,0.0,0.0,0.0,0.0,0.0,0.0,-472722.39369649993,-472722.39369649993,47371.139369649994,47371.139369649994,47271.139369649994,0.0,100.0,0.0,0.0,47371.139369649994,47371.139369649994,1,0.0,100.0
6835,35832.558461962326,0.0,-358325.58461962326,0.0,10.0,0.0,-0.0,0.1,0.218426251,21.8426251,0.0,0.0,100.0,1.0,0.11,-11.0,-540.3831298823079,540.3831298823079,0.0,-540.3831298823079,540.3831298823079,0.0,-34851.792202197714,34851.792202197714,0.0,0.0,0.0,0.0,0.0,0.0,0.0,0.0,0.0,-358336.58461962326,-358336.58461962326,35932.558461962326,35932.558461962326,35832.558461962326,0.0,100.0,0.0,0.0,35932.558461962326,35932.558461962326,1,0.0,100.0
6836,33740.3571480415,0.0,-337403.57148041495,0.0,10.0,0.0,-0.0,0.1,0.221115303,22.111530300000002,0.0,0.0,100.0,1.0,0.11,-11.0,-232.85384580736795,232.85384580736795,0.0,-232.85384580736795,232.85384580736795,0.0,-33374.64945642676,33374.64945642676,0.0,0.0,0.0,0.0,0.0,0.0,0.0,0.0,0.0,-337414.57148041495,-337414.57148041495,33840.3571480415,33840.3571480415,33740.3571480415,0.0,100.0,0.0,0.0,33840.3571480415,33840.3571480415,1,0.0,100.0
6837,21486.757923627756,0.0,-214867.57923627755,0.0,10.0,0.0,-0.0,0.1,0.2244190939999999,22.44190939999999,0.0,0.0,100.0,1.0,0.11,-11.0,-232.3782444170383,232.3782444170383,0.0,-232.3782444170383,232.3782444170383,0.0,-21122.00143479368,21122.00143479368,0.0,0.0,0.0,0.0,0.0,0.0,0.0,0.0,0.0,-214878.57923627755,-214878.57923627755,21586.757923627756,21586.757923627756,21486.757923627756,0.0,100.0,0.0,0.0,21586.757923627756,21586.757923627756,1,0.0,100.0
6838,18508.47482500836,0.0,-185084.74825008362,0.0,10.0,0.0,-0.0,0.1,0.219690331,21.969033099999997,0.0,0.0,100.0,1.0,0.11,-11.0,-235.52587359438385,235.52587359438385,0.0,-235.52587359438385,235.52587359438385,0.0,-18137.423077819592,18137.423077819592,0.0,0.0,0.0,0.0,0.0,0.0,0.0,0.0,0.0,-185095.74825008362,-185095.74825008362,18608.47482500836,18608.47482500836,18508.47482500836,0.0,100.0,0.0,0.0,18608.47482500836,18608.47482500836,1,0.0,100.0
6839,17763.33365338069,0.0,-177633.3365338069,0.0,10.0,0.0,-0.0,0.1,0.224340139,22.4340139,0.0,0.0,100.0,1.0,0.11,-11.0,-232.43047002729585,232.43047002729585,0.0,-232.43047002729585,232.43047002729585,0.0,-17398.4727133261,17398.4727133261,0.0,0.0,0.0,0.0,0.0,0.0,0.0,0.0,0.0,-177644.3365338069,-177644.3365338069,17863.33365338069,17863.33365338069,17763.33365338069,0.0,100.0,0.0,0.0,17863.33365338069,17863.33365338069,1,0.0,100.0
6840,17763.279584781707,0.0,-177632.79584781706,0.0,10.0,0.0,-0.0,0.1,0.224915146,22.491514600000002,0.0,0.0,100.0,1.0,0.08,-8.0,-232.4033480612433,232.4033480612433,0.0,-232.4033480612433,232.4033480612433,0.0,-17398.47288865922,17398.47288865922,0.0,0.0,0.0,0.0,0.0,0.0,0.0,0.0,0.0,-177640.79584781706,-177640.79584781706,17863.279584781707,17863.279584781707,17763.279584781707,0.0,100.0,0.0,0.0,17863.279584781707,17863.279584781707,1,0.0,100.0
6841,17763.157148291317,0.0,-177631.57148291316,0.0,10.0,0.0,-0.0,0.1,0.228308515,22.830851499999998,0.0,0.0,100.0,1.0,0.08,-8.0,-232.34212981604887,232.34212981604887,0.0,-232.34212981604887,232.34212981604887,0.0,-17398.47288865922,17398.47288865922,0.0,0.0,0.0,0.0,0.0,0.0,0.0,0.0,0.0,-177639.57148291316,-177639.57148291316,17863.157148291317,17863.157148291317,17763.157148291317,0.0,100.0,0.0,0.0,17863.157148291317,17863.157148291317,1,0.0,100.0
6842,17763.041928670806,0.0,-177630.41928670806,0.0,10.0,0.0,-0.0,0.1,0.242370118,24.2370118,0.0,0.0,100.0,1.0,0.08,-8.0,-232.28452000579293,232.28452000579293,0.0,-232.28452000579293,232.28452000579293,0.0,-17398.47288865922,17398.47288865922,0.0,0.0,0.0,0.0,0.0,0.0,0.0,0.0,0.0,-177638.41928670806,-177638.41928670806,17863.041928670806,17863.041928670806,17763.041928670806,0.0,100.0,0.0,0.0,17863.041928670806,17863.041928670806,1,0.0,100.0
6843,18510.748409019518,0.0,-185107.48409019518,0.0,10.0,0.0,-0.0,0.1,0.2408393939999999,24.08393939999999,0.0,0.0,100.0,1.0,0.08,-8.0,-236.6625749104176,236.6625749104176,0.0,-236.6625749104176,236.6625749104176,0.0,-18137.423259198684,18137.423259198684,0.0,0.0,0.0,0.0,0.0,0.0,0.0,0.0,0.0,-185115.48409019518,-185115.48409019518,18610.748409019518,18610.748409019518,18510.748409019518,0.0,100.0,0.0,0.0,18610.748409019518,18610.748409019518,1,0.0,100.0
6844,21493.976651729376,0.0,-214939.76651729376,0.0,10.0,0.0,-0.0,0.1,0.216636257,21.6636257,0.0,0.0,100.0,1.0,0.08,-8.0,-235.9458308175064,235.9458308175064,0.0,-235.9458308175064,235.9458308175064,0.0,-21122.08499009436,21122.08499009436,0.0,0.0,0.0,0.0,0.0,0.0,0.0,0.0,0.0,-214947.76651729376,-214947.76651729376,21593.976651729376,21593.976651729376,21493.976651729376,0.0,100.0,0.0,0.0,21593.976651729376,21593.976651729376,1,0.0,100.0
6845,25788.799951376517,0.0,-257887.99951376516,0.0,10.0,0.0,-0.0,0.1,0.192094061,19.209406100000002,0.0,0.0,100.0,1.0,0.11,-11.0,-273.00466747122056,273.00466747122056,0.0,-273.00466747122056,273.00466747122056,0.0,-25342.790616434075,25342.790616434075,0.0,0.0,0.0,0.0,0.0,0.0,0.0,0.0,0.0,-257898.99951376516,-257898.99951376516,25888.799951376517,25888.799951376517,25788.799951376517,0.0,100.0,0.0,0.0,25888.799951376517,25888.799951376517,1,0.0,100.0
6846,32447.16854420662,0.0,-324471.68544206617,0.0,10.0,0.0,-0.0,0.1,0.1740654019999999,17.40654019999999,0.0,0.0,100.0,1.0,0.11,-11.0,-518.524203428503,518.524203428503,0.0,-518.524203428503,518.524203428503,0.0,-33002.66185637367,33002.66185637367,0.0,0.0,1271.41505859375,1271.41505859375,0.0,0.0,221.1266604303088,221.1266604303088,0.0,-324482.68544206617,-324482.68544206617,34039.71026323068,34039.71026323068,33939.71026323068,0.0,100.0,0.0,0.0,34039.71026323068,32547.16854420662,1,0.0,100.0
6847,62415.076827165365,0.0,-624150.7682716537,0.0,10.0,0.0,-0.0,0.1,0.16399626,16.399626,0.0,0.0,100.0,1.0,0.11,-11.0,-694.771991979293,694.771991979293,0.0,-694.771991979293,694.771991979293,0.0,-70178.38367616251,70178.38367616251,0.0,0.0,6731.020898437499,6731.020898437499,0.0,0.0,2321.8299345182418,2321.8299345182418,0.0,-624161.7682716537,-624161.7682716537,71567.9276601211,71567.9276601211,71467.9276601211,0.0,100.0,0.0,0.0,71567.9276601211,62515.076827165365,1,0.0,100.0
6848,53771.953974787786,0.0,-537719.5397478779,0.0,10.0,0.0,-0.0,0.1,0.156528045,15.6528045,0.0,0.0,100.0,1.0,0.11,-11.0,-706.1145067785862,706.1145067785862,0.0,-706.1145067785862,706.1145067785862,0.0,-72072.58312843565,72072.58312843565,0.0,0.0,15107.4024609375,15107.4024609375,0.0,0.0,4505.45570626754,4505.45570626754,0.0,-537730.5397478779,-537730.5397478779,73484.81214199282,73484.81214199282,73384.81214199282,0.0,100.0,0.0,0.0,73484.81214199282,53871.953974787786,1,0.0,100.0
6849,54477.35911180419,0.0,-544773.5911180419,0.0,10.0,0.0,-0.0,0.1,0.154704795,15.4704795,0.0,0.0,100.0,1.0,0.11,-11.0,-781.9415987307842,781.9415987307842,0.0,-781.9415987307842,781.9415987307842,0.0,-79742.73790375298,79742.73790375298,0.0,0.0,21090.53214843749,21090.53214843749,0.0,0.0,5638.729840972873,5638.729840972873,0.0,-544784.5911180419,-544784.5911180419,81306.62110121455,81306.62110121455,81206.62110121455,0.0,100.0,0.0,0.0,81306.62110121455,54577.35911180419,1,0.0,100.0
6850,65283.64562459884,0.0,-652836.4562459884,0.0,10.0,0.0,-0.0,0.1,0.163478306,16.347830599999998,0.0,0.0,100.0,1.0,0.11,-11.0,-851.1165065638145,851.1165065638145,0.0,-851.1165065638145,851.1165065638145,0.0,-86729.77253359287,86729.77253359287,0.0,0.0,16939.735927734375,16939.735927734375,0.0,0.0,6108.623994387279,6108.623994387279,0.0,-652847.4562459884,-652847.4562459884,88432.0055467205,88432.0055467205,88332.0055467205,0.0,100.0,0.0,0.0,88432.0055467205,65383.64562459884,1,0.0,100.0
6851,52927.61750497424,0.0,-529276.1750497423,0.0,10.0,0.0,-0.0,0.1,0.168642511,16.8642511,0.0,0.0,100.0,1.0,0.11,-11.0,-920.57589580892,920.57589580892,0.0,-920.57589580892,920.57589580892,0.0,-85446.80725215946,85446.80725215946,0.0,0.0,25802.24677734375,25802.24677734375,0.0,0.0,8458.09476145931,8458.09476145931,0.0,-529287.1750497423,-529287.1750497423,87287.95904377729,87287.9590437773,87187.95904377729,0.0,100.0,0.0,0.0,87287.9590437773,53027.617504974245,1,0.0,100.0
6852,47462.07633136028,0.0,-474620.7633136028,0.0,10.0,0.0,-0.0,0.1,0.167601282,16.7601282,0.0,0.0,100.0,1.0,0.11,-11.0,-943.1606352681345,943.1606352681345,0.0,-943.1606352681345,943.1606352681345,0.0,-89348.65768906522,89348.65768906522,0.0,0.0,24904.77732421875,24904.77732421875,0.0,0.0,18768.12530402245,18768.12530402245,0.0,-474631.7633136028,-474631.7633136028,91234.97895960149,91234.97895960149,91134.97895960149,0.0,100.0,0.0,0.0,91234.97895960149,47562.07633136029,1,0.0,100.0
6853,55120.76879010498,0.0,-551207.6879010499,0.0,10.0,0.0,-0.0,0.1,0.204408763,20.4408763,0.0,0.0,100.0,1.0,0.11,-11.0,-987.3507734796384,987.3507734796384,0.0,-987.3507734796384,987.3507734796384,0.0,-89386.33320944928,89386.33320944928,0.0,0.0,18809.463955078125,18809.463955078125,0.0,0.0,17330.802011225445,17330.802011225445,0.0,-551218.6879010499,-551218.6879010499,91361.03475640855,91361.03475640855,91261.03475640855,0.0,100.0,0.0,0.0,91361.03475640855,55220.76879010498,1,0.0,100.0
6854,64242.92481076284,0.0,-642429.2481076284,0.0,10.0,0.0,-0.0,0.1,0.219075987,21.9075987,0.0,0.0,100.0,1.0,0.08,-8.0,-1009.90475379256,1009.90475379256,0.0,-1009.90475379256,1009.90475379256,0.0,-89376.15524274777,89376.15524274777,0.0,0.0,16715.368564453125,16715.368564453125,0.0,0.0,10337.671375116934,10337.671375116934,0.0,-642437.2481076284,-642437.2481076284,91395.9647503329,91395.96475033289,91295.9647503329,0.0,100.0,0.0,0.0,91395.96475033289,64342.92481076283,1,0.0,100.0
6855,77263.26918548656,0.0,-772632.6918548655,0.0,10.0,0.0,-0.0,0.1,0.2225662219999999,22.25662219999999,0.0,0.0,100.0,1.0,0.08,-8.0,-995.1628401385526,995.1628401385526,0.0,-995.1628401385526,995.1628401385526,0.0,-92386.29087477578,92386.29087477578,0.0,0.0,8002.43595703125,8002.43595703125,0.0,0.0,9010.91141253508,9010.91141253508,0.0,-772640.6918548655,-772640.6918548655,94376.61655505288,94376.61655505288,94276.61655505288,0.0,100.0,0.0,0.0,94376.61655505288,77363.26918548656,0,0.0,100.0
6856,77144.30703089215,0.0,-771443.0703089214,0.0,10.0,0.0,-0.0,0.1,0.2241140539999999,22.41140539999999,0.0,0.0,100.0,1.0,0.08,-8.0,-719.6474993289814,719.6474993289814,0.0,-719.6474993289814,719.6474993289814,0.0,-84884.04144351956,84884.04144351956,0.0,0.0,3440.2995703125,3440.2995703125,0.0,0.0,5638.729840972873,5638.729840972873,0.0,-771451.0703089214,-771451.0703089214,86323.33644217752,86323.33644217752,86223.33644217752,0.0,100.0,0.0,0.0,86323.33644217752,77244.30703089215,0,0.0,100.0
6857,76253.7923746715,0.0,-762537.923746715,0.0,10.0,0.0,-0.0,0.1,0.226639371,22.663937100000002,0.0,0.0,100.0,1.0,0.11,-11.0,-616.4938806372248,616.4938806372248,0.0,-616.4938806372248,616.4938806372248,0.0,-75259.008776166,75259.008776166,0.0,0.0,0.0,0.0,0.0,0.0,138.20416276894295,138.20416276894295,0.0,-762548.923746715,-762548.923746715,76491.99653744044,76491.99653744044,76391.99653744044,0.0,100.0,0.0,0.0,76491.99653744044,76353.7923746715,1,0.0,100.0
6858,74664.19231426905,0.0,-746641.9231426904,0.0,10.0,0.0,-0.0,0.1,0.2195679589999999,21.95679589999999,0.0,0.0,100.0,1.0,0.11,-11.0,-562.9265526777941,562.9265526777941,0.0,-562.9265526777941,562.9265526777941,0.0,-73638.33920891346,73638.33920891346,0.0,0.0,0.0,0.0,0.0,0.0,0.0,0.0,0.0,-746652.9231426904,-746652.9231426904,74764.19231426905,74764.19231426905,74664.19231426905,0.0,100.0,0.0,0.0,74764.19231426905,74764.19231426905,1,0.0,100.0
6859,65888.67981502833,0.0,-658886.7981502833,0.0,10.0,0.0,-0.0,0.1,0.219163816,21.9163816,0.0,0.0,100.0,1.0,0.11,-11.0,-539.9368760222047,539.9368760222047,0.0,-539.9368760222047,539.9368760222047,0.0,-64908.80606298392,64908.80606298392,0.0,0.0,0.0,0.0,0.0,0.0,0.0,0.0,0.0,-658897.7981502833,-658897.7981502833,65988.67981502833,65988.67981502833,65888.67981502833,0.0,100.0,0.0,0.0,65988.67981502833,65988.67981502833,1,0.0,100.0
6860,64283.92239848633,0.0,-642839.2239848633,0.0,10.0,0.0,-0.0,0.1,0.220902034,22.0902034,0.0,0.0,100.0,1.0,0.11,-11.0,-232.47534914184817,232.47534914184817,0.0,-232.47534914184817,232.47534914184817,0.0,-63918.97170020263,63918.97170020263,0.0,0.0,0.0,0.0,0.0,0.0,0.0,0.0,0.0,-642850.2239848633,-642850.2239848633,64383.92239848633,64383.92239848633,64283.92239848633,0.0,100.0,0.0,0.0,64383.92239848633,64383.92239848633,1,0.0,100.0
6861,21487.165507645976,0.0,-214871.65507645975,0.0,10.0,0.0,-0.0,0.1,0.216351955,21.635195500000002,0.0,0.0,100.0,1.0,0.11,-11.0,-232.5819396906327,232.5819396906327,0.0,-232.5819396906327,232.5819396906327,0.0,-21122.00162826471,21122.00162826471,0.0,0.0,0.0,0.0,0.0,0.0,0.0,0.0,0.0,-214882.65507645975,-214882.65507645975,21587.165507645976,21587.165507645976,21487.165507645976,0.0,100.0,0.0,0.0,21587.165507645976,21587.165507645976,1,0.0,100.0
6862,18508.684442582955,0.0,-185086.84442582953,0.0,10.0,0.0,-0.0,0.1,0.206951248,20.695124800000002,0.0,0.0,100.0,1.0,0.11,-11.0,-235.6305886691512,235.6305886691512,0.0,-235.6305886691512,235.6305886691512,0.0,-18137.42326524465,18137.42326524465,0.0,0.0,0.0,0.0,0.0,0.0,0.0,0.0,0.0,-185097.84442582953,-185097.84442582953,18608.684442582955,18608.684442582955,18508.684442582955,0.0,100.0,0.0,0.0,18608.684442582955,18608.684442582955,1,0.0,100.0
6863,17763.64616821434,0.0,-177636.46168214342,0.0,10.0,0.0,-0.0,0.1,0.205745525,20.574552500000003,0.0,0.0,100.0,1.0,0.11,-11.0,-232.5866397775602,232.5866397775602,0.0,-232.5866397775602,232.5866397775602,0.0,-17398.47288865922,17398.47288865922,0.0,0.0,0.0,0.0,0.0,0.0,0.0,0.0,0.0,-177647.46168214342,-177647.46168214342,17863.64616821434,17863.64616821434,17763.64616821434,0.0,100.0,0.0,0.0,17863.64616821434,17863.64616821434,1,0.0,100.0
6864,14750.219200803722,0.0,-147502.1920080372,0.0,10.0,0.0,-0.0,0.1,0.205965378,20.5965378,0.0,0.0,100.0,1.0,0.08,-8.0,-232.5506843008528,232.5506843008528,0.0,-232.5506843008528,232.5506843008528,0.0,-14385.117832202017,14385.117832202017,0.0,0.0,0.0,0.0,0.0,0.0,0.0,0.0,0.0,-147510.1920080372,-147510.1920080372,14850.219200803722,14850.219200803722,14750.219200803722,0.0,100.0,0.0,0.0,14850.219200803722,14850.219200803722,1,0.0,100.0
6865,14750.066196969752,0.0,-147500.6619696975,0.0,10.0,0.0,-0.0,0.1,0.210165944,21.0165944,0.0,0.0,100.0,1.0,0.08,-8.0,-232.47418238386743,232.47418238386743,0.0,-232.47418238386743,232.47418238386743,0.0,-14385.117832202017,14385.117832202017,0.0,0.0,0.0,0.0,0.0,0.0,0.0,0.0,0.0,-147508.6619696975,-147508.6619696975,14850.066196969752,14850.066196969752,14750.066196969752,0.0,100.0,0.0,0.0,14850.066196969752,14850.066196969752,1,0.0,100.0
6866,14749.930909948807,0.0,-147499.30909948808,0.0,10.0,0.0,-0.0,0.1,0.225686683,22.5686683,0.0,0.0,100.0,1.0,0.08,-8.0,-232.4065388733951,232.4065388733951,0.0,-232.4065388733951,232.4065388733951,0.0,-14385.117832202017,14385.117832202017,0.0,0.0,0.0,0.0,0.0,0.0,0.0,0.0,0.0,-147507.30909948808,-147507.30909948808,14849.930909948807,14849.930909948807,14749.930909948807,0.0,100.0,0.0,0.0,14849.930909948807,14849.930909948807,1,0.0,100.0
6867,15490.591222657364,0.0,-154905.91222657362,0.0,10.0,0.0,-0.0,0.1,0.226729071,22.6729071,0.0,0.0,100.0,1.0,0.08,-8.0,-233.26150995794336,233.26150995794336,0.0,-233.26150995794336,233.26150995794336,0.0,-15124.068202741477,15124.068202741477,0.0,0.0,0.0,0.0,0.0,0.0,0.0,0.0,0.0,-154913.91222657362,-154913.91222657362,15590.591222657364,15590.591222657364,15490.591222657364,0.0,100.0,0.0,0.0,15590.591222657364,15590.591222657364,1,0.0,100.0
6868,16968.40141757497,0.0,-169684.01417574967,0.0,10.0,0.0,-0.0,0.1,0.216367379,21.6367379,0.0,0.0,100.0,1.0,0.08,-8.0,-233.17447131888608,233.17447131888608,0.0,-233.17447131888608,233.17447131888608,0.0,-16602.052474937198,16602.052474937198,0.0,0.0,0.0,0.0,0.0,0.0,0.0,0.0,0.0,-169692.01417574967,-169692.01417574967,17068.40141757497,17068.40141757497,16968.40141757497,0.0,100.0,0.0,0.0,17068.40141757497,17068.40141757497,1,0.0,100.0
6869,55878.547116991365,0.0,-558785.4711699137,0.0,10.0,0.0,-0.0,0.1,0.20164191,20.164191000000002,0.0,0.0,100.0,1.0,0.11,-11.0,-233.1935543496486,233.1935543496486,0.0,-233.1935543496486,233.1935543496486,0.0,-55512.16000829207,55512.16000829207,0.0,0.0,0.0,0.0,0.0,0.0,0.0,0.0,0.0,-558796.4711699137,-558796.4711699137,55978.547116991365,55978.547116991365,55878.547116991365,0.0,100.0,0.0,0.0,55978.547116991365,55978.547116991365,1,0.0,100.0
6870,52589.476386598326,0.0,-525894.7638659832,0.0,10.0,0.0,-0.0,0.1,0.190894758,19.0894758,0.0,0.0,100.0,1.0,0.11,-11.0,-209.0175724062132,209.0175724062132,0.0,-209.0175724062132,209.0175724062132,0.0,-54069.6524703271,54069.6524703271,0.0,0.0,1383.5987402343749,1383.5987402343749,0.0,0.0,414.6124883068289,414.6124883068289,0.0,-525905.7638659832,-525905.7638659832,54487.687615139526,54487.687615139526,54387.687615139526,0.0,100.0,0.0,0.0,54487.687615139526,52689.476386598326,1,0.0,100.0
6871,62954.36656095317,0.0,-629543.6656095317,0.0,10.0,0.0,-0.0,0.1,0.180406873,18.0406873,0.0,0.0,100.0,1.0,0.11,-11.0,-197.26541873362976,197.26541873362976,0.0,-197.26541873362976,197.26541873362976,0.0,-69480.51348080876,69480.51348080876,0.0,0.0,2094.095390625,2094.095390625,0.0,0.0,4726.5823666978495,4726.5823666978495,0.0,-629554.6656095317,-629554.6656095317,69875.04431827602,69875.04431827602,69775.04431827602,0.0,100.0,0.0,0.0,69875.04431827602,63054.366560953174,1,0.0,100.0
6872,49802.68456080915,0.0,-498026.84560809156,0.0,10.0,0.0,-0.0,0.1,0.182278378,18.2278378,0.0,0.0,100.0,1.0,0.11,-11.0,-197.73148078435065,197.73148078435065,0.0,-197.73148078435065,197.73148078435065,0.0,-67005.10952393095,67005.10952393095,0.0,0.0,7740.674033203125,7740.674033203125,0.0,0.0,9757.213891487372,9757.213891487372,0.0,-498037.84560809156,-498037.84560809156,67400.57248549965,67400.57248549965,67300.57248549965,0.0,100.0,0.0,0.0,67400.57248549965,49902.68456080915,1,0.0,100.0
6873,38374.95432947245,0.0,-383749.5432947245,0.0,10.0,0.0,-0.0,0.1,0.19602755,19.602755,0.0,0.0,100.0,1.0,0.11,-11.0,-198.1023582712978,198.1023582712978,0.0,-198.1023582712978,198.1023582712978,0.0,-64041.05560758022,64041.05560758022,0.0,0.0,11367.94640625,11367.94640625,0.0,0.0,14594.359588400375,14594.359588400375,0.0,-383760.5432947245,-383760.5432947245,64437.26032412282,64437.26032412282,64337.26032412282,0.0,100.0,0.0,0.0,64437.26032412282,38474.95432947244,1,0.0,100.0
6874,31844.115004112242,0.0,-318441.1500411224,0.0,10.0,0.0,-0.0,0.1,0.227448491,22.7448491,0.0,0.0,100.0,1.0,0.11,-11.0,-201.1762225697269,201.1762225697269,0.0,-201.1762225697269,201.1762225697269,0.0,-65861.06913789804,65861.06913789804,0.0,0.0,17126.70873046875,17126.70873046875,0.0,0.0,17192.597848456502,17192.597848456502,0.0,-318452.1500411224,-318452.1500411224,66263.42158303749,66263.42158303749,66163.42158303749,0.0,100.0,0.0,0.0,66263.42158303749,31944.11500411224,1,0.0,100.0
6875,31669.2986383285,0.0,-316692.98638328497,0.0,10.0,0.0,-0.0,0.1,0.244491949,24.4491949,0.0,0.0,100.0,1.0,0.11,-11.0,-198.3856154347893,198.3856154347893,0.0,-198.3856154347893,198.3856154347893,0.0,-68068.88234712946,68068.88234712946,0.0,0.0,18398.12378906249,18398.12378906249,0.0,0.0,18298.231150608048,18298.231150608048,0.0,-316703.98638328497,-316703.98638328497,68465.65357799904,68465.65357799904,68365.65357799904,0.0,100.0,0.0,0.0,68465.65357799904,31769.298638328502,1,0.0,100.0
6876,26572.334345699102,0.0,-265723.343456991,0.0,10.0,0.0,-0.0,0.1,0.244150428,24.415042800000002,0.0,0.0,100.0,1.0,0.11,-11.0,-260.1205260425835,260.1205260425835,0.0,-260.1205260425835,260.1205260425835,0.0,-67422.05355774258,67422.05355774258,0.0,0.0,21202.715830078123,21202.715830078123,0.0,0.0,20067.24443405052,20067.24443405052,0.0,-265734.343456991,-265734.343456991,67942.29460982775,67942.29460982775,67842.29460982775,0.0,100.0,0.0,0.0,67942.29460982775,26672.3343456991,1,0.0,100.0
6877,16578.93527129294,0.0,-165789.3527129294,0.0,10.0,0.0,-0.0,0.1,0.250228312,25.022831200000002,0.0,0.0,100.0,1.0,0.11,-11.0,-296.08933517236005,296.08933517236005,0.0,-296.08933517236005,296.08933517236005,0.0,-52360.39729518458,52360.39729518458,0.0,0.0,17837.205380859374,17837.205380859374,0.0,0.0,18436.43531337699,18436.43531337699,0.0,-165800.3527129294,-165800.3527129294,52952.57596552931,52952.5759655293,52852.57596552931,0.0,100.0,0.0,0.0,52952.5759655293,16678.935271292932,1,0.0,100.0
6878,21946.329843992375,0.0,-219463.29843992373,0.0,10.0,0.0,-0.0,0.1,0.263067435,26.306743500000003,0.0,0.0,100.0,1.0,0.08,-8.0,-291.65937499813066,291.65937499813066,0.0,-291.65937499813066,291.65937499813066,0.0,-52600.38122638474,52600.38122638474,0.0,0.0,16902.3413671875,16902.3413671875,0.0,0.0,14235.028765201125,14235.028765201125,0.0,-219471.29843992373,-219471.29843992373,53183.699976381,53183.699976381,53083.699976381,0.0,100.0,0.0,0.0,53183.699976381,22046.32984399238,1,0.0,100.0
6879,36392.755158590335,0.0,-363927.55158590333,0.0,10.0,0.0,-0.0,0.1,0.26029068,26.029068,0.0,0.0,100.0,1.0,0.08,-8.0,-296.706993918056,296.706993918056,0.0,-296.706993918056,296.706993918056,0.0,-55821.39412528972,55821.39412528972,0.0,0.0,9722.5857421875,9722.5857421875,0.0,0.0,10199.46721234799,10199.46721234799,0.0,-363935.55158590333,-363935.55158590333,56414.80811312582,56414.80811312583,56314.80811312582,0.0,100.0,0.0,0.0,56414.80811312583,36492.75515859034,1,0.0,100.0
6880,45797.41523716566,0.0,-457974.1523716566,0.0,10.0,0.0,-0.0,0.1,0.26093128,26.093128,0.0,0.0,100.0,1.0,0.08,-8.0,-266.65658190518724,266.65658190518724,0.0,-266.65658190518724,266.65658190518724,0.0,-53480.59501897474,53480.59501897474,0.0,0.0,3141.1430859375,3141.1430859375,0.0,0.0,4975.349859681946,4975.349859681946,0.0,-457982.1523716566,-457982.1523716566,54013.908182785104,54013.90818278511,53913.908182785104,0.0,100.0,0.0,0.0,54013.90818278511,45897.41523716567,1,0.0,100.0
6881,21302.39189970075,0.0,-213023.91899700748,0.0,10.0,0.0,-0.0,0.1,0.262509753,26.2509753,0.0,0.0,100.0,1.0,0.11,-11.0,-252.4346090389668,252.4346090389668,0.0,-252.4346090389668,252.4346090389668,0.0,-21035.72684439176,21035.72684439176,0.0,0.0,0.0,0.0,0.0,0.0,138.20416276894295,138.20416276894295,0.0,-213034.91899700748,-213034.91899700748,21540.596062469693,21540.596062469693,21440.596062469693,0.0,100.0,0.0,0.0,21540.596062469693,21402.39189970075,1,0.0,100.0
6882,19937.132602712278,0.0,-199371.3260271228,0.0,10.0,0.0,-0.0,0.1,0.26346273,26.346272999999997,0.0,0.0,100.0,1.0,0.11,-11.0,-239.6532557456929,239.6532557456929,0.0,-239.6532557456929,239.6532557456929,0.0,-19557.826091220893,19557.826091220893,0.0,0.0,0.0,0.0,0.0,0.0,0.0,0.0,0.0,-199382.3260271228,-199382.3260271228,20037.132602712278,20037.132602712278,19937.132602712278,0.0,100.0,0.0,0.0,20037.132602712278,20037.132602712278,1,0.0,100.0
6883,19926.637976398604,0.0,-199266.37976398604,0.0,10.0,0.0,-0.0,0.1,0.259897797,25.9897797,0.0,0.0,100.0,1.0,0.11,-11.0,-234.4059546807888,234.4059546807888,0.0,-234.4059546807888,234.4059546807888,0.0,-19557.826067037025,19557.826067037025,0.0,0.0,0.0,0.0,0.0,0.0,0.0,0.0,0.0,-199277.37976398604,-199277.37976398604,20026.637976398604,20026.637976398604,19926.637976398604,0.0,100.0,0.0,0.0,20026.637976398604,20026.637976398604,1,0.0,100.0
6884,18447.28127584651,0.0,-184472.81275846512,0.0,10.0,0.0,-0.0,0.1,0.2561893189999999,25.618931899999993,0.0,0.0,100.0,1.0,0.11,-11.0,-233.65012116199472,233.65012116199472,0.0,-233.65012116199472,233.65012116199472,0.0,-18079.981033522523,18079.981033522523,0.0,0.0,0.0,0.0,0.0,0.0,0.0,0.0,0.0,-184483.81275846512,-184483.81275846512,18547.28127584651,18547.28127584651,18447.28127584651,0.0,100.0,0.0,0.0,18547.28127584651,18547.28127584651,1,0.0,100.0
6885,16967.741001542065,0.0,-169677.41001542064,0.0,10.0,0.0,-0.0,0.1,0.265958407,26.5958407,0.0,0.0,100.0,1.0,0.11,-11.0,-232.8860318838169,232.8860318838169,0.0,-232.8860318838169,232.8860318838169,0.0,-16601.968937774433,16601.968937774433,0.0,0.0,0.0,0.0,0.0,0.0,0.0,0.0,0.0,-169688.41001542064,-169688.41001542064,17067.741001542065,17067.741001542065,16967.741001542065,0.0,100.0,0.0,0.0,17067.741001542065,17067.741001542065,1,0.0,100.0
6886,15495.441946827126,0.0,-154954.41946827126,0.0,10.0,0.0,-0.0,0.1,0.2692496789999999,26.92496789999999,0.0,0.0,100.0,1.0,0.11,-11.0,-235.68687506580952,235.68687506580952,0.0,-235.68687506580952,235.68687506580952,0.0,-15124.068196695507,15124.068196695507,0.0,0.0,0.0,0.0,0.0,0.0,0.0,0.0,0.0,-154965.41946827126,-154965.41946827126,15595.441946827126,15595.441946827126,15495.441946827126,0.0,100.0,0.0,0.0,15595.441946827126,15595.441946827126,1,0.0,100.0
6887,14750.585053156054,0.0,-147505.85053156054,0.0,10.0,0.0,-0.0,0.1,0.274525902,27.4525902,0.0,0.0,100.0,1.0,0.11,-11.0,-232.73361350000468,232.73361350000468,0.0,-232.73361350000468,232.73361350000468,0.0,-14385.117826156044,14385.117826156044,0.0,0.0,0.0,0.0,0.0,0.0,0.0,0.0,0.0,-147516.85053156054,-147516.85053156054,14850.585053156054,14850.585053156054,14750.585053156054,0.0,100.0,0.0,0.0,14850.585053156054,14850.585053156054,1,0.0,100.0
6888,14750.426469817605,0.0,-147504.26469817606,0.0,10.0,0.0,-0.0,0.1,0.274063222,27.406322199999998,0.0,0.0,100.0,1.0,0.08,-8.0,-232.6681671012973,232.6681671012973,0.0,-232.6681671012973,232.6681671012973,0.0,-14385.09013561501,14385.09013561501,0.0,0.0,0.0,0.0,0.0,0.0,0.0,0.0,0.0,-147512.26469817606,-147512.26469817606,14850.426469817605,14850.426469817605,14750.426469817605,0.0,100.0,0.0,0.0,14850.426469817605,14850.426469817605,1,0.0,100.0
6889,14750.280321801145,0.0,-147502.80321801145,0.0,10.0,0.0,-0.0,0.1,0.269048971,26.904897100000003,0.0,0.0,100.0,1.0,0.08,-8.0,-232.595099139036,232.595099139036,0.0,-232.595099139036,232.595099139036,0.0,-14385.090123523072,14385.090123523072,0.0,0.0,0.0,0.0,0.0,0.0,0.0,0.0,0.0,-147510.80321801145,-147510.80321801145,14850.280321801145,14850.280321801145,14750.280321801145,0.0,100.0,0.0,0.0,14850.280321801145,14850.280321801145,1,0.0,100.0
6890,14750.181732195315,0.0,-147501.81732195316,0.0,10.0,0.0,-0.0,0.1,0.270491039,27.0491039,0.0,0.0,100.0,1.0,0.08,-8.0,-232.54580433612145,232.54580433612145,0.0,-232.54580433612145,232.54580433612145,0.0,-14385.090123523072,14385.090123523072,0.0,0.0,0.0,0.0,0.0,0.0,0.0,0.0,0.0,-147509.81732195316,-147509.81732195316,14850.181732195315,14850.181732195315,14750.181732195315,0.0,100.0,0.0,0.0,14850.181732195315,14850.181732195315,1,0.0,100.0
6891,15490.841816510027,0.0,-154908.41816510027,0.0,10.0,0.0,-0.0,0.1,0.2348456789999999,23.484567899999988,0.0,0.0,100.0,1.0,0.08,-8.0,-233.40065215479163,233.40065215479163,0.0,-233.40065215479163,233.40065215479163,0.0,-15124.040512200443,15124.040512200443,0.0,0.0,0.0,0.0,0.0,0.0,0.0,0.0,0.0,-154916.41816510027,-154916.41816510027,15590.841816510027,15590.841816510027,15490.841816510027,0.0,100.0,0.0,0.0,15590.841816510027,15590.841816510027,1,0.0,100.0
6892,16968.639067776025,0.0,-169686.39067776024,0.0,10.0,0.0,-0.0,0.1,0.2174194689999999,21.741946899999988,0.0,0.0,100.0,1.0,0.08,-8.0,-233.3071023911278,233.3071023911278,0.0,-233.3071023911278,233.3071023911278,0.0,-16602.02486299377,16602.02486299377,0.0,0.0,0.0,0.0,0.0,0.0,0.0,0.0,0.0,-169694.39067776024,-169694.39067776024,17068.639067776025,17068.639067776025,16968.639067776025,0.0,100.0,0.0,0.0,17068.639067776025,17068.639067776025,1,0.0,100.0
6893,19924.43420371975,0.0,-199244.3420371975,0.0,10.0,0.0,-0.0,0.1,0.208608531,20.8608531,0.0,0.0,100.0,1.0,0.11,-11.0,-233.34573716425044,233.34573716425044,0.0,-233.34573716425044,233.34573716425044,0.0,-19557.742729391248,19557.742729391248,0.0,0.0,0.0,0.0,0.0,0.0,0.0,0.0,0.0,-199255.3420371975,-199255.3420371975,20024.43420371975,20024.43420371975,19924.43420371975,0.0,100.0,0.0,0.0,20024.43420371975,20024.43420371975,1,0.0,100.0
6894,16269.63465833298,0.0,-162696.34658332978,0.0,10.0,0.0,-0.0,0.1,0.1971665189999999,19.71665189999999,0.0,0.0,100.0,1.0,0.11,-11.0,-209.230086587682,209.230086587682,0.0,-209.230086587682,209.230086587682,0.0,-17936.358516433196,17936.358516433196,0.0,0.0,1570.57154296875,1570.57154296875,0.0,0.0,414.6124883068289,414.6124883068289,0.0,-162707.34658332978,-162707.34658332978,18354.818689608557,18354.81868960856,18254.818689608557,0.0,100.0,0.0,0.0,18354.81868960856,16369.634658332981,1,0.0,100.0
6895,7164.154269309981,0.0,-71641.54269309981,0.0,10.0,0.0,-0.0,0.1,0.178485096,17.8485096,0.0,0.0,100.0,1.0,0.11,-11.0,-197.59332668109084,197.59332668109084,0.0,-197.59332668109084,197.59332668109084,0.0,-17936.358522479164,17936.358522479164,0.0,0.0,6506.65353515625,6506.65353515625,0.0,0.0,4560.737371375118,4560.737371375118,0.0,-71652.54269309981,-71652.54269309981,18331.545175841347,18331.545175841347,18231.545175841347,0.0,100.0,0.0,0.0,18331.545175841347,7264.15426930998,1,0.0,100.0
6896,0.0,0.0,-0.0,55.55555555555556,10.0,0.0,-0.0,0.1,0.168928541,0.0,0.0,100.0,0.0,1.0,0.11,0.0,-198.0636863008345,198.0636863008345,0.0,-198.0636863008345,198.0636863008345,0.0,-15719.50740481481,15719.50740481481,0.0,0.0,14845.640537109375,14845.640537109375,0.0,8221.100765409557,9646.650561272218,1425.5497958626602,0.0,0.0,0.0,16271.190332972035,16271.190332972035,16271.190332972035,0.0,0.0,155.55555555555475,0.0,16115.63477741648,-8376.656320965112,1,-55.55555555555556,-100.0
6897,0.0,0.0,-0.0,44.44444444444444,60.0,0.0,-0.0,0.6,0.1715407189999999,0.0,0.0,100.0,0.0,1.0,0.11,0.0,-198.3142273362328,198.3142273362328,0.0,-198.3142273362328,198.3142273362328,0.0,-14332.218270012338,14332.218270012338,0.0,5506.744328917632,20380.03549804688,14873.291169129248,0.0,14566.718755846588,14566.718755846588,0.0,0.0,0.0,0.0,14873.291169129248,14873.291169129248,14873.291169129248,0.0,0.0,144.44444444444525,0.0,14728.846724684803,-20217.907529208664,1,-44.44444444444444,-100.0
6898,0.0,0.0,-0.0,0.0,100.0,-0.0,-0.0,1.0,0.202945788,0.0,0.0,100.0,0.0,1.0,0.11,0.0,-201.27698748775447,201.27698748775447,0.0,-201.27698748775447,201.27698748775447,0.0,-23934.78222777391,23934.78222777391,0.0,0.0,23035.049296875,23035.049296875,0.0,15375.698454275258,16777.985360149676,1402.2869058744182,0.0,0.0,0.0,24437.33620274942,24437.33620274942,24437.33620274942,0.0,0.0,100.0,0.0,24337.33620274942,-15475.698454275258,1,-0.0,-100.0
6899,0.0,0.0,-0.0,0.0,100.0,-0.0,-0.0,1.0,0.2359517789999999,0.0,0.0,100.0,0.0,1.0,0.11,0.0,-198.46275029235105,198.46275029235105,0.0,-198.46275029235105,198.46275029235105,0.0,-24012.782485480864,24012.782485480864,0.0,0.0,22997.654736328124,22997.654736328124,0.0,17034.945393854705,18546.998643592146,1512.0532497374406,0.0,0.0,0.0,24509.707986065565,24509.707986065565,24509.707986065565,0.0,0.0,100.0,0.0,24409.707986065565,-17134.94539385471,1,-0.0,-100.0
6900,0.0,0.0,-0.0,0.0,100.0,-0.0,-0.0,1.0,0.232970768,0.0,0.0,100.0,0.0,1.0,0.11,0.0,-241.59638988454915,241.59638988454915,0.0,-241.59638988454915,241.59638988454915,0.0,-20322.850219818283,20322.850219818283,0.0,2203.795418381367,23109.83841796875,20906.042999587382,0.0,20288.371094480823,20288.371094480823,0.0,0.0,0.0,0.0,20906.042999587382,20906.042999587382,20906.042999587382,0.0,0.0,100.0,0.0,20806.042999587382,-22592.166512862186,1,-0.0,-100.0
6901,0.0,0.0,-0.0,0.0,100.0,-0.0,-0.0,1.0,0.241432452,0.0,0.0,100.0,0.0,1.0,0.11,0.0,-292.66567653842026,292.66567653842026,0.0,-292.66567653842026,292.66567653842026,0.0,-22796.52028328769,22796.52028328769,0.0,0.0,18697.2802734375,18697.2802734375,0.0,13237.251462143133,18021.82282507016,4784.5713629270285,0.0,0.0,0.0,23481.85163636453,23481.85163636453,23481.85163636453,0.0,0.0,100.0,0.0,23381.85163636453,-13337.251462143136,1,-0.0,-100.0
6902,0.0,0.0,-0.0,0.0,100.0,-0.0,-0.0,1.0,0.229914916,0.0,0.0,100.0,0.0,1.0,0.08,0.0,-283.57484292343395,283.57484292343395,0.0,-283.57484292343395,283.57484292343395,0.0,-25296.36598544973,25296.36598544973,0.0,0.0,15855.293671875,15855.293671875,0.0,4734.905081962874,14843.127081384471,10108.221999421598,0.0,0.0,0.0,25963.515671296598,25963.515671296598,25963.515671296598,0.0,0.0,100.0,0.0,25863.515671296598,-4834.905081962876,1,-0.0,-100.0
6903,456.01012168671514,0.0,-4560.101216867151,0.0,100.0,45.0,-0.0,1.0,0.224624121,22.4624121,0.0,0.0,100.0,1.0,0.08,-8.0,-285.3154405967387,285.3154405967387,0.0,-285.3154405967387,285.3154405967387,0.0,-19936.1654418935,19936.1654418935,0.0,0.0,9872.163984375,9872.163984375,0.0,0.0,10033.62221702526,10033.62221702526,0.0,-4568.101216867151,-4568.101216867151,20506.796323086975,20506.796323086975,20361.796323086975,0.0,145.0,0.0,0.0,20506.796323086975,601.0101216867151,1,45.0,100.0
6904,11180.997365186213,0.0,-111809.97365186212,0.0,50.0,36.0,-0.0,0.5,0.22344773,22.344773,0.0,0.0,100.0,1.0,0.08,-8.0,-244.781177657088,244.781177657088,0.0,-244.781177657088,244.781177657088,0.0,-18452.905994665434,18452.905994665434,0.0,0.0,2954.170283203125,2954.170283203125,0.0,0.0,4671.300701590272,4671.300701590272,0.0,-111817.97365186212,-111817.97365186212,18942.46834997961,18942.468349979612,18806.46834997961,0.0,136.0,0.0,0.0,18942.468349979612,11316.997365186215,1,36.0,100.0
6905,21432.497603280495,0.0,-214324.97603280496,0.0,10.0,0.0,-0.0,0.1,0.22444692,22.444692,0.0,0.0,100.0,1.0,0.11,-11.0,-248.42706035919272,248.42706035919272,0.0,-248.42706035919272,248.42706035919272,0.0,-21035.64348256211,21035.64348256211,0.0,0.0,0.0,0.0,0.0,0.0,0.0,0.0,0.0,-214335.97603280496,-214335.97603280496,21532.497603280495,21532.497603280495,21432.497603280495,0.0,100.0,0.0,0.0,21532.497603280495,21532.497603280495,1,0.0,100.0
6906,19927.656783697195,0.0,-199276.56783697195,0.0,10.0,0.0,-0.0,0.1,0.2308456619999999,23.08456619999999,0.0,0.0,100.0,1.0,0.11,-11.0,-234.95702110700205,234.95702110700205,0.0,-234.95702110700205,234.95702110700205,0.0,-19557.74274148319,19557.74274148319,0.0,0.0,0.0,0.0,0.0,0.0,0.0,0.0,0.0,-199287.56783697195,-199287.56783697195,20027.656783697195,20027.656783697195,19927.656783697195,0.0,100.0,0.0,0.0,20027.656783697195,20027.656783697195,1,0.0,100.0
6907,19927.556477720875,0.0,-199275.56477720875,0.0,10.0,0.0,-0.0,0.1,0.23583247,23.583247,0.0,0.0,100.0,1.0,0.11,-11.0,-234.90687114182788,234.90687114182788,0.0,-234.90687114182788,234.90687114182788,0.0,-19557.74273543722,19557.74273543722,0.0,0.0,0.0,0.0,0.0,0.0,0.0,0.0,0.0,-199286.56477720875,-199286.56477720875,20027.556477720875,20027.556477720875,19927.556477720875,0.0,100.0,0.0,0.0,20027.556477720875,20027.556477720875,1,0.0,100.0
6908,18448.544197872314,0.0,-184485.44197872313,0.0,10.0,0.0,-0.0,0.1,0.236321972,23.6321972,0.0,0.0,100.0,1.0,0.11,-11.0,-234.30931201473385,234.30931201473385,0.0,-234.30931201473385,234.30931201473385,0.0,-18079.925573842847,18079.925573842847,0.0,0.0,0.0,0.0,0.0,0.0,0.0,0.0,0.0,-184496.44197872313,-184496.44197872313,18548.544197872314,18548.544197872314,18448.544197872314,0.0,100.0,0.0,0.0,18548.544197872314,18548.544197872314,1,0.0,100.0
6909,16968.768544533843,0.0,-169687.68544533843,0.0,10.0,0.0,-0.0,0.1,0.22969319,22.969319,0.0,0.0,100.0,1.0,0.11,-11.0,-233.4136426042534,233.4136426042534,0.0,-233.4136426042534,233.4136426042534,0.0,-16601.941259325336,16601.941259325336,0.0,0.0,0.0,0.0,0.0,0.0,0.0,0.0,0.0,-169698.68544533843,-169698.68544533843,17068.768544533843,17068.768544533843,16968.768544533843,0.0,100.0,0.0,0.0,17068.768544533843,17068.768544533843,1,0.0,100.0
6910,15496.340544233402,0.0,-154963.405442334,0.0,10.0,0.0,-0.0,0.1,0.226285247,22.6285247,0.0,0.0,100.0,1.0,0.11,-11.0,-236.1500160164799,236.1500160164799,0.0,-236.1500160164799,236.1500160164799,0.0,-15124.040512200443,15124.040512200443,0.0,0.0,0.0,0.0,0.0,0.0,0.0,0.0,0.0,-154974.405442334,-154974.405442334,15596.340544233402,15596.340544233402,15496.340544233402,0.0,100.0,0.0,0.0,15596.340544233402,15596.340544233402,1,0.0,100.0
6911,14751.513631724025,0.0,-147515.13631724025,0.0,10.0,0.0,-0.0,0.1,0.22692464,22.692464,0.0,0.0,100.0,1.0,0.11,-11.0,-233.2117541004766,233.2117541004766,0.0,-233.2117541004766,233.2117541004766,0.0,-14385.090123523072,14385.090123523072,0.0,0.0,0.0,0.0,0.0,0.0,0.0,0.0,0.0,-147526.13631724025,-147526.13631724025,14851.513631724025,14851.513631724025,14751.513631724025,0.0,100.0,0.0,0.0,14851.513631724025,14851.513631724025,1,0.0,100.0
6912,17764.664148365944,0.0,-177646.64148365945,0.0,10.0,0.0,-0.0,0.1,0.229317743,22.9317743,0.0,0.0,100.0,1.0,0.08,-8.0,-233.0953638306985,233.0953638306985,0.0,-233.0953638306985,233.0953638306985,0.0,-17398.473420704548,17398.473420704548,0.0,0.0,0.0,0.0,0.0,0.0,0.0,0.0,0.0,-177654.64148365945,-177654.64148365945,17864.664148365944,17864.664148365944,17764.664148365944,0.0,100.0,0.0,0.0,17864.664148365944,17864.664148365944,1,0.0,100.0
6913,17764.381397278758,0.0,-177643.81397278758,0.0,10.0,0.0,-0.0,0.1,0.231464253,23.1464253,0.0,0.0,100.0,1.0,0.08,-8.0,-232.9539882871055,232.9539882871055,0.0,-232.9539882871055,232.9539882871055,0.0,-17398.473420704548,17398.473420704548,0.0,0.0,0.0,0.0,0.0,0.0,0.0,0.0,0.0,-177651.81397278758,-177651.81397278758,17864.381397278758,17864.381397278758,17764.381397278758,0.0,100.0,0.0,0.0,17864.381397278758,17864.381397278758,1,0.0,100.0
6914,17764.163385129497,0.0,-177641.633851295,0.0,10.0,0.0,-0.0,0.1,0.220117615,22.0117615,0.0,0.0,100.0,1.0,0.08,-8.0,-232.8449822124745,232.8449822124745,0.0,-232.8449822124745,232.8449822124745,0.0,-17398.473420704548,17398.473420704548,0.0,0.0,0.0,0.0,0.0,0.0,0.0,0.0,0.0,-177649.633851295,-177649.633851295,17864.163385129497,17864.163385129497,17764.163385129497,0.0,100.0,0.0,0.0,17864.163385129497,17864.163385129497,1,0.0,100.0
6915,18504.779689827483,0.0,-185047.79689827483,0.0,10.0,0.0,-0.0,0.1,0.205654547,20.5654547,0.0,0.0,100.0,1.0,0.08,-8.0,-233.67794929173525,233.67794929173525,0.0,-233.67794929173525,233.67794929173525,0.0,-18137.42379124401,18137.42379124401,0.0,0.0,0.0,0.0,0.0,0.0,0.0,0.0,0.0,-185055.79689827483,-185055.79689827483,18604.779689827483,18604.779689827483,18504.779689827483,0.0,100.0,0.0,0.0,18604.779689827483,18604.779689827483,1,0.0,100.0
6916,21489.09825702409,0.0,-214890.98257024089,0.0,10.0,0.0,-0.0,0.1,0.20758045,20.758045,0.0,0.0,100.0,1.0,0.08,-8.0,-233.5062011780372,233.5062011780372,0.0,-233.5062011780372,233.5062011780372,0.0,-21122.085854668014,21122.085854668014,0.0,0.0,0.0,0.0,0.0,0.0,0.0,0.0,0.0,-214898.98257024089,-214898.98257024089,21589.09825702409,21589.09825702409,21489.09825702409,0.0,100.0,0.0,0.0,21589.09825702409,21589.09825702409,1,0.0,100.0
6917,26260.035770773142,0.0,-262600.3577077314,0.0,10.0,0.0,-0.0,0.1,0.197903544,19.7903544,0.0,0.0,100.0,1.0,0.11,-11.0,-268.7233500042781,268.7233500042781,0.0,-268.7233500042781,268.7233500042781,0.0,-25822.589070764585,25822.589070764585,0.0,0.0,0.0,0.0,0.0,0.0,0.0,0.0,0.0,-262611.3577077314,-262611.3577077314,26360.035770773142,26360.035770773142,26260.035770773142,0.0,100.0,0.0,0.0,26360.035770773142,26360.035770773142,1,0.0,100.0
6918,29030.310204145528,0.0,-290303.1020414553,0.0,10.0,0.0,-0.0,0.1,0.180581585,18.058158499999998,0.0,0.0,100.0,1.0,0.11,-11.0,-516.0113749456908,516.0113749456908,0.0,-516.0113749456908,516.0113749456908,0.0,-30224.91635114961,30224.91635114961,0.0,0.0,1794.93890625,1794.93890625,0.0,0.0,331.6899906454631,331.6899906454631,0.0,-290314.1020414553,-290314.1020414553,31256.93910104099,31256.939101040993,31156.93910104099,0.0,100.0,0.0,0.0,31256.939101040993,29130.310204145528,1,0.0,100.0
6919,51826.344055525245,0.0,-518263.4405552525,0.0,10.0,0.0,-0.0,0.1,0.1741218219999999,17.41218219999999,0.0,0.0,100.0,1.0,0.11,-11.0,-693.8518854222899,693.8518854222899,0.0,-693.8518854222899,693.8518854222899,0.0,-63361.955185489685,63361.955185489685,0.0,0.0,8152.01419921875,8152.01419921875,0.0,0.0,4671.300701590272,4671.300701590272,0.0,-518274.4405552525,-518274.4405552525,64749.65895633427,64749.658956334264,64649.65895633427,0.0,100.0,0.0,0.0,64749.658956334264,51926.344055525245,1,0.0,100.0
6920,40040.58937683354,0.0,-400405.89376833534,0.0,10.0,0.0,-0.0,0.1,0.168885188,16.8885188,0.0,0.0,100.0,1.0,0.11,-11.0,-720.5537395207411,720.5537395207411,0.0,-720.5537395207411,720.5537395207411,0.0,-61143.20554266315,61143.20554266315,0.0,0.0,12714.1505859375,12714.1505859375,0.0,0.0,9729.573058933584,9729.573058933584,0.0,-400416.89376833534,-400416.89376833534,62584.31302170462,62584.31302170463,62484.31302170462,0.0,100.0,0.0,0.0,62584.31302170463,40140.589376833545,1,0.0,100.0
6921,26217.74620996567,0.0,-262177.4620996567,0.0,10.0,0.0,-0.0,0.1,0.173982484,17.3982484,0.0,0.0,100.0,1.0,0.11,-11.0,-783.2930346040805,783.2930346040805,0.0,-783.2930346040805,783.2930346040805,0.0,-58259.06560874928,58259.06560874928,0.0,0.0,18360.729228515625,18360.729228515625,0.0,0.0,15147.176239476148,15147.176239476148,0.0,-262188.4620996567,-262188.4620996567,59825.651677957445,59825.651677957445,59725.651677957445,0.0,100.0,0.0,0.0,59825.651677957445,26317.74620996567,1,0.0,100.0
6922,29686.598475707215,0.0,-296865.9847570722,0.0,10.0,0.0,-0.0,0.1,0.196430665,19.6430665,0.0,0.0,100.0,1.0,0.11,-11.0,-841.0028860408823,841.0028860408823,0.0,-841.0028860408823,841.0028860408823,0.0,-58326.79599496995,58326.79599496995,0.0,0.0,12228.021298828126,12228.021298828126,0.0,0.0,17994.181992516373,17994.181992516373,0.0,-296876.9847570722,-296876.9847570722,60008.801767051715,60008.801767051715,59908.801767051715,0.0,100.0,0.0,0.0,60008.801767051715,29786.598475707215,1,0.0,100.0
6923,25735.29667370607,0.0,-257352.9667370607,0.0,10.0,0.0,-0.0,0.1,0.232670099,23.267009899999998,0.0,0.0,100.0,1.0,0.11,-11.0,-895.369916656821,895.369916656821,0.0,-895.369916656821,895.369916656821,0.0,-61493.7272841574,61493.7272841574,0.0,0.0,18211.150986328124,18211.150986328124,0.0,0.0,19238.01945743685,19238.01945743685,0.0,-257363.9667370607,-257363.9667370607,63284.467117471046,63284.467117471046,63184.467117471046,0.0,100.0,0.0,0.0,63284.467117471046,25835.29667370607,1,0.0,100.0
6924,33905.03029390037,0.0,-339050.3029390037,0.0,10.0,0.0,-0.0,0.1,0.22590227,22.590227,0.0,0.0,100.0,1.0,0.11,-11.0,-917.2565457150322,917.2565457150322,0.0,-917.2565457150322,917.2565457150322,0.0,-66356.63877010433,66356.63877010433,0.0,0.0,14284.722128906247,14284.722128906247,0.0,0.0,19901.399438727785,19901.399438727785,0.0,-339061.3029390037,-339061.3029390037,68191.1518615344,68191.1518615344,68091.1518615344,0.0,100.0,0.0,0.0,68191.1518615344,34005.03029390036,1,0.0,100.0
6925,32294.530002318923,0.0,-322945.3000231892,0.0,10.0,0.0,-0.0,0.1,0.221988296,22.1988296,0.0,0.0,100.0,1.0,0.11,-11.0,-971.2989238830504,971.2989238830504,0.0,-971.2989238830504,971.2989238830504,0.0,-68592.02855384174,68592.02855384174,0.0,0.0,20118.27357421875,20118.27357421875,0.0,0.0,18021.82282507016,18021.82282507016,0.0,-322956.3000231892,-322956.3000231892,70534.62640160783,70534.62640160783,70434.62640160783,0.0,100.0,0.0,0.0,70534.62640160783,32394.53000231892,1,0.0,100.0
6926,41678.01293205802,0.0,-416780.1293205802,0.0,10.0,0.0,-0.0,0.1,0.221670765,22.1670765,0.0,0.0,100.0,1.0,0.08,-8.0,-1004.6970512006104,1004.6970512006104,0.0,-1004.6970512006104,1004.6970512006104,0.0,-69268.69843567003,69268.69843567003,0.0,0.0,16453.606640625,16453.606640625,0.0,0.0,13046.472965388217,13046.472965388217,0.0,-416788.1293205802,-416788.1293205802,71278.09253807124,71278.09253807124,71178.09253807124,0.0,100.0,0.0,0.0,71278.09253807124,41778.01293205803,1,0.0,100.0
6927,53708.32057646868,0.0,-537083.2057646868,0.0,10.0,0.0,-0.0,0.1,0.2224003189999999,22.24003189999999,0.0,0.0,100.0,1.0,0.08,-8.0,-987.492733845763,987.492733845763,0.0,-987.492733845763,987.492733845763,0.0,-71256.23272591898,71256.23272591898,0.0,0.0,9610.402060546874,9610.402060546874,0.0,0.0,9812.49555659495,9812.49555659495,0.0,-537091.2057646868,-537091.2057646868,73231.2181936105,73231.2181936105,73131.2181936105,0.0,100.0,0.0,0.0,73231.2181936105,53808.32057646868,1,0.0,100.0
6928,57893.642968306965,0.0,-578936.4296830697,0.0,10.0,0.0,-0.0,0.1,0.233336811,23.3336811,0.0,0.0,100.0,1.0,0.08,-8.0,-724.0544276964872,724.0544276964872,0.0,-724.0544276964872,724.0544276964872,0.0,-63549.91235068002,63549.91235068002,0.0,0.0,2692.408359375,2692.408359375,0.0,0.0,4311.96987839102,4311.96987839102,0.0,-578944.4296830697,-578944.4296830697,64998.02120607298,64998.02120607299,64898.02120607298,0.0,100.0,0.0,0.0,64998.02120607299,57993.64296830697,1,0.0,100.0
6929,53224.72197428603,0.0,-532247.2197428603,0.0,10.0,0.0,-0.0,0.1,0.233958112,23.3958112,0.0,0.0,100.0,1.0,0.11,-11.0,-614.3491589625012,614.3491589625012,0.0,-614.3491589625012,614.3491589625012,0.0,-52096.02365636103,52096.02365636103,0.0,0.0,0.0,0.0,0.0,0.0,0.0,0.0,0.0,-532258.2197428603,-532258.2197428603,53324.72197428603,53324.72197428603,53224.72197428603,0.0,100.0,0.0,0.0,53324.72197428603,53324.72197428603,1,0.0,100.0
6930,49833.87346802766,0.0,-498338.7346802766,0.0,10.0,0.0,-0.0,0.1,0.232899644,23.2899644,0.0,0.0,100.0,1.0,0.11,-11.0,-559.6844140537635,559.6844140537635,0.0,-559.6844140537635,559.6844140537635,0.0,-48814.50463992013,48814.50463992013,0.0,0.0,0.0,0.0,0.0,0.0,0.0,0.0,0.0,-498349.7346802766,-498349.7346802766,49933.87346802766,49933.87346802766,49833.87346802766,0.0,100.0,0.0,0.0,49933.87346802766,49933.87346802766,1,0.0,100.0
6931,38121.91037407423,0.0,-381219.1037407423,0.0,10.0,0.0,-0.0,0.1,0.239600198,23.960019799999998,0.0,0.0,100.0,1.0,0.11,-11.0,-540.8249054169071,540.8249054169071,0.0,-540.8249054169071,540.8249054169071,0.0,-37140.260563240416,37140.260563240416,0.0,0.0,0.0,0.0,0.0,0.0,0.0,0.0,0.0,-381230.1037407423,-381230.1037407423,38221.91037407423,38221.91037407423,38121.91037407423,0.0,100.0,0.0,0.0,38221.91037407423,38221.91037407423,1,0.0,100.0
6932,34502.8300065628,0.0,-345028.300065628,0.0,10.0,0.0,-0.0,0.1,0.2434563189999999,24.34563189999999,0.0,0.0,100.0,1.0,0.11,-11.0,-233.0009150964335,233.0009150964335,0.0,-233.0009150964335,233.0009150964335,0.0,-34136.828176369934,34136.828176369934,0.0,0.0,0.0,0.0,0.0,0.0,0.0,0.0,0.0,-345039.300065628,-345039.300065628,34602.8300065628,34602.8300065628,34502.8300065628,0.0,100.0,0.0,0.0,34602.8300065628,34602.8300065628,1,0.0,100.0
6933,21487.038032596127,0.0,-214870.38032596128,0.0,10.0,0.0,-0.0,0.1,0.24094628,24.094628,0.0,0.0,100.0,1.0,0.11,-11.0,-232.5179421890154,232.5179421890154,0.0,-232.5179421890154,232.5179421890154,0.0,-21122.002148218096,21122.002148218096,0.0,0.0,0.0,0.0,0.0,0.0,0.0,0.0,0.0,-214881.38032596128,-214881.38032596128,21587.038032596127,21587.038032596127,21487.038032596127,0.0,100.0,0.0,0.0,21587.038032596127,21587.038032596127,1,0.0,100.0
6934,18508.63659890111,0.0,-185086.3659890111,0.0,10.0,0.0,-0.0,0.1,0.239741691,23.9741691,0.0,0.0,100.0,1.0,0.11,-11.0,-235.60640382855016,235.60640382855016,0.0,-235.60640382855016,235.60640382855016,0.0,-18137.42379124401,18137.42379124401,0.0,0.0,0.0,0.0,0.0,0.0,0.0,0.0,0.0,-185097.3659890111,-185097.3659890111,18608.63659890111,18608.63659890111,18508.63659890111,0.0,100.0,0.0,0.0,18608.63659890111,18608.63659890111,1,0.0,100.0
6935,17763.565981695658,0.0,-177635.65981695658,0.0,10.0,0.0,-0.0,0.1,0.239531078,23.9531078,0.0,0.0,100.0,1.0,0.11,-11.0,-232.54628049555555,232.54628049555555,0.0,-232.54628049555555,232.54628049555555,0.0,-17398.473420704548,17398.473420704548,0.0,0.0,0.0,0.0,0.0,0.0,0.0,0.0,0.0,-177646.65981695658,-177646.65981695658,17863.565981695658,17863.565981695658,17763.565981695658,0.0,100.0,0.0,0.0,17863.565981695658,17863.565981695658,1,0.0,100.0
6936,17763.484539640453,0.0,-177634.84539640453,0.0,10.0,0.0,-0.0,0.1,0.234709151,23.4709151,0.0,0.0,100.0,1.0,0.08,-8.0,-232.5054687784049,232.5054687784049,0.0,-232.5054687784049,232.5054687784049,0.0,-17398.473602083643,17398.473602083643,0.0,0.0,0.0,0.0,0.0,0.0,0.0,0.0,0.0,-177642.84539640453,-177642.84539640453,17863.484539640453,17863.484539640453,17763.484539640453,0.0,100.0,0.0,0.0,17863.484539640453,17863.484539640453,1,0.0,100.0
6937,17763.402548751656,0.0,-177634.02548751654,0.0,10.0,0.0,-0.0,0.1,0.242268087,24.2268087,0.0,0.0,100.0,1.0,0.08,-8.0,-232.46447333400693,232.46447333400693,0.0,-232.46447333400693,232.46447333400693,0.0,-17398.473602083643,17398.473602083643,0.0,0.0,0.0,0.0,0.0,0.0,0.0,0.0,0.0,-177642.02548751654,-177642.02548751654,17863.402548751656,17863.402548751656,17763.402548751656,0.0,100.0,0.0,0.0,17863.402548751656,17863.402548751656,1,0.0,100.0
6938,17763.32865656929,0.0,-177633.28656569292,0.0,10.0,0.0,-0.0,0.1,0.2369923189999999,23.69923189999999,0.0,0.0,100.0,1.0,0.08,-8.0,-232.42753026581232,232.42753026581232,0.0,-232.42753026581232,232.42753026581232,0.0,-17398.473596037667,17398.473596037667,0.0,0.0,0.0,0.0,0.0,0.0,0.0,0.0,0.0,-177641.28656569292,-177641.28656569292,17863.32865656929,17863.32865656929,17763.32865656929,0.0,100.0,0.0,0.0,17863.32865656929,17863.32865656929,1,0.0,100.0
6939,18511.05835517169,0.0,-185110.58355171693,0.0,10.0,0.0,-0.0,0.1,0.2263702239999999,22.63702239999999,0.0,0.0,100.0,1.0,0.08,-8.0,-236.81719429728017,236.81719429728017,0.0,-236.81719429728017,236.81719429728017,0.0,-18137.42396657713,18137.42396657713,0.0,0.0,0.0,0.0,0.0,0.0,0.0,0.0,0.0,-185118.58355171693,-185118.58355171693,18611.05835517169,18611.05835517169,18511.05835517169,0.0,100.0,0.0,0.0,18611.05835517169,18611.05835517169,1,0.0,100.0
6940,21494.295718917187,0.0,-214942.95718917187,0.0,10.0,0.0,-0.0,0.1,0.198712955,19.8712955,0.0,0.0,100.0,1.0,0.08,-8.0,-236.10479911325336,236.10479911325336,0.0,-236.10479911325336,236.10479911325336,0.0,-21122.08612069068,21122.08612069068,0.0,0.0,0.0,0.0,0.0,0.0,0.0,0.0,0.0,-214950.95718917187,-214950.95718917187,21594.295718917187,21594.295718917187,21494.295718917187,0.0,100.0,0.0,0.0,21594.295718917187,21594.295718917187,1,0.0,100.0
6941,26293.384727932404,0.0,-262933.847279324,0.0,10.0,0.0,-0.0,0.1,0.183527051,18.3527051,0.0,0.0,100.0,1.0,0.11,-11.0,-272.4896410421063,272.4896410421063,0.0,-272.4896410421063,272.4896410421063,0.0,-25848.40544584819,25848.40544584819,0.0,0.0,0.0,0.0,0.0,0.0,0.0,0.0,0.0,-262944.847279324,-262944.847279324,26393.384727932404,26393.384727932404,26293.384727932404,0.0,100.0,0.0,0.0,26393.384727932404,26393.384727932404,1,0.0,100.0
6942,30853.916090023846,0.0,-308539.16090023844,0.0,10.0,0.0,-0.0,0.1,0.167063473,16.706347299999997,0.0,0.0,100.0,1.0,0.11,-11.0,-517.2779879112859,517.2779879112859,0.0,-517.2779879112859,517.2779879112859,0.0,-30223.40927229295,30223.40927229295,0.0,0.0,0.0,0.0,0.0,0.0,304.0491580916745,304.0491580916745,0.0,-308550.16090023844,-308550.16090023844,31257.96524811552,31257.96524811552,31157.96524811552,0.0,100.0,0.0,0.0,31257.96524811552,30953.916090023846,1,0.0,100.0
6943,53448.87447999803,0.0,-534488.7447999803,0.0,10.0,0.0,-0.0,0.1,0.157684747,15.768474699999999,0.0,0.0,100.0,1.0,0.11,-11.0,-693.483470240297,693.483470240297,0.0,-693.483470240297,693.483470240297,0.0,-63360.98958367559,63360.98958367559,0.0,0.0,6693.626337890625,6693.626337890625,0.0,0.0,4505.45570626754,4505.45570626754,0.0,-534499.7447999803,-534499.7447999803,64747.956524156194,64747.95652415619,64647.956524156194,0.0,100.0,0.0,0.0,64747.95652415619,53548.87447999802,1,0.0,100.0
6944,39056.663374722266,0.0,-390566.63374722266,0.0,10.0,0.0,-0.0,0.1,0.160861327,16.0861327,0.0,0.0,100.0,1.0,0.11,-11.0,-731.0736290638437,731.0736290638437,0.0,-731.0736290638437,731.0736290638437,0.0,-61143.03184195487,61143.03184195487,0.0,0.0,13387.25267578125,13387.25267578125,0.0,0.0,10061.263049579047,10061.263049579047,0.0,-390577.63374722266,-390577.63374722266,62605.17910008256,62605.17910008256,62505.17910008256,0.0,100.0,0.0,0.0,62605.17910008256,39156.663374722266,1,0.0,100.0
6945,25126.70576215523,0.0,-251267.05762155232,0.0,10.0,0.0,-0.0,0.1,0.17775116,17.775116,0.0,0.0,100.0,1.0,0.11,-11.0,-823.0033368235105,823.0033368235105,0.0,-823.0033368235105,823.0033368235105,0.0,-58187.66159462886,58187.66159462886,0.0,0.0,19819.11708984375,19819.11708984375,0.0,0.0,14787.845416276896,14787.845416276896,0.0,-251278.05762155232,-251278.05762155232,59833.66826827588,59833.66826827588,59733.66826827588,0.0,100.0,0.0,0.0,59833.66826827588,25226.70576215523,1,0.0,100.0
6946,21259.435819422313,0.0,-212594.35819422314,0.0,10.0,0.0,-0.0,0.1,0.21954167,21.954166999999998,0.0,0.0,100.0,1.0,0.11,-11.0,-906.7599361003968,906.7599361003968,0.0,-906.7599361003968,906.7599361003968,0.0,-58188.40838675504,58188.40838675504,0.0,0.0,20454.824619140625,20454.824619140625,0.0,0.0,18187.667820392893,18187.667820392893,0.0,-212605.35819422314,-212605.35819422314,60001.92825895583,60001.928258955835,59901.92825895583,0.0,100.0,0.0,0.0,60001.928258955835,21359.435819422317,1,0.0,100.0
6947,16492.26975671305,0.0,-164922.6975671305,0.0,10.0,0.0,-0.0,0.1,0.2491576,24.915760000000002,0.0,0.0,100.0,1.0,0.11,-11.0,-959.4378706231612,959.4378706231612,0.0,-959.4378706231612,959.4378706231612,0.0,-55175.9556126717,55175.9556126717,0.0,0.0,20380.03549804688,20380.03549804688,0.0,0.0,20122.52609915809,20122.52609915809,0.0,-164933.6975671305,-164933.6975671305,57094.83135391802,57094.83135391802,56994.83135391802,0.0,100.0,0.0,0.0,57094.83135391802,16592.269756713053,1,0.0,100.0
6948,16933.515759470403,0.0,-169335.15759470404,0.0,10.0,0.0,-0.0,0.1,0.24614985,24.614985,0.0,0.0,100.0,1.0,0.11,-11.0,-978.9088951724374,978.9088951724374,0.0,-978.9088951724374,978.9088951724374,0.0,-58187.74542804414,58187.74542804414,0.0,0.0,23072.44385742188,23072.44385742188,0.0,0.0,20039.60360149673,20039.60360149673,0.0,-169346.15759470404,-169346.15759470404,60145.56321838901,60145.56321838901,60045.56321838901,0.0,100.0,0.0,0.0,60145.56321838901,17033.515759470407,1,0.0,100.0
6949,22780.29455219511,0.0,-227802.94552195113,0.0,10.0,0.0,-0.0,0.1,0.252867302,25.2867302,0.0,0.0,100.0,1.0,0.11,-11.0,-1022.3013366222729,1022.3013366222729,0.0,-1022.3013366222729,1022.3013366222729,0.0,-58187.23018446389,58187.23018446389,0.0,0.0,19744.32796875,19744.32796875,0.0,0.0,17607.21033676333,17607.21033676333,0.0,-227813.94552195113,-227813.94552195113,60231.83285770844,60231.83285770844,60131.83285770844,0.0,100.0,0.0,0.0,60231.83285770844,22880.29455219511,1,0.0,100.0
6950,30131.244731326937,0.0,-301312.44731326937,0.0,10.0,0.0,-0.0,0.1,0.238823337,23.8823337,0.0,0.0,100.0,1.0,0.08,-8.0,-1059.0453567840398,1059.0453567840398,0.0,-1059.0453567840398,1059.0453567840398,0.0,-58187.241321140005,58187.241321140005,0.0,0.0,15369.164384765623,15369.164384765623,0.0,0.0,14704.92291861553,14704.92291861553,0.0,-301320.44731326937,-301320.44731326937,60305.33203470809,60305.33203470809,60205.33203470809,0.0,100.0,0.0,0.0,60305.33203470809,30231.244731326937,1,0.0,100.0
6951,44785.783918884525,0.0,-447857.83918884525,0.0,10.0,0.0,-0.0,0.1,0.208532937,20.853293700000002,0.0,0.0,100.0,1.0,0.08,-8.0,-1020.7650044423136,1020.7650044423136,0.0,-1020.7650044423136,1020.7650044423136,0.0,-61143.69435931,61143.69435931,0.0,0.0,8376.381562499999,8376.381562499999,0.0,0.0,9923.058886810104,9923.058886810104,0.0,-447865.83918884525,-447865.83918884525,63185.22436819463,63185.22436819463,63085.22436819463,0.0,100.0,0.0,0.0,63185.22436819463,44885.783918884525,1,0.0,100.0
6952,48956.277842387935,0.0,-489562.77842387935,0.0,10.0,0.0,-0.0,0.1,0.208904502,20.8904502,0.0,0.0,100.0,1.0,0.08,-8.0,-731.6951639900157,731.6951639900157,0.0,-731.6951639900157,731.6951639900157,0.0,-54837.89986859041,54837.89986859041,0.0,0.0,2767.1974804687497,2767.1974804687497,0.0,0.0,4477.814873713752,4477.814873713752,0.0,-489570.77842387935,-489570.77842387935,56301.29019657044,56301.29019657044,56201.29019657044,0.0,100.0,0.0,0.0,56301.29019657044,49056.277842387935,1,0.0,100.0
6953,46618.244139753035,0.0,-466182.4413975304,0.0,10.0,0.0,-0.0,0.1,0.214364842,21.4364842,0.0,0.0,100.0,1.0,0.11,-11.0,-674.4456260875747,674.4456260875747,0.0,-674.4456260875747,674.4456260875747,0.0,-45369.35288757789,45369.35288757789,0.0,0.0,0.0,0.0,0.0,0.0,0.0,0.0,0.0,-466193.4413975304,-466193.4413975304,46718.244139753035,46718.244139753035,46618.244139753035,0.0,100.0,0.0,0.0,46718.244139753035,46718.244139753035,1,0.0,100.0
6954,45090.422991204476,0.0,-450904.2299120448,0.0,10.0,0.0,-0.0,0.1,0.207717661,20.7717661,0.0,0.0,100.0,1.0,0.11,-11.0,-648.9248340000796,648.9248340000796,0.0,-648.9248340000796,648.9248340000796,0.0,-43892.57332320431,43892.57332320431,0.0,0.0,0.0,0.0,0.0,0.0,0.0,0.0,0.0,-450915.2299120448,-450915.2299120448,45190.422991204476,45190.422991204476,45090.422991204476,0.0,100.0,0.0,0.0,45190.422991204476,45190.422991204476,1,0.0,100.0
6955,35962.490943210934,0.0,-359624.9094321093,0.0,10.0,0.0,-0.0,0.1,0.211515542,21.1515542,0.0,0.0,100.0,1.0,0.11,-11.0,-603.652191248963,603.652191248963,0.0,-603.652191248963,603.652191248963,0.0,-34855.18656071301,34855.18656071301,0.0,0.0,0.0,0.0,0.0,0.0,0.0,0.0,0.0,-359635.9094321093,-359635.9094321093,36062.490943210934,36062.490943210934,35962.490943210934,0.0,100.0,0.0,0.0,36062.490943210934,36062.490943210934,1,0.0,100.0
6956,33743.829106516096,0.0,-337438.29106516094,0.0,10.0,0.0,-0.0,0.1,0.217248462,21.7248462,0.0,0.0,100.0,1.0,0.11,-11.0,-232.7816568990215,232.7816568990215,0.0,-232.7816568990215,232.7816568990215,0.0,-33378.265792718055,33378.265792718055,0.0,0.0,0.0,0.0,0.0,0.0,0.0,0.0,0.0,-337449.29106516094,-337449.29106516094,33843.829106516096,33843.829106516096,33743.829106516096,0.0,100.0,0.0,0.0,33843.829106516096,33843.829106516096,1,0.0,100.0
6957,21487.747101751116,0.0,-214877.47101751115,0.0,10.0,0.0,-0.0,0.1,0.233091828,23.3091828,0.0,0.0,100.0,1.0,0.11,-11.0,-232.8723830539777,232.8723830539777,0.0,-232.8723830539777,232.8723830539777,0.0,-21122.00233564316,21122.00233564316,0.0,0.0,0.0,0.0,0.0,0.0,0.0,0.0,0.0,-214888.47101751115,-214888.47101751115,21587.747101751116,21587.747101751116,21487.747101751116,0.0,100.0,0.0,0.0,21587.747101751116,21587.747101751116,1,0.0,100.0
6958,18509.22093183715,0.0,-185092.2093183715,0.0,10.0,0.0,-0.0,0.1,0.244995743,24.4995743,0.0,0.0,100.0,1.0,0.11,-11.0,-235.8984796070237,235.8984796070237,0.0,-235.8984796070237,235.8984796070237,0.0,-18137.423972623103,18137.423972623103,0.0,0.0,0.0,0.0,0.0,0.0,0.0,0.0,0.0,-185103.2093183715,-185103.2093183715,18609.22093183715,18609.22093183715,18509.22093183715,0.0,100.0,0.0,0.0,18609.22093183715,18609.22093183715,1,0.0,100.0
6959,17764.320166120524,0.0,-177643.20166120524,0.0,10.0,0.0,-0.0,0.1,0.260493687,26.0493687,0.0,0.0,100.0,1.0,0.11,-11.0,-232.92328504142856,232.92328504142856,0.0,-232.92328504142856,232.92328504142856,0.0,-17398.473596037667,17398.473596037667,0.0,0.0,0.0,0.0,0.0,0.0,0.0,0.0,0.0,-177654.20166120524,-177654.20166120524,17864.320166120524,17864.320166120524,17764.320166120524,0.0,100.0,0.0,0.0,17864.320166120524,17864.320166120524,1,0.0,100.0
6960,17764.19540510514,0.0,-177641.9540510514,0.0,10.0,0.0,-0.0,0.1,0.253003503,25.3003503,0.0,0.0,100.0,1.0,0.08,-8.0,-232.86081384419072,232.86081384419072,0.0,-232.86081384419072,232.86081384419072,0.0,-17398.47377741676,17398.47377741676,0.0,0.0,0.0,0.0,0.0,0.0,0.0,0.0,0.0,-177649.9540510514,-177649.9540510514,17864.19540510514,17864.19540510514,17764.19540510514,0.0,100.0,0.0,0.0,17864.19540510514,17864.19540510514,1,0.0,100.0
6961,17764.11264742392,0.0,-177641.12647423922,0.0,10.0,0.0,-0.0,0.1,0.255296719,25.5296719,0.0,0.0,100.0,1.0,0.08,-8.0,-232.81943500358048,232.81943500358048,0.0,-232.81943500358048,232.81943500358048,0.0,-17398.47377741676,17398.47377741676,0.0,0.0,0.0,0.0,0.0,0.0,0.0,0.0,0.0,-177649.12647423922,-177649.12647423922,17864.11264742392,17864.11264742392,17764.11264742392,0.0,100.0,0.0,0.0,17864.11264742392,17864.11264742392,1,0.0,100.0
6962,17764.007350162654,0.0,-177640.07350162655,0.0,10.0,0.0,-0.0,0.1,0.254481809,25.4481809,0.0,0.0,100.0,1.0,0.08,-8.0,-232.766786372947,232.766786372947,0.0,-232.766786372947,232.766786372947,0.0,-17398.47377741676,17398.47377741676,0.0,0.0,0.0,0.0,0.0,0.0,0.0,0.0,0.0,-177648.07350162655,-177648.07350162655,17864.007350162654,17864.007350162654,17764.007350162654,0.0,100.0,0.0,0.0,17864.007350162654,17864.007350162654,1,0.0,100.0
6963,18504.684533392436,0.0,-185046.84533392434,0.0,10.0,0.0,-0.0,0.1,0.235300178,23.5300178,0.0,0.0,100.0,1.0,0.08,-8.0,-233.63019271810688,233.63019271810688,0.0,-233.63019271810688,233.63019271810688,0.0,-18137.424147956222,18137.424147956222,0.0,0.0,0.0,0.0,0.0,0.0,0.0,0.0,0.0,-185054.84533392434,-185054.84533392434,18604.684533392436,18604.684533392436,18504.684533392436,0.0,100.0,0.0,0.0,18604.684533392436,18604.684533392436,1,0.0,100.0
6964,21489.13566514759,0.0,-214891.35665147591,0.0,10.0,0.0,-0.0,0.1,0.208078621,20.807862099999998,0.0,0.0,100.0,1.0,0.08,-8.0,-233.52461503324344,233.52461503324344,0.0,-233.52461503324344,233.52461503324344,0.0,-21122.086435081103,21122.086435081103,0.0,0.0,0.0,0.0,0.0,0.0,0.0,0.0,0.0,-214899.35665147591,-214899.35665147591,21589.13566514759,21589.13566514759,21489.13566514759,0.0,100.0,0.0,0.0,21589.13566514759,21589.13566514759,1,0.0,100.0
6965,26283.45553090892,0.0,-262834.5553090892,0.0,10.0,0.0,-0.0,0.1,0.195453185,19.5453185,0.0,0.0,100.0,1.0,0.11,-11.0,-268.67491643068104,268.67491643068104,0.0,-268.67491643068104,268.67491643068104,0.0,-25846.10569804756,25846.10569804756,0.0,0.0,0.0,0.0,0.0,0.0,0.0,0.0,0.0,-262845.5553090892,-262845.5553090892,26383.45553090892,26383.45553090892,26283.45553090892,0.0,100.0,0.0,0.0,26383.45553090892,26383.45553090892,1,0.0,100.0
6966,30993.460716809073,0.0,-309934.60716809076,0.0,10.0,0.0,-0.0,0.1,0.1909605489999999,19.096054899999988,0.0,0.0,100.0,1.0,0.11,-11.0,-515.8285966698322,515.8285966698322,0.0,-515.8285966698322,515.8285966698322,0.0,-30227.64851879214,30227.64851879214,0.0,0.0,0.0,0.0,0.0,0.0,165.84499532273156,165.84499532273156,0.0,-309945.60716809076,-309945.60716809076,31259.305712131805,31259.305712131805,31159.305712131805,0.0,100.0,0.0,0.0,31259.305712131805,31093.460716809073,1,0.0,100.0
6967,55494.21859315712,0.0,-554942.1859315712,0.0,10.0,0.0,-0.0,0.1,0.191293312,19.1293312,0.0,0.0,100.0,1.0,0.11,-11.0,-716.6132582738394,716.6132582738394,0.0,-716.6132582738394,716.6132582738394,0.0,-63363.421151752686,63363.421151752686,0.0,0.0,6880.599140625,6880.599140625,0.0,0.0,2321.8299345182418,2321.8299345182418,0.0,-554953.1859315712,-554953.1859315712,64796.647668300364,64796.647668300364,64696.647668300364,0.0,100.0,0.0,0.0,64796.647668300364,55594.21859315712,1,0.0,100.0
6968,43425.50855032388,0.0,-434255.08550323884,0.0,10.0,0.0,-0.0,0.1,0.191256691,19.1256691,0.0,0.0,100.0,1.0,0.11,-11.0,-824.8018566977862,824.8018566977862,0.0,-824.8018566977862,824.8018566977862,0.0,-61144.14182152439,61144.14182152439,0.0,0.0,13574.225478515624,13574.225478515624,0.0,0.0,5694.01150608045,5694.01150608045,0.0,-434266.08550323884,-434266.08550323884,62793.74553491996,62793.74553491996,62693.74553491996,0.0,100.0,0.0,0.0,62793.74553491996,43525.50855032388,1,0.0,100.0
6969,33750.34739878272,0.0,-337503.4739878272,0.0,10.0,0.0,-0.0,0.1,0.198431373,19.8431373,0.0,0.0,100.0,1.0,0.11,-11.0,-969.2368485067342,969.2368485067342,0.0,-969.2368485067342,969.2368485067342,0.0,-58187.63476866149,58187.63476866149,0.0,0.0,18398.12378906249,18398.12378906249,0.0,0.0,7877.637277829748,7877.637277829748,0.0,-337514.4739878272,-337514.4739878272,60126.10846567496,60126.10846567496,60026.10846567496,0.0,100.0,0.0,0.0,60126.10846567496,33850.34739878272,1,0.0,100.0
6970,27629.413992486363,0.0,-276294.13992486364,0.0,10.0,0.0,-0.0,0.1,0.216043871,21.6043871,0.0,0.0,100.0,1.0,0.11,-11.0,-1089.7039941045357,1089.7039941045357,0.0,-1089.7039941045357,1089.7039941045357,0.0,-58223.63572473741,58223.63572473741,0.0,0.0,21838.423359375,21838.423359375,0.0,0.0,10835.206361085127,10835.206361085127,0.0,-276305.13992486364,-276305.13992486364,60403.04371294649,60403.043712946484,60303.04371294649,0.0,100.0,0.0,0.0,60403.043712946484,27729.413992486356,1,0.0,100.0
6971,23930.737786740065,0.0,-239307.37786740065,0.0,10.0,0.0,-0.0,0.1,0.2267807339999999,22.67807339999999,0.0,0.0,100.0,1.0,0.11,-11.0,-1153.6898314893788,1153.6898314893788,0.0,-1153.6898314893788,1153.6898314893788,0.0,-55232.694226536965,55232.694226536965,0.0,0.0,22287.1580859375,22287.1580859375,0.0,0.0,11222.178016838168,11222.178016838168,0.0,-239318.37786740065,-239318.37786740065,57540.073889515734,57540.07388951573,57440.073889515734,0.0,100.0,0.0,0.0,57540.07388951573,24030.737786740057,1,0.0,100.0
6972,22313.626391547747,0.0,-223136.26391547747,0.0,10.0,0.0,-0.0,0.1,0.236222888,23.6222888,0.0,0.0,100.0,1.0,0.11,-11.0,-1172.0650822159714,1172.0650822159714,0.0,-1172.0650822159714,1172.0650822159714,0.0,-58243.6200063396,58243.6200063396,0.0,0.0,22474.13088867188,22474.13088867188,0.0,0.0,15699.99289055192,15699.99289055192,0.0,-223147.26391547747,-223147.26391547747,60587.75017077154,60587.75017077154,60487.75017077154,0.0,100.0,0.0,0.0,60587.75017077154,22413.626391547747,1,0.0,100.0
6973,23510.915472171622,0.0,-235109.15472171622,0.0,10.0,0.0,-0.0,0.1,0.23941074,23.941074,0.0,0.0,100.0,1.0,0.11,-11.0,-1222.4844419122874,1222.4844419122874,0.0,-1222.4844419122874,1222.4844419122874,0.0,-58192.30792835706,58192.30792835706,0.0,0.0,19557.355166015623,19557.355166015623,0.0,0.0,17469.00617399439,17469.00617399439,0.0,-235120.15472171622,-235120.15472171622,60637.27681218163,60637.27681218163,60537.27681218163,0.0,100.0,0.0,0.0,60637.27681218163,23610.91547217162,1,0.0,100.0
6974,32521.177307782054,0.0,-325211.77307782054,0.0,10.0,0.0,-0.0,0.1,0.227211897,22.7211897,0.0,0.0,100.0,1.0,0.08,-8.0,-1251.9970915106894,1251.9970915106894,0.0,-1251.9970915106894,1251.9970915106894,0.0,-58186.51570199955,58186.51570199955,0.0,0.0,14995.218779296874,14995.218779296874,0.0,0.0,13074.113797942004,13074.113797942004,0.0,-325219.77307782054,-325219.77307782054,60690.50988502093,60690.50988502093,60590.50988502093,0.0,100.0,0.0,0.0,60690.50988502093,32621.177307782054,1,0.0,100.0
6975,49597.87123279216,0.0,-495978.7123279216,0.0,10.0,0.0,-0.0,0.1,0.205170828,20.5170828,0.0,0.0,100.0,1.0,0.08,-8.0,-1198.4400821521417,1198.4400821521417,0.0,-1198.4400821521417,1198.4400821521417,0.0,-61142.1241000704,61142.1241000704,0.0,0.0,8451.17068359375,8451.17068359375,0.0,0.0,5389.962347988775,5389.962347988775,0.0,-495986.7123279216,-495986.7123279216,63539.004264374686,63539.004264374686,63439.004264374686,0.0,100.0,0.0,0.0,63539.004264374686,49697.87123279216,1,0.0,100.0
6976,49748.51639520021,0.0,-497485.1639520021,0.0,10.0,0.0,-0.0,0.1,0.1942721919999999,19.42721919999999,0.0,0.0,100.0,1.0,0.08,-8.0,-924.4404003368344,924.4404003368344,0.0,-924.4404003368344,924.4404003368344,0.0,-54836.548485544365,54836.548485544365,0.0,0.0,2580.224677734375,2580.224677734375,0.0,0.0,4256.688213283444,4256.688213283444,0.0,-497493.1639520021,-497493.1639520021,56685.42928621803,56685.42928621803,56585.42928621803,0.0,100.0,0.0,0.0,56685.42928621803,49848.51639520021,1,0.0,100.0
6977,46930.911670386275,0.0,-469309.11670386273,0.0,10.0,0.0,-0.0,0.1,0.19231936,19.231936,0.0,0.0,100.0,1.0,0.11,-11.0,-830.9431041705928,830.9431041705928,0.0,-830.9431041705928,830.9431041705928,0.0,-45369.02546204509,45369.02546204509,0.0,0.0,0.0,0.0,0.0,0.0,0.0,0.0,0.0,-469320.11670386273,-469320.11670386273,47030.911670386275,47030.911670386275,46930.911670386275,0.0,100.0,0.0,0.0,47030.911670386275,47030.911670386275,1,0.0,100.0
6978,45328.307859205954,0.0,-453283.07859205955,0.0,10.0,0.0,-0.0,0.1,0.191660018,19.1660018,0.0,0.0,100.0,1.0,0.11,-11.0,-768.0662136554142,768.0662136554142,0.0,-768.0662136554142,768.0662136554142,0.0,-43892.17543189513,43892.17543189513,0.0,0.0,0.0,0.0,0.0,0.0,0.0,0.0,0.0,-453294.07859205955,-453294.07859205955,45428.307859205954,45428.307859205954,45328.307859205954,0.0,100.0,0.0,0.0,45428.307859205954,45428.307859205954,1,0.0,100.0
6979,36159.95453341228,0.0,-361599.54533412284,0.0,10.0,0.0,-0.0,0.1,0.187083751,18.708375099999998,0.0,0.0,100.0,1.0,0.11,-11.0,-702.5786907565022,702.5786907565022,0.0,-702.5786907565022,702.5786907565022,0.0,-34854.79715189928,34854.79715189928,0.0,0.0,0.0,0.0,0.0,0.0,0.0,0.0,0.0,-361610.54533412284,-361610.54533412284,36259.95453341228,36259.95453341228,36159.95453341228,0.0,100.0,0.0,0.0,36259.95453341228,36259.95453341228,1,0.0,100.0
6980,33745.90522434498,0.0,-337459.0522434498,0.0,10.0,0.0,-0.0,0.1,0.197744355,19.774435500000003,0.0,0.0,100.0,1.0,0.11,-11.0,-234.03516091923947,234.03516091923947,0.0,-234.03516091923947,234.03516091923947,0.0,-33377.834902506496,33377.834902506496,0.0,0.0,0.0,0.0,0.0,0.0,0.0,0.0,0.0,-337470.0522434498,-337470.0522434498,33845.90522434498,33845.90522434498,33745.90522434498,0.0,100.0,0.0,0.0,33845.90522434498,33845.90522434498,1,0.0,100.0
6981,21488.59489529204,0.0,-214885.94895292041,0.0,10.0,0.0,-0.0,0.1,0.208432065,20.8432065,0.0,0.0,100.0,1.0,0.11,-11.0,-233.29618913489523,233.29618913489523,0.0,-233.29618913489523,233.29618913489523,0.0,-21122.00251702225,21122.00251702225,0.0,0.0,0.0,0.0,0.0,0.0,0.0,0.0,0.0,-214896.94895292041,-214896.94895292041,21588.59489529204,21588.59489529204,21488.59489529204,0.0,100.0,0.0,0.0,21588.59489529204,21588.59489529204,1,0.0,100.0
6982,18509.812540054194,0.0,-185098.12540054193,0.0,10.0,0.0,-0.0,0.1,0.233049615,23.304961499999997,0.0,0.0,100.0,1.0,0.11,-11.0,-236.1941930259967,236.1941930259967,0.0,-236.1941930259967,236.1941930259967,0.0,-18137.4241540022,18137.4241540022,0.0,0.0,0.0,0.0,0.0,0.0,0.0,0.0,0.0,-185109.12540054193,-185109.12540054193,18609.812540054194,18609.812540054194,18509.812540054194,0.0,100.0,0.0,0.0,18609.812540054194,18609.812540054194,1,0.0,100.0
6983,17764.876051940315,0.0,-177648.76051940315,0.0,10.0,0.0,-0.0,0.1,0.233239959,23.3239959,0.0,0.0,100.0,1.0,0.11,-11.0,-233.20113423879167,233.20113423879167,0.0,-233.20113423879167,233.20113423879167,0.0,-17398.47378346273,17398.47378346273,0.0,0.0,0.0,0.0,0.0,0.0,0.0,0.0,0.0,-177659.76051940315,-177659.76051940315,17864.876051940315,17864.876051940315,17764.876051940315,0.0,100.0,0.0,0.0,17864.876051940315,17864.876051940315,1,0.0,100.0
6984,17764.75711437991,0.0,-177647.5711437991,0.0,10.0,0.0,-0.0,0.1,0.240366745,24.0366745,0.0,0.0,100.0,1.0,0.08,-8.0,-233.141574769046,233.141574769046,0.0,-233.141574769046,233.141574769046,0.0,-17398.473964841818,17398.473964841818,0.0,0.0,0.0,0.0,0.0,0.0,0.0,0.0,0.0,-177655.5711437991,-177655.5711437991,17864.75711437991,17864.75711437991,17764.75711437991,0.0,100.0,0.0,0.0,17864.75711437991,17864.75711437991,1,0.0,100.0
6985,17764.57976363138,0.0,-177645.7976363138,0.0,10.0,0.0,-0.0,0.1,0.241203909,24.1203909,0.0,0.0,100.0,1.0,0.08,-8.0,-233.05290241776504,233.05290241776504,0.0,-233.05290241776504,233.05290241776504,0.0,-17398.47395879585,17398.47395879585,0.0,0.0,0.0,0.0,0.0,0.0,0.0,0.0,0.0,-177653.7976363138,-177653.7976363138,17864.57976363138,17864.57976363138,17764.57976363138,0.0,100.0,0.0,0.0,17864.57976363138,17864.57976363138,1,0.0,100.0
6986,17764.45779166841,0.0,-177644.5779166841,0.0,10.0,0.0,-0.0,0.1,0.240987512,24.0987512,0.0,0.0,100.0,1.0,0.08,-8.0,-232.9919164362805,232.9919164362805,0.0,-232.9919164362805,232.9919164362805,0.0,-17398.47395879585,17398.47395879585,0.0,0.0,0.0,0.0,0.0,0.0,0.0,0.0,0.0,-177652.5779166841,-177652.5779166841,17864.45779166841,17864.45779166841,17764.45779166841,0.0,100.0,0.0,0.0,17864.45779166841,17864.45779166841,1,0.0,100.0
6987,18505.1875761221,0.0,-185051.87576122102,0.0,10.0,0.0,-0.0,0.1,0.239986372,23.9986372,0.0,0.0,100.0,1.0,0.08,-8.0,-233.88162339339,233.88162339339,0.0,-233.88162339339,233.88162339339,0.0,-18137.42432933532,18137.42432933532,0.0,0.0,0.0,0.0,0.0,0.0,0.0,0.0,0.0,-185059.87576122102,-185059.87576122102,18605.1875761221,18605.1875761221,18505.1875761221,0.0,100.0,0.0,0.0,18605.1875761221,18605.1875761221,1,0.0,100.0
6988,21489.538990925383,0.0,-214895.38990925383,0.0,10.0,0.0,-0.0,0.1,0.2164249369999999,21.64249369999999,0.0,0.0,100.0,1.0,0.08,-8.0,-233.72613281886672,233.72613281886672,0.0,-233.72613281886672,233.72613281886672,0.0,-21122.08672528765,21122.08672528765,0.0,0.0,0.0,0.0,0.0,0.0,0.0,0.0,0.0,-214903.38990925383,-214903.38990925383,21589.538990925383,21589.538990925383,21489.538990925383,0.0,100.0,0.0,0.0,21589.538990925383,21589.538990925383,1,0.0,100.0
6989,26285.0234306466,0.0,-262850.234306466,0.0,10.0,0.0,-0.0,0.1,0.203924338,20.392433800000003,0.0,0.0,100.0,1.0,0.11,-11.0,-268.66991562689475,268.66991562689475,0.0,-268.66991562689475,268.66991562689475,0.0,-25847.68359939281,25847.68359939281,0.0,0.0,0.0,0.0,0.0,0.0,0.0,0.0,0.0,-262861.234306466,-262861.234306466,26385.0234306466,26385.0234306466,26285.0234306466,0.0,100.0,0.0,0.0,26385.0234306466,26385.0234306466,1,0.0,100.0
6990,30919.448283646325,0.0,-309194.48283646326,0.0,10.0,0.0,-0.0,0.1,0.186978358,18.6978358,0.0,0.0,100.0,1.0,0.11,-11.0,-518.6948931962675,518.6948931962675,0.0,-518.6948931962675,518.6948931962675,0.0,-30230.82599023789,30230.82599023789,0.0,0.0,0.0,0.0,0.0,0.0,248.7674929840973,248.7674929840973,0.0,-309205.48283646326,-309205.48283646326,31268.215776630423,31268.215776630423,31168.215776630423,0.0,100.0,0.0,0.0,31268.215776630423,31019.448283646325,1,0.0,100.0
6991,53536.327262010906,0.0,-535363.272620109,0.0,10.0,0.0,-0.0,0.1,0.176690346,17.6690346,0.0,0.0,100.0,1.0,0.11,-11.0,-745.963934165261,745.963934165261,0.0,-745.963934165261,745.963934165261,0.0,-63364.60924525019,63364.60924525019,0.0,0.0,6880.599140625,6880.599140625,0.0,0.0,4339.6107109448085,4339.6107109448085,0.0,-535374.272620109,-535374.272620109,64856.537113580715,64856.537113580715,64756.537113580715,0.0,100.0,0.0,0.0,64856.537113580715,53636.327262010906,1,0.0,100.0
6992,39288.95169041355,0.0,-392889.5169041355,0.0,10.0,0.0,-0.0,0.1,0.1753498289999999,17.53498289999999,0.0,0.0,100.0,1.0,0.11,-11.0,-857.8418033322625,857.8418033322625,0.0,-857.8418033322625,857.8418033322625,0.0,-61144.53196794644,61144.53196794644,0.0,0.0,13686.40916015625,13686.40916015625,0.0,0.0,9784.85472404116,9784.85472404116,0.0,-392900.5169041355,-392900.5169041355,62860.215574610964,62860.215574610964,62760.215574610964,0.0,100.0,0.0,0.0,62860.215574610964,39388.95169041355,1,0.0,100.0
6993,26285.51042575943,0.0,-262855.10425759427,0.0,10.0,0.0,-0.0,0.1,0.1834172039999999,18.34172039999999,0.0,0.0,100.0,1.0,0.11,-11.0,-1019.458317932216,1019.458317932216,0.0,-1019.458317932216,1019.458317932216,0.0,-58228.41324391526,58228.41324391526,0.0,0.0,19370.38236328125,19370.38236328125,0.0,0.0,14511.437090739011,14511.437090739011,0.0,-262866.10425759427,-262866.10425759427,60267.32987977969,60267.32987977969,60167.32987977969,0.0,100.0,0.0,0.0,60267.32987977969,26385.51042575943,1,0.0,100.0
6994,21069.688044008355,0.0,-210696.88044008357,0.0,10.0,0.0,-0.0,0.1,0.189242723,18.9242723,0.0,0.0,100.0,1.0,0.11,-11.0,-1161.7641456763522,1161.7641456763522,0.0,-1161.7641456763522,1161.7641456763522,0.0,-58288.552745943045,58288.552745943045,0.0,0.0,21614.05599609375,21614.05599609375,0.0,0.0,17828.33699719364,17828.33699719364,0.0,-210707.88044008357,-210707.88044008357,60612.08103729574,60612.08103729575,60512.08103729574,0.0,100.0,0.0,0.0,60612.08103729575,21169.688044008362,1,0.0,100.0
6995,15156.590144198639,0.0,-151565.90144198638,0.0,10.0,0.0,-0.0,0.1,0.2112515489999999,21.12515489999999,0.0,0.0,100.0,1.0,0.11,-11.0,-1219.5030486964845,1219.5030486964845,0.0,-1219.5030486964845,1219.5030486964845,0.0,-55196.35507705627,55196.35507705627,0.0,0.0,22698.49825195313,22698.49825195313,0.0,0.0,19680.27277829748,19680.27277829748,0.0,-151576.90144198638,-151576.90144198638,57635.36117444925,57635.361174449245,57535.36117444925,0.0,100.0,0.0,0.0,57635.361174449245,15256.590144198635,1,0.0,100.0
6996,23846.807643578657,0.0,-238468.07643578656,0.0,10.0,0.0,-0.0,0.1,0.219636343,21.963634300000002,0.0,0.0,100.0,1.0,0.11,-11.0,-1212.8668715679246,1212.8668715679246,0.0,-1212.8668715679246,1212.8668715679246,0.0,-62555.22948299112,62555.22948299112,0.0,0.0,22100.185283203125,22100.185283203125,0.0,0.0,18933.970299345187,18933.970299345187,0.0,-238479.07643578656,-238479.07643578656,64980.963226126965,64980.963226126965,64880.963226126965,0.0,100.0,0.0,0.0,64980.963226126965,23946.807643578657,1,0.0,100.0
6997,31858.1799913252,0.0,-318581.799913252,0.0,10.0,0.0,-0.0,0.1,0.231559892,23.1559892,0.0,0.0,100.0,1.0,0.11,-11.0,-1259.0060508476165,1259.0060508476165,0.0,-1259.0060508476165,1259.0060508476165,0.0,-66970.5140018698,66970.5140018698,0.0,0.0,20641.797421875,20641.797421875,0.0,0.0,16888.54869036483,16888.54869036483,0.0,-318592.799913252,-318592.799913252,69488.52610356503,69488.52610356503,69388.52610356503,0.0,100.0,0.0,0.0,69488.52610356503,31958.179991325203,1,0.0,100.0
6998,44947.901540506005,0.0,-449479.01540506,0.0,10.0,0.0,-0.0,0.1,0.231314782,23.1314782,0.0,0.0,100.0,1.0,0.08,-8.0,-1279.2450519436177,1279.2450519436177,0.0,-1279.2450519436177,1279.2450519436177,0.0,-69817.33420862204,69817.33420862204,0.0,0.0,14696.062294921874,14696.062294921874,0.0,0.0,12631.860477081387,12631.860477081387,0.0,-449487.01540506,-449487.01540506,72375.82431250927,72375.82431250927,72275.82431250927,0.0,100.0,0.0,0.0,72375.82431250927,45047.901540506005,1,0.0,100.0
6999,58520.60781116077,0.0,-585206.0781116077,0.0,10.0,0.0,-0.0,0.1,0.234846707,23.4846707,0.0,0.0,100.0,1.0,0.08,-8.0,-1204.579430426643,1204.579430426643,0.0,-1204.579430426643,1204.579430426643,0.0,-74393.78142482002,74393.78142482002,0.0,0.0,9199.061894531247,9199.061894531247,0.0,0.0,8983.270579981292,8983.270579981292,0.0,-585214.0781116077,-585214.0781116077,76802.9402856733,76802.9402856733,76702.9402856733,0.0,100.0,0.0,0.0,76802.9402856733,58620.607811160764,1,0.0,100.0
7000,64917.70911421437,0.0,-649177.0911421437,0.0,10.0,0.0,-0.0,0.1,0.2370784169999999,23.70784169999999,0.0,0.0,100.0,1.0,0.08,-8.0,-905.3855035674708,905.3855035674708,0.0,-905.3855035674708,905.3855035674708,0.0,-69019.5198421816,69019.5198421816,0.0,0.0,2468.04099609375,2468.04099609375,0.0,0.0,3344.54073900842,3344.54073900842,0.0,-649185.0911421437,-649185.0911421437,70830.29084931655,70830.29084931655,70730.29084931655,0.0,100.0,0.0,0.0,70830.29084931655,65017.709114214376,1,0.0,100.0
7001,59774.82694283171,0.0,-597748.2694283171,0.0,10.0,0.0,-0.0,0.1,0.234700905,23.470090499999998,0.0,0.0,100.0,1.0,0.11,-11.0,-821.8355177353048,821.8355177353048,0.0,-821.8355177353048,821.8355177353048,0.0,-58231.1559073611,58231.1559073611,0.0,0.0,0.0,0.0,0.0,0.0,0.0,0.0,0.0,-597759.2694283171,-597759.2694283171,59874.82694283171,59874.82694283171,59774.82694283171,0.0,100.0,0.0,0.0,59874.82694283171,59874.82694283171,1,0.0,100.0
7002,53763.02313818501,0.0,-537630.2313818501,0.0,10.0,0.0,-0.0,0.1,0.240157517,24.0157517,0.0,0.0,100.0,1.0,0.11,-11.0,-758.3245443631371,758.3245443631371,0.0,-758.3245443631371,758.3245443631371,0.0,-52346.37404945873,52346.37404945873,0.0,0.0,0.0,0.0,0.0,0.0,0.0,0.0,0.0,-537641.2313818501,-537641.2313818501,53863.02313818501,53863.02313818501,53763.02313818501,0.0,100.0,0.0,0.0,53863.02313818501,53863.02313818501,1,0.0,100.0
7003,44215.532177789915,0.0,-442155.32177789917,0.0,10.0,0.0,-0.0,0.1,0.228157535,22.8157535,0.0,0.0,100.0,1.0,0.11,-11.0,-704.3194765085993,704.3194765085993,0.0,-704.3194765085993,704.3194765085993,0.0,-42906.89322477271,42906.89322477271,0.0,0.0,0.0,0.0,0.0,0.0,0.0,0.0,0.0,-442166.32177789917,-442166.32177789917,44315.532177789915,44315.532177789915,44215.532177789915,0.0,100.0,0.0,0.0,44315.532177789915,44315.532177789915,1,0.0,100.0
7004,38112.95411980418,0.0,-381129.54119804176,0.0,10.0,0.0,-0.0,0.1,0.241781546,24.178154600000003,0.0,0.0,100.0,1.0,0.11,-11.0,-234.12428717012864,234.12428717012864,0.0,-234.12428717012864,234.12428717012864,0.0,-37744.70554546392,37744.70554546392,0.0,0.0,0.0,0.0,0.0,0.0,0.0,0.0,0.0,-381140.54119804176,-381140.54119804176,38212.95411980418,38212.95411980418,38112.95411980418,0.0,100.0,0.0,0.0,38212.95411980418,38212.95411980418,1,0.0,100.0
7005,21488.71199734871,0.0,-214887.1199734871,0.0,10.0,0.0,-0.0,0.1,0.253499898,25.3499898,0.0,0.0,100.0,1.0,0.11,-11.0,-233.35465854263936,233.35465854263936,0.0,-233.35465854263936,233.35465854263936,0.0,-21122.00268026343,21122.00268026343,0.0,0.0,0.0,0.0,0.0,0.0,0.0,0.0,0.0,-214898.1199734871,-214898.1199734871,21588.71199734871,21588.71199734871,21488.71199734871,0.0,100.0,0.0,0.0,21588.71199734871,21588.71199734871,1,0.0,100.0
7006,18509.84755751723,0.0,-185098.4755751723,0.0,10.0,0.0,-0.0,0.1,0.258844068,25.884406799999997,0.0,0.0,100.0,1.0,0.11,-11.0,-236.21161711394336,236.21161711394336,0.0,-236.21161711394336,236.21161711394336,0.0,-18137.424323289342,18137.424323289342,0.0,0.0,0.0,0.0,0.0,0.0,0.0,0.0,0.0,-185109.4755751723,-185109.4755751723,18609.84755751723,18609.84755751723,18509.84755751723,0.0,100.0,0.0,0.0,18609.84755751723,18609.84755751723,1,0.0,100.0
7007,17764.899382911066,0.0,-177648.99382911067,0.0,10.0,0.0,-0.0,0.1,0.258661318,25.866131799999998,0.0,0.0,100.0,1.0,0.11,-11.0,-233.2127150805929,233.2127150805929,0.0,-233.2127150805929,233.2127150805929,0.0,-17398.47395274988,17398.47395274988,0.0,0.0,0.0,0.0,0.0,0.0,0.0,0.0,0.0,-177659.99382911067,-177659.99382911067,17864.899382911066,17864.899382911066,17764.899382911066,0.0,100.0,0.0,0.0,17864.899382911066,17864.899382911066,1,0.0,100.0
7008,17764.786926474717,0.0,-177647.86926474716,0.0,10.0,0.0,-0.0,0.1,0.247077948,24.7077948,0.0,0.0,100.0,1.0,0.08,-8.0,-233.1563961728731,233.1563961728731,0.0,-233.1563961728731,233.1563961728731,0.0,-17398.47413412897,17398.47413412897,0.0,0.0,0.0,0.0,0.0,0.0,0.0,0.0,0.0,-177655.86926474716,-177655.86926474716,17864.786926474717,17864.786926474717,17764.786926474717,0.0,100.0,0.0,0.0,17864.786926474717,17864.786926474717,1,0.0,100.0
7009,17764.64541548929,0.0,-177646.45415489288,0.0,10.0,0.0,-0.0,0.1,0.247049265,24.7049265,0.0,0.0,100.0,1.0,0.08,-8.0,-233.0856406801588,233.0856406801588,0.0,-233.0856406801588,233.0856406801588,0.0,-17398.47413412897,17398.47413412897,0.0,0.0,0.0,0.0,0.0,0.0,0.0,0.0,0.0,-177654.45415489288,-177654.45415489288,17864.64541548929,17864.64541548929,17764.64541548929,0.0,100.0,0.0,0.0,17864.64541548929,17864.64541548929,1,0.0,100.0
7010,17764.51497893462,0.0,-177645.1497893462,0.0,10.0,0.0,-0.0,0.1,0.245638141,24.563814100000002,0.0,0.0,100.0,1.0,0.08,-8.0,-233.0204224028253,233.0204224028253,0.0,-233.0204224028253,233.0204224028253,0.0,-17398.47413412897,17398.47413412897,0.0,0.0,0.0,0.0,0.0,0.0,0.0,0.0,0.0,-177653.1497893462,-177653.1497893462,17864.51497893462,17864.51497893462,17764.51497893462,0.0,100.0,0.0,0.0,17864.51497893462,17864.51497893462,1,0.0,100.0
7011,18512.76228761224,0.0,-185127.62287612242,0.0,10.0,0.0,-0.0,0.1,0.237782099,23.7782099,0.0,0.0,100.0,1.0,0.08,-8.0,-237.6688914719056,237.6688914719056,0.0,-237.6688914719056,237.6688914719056,0.0,-18137.42450466843,18137.42450466843,0.0,0.0,0.0,0.0,0.0,0.0,0.0,0.0,0.0,-185135.62287612242,-185135.62287612242,18612.76228761224,18612.76228761224,18512.76228761224,0.0,100.0,0.0,0.0,18612.76228761224,18612.76228761224,1,0.0,100.0
7012,21495.83092534111,0.0,-214958.3092534111,0.0,10.0,0.0,-0.0,0.1,0.214702133,21.470213299999998,0.0,0.0,100.0,1.0,0.08,-8.0,-236.871970038384,236.871970038384,0.0,-236.871970038384,236.871970038384,0.0,-21122.08698526434,21122.08698526434,0.0,0.0,0.0,0.0,0.0,0.0,0.0,0.0,0.0,-214966.3092534111,-214966.3092534111,21595.83092534111,21595.83092534111,21495.83092534111,0.0,100.0,0.0,0.0,21595.83092534111,21595.83092534111,1,0.0,100.0
7013,26310.936031750447,0.0,-263109.3603175045,0.0,10.0,0.0,-0.0,0.1,0.1896744689999999,18.96744689999999,0.0,0.0,100.0,1.0,0.11,-11.0,-276.6363504546363,276.6363504546363,0.0,-276.6363504546363,276.6363504546363,0.0,-25857.663330841173,25857.663330841173,0.0,0.0,0.0,0.0,0.0,0.0,0.0,0.0,0.0,-263120.3603175045,-263120.3603175045,26410.936031750447,26410.936031750447,26310.936031750447,0.0,100.0,0.0,0.0,26410.936031750447,26410.936031750447,1,0.0,100.0
7014,31040.4345019414,0.0,-310404.345019414,0.0,10.0,0.0,-0.0,0.1,0.172817229,17.2817229,0.0,0.0,100.0,1.0,0.11,-11.0,-541.7311050221422,541.7311050221422,0.0,-541.7311050221422,541.7311050221422,0.0,-30222.81728721985,30222.81728721985,0.0,0.0,0.0,0.0,0.0,0.0,165.84499532273156,165.84499532273156,0.0,-310415.345019414,-310415.345019414,31306.27949726413,31306.27949726413,31206.27949726413,0.0,100.0,0.0,0.0,31306.27949726413,31140.4345019414,1,0.0,100.0
7015,57202.09069781696,0.0,-572020.9069781696,0.0,10.0,0.0,-0.0,0.1,0.16036372,16.036372,0.0,0.0,100.0,1.0,0.11,-11.0,-754.9350117996853,754.9350117996853,0.0,-754.9350117996853,754.9350117996853,0.0,-63360.75802303768,63360.75802303768,0.0,0.0,3477.694130859375,3477.694130859375,0.0,0.0,4090.843217960712,4090.843217960712,0.0,-572031.9069781696,-572031.9069781696,64870.628046637044,64870.628046637044,64770.628046637044,0.0,100.0,0.0,0.0,64870.628046637044,57302.09069781696,1,0.0,100.0
7016,40584.94999899174,0.0,-405849.4999899174,0.0,10.0,0.0,-0.0,0.1,0.160753345,16.0753345,0.0,0.0,100.0,1.0,0.11,-11.0,-857.1788433721574,857.1788433721574,0.0,-857.1788433721574,857.1788433721574,0.0,-61532.98104446102,61532.98104446102,0.0,0.0,13275.068994140624,13275.068994140624,0.0,0.0,9287.319738072969,9287.319738072969,0.0,-405860.4999899174,-405860.4999899174,63247.33873120533,63247.33873120533,63147.33873120533,0.0,100.0,0.0,0.0,63247.33873120533,40684.94999899174,1,0.0,100.0
7017,31197.981714583453,0.0,-311979.81714583456,0.0,10.0,0.0,-0.0,0.1,0.163148186,16.3148186,0.0,0.0,100.0,1.0,0.11,-11.0,-995.3150580165644,995.3150580165644,0.0,-995.3150580165644,995.3150580165644,0.0,-62242.86972059963,62242.86972059963,0.0,0.0,19557.355166015623,19557.355166015623,0.0,0.0,13378.16295603368,13378.16295603368,0.0,-311990.81714583456,-311990.81714583456,64233.499836632756,64233.499836632756,64133.499836632756,0.0,100.0,0.0,0.0,64233.499836632756,31297.981714583453,1,0.0,100.0
7018,33649.086366368036,0.0,-336490.8636636804,0.0,10.0,0.0,-0.0,0.1,0.173909027,17.390902699999998,0.0,0.0,100.0,1.0,0.11,-11.0,-1117.153917268555,1117.153917268555,0.0,-1117.153917268555,1117.153917268555,0.0,-67046.9145625109,67046.9145625109,0.0,0.0,19445.171484375,19445.171484375,0.0,0.0,16086.96454630496,16086.96454630496,0.0,-336501.8636636804,-336501.8636636804,69281.222397048,69281.222397048,69181.222397048,0.0,100.0,0.0,0.0,69281.222397048,33749.086366368036,1,0.0,100.0
7019,29919.039571338915,0.0,-299190.39571338915,0.0,10.0,0.0,-0.0,0.1,0.205661871,20.5661871,0.0,0.0,100.0,1.0,0.11,-11.0,-1184.4176479136013,1184.4176479136013,0.0,-1184.4176479136013,1184.4176479136013,0.0,-66630.80487251206,66630.80487251206,0.0,0.0,22174.97440429688,22174.97440429688,0.0,0.0,16805.626192703465,16805.626192703465,0.0,-299201.39571338915,-299201.39571338915,68999.64016833926,68999.64016833926,68899.64016833926,0.0,100.0,0.0,0.0,68999.64016833926,30019.039571338915,1,0.0,100.0
7020,29505.021939866547,0.0,-295050.2193986655,0.0,10.0,0.0,-0.0,0.1,0.218315753,21.8315753,0.0,0.0,100.0,1.0,0.11,-11.0,-1184.3249600068814,1184.3249600068814,0.0,-1184.3249600068814,1184.3249600068814,0.0,-66756.73159820434,66756.73159820434,0.0,0.0,23184.627539062498,23184.627539062498,0.0,0.0,16335.732039289058,16335.732039289058,0.0,-295061.2193986655,-295061.2193986655,69125.3815182181,69125.3815182181,69025.3815182181,0.0,100.0,0.0,0.0,69125.3815182181,29605.021939866543,1,0.0,100.0
7021,33869.842547604436,0.0,-338698.42547604436,0.0,10.0,0.0,-0.0,0.1,0.2315193139999999,23.151931399999988,0.0,0.0,100.0,1.0,0.11,-11.0,-1226.88026379823,1226.88026379823,0.0,-1226.88026379823,1226.88026379823,0.0,-65167.08432448535,65167.08432448535,0.0,0.0,18061.572744140623,18061.572744140623,0.0,0.0,15589.429560336766,15589.429560336766,0.0,-338709.42547604436,-338709.42547604436,67620.84485208182,67620.84485208182,67520.84485208182,0.0,100.0,0.0,0.0,67620.84485208182,33969.84254760443,1,0.0,100.0
7022,37246.068157805705,0.0,-372460.68157805706,0.0,10.0,0.0,-0.0,0.1,0.245411606,24.5411606,0.0,0.0,100.0,1.0,0.08,-8.0,-1224.7522256956652,1224.7522256956652,0.0,-1224.7522256956652,1224.7522256956652,0.0,-62759.38440549244,62759.38440549244,0.0,0.0,15369.164384765623,15369.164384765623,0.0,0.0,12493.656314312444,12493.656314312444,0.0,-372468.68157805706,-372468.68157805706,65208.88885688377,65208.88885688377,65108.88885688377,0.0,100.0,0.0,0.0,65208.88885688377,37346.068157805705,1,0.0,100.0
7023,45816.355528153814,0.0,-458163.55528153817,0.0,10.0,0.0,-0.0,0.1,0.248399553,24.8399553,0.0,0.0,100.0,1.0,0.08,-8.0,-1142.1698715672562,1142.1698715672562,0.0,-1142.1698715672562,1142.1698715672562,0.0,-61303.81884271962,61303.81884271962,0.0,0.0,8937.299970703125,8937.299970703125,0.0,0.0,8734.503086997194,8734.503086997194,0.0,-458171.55528153817,-458171.55528153817,63588.15858585414,63588.15858585414,63488.15858585414,0.0,100.0,0.0,0.0,63588.15858585414,45916.355528153814,1,0.0,100.0
7024,50030.5505182817,0.0,-500305.505182817,0.0,10.0,0.0,-0.0,0.1,0.244228393,24.4228393,0.0,0.0,100.0,1.0,0.08,-8.0,-830.7108166108654,830.7108166108654,0.0,-830.7108166108654,830.7108166108654,0.0,-54841.04029638005,54841.04029638005,0.0,0.0,2281.068193359375,2281.068193359375,0.0,0.0,4090.843217960712,4090.843217960712,0.0,-500313.505182817,-500313.505182817,56502.461929601785,56502.461929601785,56402.461929601785,0.0,100.0,0.0,0.0,56502.461929601785,50130.5505182817,1,0.0,100.0
7025,46793.20937978771,0.0,-467932.0937978771,0.0,10.0,0.0,-0.0,0.1,0.251519078,25.1519078,0.0,0.0,100.0,1.0,0.11,-11.0,-763.7312933142481,763.7312933142481,0.0,-763.7312933142481,763.7312933142481,0.0,-45365.74679315921,45365.74679315921,0.0,0.0,0.0,0.0,0.0,0.0,0.0,0.0,0.0,-467943.0937978771,-467943.0937978771,46893.20937978771,46893.20937978771,46793.20937978771,0.0,100.0,0.0,0.0,46893.20937978771,46893.20937978771,1,0.0,100.0
7026,45286.79599949054,0.0,-452867.9599949054,0.0,10.0,0.0,-0.0,0.1,0.2508910689999999,25.08910689999999,0.0,0.0,100.0,1.0,0.11,-11.0,-748.8897238422235,748.8897238422235,0.0,-748.8897238422235,748.8897238422235,0.0,-43889.01655180609,43889.01655180609,0.0,0.0,0.0,0.0,0.0,0.0,0.0,0.0,0.0,-452878.9599949054,-452878.9599949054,45386.79599949054,45386.79599949054,45286.79599949054,0.0,100.0,0.0,0.0,45386.79599949054,45386.79599949054,1,0.0,100.0
7027,36222.15385360118,0.0,-362221.5385360118,0.0,10.0,0.0,-0.0,0.1,0.244223926,24.422392600000002,0.0,0.0,100.0,1.0,0.11,-11.0,-735.4910927726428,735.4910927726428,0.0,-735.4910927726428,735.4910927726428,0.0,-34851.1716680559,34851.1716680559,0.0,0.0,0.0,0.0,0.0,0.0,0.0,0.0,0.0,-362232.5385360118,-362232.5385360118,36322.15385360118,36322.15385360118,36222.15385360118,0.0,100.0,0.0,0.0,36322.15385360118,36322.15385360118,1,0.0,100.0
7028,33741.0833852692,0.0,-337410.83385269204,0.0,10.0,0.0,-0.0,0.1,0.244653506,24.4653506,0.0,0.0,100.0,1.0,0.11,-11.0,-233.4787760683028,233.4787760683028,0.0,-233.4787760683028,233.4787760683028,0.0,-33374.125833132595,33374.125833132595,0.0,0.0,0.0,0.0,0.0,0.0,0.0,0.0,0.0,-337421.83385269204,-337421.83385269204,33841.0833852692,33841.0833852692,33741.0833852692,0.0,100.0,0.0,0.0,33841.0833852692,33841.0833852692,1,0.0,100.0
7029,21489.181793228825,0.0,-214891.81793228825,0.0,10.0,0.0,-0.0,0.1,0.254748085,25.4748085,0.0,0.0,100.0,1.0,0.11,-11.0,-233.58945974718253,233.58945974718253,0.0,-233.58945974718253,233.58945974718253,0.0,-21122.00287373446,21122.00287373446,0.0,0.0,0.0,0.0,0.0,0.0,0.0,0.0,0.0,-214902.81793228825,-214902.81793228825,21589.181793228825,21589.181793228825,21489.181793228825,0.0,100.0,0.0,0.0,21589.181793228825,21589.181793228825,1,0.0,100.0
7030,18510.564612426602,0.0,-185105.64612426603,0.0,10.0,0.0,-0.0,0.1,0.26848343,26.848343000000003,0.0,0.0,100.0,1.0,0.11,-11.0,-236.57005085610064,236.57005085610064,0.0,-236.57005085610064,236.57005085610064,0.0,-18137.4245107144,18137.4245107144,0.0,0.0,0.0,0.0,0.0,0.0,0.0,0.0,0.0,-185116.64612426603,-185116.64612426603,18610.564612426602,18610.564612426602,18510.564612426602,0.0,100.0,0.0,0.0,18610.564612426602,18610.564612426602,1,0.0,100.0
7031,17765.61890941427,0.0,-177656.1890941427,0.0,10.0,0.0,-0.0,0.1,0.273850913,27.3850913,0.0,0.0,100.0,1.0,0.11,-11.0,-233.5723846196648,233.5723846196648,0.0,-233.5723846196648,233.5723846196648,0.0,-17398.474140174938,17398.474140174938,0.0,0.0,0.0,0.0,0.0,0.0,0.0,0.0,0.0,-177667.1890941427,-177667.1890941427,17865.61890941427,17865.61890941427,17765.61890941427,0.0,100.0,0.0,0.0,17865.61890941427,17865.61890941427,1,0.0,100.0
7032,14752.2021350792,0.0,-147522.021350792,0.0,10.0,0.0,-0.0,0.1,0.267923775,26.792377499999997,0.0,0.0,100.0,1.0,0.08,-8.0,-233.54152568073167,233.54152568073167,0.0,-233.54152568073167,233.54152568073167,0.0,-14385.119083717736,14385.119083717736,0.0,0.0,0.0,0.0,0.0,0.0,0.0,0.0,0.0,-147530.021350792,-147530.021350792,14852.2021350792,14852.2021350792,14752.2021350792,0.0,100.0,0.0,0.0,14852.2021350792,14852.2021350792,1,0.0,100.0
7033,14752.118977223214,0.0,-147521.18977223214,0.0,10.0,0.0,-0.0,0.1,0.281722326,28.1722326,0.0,0.0,100.0,1.0,0.08,-8.0,-233.4999467527389,233.4999467527389,0.0,-233.4999467527389,233.4999467527389,0.0,-14385.119083717736,14385.119083717736,0.0,0.0,0.0,0.0,0.0,0.0,0.0,0.0,0.0,-147529.18977223214,-147529.18977223214,14852.118977223214,14852.118977223214,14752.118977223214,0.0,100.0,0.0,0.0,14852.118977223214,14852.118977223214,1,0.0,100.0
7034,14751.96350708823,0.0,-147519.6350708823,0.0,10.0,0.0,-0.0,0.1,0.279542811,27.9542811,0.0,0.0,100.0,1.0,0.08,-8.0,-233.4222086622632,233.4222086622632,0.0,-233.4222086622632,233.4222086622632,0.0,-14385.119089763704,14385.119089763704,0.0,0.0,0.0,0.0,0.0,0.0,0.0,0.0,0.0,-147527.6350708823,-147527.6350708823,14851.96350708823,14851.96350708823,14751.96350708823,0.0,100.0,0.0,0.0,14851.96350708823,14851.96350708823,1,0.0,100.0
7035,15492.97423799321,0.0,-154929.7423799321,0.0,10.0,0.0,-0.0,0.1,0.2625900969999999,26.259009699999993,0.0,0.0,100.0,1.0,0.08,-8.0,-234.45238884502209,234.45238884502209,0.0,-234.45238884502209,234.45238884502209,0.0,-15124.069460303166,15124.069460303166,0.0,0.0,0.0,0.0,0.0,0.0,0.0,0.0,0.0,-154937.7423799321,-154937.7423799321,15592.97423799321,15592.97423799321,15492.97423799321,0.0,100.0,0.0,0.0,15592.97423799321,15592.97423799321,1,0.0,100.0
7036,16970.784998821884,0.0,-169707.84998821883,0.0,10.0,0.0,-0.0,0.1,0.222179506,22.217950599999998,0.0,0.0,100.0,1.0,0.08,-8.0,-234.36527342630205,234.36527342630205,0.0,-234.36527342630205,234.36527342630205,0.0,-16602.05445196928,16602.05445196928,0.0,0.0,0.0,0.0,0.0,0.0,0.0,0.0,0.0,-169715.84998821883,-169715.84998821883,17070.784998821884,17070.784998821884,16970.784998821884,0.0,100.0,0.0,0.0,17070.784998821884,17070.784998821884,1,0.0,100.0
7037,26214.657941511035,0.0,-262146.57941511035,0.0,10.0,0.0,-0.0,0.1,0.191120306,19.1120306,0.0,0.0,100.0,1.0,0.11,-11.0,-234.37050536407023,234.37050536407023,0.0,-234.37050536407023,234.37050536407023,0.0,-25845.916930782896,25845.916930782896,0.0,0.0,0.0,0.0,0.0,0.0,0.0,0.0,0.0,-262157.57941511035,-262157.57941511035,26314.657941511035,26314.657941511035,26214.657941511035,0.0,100.0,0.0,0.0,26314.657941511035,26314.657941511035,1,0.0,100.0
7038,24364.319411775774,0.0,-243643.19411775772,0.0,10.0,0.0,-0.0,0.1,0.175067233,17.506723299999997,0.0,0.0,100.0,1.0,0.11,-11.0,-216.13293622153773,216.13293622153773,0.0,-216.13293622153773,216.13293622153773,0.0,-24197.89853465543,24197.89853465543,0.0,0.0,0.0,0.0,0.0,0.0,165.84499532273156,165.84499532273156,0.0,-243654.19411775772,-243654.19411775772,24630.164407098506,24630.164407098506,24530.164407098506,0.0,100.0,0.0,0.0,24630.164407098506,24464.319411775774,1,0.0,100.0
7039,29011.88782793616,0.0,-290118.8782793616,0.0,10.0,0.0,-0.0,0.1,0.165626633,16.5626633,0.0,0.0,100.0,1.0,0.11,-11.0,-198.213482795151,198.213482795151,0.0,-198.213482795151,198.213482795151,0.0,-39259.29630178071,39259.29630178071,0.0,0.0,6618.837216796875,6618.837216796875,0.0,0.0,3924.99822263798,3924.99822263798,0.0,-290129.8782793616,-290129.8782793616,39655.72326737101,39655.72326737102,39555.72326737101,0.0,100.0,0.0,0.0,39655.72326737102,29111.887827936163,1,0.0,100.0
7040,17193.82669388813,0.0,-171938.2669388813,0.0,10.0,0.0,-0.0,0.1,0.166378175,16.6378175,0.0,0.0,100.0,1.0,0.11,-11.0,-198.38702403824712,198.38702403824712,0.0,-198.38702403824712,198.38702403824712,0.0,-38100.179528613175,38100.179528613175,0.0,0.0,12938.517949218747,12938.517949218747,0.0,0.0,8264.60893358279,8264.60893358279,0.0,-171949.2669388813,-171949.2669388813,38496.95357668967,38496.953576689666,38396.95357668967,0.0,100.0,0.0,0.0,38496.953576689666,17293.826693888128,1,0.0,100.0
7041,12509.346242015272,0.0,-125093.46242015272,0.0,10.0,0.0,-0.0,0.1,0.179184816,17.9184816,0.0,0.0,100.0,1.0,0.11,-11.0,-198.5520783461357,198.5520783461357,0.0,-198.5520783461357,198.5520783461357,0.0,-42769.09149520154,42769.09149520154,0.0,0.0,18173.75642578125,18173.75642578125,0.0,0.0,12383.09298409729,12383.09298409729,0.0,-125104.46242015272,-125104.46242015272,43166.19565189381,43166.19565189381,43066.19565189381,0.0,100.0,0.0,0.0,43166.19565189381,12609.346242015272,1,0.0,100.0
7042,20875.282999540927,0.0,-208752.82999540927,0.0,10.0,0.0,-0.0,0.1,0.22065925,22.065925,0.0,0.0,100.0,1.0,0.11,-11.0,-201.54731361710915,201.54731361710915,0.0,-201.54731361710915,201.54731361710915,0.0,-54855.62588378977,54855.62588378977,0.0,0.0,19108.620439453123,19108.620439453123,0.0,0.0,15174.817072029937,15174.817072029937,0.0,-208763.82999540927,-208763.82999540927,55258.72051102399,55258.72051102399,55158.72051102399,0.0,100.0,0.0,0.0,55258.72051102399,20975.282999540927,1,0.0,100.0
7043,22481.584687060134,0.0,-224815.84687060135,0.0,10.0,0.0,-0.0,0.1,0.266114175,26.6114175,0.0,0.0,100.0,1.0,0.11,-11.0,-260.6438885672953,260.6438885672953,0.0,-260.6438885672953,260.6438885672953,0.0,-60800.231771069135,60800.231771069135,0.0,0.0,22735.8928125,22735.8928125,0.0,0.0,16004.042048643594,16004.042048643594,0.0,-224826.84687060135,-224826.84687060135,61321.51954820372,61321.51954820372,61221.51954820372,0.0,100.0,0.0,0.0,61321.51954820372,22581.58468706013,1,0.0,100.0
7044,24335.542099250906,0.0,-243355.42099250905,0.0,10.0,0.0,-0.0,0.1,0.291775275,29.1775275,0.0,0.0,100.0,1.0,0.11,-11.0,-318.5096669046817,318.5096669046817,0.0,-318.5096669046817,318.5096669046817,0.0,-61694.64948714223,61694.64948714223,0.0,0.0,21726.23967773437,21726.23967773437,0.0,0.0,16169.887043966326,16169.887043966326,0.0,-243366.42099250905,-243366.42099250905,62331.6688209516,62331.6688209516,62231.6688209516,0.0,100.0,0.0,0.0,62331.6688209516,24435.542099250903,1,0.0,100.0
7045,13809.2110914209,0.0,-138092.110914209,0.0,10.0,0.0,-0.0,0.1,0.301097982,30.1097982,0.0,0.0,100.0,1.0,0.11,-11.0,-307.73552809860195,307.73552809860195,0.0,-307.73552809860195,307.73552809860195,0.0,-45764.25667757527,45764.25667757527,0.0,0.0,19258.198681640624,19258.198681640624,0.0,0.0,13212.317960710949,13212.317960710949,0.0,-138103.110914209,-138103.110914209,46379.72773377247,46379.72773377247,46279.72773377247,0.0,100.0,0.0,0.0,46379.72773377247,13909.2110914209,1,0.0,100.0
7046,19815.426991297383,0.0,-198154.26991297383,0.0,10.0,0.0,-0.0,0.1,0.290602779,29.0602779,0.0,0.0,100.0,1.0,0.08,-8.0,-305.97306215473753,305.97306215473753,0.0,-305.97306215473753,305.97306215473753,0.0,-45724.11721899256,45724.11721899256,0.0,0.0,15032.613339843749,15032.613339843749,0.0,0.0,11388.0230121609,11388.0230121609,0.0,-198162.26991297383,-198162.26991297383,46336.063343302034,46336.063343302034,46236.063343302034,0.0,100.0,0.0,0.0,46336.063343302034,19915.426991297383,1,0.0,100.0
7047,33104.628256289485,0.0,-331046.28256289486,0.0,10.0,0.0,-0.0,0.1,0.276982092,27.6982092,0.0,0.0,100.0,1.0,0.08,-8.0,-281.8711755565815,281.8711755565815,0.0,-281.8711755565815,281.8711755565815,0.0,-48516.06646632064,48516.06646632064,0.0,0.0,8301.59244140625,8301.59244140625,0.0,0.0,7573.588119738074,7573.588119738074,0.0,-331054.28256289486,-331054.28256289486,49079.808817433805,49079.808817433805,48979.808817433805,0.0,100.0,0.0,0.0,49079.808817433805,33204.62825628948,1,0.0,100.0
7048,40673.1567958005,0.0,-406731.567958005,0.0,10.0,0.0,-0.0,0.1,0.268148634,26.8148634,0.0,0.0,100.0,1.0,0.08,-8.0,-262.42595993652105,262.42595993652105,0.0,-262.42595993652105,262.42595993652105,0.0,-46189.36866524575,46189.36866524575,0.0,0.0,1794.93890625,1794.93890625,0.0,0.0,4146.124883068289,4146.124883068289,0.0,-406739.567958005,-406739.567958005,46714.22058511879,46714.22058511879,46614.22058511879,0.0,100.0,0.0,0.0,46714.22058511879,40773.1567958005,1,0.0,100.0
7049,21385.180904616755,0.0,-213851.80904616753,0.0,10.0,0.0,-0.0,0.1,0.262106501,26.2106501,0.0,0.0,100.0,1.0,0.11,-11.0,-224.72615042391112,224.72615042391112,0.0,-224.72615042391112,224.72615042391112,0.0,-21035.728603768934,21035.728603768934,0.0,0.0,0.0,0.0,0.0,0.0,0.0,0.0,0.0,-213862.80904616753,-213862.80904616753,21485.180904616755,21485.180904616755,21385.180904616755,0.0,100.0,0.0,0.0,21485.180904616755,21485.180904616755,1,0.0,100.0
7050,19928.30218242142,0.0,-199283.0218242142,0.0,10.0,0.0,-0.0,0.1,0.268714582,26.8714582,0.0,0.0,100.0,1.0,0.11,-11.0,-235.2371659116756,235.2371659116756,0.0,-235.2371659116756,235.2371659116756,0.0,-19557.827850598067,19557.827850598067,0.0,0.0,0.0,0.0,0.0,0.0,0.0,0.0,0.0,-199294.0218242142,-199294.0218242142,20028.30218242142,20028.30218242142,19928.30218242142,0.0,100.0,0.0,0.0,20028.30218242142,20028.30218242142,1,0.0,100.0
7051,19927.97972229522,0.0,-199279.79722295218,0.0,10.0,0.0,-0.0,0.1,0.2834035139999999,28.340351399999992,0.0,0.0,100.0,1.0,0.11,-11.0,-235.07595096349843,235.07595096349843,0.0,-235.07595096349843,235.07595096349843,0.0,-19557.82782036822,19557.82782036822,0.0,0.0,0.0,0.0,0.0,0.0,0.0,0.0,0.0,-199290.79722295218,-199290.79722295218,20027.97972229522,20027.97972229522,19927.97972229522,0.0,100.0,0.0,0.0,20027.97972229522,20027.97972229522,1,0.0,100.0
7052,18448.784860664036,0.0,-184487.84860664036,0.0,10.0,0.0,-0.0,0.1,0.288393646,28.8393646,0.0,0.0,100.0,1.0,0.11,-11.0,-234.40078902039696,234.40078902039696,0.0,-234.40078902039696,234.40078902039696,0.0,-18079.98328262324,18079.98328262324,0.0,0.0,0.0,0.0,0.0,0.0,0.0,0.0,0.0,-184498.84860664036,-184498.84860664036,18548.784860664036,18548.784860664036,18448.784860664036,0.0,100.0,0.0,0.0,18548.784860664036,18548.784860664036,1,0.0,100.0
7053,16969.065963920235,0.0,-169690.65963920235,0.0,10.0,0.0,-0.0,0.1,0.296610567,29.6610567,0.0,0.0,100.0,1.0,0.11,-11.0,-233.5478842920573,233.5478842920573,0.0,-233.5478842920573,233.5478842920573,0.0,-16601.970195336122,16601.970195336122,0.0,0.0,0.0,0.0,0.0,0.0,0.0,0.0,0.0,-169701.65963920235,-169701.65963920235,17069.065963920235,17069.065963920235,16969.065963920235,0.0,100.0,0.0,0.0,17069.065963920235,17069.065963920235,1,0.0,100.0
7054,15496.65839247026,0.0,-154966.5839247026,0.0,10.0,0.0,-0.0,0.1,0.296061666,29.6061666,0.0,0.0,100.0,1.0,0.11,-11.0,-236.2944691065315,236.2944691065315,0.0,-236.2944691065315,236.2944691065315,0.0,-15124.069454257198,15124.069454257198,0.0,0.0,0.0,0.0,0.0,0.0,0.0,0.0,0.0,-154977.5839247026,-154977.5839247026,15596.65839247026,15596.65839247026,15496.65839247026,0.0,100.0,0.0,0.0,15596.65839247026,15596.65839247026,1,0.0,100.0
7055,14751.883577367596,0.0,-147518.83577367596,0.0,10.0,0.0,-0.0,0.1,0.289920245,28.992024500000003,0.0,0.0,100.0,1.0,0.11,-11.0,-233.3822498479161,233.3822498479161,0.0,-233.3822498479161,233.3822498479161,0.0,-14385.119077671765,14385.119077671765,0.0,0.0,0.0,0.0,0.0,0.0,0.0,0.0,0.0,-147529.83577367596,-147529.83577367596,14851.883577367596,14851.883577367596,14751.883577367596,0.0,100.0,0.0,0.0,14851.883577367596,14851.883577367596,1,0.0,100.0
7056,14751.81593155437,0.0,-147518.15931554371,0.0,10.0,0.0,-0.0,0.1,0.289254904,28.925490399999997,0.0,0.0,100.0,1.0,0.08,-8.0,-233.36239010822783,233.36239010822783,0.0,-233.36239010822783,233.36239010822783,0.0,-14385.091151337914,14385.091151337914,0.0,0.0,0.0,0.0,0.0,0.0,0.0,0.0,0.0,-147526.15931554371,-147526.15931554371,14851.81593155437,14851.81593155437,14751.81593155437,0.0,100.0,0.0,0.0,14851.81593155437,14851.81593155437,1,0.0,100.0
7057,14751.867509391308,0.0,-147518.67509391307,0.0,10.0,0.0,-0.0,0.1,0.296018871,29.601887100000003,0.0,0.0,100.0,1.0,0.08,-8.0,-233.38818204968163,233.38818204968163,0.0,-233.38818204968163,233.38818204968163,0.0,-14385.091145291944,14385.091145291944,0.0,0.0,0.0,0.0,0.0,0.0,0.0,0.0,0.0,-147526.67509391307,-147526.67509391307,14851.867509391308,14851.867509391308,14751.867509391308,0.0,100.0,0.0,0.0,14851.867509391308,14851.867509391308,1,0.0,100.0
7058,14751.901870068978,0.0,-147519.01870068978,0.0,10.0,0.0,-0.0,0.1,0.298661883,29.8661883,0.0,0.0,100.0,1.0,0.08,-8.0,-233.4053684344873,233.4053684344873,0.0,-233.4053684344873,233.4053684344873,0.0,-14385.091133200003,14385.091133200003,0.0,0.0,0.0,0.0,0.0,0.0,0.0,0.0,0.0,-147527.01870068978,-147527.01870068978,14851.901870068978,14851.901870068978,14751.901870068978,0.0,100.0,0.0,0.0,14851.901870068978,14851.901870068978,1,0.0,100.0
7059,15492.982167846534,0.0,-154929.82167846535,0.0,10.0,0.0,-0.0,0.1,0.293185178,29.3185178,0.0,0.0,100.0,1.0,0.08,-8.0,-234.47033507651693,234.47033507651693,0.0,-234.47033507651693,234.47033507651693,0.0,-15124.0414976935,15124.0414976935,0.0,0.0,0.0,0.0,0.0,0.0,0.0,0.0,0.0,-154937.82167846535,-154937.82167846535,15592.982167846534,15592.982167846534,15492.982167846534,0.0,100.0,0.0,0.0,15592.982167846534,15592.982167846534,1,0.0,100.0
7060,16970.76205774442,0.0,-169707.6205774442,0.0,10.0,0.0,-0.0,0.1,0.265818197,26.581819699999997,0.0,0.0,100.0,1.0,0.08,-8.0,-234.36770861778413,234.36770861778413,0.0,-234.36770861778413,234.36770861778413,0.0,-16602.02664050885,16602.02664050885,0.0,0.0,0.0,0.0,0.0,0.0,0.0,0.0,0.0,-169715.6205774442,-169715.6205774442,17070.76205774442,17070.76205774442,16970.76205774442,0.0,100.0,0.0,0.0,17070.76205774442,17070.76205774442,1,0.0,100.0
7061,19926.441903627485,0.0,-199264.41903627483,0.0,10.0,0.0,-0.0,0.1,0.23637397,23.637397,0.0,0.0,100.0,1.0,0.11,-11.0,-234.3490853026369,234.3490853026369,0.0,-234.3490853026369,234.3490853026369,0.0,-19557.743733022213,19557.743733022213,0.0,0.0,0.0,0.0,0.0,0.0,0.0,0.0,0.0,-199275.41903627483,-199275.41903627483,20026.441903627485,20026.441903627485,19926.441903627485,0.0,100.0,0.0,0.0,20026.441903627485,20026.441903627485,1,0.0,100.0
7062,17642.45934962183,0.0,-176424.5934962183,0.0,10.0,0.0,-0.0,0.1,0.22511128,22.511128,0.0,0.0,100.0,1.0,0.11,-11.0,-216.02682752266912,216.02682752266912,0.0,-216.02682752266912,216.02682752266912,0.0,-17936.35949588028,17936.35949588028,0.0,0.0,598.31296875,598.31296875,0.0,0.0,27.64083255378859,27.64083255378859,0.0,-176435.5934962183,-176435.5934962183,18368.41315092562,18368.41315092562,18268.41315092562,0.0,100.0,0.0,0.0,18368.41315092562,17742.45934962183,1,0.0,100.0
7063,9653.04807414134,0.0,-96530.4807414134,0.0,10.0,0.0,-0.0,0.1,0.212004838,21.2004838,0.0,0.0,100.0,1.0,0.11,-11.0,-198.1864617096254,198.1864617096254,0.0,-198.1864617096254,198.1864617096254,0.0,-17936.35950797222,17936.35950797222,0.0,0.0,7142.3610644531245,7142.3610644531245,0.0,0.0,1437.3232927970068,1437.3232927970068,0.0,-96541.4807414134,-96541.4807414134,18332.732431391472,18332.732431391472,18232.732431391472,0.0,100.0,0.0,0.0,18332.732431391472,9753.048074141341,1,0.0,100.0
7064,1224.1483211408813,0.0,-12241.483211408813,0.0,10.0,0.0,-0.0,0.1,0.207417316,20.741731599999998,0.0,0.0,100.0,1.0,0.11,-11.0,-198.3886166618447,198.3886166618447,0.0,-198.3886166618447,198.3886166618447,0.0,-15719.508408445772,15719.508408445772,0.0,0.0,11779.286572265624,11779.286572265624,0.0,0.0,3012.8507483629564,3012.8507483629564,0.0,-12252.483211408813,-12252.483211408813,16116.285641769462,16116.285641769462,16016.285641769462,0.0,100.0,0.0,0.0,16116.285641769462,1324.1483211408813,1,0.0,100.0
7065,8604.976499339693,0.0,-86049.76499339694,0.0,10.0,0.0,-0.0,0.1,0.212235747,21.2235747,0.0,0.0,100.0,1.0,0.11,-11.0,-198.4941253077744,198.4941253077744,0.0,-198.4941253077744,198.4941253077744,0.0,-30279.94443323325,30279.94443323325,0.0,0.0,17687.627138671873,17687.627138671873,0.0,0.0,4284.329045837232,4284.329045837232,0.0,-86060.76499339694,-86060.76499339694,30676.932683848798,30676.932683848798,30576.932683848798,0.0,100.0,0.0,0.0,30676.932683848798,8704.976499339693,1,0.0,100.0
7066,3867.57886598,0.0,-38675.788659800004,0.0,10.0,0.0,-0.0,0.1,0.240189152,24.0189152,0.0,0.0,100.0,1.0,0.11,-11.0,-201.35956905693124,201.35956905693124,0.0,-201.35956905693124,201.35956905693124,0.0,-31581.86676788602,31581.86676788602,0.0,0.0,20940.95390625,20940.95390625,0.0,0.0,7076.053133769879,7076.053133769879,0.0,-38686.788659800004,-38686.788659800004,31984.585905999884,31984.58590599988,31884.585905999884,0.0,100.0,0.0,0.0,31984.58590599988,3967.578865979998,1,0.0,100.0
7067,1535.8957604761072,0.0,-15358.957604761072,0.0,10.0,0.0,-0.0,0.1,0.275798119,27.5798119,0.0,0.0,100.0,1.0,0.11,-11.0,-198.39293402202847,198.39293402202847,0.0,-198.39293402202847,198.39293402202847,0.0,-34333.92836522168,34333.92836522168,0.0,0.0,20380.03549804688,20380.03549804688,0.0,0.0,12714.782974742751,12714.782974742751,0.0,-15369.957604761072,-15369.957604761072,34730.71423326574,34730.71423326574,34630.71423326574,0.0,100.0,0.0,0.0,34730.71423326574,1635.895760476109,1,0.0,100.0
7068,1.8189894035458565e-12,0.0,-1.8189894035458565e-11,0.0,10.0,0.0,-0.0,0.1,0.286033612,20.741400818641818,0.0,0.0,72.51385833159293,1.0,0.11,-7.976524416475222,-198.4289524706119,198.4289524706119,0.0,-198.4289524706119,198.4289524706119,0.0,-33430.48722685894,33430.48722685894,0.0,0.0,22698.49825195313,22698.49825195313,0.0,0.0,11056.333021515436,11056.333021515436,0.0,-7.976524416493412,-7.976524416493412,33827.34513180016,33827.34513180016,33754.83127346857,0.0,72.51385833159293,0.0,0.0,33827.34513180016,72.51385833159293,1,0.0,72.51385833159293
7069,15626.827749295413,0.0,-156268.27749295413,0.0,10.0,0.0,-0.0,0.1,0.305000288,30.500028800000003,0.0,0.0,100.0,1.0,0.11,-11.0,-198.36879395213,198.36879395213,0.0,-198.36879395213,198.36879395213,0.0,-37226.01630666419,37226.01630666419,0.0,0.0,9872.163984375,9872.163984375,0.0,0.0,12023.762160898035,12023.762160898035,0.0,-156279.27749295413,-156279.27749295413,37622.75389456845,37622.75389456845,37522.75389456845,0.0,100.0,0.0,0.0,37622.75389456845,15726.827749295415,1,0.0,100.0
7070,13387.667646776228,0.0,-133876.67646776227,0.0,10.0,0.0,-0.0,0.1,0.306839063,30.683906300000004,0.0,0.0,100.0,1.0,0.08,-8.0,-198.3179778240076,198.3179778240076,0.0,-198.3179778240076,198.3179778240076,0.0,-34078.177542738216,34078.177542738216,0.0,0.0,7553.70123046875,7553.70123046875,0.0,0.0,13433.444621141256,13433.444621141256,0.0,-133884.67646776227,-133884.67646776227,34474.81349838623,34474.81349838623,34374.81349838623,0.0,100.0,0.0,0.0,34474.81349838623,13487.667646776226,1,0.0,100.0
7071,26829.966661658218,0.0,-268299.6666165822,0.0,10.0,0.0,-0.0,0.1,0.3100205669999999,31.00205669999999,0.0,0.0,100.0,1.0,0.08,-8.0,-198.29463157632216,198.29463157632216,0.0,-198.29463157632216,198.29463157632216,0.0,-40234.812393654734,40234.812393654734,0.0,0.0,5796.156884765624,5796.156884765624,0.0,0.0,7905.278110383537,7905.278110383537,0.0,-268307.6666165822,-268307.6666165822,40631.40165680738,40631.40165680738,40531.40165680738,0.0,100.0,0.0,0.0,40631.40165680738,26929.966661658218,1,0.0,100.0
7072,20061.82137598528,0.0,-200618.2137598528,0.0,10.0,0.0,-0.0,0.1,0.308656221,30.8656221,0.0,0.0,100.0,1.0,0.08,-8.0,-198.02051043954089,198.02051043954089,0.0,-198.02051043954089,198.02051043954089,0.0,-23572.05025152115,23572.05025152115,0.0,0.0,710.496650390625,710.496650390625,0.0,0.0,3095.7732460243224,3095.7732460243224,0.0,-200626.2137598528,-200626.2137598528,23968.091272400226,23968.09127240023,23868.091272400226,0.0,100.0,0.0,0.0,23968.09127240023,20161.821375985284,1,0.0,100.0
7073,21355.592566782667,0.0,-213555.92566782667,0.0,10.0,0.0,-0.0,0.1,0.3100774169999999,31.00774169999999,0.0,0.0,100.0,1.0,0.11,-11.0,-209.9740433177787,209.9740433177787,0.0,-209.9740433177787,209.9740433177787,0.0,-21035.644480147108,21035.644480147108,0.0,0.0,0.0,0.0,0.0,0.0,0.0,0.0,0.0,-213566.92566782667,-213566.92566782667,21455.592566782667,21455.592566782667,21355.592566782667,0.0,100.0,0.0,0.0,21455.592566782667,21455.592566782667,1,0.0,100.0
7074,19927.688453502695,0.0,-199276.88453502694,0.0,10.0,0.0,-0.0,0.1,0.310420875,31.042087499999997,0.0,0.0,100.0,1.0,0.11,-11.0,-234.9723662862067,234.9723662862067,0.0,-234.9723662862067,234.9723662862067,0.0,-19557.74372093028,19557.74372093028,0.0,0.0,0.0,0.0,0.0,0.0,0.0,0.0,0.0,-199287.88453502694,-199287.88453502694,20027.688453502695,20027.688453502695,19927.688453502695,0.0,100.0,0.0,0.0,20027.688453502695,20027.688453502695,1,0.0,100.0
7075,19927.191930700144,0.0,-199271.91930700146,0.0,10.0,0.0,-0.0,0.1,0.309808527,30.9808527,0.0,0.0,100.0,1.0,0.11,-11.0,-234.72410186195165,234.72410186195165,0.0,-234.72410186195165,234.72410186195165,0.0,-19557.74372697624,19557.74372697624,0.0,0.0,0.0,0.0,0.0,0.0,0.0,0.0,0.0,-199282.91930700146,-199282.91930700146,20027.191930700144,20027.191930700144,19927.191930700144,0.0,100.0,0.0,0.0,20027.191930700144,20027.191930700144,1,0.0,100.0
7076,18447.957536511654,0.0,-184479.57536511653,0.0,10.0,0.0,-0.0,0.1,0.310549548,31.0549548,0.0,0.0,100.0,1.0,0.11,-11.0,-234.015074438956,234.015074438956,0.0,-234.015074438956,234.015074438956,0.0,-18079.927387633743,18079.927387633743,0.0,0.0,0.0,0.0,0.0,0.0,0.0,0.0,0.0,-184490.57536511653,-184490.57536511653,18547.957536511654,18547.957536511654,18447.957536511654,0.0,100.0,0.0,0.0,18547.957536511654,18547.957536511654,1,0.0,100.0
7077,16968.427149803407,0.0,-169684.27149803407,0.0,10.0,0.0,-0.0,0.1,0.303065918,30.3065918,0.0,0.0,100.0,1.0,0.11,-11.0,-233.24245249250728,233.24245249250728,0.0,-233.24245249250728,233.24245249250728,0.0,-16601.94224481839,16601.94224481839,0.0,0.0,0.0,0.0,0.0,0.0,0.0,0.0,0.0,-169695.27149803407,-169695.27149803407,17068.427149803407,17068.427149803407,16968.427149803407,0.0,100.0,0.0,0.0,17068.427149803407,17068.427149803407,1,0.0,100.0
7078,15496.173583544834,0.0,-154961.73583544834,0.0,10.0,0.0,-0.0,0.1,0.29441012,29.441012,0.0,0.0,100.0,1.0,0.11,-11.0,-236.06603990268283,236.06603990268283,0.0,-236.06603990268283,236.06603990268283,0.0,-15124.041503739469,15124.041503739469,0.0,0.0,0.0,0.0,0.0,0.0,0.0,0.0,0.0,-154972.73583544834,-154972.73583544834,15596.173583544834,15596.173583544834,15496.173583544834,0.0,100.0,0.0,0.0,15596.173583544834,15596.173583544834,1,0.0,100.0
7079,14751.390285669719,0.0,-147513.90285669718,0.0,10.0,0.0,-0.0,0.1,0.288511586,28.851158599999998,0.0,0.0,100.0,1.0,0.11,-11.0,-233.1495701888868,233.1495701888868,0.0,-233.1495701888868,233.1495701888868,0.0,-14385.091145291944,14385.091145291944,0.0,0.0,0.0,0.0,0.0,0.0,0.0,0.0,0.0,-147524.90285669718,-147524.90285669718,14851.390285669719,14851.390285669719,14751.390285669719,0.0,100.0,0.0,0.0,14851.390285669719,14851.390285669719,1,0.0,100.0
7080,17764.715240091824,0.0,-177647.15240091825,0.0,10.0,0.0,-0.0,0.1,0.293335786,29.3335786,0.0,0.0,100.0,1.0,0.08,-8.0,-233.12027788980728,233.12027788980728,0.0,-233.12027788980728,233.12027788980728,0.0,-17398.47468431221,17398.47468431221,0.0,0.0,0.0,0.0,0.0,0.0,0.0,0.0,0.0,-177655.15240091825,-177655.15240091825,17864.715240091824,17864.715240091824,17764.715240091824,0.0,100.0,0.0,0.0,17864.715240091824,17864.715240091824,1,0.0,100.0
7081,17764.641346758646,0.0,-177646.41346758645,0.0,10.0,0.0,-0.0,0.1,0.291090759,29.109075899999997,0.0,0.0,100.0,1.0,0.08,-8.0,-233.08333122321977,233.08333122321977,0.0,-233.08333122321977,233.08333122321977,0.0,-17398.47468431221,17398.47468431221,0.0,0.0,0.0,0.0,0.0,0.0,0.0,0.0,0.0,-177654.41346758645,-177654.41346758645,17864.641346758646,17864.641346758646,17764.641346758646,0.0,100.0,0.0,0.0,17864.641346758646,17864.641346758646,1,0.0,100.0
7082,17764.577010589677,0.0,-177645.77010589678,0.0,10.0,0.0,-0.0,0.1,0.294987091,29.4987091,0.0,0.0,100.0,1.0,0.08,-8.0,-233.0511631387353,233.0511631387353,0.0,-233.0511631387353,233.0511631387353,0.0,-17398.47468431221,17398.47468431221,0.0,0.0,0.0,0.0,0.0,0.0,0.0,0.0,0.0,-177653.77010589678,-177653.77010589678,17864.577010589677,17864.577010589677,17764.577010589677,0.0,100.0,0.0,0.0,17864.577010589677,17864.577010589677,1,0.0,100.0
7083,18505.527082213775,0.0,-185055.27082213777,0.0,10.0,0.0,-0.0,0.1,0.27987231,27.987231,0.0,0.0,100.0,1.0,0.08,-8.0,-234.0510136810536,234.0510136810536,0.0,-234.0510136810536,234.0510136810536,0.0,-18137.42505485167,18137.42505485167,0.0,0.0,0.0,0.0,0.0,0.0,0.0,0.0,0.0,-185063.27082213777,-185063.27082213777,18605.527082213775,18605.527082213775,18505.527082213775,0.0,100.0,0.0,0.0,18605.527082213775,18605.527082213775,1,0.0,100.0
7084,21490.033297273225,0.0,-214900.33297273226,0.0,10.0,0.0,-0.0,0.1,0.275076601,27.5076601,0.0,0.0,100.0,1.0,0.08,-8.0,-233.97269348776163,233.97269348776163,0.0,-233.97269348776163,233.97269348776163,0.0,-21122.0879102977,21122.0879102977,0.0,0.0,0.0,0.0,0.0,0.0,0.0,0.0,0.0,-214908.33297273226,-214908.33297273226,21590.033297273225,21590.033297273225,21490.033297273225,0.0,100.0,0.0,0.0,21590.033297273225,21590.033297273225,1,0.0,100.0
7085,26371.042081709576,0.0,-263710.4208170958,0.0,10.0,0.0,-0.0,0.1,0.233319179,23.3319179,0.0,0.0,100.0,1.0,0.11,-11.0,-325.745721613257,325.745721613257,0.0,-325.745721613257,325.745721613257,0.0,-25819.550638483062,25819.550638483062,0.0,0.0,0.0,0.0,0.0,0.0,0.0,0.0,0.0,-263721.4208170958,-263721.4208170958,26471.042081709576,26471.042081709576,26371.042081709576,0.0,100.0,0.0,0.0,26471.042081709576,26471.042081709576,1,0.0,100.0
7086,38935.05387251375,0.0,-389350.53872513754,0.0,10.0,0.0,-0.0,0.1,0.207246034,20.7246034,0.0,0.0,100.0,1.0,0.11,-11.0,-583.4056452435453,583.4056452435453,0.0,-583.4056452435453,583.4056452435453,0.0,-38082.85621731482,38082.85621731482,0.0,0.0,186.972802734375,186.972802734375,0.0,0.0,27.64083255378859,27.64083255378859,0.0,-389361.53872513754,-389361.53872513754,39249.66750780192,39249.66750780191,39149.66750780192,0.0,100.0,0.0,0.0,39249.66750780191,39035.053872513745,1,0.0,100.0
7087,74185.19930406657,0.0,-741851.9930406658,0.0,10.0,0.0,-0.0,0.1,0.2080869719999999,20.80869719999999,0.0,0.0,100.0,1.0,0.11,-11.0,-785.388554113586,785.388554113586,0.0,-785.388554113586,785.388554113586,0.0,-77496.1281304435,77496.1281304435,0.0,0.0,3178.537646484375,3178.537646484375,0.0,0.0,1603.1682881197382,1603.1682881197382,0.0,-741862.9930406658,-741862.9930406658,79066.90523867068,79066.90523867068,78966.90523867068,0.0,100.0,0.0,0.0,79066.90523867068,74285.19930406657,1,0.0,100.0
7088,75117.4526513351,0.0,-751174.526513351,0.0,10.0,0.0,-0.0,0.1,0.204780671,20.4780671,0.0,0.0,100.0,1.0,0.11,-11.0,-840.3293961789149,840.3293961789149,0.0,-840.3293961789149,840.3293961789149,0.0,-81866.21684957888,81866.21684957888,0.0,0.0,4487.347265625,4487.347265625,0.0,0.0,3842.0757249766143,3842.0757249766143,0.0,-751185.526513351,-751185.526513351,83546.87564193671,83546.87564193671,83446.87564193671,0.0,100.0,0.0,0.0,83546.87564193671,75217.4526513351,1,0.0,100.0
7089,70539.88821589226,0.0,-705398.8821589226,0.0,10.0,0.0,-0.0,0.1,0.212032881,21.2032881,0.0,0.0,100.0,1.0,0.11,-11.0,-950.7891056444294,950.7891056444294,0.0,-950.7891056444294,950.7891056444294,0.0,-85589.17955945901,85589.17955945901,0.0,0.0,5683.973203125,5683.973203125,0.0,0.0,11166.896351730593,11166.896351730593,0.0,-705409.8821589226,-705409.8821589226,87490.75777074785,87490.75777074786,87390.75777074785,0.0,100.0,0.0,0.0,87490.75777074786,70639.88821589228,1,0.0,100.0
7090,62841.37807967012,0.0,-628413.7807967012,0.0,10.0,0.0,-0.0,0.1,0.240808778,24.0808778,0.0,0.0,100.0,1.0,0.11,-11.0,-1114.66772986424,1114.66772986424,0.0,-1114.66772986424,1114.66772986424,0.0,-87402.82722786412,87402.82722786412,0.0,0.0,10133.925908203124,10133.925908203124,0.0,0.0,16556.858699719367,16556.858699719367,0.0,-628424.7807967012,-628424.7807967012,89632.16268759262,89632.1626875926,89532.16268759262,0.0,100.0,0.0,0.0,89632.1626875926,62941.37807967011,1,0.0,100.0
7091,62268.12890690981,0.0,-622681.2890690982,0.0,10.0,0.0,-0.0,0.1,0.264292701,26.429270100000004,0.0,0.0,100.0,1.0,0.11,-11.0,-1183.6749961030364,1183.6749961030364,0.0,-1183.6749961030364,1183.6749961030364,0.0,-86046.10226533627,86046.10226533627,0.0,0.0,9460.823818359377,9460.823818359377,0.0,0.0,16584.499532273156,16584.499532273156,0.0,-622692.2890690982,-622692.2890690982,88413.45225754235,88413.45225754235,88313.45225754235,0.0,100.0,0.0,0.0,88413.45225754235,62368.12890690981,1,0.0,100.0
7092,63673.28048008945,0.0,-636732.8048008946,0.0,10.0,0.0,-0.0,0.1,0.268259447,26.825944699999997,0.0,0.0,100.0,1.0,0.11,-11.0,-1186.067292231095,1186.067292231095,0.0,-1186.067292231095,1186.067292231095,0.0,-90247.82058442448,90247.82058442448,0.0,0.0,12041.04849609375,12041.04849609375,0.0,0.0,16805.626192703465,16805.626192703465,0.0,-636743.8048008946,-636743.8048008946,92619.95516888666,92619.95516888666,92519.95516888666,0.0,100.0,0.0,0.0,92619.95516888666,63773.28048008945,1,0.0,100.0
7093,73077.52518558427,0.0,-730775.2518558427,0.0,10.0,0.0,-0.0,0.1,0.283307694,28.3307694,0.0,0.0,100.0,1.0,0.11,-11.0,-1232.3358483805837,1232.3358483805837,0.0,-1232.3358483805837,1232.3358483805837,0.0,-90511.3486822994,90511.3486822994,0.0,0.0,9460.823818359377,9460.823818359377,0.0,0.0,10337.671375116934,10337.671375116934,0.0,-730786.2518558427,-730786.2518558427,92976.02037906057,92976.02037906057,92876.02037906057,0.0,100.0,0.0,0.0,92976.02037906057,73177.52518558427,1,0.0,100.0
7094,73879.48064033958,0.0,-738794.8064033957,0.0,10.0,0.0,-0.0,0.1,0.264077941,26.407794099999997,0.0,0.0,100.0,1.0,0.08,-8.0,-1261.0635667253794,1261.0635667253794,0.0,-1261.0635667253794,1261.0635667253794,0.0,-90267.38661189166,90267.38661189166,0.0,0.0,7366.728427734375,7366.728427734375,0.0,0.0,11443.304677268476,11443.304677268476,0.0,-738802.8064033957,-738802.8064033957,92789.51374534242,92789.51374534242,92689.51374534242,0.0,100.0,0.0,0.0,92789.51374534242,73979.48064033958,0,0.0,100.0
7095,83303.35707659856,0.0,-833033.5707659856,0.0,10.0,0.0,-0.0,0.1,0.250965866,25.0965866,0.0,0.0,100.0,1.0,0.08,-8.0,-1191.020198478819,1191.020198478819,0.0,-1191.020198478819,1191.020198478819,0.0,-92856.26435029728,92856.26435029728,0.0,0.0,4150.796220703125,4150.796220703125,0.0,0.0,7684.151449953229,7684.151449953229,0.0,-833041.5707659856,-833041.5707659856,95238.30474725492,95238.30474725492,95138.30474725492,0.0,100.0,0.0,0.0,95238.30474725492,83403.35707659856,0,0.0,100.0
7096,82706.68015133294,0.0,-827066.8015133294,0.0,10.0,0.0,-0.0,0.1,0.236302492,23.6302492,0.0,0.0,100.0,1.0,0.08,-8.0,-887.8347584665742,887.8347584665742,0.0,-887.8347584665742,887.8347584665742,0.0,-85463.20271267826,85463.20271267826,0.0,0.0,1944.5171484375,1944.5171484375,0.0,0.0,2487.674929840973,2487.674929840973,0.0,-827074.8015133294,-827074.8015133294,87238.87222961141,87238.87222961141,87138.87222961141,0.0,100.0,0.0,0.0,87238.87222961141,82806.68015133294,0,0.0,100.0
7097,75964.32622917727,0.0,-759643.2622917728,0.0,10.0,0.0,-0.0,0.1,0.232770642,23.2770642,0.0,0.0,100.0,1.0,0.11,-11.0,-842.280346069017,842.280346069017,0.0,-842.280346069017,842.280346069017,0.0,-74379.76553703923,74379.76553703923,0.0,0.0,0.0,0.0,0.0,0.0,0.0,0.0,0.0,-759654.2622917728,-759654.2622917728,76064.32622917727,76064.32622917727,75964.32622917727,0.0,100.0,0.0,0.0,76064.32622917727,76064.32622917727,1,0.0,100.0
7098,73836.14577162842,0.0,-738361.4577162842,0.0,10.0,0.0,-0.0,0.1,0.233640841,23.3640841,0.0,0.0,100.0,1.0,0.11,-11.0,-811.6314896825562,811.6314896825562,0.0,-811.6314896825562,811.6314896825562,0.0,-72312.8827922633,72312.8827922633,0.0,0.0,0.0,0.0,0.0,0.0,0.0,0.0,0.0,-738372.4577162842,-738372.4577162842,73936.14577162842,73936.14577162842,73836.14577162842,0.0,100.0,0.0,0.0,73936.14577162842,73936.14577162842,1,0.0,100.0
7099,64121.791663164644,0.0,-641217.9166316465,0.0,10.0,0.0,-0.0,0.1,0.239896013,23.9896013,0.0,0.0,100.0,1.0,0.11,-11.0,-775.0241820911118,775.0241820911118,0.0,-775.0241820911118,775.0241820911118,0.0,-62671.74329898242,62671.74329898242,0.0,0.0,0.0,0.0,0.0,0.0,0.0,0.0,0.0,-641228.9166316465,-641228.9166316465,64221.791663164644,64221.791663164644,64121.791663164644,0.0,100.0,0.0,0.0,64221.791663164644,64221.791663164644,1,0.0,100.0
7100,60045.76950655915,0.0,-600457.6950655915,0.0,10.0,0.0,-0.0,0.1,0.257222858,25.7222858,0.0,0.0,100.0,1.0,0.11,-11.0,-234.3309026650961,234.3309026650961,0.0,-234.3309026650961,234.3309026650961,0.0,-59677.10770122895,59677.10770122895,0.0,0.0,0.0,0.0,0.0,0.0,0.0,0.0,0.0,-600468.6950655915,-600468.6950655915,60145.76950655915,60145.76950655915,60045.76950655915,0.0,100.0,0.0,0.0,60145.76950655915,60145.76950655915,1,0.0,100.0
7101,21489.217693543345,0.0,-214892.17693543347,0.0,10.0,0.0,-0.0,0.1,0.268223621,26.822362100000003,0.0,0.0,100.0,1.0,0.11,-11.0,-233.6071438817797,233.6071438817797,0.0,-233.6071438817797,233.6071438817797,0.0,-21122.003405779786,21122.003405779786,0.0,0.0,0.0,0.0,0.0,0.0,0.0,0.0,0.0,-214903.17693543347,-214903.17693543347,21589.217693543345,21589.217693543345,21489.217693543345,0.0,100.0,0.0,0.0,21589.217693543345,21589.217693543345,1,0.0,100.0
7102,18510.508628970452,0.0,-185105.08628970452,0.0,10.0,0.0,-0.0,0.1,0.27112836,27.112836,0.0,0.0,100.0,1.0,0.11,-11.0,-236.54179008237523,236.54179008237523,0.0,-236.54179008237523,236.54179008237523,0.0,-18137.4250488057,18137.4250488057,0.0,0.0,0.0,0.0,0.0,0.0,0.0,0.0,0.0,-185116.08628970452,-185116.08628970452,18610.508628970452,18610.508628970452,18510.508628970452,0.0,100.0,0.0,0.0,18610.508628970452,18610.508628970452,1,0.0,100.0
7103,17765.53750592714,0.0,-177655.3750592714,0.0,10.0,0.0,-0.0,0.1,0.257406153,25.7406153,0.0,0.0,100.0,1.0,0.11,-11.0,-233.531410807466,233.531410807466,0.0,-233.531410807466,233.531410807466,0.0,-17398.47468431221,17398.47468431221,0.0,0.0,0.0,0.0,0.0,0.0,0.0,0.0,0.0,-177666.3750592714,-177666.3750592714,17865.53750592714,17865.53750592714,17765.53750592714,0.0,100.0,0.0,0.0,17865.53750592714,17865.53750592714,1,0.0,100.0
7104,17765.448191843494,0.0,-177654.48191843493,0.0,10.0,0.0,-0.0,0.1,0.2549343069999999,25.49343069999999,0.0,0.0,100.0,1.0,0.08,-8.0,-233.48666307609665,233.48666307609665,0.0,-233.48666307609665,233.48666307609665,0.0,-17398.4748656913,17398.4748656913,0.0,0.0,0.0,0.0,0.0,0.0,0.0,0.0,0.0,-177662.48191843493,-177662.48191843493,17865.448191843494,17865.448191843494,17765.448191843494,0.0,100.0,0.0,0.0,17865.448191843494,17865.448191843494,1,0.0,100.0
7105,17765.450444249338,0.0,-177654.50444249337,0.0,10.0,0.0,-0.0,0.1,0.265359245,26.535924500000004,0.0,0.0,100.0,1.0,0.08,-8.0,-233.48779230200245,233.48779230200245,0.0,-233.48779230200245,233.48779230200245,0.0,-17398.474859645332,17398.474859645332,0.0,0.0,0.0,0.0,0.0,0.0,0.0,0.0,0.0,-177662.50444249337,-177662.50444249337,17865.450444249338,17865.450444249338,17765.450444249338,0.0,100.0,0.0,0.0,17865.450444249338,17865.450444249338,1,0.0,100.0
7106,17765.446875731453,0.0,-177654.46875731455,0.0,10.0,0.0,-0.0,0.1,0.272031223,27.2031223,0.0,0.0,100.0,1.0,0.08,-8.0,-233.4860080430614,233.4860080430614,0.0,-233.4860080430614,233.4860080430614,0.0,-17398.474859645332,17398.474859645332,0.0,0.0,0.0,0.0,0.0,0.0,0.0,0.0,0.0,-177662.46875731455,-177662.46875731455,17865.446875731453,17865.446875731453,17765.446875731453,0.0,100.0,0.0,0.0,17865.446875731453,17865.446875731453,1,0.0,100.0
7107,18515.273709019668,0.0,-185152.7370901967,0.0,10.0,0.0,-0.0,0.1,0.279542797,27.9542797,0.0,0.0,100.0,1.0,0.08,-8.0,-238.92423941744005,238.92423941744005,0.0,-238.92423941744005,238.92423941744005,0.0,-18137.42523018479,18137.42523018479,0.0,0.0,0.0,0.0,0.0,0.0,0.0,0.0,0.0,-185160.7370901967,-185160.7370901967,18615.273709019668,18615.273709019668,18515.273709019668,0.0,100.0,0.0,0.0,18615.273709019668,18615.273709019668,1,0.0,100.0
7108,21498.309468365736,0.0,-214983.09468365737,0.0,10.0,0.0,-0.0,0.1,0.259891506,25.9891506,0.0,0.0,100.0,1.0,0.08,-8.0,-238.11063997671616,238.11063997671616,0.0,-238.11063997671616,238.11063997671616,0.0,-21122.088188412305,21122.088188412305,0.0,0.0,0.0,0.0,0.0,0.0,0.0,0.0,0.0,-214991.09468365737,-214991.09468365737,21598.309468365736,21598.309468365736,21498.309468365736,0.0,100.0,0.0,0.0,21598.309468365736,21598.309468365736,1,0.0,100.0
7109,26601.062672390344,0.0,-266010.62672390346,0.0,10.0,0.0,-0.0,0.1,0.242539216,24.2539216,0.0,0.0,100.0,1.0,0.11,-11.0,-415.7494813678226,415.7494813678226,0.0,-415.7494813678226,415.7494813678226,0.0,-25869.5637096547,25869.5637096547,0.0,0.0,0.0,0.0,0.0,0.0,0.0,0.0,0.0,-266021.62672390346,-266021.62672390346,26701.062672390344,26701.062672390344,26601.062672390344,0.0,100.0,0.0,0.0,26701.062672390344,26701.062672390344,1,0.0,100.0
7110,31442.503381348746,0.0,-314425.03381348745,0.0,10.0,0.0,-0.0,0.1,0.220846874,22.0846874,0.0,0.0,100.0,1.0,0.11,-11.0,-664.363176015613,664.363176015613,0.0,-664.363176015613,664.363176015613,0.0,-30737.30087697377,30737.30087697377,0.0,0.0,523.5238476562499,523.5238476562499,0.0,0.0,0.0,0.0,0.0,-314436.03381348745,-314436.03381348745,32066.027229004998,32066.027229004998,31966.027229004998,0.0,100.0,0.0,0.0,32066.027229004998,31542.503381348746,1,0.0,100.0
7111,56898.45137562044,0.0,-568984.5137562044,0.0,10.0,0.0,-0.0,0.1,0.215381823,21.5381823,0.0,0.0,100.0,1.0,0.11,-11.0,-915.4785111568682,915.4785111568682,0.0,-915.4785111568682,915.4785111568682,0.0,-63360.23867424406,63360.23867424406,0.0,0.0,6506.65353515625,6506.65353515625,0.0,0.0,1686.0907857811042,1686.0907857811042,0.0,-568995.5137562044,-568995.5137562044,65191.19569655779,65191.19569655779,65091.19569655779,0.0,100.0,0.0,0.0,65191.19569655779,56998.45137562044,1,0.0,100.0
7112,46723.587198930334,0.0,-467235.8719893033,0.0,10.0,0.0,-0.0,0.1,0.217543766,21.7543766,0.0,0.0,100.0,1.0,0.11,-11.0,-941.0868483781438,941.0868483781438,0.0,-941.0868483781438,941.0868483781438,0.0,-61156.1960944496,61156.1960944496,0.0,0.0,12676.756025390623,12676.756025390623,0.0,0.0,3538.02656688494,3538.02656688494,0.0,-467246.8719893033,-467246.8719893033,63038.3697912059,63038.36979120589,62938.3697912059,0.0,100.0,0.0,0.0,63038.36979120589,46823.58719893033,1,0.0,100.0
7113,38530.24504366977,0.0,-385302.4504366977,0.0,10.0,0.0,-0.0,0.1,0.239009548,23.900954799999997,0.0,0.0,100.0,1.0,0.11,-11.0,-992.1436474788834,992.1436474788834,0.0,-992.1436474788834,992.1436474788834,0.0,-58334.99258254108,58334.99258254108,0.0,0.0,17874.59994140625,17874.59994140625,0.0,0.0,3814.4348924228257,3814.4348924228257,0.0,-385313.4504366977,-385313.4504366977,60319.27987749885,60319.27987749885,60219.27987749885,0.0,100.0,0.0,0.0,60319.27987749885,38630.24504366977,1,0.0,100.0
7114,32785.51251959859,0.0,-327855.1251959859,0.0,10.0,0.0,-0.0,0.1,0.2672436689999999,26.72436689999999,0.0,0.0,100.0,1.0,0.11,-11.0,-1068.636573921338,1068.636573921338,0.0,-1068.636573921338,1068.636573921338,0.0,-58490.55329598416,58490.55329598416,0.0,0.0,19146.015,19146.015,0.0,0.0,8596.298924228251,8596.298924228251,0.0,-327866.1251959859,-327866.1251959859,60627.82644382684,60627.82644382684,60527.82644382684,0.0,100.0,0.0,0.0,60627.82644382684,32885.51251959859,1,0.0,100.0
7115,26247.456199616237,0.0,-262474.5619961624,0.0,10.0,0.0,-0.0,0.1,0.283790205,28.379020500000003,0.0,0.0,100.0,1.0,0.11,-11.0,-1099.892118934286,1099.892118934286,0.0,-1099.892118934286,1099.892118934286,0.0,-55553.03246814419,55553.03246814419,0.0,0.0,22698.49825195313,22698.49825195313,0.0,0.0,8706.862254443406,8706.862254443406,0.0,-262485.5619961624,-262485.5619961624,57752.816706012774,57752.81670601277,57652.816706012774,0.0,100.0,0.0,0.0,57752.81670601277,26347.45619961623,1,0.0,100.0
7116,26637.911439872692,0.0,-266379.1143987269,0.0,10.0,0.0,-0.0,0.1,0.287930056,28.7930056,0.0,0.0,100.0,1.0,0.11,-11.0,-1086.891186433479,1086.891186433479,0.0,-1086.891186433479,1086.891186433479,0.0,-64554.44603765222,64554.44603765222,0.0,0.0,21913.21248046875,21913.21248046875,0.0,0.0,18077.10449017774,18077.10449017774,0.0,-266390.1143987269,-266390.1143987269,66728.22841051918,66728.22841051918,66628.22841051918,0.0,100.0,0.0,0.0,66728.22841051918,26737.911439872696,1,0.0,100.0
7117,36720.49982634461,0.0,-367204.9982634461,0.0,10.0,0.0,-0.0,0.1,0.30205689,30.205689000000003,0.0,0.0,100.0,1.0,0.11,-11.0,-1088.0432939340296,1088.0432939340296,0.0,-1088.0432939340296,1088.0432939340296,0.0,-67454.84810636198,67454.84810636198,0.0,0.0,17276.28697265625,17276.28697265625,0.0,0.0,15534.147895229187,15534.147895229187,0.0,-367215.9982634461,-367215.9982634461,69630.93469423005,69630.93469423005,69530.93469423005,0.0,100.0,0.0,0.0,69630.93469423005,36820.49982634461,1,0.0,100.0
7118,41839.93072340125,0.0,-418399.3072340125,0.0,10.0,0.0,-0.0,0.1,0.282024373,28.2024373,0.0,0.0,100.0,1.0,0.08,-8.0,-1077.982930044608,1077.982930044608,0.0,-1077.982930044608,1077.982930044608,0.0,-67453.33135395385,67453.33135395385,0.0,0.0,14733.45685546875,14733.45685546875,0.0,0.0,12935.90963517306,12935.90963517306,0.0,-418407.3072340125,-418407.3072340125,69609.29721404306,69609.29721404306,69509.29721404306,0.0,100.0,0.0,0.0,69609.29721404306,41939.93072340125,1,0.0,100.0
7119,55905.07749555132,0.0,-559050.7749555132,0.0,10.0,0.0,-0.0,0.1,0.272699138,27.2699138,0.0,0.0,100.0,1.0,0.08,-8.0,-1023.17943236045,1023.17943236045,0.0,-1023.17943236045,1023.17943236045,0.0,-68268.15708384215,68268.15708384215,0.0,0.0,7703.27947265625,7703.27947265625,0.0,0.0,6606.158980355473,6606.158980355473,0.0,-559058.7749555132,-559058.7749555132,70314.51594856304,70314.51594856304,70214.51594856304,0.0,100.0,0.0,0.0,70314.51594856304,56005.07749555132,1,0.0,100.0
7120,52279.855099177184,0.0,-522798.55099177186,0.0,10.0,0.0,-0.0,0.1,0.264536468,26.4536468,0.0,0.0,100.0,1.0,0.08,-8.0,-760.9784934475888,760.9784934475888,0.0,-760.9784934475888,760.9784934475888,0.0,-56198.996961984565,56198.996961984565,0.0,0.0,1720.14978515625,1720.14978515625,0.0,0.0,3620.9490645463056,3620.9490645463056,0.0,-522806.55099177186,-522806.55099177186,57720.95394887974,57720.953948879745,57620.95394887974,0.0,100.0,0.0,0.0,57720.953948879745,52379.85509917719,1,0.0,100.0
7121,46762.47973225838,0.0,-467624.79732258385,0.0,10.0,0.0,-0.0,0.1,0.259397476,25.9397476,0.0,0.0,100.0,1.0,0.11,-11.0,-748.2767836356793,748.2767836356793,0.0,-748.2767836356793,748.2767836356793,0.0,-45365.926164987024,45365.926164987024,0.0,0.0,0.0,0.0,0.0,0.0,0.0,0.0,0.0,-467635.79732258385,-467635.79732258385,46862.47973225838,46862.47973225838,46762.47973225838,0.0,100.0,0.0,0.0,46862.47973225838,46862.47973225838,1,0.0,100.0
7122,45290.613036611096,0.0,-452906.13036611094,0.0,10.0,0.0,-0.0,0.1,0.260258058,26.0258058,0.0,0.0,100.0,1.0,0.11,-11.0,-750.8469759409345,750.8469759409345,0.0,-750.8469759409345,750.8469759409345,0.0,-43888.91908472923,43888.91908472923,0.0,0.0,0.0,0.0,0.0,0.0,0.0,0.0,0.0,-452917.13036611094,-452917.13036611094,45390.613036611096,45390.613036611096,45290.613036611096,0.0,100.0,0.0,0.0,45390.613036611096,45390.613036611096,1,0.0,100.0
7123,36195.12596088498,0.0,-361951.25960884977,0.0,10.0,0.0,-0.0,0.1,0.263630991,26.3630991,0.0,0.0,100.0,1.0,0.11,-11.0,-721.9538210636073,721.9538210636073,0.0,-721.9538210636073,721.9538210636073,0.0,-34851.21831875777,34851.21831875777,0.0,0.0,0.0,0.0,0.0,0.0,0.0,0.0,0.0,-361962.25960884977,-361962.25960884977,36295.12596088498,36295.12596088498,36195.12596088498,0.0,100.0,0.0,0.0,36295.12596088498,36295.12596088498,1,0.0,100.0
7124,33741.10497500276,0.0,-337411.0497500276,0.0,10.0,0.0,-0.0,0.1,0.2745828,27.458280000000002,0.0,0.0,100.0,1.0,0.11,-11.0,-233.4469135961652,233.4469135961652,0.0,-233.4469135961652,233.4469135961652,0.0,-33374.21114781043,33374.21114781043,0.0,0.0,0.0,0.0,0.0,0.0,0.0,0.0,0.0,-337422.0497500276,-337422.0497500276,33841.10497500276,33841.10497500276,33741.10497500276,0.0,100.0,0.0,0.0,33841.10497500276,33841.10497500276,1,0.0,100.0
7125,21489.08854112892,0.0,-214890.8854112892,0.0,10.0,0.0,-0.0,0.1,0.286690951,28.669095100000003,0.0,0.0,100.0,1.0,0.11,-11.0,-233.54248000800533,233.54248000800533,0.0,-233.54248000800533,233.54248000800533,0.0,-21122.00358111291,21122.00358111291,0.0,0.0,0.0,0.0,0.0,0.0,0.0,0.0,0.0,-214901.8854112892,-214901.8854112892,21589.08854112892,21589.08854112892,21489.08854112892,0.0,100.0,0.0,0.0,21589.08854112892,21589.08854112892,1,0.0,100.0
7126,18510.372317030135,0.0,-185103.72317030135,0.0,10.0,0.0,-0.0,0.1,0.3018650519999999,30.186505199999992,0.0,0.0,100.0,1.0,0.11,-11.0,-236.4735434226724,236.4735434226724,0.0,-236.4735434226724,236.4735434226724,0.0,-18137.42523018479,18137.42523018479,0.0,0.0,0.0,0.0,0.0,0.0,0.0,0.0,0.0,-185114.72317030135,-185114.72317030135,18610.372317030135,18610.372317030135,18510.372317030135,0.0,100.0,0.0,0.0,18610.372317030135,18610.372317030135,1,0.0,100.0
7127,17765.40621541861,0.0,-177654.0621541861,0.0,10.0,0.0,-0.0,0.1,0.2976652369999999,29.766523699999993,0.0,0.0,100.0,1.0,0.11,-11.0,-233.46567486365456,233.46567486365456,0.0,-233.46567486365456,233.46567486365456,0.0,-17398.4748656913,17398.4748656913,0.0,0.0,0.0,0.0,0.0,0.0,0.0,0.0,0.0,-177665.0621541861,-177665.0621541861,17865.40621541861,17865.40621541861,17765.40621541861,0.0,100.0,0.0,0.0,17865.40621541861,17865.40621541861,1,0.0,100.0
7128,17765.171126839716,0.0,-177651.71126839716,0.0,10.0,0.0,-0.0,0.1,0.285395386,28.539538599999997,0.0,0.0,100.0,1.0,0.08,-8.0,-233.34803988466325,233.34803988466325,0.0,-233.34803988466325,233.34803988466325,0.0,-17398.475047070388,17398.475047070388,0.0,0.0,0.0,0.0,0.0,0.0,0.0,0.0,0.0,-177659.71126839716,-177659.71126839716,17865.171126839716,17865.171126839716,17765.171126839716,0.0,100.0,0.0,0.0,17865.171126839716,17865.171126839716,1,0.0,100.0
7129,17765.03854185636,0.0,-177650.38541856362,0.0,10.0,0.0,-0.0,0.1,0.292007691,29.200769100000002,0.0,0.0,100.0,1.0,0.08,-8.0,-233.2817504159701,233.2817504159701,0.0,-233.2817504159701,233.2817504159701,0.0,-17398.47504102442,17398.47504102442,0.0,0.0,0.0,0.0,0.0,0.0,0.0,0.0,0.0,-177658.38541856362,-177658.38541856362,17865.03854185636,17865.03854185636,17765.03854185636,0.0,100.0,0.0,0.0,17865.03854185636,17865.03854185636,1,0.0,100.0
7130,17764.993962287095,0.0,-177649.93962287094,0.0,10.0,0.0,-0.0,0.1,0.293710575,29.3710575,0.0,0.0,100.0,1.0,0.08,-8.0,-233.2594606313384,233.2594606313384,0.0,-233.2594606313384,233.2594606313384,0.0,-17398.47504102442,17398.47504102442,0.0,0.0,0.0,0.0,0.0,0.0,0.0,0.0,0.0,-177657.93962287094,-177657.93962287094,17864.993962287095,17864.993962287095,17764.993962287095,0.0,100.0,0.0,0.0,17864.993962287095,17864.993962287095,1,0.0,100.0
7131,18506.0523251398,0.0,-185060.523251398,0.0,10.0,0.0,-0.0,0.1,0.296075172,29.6075172,0.0,0.0,100.0,1.0,0.08,-8.0,-234.31345376497515,234.31345376497515,0.0,-234.31345376497515,234.31345376497515,0.0,-18137.42541760985,18137.42541760985,0.0,0.0,0.0,0.0,0.0,0.0,0.0,0.0,0.0,-185068.523251398,-185068.523251398,18606.0523251398,18606.0523251398,18506.0523251398,0.0,100.0,0.0,0.0,18606.0523251398,18606.0523251398,1,0.0,100.0
7132,21490.582916251085,0.0,-214905.82916251087,0.0,10.0,0.0,-0.0,0.1,0.267127242,26.7127242,0.0,0.0,100.0,1.0,0.08,-8.0,-234.2472188161188,234.2472188161188,0.0,-234.2472188161188,234.2472188161188,0.0,-21122.088478618847,21122.088478618847,0.0,0.0,0.0,0.0,0.0,0.0,0.0,0.0,0.0,-214913.82916251087,-214913.82916251087,21590.582916251085,21590.582916251085,21490.582916251085,0.0,100.0,0.0,0.0,21590.582916251085,21590.582916251085,1,0.0,100.0
7133,26664.999433882265,0.0,-266649.99433882267,0.0,10.0,0.0,-0.0,0.1,0.2550307189999999,25.50307189999999,0.0,0.0,100.0,1.0,0.11,-11.0,-363.4582271347367,363.4582271347367,0.0,-363.4582271347367,363.4582271347367,0.0,-26038.08297961279,26038.08297961279,0.0,0.0,0.0,0.0,0.0,0.0,0.0,0.0,0.0,-266660.99433882267,-266660.99433882267,26764.999433882265,26764.999433882265,26664.999433882265,0.0,100.0,0.0,0.0,26764.999433882265,26764.999433882265,1,0.0,100.0
7134,31428.323902288565,0.0,-314283.2390228856,0.0,10.0,0.0,-0.0,0.1,0.238854878,23.8854878,0.0,0.0,100.0,1.0,0.11,-11.0,-616.5689493896285,616.5689493896285,0.0,-616.5689493896285,616.5689493896285,0.0,-30743.920730071808,30743.920730071808,0.0,0.0,448.7347265625,448.7347265625,0.0,0.0,0.0,0.0,0.0,-314294.2390228856,-314294.2390228856,31977.058628851064,31977.058628851064,31877.058628851064,0.0,100.0,0.0,0.0,31977.058628851064,31528.323902288565,1,0.0,100.0
7135,54938.211496352145,0.0,-549382.1149635215,0.0,10.0,0.0,-0.0,0.1,0.225414421,22.5414421,0.0,0.0,100.0,1.0,0.11,-11.0,-825.9474485966603,825.9474485966603,0.0,-825.9474485966603,825.9474485966603,0.0,-63362.72060524841,63362.72060524841,0.0,0.0,6244.891611328125,6244.891611328125,0.0,0.0,3731.51239476146,3731.51239476146,0.0,-549393.1149635215,-549393.1149635215,65014.61550244173,65014.61550244173,64914.61550244173,0.0,100.0,0.0,0.0,65014.61550244173,55038.211496352145,1,0.0,100.0
7136,41615.461097894186,0.0,-416154.61097894184,0.0,10.0,0.0,-0.0,0.1,0.226627553,22.6627553,0.0,0.0,100.0,1.0,0.11,-11.0,-852.835758444842,852.835758444842,0.0,-852.835758444842,852.835758444842,0.0,-61151.15339299658,61151.15339299658,0.0,0.0,12489.78322265625,12489.78322265625,0.0,0.0,8651.580589335828,8651.580589335828,0.0,-416165.61097894184,-416165.61097894184,62856.824909886265,62856.824909886265,62756.824909886265,0.0,100.0,0.0,0.0,62856.824909886265,41715.461097894186,1,0.0,100.0
7137,29256.077466444596,0.0,-292560.77466444595,0.0,10.0,0.0,-0.0,0.1,0.236095025,23.609502499999998,0.0,0.0,100.0,1.0,0.11,-11.0,-905.5823005126448,905.5823005126448,0.0,-905.5823005126448,905.5823005126448,0.0,-58300.10915745078,58300.10915745078,0.0,0.0,18510.307470703123,18510.307470703123,0.0,0.0,12244.888821328346,12244.888821328346,0.0,-292571.77466444595,-292571.77466444595,60111.27375847606,60111.27375847607,60011.27375847606,0.0,100.0,0.0,0.0,60111.27375847607,29356.0774664446,1,0.0,100.0
7138,22399.334303487125,0.0,-223993.34303487124,0.0,10.0,0.0,-0.0,0.1,0.256595619,25.6595619,0.0,0.0,100.0,1.0,0.11,-11.0,-1004.2593489631038,1004.2593489631038,0.0,-1004.2593489631038,1004.2593489631038,0.0,-58430.818293510376,58430.818293510376,0.0,0.0,22212.36896484375,22212.36896484375,0.0,0.0,15727.633723105708,15727.633723105708,0.0,-224004.34303487124,-224004.34303487124,60439.336991436576,60439.33699143658,60339.336991436576,0.0,100.0,0.0,0.0,60439.33699143658,22499.33430348713,1,0.0,100.0
7139,32706.073007295974,0.0,-327060.73007295973,0.0,10.0,0.0,-0.0,0.1,0.283948468,28.3948468,0.0,0.0,100.0,1.0,0.11,-11.0,-1092.253502763651,1092.253502763651,0.0,-1092.253502763651,1092.253502763651,0.0,-55473.567356632666,55473.567356632666,0.0,0.0,7217.150185546875,7217.150185546875,0.0,0.0,17634.85116931712,17634.85116931712,0.0,-327071.73007295973,-327071.73007295973,57658.07436215997,57658.07436215997,57558.07436215997,0.0,100.0,0.0,0.0,57658.07436215997,32806.07300729597,1,0.0,100.0
7140,45795.341306671035,0.0,-457953.41306671035,0.0,10.0,0.0,-0.0,0.1,0.278044362,27.804436199999998,0.0,0.0,100.0,1.0,0.11,-11.0,-1121.6319745666442,1121.6319745666442,0.0,-1121.6319745666442,1121.6319745666442,0.0,-65990.44654031297,65990.44654031297,0.0,0.0,6057.918808593749,6057.918808593749,0.0,0.0,16280.45037418148,16280.45037418148,0.0,-457964.41306671035,-457964.41306671035,68233.71048944627,68233.71048944627,68133.71048944627,0.0,100.0,0.0,0.0,68233.71048944627,45895.341306671035,1,0.0,100.0
7141,41750.044548970895,0.0,-417500.4454897089,0.0,10.0,0.0,-0.0,0.1,0.289874797,28.9874797,0.0,0.0,100.0,1.0,0.11,-11.0,-1145.1006266080192,1145.1006266080192,0.0,-1145.1006266080192,1145.1006266080192,0.0,-71289.10823007212,71289.10823007212,0.0,0.0,15780.50455078125,15780.50455078125,0.0,0.0,15948.760383536017,15948.760383536017,0.0,-417511.4454897089,-417511.4454897089,73579.30948328816,73579.30948328816,73479.30948328816,0.0,100.0,0.0,0.0,73579.30948328816,41850.044548970895,1,0.0,100.0
7142,50244.41327852722,0.0,-502444.1327852722,0.0,10.0,0.0,-0.0,0.1,0.297983654,29.798365399999998,0.0,0.0,100.0,1.0,0.08,-8.0,-1150.5991613571157,1150.5991613571157,0.0,-1150.5991613571157,1150.5991613571157,0.0,-75278.4615021618,75278.4615021618,0.0,0.0,14658.667734375,14658.667734375,0.0,0.0,12576.57881197381,12576.57881197381,0.0,-502452.1327852722,-502452.1327852722,77579.65982487603,77579.65982487603,77479.65982487603,0.0,100.0,0.0,0.0,77579.65982487603,50344.413278527216,1,0.0,100.0
7143,61830.86907008385,0.0,-618308.6907008385,0.0,10.0,0.0,-0.0,0.1,0.282961406,28.2961406,0.0,0.0,100.0,1.0,0.08,-8.0,-1076.6219182619889,1076.6219182619889,0.0,-1076.6219182619889,1076.6219182619889,0.0,-76321.0784497118,76321.0784497118,0.0,0.0,8002.43595703125,8002.43595703125,0.0,0.0,8541.017259120676,8541.017259120676,0.0,-618316.6907008385,-618316.6907008385,78474.32228623578,78474.32228623578,78374.32228623578,0.0,100.0,0.0,0.0,78474.32228623578,61930.869070083856,1,0.0,100.0
7144,63385.30347200263,0.0,-633853.0347200263,0.0,10.0,0.0,-0.0,0.1,0.273875922,27.3875922,0.0,0.0,100.0,1.0,0.08,-8.0,-798.3805479553499,798.3805479553499,0.0,-798.3805479553499,798.3805479553499,0.0,-66353.26796064086,66353.26796064086,0.0,0.0,1645.3606640624998,1645.3606640624998,0.0,0.0,2819.3649204864364,2819.3649204864364,0.0,-633861.0347200263,-633861.0347200263,67950.02905655158,67950.02905655156,67850.02905655158,0.0,100.0,0.0,0.0,67950.02905655156,63485.303472002626,1,0.0,100.0
7145,51218.57828516481,0.0,-512185.7828516481,0.0,10.0,0.0,-0.0,0.1,0.269215112,26.921511199999998,0.0,0.0,100.0,1.0,0.11,-11.0,-747.2370171249947,747.2370171249947,0.0,-747.2370171249947,747.2370171249947,0.0,-49824.104250914825,49824.104250914825,0.0,0.0,0.0,0.0,0.0,0.0,0.0,0.0,0.0,-512196.7828516481,-512196.7828516481,51318.57828516481,51318.57828516481,51218.57828516481,0.0,100.0,0.0,0.0,51318.57828516481,51318.57828516481,1,0.0,100.0
7146,45231.16646687212,0.0,-452311.6646687212,0.0,10.0,0.0,-0.0,0.1,0.282951028,28.2951028,0.0,0.0,100.0,1.0,0.11,-11.0,-721.1454354013199,721.1454354013199,0.0,-721.1454354013199,721.1454354013199,0.0,-43888.87559606948,43888.87559606948,0.0,0.0,0.0,0.0,0.0,0.0,0.0,0.0,0.0,-452322.6646687212,-452322.6646687212,45331.16646687212,45331.16646687212,45231.16646687212,0.0,100.0,0.0,0.0,45331.16646687212,45331.16646687212,1,0.0,100.0
7147,36134.20076474794,0.0,-361342.0076474794,0.0,10.0,0.0,-0.0,0.1,0.281965041,28.196504100000002,0.0,0.0,100.0,1.0,0.11,-11.0,-691.6681220213105,691.6681220213105,0.0,-691.6681220213105,691.6681220213105,0.0,-34850.86452070532,34850.86452070532,0.0,0.0,0.0,0.0,0.0,0.0,0.0,0.0,0.0,-361353.0076474794,-361353.0076474794,36234.20076474794,36234.20076474794,36134.20076474794,0.0,100.0,0.0,0.0,36234.20076474794,36234.20076474794,1,0.0,100.0
7148,33741.57895248971,0.0,-337415.7895248971,0.0,10.0,0.0,-0.0,0.1,0.2900384,29.003839999999997,0.0,0.0,100.0,1.0,0.11,-11.0,-234.0207293552584,234.0207293552584,0.0,-234.0207293552584,234.0207293552584,0.0,-33373.53749377919,33373.53749377919,0.0,0.0,0.0,0.0,0.0,0.0,0.0,0.0,0.0,-337426.7895248971,-337426.7895248971,33841.57895248971,33841.57895248971,33741.57895248971,0.0,100.0,0.0,0.0,33841.57895248971,33841.57895248971,1,0.0,100.0
7149,21488.569048147576,0.0,-214885.69048147576,0.0,10.0,0.0,-0.0,0.1,0.284747683,28.474768299999997,0.0,0.0,100.0,1.0,0.11,-11.0,-233.2826398048041,233.2826398048041,0.0,-233.2826398048041,233.2826398048041,0.0,-21122.00376853797,21122.00376853797,0.0,0.0,0.0,0.0,0.0,0.0,0.0,0.0,0.0,-214896.69048147576,-214896.69048147576,21588.569048147576,21588.569048147576,21488.569048147576,0.0,100.0,0.0,0.0,21588.569048147576,21588.569048147576,1,0.0,100.0
7150,18509.76719708873,0.0,-185097.6719708873,0.0,10.0,0.0,-0.0,0.1,0.285354416,28.5354416,0.0,0.0,100.0,1.0,0.11,-11.0,-236.17089276242527,236.17089276242527,0.0,-236.17089276242527,236.17089276242527,0.0,-18137.42541156388,18137.42541156388,0.0,0.0,0.0,0.0,0.0,0.0,0.0,0.0,0.0,-185108.6719708873,-185108.6719708873,18609.76719708873,18609.76719708873,18509.76719708873,0.0,100.0,0.0,0.0,18609.76719708873,18609.76719708873,1,0.0,100.0
7151,17764.832859244587,0.0,-177648.32859244588,0.0,10.0,0.0,-0.0,0.1,0.27914267,27.914267,0.0,0.0,100.0,1.0,0.11,-11.0,-233.17890608709905,233.17890608709905,0.0,-233.17890608709905,233.17890608709905,0.0,-17398.475047070388,17398.475047070388,0.0,0.0,0.0,0.0,0.0,0.0,0.0,0.0,0.0,-177659.32859244588,-177659.32859244588,17864.832859244587,17864.832859244587,17764.832859244587,0.0,100.0,0.0,0.0,17864.832859244587,17864.832859244587,1,0.0,100.0
7152,17764.720097112204,0.0,-177647.20097112205,0.0,10.0,0.0,-0.0,0.1,0.278136756,27.8136756,0.0,0.0,100.0,1.0,0.08,-8.0,-233.122434331364,233.122434331364,0.0,-233.122434331364,233.122434331364,0.0,-17398.475228449475,17398.475228449475,0.0,0.0,0.0,0.0,0.0,0.0,0.0,0.0,0.0,-177655.20097112205,-177655.20097112205,17864.720097112204,17864.720097112204,17764.720097112204,0.0,100.0,0.0,0.0,17864.720097112204,17864.720097112204,1,0.0,100.0
7153,17764.58402765001,0.0,-177645.8402765001,0.0,10.0,0.0,-0.0,0.1,0.280415494,28.041549399999997,0.0,0.0,100.0,1.0,0.08,-8.0,-233.0543996002669,233.0543996002669,0.0,-233.0543996002669,233.0543996002669,0.0,-17398.475228449475,17398.475228449475,0.0,0.0,0.0,0.0,0.0,0.0,0.0,0.0,0.0,-177653.8402765001,-177653.8402765001,17864.58402765001,17864.58402765001,17764.58402765001,0.0,100.0,0.0,0.0,17864.58402765001,17864.58402765001,1,0.0,100.0
7154,17764.45901579818,0.0,-177644.5901579818,0.0,10.0,0.0,-0.0,0.1,0.287981351,28.7981351,0.0,0.0,100.0,1.0,0.08,-8.0,-232.9918936743533,232.9918936743533,0.0,-232.9918936743533,232.9918936743533,0.0,-17398.475228449475,17398.475228449475,0.0,0.0,0.0,0.0,0.0,0.0,0.0,0.0,0.0,-177652.5901579818,-177652.5901579818,17864.45901579818,17864.45901579818,17764.45901579818,0.0,100.0,0.0,0.0,17864.45901579818,17864.45901579818,1,0.0,100.0
7155,18505.21589817965,0.0,-185052.1589817965,0.0,10.0,0.0,-0.0,0.1,0.290702585,29.0702585,0.0,0.0,100.0,1.0,0.08,-8.0,-233.8951465723697,233.8951465723697,0.0,-233.8951465723697,233.8951465723697,0.0,-18137.42560503491,18137.42560503491,0.0,0.0,0.0,0.0,0.0,0.0,0.0,0.0,0.0,-185060.1589817965,-185060.1589817965,18605.21589817965,18605.21589817965,18505.21589817965,0.0,100.0,0.0,0.0,18605.21589817965,18605.21589817965,1,0.0,100.0
7156,21489.76641095344,0.0,-214897.6641095344,0.0,10.0,0.0,-0.0,0.1,0.279509277,27.9509277,0.0,0.0,100.0,1.0,0.08,-8.0,-233.83881804104087,233.83881804104087,0.0,-233.83881804104087,233.83881804104087,0.0,-21122.08877487136,21122.08877487136,0.0,0.0,0.0,0.0,0.0,0.0,0.0,0.0,0.0,-214905.6641095344,-214905.6641095344,21589.76641095344,21589.76641095344,21489.76641095344,0.0,100.0,0.0,0.0,21589.76641095344,21589.76641095344,1,0.0,100.0
7157,26383.72061386378,0.0,-263837.2061386378,0.0,10.0,0.0,-0.0,0.1,0.26595484,26.595484000000003,0.0,0.0,100.0,1.0,0.11,-11.0,-294.58308639397785,294.58308639397785,0.0,-294.58308639397785,294.58308639397785,0.0,-25894.554441075827,25894.554441075827,0.0,0.0,0.0,0.0,0.0,0.0,0.0,0.0,0.0,-263848.2061386378,-263848.2061386378,26483.72061386378,26483.72061386378,26383.72061386378,0.0,100.0,0.0,0.0,26483.72061386378,26483.72061386378,1,0.0,100.0
7158,31429.045110172818,0.0,-314290.4511017282,0.0,10.0,0.0,-0.0,0.1,0.246972964,24.6972964,0.0,0.0,100.0,1.0,0.11,-11.0,-544.6241740102578,544.6241740102578,0.0,-544.6241740102578,544.6241740102578,0.0,-30738.9532465273,30738.9532465273,0.0,0.0,299.156484375,299.156484375,0.0,0.0,0.0,0.0,0.0,-314301.4511017282,-314301.4511017282,31828.201594547816,31828.201594547816,31728.201594547816,0.0,100.0,0.0,0.0,31828.201594547816,31529.045110172818,1,0.0,100.0
7159,56682.89108028233,0.0,-566828.9108028233,0.0,10.0,0.0,-0.0,0.1,0.243311868,24.331186799999998,0.0,0.0,100.0,1.0,0.11,-11.0,-743.5736138059616,743.5736138059616,0.0,-743.5736138059616,743.5736138059616,0.0,-64125.91091265089,64125.91091265089,0.0,0.0,5347.422158203125,5347.422158203125,0.0,0.0,3482.7449017773624,3482.7449017773624,0.0,-566839.9108028233,-566839.9108028233,65613.05814026282,65613.05814026282,65513.058140262816,0.0,100.0,0.0,0.0,65613.05814026282,56782.89108028233,1,0.0,100.0
7160,43300.076471493354,0.0,-433000.7647149335,0.0,10.0,0.0,-0.0,0.1,0.236210919,23.6210919,0.0,0.0,100.0,1.0,0.11,-11.0,-814.5575082340447,814.5575082340447,0.0,-814.5575082340447,814.5575082340447,0.0,-61145.02719332113,61145.02719332113,0.0,0.0,10694.84431640625,10694.84431640625,0.0,0.0,8679.221421889617,8679.221421889617,0.0,-433011.7647149335,-433011.7647149335,62774.14220978922,62774.14220978922,62674.14220978922,0.0,100.0,0.0,0.0,62774.14220978922,43400.076471493354,1,0.0,100.0
7161,29156.193454191638,0.0,-291561.93454191636,0.0,10.0,0.0,-0.0,0.1,0.237291482,23.7291482,0.0,0.0,100.0,1.0,0.11,-11.0,-955.929026648039,955.929026648039,0.0,-955.929026648039,955.929026648039,0.0,-58188.96721573054,58188.96721573054,0.0,0.0,18323.33466796875,18323.33466796875,0.0,0.0,12521.297146866233,12521.297146866233,0.0,-291572.93454191636,-291572.93454191636,60100.82526902662,60100.825269026616,60000.82526902662,0.0,100.0,0.0,0.0,60100.825269026616,29256.193454191634,1,0.0,100.0
7162,23014.226716017693,0.0,-230142.26716017694,0.0,10.0,0.0,-0.0,0.1,0.242674578,24.2674578,0.0,0.0,100.0,1.0,0.11,-11.0,-1096.131512980682,1096.131512980682,0.0,-1096.131512980682,1096.131512980682,0.0,-58188.83266872178,58188.83266872178,0.0,0.0,22174.97440429688,22174.97440429688,0.0,0.0,15091.89457436857,15091.89457436857,0.0,-230153.26716017694,-230153.26716017694,60381.09569468314,60381.09569468314,60281.09569468314,0.0,100.0,0.0,0.0,60381.09569468314,23114.226716017693,1,0.0,100.0
7163,17455.184067797643,0.0,-174551.84067797643,0.0,10.0,0.0,-0.0,0.1,0.25815371,25.815371,0.0,0.0,100.0,1.0,0.11,-11.0,-1163.5504230647905,1163.5504230647905,0.0,-1163.5504230647905,1163.5504230647905,0.0,-55176.08133861075,55176.08133861075,0.0,0.0,22810.68193359375,22810.68193359375,0.0,0.0,17137.31618334893,17137.31618334893,0.0,-174562.84067797643,-174562.84067797643,57503.18218474032,57503.182184740326,57403.18218474032,0.0,100.0,0.0,0.0,57503.182184740326,17555.18406779765,1,0.0,100.0
7164,22175.46240086429,0.0,-221754.6240086429,0.0,10.0,0.0,-0.0,0.1,0.275898845,27.5898845,0.0,0.0,100.0,1.0,0.11,-11.0,-1179.4279782244353,1179.4279782244353,0.0,-1179.4279782244353,1179.4279782244353,0.0,-58188.26750357008,58188.26750357008,0.0,0.0,22848.076494140623,22848.076494140623,0.0,0.0,15423.584565014036,15423.584565014036,0.0,-221765.6240086429,-221765.6240086429,60547.12346001895,60547.12346001895,60447.12346001895,0.0,100.0,0.0,0.0,60547.12346001895,22275.462400864286,1,0.0,100.0
7165,25777.006455511877,0.0,-257770.06455511876,0.0,10.0,0.0,-0.0,0.1,0.288323067,28.8323067,0.0,0.0,100.0,1.0,0.11,-11.0,-1206.9887268691202,1206.9887268691202,0.0,-1206.9887268691202,1206.9887268691202,0.0,-58187.09948269184,58187.09948269184,0.0,0.0,18996.4367578125,18996.4367578125,0.0,0.0,15727.633723105708,15727.633723105708,0.0,-257781.06455511876,-257781.06455511876,60601.07693643008,60601.07693643008,60501.07693643008,0.0,100.0,0.0,0.0,60601.07693643008,25877.006455511873,1,0.0,100.0
7166,37020.104478879075,0.0,-370201.04478879075,0.0,10.0,0.0,-0.0,0.1,0.273446639,27.3446639,0.0,0.0,100.0,1.0,0.08,-8.0,-1224.7338169869977,1224.7338169869977,0.0,-1224.7338169869977,1224.7338169869977,0.0,-58194.03654967991,58194.03654967991,0.0,0.0,11554.919208984376,11554.919208984376,0.0,0.0,11968.48049579046,11968.48049579046,0.0,-370209.04478879075,-370209.04478879075,60643.50418365391,60643.50418365391,60543.50418365391,0.0,100.0,0.0,0.0,60643.50418365391,37120.104478879075,1,0.0,100.0
7167,51421.977347652086,0.0,-514219.77347652084,0.0,10.0,0.0,-0.0,0.1,0.266030555,26.6030555,0.0,0.0,100.0,1.0,0.08,-8.0,-1179.673284853401,1179.673284853401,0.0,-1179.673284853401,1179.673284853401,0.0,-61166.66414677531,61166.66414677531,0.0,0.0,4375.163583984375,4375.163583984375,0.0,0.0,7628.869784845651,7628.869784845651,0.0,-514227.77347652084,-514227.77347652084,63526.01071648211,63526.01071648211,63426.01071648211,0.0,100.0,0.0,0.0,63526.01071648211,51521.97734765208,1,0.0,100.0
7168,56429.78147712505,0.0,-564297.8147712505,0.0,10.0,0.0,-0.0,0.1,0.267682006,26.768200599999997,0.0,0.0,100.0,1.0,0.08,-8.0,-905.513087935496,905.513087935496,0.0,-905.513087935496,905.513087935496,0.0,-55354.46283055093,55354.46283055093,0.0,0.0,635.707529296875,635.707529296875,0.0,0.0,0.0,0.0,0.0,-564305.8147712505,-564305.8147712505,57165.48900642192,57165.48900642192,57065.48900642192,0.0,100.0,0.0,0.0,57165.48900642192,56529.78147712505,1,0.0,100.0
7169,46858.84034054865,0.0,-468588.40340548655,0.0,10.0,0.0,-0.0,0.1,0.27219317,27.219316999999997,0.0,0.0,100.0,1.0,0.11,-11.0,-794.8604711364942,794.8604711364942,0.0,-794.8604711364942,794.8604711364942,0.0,-45369.11939827567,45369.11939827567,0.0,0.0,0.0,0.0,0.0,0.0,0.0,0.0,0.0,-468599.40340548655,-468599.40340548655,46958.84034054865,46958.84034054865,46858.84034054865,0.0,100.0,0.0,0.0,46958.84034054865,46958.84034054865,1,0.0,100.0
7170,45192.74304334378,0.0,-451927.43043343775,0.0,10.0,0.0,-0.0,0.1,0.283343439,28.334343899999997,0.0,0.0,100.0,1.0,0.11,-11.0,-700.2087661719096,700.2087661719096,0.0,-700.2087661719096,700.2087661719096,0.0,-43892.32551099996,43892.32551099996,0.0,0.0,0.0,0.0,0.0,0.0,0.0,0.0,0.0,-451938.43043343775,-451938.43043343775,45292.74304334378,45292.74304334378,45192.74304334378,0.0,100.0,0.0,0.0,45292.74304334378,45292.74304334378,1,0.0,100.0
7171,36038.781511165274,0.0,-360387.8151116527,0.0,10.0,0.0,-0.0,0.1,0.291283035,29.1283035,0.0,0.0,100.0,1.0,0.11,-11.0,-642.0890481588616,642.0890481588616,0.0,-642.0890481588616,642.0890481588616,0.0,-34854.60341484755,34854.60341484755,0.0,0.0,0.0,0.0,0.0,0.0,0.0,0.0,0.0,-360398.8151116527,-360398.8151116527,36138.781511165274,36138.781511165274,36038.781511165274,0.0,100.0,0.0,0.0,36138.781511165274,36138.781511165274,1,0.0,100.0
7172,33744.63159859176,0.0,-337446.3159859176,0.0,10.0,0.0,-0.0,0.1,0.292075501,29.207550100000002,0.0,0.0,100.0,1.0,0.11,-11.0,-233.7858765598029,233.7858765598029,0.0,-233.7858765598029,233.7858765598029,0.0,-33377.059845472155,33377.059845472155,0.0,0.0,0.0,0.0,0.0,0.0,0.0,0.0,0.0,-337457.3159859176,-337457.3159859176,33844.63159859176,33844.63159859176,33744.63159859176,0.0,100.0,0.0,0.0,33844.63159859176,33844.63159859176,1,0.0,100.0
7173,21488.408956185864,0.0,-214884.08956185862,0.0,10.0,0.0,-0.0,0.1,0.290103127,29.0103127,0.0,0.0,100.0,1.0,0.11,-11.0,-233.2025031344021,233.2025031344021,0.0,-233.2025031344021,233.2025031344021,0.0,-21122.00394991706,21122.00394991706,0.0,0.0,0.0,0.0,0.0,0.0,0.0,0.0,0.0,-214895.08956185862,-214895.08956185862,21588.408956185864,21588.408956185864,21488.408956185864,0.0,100.0,0.0,0.0,21588.408956185864,21588.408956185864,1,0.0,100.0
7174,18509.780691454464,0.0,-185097.80691454464,0.0,10.0,0.0,-0.0,0.1,0.294726682,29.4726682,0.0,0.0,100.0,1.0,0.11,-11.0,-236.1775462327607,236.1775462327607,0.0,-236.1775462327607,236.1775462327607,0.0,-18137.425598988943,18137.425598988943,0.0,0.0,0.0,0.0,0.0,0.0,0.0,0.0,0.0,-185108.80691454464,-185108.80691454464,18609.780691454464,18609.780691454464,18509.780691454464,0.0,100.0,0.0,0.0,18609.780691454464,18609.780691454464,1,0.0,100.0
7175,17764.796843364424,0.0,-177647.96843364424,0.0,10.0,0.0,-0.0,0.1,0.285122212,28.5122212,0.0,0.0,100.0,1.0,0.11,-11.0,-233.1608104804565,233.1608104804565,0.0,-233.1608104804565,233.1608104804565,0.0,-17398.47522240351,17398.47522240351,0.0,0.0,0.0,0.0,0.0,0.0,0.0,0.0,0.0,-177658.96843364424,-177658.96843364424,17864.796843364424,17864.796843364424,17764.796843364424,0.0,100.0,0.0,0.0,17864.796843364424,17864.796843364424,1,0.0,100.0
7176,17764.6235741923,0.0,-177646.235741923,0.0,10.0,0.0,-0.0,0.1,0.282238274,28.2238274,0.0,0.0,100.0,1.0,0.08,-8.0,-233.07408218186703,233.07408218186703,0.0,-233.07408218186703,233.07408218186703,0.0,-17398.475409828567,17398.475409828567,0.0,0.0,0.0,0.0,0.0,0.0,0.0,0.0,0.0,-177654.235741923,-177654.235741923,17864.6235741923,17864.6235741923,17764.6235741923,0.0,100.0,0.0,0.0,17864.6235741923,17864.6235741923,1,0.0,100.0
7177,17764.527735013908,0.0,-177645.27735013908,0.0,10.0,0.0,-0.0,0.1,0.28359798,28.359798,0.0,0.0,100.0,1.0,0.08,-8.0,-233.0261625926714,233.0261625926714,0.0,-233.0261625926714,233.0261625926714,0.0,-17398.475409828567,17398.475409828567,0.0,0.0,0.0,0.0,0.0,0.0,0.0,0.0,0.0,-177653.27735013908,-177653.27735013908,17864.527735013908,17864.527735013908,17764.527735013908,0.0,100.0,0.0,0.0,17864.527735013908,17864.527735013908,1,0.0,100.0
7178,17764.353688970517,0.0,-177643.53688970517,0.0,10.0,0.0,-0.0,0.1,0.28432897,28.432897,0.0,0.0,100.0,1.0,0.08,-8.0,-232.9391365479893,232.9391365479893,0.0,-232.9391365479893,232.9391365479893,0.0,-17398.475415874538,17398.475415874538,0.0,0.0,0.0,0.0,0.0,0.0,0.0,0.0,0.0,-177651.53688970517,-177651.53688970517,17864.353688970517,17864.353688970517,17764.353688970517,0.0,100.0,0.0,0.0,17864.353688970517,17864.353688970517,1,0.0,100.0
7179,18512.63404461917,0.0,-185126.34044619172,0.0,10.0,0.0,-0.0,0.1,0.28618329,28.618329,0.0,0.0,100.0,1.0,0.08,-8.0,-237.6041291025856,237.6041291025856,0.0,-237.6041291025856,237.6041291025856,0.0,-18137.425786414,18137.425786414,0.0,0.0,0.0,0.0,0.0,0.0,0.0,0.0,0.0,-185134.34044619172,-185134.34044619172,18612.63404461917,18612.63404461917,18512.63404461917,0.0,100.0,0.0,0.0,18612.63404461917,18612.63404461917,1,0.0,100.0
7180,21495.824161811204,0.0,-214958.24161811205,0.0,10.0,0.0,-0.0,0.1,0.280972872,28.097287199999997,0.0,0.0,100.0,1.0,0.08,-8.0,-236.8675483666476,236.8675483666476,0.0,-236.8675483666476,236.8675483666476,0.0,-21122.089065077907,21122.089065077907,0.0,0.0,0.0,0.0,0.0,0.0,0.0,0.0,0.0,-214966.24161811205,-214966.24161811205,21595.824161811204,21595.824161811204,21495.824161811204,0.0,100.0,0.0,0.0,21595.824161811204,21595.824161811204,1,0.0,100.0
7181,26308.11988137664,0.0,-263081.19881376636,0.0,10.0,0.0,-0.0,0.1,0.285526603,28.5526603,0.0,0.0,100.0,1.0,0.11,-11.0,-271.985646406982,271.985646406982,0.0,-271.985646406982,271.985646406982,0.0,-25864.148588562675,25864.148588562675,0.0,0.0,0.0,0.0,0.0,0.0,0.0,0.0,0.0,-263092.19881376636,-263092.19881376636,26408.11988137664,26408.11988137664,26308.11988137664,0.0,100.0,0.0,0.0,26408.11988137664,26408.11988137664,1,0.0,100.0
7182,31474.94941554631,0.0,-314749.4941554631,0.0,10.0,0.0,-0.0,0.1,0.27294608,27.294607999999997,0.0,0.0,100.0,1.0,0.11,-11.0,-528.9126294523383,528.9126294523383,0.0,-528.9126294523383,528.9126294523383,0.0,-30741.491519922885,30741.491519922885,0.0,0.0,224.36736328125,224.36736328125,0.0,0.0,0.0,0.0,0.0,-314760.4941554631,-314760.4941554631,31799.31677882756,31799.31677882756,31699.31677882756,0.0,100.0,0.0,0.0,31799.31677882756,31574.94941554631,1,0.0,100.0
7183,57150.18290238514,0.0,-571501.8290238514,0.0,10.0,0.0,-0.0,0.1,0.272405405,27.240540499999998,0.0,0.0,100.0,1.0,0.11,-11.0,-744.7029811369816,744.7029811369816,0.0,-744.7029811369816,744.7029811369816,0.0,-63760.09867205253,63760.09867205253,0.0,0.0,5235.2384765625,5235.2384765625,0.0,0.0,2764.083255378859,2764.083255378859,0.0,-571512.8290238514,-571512.8290238514,65249.5046343265,65249.5046343265,65149.5046343265,0.0,100.0,0.0,0.0,65249.5046343265,57250.18290238514,1,0.0,100.0
7184,42533.1417077244,0.0,-425331.41707724397,0.0,10.0,0.0,-0.0,0.1,0.269303119,26.9303119,0.0,0.0,100.0,1.0,0.11,-11.0,-831.3213454757412,831.3213454757412,0.0,-831.3213454757412,831.3213454757412,0.0,-61146.05404080786,61146.05404080786,0.0,0.0,12601.966904296874,12601.966904296874,0.0,0.0,7573.588119738074,7573.588119738074,0.0,-425342.41707724397,-425342.41707724397,62808.696731759344,62808.696731759344,62708.696731759344,0.0,100.0,0.0,0.0,62808.696731759344,42633.1417077244,1,0.0,100.0
7185,37273.13796851463,0.0,-372731.3796851463,0.0,10.0,0.0,-0.0,0.1,0.269418998,26.9418998,0.0,0.0,100.0,1.0,0.11,-11.0,-959.3452375291708,959.3452375291708,0.0,-959.3452375291708,959.3452375291708,0.0,-58188.94129061265,58188.94129061265,0.0,0.0,18173.75642578125,18173.75642578125,0.0,0.0,4560.737371375118,4560.737371375118,0.0,-372742.3796851463,-372742.3796851463,60107.631765671,60107.631765670994,60007.631765671,0.0,100.0,0.0,0.0,60107.631765670994,37373.137968514624,1,0.0,100.0
7186,34682.05497440603,0.0,-346820.5497440603,0.0,10.0,0.0,-0.0,0.1,0.270575532,27.0575532,0.0,0.0,100.0,1.0,0.11,-11.0,-1072.0171435575155,1072.0171435575155,0.0,-1072.0171435575155,1072.0171435575155,0.0,-58188.4489854413,58188.4489854413,0.0,0.0,21763.63423828125,21763.63423828125,0.0,0.0,3786.794059869037,3786.794059869037,0.0,-346831.5497440603,-346831.5497440603,60332.48327255632,60332.483272556325,60232.48327255632,0.0,100.0,0.0,0.0,60332.483272556325,34782.05497440604,1,0.0,100.0
7187,29785.754381742274,0.0,-297857.54381742276,0.0,10.0,0.0,-0.0,0.1,0.281837628,28.1837628,0.0,0.0,100.0,1.0,0.11,-11.0,-1125.3987597140292,1125.3987597140292,0.0,-1125.3987597140292,1125.3987597140292,0.0,-55175.55672377754,55175.55672377754,0.0,0.0,21127.92670898437,21127.92670898437,0.0,0.0,6412.673152478953,6412.673152478953,0.0,-297868.54381742276,-297868.54381742276,57426.3542432056,57426.3542432056,57326.3542432056,0.0,100.0,0.0,0.0,57426.3542432056,29885.754381742274,1,0.0,100.0
7188,34927.92582736524,0.0,-349279.2582736524,0.0,10.0,0.0,-0.0,0.1,0.295307448,29.530744799999997,0.0,0.0,100.0,1.0,0.11,-11.0,-1145.998015590052,1145.998015590052,0.0,-1145.998015590052,1145.998015590052,0.0,-58187.80123234407,58187.80123234407,0.0,0.0,9199.061894531247,9199.061894531247,0.0,0.0,16252.809541627692,16252.809541627692,0.0,-349290.2582736524,-349290.2582736524,60479.797263524175,60479.797263524175,60379.797263524175,0.0,100.0,0.0,0.0,60479.797263524175,35027.92582736524,1,0.0,100.0
7189,34089.04853318707,0.0,-340890.48533187073,0.0,10.0,0.0,-0.0,0.1,0.303281428,30.328142800000002,0.0,0.0,100.0,1.0,0.11,-11.0,-1177.9431193814062,1177.9431193814062,0.0,-1177.9431193814062,1177.9431193814062,0.0,-58187.04804358199,58187.04804358199,0.0,0.0,16790.157685546874,16790.157685546874,0.0,0.0,9563.728063610852,9563.728063610852,0.0,-340901.48533187073,-340901.48533187073,60542.934282344795,60542.9342823448,60442.934282344795,0.0,100.0,0.0,0.0,60542.9342823448,34189.04853318707,1,0.0,100.0
7190,40640.86796172952,0.0,-406408.6796172952,0.0,10.0,0.0,-0.0,0.1,0.30887129,30.887129,0.0,0.0,100.0,1.0,0.08,-8.0,-1167.04850156884,1167.04850156884,0.0,-1167.04850156884,1167.04850156884,0.0,-58187.15771142561,58187.15771142561,0.0,0.0,13948.171083984374,13948.171083984374,0.0,0.0,5832.215668849392,5832.215668849392,0.0,-406416.6796172952,-406416.6796172952,60521.254714563285,60521.254714563285,60421.254714563285,0.0,100.0,0.0,0.0,60521.254714563285,40740.86796172952,1,0.0,100.0
7191,52629.8406787319,0.0,-526298.406787319,0.0,10.0,0.0,-0.0,0.1,0.30366269,30.366269000000003,0.0,0.0,100.0,1.0,0.08,-8.0,-1095.0873606148232,1095.0873606148232,0.0,-1095.0873606148232,1095.0873606148232,0.0,-61143.61249688084,61143.61249688084,0.0,0.0,7591.095791015625,7591.095791015625,0.0,0.0,3012.8507483629564,3012.8507483629564,0.0,-526306.406787319,-526306.406787319,63333.78721811048,63333.78721811049,63233.78721811048,0.0,100.0,0.0,0.0,63333.78721811049,52729.84067873191,1,0.0,100.0
7192,55352.32331591747,0.0,-553523.2331591747,0.0,10.0,0.0,-0.0,0.1,0.306356638,30.635663800000003,0.0,0.0,100.0,1.0,0.08,-8.0,-778.272753051681,778.272753051681,0.0,-778.272753051681,778.272753051681,0.0,-55354.16567114223,55354.16567114223,0.0,0.0,1458.387861328125,1458.387861328125,0.0,0.0,0.0,0.0,0.0,-553531.2331591747,-553531.2331591747,56910.7111772456,56910.7111772456,56810.7111772456,0.0,100.0,0.0,0.0,56910.7111772456,55452.32331591747,1,0.0,100.0
7193,46707.66787483262,0.0,-467076.67874832626,0.0,10.0,0.0,-0.0,0.1,0.30413782,30.413782,0.0,0.0,100.0,1.0,0.11,-11.0,-719.5512071715011,719.5512071715011,0.0,-719.5512071715011,719.5512071715011,0.0,-45368.56546048962,45368.56546048962,0.0,0.0,0.0,0.0,0.0,0.0,0.0,0.0,0.0,-467087.67874832626,-467087.67874832626,46807.66787483262,46807.66787483262,46707.66787483262,0.0,100.0,0.0,0.0,46807.66787483262,46807.66787483262,1,0.0,100.0
7194,45208.015221021735,0.0,-452080.1522102173,0.0,10.0,0.0,-0.0,0.1,0.298125924,29.8125924,0.0,0.0,100.0,1.0,0.11,-11.0,-708.2715583884634,708.2715583884634,0.0,-708.2715583884634,708.2715583884634,0.0,-43891.47210424481,43891.47210424481,0.0,0.0,0.0,0.0,0.0,0.0,0.0,0.0,0.0,-452091.1522102173,-452091.1522102173,45308.015221021735,45308.015221021735,45208.015221021735,0.0,100.0,0.0,0.0,45308.015221021735,45308.015221021735,1,0.0,100.0
7195,36144.51553809966,0.0,-361445.1553809966,0.0,10.0,0.0,-0.0,0.1,0.295515623,29.5515623,0.0,0.0,100.0,1.0,0.11,-11.0,-695.2610989332138,695.2610989332138,0.0,-695.2610989332138,695.2610989332138,0.0,-34853.99334023323,34853.99334023323,0.0,0.0,0.0,0.0,0.0,0.0,0.0,0.0,0.0,-361456.1553809966,-361456.1553809966,36244.51553809966,36244.51553809966,36144.51553809966,0.0,100.0,0.0,0.0,36244.51553809966,36244.51553809966,1,0.0,100.0
7196,33743.43168384133,0.0,-337434.3168384133,0.0,10.0,0.0,-0.0,0.1,0.291104216,29.110421600000002,0.0,0.0,100.0,1.0,0.11,-11.0,-233.34574741548607,233.34574741548607,0.0,-233.34574741548607,233.34574741548607,0.0,-33376.74018901036,33376.74018901036,0.0,0.0,0.0,0.0,0.0,0.0,0.0,0.0,0.0,-337445.3168384133,-337445.3168384133,33843.43168384133,33843.43168384133,33743.43168384133,0.0,100.0,0.0,0.0,33843.43168384133,33843.43168384133,1,0.0,100.0
7197,21488.909449516737,0.0,-214889.09449516737,0.0,10.0,0.0,-0.0,0.1,0.27982821,27.982821,0.0,0.0,100.0,1.0,0.11,-11.0,-233.45265608730907,233.45265608730907,0.0,-233.45265608730907,233.45265608730907,0.0,-21122.00413734212,21122.00413734212,0.0,0.0,0.0,0.0,0.0,0.0,0.0,0.0,0.0,-214900.09449516737,-214900.09449516737,21588.909449516737,21588.909449516737,21488.909449516737,0.0,100.0,0.0,0.0,21588.909449516737,21588.909449516737,1,0.0,100.0
7198,18510.246163782143,0.0,-185102.46163782143,0.0,10.0,0.0,-0.0,0.1,0.280828573,28.082857300000004,0.0,0.0,100.0,1.0,0.11,-11.0,-236.4101917070573,236.4101917070573,0.0,-236.4101917070573,236.4101917070573,0.0,-18137.42578036803,18137.42578036803,0.0,0.0,0.0,0.0,0.0,0.0,0.0,0.0,0.0,-185113.46163782143,-185113.46163782143,18610.246163782143,18610.246163782143,18510.246163782143,0.0,100.0,0.0,0.0,18610.246163782143,18610.246163782143,1,0.0,100.0
7199,17765.362338734318,0.0,-177653.6233873432,0.0,10.0,0.0,-0.0,0.1,0.281672551,28.1672551,0.0,0.0,100.0,1.0,0.11,-11.0,-233.44346445287584,233.44346445287584,0.0,-233.44346445287584,233.44346445287584,0.0,-17398.475409828567,17398.475409828567,0.0,0.0,0.0,0.0,0.0,0.0,0.0,0.0,0.0,-177664.6233873432,-177664.6233873432,17865.362338734318,17865.362338734318,17765.362338734318,0.0,100.0,0.0,0.0,17865.362338734318,17865.362338734318,1,0.0,100.0
7200,14751.978479924166,0.0,-147519.78479924166,0.0,10.0,0.0,-0.0,0.1,0.2790778319999999,27.90778319999999,0.0,0.0,100.0,1.0,0.08,-8.0,-233.4290602534176,233.4290602534176,0.0,-233.4290602534176,233.4290602534176,0.0,-14385.120359417331,14385.120359417331,0.0,0.0,0.0,0.0,0.0,0.0,0.0,0.0,0.0,-147527.78479924166,-147527.78479924166,14851.978479924166,14851.978479924166,14751.978479924166,0.0,100.0,0.0,0.0,14851.978479924166,14851.978479924166,1,0.0,100.0
7201,14751.932780605996,0.0,-147519.32780605997,0.0,10.0,0.0,-0.0,0.1,0.278196858,27.8196858,0.0,0.0,100.0,1.0,0.08,-8.0,-233.4062075713459,233.4062075713459,0.0,-233.4062075713459,233.4062075713459,0.0,-14385.120365463305,14385.120365463305,0.0,0.0,0.0,0.0,0.0,0.0,0.0,0.0,0.0,-147527.32780605997,-147527.32780605997,14851.932780605996,14851.932780605996,14751.932780605996,0.0,100.0,0.0,0.0,14851.932780605996,14851.932780605996,1,0.0,100.0
7202,14751.896483261206,0.0,-147518.96483261205,0.0,10.0,0.0,-0.0,0.1,0.27978308,27.978308000000002,0.0,0.0,100.0,1.0,0.08,-8.0,-233.38806192193687,233.38806192193687,0.0,-233.38806192193687,233.38806192193687,0.0,-14385.120359417331,14385.120359417331,0.0,0.0,0.0,0.0,0.0,0.0,0.0,0.0,0.0,-147526.96483261205,-147526.96483261205,14851.896483261206,14851.896483261206,14751.896483261206,0.0,100.0,0.0,0.0,14851.896483261206,14851.896483261206,1,0.0,100.0
7203,15492.978283597758,0.0,-154929.7828359776,0.0,10.0,0.0,-0.0,0.1,0.2965176439999999,29.65176439999999,0.0,0.0,100.0,1.0,0.08,-8.0,-234.45377682048328,234.45377682048328,0.0,-234.45377682048328,234.45377682048328,0.0,-15124.070729956791,15124.070729956791,0.0,0.0,0.0,0.0,0.0,0.0,0.0,0.0,0.0,-154937.7828359776,-154937.7828359776,15592.978283597758,15592.978283597758,15492.978283597758,0.0,100.0,0.0,0.0,15592.978283597758,15592.978283597758,1,0.0,100.0
7204,16970.853201051337,0.0,-169708.53201051336,0.0,10.0,0.0,-0.0,0.1,0.279428011,27.942801099999997,0.0,0.0,100.0,1.0,0.08,-8.0,-234.3983437032046,234.3983437032046,0.0,-234.3983437032046,234.3983437032046,0.0,-16602.05651364493,16602.05651364493,0.0,0.0,0.0,0.0,0.0,0.0,0.0,0.0,0.0,-169716.53201051336,-169716.53201051336,17070.853201051337,17070.853201051337,16970.853201051337,0.0,100.0,0.0,0.0,17070.853201051337,17070.853201051337,1,0.0,100.0
7205,26200.131330235272,0.0,-262001.31330235273,0.0,10.0,0.0,-0.0,0.1,0.269575997,26.957599700000003,0.0,0.0,100.0,1.0,0.11,-11.0,-234.42535022779143,234.42535022779143,0.0,-234.42535022779143,234.42535022779143,0.0,-25831.28062977969,25831.28062977969,0.0,0.0,0.0,0.0,0.0,0.0,0.0,0.0,0.0,-262012.31330235273,-262012.31330235273,26300.131330235272,26300.131330235272,26200.131330235272,0.0,100.0,0.0,0.0,26300.131330235272,26300.131330235272,1,0.0,100.0
7206,26292.063821109365,0.0,-262920.63821109367,0.0,10.0,0.0,-0.0,0.1,0.24795892,24.795892,0.0,0.0,100.0,1.0,0.11,-11.0,-216.1612503016884,216.1612503016884,0.0,-216.1612503016884,216.1612503016884,0.0,-26296.292365427864,26296.292365427864,0.0,0.0,336.551044921875,336.551044921875,0.0,0.0,0.0,0.0,0.0,-262931.63821109367,-262931.63821109367,26728.61486603124,26728.61486603124,26628.61486603124,0.0,100.0,0.0,0.0,26728.61486603124,26392.063821109365,1,0.0,100.0
7207,33524.84660372906,0.0,-335248.4660372906,0.0,10.0,0.0,-0.0,0.1,0.2399551939999999,23.99551939999999,0.0,0.0,100.0,1.0,0.11,-11.0,-198.2864091229937,198.2864091229937,0.0,-198.2864091229937,198.2864091229937,0.0,-40447.10756133594,40447.10756133594,0.0,0.0,6057.918808593749,6057.918808593749,0.0,0.0,1160.9149672591209,1160.9149672591209,0.0,-335259.4660372906,-335259.4660372906,40843.68037958193,40843.68037958193,40743.68037958193,0.0,100.0,0.0,0.0,40843.68037958193,33624.84660372906,1,0.0,100.0
7208,21563.164640185176,0.0,-215631.64640185176,0.0,10.0,0.0,-0.0,0.1,0.232396015,23.239601500000003,0.0,0.0,100.0,1.0,0.11,-11.0,-198.39242376154525,198.39242376154525,0.0,-198.39242376154525,198.39242376154525,0.0,-37042.18138636823,37042.18138636823,0.0,0.0,12265.415859375,12265.415859375,0.0,0.0,3510.385734331151,3510.385734331151,0.0,-215642.64640185176,-215642.64640185176,37438.966233891326,37438.966233891326,37338.966233891326,0.0,100.0,0.0,0.0,37438.966233891326,21663.164640185176,1,0.0,100.0
7209,19864.440773063317,0.0,-198644.40773063316,0.0,10.0,0.0,-0.0,0.1,0.234695511,23.4695511,0.0,0.0,100.0,1.0,0.11,-11.0,-198.5649100478916,198.5649100478916,0.0,-198.5649100478916,198.5649100478916,0.0,-39854.85994200153,39854.85994200153,0.0,0.0,16528.395761718748,16528.395761718748,0.0,0.0,3759.153227315248,3759.153227315248,0.0,-198655.40773063316,-198655.40773063316,40251.98976209731,40251.98976209731,40151.98976209731,0.0,100.0,0.0,0.0,40251.98976209731,19964.440773063317,1,0.0,100.0
7210,16352.297367626352,0.0,-163522.97367626353,0.0,10.0,0.0,-0.0,0.1,0.2546912739999999,25.46912739999999,0.0,0.0,100.0,1.0,0.11,-11.0,-201.60155805131544,201.60155805131544,0.0,-201.60155805131544,201.60155805131544,0.0,-49368.34332647512,49368.34332647512,0.0,0.0,19332.987802734373,19332.987802734373,0.0,0.0,13986.261272217029,13986.261272217029,0.0,-163533.97367626353,-163533.97367626353,49771.54644257775,49771.54644257775,49671.54644257775,0.0,100.0,0.0,0.0,49771.54644257775,16452.29736762635,1,0.0,100.0
7211,28982.007704822558,0.0,-289820.07704822556,0.0,10.0,0.0,-0.0,0.1,0.2872417419999999,28.72417419999999,0.0,0.0,100.0,1.0,0.11,-11.0,-280.21640834099304,280.21640834099304,0.0,-280.21640834099304,280.21640834099304,0.0,-57423.15180876222,57423.15180876222,0.0,0.0,19669.53884765625,19669.53884765625,0.0,0.0,9232.03807296539,9232.03807296539,0.0,-289831.07704822556,-289831.07704822556,57983.5846254442,57983.5846254442,57883.5846254442,0.0,100.0,0.0,0.0,57983.5846254442,29082.007704822558,1,0.0,100.0
7212,29503.649650100215,0.0,-295036.49650100217,0.0,10.0,0.0,-0.0,0.1,0.304389941,30.4389941,0.0,0.0,100.0,1.0,0.11,-11.0,-327.8920927327128,327.8920927327128,0.0,-327.8920927327128,327.8920927327128,0.0,-58109.48909933829,58109.48909933829,0.0,0.0,21726.23967773437,21726.23967773437,0.0,0.0,7435.383956969131,7435.383956969131,0.0,-295047.49650100217,-295047.49650100217,58765.27328480371,58765.27328480371,58665.27328480371,0.0,100.0,0.0,0.0,58765.27328480371,29603.64965010021,1,0.0,100.0
7213,23186.777278629263,0.0,-231867.77278629263,0.0,10.0,0.0,-0.0,0.1,0.294584629,29.458462899999997,0.0,0.0,100.0,1.0,0.11,-11.0,-321.65335726440946,321.65335726440946,0.0,-321.65335726440946,321.65335726440946,0.0,-46360.07152178943,46360.07152178943,0.0,0.0,17276.28697265625,17276.28697265625,0.0,0.0,6440.313985032742,6440.313985032742,0.0,-231878.77278629263,-231878.77278629263,47003.378236318254,47003.378236318254,46903.378236318254,0.0,100.0,0.0,0.0,47003.378236318254,23286.777278629263,1,0.0,100.0
7214,25075.979894103704,0.0,-250759.79894103704,0.0,10.0,0.0,-0.0,0.1,0.286946365,28.694636499999998,0.0,0.0,100.0,1.0,0.08,-8.0,-327.6386285470168,327.6386285470168,0.0,-327.6386285470168,327.6386285470168,0.0,-46944.91882589458,46944.91882589458,0.0,0.0,12639.361464843749,12639.361464843749,0.0,0.0,9784.85472404116,9784.85472404116,0.0,-250767.79894103704,-250767.79894103704,47600.19608298861,47600.196082988616,47500.19608298861,0.0,100.0,0.0,0.0,47600.196082988616,25175.979894103708,1,0.0,100.0
7215,37965.658145819936,0.0,-379656.58145819936,0.0,10.0,0.0,-0.0,0.1,0.280182481,28.018248099999997,0.0,0.0,100.0,1.0,0.08,-8.0,-319.8909569702948,319.8909569702948,0.0,-319.8909569702948,319.8909569702948,0.0,-49642.77640681101,49642.77640681101,0.0,0.0,6992.782822265624,6992.782822265624,0.0,0.0,5224.117352666044,5224.117352666044,0.0,-379664.58145819936,-379664.58145819936,50282.5583207516,50282.5583207516,50182.5583207516,0.0,100.0,0.0,0.0,50282.5583207516,38065.658145819936,1,0.0,100.0
7216,48050.61189950241,0.0,-480506.11899502407,0.0,10.0,0.0,-0.0,0.1,0.28084516,28.084515999999997,0.0,0.0,100.0,1.0,0.08,-8.0,-319.78824653511344,319.78824653511344,0.0,-319.78824653511344,319.78824653511344,0.0,-48745.05590447906,48745.05590447906,0.0,0.0,1234.020498046875,1234.020498046875,0.0,0.0,0.0,0.0,0.0,-480514.11899502407,-480514.11899502407,49384.632397549285,49384.632397549285,49284.632397549285,0.0,100.0,0.0,0.0,49384.632397549285,48150.61189950241,1,0.0,100.0
7217,21500.091670351463,0.0,-215000.91670351464,0.0,10.0,0.0,-0.0,0.1,0.28812564,28.812564000000002,0.0,0.0,100.0,1.0,0.11,-11.0,-282.1806596486514,282.1806596486514,0.0,-282.1806596486514,282.1806596486514,0.0,-21035.73035105416,21035.73035105416,0.0,0.0,0.0,0.0,0.0,0.0,0.0,0.0,0.0,-215011.91670351464,-215011.91670351464,21600.091670351463,21600.091670351463,21500.091670351463,0.0,100.0,0.0,0.0,21600.091670351463,21600.091670351463,1,0.0,100.0
7218,20011.016591180975,0.0,-200110.16591180975,0.0,10.0,0.0,-0.0,0.1,0.3108070539999999,31.080705399999992,0.0,0.0,100.0,1.0,0.11,-11.0,-276.5934724649606,276.5934724649606,0.0,-276.5934724649606,276.5934724649606,0.0,-19557.82964625105,19557.82964625105,0.0,0.0,0.0,0.0,0.0,0.0,0.0,0.0,0.0,-200121.16591180975,-200121.16591180975,20111.016591180975,20111.016591180975,20011.016591180975,0.0,100.0,0.0,0.0,20111.016591180975,20111.016591180975,1,0.0,100.0
7219,19927.994580866954,0.0,-199279.94580866955,0.0,10.0,0.0,-0.0,0.1,0.312993962,31.2993962,0.0,0.0,100.0,1.0,0.11,-11.0,-235.0824703309352,235.0824703309352,0.0,-235.0824703309352,235.0824703309352,0.0,-19557.829640205084,19557.829640205084,0.0,0.0,0.0,0.0,0.0,0.0,0.0,0.0,0.0,-199290.94580866955,-199290.94580866955,20027.994580866954,20027.994580866954,19927.994580866954,0.0,100.0,0.0,0.0,20027.994580866954,20027.994580866954,1,0.0,100.0
7220,18448.86655604413,0.0,-184488.6655604413,0.0,10.0,0.0,-0.0,0.1,0.312613418,31.261341799999997,0.0,0.0,100.0,1.0,0.11,-11.0,-234.4404819302445,234.4404819302445,0.0,-234.4404819302445,234.4404819302445,0.0,-18079.98559218364,18079.98559218364,0.0,0.0,0.0,0.0,0.0,0.0,0.0,0.0,0.0,-184499.6655604413,-184499.6655604413,18548.86655604413,18548.86655604413,18448.86655604413,0.0,100.0,0.0,0.0,18548.86655604413,18548.86655604413,1,0.0,100.0
7221,16968.847796398077,0.0,-169688.47796398075,0.0,10.0,0.0,-0.0,0.1,0.312404702,31.240470199999997,0.0,0.0,100.0,1.0,0.11,-11.0,-233.43816268118005,233.43816268118005,0.0,-233.43816268118005,233.43816268118005,0.0,-16601.97147103572,16601.97147103572,0.0,0.0,0.0,0.0,0.0,0.0,0.0,0.0,0.0,-169699.47796398075,-169699.47796398075,17068.847796398077,17068.847796398077,16968.847796398077,0.0,100.0,0.0,0.0,17068.847796398077,17068.847796398077,1,0.0,100.0
7222,15496.283128590576,0.0,-154962.83128590576,0.0,10.0,0.0,-0.0,0.1,0.29659141,29.659140999999998,0.0,0.0,100.0,1.0,0.11,-11.0,-236.10619629390573,236.10619629390573,0.0,-236.10619629390573,236.10619629390573,0.0,-15124.070736002765,15124.070736002765,0.0,0.0,0.0,0.0,0.0,0.0,0.0,0.0,0.0,-154973.83128590576,-154973.83128590576,15596.283128590576,15596.283128590576,15496.283128590576,0.0,100.0,0.0,0.0,15596.283128590576,15596.283128590576,1,0.0,100.0
7223,14751.489610129443,0.0,-147514.89610129443,0.0,10.0,0.0,-0.0,0.1,0.301934558,30.193455800000002,0.0,0.0,100.0,1.0,0.11,-11.0,-233.1846253560561,233.1846253560561,0.0,-233.1846253560561,233.1846253560561,0.0,-14385.120359417331,14385.120359417331,0.0,0.0,0.0,0.0,0.0,0.0,0.0,0.0,0.0,-147525.89610129443,-147525.89610129443,14851.489610129443,14851.489610129443,14751.489610129443,0.0,100.0,0.0,0.0,14851.489610129443,14851.489610129443,1,0.0,100.0
7224,14751.364601609775,0.0,-147513.64601609774,0.0,10.0,0.0,-0.0,0.1,0.301760415,30.1760415,0.0,0.0,100.0,1.0,0.08,-8.0,-233.13621425149387,233.13621425149387,0.0,-233.13621425149387,233.13621425149387,0.0,-14385.092173106788,14385.092173106788,0.0,0.0,0.0,0.0,0.0,0.0,0.0,0.0,0.0,-147521.64601609774,-147521.64601609774,14851.364601609775,14851.364601609775,14751.364601609775,0.0,100.0,0.0,0.0,14851.364601609775,14851.364601609775,1,0.0,100.0
7225,14751.28213638183,0.0,-147512.8213638183,0.0,10.0,0.0,-0.0,0.1,0.301032705,30.1032705,0.0,0.0,100.0,1.0,0.08,-8.0,-233.094984660506,233.094984660506,0.0,-233.094984660506,233.094984660506,0.0,-14385.092167060817,14385.092167060817,0.0,0.0,0.0,0.0,0.0,0.0,0.0,0.0,0.0,-147520.8213638183,-147520.8213638183,14851.28213638183,14851.28213638183,14751.28213638183,0.0,100.0,0.0,0.0,14851.28213638183,14851.28213638183,1,0.0,100.0
7226,14751.229910855587,0.0,-147512.29910855586,0.0,10.0,0.0,-0.0,0.1,0.290316501,29.0316501,0.0,0.0,100.0,1.0,0.08,-8.0,-233.06887794335583,233.06887794335583,0.0,-233.06887794335583,233.06887794335583,0.0,-14385.092154968876,14385.092154968876,0.0,0.0,0.0,0.0,0.0,0.0,0.0,0.0,0.0,-147520.29910855586,-147520.29910855586,14851.229910855587,14851.229910855587,14751.229910855587,0.0,100.0,0.0,0.0,14851.229910855587,14851.229910855587,1,0.0,100.0
7227,15491.979890180513,0.0,-154919.79890180513,0.0,10.0,0.0,-0.0,0.1,0.308781254,30.878125400000002,0.0,0.0,100.0,1.0,0.08,-8.0,-233.9686793131016,233.9686793131016,0.0,-233.9686793131016,233.9686793131016,0.0,-15124.04253155431,15124.04253155431,0.0,0.0,0.0,0.0,0.0,0.0,0.0,0.0,0.0,-154927.79890180513,-154927.79890180513,15591.979890180513,15591.979890180513,15491.979890180513,0.0,100.0,0.0,0.0,15591.979890180513,15591.979890180513,1,0.0,100.0
7228,16969.674938153123,0.0,-169696.74938153123,0.0,10.0,0.0,-0.0,0.1,0.301798051,30.179805100000003,0.0,0.0,100.0,1.0,0.08,-8.0,-233.82324494967128,233.82324494967128,0.0,-233.82324494967128,233.82324494967128,0.0,-16602.02844825378,16602.02844825378,0.0,0.0,0.0,0.0,0.0,0.0,0.0,0.0,0.0,-169704.74938153123,-169704.74938153123,17069.674938153123,17069.674938153123,16969.674938153123,0.0,100.0,0.0,0.0,17069.674938153123,17069.674938153123,1,0.0,100.0
7229,19925.48216913357,0.0,-199254.8216913357,0.0,10.0,0.0,-0.0,0.1,0.278967405,27.8967405,0.0,0.0,100.0,1.0,0.11,-11.0,-233.86870717124245,233.86870717124245,0.0,-233.86870717124245,233.86870717124245,0.0,-19557.744754791085,19557.744754791085,0.0,0.0,0.0,0.0,0.0,0.0,0.0,0.0,0.0,-199265.8216913357,-199265.8216913357,20025.48216913357,20025.48216913357,19925.48216913357,0.0,100.0,0.0,0.0,20025.48216913357,20025.48216913357,1,0.0,100.0
7230,18559.850403510198,0.0,-185598.50403510197,0.0,10.0,0.0,-0.0,0.1,0.246130628,24.613062799999998,0.0,0.0,100.0,1.0,0.11,-11.0,-215.6548733630894,215.6548733630894,0.0,-215.6548733630894,215.6548733630894,0.0,-18452.908020065268,18452.908020065268,0.0,0.0,224.36736328125,224.36736328125,0.0,0.0,0.0,0.0,0.0,-185609.50403510197,-185609.50403510197,18884.217766791448,18884.217766791448,18784.217766791448,0.0,100.0,0.0,0.0,18884.217766791448,18659.850403510198,1,0.0,100.0
7231,9744.89437634536,0.0,-97448.9437634536,0.0,10.0,0.0,-0.0,0.1,0.220503494,22.050349399999998,0.0,0.0,100.0,1.0,0.11,-11.0,-197.8184152373806,197.8184152373806,0.0,-197.8184152373806,197.8184152373806,0.0,-17936.360535787066,17936.360535787066,0.0,0.0,5197.843916015625,5197.843916015625,0.0,0.0,3289.2590739008424,3289.2590739008424,0.0,-97459.9437634536,-97459.9437634536,18331.99736626183,18331.99736626183,18231.99736626183,0.0,100.0,0.0,0.0,18331.99736626183,9844.89437634536,1,0.0,100.0
7232,0.0,0.0,-0.0,55.55555555555556,10.0,0.0,-0.0,0.1,0.2163627719999999,0.0,0.0,100.0,0.0,1.0,0.11,0.0,-198.20123001623617,198.20123001623617,0.0,-198.20123001623617,198.20123001623617,0.0,-15719.509436260614,15719.509436260614,0.0,0.0,12639.361464843749,12639.361464843749,0.0,4881.270439561995,8513.376426566887,3632.105987004892,0.0,0.0,0.0,16271.46745184864,16271.46745184864,16271.46745184864,0.0,0.0,155.55555555555475,0.0,16115.911896293086,-5036.825995117551,1,-55.55555555555556,-100.0
7233,0.0,0.0,-0.0,44.44444444444444,60.0,0.0,-0.0,0.6,0.23223233,0.0,0.0,100.0,0.0,1.0,0.11,0.0,-198.53016145542995,198.53016145542995,0.0,-198.53016145542995,198.53016145542995,0.0,-14259.10458263796,14259.10458263796,0.0,1877.364653912984,16677.97400390625,14800.609349993265,0.0,12466.015481758655,12466.015481758655,0.0,0.0,0.0,0.0,14800.609349993265,14800.609349993265,14800.609349993265,0.0,0.0,144.44444444444525,0.0,14656.16490554882,-14487.824580116085,1,-44.44444444444444,-100.0
7234,2216.119450641254,0.0,-22161.19450641254,0.0,100.0,45.0,-0.0,1.0,0.2497292589999999,24.97292589999999,0.0,0.0,100.0,1.0,0.11,-11.0,-255.4598714761676,255.4598714761676,0.0,-255.4598714761676,255.4598714761676,0.0,-34909.33882967793,34909.33882967793,0.0,0.0,18547.70203125,18547.70203125,0.0,0.0,14511.437090739011,14511.437090739011,0.0,-22172.19450641254,-22172.19450641254,35420.258572630264,35420.258572630264,35275.258572630264,0.0,145.0,0.0,0.0,35420.258572630264,2361.1194506412576,1,45.0,100.0
7235,0.0,0.0,-0.0,55.55555555555556,50.0,0.0,-0.0,0.5,0.295476613,0.0,0.0,100.0,0.0,1.0,0.11,0.0,-323.60733139454504,323.60733139454504,0.0,-323.60733139454504,323.60733139454504,0.0,-33945.53318852659,33945.53318852659,0.0,0.0,19258.198681640624,19258.198681640624,0.0,126.9656676599443,15617.070392890557,15490.104725230613,0.0,0.0,0.0,34748.30340687124,34748.30340687124,34748.30340687124,0.0,0.0,155.55555555555475,0.0,34592.74785131568,-282.5212232155027,1,-55.55555555555556,-100.0
7236,3624.58761358887,0.0,-36245.8761358887,0.0,100.0,45.0,-0.0,1.0,0.298917141,29.8917141,0.0,0.0,100.0,1.0,0.11,-11.0,-305.42548679727525,305.42548679727525,0.0,-305.42548679727525,305.42548679727525,0.0,-38448.58658339207,38448.58658339207,0.0,0.0,19893.9062109375,19893.9062109375,0.0,0.0,15395.943732460246,15395.943732460246,0.0,-36256.8761358887,-36256.8761358887,39059.43755698662,39059.43755698662,38914.43755698662,0.0,145.0,0.0,0.0,39059.43755698662,3769.5876135888684,1,45.0,100.0
7237,2312.498498063469,0.0,-23124.98498063469,0.0,50.0,36.0,-0.0,0.5,0.306410529,30.6410529,0.0,0.0,100.0,1.0,0.11,-11.0,-341.7172153722093,341.7172153722093,0.0,-341.7172153722093,341.7172153722093,0.0,-35186.83795423878,35186.83795423878,0.0,0.0,17500.6543359375,17500.6543359375,0.0,0.0,15921.119550982228,15921.119550982228,0.0,-23135.98498063469,-23135.98498063469,35870.2723849832,35870.2723849832,35734.2723849832,0.0,136.0,0.0,0.0,35870.2723849832,2448.498498063469,1,36.0,100.0
7238,14462.623175010427,0.0,-144626.23175010429,0.0,10.0,0.0,-0.0,0.1,0.303085075,30.308507499999997,0.0,0.0,100.0,1.0,0.08,-8.0,-312.8802939616912,312.8802939616912,0.0,-312.8802939616912,312.8802939616912,0.0,-38063.43631488829,38063.43631488829,0.0,0.0,12489.78322265625,12489.78322265625,0.0,0.0,11636.790505144996,11636.790505144996,0.0,-144634.23175010429,-144634.23175010429,38689.19690281167,38689.19690281167,38589.19690281167,0.0,100.0,0.0,0.0,38689.19690281167,14562.623175010427,1,0.0,100.0
7239,15473.736509593982,0.0,-154737.36509593984,0.0,10.0,0.0,-0.0,0.1,0.296124407,29.612440699999997,0.0,0.0,100.0,1.0,0.08,-8.0,-339.20279803155944,339.20279803155944,0.0,-339.20279803155944,339.20279803155944,0.0,-30029.13328887983,30029.13328887983,0.0,0.0,7366.728427734375,7366.728427734375,0.0,0.0,7767.073947614594,7767.073947614594,0.0,-154745.36509593984,-154745.36509593984,30707.53888494295,30707.53888494295,30607.53888494295,0.0,100.0,0.0,0.0,30707.53888494295,15573.736509593982,1,0.0,100.0
7240,18869.043519762323,0.0,-188690.4351976232,0.0,10.0,0.0,-0.0,0.1,0.299671318,29.9671318,0.0,0.0,100.0,1.0,0.08,-8.0,-302.43864958957266,302.43864958957266,0.0,-302.43864958957266,302.43864958957266,0.0,-19486.003036989427,19486.003036989427,0.0,0.0,1121.83681640625,1121.83681640625,0.0,0.0,0.0,0.0,0.0,-188698.4351976232,-188698.4351976232,20090.88033616857,20090.88033616857,19990.88033616857,0.0,100.0,0.0,0.0,20090.88033616857,18969.043519762323,1,0.0,100.0
7241,21549.28374517755,0.0,-215492.8374517755,0.0,10.0,0.0,-0.0,0.1,0.302701575,30.2701575,0.0,0.0,100.0,1.0,0.11,-11.0,-306.8191155848152,306.8191155848152,0.0,-306.8191155848152,306.8191155848152,0.0,-21035.64551400792,21035.64551400792,0.0,0.0,0.0,0.0,0.0,0.0,0.0,0.0,0.0,-215503.8374517755,-215503.8374517755,21649.28374517755,21649.28374517755,21549.28374517755,0.0,100.0,0.0,0.0,21649.28374517755,21649.28374517755,1,0.0,100.0
7242,20017.21711059181,0.0,-200172.1711059181,0.0,10.0,0.0,-0.0,0.1,0.305546871,30.5546871,0.0,0.0,100.0,1.0,0.11,-11.0,-279.73616883140915,279.73616883140915,0.0,-279.73616883140915,279.73616883140915,0.0,-19557.744772928992,19557.744772928992,0.0,0.0,0.0,0.0,0.0,0.0,0.0,0.0,0.0,-200183.1711059181,-200183.1711059181,20117.21711059181,20117.21711059181,20017.21711059181,0.0,100.0,0.0,0.0,20117.21711059181,20117.21711059181,1,0.0,100.0
7243,19957.49161555828,0.0,-199574.9161555828,0.0,10.0,0.0,-0.0,0.1,0.308467611,30.8467611,0.0,0.0,100.0,1.0,0.11,-11.0,-249.873427360613,249.873427360613,0.0,-249.873427360613,249.873427360613,0.0,-19557.744760837053,19557.744760837053,0.0,0.0,0.0,0.0,0.0,0.0,0.0,0.0,0.0,-199585.9161555828,-199585.9161555828,20057.49161555828,20057.49161555828,19957.49161555828,0.0,100.0,0.0,0.0,20057.49161555828,20057.49161555828,1,0.0,100.0
7244,18448.78224834773,0.0,-184487.8224834773,0.0,10.0,0.0,-0.0,0.1,0.311172433,31.117243300000002,0.0,0.0,100.0,1.0,0.11,-11.0,-234.42655066840348,234.42655066840348,0.0,-234.42655066840348,234.42655066840348,0.0,-18079.92914701092,18079.92914701092,0.0,0.0,0.0,0.0,0.0,0.0,0.0,0.0,0.0,-184498.8224834773,-184498.8224834773,18548.78224834773,18548.78224834773,18448.78224834773,0.0,100.0,0.0,0.0,18548.78224834773,18548.78224834773,1,0.0,100.0
7245,16968.944851232303,0.0,-169689.44851232303,0.0,10.0,0.0,-0.0,0.1,0.3180919,31.809189999999997,0.0,0.0,100.0,1.0,0.11,-11.0,-233.5007832535656,233.5007832535656,0.0,-233.5007832535656,233.5007832535656,0.0,-16601.943284725174,16601.943284725174,0.0,0.0,0.0,0.0,0.0,0.0,0.0,0.0,0.0,-169700.44851232303,-169700.44851232303,17068.944851232303,17068.944851232303,16968.944851232303,0.0,100.0,0.0,0.0,17068.944851232303,17068.944851232303,1,0.0,100.0
7246,15496.6337757722,0.0,-154966.337757722,0.0,10.0,0.0,-0.0,0.1,0.31823135,31.823135,0.0,0.0,100.0,1.0,0.11,-11.0,-236.29561908595923,236.29561908595923,0.0,-236.29561908595923,236.29561908595923,0.0,-15124.04253760028,15124.04253760028,0.0,0.0,0.0,0.0,0.0,0.0,0.0,0.0,0.0,-154977.337757722,-154977.337757722,15596.6337757722,15596.6337757722,15496.6337757722,0.0,100.0,0.0,0.0,15596.6337757722,15596.6337757722,1,0.0,100.0
7247,14751.784579544914,0.0,-147517.84579544913,0.0,10.0,0.0,-0.0,0.1,0.305001501,30.5001501,0.0,0.0,100.0,1.0,0.11,-11.0,-233.3462092650321,233.3462092650321,0.0,-233.3462092650321,233.3462092650321,0.0,-14385.092161014849,14385.092161014849,0.0,0.0,0.0,0.0,0.0,0.0,0.0,0.0,0.0,-147528.84579544913,-147528.84579544913,14851.784579544914,14851.784579544914,14751.784579544914,0.0,100.0,0.0,0.0,14851.784579544914,14851.784579544914,1,0.0,100.0
7248,17764.996666683903,0.0,-177649.96666683903,0.0,10.0,0.0,-0.0,0.1,0.303077627,30.3077627,0.0,0.0,100.0,1.0,0.08,-8.0,-233.2603503130649,233.2603503130649,0.0,-233.2603503130649,233.2603503130649,0.0,-17398.475966057773,17398.475966057773,0.0,0.0,0.0,0.0,0.0,0.0,0.0,0.0,0.0,-177657.96666683903,-177657.96666683903,17864.996666683903,17864.996666683903,17764.996666683903,0.0,100.0,0.0,0.0,17864.996666683903,17864.996666683903,1,0.0,100.0
7249,17764.84395919416,0.0,-177648.4395919416,0.0,10.0,0.0,-0.0,0.1,0.316427948,31.6427948,0.0,0.0,100.0,1.0,0.08,-8.0,-233.18399354520767,233.18399354520767,0.0,-233.18399354520767,233.18399354520767,0.0,-17398.475972103744,17398.475972103744,0.0,0.0,0.0,0.0,0.0,0.0,0.0,0.0,0.0,-177656.4395919416,-177656.4395919416,17864.84395919416,17864.84395919416,17764.84395919416,0.0,100.0,0.0,0.0,17864.84395919416,17864.84395919416,1,0.0,100.0
7250,17764.704642475255,0.0,-177647.04642475257,0.0,10.0,0.0,-0.0,0.1,0.325328784,32.5328784,0.0,0.0,100.0,1.0,0.08,-8.0,-233.11433518575544,233.11433518575544,0.0,-233.11433518575544,233.11433518575544,0.0,-17398.475972103744,17398.475972103744,0.0,0.0,0.0,0.0,0.0,0.0,0.0,0.0,0.0,-177655.04642475257,-177655.04642475257,17864.704642475255,17864.704642475255,17764.704642475255,0.0,100.0,0.0,0.0,17864.704642475255,17864.704642475255,1,0.0,100.0
7251,18505.597005814645,0.0,-185055.97005814646,0.0,10.0,0.0,-0.0,0.1,0.29771627,29.771627000000002,0.0,0.0,100.0,1.0,0.08,-8.0,-234.08533460870177,234.08533460870177,0.0,-234.08533460870177,234.08533460870177,0.0,-18137.42633659724,18137.42633659724,0.0,0.0,0.0,0.0,0.0,0.0,0.0,0.0,0.0,-185063.97005814646,-185063.97005814646,18605.597005814645,18605.597005814645,18505.597005814645,0.0,100.0,0.0,0.0,18605.597005814645,18605.597005814645,1,0.0,100.0
7252,21490.035418846885,0.0,-214900.35418846883,0.0,10.0,0.0,-0.0,0.1,0.292689052,29.2689052,0.0,0.0,100.0,1.0,0.08,-8.0,-233.97275064363043,233.97275064363043,0.0,-233.97275064363043,233.97275064363043,0.0,-21122.089917559624,21122.089917559624,0.0,0.0,0.0,0.0,0.0,0.0,0.0,0.0,0.0,-214908.35418846883,-214908.35418846883,21590.035418846885,21590.035418846885,21490.035418846885,0.0,100.0,0.0,0.0,21590.035418846885,21590.035418846885,1,0.0,100.0
7253,35296.71658923257,0.0,-352967.1658923257,0.0,10.0,0.0,-0.0,0.1,0.306011981,30.601198099999998,0.0,0.0,100.0,1.0,0.11,-11.0,-314.73701905472444,314.73701905472444,0.0,-314.73701905472444,314.73701905472444,0.0,-34767.24255112313,34767.24255112313,0.0,0.0,0.0,0.0,0.0,0.0,0.0,0.0,0.0,-352978.1658923257,-352978.1658923257,35396.71658923257,35396.71658923257,35296.71658923257,0.0,100.0,0.0,0.0,35396.71658923257,35396.71658923257,1,0.0,100.0
7254,39629.272247221605,0.0,-396292.72247221606,0.0,10.0,0.0,-0.0,0.1,0.305829815,30.5829815,0.0,0.0,100.0,1.0,0.11,-11.0,-571.0778921387124,571.0778921387124,0.0,-571.0778921387124,571.0778921387124,0.0,-38811.48382622543,38811.48382622543,0.0,0.0,224.36736328125,224.36736328125,0.0,0.0,0.0,0.0,0.0,-396303.72247221606,-396303.72247221606,39953.639610502854,39953.639610502854,39853.639610502854,0.0,100.0,0.0,0.0,39953.639610502854,39729.272247221605,1,0.0,100.0
7255,67532.0756159956,0.0,-675320.7561599561,0.0,10.0,0.0,-0.0,0.1,0.305123168,30.5123168,0.0,0.0,100.0,1.0,0.11,-11.0,-791.2363915573009,791.2363915573009,0.0,-791.2363915573009,791.2363915573009,0.0,-75042.34256589302,75042.34256589302,0.0,0.0,5758.76232421875,5758.76232421875,0.0,0.0,3233.977408793265,3233.977408793265,0.0,-675331.7561599561,-675331.7561599561,76624.81534900762,76624.81534900762,76524.81534900762,0.0,100.0,0.0,0.0,76624.81534900762,67632.0756159956,1,0.0,100.0
7256,62492.2717230726,0.0,-624922.717230726,0.0,10.0,0.0,-0.0,0.1,0.301268103,30.126810300000002,0.0,0.0,100.0,1.0,0.11,-11.0,-902.7759829197802,902.7759829197802,0.0,-902.7759829197802,902.7759829197802,0.0,-80518.46434786242,80518.46434786242,0.0,0.0,11218.3681640625,11218.3681640625,0.0,0.0,8513.376426566887,8513.376426566887,0.0,-624933.717230726,-624933.717230726,82324.01631370198,82324.01631370198,82224.01631370198,0.0,100.0,0.0,0.0,82324.01631370198,62592.2717230726,1,0.0,100.0
7257,57643.9570826631,0.0,-576439.570826631,0.0,10.0,0.0,-0.0,0.1,0.306300351,30.630035100000004,0.0,0.0,100.0,1.0,0.11,-11.0,-1040.297753982558,1040.297753982558,0.0,-1040.297753982558,1040.297753982558,0.0,-84311.49966470069,84311.49966470069,0.0,0.0,15518.742626953124,15518.742626953124,0.0,0.0,13129.39546304958,13129.39546304958,0.0,-576450.570826631,-576450.570826631,86392.09517266581,86392.09517266581,86292.09517266581,0.0,100.0,0.0,0.0,86392.09517266581,57743.95708266311,1,0.0,100.0
7258,52170.20109700423,0.0,-521702.0109700423,0.0,10.0,0.0,-0.0,0.1,0.295401072,29.540107199999998,0.0,0.0,100.0,1.0,0.11,-11.0,-1142.813442884252,1142.813442884252,0.0,-1142.813442884252,1142.813442884252,0.0,-83473.00384268159,83473.00384268159,0.0,0.0,17650.232578125,17650.232578125,0.0,0.0,15838.197053320862,15838.197053320862,0.0,-521713.0109700423,-521713.0109700423,85758.6307284501,85758.6307284501,85658.6307284501,0.0,100.0,0.0,0.0,85758.6307284501,52270.20109700423,1,0.0,100.0
7259,43360.31276213327,0.0,-433603.12762133265,0.0,10.0,0.0,-0.0,0.1,0.298253767,29.8253767,0.0,0.0,100.0,1.0,0.11,-11.0,-1207.4482851593873,1207.4482851593873,0.0,-1207.4482851593873,1207.4482851593873,0.0,-81097.49623327045,81097.49623327045,0.0,0.0,22361.947207031248,22361.947207031248,0.0,0.0,17690.132834424698,17690.132834424698,0.0,-433614.12762133265,-433614.12762133265,83512.39280358922,83512.39280358922,83412.39280358922,0.0,100.0,0.0,0.0,83512.39280358922,43460.31276213327,1,0.0,100.0
7260,46947.826003266164,0.0,-469478.2600326616,0.0,10.0,0.0,-0.0,0.1,0.282931917,28.293191699999998,0.0,0.0,100.0,1.0,0.11,-11.0,-1205.3867629313768,1205.3867629313768,0.0,-1205.3867629313768,1205.3867629313768,0.0,-84111.947357521,84111.947357521,0.0,0.0,21950.607041015624,21950.607041015624,0.0,0.0,17524.287839101966,17524.287839101966,0.0,-469489.2600326616,-469489.2600326616,86522.72088338375,86522.72088338375,86422.72088338375,0.0,100.0,0.0,0.0,86522.72088338375,47047.826003266164,1,0.0,100.0
7261,50861.354272735494,0.0,-508613.5427273549,0.0,10.0,0.0,-0.0,0.1,0.292619615,29.261961499999998,0.0,0.0,100.0,1.0,0.11,-11.0,-1220.547977227326,1220.547977227326,0.0,-1220.547977227326,1220.547977227326,0.0,-83324.01059400948,83324.01059400948,0.0,0.0,18772.06939453125,18772.06939453125,0.0,0.0,16031.682881197385,16031.682881197385,0.0,-508624.5427273549,-508624.5427273549,85765.10654846413,85765.10654846413,85665.10654846413,0.0,100.0,0.0,0.0,85765.10654846413,50961.354272735494,1,0.0,100.0
7262,59036.71905900253,0.0,-590367.1905900253,0.0,10.0,0.0,-0.0,0.1,0.29749548,29.749547999999997,0.0,0.0,100.0,1.0,0.08,-8.0,-1230.554630081528,1230.554630081528,0.0,-1230.554630081528,1230.554630081528,0.0,-82389.05344218496,82389.05344218496,0.0,0.0,13275.068994140624,13275.068994140624,0.0,0.0,12438.374649204869,12438.374649204869,0.0,-590375.1905900253,-590375.1905900253,84850.16270234803,84850.16270234801,84750.16270234803,0.0,100.0,0.0,0.0,84850.16270234801,59136.71905900252,1,0.0,100.0
7263,71011.76424556137,0.0,-710117.6424556137,0.0,10.0,0.0,-0.0,0.1,0.3103766189999999,31.03766189999999,0.0,0.0,100.0,1.0,0.08,-8.0,-1156.756167280368,1156.756167280368,0.0,-1156.756167280368,1156.756167280368,0.0,-83068.73869092054,83068.73869092054,0.0,0.0,6282.286171875,6282.286171875,0.0,0.0,7988.200608044903,7988.200608044903,0.0,-710125.6424556137,-710125.6424556137,85382.25102548127,85382.25102548128,85282.25102548127,0.0,100.0,0.0,0.0,85382.25102548128,71111.76424556138,0,0.0,100.0
7264,65858.17394703963,0.0,-658581.7394703963,0.0,10.0,0.0,-0.0,0.1,0.325476687,32.547668699999996,0.0,0.0,100.0,1.0,0.08,-8.0,-861.0675897710164,861.0675897710164,0.0,-861.0675897710164,861.0675897710164,0.0,-65208.29734171635,65208.29734171635,0.0,0.0,972.25857421875,972.25857421875,0.0,0.0,0.0,0.0,0.0,-658589.7394703963,-658589.7394703963,66930.43252125838,66930.43252125838,66830.43252125838,0.0,100.0,0.0,0.0,66930.43252125838,65958.17394703963,1,0.0,100.0
7265,46876.379247468736,0.0,-468763.79247468733,0.0,10.0,0.0,-0.0,0.1,0.3359097029999999,33.59097029999999,0.0,0.0,100.0,1.0,0.11,-11.0,-805.168551322879,805.168551322879,0.0,-805.168551322879,805.168551322879,0.0,-45366.042144822975,45366.042144822975,0.0,0.0,0.0,0.0,0.0,0.0,0.0,0.0,0.0,-468774.79247468733,-468774.79247468733,46976.379247468736,46976.379247468736,46876.379247468736,0.0,100.0,0.0,0.0,46976.379247468736,46976.379247468736,1,0.0,100.0
7266,45336.87131438861,0.0,-453368.7131438861,0.0,10.0,0.0,-0.0,0.1,0.336180571,33.6180571,0.0,0.0,100.0,1.0,0.11,-11.0,-773.6289885047566,773.6289885047566,0.0,-773.6289885047566,773.6289885047566,0.0,-43889.6133373791,43889.6133373791,0.0,0.0,0.0,0.0,0.0,0.0,0.0,0.0,0.0,-453379.7131438861,-453379.7131438861,45436.87131438861,45436.87131438861,45336.87131438861,0.0,100.0,0.0,0.0,45436.87131438861,45436.87131438861,1,0.0,100.0
7267,36275.571210475464,0.0,-362755.71210475464,0.0,10.0,0.0,-0.0,0.1,0.3354114569999999,33.541145699999994,0.0,0.0,100.0,1.0,0.11,-11.0,-761.6680614311869,761.6680614311869,0.0,-761.6680614311869,761.6680614311869,0.0,-34852.23508761309,34852.23508761309,0.0,0.0,0.0,0.0,0.0,0.0,0.0,0.0,0.0,-362766.71210475464,-362766.71210475464,36375.571210475464,36375.571210475464,36275.571210475464,0.0,100.0,0.0,0.0,36375.571210475464,36375.571210475464,1,0.0,100.0
7268,33744.13883783668,0.0,-337441.3883783668,0.0,10.0,0.0,-0.0,0.1,0.336256269,33.6256269,0.0,0.0,100.0,1.0,0.11,-11.0,-234.3552486383844,234.3552486383844,0.0,-234.3552486383844,234.3552486383844,0.0,-33375.42834055991,33375.42834055991,0.0,0.0,0.0,0.0,0.0,0.0,0.0,0.0,0.0,-337452.3883783668,-337452.3883783668,33844.13883783668,33844.13883783668,33744.13883783668,0.0,100.0,0.0,0.0,33844.13883783668,33844.13883783668,1,0.0,100.0
7269,21489.25428110876,0.0,-214892.5428110876,0.0,10.0,0.0,-0.0,0.1,0.332273891,33.227389099999996,0.0,0.0,100.0,1.0,0.11,-11.0,-233.62478772274468,233.62478772274468,0.0,-233.62478772274468,233.62478772274468,0.0,-21122.00470566327,21122.00470566327,0.0,0.0,0.0,0.0,0.0,0.0,0.0,0.0,0.0,-214903.5428110876,-214903.5428110876,21589.25428110876,21589.25428110876,21489.25428110876,0.0,100.0,0.0,0.0,21589.25428110876,21589.25428110876,1,0.0,100.0
7270,18510.676639635967,0.0,-185106.76639635966,0.0,10.0,0.0,-0.0,0.1,0.3331894999999999,33.318949999999994,0.0,0.0,100.0,1.0,0.11,-11.0,-236.62514547339487,236.62514547339487,0.0,-236.62514547339487,236.62514547339487,0.0,-18137.426348689176,18137.426348689176,0.0,0.0,0.0,0.0,0.0,0.0,0.0,0.0,0.0,-185117.76639635966,-185117.76639635966,18610.676639635967,18610.676639635967,18510.676639635967,0.0,100.0,0.0,0.0,18610.676639635967,18610.676639635967,1,0.0,100.0
7271,17765.781874302127,0.0,-177657.8187430213,0.0,10.0,0.0,-0.0,0.1,0.325723757,32.5723757,0.0,0.0,100.0,1.0,0.11,-11.0,-233.65294807620285,233.65294807620285,0.0,-233.65294807620285,233.65294807620285,0.0,-17398.47597814972,17398.47597814972,0.0,0.0,0.0,0.0,0.0,0.0,0.0,0.0,0.0,-177668.8187430213,-177668.8187430213,17865.781874302127,17865.781874302127,17765.781874302127,0.0,100.0,0.0,0.0,17865.781874302127,17865.781874302127,1,0.0,100.0
7272,17765.735811876315,0.0,-177657.35811876314,0.0,10.0,0.0,-0.0,0.1,0.32139893,32.139893,0.0,0.0,100.0,1.0,0.08,-8.0,-233.62982919673925,233.62982919673925,0.0,-233.62982919673925,233.62982919673925,0.0,-17398.476153482836,17398.476153482836,0.0,0.0,0.0,0.0,0.0,0.0,0.0,0.0,0.0,-177665.35811876314,-177665.35811876314,17865.735811876315,17865.735811876315,17765.735811876315,0.0,100.0,0.0,0.0,17865.735811876315,17865.735811876315,1,0.0,100.0
7273,17765.61889573907,0.0,-177656.1889573907,0.0,10.0,0.0,-0.0,0.1,0.32706732,32.706732,0.0,0.0,100.0,1.0,0.08,-8.0,-233.57137112811697,233.57137112811697,0.0,-233.57137112811697,233.57137112811697,0.0,-17398.476153482836,17398.476153482836,0.0,0.0,0.0,0.0,0.0,0.0,0.0,0.0,0.0,-177664.1889573907,-177664.1889573907,17865.61889573907,17865.61889573907,17765.61889573907,0.0,100.0,0.0,0.0,17865.61889573907,17865.61889573907,1,0.0,100.0
7274,17765.444833440313,0.0,-177654.44833440313,0.0,10.0,0.0,-0.0,0.1,0.332834615,33.2834615,0.0,0.0,100.0,1.0,0.08,-8.0,-233.48433997873795,233.48433997873795,0.0,-233.48433997873795,233.48433997873795,0.0,-17398.476153482836,17398.476153482836,0.0,0.0,0.0,0.0,0.0,0.0,0.0,0.0,0.0,-177662.44833440313,-177662.44833440313,17865.444833440313,17865.444833440313,17765.444833440313,0.0,100.0,0.0,0.0,17865.444833440313,17865.444833440313,1,0.0,100.0
7275,18514.880201831536,0.0,-185148.80201831536,0.0,10.0,0.0,-0.0,0.1,0.316908288,31.6908288,0.0,0.0,100.0,1.0,0.08,-8.0,-238.72683890461792,238.72683890461792,0.0,-238.72683890461792,238.72683890461792,0.0,-18137.4265240223,18137.4265240223,0.0,0.0,0.0,0.0,0.0,0.0,0.0,0.0,0.0,-185156.80201831536,-185156.80201831536,18614.880201831536,18614.880201831536,18514.880201831536,0.0,100.0,0.0,0.0,18614.880201831536,18614.880201831536,1,0.0,100.0
7276,21497.80622607293,0.0,-214978.06226072932,0.0,10.0,0.0,-0.0,0.1,0.304259371,30.4259371,0.0,0.0,100.0,1.0,0.08,-8.0,-237.8579970614396,237.8579970614396,0.0,-237.8579970614396,237.8579970614396,0.0,-21122.090231950053,21122.090231950053,0.0,0.0,0.0,0.0,0.0,0.0,0.0,0.0,0.0,-214986.06226072932,-214986.06226072932,21597.80622607293,21597.80622607293,21497.80622607293,0.0,100.0,0.0,0.0,21597.80622607293,21597.80622607293,1,0.0,100.0
7277,26483.158042135936,0.0,-264831.58042135934,0.0,10.0,0.0,-0.0,0.1,0.316804347,31.6804347,0.0,0.0,100.0,1.0,0.11,-11.0,-371.1341403550082,371.1341403550082,0.0,-371.1341403550082,371.1341403550082,0.0,-25840.88976142592,25840.88976142592,0.0,0.0,0.0,0.0,0.0,0.0,0.0,0.0,0.0,-264842.58042135934,-264842.58042135934,26583.158042135936,26583.158042135936,26483.158042135936,0.0,100.0,0.0,0.0,26583.158042135936,26583.158042135936,1,0.0,100.0
7278,31808.227089489003,0.0,-318082.27089489,0.0,10.0,0.0,-0.0,0.1,0.308724545,30.872454500000003,0.0,0.0,100.0,1.0,0.11,-11.0,-615.5588210840028,615.5588210840028,0.0,-615.5588210840028,615.5588210840028,0.0,-30751.898568414745,30751.898568414745,0.0,0.0,74.78912109375,74.78912109375,0.0,0.0,0.0,0.0,0.0,-318093.27089489,-318093.27089489,31983.01621058275,31983.01621058275,31883.01621058275,0.0,100.0,0.0,0.0,31983.01621058275,31908.227089489003,1,0.0,100.0
7279,59308.152712873976,0.0,-593081.5271287397,0.0,10.0,0.0,-0.0,0.1,0.306500197,30.650019699999998,0.0,0.0,100.0,1.0,0.11,-11.0,-884.9687138276427,884.9687138276427,0.0,-884.9687138276427,884.9687138276427,0.0,-63366.22255179376,63366.22255179376,0.0,0.0,2991.56484375,2991.56484375,0.0,0.0,2736.4424228250705,2736.4424228250705,0.0,-593092.5271287397,-593092.5271287397,65136.15997944905,65136.15997944905,65036.15997944905,0.0,100.0,0.0,0.0,65136.15997944905,59408.152712873976,1,0.0,100.0
7280,47214.46915711231,0.0,-472144.6915711231,0.0,10.0,0.0,-0.0,0.1,0.305545947,30.5545947,0.0,0.0,100.0,1.0,0.11,-11.0,-1031.3785333741685,1031.3785333741685,0.0,-1031.3785333741685,1031.3785333741685,0.0,-61149.57757146489,61149.57757146489,0.0,0.0,9872.163984375,9872.163984375,0.0,0.0,6025.701496725913,6025.701496725913,0.0,-472155.6915711231,-472155.6915711231,63212.33463821322,63212.33463821323,63112.33463821322,0.0,100.0,0.0,0.0,63212.33463821323,47314.46915711232,1,0.0,100.0
7281,39401.79609831948,0.0,-394017.96098319476,0.0,10.0,0.0,-0.0,0.1,0.308632161,30.863216100000002,0.0,0.0,100.0,1.0,0.11,-11.0,-1161.51075688954,1161.51075688954,0.0,-1161.51075688954,1161.51075688954,0.0,-58295.95960291147,58295.95960291147,0.0,0.0,8264.197880859374,8264.197880859374,0.0,0.0,12852.987137511696,12852.987137511696,0.0,-394028.96098319476,-394028.96098319476,60618.98111669055,60618.98111669055,60518.98111669055,0.0,100.0,0.0,0.0,60618.98111669055,39501.79609831948,1,0.0,100.0
7282,46342.69649036782,0.0,-463426.9649036782,0.0,10.0,0.0,-0.0,0.1,0.2982713919999999,29.82713919999999,0.0,0.0,100.0,1.0,0.11,-11.0,-1247.4443119101186,1247.4443119101186,0.0,-1247.4443119101186,1247.4443119101186,0.0,-58395.608579529566,58395.608579529566,0.0,0.0,4524.741826171875,4524.741826171875,0.0,0.0,9923.058886810104,9923.058886810104,0.0,-463437.9649036782,-463437.9649036782,60890.497203349805,60890.497203349805,60790.497203349805,0.0,100.0,0.0,0.0,60890.497203349805,46442.69649036783,1,0.0,100.0
7283,38746.57179741129,0.0,-387465.71797411295,0.0,10.0,0.0,-0.0,0.1,0.311490172,31.1490172,0.0,0.0,100.0,1.0,0.11,-11.0,-1297.375183492411,1297.375183492411,0.0,-1297.375183492411,1297.375183492411,0.0,-55466.74491518333,55466.74491518333,0.0,0.0,6693.626337890625,6693.626337890625,0.0,0.0,12521.297146866233,12521.297146866233,0.0,-387476.71797411295,-387476.71797411295,58061.49528216815,58061.49528216815,57961.49528216815,0.0,100.0,0.0,0.0,58061.49528216815,38846.57179741129,1,0.0,100.0
7284,43066.727084849845,0.0,-430667.27084849845,0.0,10.0,0.0,-0.0,0.1,0.313208858,31.3208858,0.0,0.0,100.0,1.0,0.11,-11.0,-1289.0015541462103,1289.0015541462103,0.0,-1289.0015541462103,1289.0015541462103,0.0,-58559.71513807301,58559.71513807301,0.0,0.0,8600.74892578125,8600.74892578125,0.0,0.0,9370.242235734331,9370.242235734331,0.0,-430678.27084849845,-430678.27084849845,61137.718246365424,61137.718246365424,61037.718246365424,0.0,100.0,0.0,0.0,61137.718246365424,43166.727084849845,1,0.0,100.0
7285,52254.3972823739,0.0,-522543.97282373905,0.0,10.0,0.0,-0.0,0.1,0.326724356,32.6724356,0.0,0.0,100.0,1.0,0.11,-11.0,-1324.5634432395927,1324.5634432395927,0.0,-1324.5634432395927,1324.5634432395927,0.0,-58537.08942674093,58537.08942674093,0.0,0.0,4823.898310546875,4823.898310546875,0.0,0.0,4007.9207202993457,4007.9207202993457,0.0,-522554.97282373905,-522554.97282373905,61186.216313220124,61186.21631322012,61086.216313220124,0.0,100.0,0.0,0.0,61186.21631322012,52354.397282373895,1,0.0,100.0
7286,53561.667365882764,0.0,-535616.6736588277,0.0,10.0,0.0,-0.0,0.1,0.317271101,31.7271101,0.0,0.0,100.0,1.0,0.08,-8.0,-1336.6857092803698,1336.6857092803698,0.0,-1336.6857092803698,1336.6857092803698,0.0,-58431.68680309772,58431.68680309772,0.0,0.0,2468.04099609375,2468.04099609375,0.0,0.0,4975.349859681946,4975.349859681946,0.0,-535624.6736588277,-535624.6736588277,61105.05822165846,61105.05822165846,61005.05822165846,0.0,100.0,0.0,0.0,61105.05822165846,53661.667365882764,1,0.0,100.0
7287,59155.2970677782,0.0,-591552.970677782,0.0,10.0,0.0,-0.0,0.1,0.3167928439999999,31.67928439999999,0.0,0.0,100.0,1.0,0.08,-8.0,-1281.9970593270004,1281.9970593270004,0.0,-1281.9970593270004,1281.9970593270004,0.0,-61235.67870904329,61235.67870904329,0.0,0.0,2056.700830078125,2056.700830078125,0.0,0.0,2487.674929840973,2487.674929840973,0.0,-591560.970677782,-591560.970677782,63799.6728276973,63799.67282769729,63699.6728276973,0.0,100.0,0.0,0.0,63799.67282769729,59255.2970677782,1,0.0,100.0
7288,57341.93811996247,0.0,-573419.3811996247,0.0,10.0,0.0,-0.0,0.1,0.326607251,32.6607251,0.0,0.0,100.0,1.0,0.08,-8.0,-1009.8344520739288,1009.8344520739288,0.0,-1009.8344520739288,1009.8344520739288,0.0,-55871.00394237711,55871.00394237711,0.0,0.0,448.7347265625,448.7347265625,0.0,0.0,0.0,0.0,0.0,-573427.3811996247,-573427.3811996247,57890.67284652497,57890.67284652497,57790.67284652497,0.0,100.0,0.0,0.0,57890.67284652497,57441.93811996247,1,0.0,100.0
7289,47102.73575074674,0.0,-471027.3575074674,0.0,10.0,0.0,-0.0,0.1,0.329293126,32.929312599999996,0.0,0.0,100.0,1.0,0.11,-11.0,-916.417047343428,916.417047343428,0.0,-916.417047343428,916.417047343428,0.0,-45369.90165605988,45369.90165605988,0.0,0.0,0.0,0.0,0.0,0.0,0.0,0.0,0.0,-471038.3575074674,-471038.3575074674,47202.73575074674,47202.73575074674,47102.73575074674,0.0,100.0,0.0,0.0,47202.73575074674,47202.73575074674,1,0.0,100.0
7290,45507.33552887694,0.0,-455073.35528876935,0.0,10.0,0.0,-0.0,0.1,0.324390118,32.4390118,0.0,0.0,100.0,1.0,0.11,-11.0,-857.2234964992665,857.2234964992665,0.0,-857.2234964992665,857.2234964992665,0.0,-43892.8885358784,43892.8885358784,0.0,0.0,0.0,0.0,0.0,0.0,0.0,0.0,0.0,-455084.35528876935,-455084.35528876935,45607.33552887694,45607.33552887694,45507.33552887694,0.0,100.0,0.0,0.0,45607.33552887694,45607.33552887694,1,0.0,100.0
7291,36390.2514873661,0.0,-363902.514873661,0.0,10.0,0.0,-0.0,0.1,0.32018265,32.018265,0.0,0.0,100.0,1.0,0.11,-11.0,-817.6900515256841,817.6900515256841,0.0,-817.6900515256841,817.6900515256841,0.0,-34854.87138431473,34854.87138431473,0.0,0.0,0.0,0.0,0.0,0.0,0.0,0.0,0.0,-363913.514873661,-363913.514873661,36490.2514873661,36490.2514873661,36390.2514873661,0.0,100.0,0.0,0.0,36490.2514873661,36490.2514873661,1,0.0,100.0
7292,33745.29453049956,0.0,-337452.9453049956,0.0,10.0,0.0,-0.0,0.1,0.313761093,31.3761093,0.0,0.0,100.0,1.0,0.11,-11.0,-233.6084744084797,233.6084744084797,0.0,-233.6084744084797,233.6084744084797,0.0,-33378.0775816826,33378.0775816826,0.0,0.0,0.0,0.0,0.0,0.0,0.0,0.0,0.0,-337463.9453049956,-337463.9453049956,33845.29453049956,33845.29453049956,33745.29453049956,0.0,100.0,0.0,0.0,33845.29453049956,33845.29453049956,1,0.0,100.0
7293,21489.25681430975,0.0,-214892.56814309748,0.0,10.0,0.0,-0.0,0.1,0.309172423,30.917242299999998,0.0,0.0,100.0,1.0,0.11,-11.0,-233.62596665668283,233.62596665668283,0.0,-233.62596665668283,233.62596665668283,0.0,-21122.004880996385,21122.004880996385,0.0,0.0,0.0,0.0,0.0,0.0,0.0,0.0,0.0,-214903.56814309748,-214903.56814309748,21589.25681430975,21589.25681430975,21489.25681430975,0.0,100.0,0.0,0.0,21589.25681430975,21589.25681430975,1,0.0,100.0
7294,18510.388831714172,0.0,-185103.8883171417,0.0,10.0,0.0,-0.0,0.1,0.306065828,30.606582799999998,0.0,0.0,100.0,1.0,0.11,-11.0,-236.4811568689214,236.4811568689214,0.0,-236.4811568689214,236.4811568689214,0.0,-18137.426517976328,18137.426517976328,0.0,0.0,0.0,0.0,0.0,0.0,0.0,0.0,0.0,-185114.8883171417,-185114.8883171417,18610.388831714172,18610.388831714172,18510.388831714172,0.0,100.0,0.0,0.0,18610.388831714172,18610.388831714172,1,0.0,100.0
7295,17765.293659514664,0.0,-177652.93659514663,0.0,10.0,0.0,-0.0,0.1,0.309957529,30.9957529,0.0,0.0,100.0,1.0,0.11,-11.0,-233.4087530159132,233.4087530159132,0.0,-233.4087530159132,233.4087530159132,0.0,-17398.476153482836,17398.476153482836,0.0,0.0,0.0,0.0,0.0,0.0,0.0,0.0,0.0,-177663.93659514663,-177663.93659514663,17865.293659514664,17865.293659514664,17765.293659514664,0.0,100.0,0.0,0.0,17865.293659514664,17865.293659514664,1,0.0,100.0
7296,17764.992391908283,0.0,-177649.92391908282,0.0,10.0,0.0,-0.0,0.1,0.312931318,31.2931318,0.0,0.0,100.0,1.0,0.08,-8.0,-233.25802550019336,233.25802550019336,0.0,-233.25802550019336,233.25802550019336,0.0,-17398.476340907895,17398.476340907895,0.0,0.0,0.0,0.0,0.0,0.0,0.0,0.0,0.0,-177657.92391908282,-177657.92391908282,17864.992391908283,17864.992391908283,17764.992391908283,0.0,100.0,0.0,0.0,17864.992391908283,17864.992391908283,1,0.0,100.0
7297,17764.68805395758,0.0,-177646.8805395758,0.0,10.0,0.0,-0.0,0.1,0.323168258,32.3168258,0.0,0.0,100.0,1.0,0.08,-8.0,-233.1058595478281,233.1058595478281,0.0,-233.1058595478281,233.1058595478281,0.0,-17398.476334861924,17398.476334861924,0.0,0.0,0.0,0.0,0.0,0.0,0.0,0.0,0.0,-177654.8805395758,-177654.8805395758,17864.68805395758,17864.68805395758,17764.68805395758,0.0,100.0,0.0,0.0,17864.68805395758,17864.68805395758,1,0.0,100.0
7298,17764.37545623035,0.0,-177643.7545623035,0.0,10.0,0.0,-0.0,0.1,0.323086448,32.3086448,0.0,0.0,100.0,1.0,0.08,-8.0,-232.94955766122857,232.94955766122857,0.0,-232.94955766122857,232.94955766122857,0.0,-17398.476340907895,17398.476340907895,0.0,0.0,0.0,0.0,0.0,0.0,0.0,0.0,0.0,-177651.7545623035,-177651.7545623035,17864.37545623035,17864.37545623035,17764.37545623035,0.0,100.0,0.0,0.0,17864.37545623035,17864.37545623035,1,0.0,100.0
7299,18504.840459406012,0.0,-185048.40459406012,0.0,10.0,0.0,-0.0,0.1,0.311435486,31.1435486,0.0,0.0,100.0,1.0,0.08,-8.0,-233.7068709563449,233.7068709563449,0.0,-233.7068709563449,233.7068709563449,0.0,-18137.426717493323,18137.426717493323,0.0,0.0,0.0,0.0,0.0,0.0,0.0,0.0,0.0,-185056.40459406012,-185056.40459406012,18604.840459406012,18604.840459406012,18504.840459406012,0.0,100.0,0.0,0.0,18604.840459406012,18604.840459406012,1,0.0,100.0
7300,21489.048811335782,0.0,-214890.48811335783,0.0,10.0,0.0,-0.0,0.1,0.287123859,28.712385899999997,0.0,0.0,100.0,1.0,0.08,-8.0,-233.479138543626,233.479138543626,0.0,-233.479138543626,233.479138543626,0.0,-21122.09053424853,21122.09053424853,0.0,0.0,0.0,0.0,0.0,0.0,0.0,0.0,0.0,-214898.48811335783,-214898.48811335783,21589.048811335782,21589.048811335782,21489.048811335782,0.0,100.0,0.0,0.0,21589.048811335782,21589.048811335782,1,0.0,100.0
7301,26284.995145629262,0.0,-262849.95145629265,0.0,10.0,0.0,-0.0,0.1,0.286639498,28.663949799999997,0.0,0.0,100.0,1.0,0.11,-11.0,-268.8668167580959,268.8668167580959,0.0,-268.8668167580959,268.8668167580959,0.0,-25847.26151211307,25847.26151211307,0.0,0.0,0.0,0.0,0.0,0.0,0.0,0.0,0.0,-262860.95145629265,-262860.95145629265,26384.995145629262,26384.995145629262,26284.995145629262,0.0,100.0,0.0,0.0,26384.995145629262,26384.995145629262,1,0.0,100.0
7302,32016.222833945943,0.0,-320162.22833945946,0.0,10.0,0.0,-0.0,0.1,0.272871196,27.287119599999997,0.0,0.0,100.0,1.0,0.11,-11.0,-521.8450489475383,521.8450489475383,0.0,-521.8450489475383,521.8450489475383,0.0,-31259.50553878524,31259.50553878524,0.0,0.0,186.972802734375,186.972802734375,0.0,0.0,0.0,0.0,0.0,-320173.22833945946,-320173.22833945946,32303.195636680317,32303.195636680317,32203.195636680317,0.0,100.0,0.0,0.0,32303.195636680317,32116.222833945943,1,0.0,100.0
7303,56323.88157444245,0.0,-563238.8157444245,0.0,10.0,0.0,-0.0,0.1,0.2721907289999999,27.21907289999999,0.0,0.0,100.0,1.0,0.11,-11.0,-695.942663421508,695.942663421508,0.0,-695.942663421508,695.942663421508,0.0,-63363.007970186256,63363.007970186256,0.0,0.0,5235.2384765625,5235.2384765625,0.0,0.0,3095.7732460243224,3095.7732460243224,0.0,-563249.8157444245,-563249.8157444245,64754.89329702927,64754.89329702927,64654.89329702927,0.0,100.0,0.0,0.0,64754.89329702927,56423.88157444245,1,0.0,100.0
7304,43352.46931327405,0.0,-433524.6931327405,0.0,10.0,0.0,-0.0,0.1,0.268252302,26.8252302,0.0,0.0,100.0,1.0,0.11,-11.0,-751.8971869962539,751.8971869962539,0.0,-751.8971869962539,751.8971869962539,0.0,-61143.86963197039,61143.86963197039,0.0,0.0,11068.789921875,11068.789921875,0.0,0.0,8126.404770813846,8126.404770813846,0.0,-433535.6931327405,-433535.6931327405,62647.6640059629,62647.6640059629,62547.6640059629,0.0,100.0,0.0,0.0,62647.6640059629,43452.46931327405,1,0.0,100.0
7305,30459.585959173266,0.0,-304595.8595917327,0.0,10.0,0.0,-0.0,0.1,0.27542384,27.542384,0.0,0.0,100.0,1.0,0.11,-11.0,-910.775860583616,910.775860583616,0.0,-910.775860583616,910.775860583616,0.0,-58187.69323318808,58187.69323318808,0.0,0.0,16790.157685546874,16790.157685546874,0.0,0.0,12659.501309635174,12659.501309635174,0.0,-304606.8595917327,-304606.8595917327,60009.244954355316,60009.244954355316,59909.244954355316,0.0,100.0,0.0,0.0,60009.244954355316,30559.585959173266,1,0.0,100.0
7306,25301.627095807406,0.0,-253016.27095807405,0.0,10.0,0.0,-0.0,0.1,0.271437628,27.143762799999998,0.0,0.0,100.0,1.0,0.11,-11.0,-1040.9066941151211,1040.9066941151211,0.0,-1040.9066941151211,1040.9066941151211,0.0,-58227.616288378806,58227.616288378806,0.0,0.0,18959.042197265622,18959.042197265622,0.0,0.0,15948.760383536017,15948.760383536017,0.0,-253027.27095807405,-253027.27095807405,60309.42967660904,60309.42967660905,60209.42967660904,0.0,100.0,0.0,0.0,60309.42967660905,25401.62709580741,1,0.0,100.0
7307,21168.483743090284,0.0,-211684.83743090284,0.0,10.0,0.0,-0.0,0.1,0.295992094,29.5992094,0.0,0.0,100.0,1.0,0.11,-11.0,-1069.0321331200007,1069.0321331200007,0.0,-1069.0321331200007,1069.0321331200007,0.0,-55347.09491567307,55347.09491567307,0.0,0.0,18996.4367578125,18996.4367578125,0.0,0.0,17220.23868101029,17220.23868101029,0.0,-211695.83743090284,-211695.83743090284,57485.15918191307,57485.15918191307,57385.15918191307,0.0,100.0,0.0,0.0,57485.15918191307,21268.483743090284,1,0.0,100.0
7308,23222.543163478316,0.0,-232225.43163478316,0.0,10.0,0.0,-0.0,0.1,0.2912077,29.12077,0.0,0.0,100.0,1.0,0.11,-11.0,-1083.874835248957,1083.874835248957,0.0,-1083.874835248957,1083.874835248957,0.0,-58451.05013338616,58451.05013338616,0.0,0.0,19744.32796875,19744.32796875,0.0,0.0,17551.928671655754,17551.928671655754,0.0,-232236.43163478316,-232236.43163478316,60618.799803884074,60618.799803884074,60518.799803884074,0.0,100.0,0.0,0.0,60618.799803884074,23322.543163478316,1,0.0,100.0
7309,28650.075531985545,0.0,-286500.75531985547,0.0,10.0,0.0,-0.0,0.1,0.291680841,29.1680841,0.0,0.0,100.0,1.0,0.11,-11.0,-1125.689286844614,1125.689286844614,0.0,-1125.689286844614,1125.689286844614,0.0,-58432.79018046839,58432.79018046839,0.0,0.0,16565.790322265624,16565.790322265624,0.0,0.0,15368.302899906455,15368.302899906455,0.0,-286511.75531985547,-286511.75531985547,60684.168754157625,60684.168754157625,60584.168754157625,0.0,100.0,0.0,0.0,60684.168754157625,28750.075531985545,1,0.0,100.0
7310,37333.97031782611,0.0,-373339.7031782611,0.0,10.0,0.0,-0.0,0.1,0.310748409,31.0748409,0.0,0.0,100.0,1.0,0.08,-8.0,-1146.5619841795751,1146.5619841795751,0.0,-1146.5619841795751,1146.5619841795751,0.0,-58348.82281673157,58348.82281673157,0.0,0.0,11405.340966796875,11405.340966796875,0.0,0.0,11802.635500467728,11802.635500467728,0.0,-373347.7031782611,-373347.7031782611,60641.94678509072,60641.94678509072,60541.94678509072,0.0,100.0,0.0,0.0,60641.94678509072,37433.97031782611,1,0.0,100.0
7311,50225.969866921565,0.0,-502259.69866921566,0.0,10.0,0.0,-0.0,0.1,0.300564656,30.0564656,0.0,0.0,100.0,1.0,0.08,-8.0,-1123.6425699113456,1123.6425699113456,0.0,-1123.6425699113456,1123.6425699113456,0.0,-61191.52886205086,61191.52886205086,0.0,0.0,5870.946005859375,5870.946005859375,0.0,0.0,7241.898129092611,7241.898129092611,0.0,-502267.69866921566,-502267.69866921566,63438.81400187355,63438.81400187355,63338.81400187355,0.0,100.0,0.0,0.0,63438.81400187355,50325.969866921565,1,0.0,100.0
7312,56494.243014285326,0.0,-564942.4301428533,0.0,10.0,0.0,-0.0,0.1,0.286477441,28.6477441,0.0,0.0,100.0,1.0,0.08,-8.0,-848.4538949760546,848.4538949760546,0.0,-848.4538949760546,848.4538949760546,0.0,-55869.59379855197,55869.59379855197,0.0,0.0,972.25857421875,972.25857421875,0.0,0.0,0.0,0.0,0.0,-564950.4301428533,-564950.4301428533,57566.50158850408,57566.50158850408,57466.50158850408,0.0,100.0,0.0,0.0,57566.50158850408,56594.243014285326,1,0.0,100.0
7313,46792.97598596508,0.0,-467929.7598596508,0.0,10.0,0.0,-0.0,0.1,0.27265163,27.265162999999998,0.0,0.0,100.0,1.0,0.11,-11.0,-761.9765437055651,761.9765437055651,0.0,-761.9765437055651,761.9765437055651,0.0,-45369.02289855395,45369.02289855395,0.0,0.0,0.0,0.0,0.0,0.0,0.0,0.0,0.0,-467940.7598596508,-467940.7598596508,46892.97598596508,46892.97598596508,46792.97598596508,0.0,100.0,0.0,0.0,46892.97598596508,46892.97598596508,1,0.0,100.0
7314,45222.79606915508,0.0,-452227.96069155086,0.0,10.0,0.0,-0.0,0.1,0.2478509789999999,24.78509789999999,0.0,0.0,100.0,1.0,0.11,-11.0,-715.4372779468265,715.4372779468265,0.0,-715.4372779468265,715.4372779468265,0.0,-43891.92151326143,43891.92151326143,0.0,0.0,0.0,0.0,0.0,0.0,0.0,0.0,0.0,-452238.96069155086,-452238.96069155086,45322.79606915508,45322.79606915508,45222.79606915508,0.0,100.0,0.0,0.0,45322.79606915508,45322.79606915508,1,0.0,100.0
7315,36112.76700621467,0.0,-361127.67006214673,0.0,10.0,0.0,-0.0,0.1,0.2328842189999999,23.28842189999999,0.0,0.0,100.0,1.0,0.11,-11.0,-679.3975494719328,679.3975494719328,0.0,-679.3975494719328,679.3975494719328,0.0,-34853.9719072708,34853.9719072708,0.0,0.0,0.0,0.0,0.0,0.0,0.0,0.0,0.0,-361138.67006214673,-361138.67006214673,36212.76700621467,36212.76700621467,36112.76700621467,0.0,100.0,0.0,0.0,36212.76700621467,36212.76700621467,1,0.0,100.0
7316,33745.11276201948,0.0,-337451.1276201948,0.0,10.0,0.0,-0.0,0.1,0.228820894,22.882089399999998,0.0,0.0,100.0,1.0,0.11,-11.0,-234.00168189000723,234.00168189000723,0.0,-234.00168189000723,234.00168189000723,0.0,-33377.10939823947,33377.10939823947,0.0,0.0,0.0,0.0,0.0,0.0,0.0,0.0,0.0,-337462.1276201948,-337462.1276201948,33845.11276201948,33845.11276201948,33745.11276201948,0.0,100.0,0.0,0.0,33845.11276201948,33845.11276201948,1,0.0,100.0
7317,21488.61278975793,0.0,-214886.1278975793,0.0,10.0,0.0,-0.0,0.1,0.248517042,24.8517042,0.0,0.0,100.0,1.0,0.11,-11.0,-233.30386973719803,233.30386973719803,0.0,-233.30386973719803,233.30386973719803,0.0,-21122.005050283537,21122.005050283537,0.0,0.0,0.0,0.0,0.0,0.0,0.0,0.0,0.0,-214897.1278975793,-214897.1278975793,21588.61278975793,21588.61278975793,21488.61278975793,0.0,100.0,0.0,0.0,21588.61278975793,21588.61278975793,1,0.0,100.0
7318,18509.9225566001,0.0,-185099.225566001,0.0,10.0,0.0,-0.0,0.1,0.254894366,25.489436599999998,0.0,0.0,100.0,1.0,0.11,-11.0,-236.24792862234017,236.24792862234017,0.0,-236.24792862234017,236.24792862234017,0.0,-18137.42669935542,18137.42669935542,0.0,0.0,0.0,0.0,0.0,0.0,0.0,0.0,0.0,-185110.225566001,-185110.225566001,18609.9225566001,18609.9225566001,18509.9225566001,0.0,100.0,0.0,0.0,18609.9225566001,18609.9225566001,1,0.0,100.0
7319,17764.95310279268,0.0,-177649.53102792677,0.0,10.0,0.0,-0.0,0.1,0.315419021,31.5419021,0.0,0.0,100.0,1.0,0.11,-11.0,-233.23838396537755,233.23838396537755,0.0,-233.23838396537755,233.23838396537755,0.0,-17398.476334861924,17398.476334861924,0.0,0.0,0.0,0.0,0.0,0.0,0.0,0.0,0.0,-177660.53102792677,-177660.53102792677,17864.95310279268,17864.95310279268,17764.95310279268,0.0,100.0,0.0,0.0,17864.95310279268,17864.95310279268,1,0.0,100.0
7320,17764.849019984,0.0,-177648.49019984002,0.0,10.0,0.0,-0.0,0.1,0.298244772,29.8244772,0.0,0.0,100.0,1.0,0.08,-8.0,-233.186251871494,233.186251871494,0.0,-233.186251871494,233.186251871494,0.0,-17398.476516241015,17398.476516241015,0.0,0.0,0.0,0.0,0.0,0.0,0.0,0.0,0.0,-177656.49019984002,-177656.49019984002,17864.849019984,17864.849019984,17764.849019984,0.0,100.0,0.0,0.0,17864.849019984,17864.849019984,1,0.0,100.0
7321,17764.791563356495,0.0,-177647.91563356496,0.0,10.0,0.0,-0.0,0.1,0.306186666,30.6186666,0.0,0.0,100.0,1.0,0.08,-8.0,-233.15752355774063,233.15752355774063,0.0,-233.15752355774063,233.15752355774063,0.0,-17398.476516241015,17398.476516241015,0.0,0.0,0.0,0.0,0.0,0.0,0.0,0.0,0.0,-177655.91563356496,-177655.91563356496,17864.791563356495,17864.791563356495,17764.791563356495,0.0,100.0,0.0,0.0,17864.791563356495,17864.791563356495,1,0.0,100.0
7322,17764.70500353366,0.0,-177647.0500353366,0.0,10.0,0.0,-0.0,0.1,0.312753582,31.275358199999996,0.0,0.0,100.0,1.0,0.08,-8.0,-233.11424062333705,233.11424062333705,0.0,-233.11424062333705,233.11424062333705,0.0,-17398.476522286986,17398.476522286986,0.0,0.0,0.0,0.0,0.0,0.0,0.0,0.0,0.0,-177655.0500353366,-177655.0500353366,17864.70500353366,17864.70500353366,17764.70500353366,0.0,100.0,0.0,0.0,17864.70500353366,17864.70500353366,1,0.0,100.0
7323,18505.636455482843,0.0,-185056.36455482844,0.0,10.0,0.0,-0.0,0.1,0.314219595,31.421959500000003,0.0,0.0,100.0,1.0,0.08,-8.0,-234.104781328199,234.104781328199,0.0,-234.104781328199,234.104781328199,0.0,-18137.426892826446,18137.426892826446,0.0,0.0,0.0,0.0,0.0,0.0,0.0,0.0,0.0,-185064.36455482844,-185064.36455482844,18605.636455482843,18605.636455482843,18505.636455482843,0.0,100.0,0.0,0.0,18605.636455482843,18605.636455482843,1,0.0,100.0
7324,21490.069081179943,0.0,-214900.69081179943,0.0,10.0,0.0,-0.0,0.1,0.287482195,28.7482195,0.0,0.0,100.0,1.0,0.08,-8.0,-233.98911324750992,233.98911324750992,0.0,-233.98911324750992,233.98911324750992,0.0,-21122.090854684924,21122.090854684924,0.0,0.0,0.0,0.0,0.0,0.0,0.0,0.0,0.0,-214908.69081179943,-214908.69081179943,21590.069081179943,21590.069081179943,21490.069081179943,0.0,100.0,0.0,0.0,21590.069081179943,21590.069081179943,1,0.0,100.0
7325,26410.429511498216,0.0,-264104.2951149822,0.0,10.0,0.0,-0.0,0.1,0.300412162,30.041216199999997,0.0,0.0,100.0,1.0,0.11,-11.0,-329.4158786973677,329.4158786973677,0.0,-329.4158786973677,329.4158786973677,0.0,-25851.59775410348,25851.59775410348,0.0,0.0,0.0,0.0,0.0,0.0,0.0,0.0,0.0,-264115.2951149822,-264115.2951149822,26510.429511498216,26510.429511498216,26410.429511498216,0.0,100.0,0.0,0.0,26510.429511498216,26510.429511498216,1,0.0,100.0
7326,32324.41070129655,0.0,-323244.1070129655,0.0,10.0,0.0,-0.0,0.1,0.295286212,29.5286212,0.0,0.0,100.0,1.0,0.11,-11.0,-581.6838694664663,581.6838694664663,0.0,-581.6838694664663,581.6838694664663,0.0,-31261.04296236362,31261.04296236362,0.0,0.0,0.0,0.0,0.0,0.0,0.0,0.0,0.0,-323255.1070129655,-323255.1070129655,32424.41070129655,32424.41070129655,32324.41070129655,0.0,100.0,0.0,0.0,32424.41070129655,32424.41070129655,1,0.0,100.0
7327,56606.39733402521,0.0,-566063.9733402522,0.0,10.0,0.0,-0.0,0.1,0.299002389,29.900238899999998,0.0,0.0,100.0,1.0,0.11,-11.0,-772.9502048210315,772.9502048210315,0.0,-772.9502048210315,772.9502048210315,0.0,-63363.05821219412,63363.05821219412,0.0,0.0,5272.633037109375,5272.633037109375,0.0,0.0,2929.9282507015905,2929.9282507015905,0.0,-566074.9733402522,-566074.9733402522,64908.95862183618,64908.95862183618,64808.95862183618,0.0,100.0,0.0,0.0,64908.95862183618,56706.39733402521,1,0.0,100.0
7328,44165.60192044355,0.0,-441656.0192044355,0.0,10.0,0.0,-0.0,0.1,0.303707328,30.3707328,0.0,0.0,100.0,1.0,0.11,-11.0,-838.1827409956279,838.1827409956279,0.0,-838.1827409956279,838.1827409956279,0.0,-61156.82535897162,61156.82535897162,0.0,0.0,10994.00080078125,10994.00080078125,0.0,0.0,7573.588119738074,7573.588119738074,0.0,-441667.0192044355,-441667.0192044355,62833.190840962874,62833.190840962874,62733.190840962874,0.0,100.0,0.0,0.0,62833.190840962874,44265.60192044355,1,0.0,100.0
7329,30595.662213037744,0.0,-305956.62213037745,0.0,10.0,0.0,-0.0,0.1,0.307584282,30.758428199999997,0.0,0.0,100.0,1.0,0.11,-11.0,-910.4917565843784,910.4917565843784,0.0,-910.4917565843784,910.4917565843784,0.0,-58337.36374533532,58337.36374533532,0.0,0.0,16416.212080078123,16416.212080078123,0.0,0.0,13046.472965388217,13046.472965388217,0.0,-305967.62213037745,-305967.62213037745,60158.34725850409,60158.34725850408,60058.34725850409,0.0,100.0,0.0,0.0,60158.34725850408,30695.66221303774,1,0.0,100.0
7330,31346.13252417429,0.0,-313461.3252417429,0.0,10.0,0.0,-0.0,0.1,0.301342492,30.134249200000003,0.0,0.0,100.0,1.0,0.11,-11.0,-1019.1506176806693,1019.1506176806693,0.0,-1019.1506176806693,1019.1506176806693,0.0,-65837.4367726179,65837.4367726179,0.0,0.0,20342.6409375,20342.6409375,0.0,0.0,16086.96454630496,16086.96454630496,0.0,-313472.3252417429,-313472.3252417429,67875.73800797925,67875.73800797925,67775.73800797925,0.0,100.0,0.0,0.0,67875.73800797925,31446.13252417429,1,0.0,100.0
7331,35190.530954326336,0.0,-351905.30954326334,0.0,10.0,0.0,-0.0,0.1,0.292900465,29.2900465,0.0,0.0,100.0,1.0,0.11,-11.0,-1128.438914267662,1128.438914267662,0.0,-1128.438914267662,1128.438914267662,0.0,-72663.01892181278,72663.01892181278,0.0,0.0,21801.028798828123,21801.028798828123,0.0,0.0,17828.33699719364,17828.33699719364,0.0,-351916.30954326334,-351916.30954326334,74919.8967503481,74919.8967503481,74819.8967503481,0.0,100.0,0.0,0.0,74919.8967503481,35290.53095432633,1,0.0,100.0
7332,44128.592029855194,0.0,-441285.9202985519,0.0,10.0,0.0,-0.0,0.1,0.290643711,29.064371100000002,0.0,0.0,100.0,1.0,0.11,-11.0,-1130.218232949994,1130.218232949994,0.0,-1130.218232949994,1130.218232949994,0.0,-80396.0027487603,80396.0027487603,0.0,0.0,20903.559345703125,20903.559345703125,0.0,0.0,17524.287839101966,17524.287839101966,0.0,-441296.9202985519,-441296.9202985519,82656.43921466029,82656.43921466028,82556.43921466029,0.0,100.0,0.0,0.0,82656.43921466028,44228.59202985519,1,0.0,100.0
7333,49827.822232314225,0.0,-498278.2223231422,0.0,10.0,0.0,-0.0,0.1,0.286969268,28.6969268,0.0,0.0,100.0,1.0,0.11,-11.0,-1145.933630298836,1145.933630298836,0.0,-1145.933630298836,1145.933630298836,0.0,-80942.27285470445,80942.27285470445,0.0,0.0,17799.8108203125,17799.8108203125,0.0,0.0,15506.5070626754,15506.5070626754,0.0,-498289.2223231422,-498289.2223231422,83234.14011530213,83234.14011530213,83134.14011530213,0.0,100.0,0.0,0.0,83234.14011530213,49927.822232314225,1,0.0,100.0
7334,58701.081956717746,0.0,-587010.8195671774,0.0,10.0,0.0,-0.0,0.1,0.298916649,29.8916649,0.0,0.0,100.0,1.0,0.08,-8.0,-1105.8811836761745,1105.8811836761745,0.0,-1105.8811836761745,1105.8811836761745,0.0,-81132.12615689894,81132.12615689894,0.0,0.0,12601.966904296874,12601.966904296874,0.0,0.0,11940.839663236671,11940.839663236671,0.0,-587018.8195671774,-587018.8195671774,83343.88852425129,83343.88852425129,83243.88852425129,0.0,100.0,0.0,0.0,83343.88852425129,58801.081956717746,1,0.0,100.0
7335,73365.93528997549,0.0,-733659.3528997549,0.0,10.0,0.0,-0.0,0.1,0.308104999,30.8104999,0.0,0.0,100.0,1.0,0.08,-8.0,-1006.5770771848418,1006.5770771848418,0.0,-1006.5770771848418,1006.5770771848418,0.0,-84073.01457774654,84073.01457774654,0.0,0.0,4936.0819921875,4936.0819921875,0.0,0.0,7684.151449953229,7684.151449953229,0.0,-733667.3528997549,-733667.3528997549,86086.16873211622,86086.16873211622,85986.16873211622,0.0,100.0,0.0,0.0,86086.16873211622,73465.93528997549,0,0.0,100.0
7336,78662.43888071725,0.0,-786624.3888071725,0.0,10.0,0.0,-0.0,0.1,0.291603036,29.1603036,0.0,0.0,100.0,1.0,0.08,-8.0,-715.441660036241,715.441660036241,0.0,-715.441660036241,715.441660036241,0.0,-77892.4739688479,77892.4739688479,0.0,0.0,560.918408203125,560.918408203125,0.0,0.0,0.0,0.0,0.0,-786632.3888071725,-786632.3888071725,79323.35728892038,79323.35728892038,79223.35728892038,0.0,100.0,0.0,0.0,79323.35728892038,78762.43888071725,1,0.0,100.0
7337,62042.92792659393,0.0,-620429.2792659394,0.0,10.0,0.0,-0.0,0.1,0.281916992,28.1916992,0.0,0.0,100.0,1.0,0.11,-11.0,-700.2673714399069,700.2673714399069,0.0,-700.2673714399069,700.2673714399069,0.0,-60742.39318371412,60742.39318371412,0.0,0.0,0.0,0.0,0.0,0.0,0.0,0.0,0.0,-620440.2792659394,-620440.2792659394,62142.92792659393,62142.92792659393,62042.92792659393,0.0,100.0,0.0,0.0,62142.92792659393,62142.92792659393,1,0.0,100.0
7338,56978.59032289873,0.0,-569785.9032289872,0.0,10.0,0.0,-0.0,0.1,0.258465652,25.8465652,0.0,0.0,100.0,1.0,0.11,-11.0,-708.4438222439176,708.4438222439176,0.0,-708.4438222439176,708.4438222439176,0.0,-55661.7026784109,55661.7026784109,0.0,0.0,0.0,0.0,0.0,0.0,0.0,0.0,0.0,-569796.9032289872,-569796.9032289872,57078.59032289873,57078.59032289873,56978.59032289873,0.0,100.0,0.0,0.0,57078.59032289873,57078.59032289873,1,0.0,100.0
7339,47623.21945456438,0.0,-476232.1945456438,0.0,10.0,0.0,-0.0,0.1,0.245424507,24.5424507,0.0,0.0,100.0,1.0,0.11,-11.0,-701.1664449719236,701.1664449719236,0.0,-701.1664449719236,701.1664449719236,0.0,-46320.88656462053,46320.88656462053,0.0,0.0,0.0,0.0,0.0,0.0,0.0,0.0,0.0,-476243.1945456438,-476243.1945456438,47723.21945456438,47723.21945456438,47623.21945456438,0.0,100.0,0.0,0.0,47723.21945456438,47723.21945456438,1,0.0,100.0
7340,42981.310879335455,0.0,-429813.10879335454,0.0,10.0,0.0,-0.0,0.1,0.248917133,24.891713300000003,0.0,0.0,100.0,1.0,0.11,-11.0,-234.21365024548152,234.21365024548152,0.0,-234.21365024548152,234.21365024548152,0.0,-42612.88357884449,42612.88357884449,0.0,0.0,0.0,0.0,0.0,0.0,0.0,0.0,0.0,-429824.10879335454,-429824.10879335454,43081.310879335455,43081.310879335455,42981.310879335455,0.0,100.0,0.0,0.0,43081.310879335455,43081.310879335455,1,0.0,100.0
7341,21488.99631628083,0.0,-214889.9631628083,0.0,10.0,0.0,-0.0,0.1,0.276294353,27.6294353,0.0,0.0,100.0,1.0,0.11,-11.0,-233.4955332401492,233.4955332401492,0.0,-233.4955332401492,233.4955332401492,0.0,-21122.00524980053,21122.00524980053,0.0,0.0,0.0,0.0,0.0,0.0,0.0,0.0,0.0,-214900.9631628083,-214900.9631628083,21588.99631628083,21588.99631628083,21488.99631628083,0.0,100.0,0.0,0.0,21588.99631628083,21588.99631628083,1,0.0,100.0
7342,18510.29902866215,0.0,-185102.9902866215,0.0,10.0,0.0,-0.0,0.1,0.313156143,31.3156143,0.0,0.0,100.0,1.0,0.11,-11.0,-236.43606791785217,236.43606791785217,0.0,-236.43606791785217,236.43606791785217,0.0,-18137.426892826446,18137.426892826446,0.0,0.0,0.0,0.0,0.0,0.0,0.0,0.0,0.0,-185113.9902866215,-185113.9902866215,18610.29902866215,18610.29902866215,18510.29902866215,0.0,100.0,0.0,0.0,18610.29902866215,18610.29902866215,1,0.0,100.0
7343,17765.468194552548,0.0,-177654.6819455255,0.0,10.0,0.0,-0.0,0.1,0.310492006,31.0492006,0.0,0.0,100.0,1.0,0.11,-11.0,-233.49583613278045,233.49583613278045,0.0,-233.49583613278045,233.49583613278045,0.0,-17398.476522286986,17398.476522286986,0.0,0.0,0.0,0.0,0.0,0.0,0.0,0.0,0.0,-177665.6819455255,-177665.6819455255,17865.468194552548,17865.468194552548,17765.468194552548,0.0,100.0,0.0,0.0,17865.468194552548,17865.468194552548,1,0.0,100.0
7344,17765.45409056283,0.0,-177654.5409056283,0.0,10.0,0.0,-0.0,0.1,0.304339215,30.4339215,0.0,0.0,100.0,1.0,0.08,-8.0,-233.48869344837613,233.48869344837613,0.0,-233.48869344837613,233.48869344837613,0.0,-17398.476703666078,17398.476703666078,0.0,0.0,0.0,0.0,0.0,0.0,0.0,0.0,0.0,-177662.5409056283,-177662.5409056283,17865.45409056283,17865.45409056283,17765.45409056283,0.0,100.0,0.0,0.0,17865.45409056283,17865.45409056283,1,0.0,100.0
7345,17765.42143307582,0.0,-177654.2143307582,0.0,10.0,0.0,-0.0,0.1,0.304996931,30.499693100000002,0.0,0.0,100.0,1.0,0.08,-8.0,-233.4723616818871,233.4723616818871,0.0,-233.4723616818871,233.4723616818871,0.0,-17398.476709712046,17398.476709712046,0.0,0.0,0.0,0.0,0.0,0.0,0.0,0.0,0.0,-177662.2143307582,-177662.2143307582,17865.42143307582,17865.42143307582,17765.42143307582,0.0,100.0,0.0,0.0,17865.42143307582,17865.42143307582,1,0.0,100.0
7346,17765.39456395963,0.0,-177653.94563959632,0.0,10.0,0.0,-0.0,0.1,0.306057502,30.6057502,0.0,0.0,100.0,1.0,0.08,-8.0,-233.4589271237932,233.4589271237932,0.0,-233.4589271237932,233.4589271237932,0.0,-17398.476709712046,17398.476709712046,0.0,0.0,0.0,0.0,0.0,0.0,0.0,0.0,0.0,-177661.94563959632,-177661.94563959632,17865.39456395963,17865.39456395963,17765.39456395963,0.0,100.0,0.0,0.0,17865.39456395963,17865.39456395963,1,0.0,100.0
7347,18515.34308209254,0.0,-185153.4308209254,0.0,10.0,0.0,-0.0,0.1,0.311213102,31.121310200000003,0.0,0.0,100.0,1.0,0.08,-8.0,-238.95800092051584,238.95800092051584,0.0,-238.95800092051584,238.95800092051584,0.0,-18137.427080251506,18137.427080251506,0.0,0.0,0.0,0.0,0.0,0.0,0.0,0.0,0.0,-185161.4308209254,-185161.4308209254,18615.34308209254,18615.34308209254,18515.34308209254,0.0,100.0,0.0,0.0,18615.34308209254,18615.34308209254,1,0.0,100.0
7348,21498.083580257633,0.0,-214980.83580257633,0.0,10.0,0.0,-0.0,0.1,0.303117101,30.3117101,0.0,0.0,100.0,1.0,0.08,-8.0,-237.9962327980084,237.9962327980084,0.0,-237.9962327980084,237.9962327980084,0.0,-21122.091114661616,21122.091114661616,0.0,0.0,0.0,0.0,0.0,0.0,0.0,0.0,0.0,-214988.83580257633,-214988.83580257633,21598.083580257633,21598.083580257633,21498.083580257633,0.0,100.0,0.0,0.0,21598.083580257633,21598.083580257633,1,0.0,100.0
7349,26587.271072407188,0.0,-265872.7107240719,0.0,10.0,0.0,-0.0,0.1,0.309599803,30.9599803,0.0,0.0,100.0,1.0,0.11,-11.0,-405.4116352752727,405.4116352752727,0.0,-405.4116352752727,405.4116352752727,0.0,-25876.44780185664,25876.44780185664,0.0,0.0,0.0,0.0,0.0,0.0,0.0,0.0,0.0,-265883.7107240719,-265883.7107240719,26687.271072407188,26687.271072407188,26587.271072407188,0.0,100.0,0.0,0.0,26687.271072407188,26687.271072407188,1,0.0,100.0
7350,32505.79964171161,0.0,-325057.9964171161,0.0,10.0,0.0,-0.0,0.1,0.291954557,29.1954557,0.0,0.0,100.0,1.0,0.11,-11.0,-674.5845412090935,674.5845412090935,0.0,-674.5845412090935,674.5845412090935,0.0,-31256.630559293422,31256.630559293422,0.0,0.0,0.0,0.0,0.0,0.0,0.0,0.0,0.0,-325068.9964171161,-325068.9964171161,32605.79964171161,32605.79964171161,32505.79964171161,0.0,100.0,0.0,0.0,32605.79964171161,32605.79964171161,1,0.0,100.0
7351,57845.835154625405,0.0,-578458.351546254,0.0,10.0,0.0,-0.0,0.1,0.2952633169999999,29.526331699999993,0.0,0.0,100.0,1.0,0.11,-11.0,-908.099220284514,908.099220284514,0.0,-908.099220284514,908.099220284514,0.0,-63361.55977907406,63361.55977907406,0.0,0.0,4412.55814453125,4412.55814453125,0.0,0.0,2819.3649204864364,2819.3649204864364,0.0,-578469.351546254,-578469.351546254,65177.75821964309,65177.75821964309,65077.75821964309,0.0,100.0,0.0,0.0,65177.75821964309,57945.8351546254,1,0.0,100.0
7352,45065.05801653605,0.0,-450650.58016536053,0.0,10.0,0.0,-0.0,0.1,0.296846224,29.6846224,0.0,0.0,100.0,1.0,0.11,-11.0,-981.1718031334198,981.1718031334198,0.0,-981.1718031334198,981.1718031334198,0.0,-61145.96988091022,61145.96988091022,0.0,0.0,10507.871513671877,10507.871513671877,0.0,0.0,7435.383956969131,7435.383956969131,0.0,-450661.58016536053,-450661.58016536053,63108.31348717706,63108.31348717706,63008.31348717706,0.0,100.0,0.0,0.0,63108.31348717706,45165.05801653605,1,0.0,100.0
7353,47705.68359386475,0.0,-477056.8359386475,0.0,10.0,0.0,-0.0,0.1,0.307643525,30.764352499999998,0.0,0.0,100.0,1.0,0.11,-11.0,-1062.4741327511176,1062.4741327511176,0.0,-1062.4741327511176,1062.4741327511176,0.0,-63622.11749205596,63622.11749205596,0.0,0.0,15481.34806640625,15481.34806640625,0.0,0.0,2460.0340972871845,2460.0340972871845,0.0,-477067.8359386475,-477067.8359386475,65747.06575755819,65747.06575755819,65647.06575755819,0.0,100.0,0.0,0.0,65747.06575755819,47805.68359386476,1,0.0,100.0
7354,41076.72627988231,0.0,-410767.26279882307,0.0,10.0,0.0,-0.0,0.1,0.293798445,29.3798445,0.0,0.0,100.0,1.0,0.11,-11.0,-1129.2919036837604,1129.2919036837604,0.0,-1129.2919036837604,1129.2919036837604,0.0,-69938.40463010584,69938.40463010584,0.0,0.0,17725.02169921875,17725.02169921875,0.0,0.0,13295.240458372313,13295.240458372313,0.0,-410778.26279882307,-410778.26279882307,72196.98843747337,72196.98843747337,72096.98843747337,0.0,100.0,0.0,0.0,72196.98843747337,41176.72627988231,1,0.0,100.0
7355,44382.33088374945,0.0,-443823.30883749446,0.0,10.0,0.0,-0.0,0.1,0.313668735,31.366873499999997,0.0,0.0,100.0,1.0,0.11,-11.0,-1167.5440609433526,1167.5440609433526,0.0,-1167.5440609433526,1167.5440609433526,0.0,-67406.93252716801,67406.93252716801,0.0,0.0,15668.320869140623,15668.320869140623,0.0,0.0,9591.368896164642,9591.368896164642,0.0,-443834.30883749446,-443834.30883749446,69742.02064905471,69742.02064905471,69642.02064905471,0.0,100.0,0.0,0.0,69742.02064905471,44482.33088374945,1,0.0,100.0
7356,51550.171728225214,0.0,-515501.71728225215,0.0,10.0,0.0,-0.0,0.1,0.30475143,30.475143,0.0,0.0,100.0,1.0,0.11,-11.0,-1177.7666964532143,1177.7666964532143,0.0,-1177.7666964532143,1177.7666964532143,0.0,-69692.71903512768,69692.71903512768,0.0,0.0,17164.103291015625,17164.103291015625,0.0,0.0,3233.977408793265,3233.977408793265,0.0,-515512.71728225215,-515512.71728225215,72048.2524280341,72048.2524280341,71948.2524280341,0.0,100.0,0.0,0.0,72048.2524280341,51650.171728225214,1,0.0,100.0
7357,47428.917617442276,0.0,-474289.1761744227,0.0,10.0,0.0,-0.0,0.1,0.301390535,30.139053500000003,0.0,0.0,100.0,1.0,0.11,-11.0,-1202.722059254715,1202.722059254715,0.0,-1202.722059254715,1202.722059254715,0.0,-68175.16898222623,68175.16898222623,0.0,0.0,15256.980703125,15256.980703125,0.0,0.0,7794.714780168383,7794.714780168383,0.0,-474300.1761744227,-474300.1761744227,70580.61310073566,70580.61310073566,70480.61310073566,0.0,100.0,0.0,0.0,70580.61310073566,47528.917617442276,1,0.0,100.0
7358,48466.7030841403,0.0,-484667.03084140306,0.0,10.0,0.0,-0.0,0.1,0.309182897,30.918289700000003,0.0,0.0,100.0,1.0,0.08,-8.0,-1207.9437985079444,1207.9437985079444,0.0,-1207.9437985079444,1207.9437985079444,0.0,-66910.16355596065,66910.16355596065,0.0,0.0,10919.2116796875,10919.2116796875,0.0,0.0,9840.136389148738,9840.136389148738,0.0,-484675.03084140306,-484675.03084140306,69326.05115297655,69326.05115297654,69226.05115297655,0.0,100.0,0.0,0.0,69326.05115297654,48566.703084140296,1,0.0,100.0
7359,61539.37351167898,0.0,-615393.7351167898,0.0,10.0,0.0,-0.0,0.1,0.297037295,29.703729499999998,0.0,0.0,100.0,1.0,0.08,-8.0,-1119.477002911554,1119.477002911554,0.0,-1119.477002911554,1119.477002911554,0.0,-67144.42910023073,67144.42910023073,0.0,0.0,6057.918808593749,6057.918808593749,0.0,0.0,1686.0907857811042,1686.0907857811042,0.0,-615401.7351167898,-615401.7351167898,69383.38310605384,69383.38310605384,69283.38310605384,0.0,100.0,0.0,0.0,69383.38310605384,61639.37351167898,1,0.0,100.0
7360,56569.713338953195,0.0,-565697.133389532,0.0,10.0,0.0,-0.0,0.1,0.277482707,27.7482707,0.0,0.0,100.0,1.0,0.08,-8.0,-829.7370157553539,829.7370157553539,0.0,-829.7370157553539,829.7370157553539,0.0,-55870.31420002061,55870.31420002061,0.0,0.0,860.074892578125,860.074892578125,0.0,0.0,0.0,0.0,0.0,-565705.133389532,-565705.133389532,57529.78823153132,57529.78823153132,57429.78823153132,0.0,100.0,0.0,0.0,57529.78823153132,56669.713338953195,1,0.0,100.0
7361,46857.40615914039,0.0,-468574.0615914039,0.0,10.0,0.0,-0.0,0.1,0.26153823,26.153823,0.0,0.0,100.0,1.0,0.11,-11.0,-795.2139856244908,795.2139856244908,0.0,-795.2139856244908,795.2139856244908,0.0,-45366.97818789141,45366.97818789141,0.0,0.0,0.0,0.0,0.0,0.0,0.0,0.0,0.0,-468585.0615914039,-468585.0615914039,46957.40615914039,46957.40615914039,46857.40615914039,0.0,100.0,0.0,0.0,46957.40615914039,46957.40615914039,1,0.0,100.0
7362,45358.53010381613,0.0,-453585.30103816127,0.0,10.0,0.0,-0.0,0.1,0.260974125,26.0974125,0.0,0.0,100.0,1.0,0.11,-11.0,-784.394135721944,784.394135721944,0.0,-784.394135721944,784.394135721944,0.0,-43889.74183237224,43889.74183237224,0.0,0.0,0.0,0.0,0.0,0.0,0.0,0.0,0.0,-453596.30103816127,-453596.30103816127,45458.53010381613,45458.53010381613,45358.53010381613,0.0,100.0,0.0,0.0,45458.53010381613,45458.53010381613,1,0.0,100.0
7363,36289.543569800815,0.0,-362895.43569800816,0.0,10.0,0.0,-0.0,0.1,0.247959223,24.7959223,0.0,0.0,100.0,1.0,0.11,-11.0,-768.9258713956792,768.9258713956792,0.0,-768.9258713956792,768.9258713956792,0.0,-34851.691827009454,34851.691827009454,0.0,0.0,0.0,0.0,0.0,0.0,0.0,0.0,0.0,-362906.43569800816,-362906.43569800816,36389.543569800815,36389.543569800815,36289.543569800815,0.0,100.0,0.0,0.0,36389.543569800815,36389.543569800815,1,0.0,100.0
7364,33741.68711226052,0.0,-337416.8711226052,0.0,10.0,0.0,-0.0,0.1,0.255048828,25.5048828,0.0,0.0,100.0,1.0,0.11,-11.0,-233.56832324747904,233.56832324747904,0.0,-233.56832324747904,233.56832324747904,0.0,-33374.55046576556,33374.55046576556,0.0,0.0,0.0,0.0,0.0,0.0,0.0,0.0,0.0,-337427.8711226052,-337427.8711226052,33841.68711226052,33841.68711226052,33741.68711226052,0.0,100.0,0.0,0.0,33841.68711226052,33841.68711226052,1,0.0,100.0
7365,21489.303897445334,0.0,-214893.03897445335,0.0,10.0,0.0,-0.0,0.1,0.284734967,28.473496700000002,0.0,0.0,100.0,1.0,0.11,-11.0,-233.64922708688152,233.64922708688152,0.0,-233.64922708688152,233.64922708688152,0.0,-21122.00544327157,21122.00544327157,0.0,0.0,0.0,0.0,0.0,0.0,0.0,0.0,0.0,-214904.03897445335,-214904.03897445335,21589.303897445334,21589.303897445334,21489.303897445334,0.0,100.0,0.0,0.0,21589.303897445334,21589.303897445334,1,0.0,100.0
7366,18510.6209893187,0.0,-185106.209893187,0.0,10.0,0.0,-0.0,0.1,0.313934008,31.3934008,0.0,0.0,100.0,1.0,0.11,-11.0,-236.5969545335971,236.5969545335971,0.0,-236.5969545335971,236.5969545335971,0.0,-18137.427080251506,18137.427080251506,0.0,0.0,0.0,0.0,0.0,0.0,0.0,0.0,0.0,-185117.209893187,-185117.209893187,18610.6209893187,18610.6209893187,18510.6209893187,0.0,100.0,0.0,0.0,18610.6209893187,18610.6209893187,1,0.0,100.0
7367,17765.7341679604,0.0,-177657.341679604,0.0,10.0,0.0,-0.0,0.1,0.303528268,30.3528268,0.0,0.0,100.0,1.0,0.11,-11.0,-233.62873214716075,233.62873214716075,0.0,-233.62873214716075,233.62873214716075,0.0,-17398.476703666078,17398.476703666078,0.0,0.0,0.0,0.0,0.0,0.0,0.0,0.0,0.0,-177668.341679604,-177668.341679604,17865.7341679604,17865.7341679604,17765.7341679604,0.0,100.0,0.0,0.0,17865.7341679604,17865.7341679604,1,0.0,100.0
7368,14752.322623889087,0.0,-147523.22623889087,0.0,10.0,0.0,-0.0,0.1,0.2924158,29.24158,0.0,0.0,100.0,1.0,0.08,-8.0,-233.60048229413937,233.60048229413937,0.0,-233.60048229413937,233.60048229413937,0.0,-14385.121659300808,14385.121659300808,0.0,0.0,0.0,0.0,0.0,0.0,0.0,0.0,0.0,-147531.22623889087,-147531.22623889087,14852.322623889087,14852.322623889087,14752.322623889087,0.0,100.0,0.0,0.0,14852.322623889087,14852.322623889087,1,0.0,100.0
7369,14752.235704938605,0.0,-147522.35704938605,0.0,10.0,0.0,-0.0,0.1,0.294219086,29.421908600000002,0.0,0.0,100.0,1.0,0.08,-8.0,-233.55702584188225,233.55702584188225,0.0,-233.55702584188225,233.55702584188225,0.0,-14385.12165325484,14385.12165325484,0.0,0.0,0.0,0.0,0.0,0.0,0.0,0.0,0.0,-147530.35704938605,-147530.35704938605,14852.235704938605,14852.235704938605,14752.235704938605,0.0,100.0,0.0,0.0,14852.235704938605,14852.235704938605,1,0.0,100.0
7370,14752.086365858606,0.0,-147520.86365858605,0.0,10.0,0.0,-0.0,0.1,0.299771865,29.977186500000002,0.0,0.0,100.0,1.0,0.08,-8.0,-233.4823563018828,233.4823563018828,0.0,-233.4823563018828,233.4823563018828,0.0,-14385.12165325484,14385.12165325484,0.0,0.0,0.0,0.0,0.0,0.0,0.0,0.0,0.0,-147528.86365858605,-147528.86365858605,14852.086365858606,14852.086365858606,14752.086365858606,0.0,100.0,0.0,0.0,14852.086365858606,14852.086365858606,1,0.0,100.0
7371,15493.126005750137,0.0,-154931.26005750138,0.0,10.0,0.0,-0.0,0.1,0.309619768,30.961976800000002,0.0,0.0,100.0,1.0,0.08,-8.0,-234.5269909779171,234.5269909779171,0.0,-234.5269909779171,234.5269909779171,0.0,-15124.072023794302,15124.072023794302,0.0,0.0,0.0,0.0,0.0,0.0,0.0,0.0,0.0,-154939.26005750138,-154939.26005750138,15593.126005750137,15593.126005750137,15493.126005750137,0.0,100.0,0.0,0.0,15593.126005750137,15593.126005750137,1,0.0,100.0
7372,16970.949282122776,0.0,-169709.49282122776,0.0,10.0,0.0,-0.0,0.1,0.314120527,31.412052699999997,0.0,0.0,100.0,1.0,0.08,-8.0,-234.4453534010949,234.4453534010949,0.0,-234.4453534010949,234.4453534010949,0.0,-16602.058575320585,16602.058575320585,0.0,0.0,0.0,0.0,0.0,0.0,0.0,0.0,0.0,-169717.49282122776,-169717.49282122776,17070.949282122776,17070.949282122776,16970.949282122776,0.0,100.0,0.0,0.0,17070.949282122776,17070.949282122776,1,0.0,100.0
7373,26220.4142603401,0.0,-262204.14260340104,0.0,10.0,0.0,-0.0,0.1,0.330514037,33.0514037,0.0,0.0,100.0,1.0,0.11,-11.0,-234.48862219297752,234.48862219297752,0.0,-234.48862219297752,234.48862219297752,0.0,-25851.437015954147,25851.437015954147,0.0,0.0,0.0,0.0,0.0,0.0,0.0,0.0,0.0,-262215.14260340104,-262215.14260340104,26320.4142603401,26320.4142603401,26220.4142603401,0.0,100.0,0.0,0.0,26320.4142603401,26320.4142603401,1,0.0,100.0
7374,25577.507512448312,0.0,-255775.07512448312,0.0,10.0,0.0,-0.0,0.1,0.330461805,33.0461805,0.0,0.0,100.0,1.0,0.11,-11.0,-222.206502275221,222.206502275221,0.0,-222.206502275221,222.206502275221,0.0,-25233.09450789787,25233.09450789787,0.0,0.0,0.0,0.0,0.0,0.0,0.0,0.0,0.0,-255786.07512448312,-255786.07512448312,25677.507512448312,25677.507512448312,25577.507512448312,0.0,100.0,0.0,0.0,25677.507512448312,25677.507512448312,1,0.0,100.0
7375,34336.65597888749,0.0,-343366.5597888749,0.0,10.0,0.0,-0.0,0.1,0.330203373,33.0203373,0.0,0.0,100.0,1.0,0.11,-11.0,-198.29685885600915,198.29685885600915,0.0,-198.29685885600915,198.29685885600915,0.0,-39262.33792633421,39262.33792633421,0.0,0.0,4337.7690234375,4337.7690234375,0.0,0.0,884.5066417212349,884.5066417212349,0.0,-343377.5597888749,-343377.5597888749,39658.93164404622,39658.93164404623,39558.93164404622,0.0,100.0,0.0,0.0,39658.93164404623,34436.655978887495,1,0.0,100.0
7376,24045.155100636883,0.0,-240451.55100636883,0.0,10.0,0.0,-0.0,0.1,0.3282030999999999,32.82030999999999,0.0,0.0,100.0,1.0,0.11,-11.0,-198.43702303828607,198.43702303828607,0.0,-198.43702303828607,198.43702303828607,0.0,-37044.6359533139,37044.6359533139,0.0,0.0,10283.504150390623,10283.504150390623,0.0,0.0,3012.8507483629564,3012.8507483629564,0.0,-240462.55100636883,-240462.55100636883,37441.50999939046,37441.509999390466,37341.50999939046,0.0,100.0,0.0,0.0,37441.509999390466,24145.155100636886,1,0.0,100.0
7377,14760.098665051197,0.0,-147600.98665051197,0.0,10.0,0.0,-0.0,0.1,0.343885155,34.3885155,0.0,0.0,100.0,1.0,0.11,-11.0,-198.5361517754252,198.5361517754252,0.0,-198.5361517754252,198.5361517754252,0.0,-34087.479944205785,34087.479944205785,0.0,0.0,10807.027998046877,10807.027998046877,0.0,0.0,8817.42558465856,8817.42558465856,0.0,-147611.98665051197,-147611.98665051197,34484.552247756634,34484.552247756634,34384.552247756634,0.0,100.0,0.0,0.0,34484.552247756634,14860.098665051199,1,0.0,100.0
7378,6669.3012405322515,0.0,-66693.01240532252,0.0,10.0,0.0,-0.0,0.1,0.3460237579999999,34.60237579999999,0.0,0.0,100.0,1.0,0.11,-11.0,-200.7841431843772,200.7841431843772,0.0,-200.7841431843772,200.7841431843772,0.0,-34085.74160700969,34085.74160700969,0.0,0.0,17463.259775390623,17463.259775390623,0.0,0.0,10254.748877455568,10254.748877455568,0.0,-66704.01240532252,-66704.01240532252,34487.30989337844,34487.30989337844,34387.30989337844,0.0,100.0,0.0,0.0,34487.30989337844,6769.3012405322515,1,0.0,100.0
7379,4384.968324342986,0.0,-43849.68324342986,0.0,10.0,0.0,-0.0,0.1,0.347662762,34.7662762,0.0,0.0,100.0,1.0,0.11,-11.0,-197.6414789105724,197.6414789105724,0.0,-197.6414789105724,197.6414789105724,0.0,-34083.86953901073,34083.86953901073,0.0,0.0,20043.484453125,20043.484453125,0.0,0.0,9950.699719363893,9950.699719363893,0.0,-43860.68324342986,-43860.68324342986,34479.15249683188,34479.15249683188,34379.15249683188,0.0,100.0,0.0,0.0,34479.15249683188,4484.968324342986,1,0.0,100.0
7380,3713.4042951051506,0.0,-37134.04295105151,0.0,10.0,0.0,-0.0,0.1,0.335445897,33.544589699999996,0.0,0.0,100.0,1.0,0.11,-11.0,-197.7181780278576,197.7181780278576,0.0,-197.7181780278576,197.7181780278576,0.0,-34083.66546939687,34083.66546939687,0.0,0.0,19968.69533203125,19968.69533203125,0.0,0.0,10697.002198316184,10697.002198316184,0.0,-37145.04295105151,-37145.04295105151,34479.101825452584,34479.101825452584,34379.101825452584,0.0,100.0,0.0,0.0,34479.101825452584,3813.4042951051524,1,0.0,100.0
7381,0.0,0.0,-0.0,55.55555555555556,10.0,0.0,-0.0,0.1,0.3360991029999999,0.0,0.0,100.0,0.0,1.0,0.11,0.0,-197.7613855633772,197.7613855633772,0.0,-197.7613855633772,197.7613855633772,0.0,-19020.05566335278,19020.05566335278,0.0,0.0,13761.19828125,13761.19828125,0.0,5909.777294021271,11719.713002806362,5809.935708785091,0.0,0.0,0.0,19571.13399003509,19571.13399003509,19571.13399003509,0.0,0.0,155.55555555555475,0.0,19415.578434479536,-6065.3328495768255,1,-55.55555555555556,-100.0
7382,6380.798332898893,0.0,-63807.98332898893,0.0,60.0,45.0,-0.0,0.6,0.343624576,34.3624576,0.0,0.0,100.0,1.0,0.08,-8.0,-197.7221901941123,197.7221901941123,0.0,-197.7221901941123,197.7221901941123,0.0,-19784.577420239344,19784.577420239344,0.0,0.0,6992.782822265624,6992.782822265624,0.0,0.0,6661.440645463051,6661.440645463051,0.0,-63815.98332898893,-63815.98332898893,20180.021800627568,20180.021800627568,20035.021800627568,0.0,145.0,0.0,0.0,20180.021800627568,6525.798332898892,1,45.0,100.0
7383,16505.168520941184,0.0,-165051.68520941184,0.0,10.0,0.0,-0.0,0.1,0.3403443,34.03443,0.0,0.0,100.0,1.0,0.08,-8.0,-197.3623787277293,197.3623787277293,0.0,-197.3623787277293,197.3623787277293,0.0,-22769.29635809992,22769.29635809992,0.0,0.0,3103.7485253906248,3103.7485253906248,0.0,0.0,3455.104069223574,3455.104069223574,0.0,-165059.68520941184,-165059.68520941184,23164.021115555384,23164.02111555538,23064.021115555384,0.0,100.0,0.0,0.0,23164.02111555538,16605.16852094118,1,0.0,100.0
7384,20886.383520139745,0.0,-208863.83520139745,0.0,10.0,0.0,-0.0,0.1,0.330622367,33.0622367,0.0,0.0,100.0,1.0,0.08,-8.0,-197.36156992615983,197.36156992615983,0.0,-197.36156992615983,197.36156992615983,0.0,-21227.367909584304,21227.367909584304,0.0,0.0,635.707529296875,635.707529296875,0.0,0.0,0.0,0.0,0.0,-208871.83520139745,-208871.83520139745,21622.09104943662,21622.09104943662,21522.09104943662,0.0,100.0,0.0,0.0,21622.09104943662,20986.383520139745,1,0.0,100.0
7385,21378.09679761991,0.0,-213780.9679761991,0.0,10.0,0.0,-0.0,0.1,0.329217156,32.9217156,0.0,0.0,100.0,1.0,0.11,-11.0,-221.1823163874262,221.1823163874262,0.0,-221.1823163874262,221.1823163874262,0.0,-21035.732164845056,21035.732164845056,0.0,0.0,0.0,0.0,0.0,0.0,0.0,0.0,0.0,-213791.9679761991,-213791.9679761991,21478.09679761991,21478.09679761991,21378.09679761991,0.0,100.0,0.0,0.0,21478.09679761991,21478.09679761991,1,0.0,100.0
7386,19925.688923466652,0.0,-199256.88923466654,0.0,10.0,0.0,-0.0,0.1,0.327195408,32.719540800000004,0.0,0.0,100.0,1.0,0.11,-11.0,-233.92873171235107,233.92873171235107,0.0,-233.92873171235107,233.92873171235107,0.0,-19557.83146004195,19557.83146004195,0.0,0.0,0.0,0.0,0.0,0.0,0.0,0.0,0.0,-199267.88923466654,-199267.88923466654,20025.688923466652,20025.688923466652,19925.688923466652,0.0,100.0,0.0,0.0,20025.688923466652,20025.688923466652,1,0.0,100.0
7387,19925.347718223216,0.0,-199253.47718223216,0.0,10.0,0.0,-0.0,0.1,0.336032341,33.6032341,0.0,0.0,100.0,1.0,0.11,-11.0,-233.75813211361847,233.75813211361847,0.0,-233.75813211361847,233.75813211361847,0.0,-19557.83145399598,19557.83145399598,0.0,0.0,0.0,0.0,0.0,0.0,0.0,0.0,0.0,-199264.47718223216,-199264.47718223216,20025.347718223216,20025.347718223216,19925.347718223216,0.0,100.0,0.0,0.0,20025.347718223216,20025.347718223216,1,0.0,100.0
7388,18446.42356747061,0.0,-184464.2356747061,0.0,10.0,0.0,-0.0,0.1,0.34196037,34.196037000000004,0.0,0.0,100.0,1.0,0.11,-11.0,-233.21782379432483,233.21782379432483,0.0,-233.21782379432483,233.21782379432483,0.0,-18079.98791988196,18079.98791988196,0.0,0.0,0.0,0.0,0.0,0.0,0.0,0.0,0.0,-184475.2356747061,-184475.2356747061,18546.42356747061,18546.42356747061,18446.42356747061,0.0,100.0,0.0,0.0,18546.42356747061,18546.42356747061,1,0.0,100.0
7389,16967.07145844638,0.0,-169670.7145844638,0.0,10.0,0.0,-0.0,0.1,0.349550441,34.9550441,0.0,0.0,100.0,1.0,0.11,-11.0,-232.54934678657585,232.54934678657585,0.0,-232.54934678657585,232.54934678657585,0.0,-16601.972764873226,16601.972764873226,0.0,0.0,0.0,0.0,0.0,0.0,0.0,0.0,0.0,-169681.7145844638,-169681.7145844638,17067.07145844638,17067.07145844638,16967.07145844638,0.0,100.0,0.0,0.0,17067.07145844638,17067.07145844638,1,0.0,100.0
7390,15494.887429352715,0.0,-154948.87429352716,0.0,10.0,0.0,-0.0,0.1,0.362819996,36.2819996,0.0,0.0,100.0,1.0,0.11,-11.0,-235.4077058021909,235.4077058021909,0.0,-235.4077058021909,235.4077058021909,0.0,-15124.072017748333,15124.072017748333,0.0,0.0,0.0,0.0,0.0,0.0,0.0,0.0,0.0,-154959.87429352716,-154959.87429352716,15594.887429352715,15594.887429352715,15494.887429352715,0.0,100.0,0.0,0.0,15594.887429352715,15594.887429352715,1,0.0,100.0
7391,14750.053022624734,0.0,-147500.53022624733,0.0,10.0,0.0,-0.0,0.1,0.358364202,35.8364202,0.0,0.0,100.0,1.0,0.11,-11.0,-232.46568770793104,232.46568770793104,0.0,-232.46568770793104,232.46568770793104,0.0,-14385.12164720887,14385.12164720887,0.0,0.0,0.0,0.0,0.0,0.0,0.0,0.0,0.0,-147511.53022624733,-147511.53022624733,14850.053022624734,14850.053022624734,14750.053022624734,0.0,100.0,0.0,0.0,14850.053022624734,14850.053022624734,1,0.0,100.0
7392,14749.908787522181,0.0,-147499.0878752218,0.0,10.0,0.0,-0.0,0.1,0.354522836,35.4522836,0.0,0.0,100.0,1.0,0.08,-8.0,-232.4077902772928,232.4077902772928,0.0,-232.4077902772928,232.4077902772928,0.0,-14385.093206967596,14385.093206967596,0.0,0.0,0.0,0.0,0.0,0.0,0.0,0.0,0.0,-147507.0878752218,-147507.0878752218,14849.908787522181,14849.908787522181,14749.908787522181,0.0,100.0,0.0,0.0,14849.908787522181,14849.908787522181,1,0.0,100.0
7393,14749.794310509547,0.0,-147497.94310509547,0.0,10.0,0.0,-0.0,0.1,0.3589325479999999,35.893254799999994,0.0,0.0,100.0,1.0,0.08,-8.0,-232.3505517709751,232.3505517709751,0.0,-232.3505517709751,232.3505517709751,0.0,-14385.093206967596,14385.093206967596,0.0,0.0,0.0,0.0,0.0,0.0,0.0,0.0,0.0,-147505.94310509547,-147505.94310509547,14849.794310509547,14849.794310509547,14749.794310509547,0.0,100.0,0.0,0.0,14849.794310509547,14849.794310509547,1,0.0,100.0
7394,14749.705118023461,0.0,-147497.05118023462,0.0,10.0,0.0,-0.0,0.1,0.362159565,36.215956500000004,0.0,0.0,100.0,1.0,0.08,-8.0,-232.3059615739001,232.3059615739001,0.0,-232.3059615739001,232.3059615739001,0.0,-14385.09319487566,14385.09319487566,0.0,0.0,0.0,0.0,0.0,0.0,0.0,0.0,0.0,-147505.05118023462,-147505.05118023462,14849.705118023461,14849.705118023461,14749.705118023461,0.0,100.0,0.0,0.0,14849.705118023461,14849.705118023461,1,0.0,100.0
7395,15490.3575779508,0.0,-154903.57577950798,0.0,10.0,0.0,-0.0,0.1,0.367339139,36.7339139,0.0,0.0,100.0,1.0,0.08,-8.0,-233.1570062678387,233.1570062678387,0.0,-233.1570062678387,233.1570062678387,0.0,-15124.043565415122,15124.043565415122,0.0,0.0,0.0,0.0,0.0,0.0,0.0,0.0,0.0,-154911.57577950798,-154911.57577950798,15590.3575779508,15590.3575779508,15490.3575779508,0.0,100.0,0.0,0.0,15590.3575779508,15590.3575779508,1,0.0,100.0
7396,16968.14013969729,0.0,-169681.4013969729,0.0,10.0,0.0,-0.0,0.1,0.345925137,34.5925137,0.0,0.0,100.0,1.0,0.08,-8.0,-233.05495998720025,233.05495998720025,0.0,-233.05495998720025,233.05495998720025,0.0,-16602.03021972289,16602.03021972289,0.0,0.0,0.0,0.0,0.0,0.0,0.0,0.0,0.0,-169689.4013969729,-169689.4013969729,17068.14013969729,17068.14013969729,16968.14013969729,0.0,100.0,0.0,0.0,17068.14013969729,17068.14013969729,1,0.0,100.0
7397,19923.85943911337,0.0,-199238.5943911337,0.0,10.0,0.0,-0.0,0.1,0.340031184,34.0031184,0.0,0.0,100.0,1.0,0.11,-11.0,-233.0568191847658,233.0568191847658,0.0,-233.0568191847658,233.0568191847658,0.0,-19557.74580074384,19557.74580074384,0.0,0.0,0.0,0.0,0.0,0.0,0.0,0.0,0.0,-199249.5943911337,-199249.5943911337,20023.85943911337,20023.85943911337,19923.85943911337,0.0,100.0,0.0,0.0,20023.85943911337,20023.85943911337,1,0.0,100.0
7398,19311.040904413643,0.0,-193110.40904413644,0.0,10.0,0.0,-0.0,0.1,0.32764084,32.764084,0.0,0.0,100.0,1.0,0.11,-11.0,-220.7921710127412,220.7921710127412,0.0,-220.7921710127412,220.7921710127412,0.0,-18969.45656238816,18969.45656238816,0.0,0.0,0.0,0.0,0.0,0.0,0.0,0.0,0.0,-193121.40904413644,-193121.40904413644,19411.040904413643,19411.040904413643,19311.040904413643,0.0,100.0,0.0,0.0,19411.040904413643,19411.040904413643,1,0.0,100.0
7399,11521.905990196847,0.0,-115219.05990196846,0.0,10.0,0.0,-0.0,0.1,0.316358128,31.6358128,0.0,0.0,100.0,1.0,0.11,-11.0,-196.95601225805817,196.95601225805817,0.0,-196.95601225805817,196.95601225805817,0.0,-17936.361563601902,17936.361563601902,0.0,0.0,4524.741826171875,4524.741826171875,0.0,0.0,2183.6257717492986,2183.6257717492986,0.0,-115230.05990196846,-115230.05990196846,18330.27358811802,18330.27358811802,18230.27358811802,0.0,100.0,0.0,0.0,18330.27358811802,11621.905990196847,1,0.0,100.0
7400,0.0,0.0,-0.0,55.55555555555556,10.0,0.0,-0.0,0.1,0.312477505,0.0,0.0,100.0,0.0,1.0,0.11,0.0,-197.15941087344623,197.15941087344623,0.0,-197.15941087344623,197.15941087344623,0.0,-15719.510445937549,15719.510445937549,0.0,0.0,10320.8987109375,10320.8987109375,0.0,1735.665337650732,7684.151449953229,5948.486112302497,0.0,0.0,0.0,16269.384823239996,16269.384823239996,16269.384823239996,0.0,0.0,155.55555555555475,0.0,16113.829267684441,-1891.2208932062877,1,-55.55555555555556,-100.0
7401,0.0,0.0,-0.0,44.44444444444444,60.0,0.0,-0.0,0.6,0.3212983769999999,0.0,0.0,100.0,0.0,1.0,0.11,0.0,-197.24699416692832,197.24699416692832,0.0,-197.24699416692832,197.24699416692832,0.0,-12763.708969825668,12763.708969825668,0.0,2029.1224216147784,15331.769824218749,13302.64740260397,0.0,8845.066417212349,8845.066417212349,0.0,0.0,0.0,0.0,13302.64740260397,13302.64740260397,13302.64740260397,0.0,0.0,144.44444444444525,0.0,13158.202958159525,-11018.633283271573,1,-44.44444444444444,-100.0
7402,0.0,0.0,-0.0,0.0,100.0,-0.0,-0.0,1.0,0.3271040839999999,0.0,0.0,100.0,0.0,1.0,0.11,0.0,-200.2533485138406,200.2533485138406,0.0,-200.2533485138406,200.2533485138406,0.0,-12763.766267480114,12763.766267480114,0.0,4647.72153744533,17911.994501953126,13264.272964507796,0.0,13626.930449017776,13626.930449017776,0.0,0.0,0.0,0.0,13264.272964507796,13264.272964507796,13264.272964507796,0.0,0.0,100.0,0.0,13164.272964507796,-18374.65198646311,1,-0.0,-100.0
7403,0.0,0.0,-0.0,0.0,100.0,-0.0,-0.0,1.0,0.334436821,0.0,0.0,100.0,0.0,1.0,0.11,0.0,-197.43592929305868,197.43592929305868,0.0,-197.43592929305868,197.43592929305868,0.0,-12763.766255388176,12763.766255388176,0.0,0.0,3926.428857421875,3926.428857421875,0.0,7556.339433812413,16888.54869036483,9332.209256552418,0.0,0.0,0.0,13258.638113974293,13258.638113974293,13258.638113974293,0.0,0.0,100.0,0.0,13158.638113974293,-7656.339433812411,1,-0.0,-100.0
7404,0.0,0.0,-0.0,0.0,100.0,-0.0,-0.0,1.0,0.372412631,0.0,0.0,100.0,0.0,1.0,0.11,0.0,-197.6732042253616,197.6732042253616,0.0,-197.6732042253616,197.6732042253616,0.0,-12763.85214443314,12763.85214443314,0.0,0.0,6207.4970507812495,6207.4970507812495,0.0,8565.368890787944,15617.070392890557,7051.701502102614,0.0,0.0,0.0,13259.198552883863,13259.198552883863,13259.198552883863,0.0,0.0,100.0,0.0,13159.198552883863,-8665.368890787944,1,-0.0,-100.0
7405,0.0,0.0,-0.0,0.0,100.0,-0.0,-0.0,1.0,0.363041248,0.0,0.0,100.0,0.0,1.0,0.11,0.0,-197.8213682627077,197.8213682627077,0.0,-197.8213682627077,197.8213682627077,0.0,-12763.766249342209,12763.766249342209,0.0,0.0,3814.24517578125,3814.24517578125,0.0,5784.934927051141,15230.098737137514,9445.163810086373,0.0,0.0,0.0,13259.408985867623,13259.408985867623,13259.408985867623,0.0,0.0,100.0,0.0,13159.408985867623,-5884.934927051141,1,-0.0,-100.0
7406,0.0,0.0,-0.0,0.0,100.0,-0.0,-0.0,1.0,0.352733731,0.0,0.0,100.0,0.0,1.0,0.08,0.0,-223.04727820183416,223.04727820183416,0.0,-223.04727820183416,223.04727820183416,0.0,-12763.708981917607,12763.708981917607,0.0,0.0,6057.918808593749,6057.918808593749,0.0,4523.109938186413,11774.99466791394,7251.884729727526,0.0,0.0,0.0,13309.803538321275,13309.803538321275,13309.803538321275,0.0,0.0,100.0,0.0,13209.803538321275,-4623.109938186413,1,-0.0,-100.0
7407,4751.866443551202,0.0,-47518.66443551202,0.0,100.0,45.0,-0.0,1.0,0.3400650389999999,34.00650389999999,0.0,0.0,100.0,1.0,0.08,-8.0,-219.1795988453272,219.1795988453272,0.0,-219.1795988453272,219.1795988453272,0.0,-15719.510458029486,15719.510458029486,0.0,0.0,3963.8234179687497,3963.8234179687497,0.0,0.0,7297.179794200189,7297.179794200189,0.0,-47526.66443551202,-47526.66443551202,16157.86965572014,16157.86965572014,16012.86965572014,0.0,145.0,0.0,0.0,16157.86965572014,4896.866443551202,1,45.0,100.0
7408,19953.21525721709,0.0,-199532.1525721709,0.0,50.0,36.0,-0.0,0.5,0.3331159039999999,33.31159039999999,0.0,0.0,100.0,1.0,0.08,-8.0,-211.60737955122977,211.60737955122977,0.0,-211.60737955122977,211.60737955122977,0.0,-20002.551543036505,20002.551543036505,0.0,0.0,336.551044921875,336.551044921875,0.0,0.0,0.0,0.0,0.0,-199540.1525721709,-199540.1525721709,20425.766302138964,20425.766302138964,20289.766302138964,0.0,136.0,0.0,0.0,20425.766302138964,20089.21525721709,1,36.0,100.0
7409,21378.101534888396,0.0,-213781.01534888396,0.0,10.0,0.0,-0.0,0.1,0.327417019,32.741701899999995,0.0,0.0,100.0,1.0,0.11,-11.0,-221.22750257878764,221.22750257878764,0.0,-221.22750257878764,221.22750257878764,0.0,-21035.64652973082,21035.64652973082,0.0,0.0,0.0,0.0,0.0,0.0,0.0,0.0,0.0,-213792.01534888396,-213792.01534888396,21478.101534888396,21478.101534888396,21378.101534888396,0.0,100.0,0.0,0.0,21478.101534888396,21478.101534888396,1,0.0,100.0
7410,19925.488899940585,0.0,-199254.88899940584,0.0,10.0,0.0,-0.0,0.1,0.318602227,31.8602227,0.0,0.0,100.0,1.0,0.11,-11.0,-233.8715526213582,233.8715526213582,0.0,-233.8715526213582,233.8715526213582,0.0,-19557.74579469787,19557.74579469787,0.0,0.0,0.0,0.0,0.0,0.0,0.0,0.0,0.0,-199265.88899940584,-199265.88899940584,20025.488899940585,20025.488899940585,19925.488899940585,0.0,100.0,0.0,0.0,20025.488899940585,20025.488899940585,1,0.0,100.0
7411,19925.069159645995,0.0,-199250.69159645995,0.0,10.0,0.0,-0.0,0.1,0.327313572,32.7313572,0.0,0.0,100.0,1.0,0.11,-11.0,-233.6616794510776,233.6616794510776,0.0,-233.6616794510776,233.6616794510776,0.0,-19557.74580074384,19557.74580074384,0.0,0.0,0.0,0.0,0.0,0.0,0.0,0.0,0.0,-199261.69159645995,-199261.69159645995,20025.069159645995,20025.069159645995,19925.069159645995,0.0,100.0,0.0,0.0,20025.069159645995,20025.069159645995,1,0.0,100.0
7412,18446.142530145415,0.0,-184461.42530145415,0.0,10.0,0.0,-0.0,0.1,0.339635315,33.9635315,0.0,0.0,100.0,1.0,0.11,-11.0,-233.1057786258293,233.1057786258293,0.0,-233.1057786258293,233.1057786258293,0.0,-18079.930972893755,18079.930972893755,0.0,0.0,0.0,0.0,0.0,0.0,0.0,0.0,0.0,-184472.42530145415,-184472.42530145415,18546.142530145415,18546.142530145415,18446.142530145415,0.0,100.0,0.0,0.0,18546.142530145415,18546.142530145415,1,0.0,100.0
7413,16966.728156189638,0.0,-169667.28156189638,0.0,10.0,0.0,-0.0,0.1,0.334888668,33.4888668,0.0,0.0,100.0,1.0,0.11,-11.0,-232.391921824812,232.391921824812,0.0,-232.391921824812,232.391921824812,0.0,-16601.944312540014,16601.944312540014,0.0,0.0,0.0,0.0,0.0,0.0,0.0,0.0,0.0,-169678.28156189638,-169678.28156189638,17066.728156189638,17066.728156189638,16966.728156189638,0.0,100.0,0.0,0.0,17066.728156189638,17066.728156189638,1,0.0,100.0
7414,15494.586430493267,0.0,-154945.86430493268,0.0,10.0,0.0,-0.0,0.1,0.339804294,33.9804294,0.0,0.0,100.0,1.0,0.11,-11.0,-235.27142951608795,235.27142951608795,0.0,-235.27142951608795,235.27142951608795,0.0,-15124.043571461092,15124.043571461092,0.0,0.0,0.0,0.0,0.0,0.0,0.0,0.0,0.0,-154956.86430493268,-154956.86430493268,15594.586430493267,15594.586430493267,15494.586430493267,0.0,100.0,0.0,0.0,15594.586430493267,15594.586430493267,1,0.0,100.0
7415,14749.592814481648,0.0,-147495.92814481648,0.0,10.0,0.0,-0.0,0.1,0.333486615,33.3486615,0.0,0.0,100.0,1.0,0.11,-11.0,-232.2498037570257,232.2498037570257,0.0,-232.2498037570257,232.2498037570257,0.0,-14385.093206967596,14385.093206967596,0.0,0.0,0.0,0.0,0.0,0.0,0.0,0.0,0.0,-147506.92814481648,-147506.92814481648,14849.592814481648,14849.592814481648,14749.592814481648,0.0,100.0,0.0,0.0,14849.592814481648,14849.592814481648,1,0.0,100.0
7416,17762.906194219402,0.0,-177629.061942194,0.0,10.0,0.0,-0.0,0.1,0.326765145,32.676514499999996,0.0,0.0,100.0,1.0,0.08,-8.0,-232.21446716205736,232.21446716205736,0.0,-232.21446716205736,232.21446716205736,0.0,-17398.477259895288,17398.477259895288,0.0,0.0,0.0,0.0,0.0,0.0,0.0,0.0,0.0,-177637.061942194,-177637.061942194,17862.906194219402,17862.906194219402,17762.906194219402,0.0,100.0,0.0,0.0,17862.906194219402,17862.906194219402,1,0.0,100.0
7417,17762.83057976653,0.0,-177628.30579766532,0.0,10.0,0.0,-0.0,0.1,0.334019665,33.4019665,0.0,0.0,100.0,1.0,0.08,-8.0,-232.1766599356208,232.1766599356208,0.0,-232.1766599356208,232.1766599356208,0.0,-17398.477259895288,17398.477259895288,0.0,0.0,0.0,0.0,0.0,0.0,0.0,0.0,0.0,-177636.30579766532,-177636.30579766532,17862.83057976653,17862.83057976653,17762.83057976653,0.0,100.0,0.0,0.0,17862.83057976653,17862.83057976653,1,0.0,100.0
7418,17762.761497589112,0.0,-177627.61497589113,0.0,10.0,0.0,-0.0,0.1,0.339230673,33.9230673,0.0,0.0,100.0,1.0,0.08,-8.0,-232.1421158239285,232.1421158239285,0.0,-232.1421158239285,232.1421158239285,0.0,-17398.477265941256,17398.477265941256,0.0,0.0,0.0,0.0,0.0,0.0,0.0,0.0,0.0,-177635.61497589113,-177635.61497589113,17862.761497589112,17862.761497589112,17762.761497589112,0.0,100.0,0.0,0.0,17862.761497589112,17862.761497589112,1,0.0,100.0
7419,17762.688476573327,0.0,-177626.88476573327,0.0,10.0,0.0,-0.0,0.1,0.3395993879999999,33.95993879999999,0.0,0.0,100.0,1.0,0.08,-8.0,-232.1056053160353,232.1056053160353,0.0,-232.1056053160353,232.1056053160353,0.0,-17398.477265941256,17398.477265941256,0.0,0.0,0.0,0.0,0.0,0.0,0.0,0.0,0.0,-177634.88476573327,-177634.88476573327,17862.688476573327,17862.688476573327,17762.688476573327,0.0,100.0,0.0,0.0,17862.688476573327,17862.688476573327,1,0.0,100.0
7420,18503.367805700538,0.0,-185033.6780570054,0.0,10.0,0.0,-0.0,0.1,0.338467339,33.8467339,0.0,0.0,100.0,1.0,0.08,-8.0,-232.97008460990955,232.97008460990955,0.0,-232.97008460990955,232.97008460990955,0.0,-18137.42763648072,18137.42763648072,0.0,0.0,0.0,0.0,0.0,0.0,0.0,0.0,0.0,-185041.6780570054,-185041.6780570054,18603.367805700538,18603.367805700538,18503.367805700538,0.0,100.0,0.0,0.0,18603.367805700538,18603.367805700538,1,0.0,100.0
7421,21487.877391304017,0.0,-214878.77391304018,0.0,10.0,0.0,-0.0,0.1,0.3294884,32.948840000000004,0.0,0.0,100.0,1.0,0.11,-11.0,-232.89270301138268,232.89270301138268,0.0,-232.89270301138268,232.89270301138268,0.0,-21122.09198528125,21122.09198528125,0.0,0.0,0.0,0.0,0.0,0.0,0.0,0.0,0.0,-214889.77391304018,-214889.77391304018,21587.877391304017,21587.877391304017,21487.877391304017,0.0,100.0,0.0,0.0,21587.877391304017,21587.877391304017,1,0.0,100.0
7422,24185.153448995392,0.0,-241851.53448995392,0.0,10.0,0.0,-0.0,0.1,0.311833427,31.1833427,0.0,0.0,100.0,1.0,0.11,-11.0,-259.90299804453537,259.90299804453537,0.0,-259.90299804453537,259.90299804453537,0.0,-23765.34745290632,23765.34745290632,0.0,0.0,0.0,0.0,0.0,0.0,0.0,0.0,0.0,-241862.53448995392,-241862.53448995392,24285.153448995392,24285.153448995392,24185.153448995392,0.0,100.0,0.0,0.0,24285.153448995392,24285.153448995392,1,0.0,100.0
7423,25027.499119497967,0.0,-250274.99119497967,0.0,10.0,0.0,-0.0,0.1,0.295168528,29.5168528,0.0,0.0,100.0,1.0,0.11,-11.0,-504.6143373806837,504.6143373806837,0.0,-504.6143373806837,504.6143373806837,0.0,-30228.293454467508,30228.293454467508,0.0,0.0,4562.13638671875,4562.13638671875,0.0,0.0,1547.8866230121612,1547.8866230121612,0.0,-250285.99119497967,-250285.99119497967,31237.522129228877,31237.522129228877,31137.522129228877,0.0,100.0,0.0,0.0,31237.522129228877,25127.499119497967,1,0.0,100.0
7424,50459.90116242698,0.0,-504599.01162426977,0.0,10.0,0.0,-0.0,0.1,0.294294388,29.429438800000003,0.0,0.0,100.0,1.0,0.11,-11.0,-693.3376328150189,693.3376328150189,0.0,-693.3376328150189,693.3376328150189,0.0,-63363.84116526484,63363.84116526484,0.0,0.0,10320.8987109375,10320.8987109375,0.0,0.0,3869.716557530403,3869.716557530403,0.0,-504610.01162426977,-504610.01162426977,64750.51643089488,64750.51643089488,64650.51643089488,0.0,100.0,0.0,0.0,64750.51643089488,50559.90116242698,1,0.0,100.0
7425,41163.170702797615,0.0,-411631.70702797617,0.0,10.0,0.0,-0.0,0.1,0.308807551,30.880755100000002,0.0,0.0,100.0,1.0,0.11,-11.0,-712.7620113132976,712.7620113132976,0.0,-712.7620113132976,712.7620113132976,0.0,-61182.12357027165,61182.12357027165,0.0,0.0,15070.007900390625,15070.007900390625,0.0,0.0,6274.468989710011,6274.468989710011,0.0,-411642.70702797617,-411642.70702797617,62607.647592898255,62607.64759289825,62507.647592898255,0.0,100.0,0.0,0.0,62607.64759289825,41263.17070279761,1,0.0,100.0
7426,28597.438663287357,0.0,-285974.38663287356,0.0,10.0,0.0,-0.0,0.1,0.317990785,31.7990785,0.0,0.0,100.0,1.0,0.11,-11.0,-765.653425934977,765.653425934977,0.0,-765.653425934977,765.653425934977,0.0,-58360.34072145855,58360.34072145855,0.0,0.0,18285.94010742188,18285.94010742188,0.0,0.0,12908.268802619272,12908.268802619272,0.0,-285985.38663287356,-285985.38663287356,59891.64757332851,59891.647573328504,59791.64757332851,0.0,100.0,0.0,0.0,59891.647573328504,28697.43866328735,1,0.0,100.0
7427,29038.89506394224,0.0,-290388.9506394224,0.0,10.0,0.0,-0.0,0.1,0.3051907339999999,30.51907339999999,0.0,0.0,100.0,1.0,0.11,-11.0,-798.4852687205989,798.4852687205989,0.0,-798.4852687205989,798.4852687205989,0.0,-62776.42956591069,62776.42956591069,0.0,0.0,21165.32126953125,21165.32126953125,0.0,0.0,14069.183769878391,14069.183769878391,0.0,-290399.9506394224,-290399.9506394224,64373.40010335188,64373.40010335189,64273.40010335188,0.0,100.0,0.0,0.0,64373.40010335189,29138.895063942247,1,0.0,100.0
7428,36162.21417088314,0.0,-361622.1417088314,0.0,10.0,0.0,-0.0,0.1,0.320312797,32.0312797,0.0,0.0,100.0,1.0,0.11,-11.0,-835.1540686627256,835.1540686627256,0.0,-835.1540686627256,835.1540686627256,0.0,-64987.67664406912,64987.67664406912,0.0,0.0,20417.43005859375,20417.43005859375,0.0,0.0,9978.34055191768,9978.34055191768,0.0,-361633.1417088314,-361633.1417088314,66657.98478139457,66657.98478139457,66557.98478139457,0.0,100.0,0.0,0.0,66657.98478139457,36262.21417088314,1,0.0,100.0
7429,40543.32623255439,0.0,-405433.2623255439,0.0,10.0,0.0,-0.0,0.1,0.314220742,31.4220742,0.0,0.0,100.0,1.0,0.11,-11.0,-852.5278665579519,852.5278665579519,0.0,-852.5278665579519,852.5278665579519,0.0,-65919.76202076573,65919.76202076573,0.0,0.0,16864.946806640626,16864.946806640626,0.0,0.0,10116.544714686625,10116.544714686625,0.0,-405444.2623255439,-405444.2623255439,67624.81775388164,67624.81775388164,67524.81775388164,0.0,100.0,0.0,0.0,67624.81775388164,40643.32623255439,1,0.0,100.0
7430,56955.0692121416,0.0,-569550.692121416,0.0,10.0,0.0,-0.0,0.1,0.32128733,32.128733,0.0,0.0,100.0,1.0,0.08,-8.0,-871.9432545133827,871.9432545133827,0.0,-871.9432545133827,871.9432545133827,0.0,-70753.73719363057,70753.73719363057,0.0,0.0,10881.817119140624,10881.817119140624,0.0,0.0,4560.737371375118,4560.737371375118,0.0,-569558.692121416,-569558.692121416,72497.62370265734,72497.62370265734,72397.62370265734,0.0,100.0,0.0,0.0,72497.62370265734,57055.06921214159,1,0.0,100.0
7431,74827.386375358,0.0,-748273.8637535799,0.0,10.0,0.0,-0.0,0.1,0.312249167,31.224916699999998,0.0,0.0,100.0,1.0,0.08,-8.0,-860.5959036413834,860.5959036413834,0.0,-860.5959036413834,860.5959036413834,0.0,-82111.15074914946,82111.15074914946,0.0,0.0,5422.211279296875,5422.211279296875,0.0,0.0,3482.7449017773624,3482.7449017773624,0.0,-748281.8637535799,-748281.8637535799,83832.34255643224,83832.34255643222,83732.34255643224,0.0,100.0,0.0,0.0,83832.34255643222,74927.38637535798,1,0.0,100.0
7432,90136.4169869696,0.0,-901364.169869696,0.0,10.0,0.0,-0.0,0.1,0.306554147,30.6554147,0.0,0.0,100.0,1.0,0.08,-8.0,-793.6541400389428,793.6541400389428,0.0,-793.6541400389428,793.6541400389428,0.0,-89247.42167564173,89247.42167564173,0.0,0.0,598.31296875,598.31296875,0.0,0.0,0.0,0.0,0.0,-901372.169869696,-901372.169869696,90834.72995571961,90834.72995571961,90734.72995571961,0.0,100.0,0.0,0.0,90834.72995571961,90236.4169869696,0,0.0,100.0
7433,76973.68393736192,0.0,-769736.8393736192,0.0,10.0,0.0,-0.0,0.1,0.3088319519999999,30.883195199999992,0.0,0.0,100.0,1.0,0.11,-11.0,-591.5841852075334,591.5841852075334,0.0,-591.5841852075334,591.5841852075334,0.0,-75890.51556694685,75890.51556694685,0.0,0.0,0.0,0.0,0.0,0.0,0.0,0.0,0.0,-769747.8393736192,-769747.8393736192,77073.68393736192,77073.68393736192,76973.68393736192,0.0,100.0,0.0,0.0,77073.68393736192,77073.68393736192,1,0.0,100.0
7434,63736.9954352864,0.0,-637369.9543528641,0.0,10.0,0.0,-0.0,0.1,0.305583595,30.558359499999998,0.0,0.0,100.0,1.0,0.11,-11.0,-584.621812506279,584.621812506279,0.0,-584.621812506279,584.621812506279,0.0,-62667.75181027384,62667.75181027384,0.0,0.0,0.0,0.0,0.0,0.0,0.0,0.0,0.0,-637380.9543528641,-637380.9543528641,63836.9954352864,63836.9954352864,63736.9954352864,0.0,100.0,0.0,0.0,63836.9954352864,63836.9954352864,1,0.0,100.0
7435,61767.245281848445,0.0,-617672.4528184845,0.0,10.0,0.0,-0.0,0.1,0.307661533,30.7661533,0.0,0.0,100.0,1.0,0.11,-11.0,-572.9974874740208,572.9974874740208,0.0,-572.9974874740208,572.9974874740208,0.0,-60721.2503069004,60721.2503069004,0.0,0.0,0.0,0.0,0.0,0.0,0.0,0.0,0.0,-617683.4528184845,-617683.4528184845,61867.245281848445,61867.245281848445,61767.245281848445,0.0,100.0,0.0,0.0,61867.245281848445,61867.245281848445,1,0.0,100.0
7436,48634.75807650308,0.0,-486347.5807650308,0.0,10.0,0.0,-0.0,0.1,0.316640665,31.664066499999997,0.0,0.0,100.0,1.0,0.11,-11.0,-566.9549945473323,566.9549945473323,0.0,-566.9549945473323,566.9549945473323,0.0,-47600.84808740841,47600.84808740841,0.0,0.0,0.0,0.0,0.0,0.0,0.0,0.0,0.0,-486358.5807650308,-486358.5807650308,48734.75807650308,48734.75807650308,48634.75807650308,0.0,100.0,0.0,0.0,48734.75807650308,48734.75807650308,1,0.0,100.0
7437,43555.32923135197,0.0,-435553.2923135197,0.0,10.0,0.0,-0.0,0.1,0.320806646,32.0806646,0.0,0.0,100.0,1.0,0.11,-11.0,-233.27753577735143,233.27753577735143,0.0,-233.27753577735143,233.27753577735143,0.0,-43188.77415979727,43188.77415979727,0.0,0.0,0.0,0.0,0.0,0.0,0.0,0.0,0.0,-435564.2923135197,-435564.2923135197,43655.32923135197,43655.32923135197,43555.32923135197,0.0,100.0,0.0,0.0,43655.32923135197,43655.32923135197,1,0.0,100.0
7438,21487.364727025983,0.0,-214873.64727025983,0.0,10.0,0.0,-0.0,0.1,0.33025038,33.025038,0.0,0.0,100.0,1.0,0.11,-11.0,-232.6793728315584,232.6793728315584,0.0,-232.6793728315584,232.6793728315584,0.0,-21122.005981362865,21122.005981362865,0.0,0.0,0.0,0.0,0.0,0.0,0.0,0.0,0.0,-214884.64727025983,-214884.64727025983,21587.364727025983,21587.364727025983,21487.364727025983,0.0,100.0,0.0,0.0,21587.364727025983,21587.364727025983,1,0.0,100.0
7439,18508.949624961013,0.0,-185089.49624961012,0.0,10.0,0.0,-0.0,0.1,0.327577708,32.7577708,0.0,0.0,100.0,1.0,0.11,-11.0,-235.7610002861184,235.7610002861184,0.0,-235.7610002861184,235.7610002861184,0.0,-18137.427624388776,18137.427624388776,0.0,0.0,0.0,0.0,0.0,0.0,0.0,0.0,0.0,-185100.49624961012,-185100.49624961012,18608.949624961013,18608.949624961013,18508.949624961013,0.0,100.0,0.0,0.0,18608.949624961013,18608.949624961013,1,0.0,100.0
7440,17764.10581817968,0.0,-177641.0581817968,0.0,10.0,0.0,-0.0,0.1,0.313611622,31.3611622,0.0,0.0,100.0,1.0,0.08,-8.0,-232.81419147563977,232.81419147563977,0.0,-232.81419147563977,232.81419147563977,0.0,-17398.4774352284,17398.4774352284,0.0,0.0,0.0,0.0,0.0,0.0,0.0,0.0,0.0,-177649.0581817968,-177649.0581817968,17864.10581817968,17864.10581817968,17764.10581817968,0.0,100.0,0.0,0.0,17864.10581817968,17864.10581817968,1,0.0,100.0
7441,17764.077341167645,0.0,-177640.77341167646,0.0,10.0,0.0,-0.0,0.1,0.318796608,31.879660799999996,0.0,0.0,100.0,1.0,0.08,-8.0,-232.79995296962247,232.79995296962247,0.0,-232.79995296962247,232.79995296962247,0.0,-17398.4774352284,17398.4774352284,0.0,0.0,0.0,0.0,0.0,0.0,0.0,0.0,0.0,-177648.77341167646,-177648.77341167646,17864.077341167645,17864.077341167645,17764.077341167645,0.0,100.0,0.0,0.0,17864.077341167645,17864.077341167645,1,0.0,100.0
7442,17764.04448348882,0.0,-177640.44483488819,0.0,10.0,0.0,-0.0,0.1,0.326828471,32.682847100000004,0.0,0.0,100.0,1.0,0.08,-8.0,-232.78352413020843,232.78352413020843,0.0,-232.78352413020843,232.78352413020843,0.0,-17398.4774352284,17398.4774352284,0.0,0.0,0.0,0.0,0.0,0.0,0.0,0.0,0.0,-177648.44483488819,-177648.44483488819,17864.04448348882,17864.04448348882,17764.04448348882,0.0,100.0,0.0,0.0,17864.04448348882,17864.04448348882,1,0.0,100.0
7443,17764.017091936188,0.0,-177640.17091936187,0.0,10.0,0.0,-0.0,0.1,0.33524018,33.524018,0.0,0.0,100.0,1.0,0.08,-8.0,-232.76982835389424,232.76982835389424,0.0,-232.76982835389424,232.76982835389424,0.0,-17398.4774352284,17398.4774352284,0.0,0.0,0.0,0.0,0.0,0.0,0.0,0.0,0.0,-177648.17091936187,-177648.17091936187,17864.017091936188,17864.017091936188,17764.017091936188,0.0,100.0,0.0,0.0,17864.017091936188,17864.017091936188,1,0.0,100.0
7444,18512.5500736168,0.0,-185125.500736168,0.0,10.0,0.0,-0.0,0.1,0.333747671,33.3747671,0.0,0.0,100.0,1.0,0.08,-8.0,-237.56113090148165,237.56113090148165,0.0,-237.56113090148165,237.56113090148165,0.0,-18137.427811813835,18137.427811813835,0.0,0.0,0.0,0.0,0.0,0.0,0.0,0.0,0.0,-185133.500736168,-185133.500736168,18612.5500736168,18612.5500736168,18512.5500736168,0.0,100.0,0.0,0.0,18612.5500736168,18612.5500736168,1,0.0,100.0
7445,21495.733485943758,0.0,-214957.33485943757,0.0,10.0,0.0,-0.0,0.1,0.31986525,31.986525,0.0,0.0,100.0,1.0,0.11,-11.0,-236.8205840670865,236.8205840670865,0.0,-236.8205840670865,236.8205840670865,0.0,-21122.092317809584,21122.092317809584,0.0,0.0,0.0,0.0,0.0,0.0,0.0,0.0,0.0,-214968.33485943757,-214968.33485943757,21595.733485943758,21595.733485943758,21495.733485943758,0.0,100.0,0.0,0.0,21595.733485943758,21595.733485943758,1,0.0,100.0
7446,24219.646993567952,0.0,-242196.46993567952,0.0,10.0,0.0,-0.0,0.1,0.3244869039999999,32.44869039999999,0.0,0.0,100.0,1.0,0.11,-11.0,-277.4822593632126,277.4822593632126,0.0,-277.4822593632126,277.4822593632126,0.0,-23764.682474841527,23764.682474841527,0.0,0.0,0.0,0.0,0.0,0.0,0.0,0.0,0.0,-242207.46993567952,-242207.46993567952,24319.646993567952,24319.646993567952,24219.646993567952,0.0,100.0,0.0,0.0,24319.646993567952,24319.646993567952,1,0.0,100.0
7447,25972.28277201826,0.0,-259722.8277201826,0.0,10.0,0.0,-0.0,0.1,0.327879144,32.7879144,0.0,0.0,100.0,1.0,0.11,-11.0,-526.4186498536985,526.4186498536985,0.0,-526.4186498536985,526.4186498536985,0.0,-30981.54221072001,30981.54221072001,0.0,0.0,3889.034296875,3889.034296875,0.0,0.0,2073.0624415341445,2073.0624415341445,0.0,-259733.8277201826,-259733.8277201826,32034.379510427407,32034.379510427407,31934.379510427407,0.0,100.0,0.0,0.0,32034.379510427407,26072.28277201826,1,0.0,100.0
7448,58843.38209591583,0.0,-588433.8209591584,0.0,10.0,0.0,-0.0,0.1,0.330031815,33.003181500000004,0.0,0.0,100.0,1.0,0.11,-11.0,-722.3216035979162,722.3216035979162,0.0,-722.3216035979162,722.3216035979162,0.0,-70178.89371416288,70178.89371416288,0.0,0.0,9722.5857421875,9722.5857421875,0.0,0.0,2957.569083255379,2957.569083255379,0.0,-588444.8209591584,-588444.8209591584,71623.53692135871,71623.53692135871,71523.53692135871,0.0,100.0,0.0,0.0,71623.53692135871,58943.38209591583,1,0.0,100.0
7449,48003.131717929486,0.0,-480031.3171792949,0.0,10.0,0.0,-0.0,0.1,0.333473494,33.3473494,0.0,0.0,100.0,1.0,0.11,-11.0,-750.5993747088613,750.5993747088613,0.0,-750.5993747088613,750.5993747088613,0.0,-72855.13559320847,72855.13559320847,0.0,0.0,14284.722128906247,14284.722128906247,0.0,0.0,11968.48049579046,11968.48049579046,0.0,-480042.3171792949,-480042.3171792949,74356.33434262619,74356.33434262619,74256.33434262619,0.0,100.0,0.0,0.0,74356.33434262619,48103.13171792948,1,0.0,100.0
7450,42772.874329746846,0.0,-427728.74329746846,0.0,10.0,0.0,-0.0,0.1,0.334356291,33.4356291,0.0,0.0,100.0,1.0,0.11,-11.0,-798.9633993208861,798.9633993208861,0.0,-798.9633993208861,798.9633993208861,0.0,-73329.29457260488,73329.29457260488,0.0,0.0,17874.59994140625,17874.59994140625,0.0,0.0,14179.747100093547,14179.747100093547,0.0,-427739.74329746846,-427739.74329746846,74927.22137124665,74927.22137124665,74827.22137124665,0.0,100.0,0.0,0.0,74927.22137124665,42872.874329746846,1,0.0,100.0
7451,41295.961814671566,0.0,-412959.6181467157,0.0,10.0,0.0,-0.0,0.1,0.326685986,32.668598599999996,0.0,0.0,100.0,1.0,0.11,-11.0,-848.0903497586081,848.0903497586081,0.0,-848.0903497586081,848.0903497586081,0.0,-71664.75587273116,71664.75587273116,0.0,0.0,16790.157685546874,16790.157685546874,0.0,0.0,15174.817072029937,15174.817072029937,0.0,-412970.6181467157,-412970.6181467157,73360.93657224838,73360.93657224838,73260.93657224838,0.0,100.0,0.0,0.0,73360.93657224838,41395.961814671566,1,0.0,100.0
7452,42875.58508999694,0.0,-428755.85089996934,0.0,10.0,0.0,-0.0,0.1,0.326979313,32.6979313,0.0,0.0,100.0,1.0,0.11,-11.0,-896.8969930170595,896.8969930170595,0.0,-896.8969930170595,896.8969930170595,0.0,-65084.09232680361,65084.09232680361,0.0,0.0,10358.293271484376,10358.293271484376,0.0,0.0,13544.00795135641,13544.00795135641,0.0,-428766.85089996934,-428766.85089996934,66877.88631283773,66877.88631283773,66777.88631283773,0.0,100.0,0.0,0.0,66877.88631283773,42975.58508999694,1,0.0,100.0
7453,47836.68855645749,0.0,-478366.8855645749,0.0,10.0,0.0,-0.0,0.1,0.32090554,32.090554,0.0,0.0,100.0,1.0,0.11,-11.0,-895.9799986515071,895.9799986515071,0.0,-895.9799986515071,895.9799986515071,0.0,-66808.00160228401,66808.00160228401,0.0,0.0,13835.98740234375,13835.98740234375,0.0,0.0,6827.285640785782,6827.285640785782,0.0,-478377.8855645749,-478377.8855645749,68599.96159958703,68599.96159958703,68499.96159958703,0.0,100.0,0.0,0.0,68599.96159958703,47936.68855645749,1,0.0,100.0
7454,47990.25181698251,0.0,-479902.51816982514,0.0,10.0,0.0,-0.0,0.1,0.329182875,32.9182875,0.0,0.0,100.0,1.0,0.08,-8.0,-918.4142303061782,918.4142303061782,0.0,-918.4142303061782,918.4142303061782,0.0,-63278.14480535504,63278.14480535504,0.0,0.0,8152.01419921875,8152.01419921875,0.0,0.0,8872.707249766137,8872.707249766137,0.0,-479910.51816982514,-479910.51816982514,65114.9732659674,65114.9732659674,65014.9732659674,0.0,100.0,0.0,0.0,65114.9732659674,48090.251816982505,1,0.0,100.0
7455,50107.482808467576,0.0,-501074.82808467577,0.0,10.0,0.0,-0.0,0.1,0.334192106,33.4192106,0.0,0.0,100.0,1.0,0.08,-8.0,-913.949546058769,913.949546058769,0.0,-913.949546058769,913.949546058769,0.0,-58186.99688258674,58186.99688258674,0.0,0.0,4113.40166015625,4113.40166015625,0.0,0.0,5694.01150608045,5694.01150608045,0.0,-501082.82808467577,-501082.82808467577,60014.895974704275,60014.895974704275,59914.895974704275,0.0,100.0,0.0,0.0,60014.895974704275,50207.482808467576,1,0.0,100.0
7456,64295.41719268038,0.0,-642954.1719268039,0.0,10.0,0.0,-0.0,0.1,0.320792512,32.079251199999995,0.0,0.0,100.0,1.0,0.08,-8.0,-835.9005598748437,835.9005598748437,0.0,-835.9005598748437,835.9005598748437,0.0,-63209.74536004007,63209.74536004007,0.0,0.0,486.129287109375,486.129287109375,0.0,0.0,0.0,0.0,0.0,-642962.1719268039,-642962.1719268039,64881.54647978976,64881.54647978976,64781.54647978976,0.0,100.0,0.0,0.0,64881.54647978976,64395.41719268038,1,0.0,100.0
7457,58553.71095333162,0.0,-585537.1095333162,0.0,10.0,0.0,-0.0,0.1,0.302908874,30.2908874,0.0,0.0,100.0,1.0,0.11,-11.0,-616.8163489443315,616.8163489443315,0.0,-616.8163489443315,616.8163489443315,0.0,-57420.07825544295,57420.07825544295,0.0,0.0,0.0,0.0,0.0,0.0,0.0,0.0,0.0,-585548.1095333162,-585548.1095333162,58653.71095333162,58653.71095333162,58553.71095333162,0.0,100.0,0.0,0.0,58653.71095333162,58653.71095333162,1,0.0,100.0
7458,46466.28673311624,0.0,-464662.86733116244,0.0,10.0,0.0,-0.0,0.1,0.3056218189999999,30.56218189999999,0.0,0.0,100.0,1.0,0.11,-11.0,-599.2610941365972,599.2610941365972,0.0,-599.2610941365972,599.2610941365972,0.0,-45367.76454484305,45367.76454484305,0.0,0.0,0.0,0.0,0.0,0.0,0.0,0.0,0.0,-464673.86733116244,-464673.86733116244,46566.28673311624,46566.28673311624,46466.28673311624,0.0,100.0,0.0,0.0,46566.28673311624,46566.28673311624,1,0.0,100.0
7459,44943.6205813332,0.0,-449436.205813332,0.0,10.0,0.0,-0.0,0.1,0.318514241,31.8514241,0.0,0.0,100.0,1.0,0.11,-11.0,-576.6301412703707,576.6301412703707,0.0,-576.6301412703707,576.6301412703707,0.0,-43890.36029879245,43890.36029879245,0.0,0.0,0.0,0.0,0.0,0.0,0.0,0.0,0.0,-449447.205813332,-449447.205813332,45043.6205813332,45043.6205813332,44943.6205813332,0.0,100.0,0.0,0.0,45043.6205813332,45043.6205813332,1,0.0,100.0
7460,35892.027435893106,0.0,-358920.27435893106,0.0,10.0,0.0,-0.0,0.1,0.3375828279999999,33.75828279999999,0.0,0.0,100.0,1.0,0.11,-11.0,-569.692657732367,569.692657732367,0.0,-569.692657732367,569.692657732367,0.0,-34852.64212042837,34852.64212042837,0.0,0.0,0.0,0.0,0.0,0.0,0.0,0.0,0.0,-358931.27435893106,-358931.27435893106,35992.027435893106,35992.027435893106,35892.027435893106,0.0,100.0,0.0,0.0,35992.027435893106,35992.027435893106,1,0.0,100.0
7461,33741.01817473296,0.0,-337410.18174732965,0.0,10.0,0.0,-0.0,0.1,0.343120854,34.3120854,0.0,0.0,100.0,1.0,0.11,-11.0,-232.59886745140824,232.59886745140824,0.0,-232.59886745140824,232.59886745140824,0.0,-33375.820439830146,33375.820439830146,0.0,0.0,0.0,0.0,0.0,0.0,0.0,0.0,0.0,-337421.18174732965,-337421.18174732965,33841.01817473296,33841.01817473296,33741.01817473296,0.0,100.0,0.0,0.0,33841.01817473296,33841.01817473296,1,0.0,100.0
7462,21487.492499216736,0.0,-214874.92499216736,0.0,10.0,0.0,-0.0,0.1,0.342338027,34.2338027,0.0,0.0,100.0,1.0,0.11,-11.0,-232.7431682373878,232.7431682373878,0.0,-232.7431682373878,232.7431682373878,0.0,-21122.00616274196,21122.00616274196,0.0,0.0,0.0,0.0,0.0,0.0,0.0,0.0,0.0,-214885.92499216736,-214885.92499216736,21587.492499216736,21587.492499216736,21487.492499216736,0.0,100.0,0.0,0.0,21587.492499216736,21587.492499216736,1,0.0,100.0
7463,18509.05207659978,0.0,-185090.5207659978,0.0,10.0,0.0,-0.0,0.1,0.318455765,31.8455765,0.0,0.0,100.0,1.0,0.11,-11.0,-235.8121354159566,235.8121354159566,0.0,-235.8121354159566,235.8121354159566,0.0,-18137.427805767868,18137.427805767868,0.0,0.0,0.0,0.0,0.0,0.0,0.0,0.0,0.0,-185101.5207659978,-185101.5207659978,18609.05207659978,18609.05207659978,18509.05207659978,0.0,100.0,0.0,0.0,18609.05207659978,18609.05207659978,1,0.0,100.0
7464,17764.16826347184,0.0,-177641.68263471843,0.0,10.0,0.0,-0.0,0.1,0.312016322,31.201632200000002,0.0,0.0,100.0,1.0,0.08,-8.0,-232.8453234321745,232.8453234321745,0.0,-232.8453234321745,232.8453234321745,0.0,-17398.47761660749,17398.47761660749,0.0,0.0,0.0,0.0,0.0,0.0,0.0,0.0,0.0,-177649.68263471843,-177649.68263471843,17864.16826347184,17864.16826347184,17764.16826347184,0.0,100.0,0.0,0.0,17864.16826347184,17864.16826347184,1,0.0,100.0
7465,17764.12704858807,0.0,-177641.2704858807,0.0,10.0,0.0,-0.0,0.1,0.3228820839999999,32.28820839999999,0.0,0.0,100.0,1.0,0.08,-8.0,-232.8247129673045,232.8247129673045,0.0,-232.8247129673045,232.8247129673045,0.0,-17398.477622653463,17398.477622653463,0.0,0.0,0.0,0.0,0.0,0.0,0.0,0.0,0.0,-177649.2704858807,-177649.2704858807,17864.12704858807,17864.12704858807,17764.12704858807,0.0,100.0,0.0,0.0,17864.12704858807,17864.12704858807,1,0.0,100.0
7466,17764.05208918932,0.0,-177640.52089189322,0.0,10.0,0.0,-0.0,0.1,0.34084033,34.084033000000005,0.0,0.0,100.0,1.0,0.08,-8.0,-232.78723629091456,232.78723629091456,0.0,-232.78723629091456,232.78723629091456,0.0,-17398.47761660749,17398.47761660749,0.0,0.0,0.0,0.0,0.0,0.0,0.0,0.0,0.0,-177648.52089189322,-177648.52089189322,17864.05208918932,17864.05208918932,17764.05208918932,0.0,100.0,0.0,0.0,17864.05208918932,17864.05208918932,1,0.0,100.0
7467,17763.976838780673,0.0,-177639.76838780672,0.0,10.0,0.0,-0.0,0.1,0.345967225,34.5967225,0.0,0.0,100.0,1.0,0.08,-8.0,-232.7496080636045,232.7496080636045,0.0,-232.7496080636045,232.7496080636045,0.0,-17398.477622653463,17398.477622653463,0.0,0.0,0.0,0.0,0.0,0.0,0.0,0.0,0.0,-177647.76838780672,-177647.76838780672,17863.976838780673,17863.976838780673,17763.976838780673,0.0,100.0,0.0,0.0,17863.976838780673,17863.976838780673,1,0.0,100.0
7468,18504.76742946356,0.0,-185047.67429463562,0.0,10.0,0.0,-0.0,0.1,0.338113987,33.8113987,0.0,0.0,100.0,1.0,0.08,-8.0,-233.6697181353169,233.6697181353169,0.0,-233.6697181353169,233.6697181353169,0.0,-18137.427993192927,18137.427993192927,0.0,0.0,0.0,0.0,0.0,0.0,0.0,0.0,0.0,-185055.67429463562,-185055.67429463562,18604.76742946356,18604.76742946356,18504.76742946356,0.0,100.0,0.0,0.0,18604.76742946356,18604.76742946356,1,0.0,100.0
7469,21489.078421240436,0.0,-214890.78421240437,0.0,10.0,0.0,-0.0,0.1,0.3164629089999999,31.64629089999999,0.0,0.0,100.0,1.0,0.11,-11.0,-233.49290963514065,233.49290963514065,0.0,-233.49290963514065,233.49290963514065,0.0,-21122.092601970155,21122.092601970155,0.0,0.0,0.0,0.0,0.0,0.0,0.0,0.0,0.0,-214901.78421240437,-214901.78421240437,21589.078421240436,21589.078421240436,21489.078421240436,0.0,100.0,0.0,0.0,21589.078421240436,21589.078421240436,1,0.0,100.0
7470,24193.536380456015,0.0,-241935.36380456015,0.0,10.0,0.0,-0.0,0.1,0.30633015,30.633015000000004,0.0,0.0,100.0,1.0,0.11,-11.0,-256.6969841053627,256.6969841053627,0.0,-256.6969841053627,256.6969841053627,0.0,-23780.142412245288,23780.142412245288,0.0,0.0,0.0,0.0,0.0,0.0,0.0,0.0,0.0,-241946.36380456015,-241946.36380456015,24293.536380456015,24293.536380456015,24193.536380456015,0.0,100.0,0.0,0.0,24293.536380456015,24293.536380456015,1,0.0,100.0
7471,26073.49870320752,0.0,-260734.98703207518,0.0,10.0,0.0,-0.0,0.1,0.289818082,28.981808199999996,0.0,0.0,100.0,1.0,0.11,-11.0,-503.83657069473225,503.83657069473225,0.0,-503.83657069473225,503.83657069473225,0.0,-30225.52855394526,30225.52855394526,0.0,0.0,3926.428857421875,3926.428857421875,0.0,0.0,1133.2741347053322,1133.2741347053322,0.0,-260745.98703207518,-260745.98703207518,31233.201695334727,31233.201695334723,31133.201695334727,0.0,100.0,0.0,0.0,31233.201695334723,26173.498703207515,1,0.0,100.0
7472,52036.52627819082,0.0,-520365.26278190815,0.0,10.0,0.0,-0.0,0.1,0.2792104039999999,27.921040399999992,0.0,0.0,100.0,1.0,0.11,-11.0,-693.352241034987,693.352241034987,0.0,-693.352241034987,693.352241034987,0.0,-63364.9096090228,63364.9096090228,0.0,0.0,10320.8987109375,10320.8987109375,0.0,0.0,2294.189101964453,2294.189101964453,0.0,-520376.26278190815,-520376.26278190815,64751.61409109277,64751.61409109277,64651.61409109277,0.0,100.0,0.0,0.0,64751.61409109277,52136.52627819082,1,0.0,100.0
7473,46554.52657936549,0.0,-465545.2657936549,0.0,10.0,0.0,-0.0,0.1,0.277153893,27.7153893,0.0,0.0,100.0,1.0,0.11,-11.0,-693.562927358382,693.562927358382,0.0,-693.562927358382,693.562927358382,0.0,-61145.56903312189,61145.56903312189,0.0,0.0,13611.6200390625,13611.6200390625,0.0,0.0,2266.5482694106645,2266.5482694106645,0.0,-465556.2657936549,-465556.2657936549,62532.694887838654,62532.694887838654,62432.694887838654,0.0,100.0,0.0,0.0,62532.694887838654,46654.52657936549,1,0.0,100.0
7474,41968.91395749281,0.0,-419689.1395749281,0.0,10.0,0.0,-0.0,0.1,0.292966729,29.296672899999997,0.0,0.0,100.0,1.0,0.11,-11.0,-711.4418232982614,711.4418232982614,0.0,-711.4418232982614,711.4418232982614,0.0,-58189.09835885839,58189.09835885839,0.0,0.0,14696.062294921874,14696.062294921874,0.0,0.0,2847.005753040225,2847.005753040225,0.0,-419700.1395749281,-419700.1395749281,59611.98200545491,59611.98200545491,59511.98200545491,0.0,100.0,0.0,0.0,59611.98200545491,42068.91395749281,1,0.0,100.0
7475,42377.06640887498,0.0,-423770.66408874985,0.0,10.0,0.0,-0.0,0.1,0.308329118,30.8329118,0.0,0.0,100.0,1.0,0.11,-11.0,-716.4742230664176,716.4742230664176,0.0,-716.4742230664176,716.4742230664176,0.0,-58188.87189497292,58188.87189497292,0.0,0.0,13910.7765234375,13910.7765234375,0.0,0.0,3233.977408793265,3233.977408793265,0.0,-423781.66408874985,-423781.66408874985,59621.82034110575,59621.820341105755,59521.82034110575,0.0,100.0,0.0,0.0,59621.820341105755,42477.06640887499,1,0.0,100.0
7476,35577.91690113148,0.0,-355779.1690113148,0.0,10.0,0.0,-0.0,0.1,0.350266453,35.0266453,0.0,0.0,100.0,1.0,0.11,-11.0,-718.2091869535178,718.2091869535178,0.0,-718.2091869535178,718.2091869535178,0.0,-55176.09750553361,55176.09750553361,0.0,0.0,17949.3890625,17949.3890625,0.0,0.0,2985.209915809168,2985.209915809168,0.0,-355790.1690113148,-355790.1690113148,56612.515879440645,56612.515879440645,56512.515879440645,0.0,100.0,0.0,0.0,56612.515879440645,35677.91690113148,1,0.0,100.0
7477,41545.45262637359,0.0,-415454.5262637359,0.0,10.0,0.0,-0.0,0.1,0.348410293,34.841029299999995,0.0,0.0,100.0,1.0,0.11,-11.0,-706.3919884796127,706.3919884796127,0.0,-706.3919884796127,706.3919884796127,0.0,-58188.69721481756,58188.69721481756,0.0,0.0,15219.586142578124,15219.586142578124,0.0,0.0,2736.4424228250705,2736.4424228250705,0.0,-415465.5262637359,-415465.5262637359,59601.48119177678,59601.48119177679,59501.48119177678,0.0,100.0,0.0,0.0,59601.48119177679,41645.45262637359,1,0.0,100.0
7478,48181.42313480057,0.0,-481814.2313480057,0.0,10.0,0.0,-0.0,0.1,0.335099848,33.5099848,0.0,0.0,100.0,1.0,0.08,-8.0,-706.2272779019307,706.2272779019307,0.0,-706.2272779019307,706.2272779019307,0.0,-58188.24120360207,58188.24120360207,0.0,0.0,9273.851015625,9273.851015625,0.0,0.0,2045.421608980356,2045.421608980356,0.0,-481822.2313480057,-481822.2313480057,59600.69575940593,59600.69575940593,59500.69575940593,0.0,100.0,0.0,0.0,59600.69575940593,48281.42313480057,1,0.0,100.0
7479,52598.995352987215,0.0,-525989.9535298721,0.0,10.0,0.0,-0.0,0.1,0.333841773,33.3841773,0.0,0.0,100.0,1.0,0.08,-8.0,-692.3559464580175,692.3559464580175,0.0,-692.3559464580175,692.3559464580175,0.0,-58188.49605331509,58188.49605331509,0.0,0.0,4524.741826171875,4524.741826171875,0.0,0.0,2349.4707670720304,2349.4707670720304,0.0,-525997.9535298721,-525997.9535298721,59573.20794623112,59573.20794623112,59473.20794623112,0.0,100.0,0.0,0.0,59573.20794623112,52698.995352987215,1,0.0,100.0
7480,64143.97094009004,0.0,-641439.7094009004,0.0,10.0,0.0,-0.0,0.1,0.325915487,32.5915487,0.0,0.0,100.0,1.0,0.08,-8.0,-684.685740581796,684.685740581796,0.0,-684.685740581796,684.685740581796,0.0,-63211.15050384832,63211.15050384832,0.0,0.0,336.551044921875,336.551044921875,0.0,0.0,0.0,0.0,0.0,-641447.7094009004,-641447.7094009004,64580.52198501192,64580.52198501192,64480.52198501192,0.0,100.0,0.0,0.0,64580.52198501192,64243.97094009004,1,0.0,100.0
7481,58376.46168001887,0.0,-583764.6168001887,0.0,10.0,0.0,-0.0,0.1,0.321294443,32.129444299999996,0.0,0.0,100.0,1.0,0.11,-11.0,-527.4785297070881,527.4785297070881,0.0,-527.4785297070881,527.4785297070881,0.0,-57421.50462060469,57421.50462060469,0.0,0.0,0.0,0.0,0.0,0.0,0.0,0.0,0.0,-583775.6168001887,-583775.6168001887,58476.46168001887,58476.46168001887,58376.46168001887,0.0,100.0,0.0,0.0,58476.46168001887,58476.46168001887,1,0.0,100.0
7482,46349.78766806581,0.0,-463497.8766806581,0.0,10.0,0.0,-0.0,0.1,0.312973286,31.2973286,0.0,0.0,100.0,1.0,0.11,-11.0,-539.451604704077,539.451604704077,0.0,-539.451604704077,539.451604704077,0.0,-45370.88445865765,45370.88445865765,0.0,0.0,0.0,0.0,0.0,0.0,0.0,0.0,0.0,-463508.8766806581,-463508.8766806581,46449.78766806581,46449.78766806581,46349.78766806581,0.0,100.0,0.0,0.0,46449.78766806581,46449.78766806581,1,0.0,100.0
7483,44874.50986791281,0.0,-448745.0986791281,0.0,10.0,0.0,-0.0,0.1,0.297376227,29.7376227,0.0,0.0,100.0,1.0,0.11,-11.0,-540.3942196271603,540.3942196271603,0.0,-540.3942196271603,540.3942196271603,0.0,-43893.72142865849,43893.72142865849,0.0,0.0,0.0,0.0,0.0,0.0,0.0,0.0,0.0,-448756.0986791281,-448756.0986791281,44974.50986791281,44974.50986791281,44874.50986791281,0.0,100.0,0.0,0.0,44974.50986791281,44974.50986791281,1,0.0,100.0
7484,35836.72255020878,0.0,-358367.22550208785,0.0,10.0,0.0,-0.0,0.1,0.318302075,31.8302075,0.0,0.0,100.0,1.0,0.11,-11.0,-540.317935789522,540.317935789522,0.0,-540.317935789522,540.317935789522,0.0,-34856.08667862974,34856.08667862974,0.0,0.0,0.0,0.0,0.0,0.0,0.0,0.0,0.0,-358378.22550208785,-358378.22550208785,35936.72255020878,35936.72255020878,35836.72255020878,0.0,100.0,0.0,0.0,35936.72255020878,35936.72255020878,1,0.0,100.0
7485,33744.87722304585,0.0,-337448.7722304585,0.0,10.0,0.0,-0.0,0.1,0.356216462,35.6216462,0.0,0.0,100.0,1.0,0.11,-11.0,-233.0106234768256,233.0106234768256,0.0,-233.0106234768256,233.0106234768256,0.0,-33378.8559760922,33378.8559760922,0.0,0.0,0.0,0.0,0.0,0.0,0.0,0.0,0.0,-337459.7722304585,-337459.7722304585,33844.87722304585,33844.87722304585,33744.87722304585,0.0,100.0,0.0,0.0,33844.87722304585,33844.87722304585,1,0.0,100.0
7486,21486.931041944612,0.0,-214869.31041944612,0.0,10.0,0.0,-0.0,0.1,0.3670050929999999,36.700509299999986,0.0,0.0,100.0,1.0,0.11,-11.0,-232.4623458888024,232.4623458888024,0.0,-232.4623458888024,232.4623458888024,0.0,-21122.00635016701,21122.00635016701,0.0,0.0,0.0,0.0,0.0,0.0,0.0,0.0,0.0,-214880.31041944612,-214880.31041944612,21586.931041944612,21586.931041944612,21486.931041944612,0.0,100.0,0.0,0.0,21586.931041944612,21586.931041944612,1,0.0,100.0
7487,18508.366123719697,0.0,-185083.66123719697,0.0,10.0,0.0,-0.0,0.1,0.3587563689999999,35.87563689999999,0.0,0.0,100.0,1.0,0.11,-11.0,-235.46906526338623,235.46906526338623,0.0,-235.46906526338623,235.46906526338623,0.0,-18137.427993192927,18137.427993192927,0.0,0.0,0.0,0.0,0.0,0.0,0.0,0.0,0.0,-185094.66123719697,-185094.66123719697,18608.366123719697,18608.366123719697,18508.366123719697,0.0,100.0,0.0,0.0,18608.366123719697,18608.366123719697,1,0.0,100.0
7488,17763.518669025543,0.0,-177635.18669025542,0.0,10.0,0.0,-0.0,0.1,0.352638052,35.2638052,0.0,0.0,100.0,1.0,0.08,-8.0,-232.5204294735112,232.5204294735112,0.0,-232.5204294735112,232.5204294735112,0.0,-17398.477810078522,17398.477810078522,0.0,0.0,0.0,0.0,0.0,0.0,0.0,0.0,0.0,-177643.18669025542,-177643.18669025542,17863.518669025543,17863.518669025543,17763.518669025543,0.0,100.0,0.0,0.0,17863.518669025543,17863.518669025543,1,0.0,100.0
7489,17763.515237246593,0.0,-177635.15237246593,0.0,10.0,0.0,-0.0,0.1,0.352883006,35.2883006,0.0,0.0,100.0,1.0,0.08,-8.0,-232.5187135840354,232.5187135840354,0.0,-232.5187135840354,232.5187135840354,0.0,-17398.477810078522,17398.477810078522,0.0,0.0,0.0,0.0,0.0,0.0,0.0,0.0,0.0,-177643.15237246593,-177643.15237246593,17863.515237246593,17863.515237246593,17763.515237246593,0.0,100.0,0.0,0.0,17863.515237246593,17863.515237246593,1,0.0,100.0
7490,17763.439027552588,0.0,-177634.39027552586,0.0,10.0,0.0,-0.0,0.1,0.3725650729999999,37.25650729999999,0.0,0.0,100.0,1.0,0.08,-8.0,-232.48060873703164,232.48060873703164,0.0,-232.48060873703164,232.48060873703164,0.0,-17398.477810078522,17398.477810078522,0.0,0.0,0.0,0.0,0.0,0.0,0.0,0.0,0.0,-177642.39027552586,-177642.39027552586,17863.439027552588,17863.439027552588,17763.439027552588,0.0,100.0,0.0,0.0,17863.439027552588,17863.439027552588,1,0.0,100.0
7491,17763.3779840805,0.0,-177633.779840805,0.0,10.0,0.0,-0.0,0.1,0.3837306,38.373059999999995,0.0,0.0,100.0,1.0,0.08,-8.0,-232.4500870009879,232.4500870009879,0.0,-232.4500870009879,232.4500870009879,0.0,-17398.477810078522,17398.477810078522,0.0,0.0,0.0,0.0,0.0,0.0,0.0,0.0,0.0,-177641.779840805,-177641.779840805,17863.3779840805,17863.3779840805,17763.3779840805,0.0,100.0,0.0,0.0,17863.3779840805,17863.3779840805,1,0.0,100.0
7492,18504.095520023122,0.0,-185040.95520023123,0.0,10.0,0.0,-0.0,0.1,0.391239936,39.1239936,0.0,0.0,100.0,1.0,0.08,-8.0,-233.3336697025705,233.3336697025705,0.0,-233.3336697025705,233.3336697025705,0.0,-18137.428180617982,18137.428180617982,0.0,0.0,0.0,0.0,0.0,0.0,0.0,0.0,0.0,-185048.95520023123,-185048.95520023123,18604.095520023122,18604.095520023122,18504.095520023122,0.0,100.0,0.0,0.0,18604.095520023122,18604.095520023122,1,0.0,100.0
7493,21488.621365562485,0.0,-214886.21365562486,0.0,10.0,0.0,-0.0,0.1,0.3948199089999999,39.48199089999999,0.0,0.0,100.0,1.0,0.11,-11.0,-233.26425180781675,233.26425180781675,0.0,-233.26425180781675,233.26425180781675,0.0,-21122.09286194685,21122.09286194685,0.0,0.0,0.0,0.0,0.0,0.0,0.0,0.0,0.0,-214897.21365562486,-214897.21365562486,21588.621365562485,21588.621365562485,21488.621365562485,0.0,100.0,0.0,0.0,21588.621365562485,21588.621365562485,1,0.0,100.0
7494,24703.268914049328,0.0,-247032.68914049328,0.0,10.0,0.0,-0.0,0.1,0.396427332,39.6427332,0.0,0.0,100.0,1.0,0.11,-11.0,-256.81526131380514,256.81526131380514,0.0,-256.81526131380514,256.81526131380514,0.0,-24289.63839142172,24289.63839142172,0.0,0.0,0.0,0.0,0.0,0.0,0.0,0.0,0.0,-247043.68914049328,-247043.68914049328,24803.268914049328,24803.268914049328,24703.268914049328,0.0,100.0,0.0,0.0,24803.268914049328,24803.268914049328,1,0.0,100.0
7495,25630.123110947283,0.0,-256301.23110947284,0.0,10.0,0.0,-0.0,0.1,0.394852102,39.4852102,0.0,0.0,100.0,1.0,0.11,-11.0,-503.8842611165096,503.8842611165096,0.0,-503.8842611165096,503.8842611165096,0.0,-30224.310901702087,30224.310901702087,0.0,0.0,3926.428857421875,3926.428857421875,0.0,0.0,1575.5274555659498,1575.5274555659498,0.0,-256312.23110947284,-256312.23110947284,31232.07942393511,31232.079423935105,31132.07942393511,0.0,100.0,0.0,0.0,31232.079423935105,25730.12311094728,1,0.0,100.0
7496,54475.490773113204,0.0,-544754.907731132,0.0,10.0,0.0,-0.0,0.1,0.3946590279999999,39.46590279999999,0.0,0.0,100.0,1.0,0.11,-11.0,-693.317644997648,693.317644997648,0.0,-693.317644997648,693.317644997648,0.0,-63361.98601993495,63361.98601993495,0.0,0.0,6469.258974609375,6469.258974609375,0.0,0.0,3703.871562207671,3703.871562207671,0.0,-544765.907731132,-544765.907731132,64748.621309930255,64748.62130993025,64648.621309930255,0.0,100.0,0.0,0.0,64748.62130993025,54575.4907731132,1,0.0,100.0
7497,54034.96470929205,0.0,-540349.6470929205,0.0,10.0,0.0,-0.0,0.1,0.3922196429999999,39.22196429999999,0.0,0.0,100.0,1.0,0.11,-11.0,-693.460062275989,693.460062275989,0.0,-693.460062275989,693.460062275989,0.0,-61184.69534438511,61184.69534438511,0.0,0.0,6170.102490234375,6170.102490234375,0.0,0.0,2266.5482694106645,2266.5482694106645,0.0,-540360.6470929205,-540360.6470929205,62571.61546893709,62571.61546893709,62471.61546893709,0.0,100.0,0.0,0.0,62571.61546893709,54134.96470929205,1,0.0,100.0
7498,48198.4608579458,0.0,-481984.60857945797,0.0,10.0,0.0,-0.0,0.1,0.39255158,39.255158,0.0,0.0,100.0,1.0,0.11,-11.0,-710.8099350425306,710.8099350425306,0.0,-710.8099350425306,710.8099350425306,0.0,-58371.83881354296,58371.83881354296,0.0,0.0,6768.415458984375,6768.415458984375,0.0,0.0,4726.5823666978495,4726.5823666978495,0.0,-481995.60857945797,-481995.60857945797,59793.45868362802,59793.45868362802,59693.45868362802,0.0,100.0,0.0,0.0,59793.45868362802,48298.4608579458,1,0.0,100.0
7499,53206.978281399104,0.0,-532069.7828139911,0.0,10.0,0.0,-0.0,0.1,0.388671974,38.867197399999995,0.0,0.0,100.0,1.0,0.11,-11.0,-722.3861771771335,722.3861771771335,0.0,-722.3861771771335,722.3861771771335,0.0,-65090.28472984681,65090.28472984681,0.0,0.0,10021.7422265625,10021.7422265625,0.0,0.0,3206.3365762394765,3206.3365762394765,0.0,-532080.7828139911,-532080.7828139911,66535.05708420108,66535.05708420108,66435.05708420108,0.0,100.0,0.0,0.0,66535.05708420108,53306.978281399104,1,0.0,100.0
7500,45921.38881835508,0.0,-459213.8881835508,0.0,10.0,0.0,-0.0,0.1,0.376328066,37.6328066,0.0,0.0,100.0,1.0,0.11,-11.0,-732.7765835723236,732.7765835723236,0.0,-732.7765835723236,732.7765835723236,0.0,-69422.16721338156,69422.16721338156,0.0,0.0,13312.4635546875,13312.4635546875,0.0,0.0,11553.868007483632,11553.868007483632,0.0,-459224.8881835508,-459224.8881835508,70887.72038052621,70887.72038052621,70787.72038052621,0.0,100.0,0.0,0.0,70887.72038052621,46021.38881835508,1,0.0,100.0
7501,60134.47978418311,0.0,-601344.7978418311,0.0,10.0,0.0,-0.0,0.1,0.369069944,36.906994399999995,0.0,0.0,100.0,1.0,0.11,-11.0,-720.3816459613234,720.3816459613234,0.0,-720.3816459613234,720.3816459613234,0.0,-80531.89939933813,80531.89939933813,0.0,0.0,10433.082392578124,10433.082392578124,0.0,0.0,11305.100514499534,11305.100514499534,0.0,-601355.7978418311,-601355.7978418311,81972.66269126078,81972.66269126078,81872.66269126078,0.0,100.0,0.0,0.0,81972.66269126078,60234.47978418312,1,0.0,100.0
7502,72107.53177388762,0.0,-721075.3177388762,0.0,10.0,0.0,-0.0,0.1,0.3771364029999999,37.71364029999999,0.0,0.0,100.0,1.0,0.08,-8.0,-730.7640626689964,730.7640626689964,0.0,-730.7640626689964,730.7640626689964,0.0,-81797.15942138602,81797.15942138602,0.0,0.0,6020.524248046875,6020.524248046875,0.0,0.0,5030.631524789524,5030.631524789524,0.0,-721083.3177388762,-721083.3177388762,83258.68754672402,83258.68754672402,83158.68754672402,0.0,100.0,0.0,0.0,83258.68754672402,72207.53177388762,1,0.0,100.0
7503,76203.75782773702,0.0,-762037.5782773702,0.0,10.0,0.0,-0.0,0.1,0.381364412,38.1364412,0.0,0.0,100.0,1.0,0.08,-8.0,-729.6208415252663,729.6208415252663,0.0,-729.6208415252663,729.6208415252663,0.0,-81860.26846187106,81860.26846187106,0.0,0.0,2841.9866015625,2841.9866015625,0.0,0.0,4173.765715622078,4173.765715622078,0.0,-762045.5782773702,-762045.5782773702,83319.5101449216,83319.5101449216,83219.5101449216,0.0,100.0,0.0,0.0,83319.5101449216,76303.75782773702,1,0.0,100.0
7504,83733.39751989153,0.0,-837333.9751989152,0.0,10.0,0.0,-0.0,0.1,0.368054273,36.8054273,0.0,0.0,100.0,1.0,0.08,-8.0,-711.5782781232314,711.5782781232314,0.0,-711.5782781232314,711.5782781232314,0.0,-82672.00288747318,82672.00288747318,0.0,0.0,261.76192382812496,261.76192382812496,0.0,0.0,0.0,0.0,0.0,-837341.9751989152,-837341.9751989152,84095.15944371965,84095.15944371965,83995.15944371965,0.0,100.0,0.0,0.0,84095.15944371965,83833.39751989153,1,0.0,100.0
7505,69534.44161213569,0.0,-695344.4161213569,0.0,10.0,0.0,-0.0,0.1,0.376123811,37.6123811,0.0,0.0,100.0,1.0,0.11,-11.0,-536.1435506350073,536.1435506350073,0.0,-536.1435506350073,536.1435506350073,0.0,-68562.15451086567,68562.15451086567,0.0,0.0,0.0,0.0,0.0,0.0,0.0,0.0,0.0,-695355.4161213569,-695355.4161213569,69634.44161213569,69634.44161213569,69534.44161213569,0.0,100.0,0.0,0.0,69634.44161213569,69634.44161213569,1,0.0,100.0
7506,54270.47248476184,0.0,-542704.7248476184,0.0,10.0,0.0,-0.0,0.1,0.373136207,37.3136207,0.0,0.0,100.0,1.0,0.11,-11.0,-539.362595108065,539.362595108065,0.0,-539.362595108065,539.362595108065,0.0,-53291.74729454571,53291.74729454571,0.0,0.0,0.0,0.0,0.0,0.0,0.0,0.0,0.0,-542715.7248476184,-542715.7248476184,54370.47248476184,54370.47248476184,54270.47248476184,0.0,100.0,0.0,0.0,54370.47248476184,54370.47248476184,1,0.0,100.0
7507,52626.839793379004,0.0,-526268.39793379,0.0,10.0,0.0,-0.0,0.1,0.374495928,37.4495928,0.0,0.0,100.0,1.0,0.11,-11.0,-540.3034208767191,540.3034208767191,0.0,-540.3034208767191,540.3034208767191,0.0,-51646.23295162556,51646.23295162556,0.0,0.0,0.0,0.0,0.0,0.0,0.0,0.0,0.0,-526279.39793379,-526279.39793379,52726.839793379004,52726.839793379004,52626.839793379004,0.0,100.0,0.0,0.0,52726.839793379004,52726.839793379004,1,0.0,100.0
7508,43519.96900691242,0.0,-435199.6900691242,0.0,10.0,0.0,-0.0,0.1,0.36895659,36.895658999999995,0.0,0.0,100.0,1.0,0.11,-11.0,-540.3497731984346,540.3497731984346,0.0,-540.3497731984346,540.3497731984346,0.0,-42539.26946051555,42539.26946051555,0.0,0.0,0.0,0.0,0.0,0.0,0.0,0.0,0.0,-435210.6900691242,-435210.6900691242,43619.96900691242,43619.96900691242,43519.96900691242,0.0,100.0,0.0,0.0,43619.96900691242,43619.96900691242,1,0.0,100.0
7509,39344.48820251069,0.0,-393444.8820251069,0.0,10.0,0.0,-0.0,0.1,0.38683309,38.683309,0.0,0.0,100.0,1.0,0.11,-11.0,-232.7435615082596,232.7435615082596,0.0,-232.7435615082596,232.7435615082596,0.0,-38979.00107949417,38979.00107949417,0.0,0.0,0.0,0.0,0.0,0.0,0.0,0.0,0.0,-393455.8820251069,-393455.8820251069,39444.48820251069,39444.48820251069,39344.48820251069,0.0,100.0,0.0,0.0,39444.48820251069,39444.48820251069,1,0.0,100.0
7510,21486.507816622896,0.0,-214865.07816622895,0.0,10.0,0.0,-0.0,0.1,0.3886773289999999,38.86773289999999,0.0,0.0,100.0,1.0,0.11,-11.0,-232.25064858436625,232.25064858436625,0.0,-232.25064858436625,232.25064858436625,0.0,-21122.006519454164,21122.006519454164,0.0,0.0,0.0,0.0,0.0,0.0,0.0,0.0,0.0,-214876.07816622895,-214876.07816622895,21586.507816622896,21586.507816622896,21486.507816622896,0.0,100.0,0.0,0.0,21586.507816622896,21586.507816622896,1,0.0,100.0
7511,18508.112734446855,0.0,-185081.12734446855,0.0,10.0,0.0,-0.0,0.1,0.3845745479999999,38.457454799999994,0.0,0.0,100.0,1.0,0.11,-11.0,-235.34228296040465,235.34228296040465,0.0,-235.34228296040465,235.34228296040465,0.0,-18137.428168526047,18137.428168526047,0.0,0.0,0.0,0.0,0.0,0.0,0.0,0.0,0.0,-185092.12734446855,-185092.12734446855,18608.112734446855,18608.112734446855,18508.112734446855,0.0,100.0,0.0,0.0,18608.112734446855,18608.112734446855,1,0.0,100.0
7512,17763.0505667232,0.0,-177630.50566723198,0.0,10.0,0.0,-0.0,0.1,0.368335745,36.8335745,0.0,0.0,100.0,1.0,0.08,-8.0,-232.28629367876417,232.28629367876417,0.0,-232.28629367876417,232.28629367876417,0.0,-17398.47797936567,17398.47797936567,0.0,0.0,0.0,0.0,0.0,0.0,0.0,0.0,0.0,-177638.50566723198,-177638.50566723198,17863.0505667232,17863.0505667232,17763.0505667232,0.0,100.0,0.0,0.0,17863.0505667232,17863.0505667232,1,0.0,100.0
7513,17763.06744990139,0.0,-177630.67449901393,0.0,10.0,0.0,-0.0,0.1,0.3625345999999999,36.25345999999999,0.0,0.0,100.0,1.0,0.08,-8.0,-232.2947322448762,232.2947322448762,0.0,-232.2947322448762,232.2947322448762,0.0,-17398.47798541164,17398.47798541164,0.0,0.0,0.0,0.0,0.0,0.0,0.0,0.0,0.0,-177638.67449901393,-177638.67449901393,17863.06744990139,17863.06744990139,17763.06744990139,0.0,100.0,0.0,0.0,17863.06744990139,17863.06744990139,1,0.0,100.0
7514,17763.057184941666,0.0,-177630.57184941665,0.0,10.0,0.0,-0.0,0.1,0.3596335979999999,35.96335979999999,0.0,0.0,100.0,1.0,0.08,-8.0,-232.2895997650144,232.2895997650144,0.0,-232.2895997650144,232.2895997650144,0.0,-17398.47798541164,17398.47798541164,0.0,0.0,0.0,0.0,0.0,0.0,0.0,0.0,0.0,-177638.57184941665,-177638.57184941665,17863.057184941666,17863.057184941666,17763.057184941666,0.0,100.0,0.0,0.0,17863.057184941666,17863.057184941666,1,0.0,100.0
7515,17762.882983665277,0.0,-177628.82983665276,0.0,10.0,0.0,-0.0,0.1,0.360612601,36.0612601,0.0,0.0,100.0,1.0,0.08,-8.0,-232.20249610383405,232.20249610383405,0.0,-232.20249610383405,232.20249610383405,0.0,-17398.47799145761,17398.47799145761,0.0,0.0,0.0,0.0,0.0,0.0,0.0,0.0,0.0,-177636.82983665276,-177636.82983665276,17862.882983665277,17862.882983665277,17762.882983665277,0.0,100.0,0.0,0.0,17862.882983665277,17862.882983665277,1,0.0,100.0
7516,18510.58897203837,0.0,-185105.8897203837,0.0,10.0,0.0,-0.0,0.1,0.365977397,36.5977397,0.0,0.0,100.0,1.0,0.08,-8.0,-236.5803050206456,236.5803050206456,0.0,-236.5803050206456,236.5803050206456,0.0,-18137.42836199708,18137.42836199708,0.0,0.0,0.0,0.0,0.0,0.0,0.0,0.0,0.0,-185113.8897203837,-185113.8897203837,18610.58897203837,18610.58897203837,18510.58897203837,0.0,100.0,0.0,0.0,18610.58897203837,18610.58897203837,1,0.0,100.0
7517,21493.752344447243,0.0,-214937.52344447243,0.0,10.0,0.0,-0.0,0.1,0.374556403,37.4556403,0.0,0.0,100.0,1.0,0.11,-11.0,-235.82959916990885,235.82959916990885,0.0,-235.82959916990885,235.82959916990885,0.0,-21122.093146107425,21122.093146107425,0.0,0.0,0.0,0.0,0.0,0.0,0.0,0.0,0.0,-214948.52344447243,-214948.52344447243,21593.752344447243,21593.752344447243,21493.752344447243,0.0,100.0,0.0,0.0,21593.752344447243,21593.752344447243,1,0.0,100.0
7518,24881.706841369378,0.0,-248817.06841369378,0.0,10.0,0.0,-0.0,0.1,0.378474642,37.8474642,0.0,0.0,100.0,1.0,0.11,-11.0,-261.3311846260291,261.3311846260291,0.0,-261.3311846260291,261.3311846260291,0.0,-24459.04447211732,24459.04447211732,0.0,0.0,0.0,0.0,0.0,0.0,0.0,0.0,0.0,-248828.06841369378,-248828.06841369378,24981.706841369378,24981.706841369378,24881.706841369378,0.0,100.0,0.0,0.0,24981.706841369378,24981.706841369378,1,0.0,100.0
7519,28933.568803701375,0.0,-289335.68803701375,0.0,10.0,0.0,-0.0,0.1,0.3785761529999999,37.85761529999999,0.0,0.0,100.0,1.0,0.11,-11.0,-505.8778674440727,505.8778674440727,0.0,-505.8778674440727,505.8778674440727,0.0,-30221.610735376973,30221.610735376973,0.0,0.0,1757.544345703125,1757.544345703125,0.0,0.0,442.2533208606175,442.2533208606175,0.0,-289346.68803701375,-289346.68803701375,31233.36647026512,31233.36647026512,31133.36647026512,0.0,100.0,0.0,0.0,31233.36647026512,29033.568803701375,1,0.0,100.0
7520,59030.08294725474,0.0,-590300.8294725474,0.0,10.0,0.0,-0.0,0.1,0.377492204,37.7492204,0.0,0.0,100.0,1.0,0.11,-11.0,-693.4447398168697,693.4447398168697,0.0,-693.4447398168697,693.4447398168697,0.0,-63360.57416510039,63360.57416510039,0.0,0.0,4262.97990234375,4262.97990234375,0.0,0.0,1354.400795135641,1354.400795135641,0.0,-590311.8294725474,-590311.8294725474,64747.46364473413,64747.46364473413,64647.46364473413,0.0,100.0,0.0,0.0,64747.46364473413,59130.08294725474,1,0.0,100.0
7521,44892.66667420196,0.0,-448926.6667420196,0.0,10.0,0.0,-0.0,0.1,0.375046302,37.5046302,0.0,0.0,100.0,1.0,0.11,-11.0,-711.8330284415009,711.8330284415009,0.0,-711.8330284415009,711.8330284415009,0.0,-63045.27497318052,63045.27497318052,0.0,0.0,15219.586142578124,15219.586142578124,0.0,0.0,4256.688213283444,4256.688213283444,0.0,-448937.6667420196,-448937.6667420196,64468.94103006353,64468.94103006353,64368.94103006353,0.0,100.0,0.0,0.0,64468.94103006353,44992.66667420196,1,0.0,100.0
7522,47970.71416950466,0.0,-479707.14169504656,0.0,10.0,0.0,-0.0,0.1,0.374666555,37.4666555,0.0,0.0,100.0,1.0,0.11,-11.0,-763.518755073757,763.518755073757,0.0,-763.518755073757,763.518755073757,0.0,-64459.13320024306,64459.13320024306,0.0,0.0,13686.40916015625,13686.40916015625,0.0,0.0,4229.047380729655,4229.047380729655,0.0,-479718.14169504656,-479718.14169504656,65986.17071039056,65986.17071039056,65886.17071039056,0.0,100.0,0.0,0.0,65986.17071039056,48070.71416950466,1,0.0,100.0
7523,56138.51841458477,0.0,-561385.1841458477,0.0,10.0,0.0,-0.0,0.1,0.364967444,36.4967444,0.0,0.0,100.0,1.0,0.11,-11.0,-796.7669796188842,796.7669796188842,0.0,-796.7669796188842,796.7669796188842,0.0,-67653.8415241065,67653.8415241065,0.0,0.0,4412.55814453125,4412.55814453125,0.0,0.0,8596.298924228251,8596.298924228251,0.0,-561396.1841458477,-561396.1841458477,69247.37548334427,69247.37548334427,69147.37548334427,0.0,100.0,0.0,0.0,69247.37548334427,56238.51841458476,1,0.0,100.0
7524,49413.5713959797,0.0,-494135.713959797,0.0,10.0,0.0,-0.0,0.1,0.353908701,35.3908701,0.0,0.0,100.0,1.0,0.11,-11.0,-841.4080085963341,841.4080085963341,0.0,-841.4080085963341,841.4080085963341,0.0,-64562.8017490988,64562.8017490988,0.0,0.0,8301.59244140625,8301.59244140625,0.0,0.0,8430.453928905521,8430.453928905521,0.0,-494146.713959797,-494146.713959797,66245.61776629147,66245.61776629147,66145.61776629147,0.0,100.0,0.0,0.0,66245.61776629147,49513.5713959797,1,0.0,100.0
7525,49934.803777090834,0.0,-499348.0377709083,0.0,10.0,0.0,-0.0,0.1,0.354276991,35.4276991,0.0,0.0,100.0,1.0,0.11,-11.0,-863.671578517232,863.671578517232,0.0,-863.671578517232,863.671578517232,0.0,-67592.21731330977,67592.21731330977,0.0,0.0,8338.987001953124,8338.987001953124,0.0,0.0,10945.769691300282,10945.769691300282,0.0,-499359.0377709083,-499359.0377709083,69319.56047034424,69319.56047034424,69219.56047034424,0.0,100.0,0.0,0.0,69319.56047034424,50034.80377709083,1,0.0,100.0
7526,53540.63226619425,0.0,-535406.3226619425,0.0,10.0,0.0,-0.0,0.1,0.360193852,36.019385199999995,0.0,0.0,100.0,1.0,0.08,-8.0,-887.806257102625,887.806257102625,0.0,-887.806257102625,887.806257102625,0.0,-66125.81604279634,66125.81604279634,0.0,0.0,4973.476552734375,4973.476552734375,0.0,0.0,9287.319738072969,9287.319738072969,0.0,-535414.3226619425,-535414.3226619425,67901.42855700159,67901.42855700159,67801.42855700159,0.0,100.0,0.0,0.0,67901.42855700159,53640.63226619425,1,0.0,100.0
7527,51140.45106553454,0.0,-511404.5106553454,0.0,10.0,0.0,-0.0,0.1,0.379811744,37.9811744,0.0,0.0,100.0,1.0,0.08,-8.0,-893.9126181561528,893.9126181561528,0.0,-893.9126181561528,893.9126181561528,0.0,-60098.98608062541,60098.98608062541,0.0,0.0,4786.50375,4786.50375,0.0,0.0,5859.856501403181,5859.856501403181,0.0,-511412.5106553454,-511412.5106553454,61886.81131693772,61886.81131693771,61786.81131693772,0.0,100.0,0.0,0.0,61886.81131693771,51240.45106553453,1,0.0,100.0
7528,64594.32847370548,0.0,-645943.2847370547,0.0,10.0,0.0,-0.0,0.1,0.391056209,39.1056209,0.0,0.0,100.0,1.0,0.08,-8.0,-822.1110722040348,822.1110722040348,0.0,-822.1110722040348,822.1110722040348,0.0,-63274.47369257866,63274.47369257866,0.0,0.0,224.36736328125,224.36736328125,0.0,0.0,0.0,0.0,0.0,-645951.2847370547,-645951.2847370547,64918.69583698673,64918.69583698673,64818.69583698673,0.0,100.0,0.0,0.0,64918.69583698673,64694.32847370548,1,0.0,100.0
7529,58475.97508796265,0.0,-584759.7508796265,0.0,10.0,0.0,-0.0,0.1,0.380198985,38.0198985,0.0,0.0,100.0,1.0,0.11,-11.0,-578.3643729263551,578.3643729263551,0.0,-578.3643729263551,578.3643729263551,0.0,-57419.24634210994,57419.24634210994,0.0,0.0,0.0,0.0,0.0,0.0,0.0,0.0,0.0,-584770.7508796265,-584770.7508796265,58575.97508796265,58575.97508796265,58475.97508796265,0.0,100.0,0.0,0.0,58575.97508796265,58575.97508796265,1,0.0,100.0
7530,46364.15390995296,0.0,-463641.5390995296,0.0,10.0,0.0,-0.0,0.1,0.351419785,35.1419785,0.0,0.0,100.0,1.0,0.11,-11.0,-548.3095559784613,548.3095559784613,0.0,-548.3095559784613,548.3095559784613,0.0,-45367.53479799604,45367.53479799604,0.0,0.0,0.0,0.0,0.0,0.0,0.0,0.0,0.0,-463652.5390995296,-463652.5390995296,46464.15390995296,46464.15390995296,46364.15390995296,0.0,100.0,0.0,0.0,46464.15390995296,46464.15390995296,1,0.0,100.0
7531,44868.946580395044,0.0,-448689.46580395044,0.0,10.0,0.0,-0.0,0.1,0.330408331,33.0408331,0.0,0.0,100.0,1.0,0.11,-11.0,-539.3729476007884,539.3729476007884,0.0,-539.3729476007884,539.3729476007884,0.0,-43890.20068519347,43890.20068519347,0.0,0.0,0.0,0.0,0.0,0.0,0.0,0.0,0.0,-448700.46580395044,-448700.46580395044,44968.946580395044,44968.946580395044,44868.946580395044,0.0,100.0,0.0,0.0,44968.946580395044,44968.946580395044,1,0.0,100.0
7532,35830.84228358703,0.0,-358308.4228358703,0.0,10.0,0.0,-0.0,0.1,0.347211537,34.7211537,0.0,0.0,100.0,1.0,0.11,-11.0,-539.4576855696799,539.4576855696799,0.0,-539.4576855696799,539.4576855696799,0.0,-34851.92691244767,34851.92691244767,0.0,0.0,0.0,0.0,0.0,0.0,0.0,0.0,0.0,-358319.4228358703,-358319.4228358703,35930.84228358703,35930.84228358703,35830.84228358703,0.0,100.0,0.0,0.0,35930.84228358703,35930.84228358703,1,0.0,100.0
7533,33738.859148807096,0.0,-337388.59148807096,0.0,10.0,0.0,-0.0,0.1,0.377326774,37.7326774,0.0,0.0,100.0,1.0,0.11,-11.0,-232.1585011478935,232.1585011478935,0.0,-232.1585011478935,232.1585011478935,0.0,-33374.54214651131,33374.54214651131,0.0,0.0,0.0,0.0,0.0,0.0,0.0,0.0,0.0,-337399.59148807096,-337399.59148807096,33838.859148807096,33838.859148807096,33738.859148807096,0.0,100.0,0.0,0.0,33838.859148807096,33838.859148807096,1,0.0,100.0
7534,21486.614605852177,0.0,-214866.14605852176,0.0,10.0,0.0,-0.0,0.1,0.3921489039999999,39.21489039999999,0.0,0.0,100.0,1.0,0.11,-11.0,-232.30394948647765,232.30394948647765,0.0,-232.30394948647765,232.30394948647765,0.0,-21122.006706879223,21122.006706879223,0.0,0.0,0.0,0.0,0.0,0.0,0.0,0.0,0.0,-214877.14605852176,-214877.14605852176,21586.614605852177,21586.614605852177,21486.614605852177,0.0,100.0,0.0,0.0,21586.614605852177,21586.614605852177,1,0.0,100.0
7535,18508.271716754574,0.0,-185082.71716754575,0.0,10.0,0.0,-0.0,0.1,0.39254008,39.254008,0.0,0.0,100.0,1.0,0.11,-11.0,-235.4216834247221,235.4216834247221,0.0,-235.4216834247221,235.4216834247221,0.0,-18137.42834990513,18137.42834990513,0.0,0.0,0.0,0.0,0.0,0.0,0.0,0.0,0.0,-185093.71716754575,-185093.71716754575,18608.271716754574,18608.271716754574,18508.271716754574,0.0,100.0,0.0,0.0,18608.271716754574,18608.271716754574,1,0.0,100.0
7536,14749.782540309616,0.0,-147497.82540309615,0.0,10.0,0.0,-0.0,0.1,0.381540977,38.1540977,0.0,0.0,100.0,1.0,0.08,-8.0,-232.34423136119293,232.34423136119293,0.0,-232.34423136119293,232.34423136119293,0.0,-14385.09407758723,14385.09407758723,0.0,0.0,0.0,0.0,0.0,0.0,0.0,0.0,0.0,-147505.82540309615,-147505.82540309615,14849.782540309616,14849.782540309616,14749.782540309616,0.0,100.0,0.0,0.0,14849.782540309616,14849.782540309616,1,0.0,100.0
7537,14749.719950783829,0.0,-147497.1995078383,0.0,10.0,0.0,-0.0,0.1,0.389347161,38.9347161,0.0,0.0,100.0,1.0,0.08,-8.0,-232.3129365982998,232.3129365982998,0.0,-232.3129365982998,232.3129365982998,0.0,-14385.09407758723,14385.09407758723,0.0,0.0,0.0,0.0,0.0,0.0,0.0,0.0,0.0,-147505.1995078383,-147505.1995078383,14849.719950783829,14849.719950783829,14749.719950783829,0.0,100.0,0.0,0.0,14849.719950783829,14849.719950783829,1,0.0,100.0
7538,14749.602619011112,0.0,-147496.02619011112,0.0,10.0,0.0,-0.0,0.1,0.399154164,39.9154164,0.0,0.0,100.0,1.0,0.08,-8.0,-232.254267688958,232.254267688958,0.0,-232.254267688958,232.254267688958,0.0,-14385.094083633196,14385.094083633196,0.0,0.0,0.0,0.0,0.0,0.0,0.0,0.0,0.0,-147504.02619011112,-147504.02619011112,14849.602619011112,14849.602619011112,14749.602619011112,0.0,100.0,0.0,0.0,14849.602619011112,14849.602619011112,1,0.0,100.0
7539,14749.503777434094,0.0,-147495.03777434095,0.0,10.0,0.0,-0.0,0.1,0.401094247,40.1094247,0.0,0.0,100.0,1.0,0.08,-8.0,-232.20484690044967,232.20484690044967,0.0,-232.20484690044967,232.20484690044967,0.0,-14385.094083633196,14385.094083633196,0.0,0.0,0.0,0.0,0.0,0.0,0.0,0.0,0.0,-147503.03777434095,-147503.03777434095,14849.503777434094,14849.503777434094,14749.503777434094,0.0,100.0,0.0,0.0,14849.503777434094,14849.503777434094,1,0.0,100.0
7540,15490.193274762089,0.0,-154901.9327476209,0.0,10.0,0.0,-0.0,0.1,0.362350059,36.2350059,0.0,0.0,100.0,1.0,0.08,-8.0,-233.07441331769843,233.07441331769843,0.0,-233.07441331769843,233.07441331769843,0.0,-15124.044448126691,15124.044448126691,0.0,0.0,0.0,0.0,0.0,0.0,0.0,0.0,0.0,-154909.9327476209,-154909.9327476209,15590.193274762089,15590.193274762089,15490.193274762089,0.0,100.0,0.0,0.0,15590.193274762089,15590.193274762089,1,0.0,100.0
7541,16968.0179218513,0.0,-169680.17921851302,0.0,10.0,0.0,-0.0,0.1,0.367679483,36.7679483,0.0,0.0,100.0,1.0,0.11,-11.0,-232.9930983409849,232.9930983409849,0.0,-232.9930983409849,232.9930983409849,0.0,-16602.03172516933,16602.03172516933,0.0,0.0,0.0,0.0,0.0,0.0,0.0,0.0,0.0,-169691.17921851302,-169691.17921851302,17068.0179218513,17068.0179218513,16968.0179218513,0.0,100.0,0.0,0.0,17068.0179218513,17068.0179218513,1,0.0,100.0
7542,18350.221193669586,0.0,-183502.21193669585,0.0,10.0,0.0,-0.0,0.1,0.371812269,37.1812269,0.0,0.0,100.0,1.0,0.11,-11.0,-221.0584996623052,221.0584996623052,0.0,-221.0584996623052,221.0584996623052,0.0,-18008.104194344975,18008.104194344975,0.0,0.0,0.0,0.0,0.0,0.0,0.0,0.0,0.0,-183513.21193669585,-183513.21193669585,18450.221193669586,18450.221193669586,18350.221193669586,0.0,100.0,0.0,0.0,18450.221193669586,18450.221193669586,1,0.0,100.0
7543,14188.419541822386,0.0,-141884.19541822386,0.0,10.0,0.0,-0.0,0.1,0.372204121,37.2204121,0.0,0.0,100.0,1.0,0.11,-11.0,-196.98678512845376,196.98678512845376,0.0,-196.98678512845376,196.98678512845376,0.0,-17936.362452359444,17936.362452359444,0.0,0.0,2991.56484375,2991.56484375,0.0,0.0,1050.3516370439663,1050.3516370439663,0.0,-141895.19541822386,-141895.19541822386,18330.336022616353,18330.336022616353,18230.336022616353,0.0,100.0,0.0,0.0,18330.336022616353,14288.419541822386,1,0.0,100.0
7544,6129.450870963505,0.0,-61294.50870963505,0.0,10.0,0.0,-0.0,0.1,0.373399188,37.3399188,0.0,0.0,100.0,1.0,0.11,-11.0,-197.2346753616877,197.2346753616877,0.0,-197.2346753616877,197.2346753616877,0.0,-17936.362452359444,17936.362452359444,0.0,0.0,8563.354365234374,8563.354365234374,0.0,0.0,3538.02656688494,3538.02656688494,0.0,-61305.50870963505,-61305.50870963505,18330.83180308282,18330.83180308282,18230.83180308282,0.0,100.0,0.0,0.0,18330.83180308282,6229.450870963505,1,0.0,100.0
7545,1259.9958632607586,0.0,-12599.958632607586,0.0,10.0,0.0,-0.0,0.1,0.374244061,37.4244061,0.0,0.0,100.0,1.0,0.11,-11.0,-197.62945404382253,197.62945404382253,0.0,-197.62945404382253,197.62945404382253,0.0,-15719.511334695084,15719.511334695084,0.0,0.0,11106.184482421875,11106.184482421875,0.0,0.0,3648.5898971000943,3648.5898971000943,0.0,-12610.958632607586,-12610.958632607586,16114.770242782728,16114.770242782728,16014.770242782728,0.0,100.0,0.0,0.0,16114.770242782728,1359.9958632607595,1,0.0,100.0
7546,0.0,0.0,-0.0,55.55555555555556,10.0,0.0,-0.0,0.1,0.372000302,0.0,0.0,100.0,0.0,1.0,0.11,0.0,-197.8259047064413,197.8259047064413,0.0,-197.8259047064413,197.8259047064413,0.0,-12763.709852537237,12763.709852537237,0.0,0.0,12564.57234375,12564.57234375,0.0,2621.8366978065346,3372.1815715622083,750.3448737556737,0.0,0.0,0.0,13314.917217505674,13314.917217505674,13314.917217505674,0.0,0.0,155.55555555555475,0.0,13159.361661950119,-2777.39225336209,1,-55.55555555555556,-100.0
7547,0.0,0.0,-0.0,44.44444444444444,60.0,0.0,-0.0,0.6,0.361210002,0.0,0.0,100.0,0.0,1.0,0.11,0.0,-200.76718036019165,200.76718036019165,0.0,-200.76718036019165,200.76718036019165,0.0,-12763.767549225684,12763.767549225684,0.0,825.3975323282375,14135.14388671875,13309.746354390512,0.0,5942.778999064547,5942.778999064547,0.0,0.0,0.0,0.0,13309.746354390512,13309.746354390512,13309.746354390512,0.0,0.0,144.44444444444525,0.0,13165.301909946067,-6912.62097583723,1,-44.44444444444444,-100.0
7548,0.0,0.0,-0.0,0.0,100.0,-0.0,-0.0,1.0,0.374342379,0.0,0.0,100.0,0.0,1.0,0.11,0.0,-197.94712899867844,197.94712899867844,0.0,-197.94712899867844,197.94712899867844,0.0,-12763.767543179716,12763.767543179716,0.0,464.1419195260514,13723.803720703125,13259.661801177073,0.0,7380.102291861554,7380.102291861554,0.0,0.0,0.0,0.0,13259.661801177073,13259.661801177073,13259.661801177073,0.0,0.0,100.0,0.0,13159.661801177073,-7944.244211387606,1,-0.0,-100.0
7549,0.0,0.0,-0.0,0.0,100.0,-0.0,-0.0,1.0,0.365710059,0.0,0.0,100.0,0.0,1.0,0.11,0.0,-243.35582246687264,243.35582246687264,0.0,-243.35582246687264,243.35582246687264,0.0,-12763.854133557155,12763.854133557155,0.0,0.0,11554.919208984376,11554.919208984376,0.0,5197.48406660199,6993.1306361085135,1795.6465695065235,0.0,0.0,0.0,13350.5657784909,13350.5657784909,13350.5657784909,0.0,0.0,100.0,0.0,13250.5657784909,-5297.48406660199,1,-0.0,-100.0
7550,670.380366410106,0.0,-6703.80366410106,0.0,100.0,45.0,-0.0,1.0,0.372528795,37.252879500000006,0.0,0.0,100.0,1.0,0.08,-8.0,-266.7419996774467,266.7419996774467,0.0,-266.7419996774467,266.7419996774467,0.0,-12763.767549225684,12763.767549225684,0.0,0.0,8114.619638671875,8114.619638671875,0.0,0.0,4367.251543498597,4367.251543498597,0.0,-6711.80366410106,-6711.80366410106,13297.251548580578,13297.251548580578,13152.251548580578,0.0,145.0,0.0,0.0,13297.251548580578,815.380366410107,1,45.0,100.0
7551,5387.068073348624,0.0,-53870.68073348624,0.0,50.0,36.0,-0.0,0.5,0.38479393,38.479393,0.0,0.0,100.0,1.0,0.08,-8.0,-249.3008096153087,249.3008096153087,0.0,-249.3008096153087,249.3008096153087,0.0,-12763.709852537237,12763.709852537237,0.0,0.0,3814.24517578125,3814.24517578125,0.0,0.0,3924.99822263798,3924.99822263798,0.0,-53878.68073348624,-53878.68073348624,13262.311471767855,13262.311471767855,13126.311471767855,0.0,136.0,0.0,0.0,13262.311471767855,5523.068073348624,1,36.0,100.0
7552,17208.36633597939,0.0,-172083.6633597939,0.0,10.0,0.0,-0.0,0.1,0.380080082,38.0080082,0.0,0.0,100.0,1.0,0.08,-8.0,-232.8470157647292,232.8470157647292,0.0,-232.8470157647292,232.8470157647292,0.0,-17785.701314129685,17785.701314129685,0.0,0.0,224.36736328125,224.36736328125,0.0,0.0,718.6616463985034,718.6616463985034,0.0,-172091.6633597939,-172091.6633597939,18251.395345659144,18251.395345659144,18151.395345659144,0.0,100.0,0.0,0.0,18251.395345659144,17308.36633597939,1,0.0,100.0
7553,21378.985101895647,0.0,-213789.85101895645,0.0,10.0,0.0,-0.0,0.1,0.376950676,37.6950676,0.0,0.0,100.0,1.0,0.11,-11.0,-221.66884170364187,221.66884170364187,0.0,-221.66884170364187,221.66884170364187,0.0,-21035.647418488363,21035.647418488363,0.0,0.0,0.0,0.0,0.0,0.0,0.0,0.0,0.0,-213800.85101895645,-213800.85101895645,21478.985101895647,21478.985101895647,21378.985101895647,0.0,100.0,0.0,0.0,21478.985101895647,21478.985101895647,1,0.0,100.0
7554,21402.625545231436,0.0,-214026.25545231436,0.0,10.0,0.0,-0.0,0.1,0.379113494,37.9113494,0.0,0.0,100.0,1.0,0.11,-11.0,-233.48906337153585,233.48906337153585,0.0,-233.48906337153585,233.48906337153585,0.0,-21035.647418488363,21035.647418488363,0.0,0.0,0.0,0.0,0.0,0.0,0.0,0.0,0.0,-214037.25545231436,-214037.25545231436,21502.625545231436,21502.625545231436,21402.625545231436,0.0,100.0,0.0,0.0,21502.625545231436,21502.625545231436,1,0.0,100.0
7555,19926.498978639283,0.0,-199264.98978639283,0.0,10.0,0.0,-0.0,0.1,0.371634577,37.1634577,0.0,0.0,100.0,1.0,0.11,-11.0,-234.376150614922,234.376150614922,0.0,-234.376150614922,234.376150614922,0.0,-19557.74667740944,19557.74667740944,0.0,0.0,0.0,0.0,0.0,0.0,0.0,0.0,0.0,-199275.98978639283,-199275.98978639283,20026.498978639283,20026.498978639283,19926.498978639283,0.0,100.0,0.0,0.0,20026.498978639283,20026.498978639283,1,0.0,100.0
7556,19926.028443890944,0.0,-199260.28443890944,0.0,10.0,0.0,-0.0,0.1,0.383105196,38.3105196,0.0,0.0,100.0,1.0,0.11,-11.0,-234.14088626373763,234.14088626373763,0.0,-234.14088626373763,234.14088626373763,0.0,-19557.746671363468,19557.746671363468,0.0,0.0,0.0,0.0,0.0,0.0,0.0,0.0,0.0,-199271.28443890944,-199271.28443890944,20026.028443890944,20026.028443890944,19926.028443890944,0.0,100.0,0.0,0.0,20026.028443890944,20026.028443890944,1,0.0,100.0
7557,18446.720740777113,0.0,-184467.20740777114,0.0,10.0,0.0,-0.0,0.1,0.398589815,39.8589815,0.0,0.0,100.0,1.0,0.11,-11.0,-233.3941372644251,233.3941372644251,0.0,-233.3941372644251,233.3941372644251,0.0,-18079.93246624826,18079.93246624826,0.0,0.0,0.0,0.0,0.0,0.0,0.0,0.0,0.0,-184478.20740777114,-184478.20740777114,18546.720740777113,18546.720740777113,18446.720740777113,0.0,100.0,0.0,0.0,18546.720740777113,18546.720740777113,1,0.0,100.0
7558,16967.10161447412,0.0,-169671.01614474118,0.0,10.0,0.0,-0.0,0.1,0.401000785,40.1000785,0.0,0.0,100.0,1.0,0.11,-11.0,-232.5782126342536,232.5782126342536,0.0,-232.5782126342536,232.5782126342536,0.0,-16601.945189205613,16601.945189205613,0.0,0.0,0.0,0.0,0.0,0.0,0.0,0.0,0.0,-169682.01614474118,-169682.01614474118,17067.10161447412,17067.10161447412,16967.10161447412,0.0,100.0,0.0,0.0,17067.10161447412,17067.10161447412,1,0.0,100.0
7559,15494.82947893889,0.0,-154948.2947893889,0.0,10.0,0.0,-0.0,0.1,0.409997279,40.999727899999996,0.0,0.0,100.0,1.0,0.11,-11.0,-235.39251238311527,235.39251238311527,0.0,-235.39251238311527,235.39251238311527,0.0,-15124.04445417266,15124.04445417266,0.0,0.0,0.0,0.0,0.0,0.0,0.0,0.0,0.0,-154959.2947893889,-154959.2947893889,15594.82947893889,15594.82947893889,15494.82947893889,0.0,100.0,0.0,0.0,15594.82947893889,15594.82947893889,1,0.0,100.0
7560,14749.950915386204,0.0,-147499.50915386205,0.0,10.0,0.0,-0.0,0.1,0.393077741,39.307774099999996,0.0,0.0,100.0,1.0,0.08,-8.0,-232.4283463478513,232.4283463478513,0.0,-232.4283463478513,232.4283463478513,0.0,-14385.0942226905,14385.0942226905,0.0,0.0,0.0,0.0,0.0,0.0,0.0,0.0,0.0,-147507.50915386205,-147507.50915386205,14849.950915386204,14849.950915386204,14749.950915386204,0.0,100.0,0.0,0.0,14849.950915386204,14849.950915386204,1,0.0,100.0
7561,14749.817362874326,0.0,-147498.17362874327,0.0,10.0,0.0,-0.0,0.1,0.3933605679999999,39.336056799999994,0.0,0.0,100.0,1.0,0.08,-8.0,-232.3615700919124,232.3615700919124,0.0,-232.3615700919124,232.3615700919124,0.0,-14385.0942226905,14385.0942226905,0.0,0.0,0.0,0.0,0.0,0.0,0.0,0.0,0.0,-147506.17362874327,-147506.17362874327,14849.817362874326,14849.817362874326,14749.817362874326,0.0,100.0,0.0,0.0,14849.817362874326,14849.817362874326,1,0.0,100.0
7562,14749.696775957893,0.0,-147496.96775957893,0.0,10.0,0.0,-0.0,0.1,0.410661656,41.0661656,0.0,0.0,100.0,1.0,0.08,-8.0,-232.3012766336963,232.3012766336963,0.0,-232.3012766336963,232.3012766336963,0.0,-14385.0942226905,14385.0942226905,0.0,0.0,0.0,0.0,0.0,0.0,0.0,0.0,0.0,-147504.96775957893,-147504.96775957893,14849.696775957893,14849.696775957893,14749.696775957893,0.0,100.0,0.0,0.0,14849.696775957893,14849.696775957893,1,0.0,100.0
7563,14749.652578529922,0.0,-147496.52578529922,0.0,10.0,0.0,-0.0,0.1,0.41779232,41.779232,0.0,0.0,100.0,1.0,0.08,-8.0,-232.27918396568097,232.27918396568097,0.0,-232.27918396568097,232.27918396568097,0.0,-14385.09421059856,14385.09421059856,0.0,0.0,0.0,0.0,0.0,0.0,0.0,0.0,0.0,-147504.52578529922,-147504.52578529922,14849.652578529922,14849.652578529922,14749.652578529922,0.0,100.0,0.0,0.0,14849.652578529922,14849.652578529922,1,0.0,100.0
7564,15490.344610486212,0.0,-154903.44610486212,0.0,10.0,0.0,-0.0,0.1,0.374731818,37.4731818,0.0,0.0,100.0,1.0,0.08,-8.0,-233.15001467409493,233.15001467409493,0.0,-233.15001467409493,233.15001467409493,0.0,-15124.044581138023,15124.044581138023,0.0,0.0,0.0,0.0,0.0,0.0,0.0,0.0,0.0,-154911.44610486212,-154911.44610486212,15590.344610486212,15590.344610486212,15490.344610486212,0.0,100.0,0.0,0.0,15590.344610486212,15590.344610486212,1,0.0,100.0
7565,16968.12547958618,0.0,-169681.25479586178,0.0,10.0,0.0,-0.0,0.1,0.367213229,36.7213229,0.0,0.0,100.0,1.0,0.11,-11.0,-233.0467411741065,233.0467411741065,0.0,-233.0467411741065,233.0467411741065,0.0,-16602.031997237966,16602.031997237966,0.0,0.0,0.0,0.0,0.0,0.0,0.0,0.0,0.0,-169692.25479586178,-169692.25479586178,17068.12547958618,17068.12547958618,16968.12547958618,0.0,100.0,0.0,0.0,17068.12547958618,17068.12547958618,1,0.0,100.0
7566,18350.33752090088,0.0,-183503.3752090088,0.0,10.0,0.0,-0.0,0.1,0.3770403129999999,37.70403129999999,0.0,0.0,100.0,1.0,0.11,-11.0,-221.11659374930025,221.11659374930025,0.0,-221.11659374930025,221.11659374930025,0.0,-18008.10433340228,18008.10433340228,0.0,0.0,0.0,0.0,0.0,0.0,0.0,0.0,0.0,-183514.3752090088,-183514.3752090088,18450.33752090088,18450.33752090088,18350.33752090088,0.0,100.0,0.0,0.0,18450.33752090088,18450.33752090088,1,0.0,100.0
7567,14245.422165415577,0.0,-142454.22165415576,0.0,10.0,0.0,-0.0,0.1,0.377154129,37.715412900000004,0.0,0.0,100.0,1.0,0.11,-11.0,-197.05283187299244,197.05283187299244,0.0,-197.05283187299244,197.05283187299244,0.0,-17936.362585370774,17936.362585370774,0.0,0.0,2243.6736328125,2243.6736328125,0.0,0.0,1741.3724508886812,1741.3724508886812,0.0,-142465.22165415576,-142465.22165415576,18330.46824911676,18330.46824911676,18230.46824911676,0.0,100.0,0.0,0.0,18330.46824911676,14345.422165415577,1,0.0,100.0
7568,6295.325802726265,0.0,-62953.258027262644,0.0,10.0,0.0,-0.0,0.1,0.371649555,37.164955500000005,0.0,0.0,100.0,1.0,0.11,-11.0,-197.32862567669275,197.32862567669275,0.0,-197.32862567669275,197.32862567669275,0.0,-17936.362585370774,17936.362585370774,0.0,0.0,5384.81671875,5384.81671875,0.0,0.0,6550.877315247896,6550.877315247896,0.0,-62964.258027262644,-62964.258027262644,18331.01983672416,18331.01983672416,18231.01983672416,0.0,100.0,0.0,0.0,18331.01983672416,6395.325802726264,1,0.0,100.0
7569,760.7343845088744,0.0,-7607.343845088744,0.0,10.0,0.0,-0.0,0.1,0.367371935,36.7371935,0.0,0.0,100.0,1.0,0.11,-11.0,-197.7344140603585,197.7344140603585,0.0,-197.7344140603585,197.7344140603585,0.0,-15719.51146770642,15719.51146770642,0.0,0.0,4861.292871093749,4861.292871093749,0.0,0.0,10392.953040224513,10392.953040224513,0.0,-7618.343845088744,-7618.343845088744,16114.980295827138,16114.980295827136,16014.980295827138,0.0,100.0,0.0,0.0,16114.980295827136,860.7343845088726,1,0.0,100.0
7570,0.0,0.0,-0.0,55.55555555555556,10.0,0.0,-0.0,0.1,0.3619978579999999,0.0,0.0,100.0,0.0,1.0,0.11,0.0,-197.93139498383047,197.93139498383047,0.0,-197.93139498383047,197.93139498383047,0.0,-12763.70998554857,12763.70998554857,0.0,0.0,7030.1773828125,7030.1773828125,0.0,6816.803682236506,13101.754630495792,6284.950948259287,0.0,0.0,0.0,13315.128331071786,13315.128331071786,13315.128331071786,0.0,0.0,155.55555555555475,0.0,13159.572775516232,-6972.3592377920595,1,-55.55555555555556,-100.0
7571,0.0,0.0,-0.0,44.44444444444444,60.0,0.0,-0.0,0.6,0.375282266,0.0,0.0,100.0,0.0,1.0,0.11,0.0,-200.87184957637027,200.87184957637027,0.0,-200.87184957637027,200.87184957637027,0.0,-12763.767791064469,12763.767791064469,0.0,0.0,6843.204580078125,6843.204580078125,0.0,8956.833210430506,15423.584565014036,6466.75135458353,0.0,0.0,0.0,13309.955934661655,13309.955934661655,13309.955934661655,0.0,0.0,144.44444444444525,0.0,13165.51149021721,-9101.27765487495,1,-44.44444444444444,-100.0
7572,0.0,0.0,-0.0,0.0,100.0,-0.0,-0.0,1.0,0.4273049339999999,0.0,0.0,100.0,0.0,1.0,0.11,0.0,-203.68746780149985,203.68746780149985,0.0,-203.68746780149985,203.68746780149985,0.0,-12763.767760834622,12763.767760834622,0.0,0.0,9460.823818359377,9460.823818359377,0.0,9788.970738385742,13599.289616463988,3810.3188780782457,0.0,0.0,0.0,13271.142696437622,13271.142696437622,13271.142696437622,0.0,0.0,100.0,0.0,13171.142696437622,-9888.970738385742,1,-0.0,-100.0
7573,0.0,0.0,-0.0,0.0,100.0,-0.0,-0.0,1.0,0.416829967,0.0,0.0,100.0,0.0,1.0,0.11,0.0,-256.1487661000314,256.1487661000314,0.0,-256.1487661000314,256.1487661000314,0.0,-12763.85446003952,12763.85446003952,0.0,0.0,9273.851015625,9273.851015625,0.0,10022.164458371388,14124.46543498597,4102.300976614582,0.0,0.0,0.0,13376.151992239582,13376.151992239582,13376.151992239582,0.0,0.0,100.0,0.0,13276.151992239582,-10122.164458371386,1,-0.0,-100.0
7574,1191.9777635776545,0.0,-11919.777635776545,0.0,100.0,45.0,-0.0,1.0,0.419778437,41.9778437,0.0,0.0,100.0,1.0,0.08,-8.0,-265.778671651612,265.778671651612,0.0,-265.778671651612,265.778671651612,0.0,-12763.767754788652,12763.767754788652,0.0,0.0,7591.095791015625,7591.095791015625,0.0,0.0,4367.251543498597,4367.251543498597,0.0,-11927.777635776545,-11927.777635776545,13295.325098091878,13295.325098091876,13150.325098091878,0.0,145.0,0.0,0.0,13295.325098091876,1336.9777635776536,1,45.0,100.0
7575,6448.638166274193,0.0,-64486.38166274193,0.0,50.0,36.0,-0.0,0.5,0.428349359,42.8349359,0.0,0.0,100.0,1.0,0.08,-8.0,-267.92020556863366,267.92020556863366,0.0,-267.92020556863366,267.92020556863366,0.0,-12763.709997640508,12763.709997640508,0.0,0.0,3702.0614941406247,3702.0614941406247,0.0,0.0,3012.8507483629564,3012.8507483629564,0.0,-64494.38166274193,-64494.38166274193,13299.550408777774,13299.550408777775,13163.550408777774,0.0,136.0,0.0,0.0,13299.550408777775,6584.638166274194,1,36.0,100.0
7576,17456.80511707287,0.0,-174568.0511707287,0.0,10.0,0.0,-0.0,0.1,0.42155455,42.155454999999996,0.0,0.0,100.0,1.0,0.08,-8.0,-236.7492755515918,236.7492755515918,0.0,-236.7492755515918,236.7492755515918,0.0,-17785.701459232958,17785.701459232958,0.0,0.0,149.5782421875,149.5782421875,0.0,0.0,552.8166510757718,552.8166510757718,0.0,-174576.0511707287,-174576.0511707287,18259.20001033614,18259.200010336142,18159.20001033614,0.0,100.0,0.0,0.0,18259.200010336142,17556.805117072872,1,0.0,100.0
7577,21378.9102363229,0.0,-213789.102363229,0.0,10.0,0.0,-0.0,0.1,0.4225800629999999,42.25800629999999,0.0,0.0,100.0,1.0,0.11,-11.0,-221.631336365634,221.631336365634,0.0,-221.631336365634,221.631336365634,0.0,-21035.647563591632,21035.647563591632,0.0,0.0,0.0,0.0,0.0,0.0,0.0,0.0,0.0,-213800.102363229,-213800.102363229,21478.9102363229,21478.9102363229,21378.9102363229,0.0,100.0,0.0,0.0,21478.9102363229,21478.9102363229,1,0.0,100.0
7578,21495.582378486004,0.0,-214955.82378486003,0.0,10.0,0.0,-0.0,0.1,0.424315069,42.4315069,0.0,0.0,100.0,1.0,0.11,-11.0,-233.34826854998025,233.34826854998025,0.0,-233.34826854998025,233.34826854998025,0.0,-21128.885841386043,21128.885841386043,0.0,0.0,0.0,0.0,0.0,0.0,0.0,0.0,0.0,-214966.82378486003,-214966.82378486003,21595.582378486004,21595.582378486004,21495.582378486004,0.0,100.0,0.0,0.0,21595.582378486004,21595.582378486004,1,0.0,100.0
7579,20042.824212349573,0.0,-200428.24212349573,0.0,10.0,0.0,-0.0,0.1,0.422716191,42.2716191,0.0,0.0,100.0,1.0,0.11,-11.0,-234.226916725153,234.226916725153,0.0,-234.226916725153,234.226916725153,0.0,-19674.370378899268,19674.370378899268,0.0,0.0,0.0,0.0,0.0,0.0,0.0,0.0,0.0,-200439.24212349573,-200439.24212349573,20142.824212349573,20142.824212349573,20042.824212349573,0.0,100.0,0.0,0.0,20142.824212349573,20142.824212349573,1,0.0,100.0
7580,20019.205505844977,0.0,-200192.05505844977,0.0,10.0,0.0,-0.0,0.1,0.4258960129999999,42.58960129999999,0.0,0.0,100.0,1.0,0.11,-11.0,-234.0353959863485,234.0353959863485,0.0,-234.0353959863485,234.0353959863485,0.0,-19651.13471387228,19651.13471387228,0.0,0.0,0.0,0.0,0.0,0.0,0.0,0.0,0.0,-200203.05505844977,-200203.05505844977,20119.205505844977,20119.205505844977,20019.205505844977,0.0,100.0,0.0,0.0,20119.205505844977,20119.205505844977,1,0.0,100.0
7581,18563.551752662093,0.0,-185635.51752662094,0.0,10.0,0.0,-0.0,0.1,0.43769643,43.769643,0.0,0.0,100.0,1.0,0.11,-11.0,-233.4265648934587,233.4265648934587,0.0,-233.4265648934587,233.4265648934587,0.0,-18196.698622875178,18196.698622875178,0.0,0.0,0.0,0.0,0.0,0.0,0.0,0.0,0.0,-185646.51752662094,-185646.51752662094,18663.551752662093,18663.551752662093,18563.551752662093,0.0,100.0,0.0,0.0,18663.551752662093,18663.551752662093,1,0.0,100.0
7582,17060.75977174781,0.0,-170607.5977174781,0.0,10.0,0.0,-0.0,0.1,0.445941521,44.5941521,0.0,0.0,100.0,1.0,0.11,-11.0,-232.6380158323564,232.6380158323564,0.0,-232.6380158323564,232.6380158323564,0.0,-16695.483740083095,16695.483740083095,0.0,0.0,0.0,0.0,0.0,0.0,0.0,0.0,0.0,-170618.5977174781,-170618.5977174781,17160.75977174781,17160.75977174781,17060.75977174781,0.0,100.0,0.0,0.0,17160.75977174781,17160.75977174781,1,0.0,100.0
7583,15611.856040594334,0.0,-156118.56040594334,0.0,10.0,0.0,-0.0,0.1,0.428588165,42.8588165,0.0,0.0,100.0,1.0,0.11,-11.0,-235.41501501687188,235.41501501687188,0.0,-235.41501501687188,235.41501501687188,0.0,-15241.02601056059,15241.02601056059,0.0,0.0,0.0,0.0,0.0,0.0,0.0,0.0,0.0,-156129.56040594334,-156129.56040594334,15711.856040594334,15711.856040594334,15611.856040594334,0.0,100.0,0.0,0.0,15711.856040594334,15711.856040594334,1,0.0,100.0
7584,17857.153570075625,0.0,-178571.53570075624,0.0,10.0,0.0,-0.0,0.1,0.4114903789999999,41.14903789999999,0.0,0.0,100.0,1.0,0.08,-8.0,-232.47599844255984,232.47599844255984,0.0,-232.47599844255984,232.47599844255984,0.0,-17492.201573190505,17492.201573190505,0.0,0.0,0.0,0.0,0.0,0.0,0.0,0.0,0.0,-178579.53570075624,-178579.53570075624,17957.153570075625,17957.153570075625,17857.153570075625,0.0,100.0,0.0,0.0,17957.153570075625,17957.153570075625,1,0.0,100.0
7585,17880.461990651915,0.0,-178804.61990651913,0.0,10.0,0.0,-0.0,0.1,0.4079284379999999,40.792843799999986,0.0,0.0,100.0,1.0,0.08,-8.0,-232.4140475896737,232.4140475896737,0.0,-232.4140475896737,232.4140475896737,0.0,-17515.63389547257,17515.63389547257,0.0,0.0,0.0,0.0,0.0,0.0,0.0,0.0,0.0,-178812.61990651913,-178812.61990651913,17980.461990651915,17980.461990651915,17880.461990651915,0.0,100.0,0.0,0.0,17980.461990651915,17980.461990651915,1,0.0,100.0
7586,17857.119588860667,0.0,-178571.19588860666,0.0,10.0,0.0,-0.0,0.1,0.410255225,41.0255225,0.0,0.0,100.0,1.0,0.08,-8.0,-232.3569095454652,232.3569095454652,0.0,-232.3569095454652,232.3569095454652,0.0,-17492.405769769735,17492.405769769735,0.0,0.0,0.0,0.0,0.0,0.0,0.0,0.0,0.0,-178579.19588860666,-178579.19588860666,17957.119588860667,17957.119588860667,17857.119588860667,0.0,100.0,0.0,0.0,17957.119588860667,17957.119588860667,1,0.0,100.0
7587,17880.51522509296,0.0,-178805.15225092962,0.0,10.0,0.0,-0.0,0.1,0.418178393,41.817839299999996,0.0,0.0,100.0,1.0,0.08,-8.0,-232.3246728823065,232.3246728823065,0.0,-232.3246728823065,232.3246728823065,0.0,-17515.865879328347,17515.865879328347,0.0,0.0,0.0,0.0,0.0,0.0,0.0,0.0,0.0,-178813.15225092962,-178813.15225092962,17980.51522509296,17980.51522509296,17880.51522509296,0.0,100.0,0.0,0.0,17980.51522509296,17980.51522509296,1,0.0,100.0
7588,18598.000399231,0.0,-185980.00399231003,0.0,10.0,0.0,-0.0,0.1,0.408255814,40.8255814,0.0,0.0,100.0,1.0,0.08,-8.0,-233.18499477711444,233.18499477711444,0.0,-233.18499477711444,233.18499477711444,0.0,-18231.63040967677,18231.63040967677,0.0,0.0,0.0,0.0,0.0,0.0,0.0,0.0,0.0,-185988.00399231003,-185988.00399231003,18698.000399231,18698.000399231,18598.000399231,0.0,100.0,0.0,0.0,18698.000399231,18698.000399231,1,0.0,100.0
7589,21605.899150924746,0.0,-216058.99150924745,0.0,10.0,0.0,-0.0,0.1,0.425969604,42.5969604,0.0,0.0,100.0,1.0,0.11,-11.0,-233.11143722420823,233.11143722420823,0.0,-233.11143722420823,233.11143722420823,0.0,-21239.67627647633,21239.67627647633,0.0,0.0,0.0,0.0,0.0,0.0,0.0,0.0,0.0,-216069.99150924745,-216069.99150924745,21705.899150924746,21705.899150924746,21605.899150924746,0.0,100.0,0.0,0.0,21705.899150924746,21705.899150924746,1,0.0,100.0
7590,27260.808978666588,0.0,-272608.08978666586,0.0,10.0,0.0,-0.0,0.1,0.440269367,44.0269367,0.0,0.0,100.0,1.0,0.11,-11.0,-257.35388248892457,257.35388248892457,0.0,-257.35388248892457,257.35388248892457,0.0,-26846.10121368874,26846.10121368874,0.0,0.0,0.0,0.0,0.0,0.0,0.0,0.0,0.0,-272619.08978666586,-272619.08978666586,27360.808978666588,27360.808978666588,27260.808978666588,0.0,100.0,0.0,0.0,27360.808978666588,27360.808978666588,1,0.0,100.0
7591,28473.83615707544,0.0,-284738.3615707544,0.0,10.0,0.0,-0.0,0.1,0.443167614,44.3167614,0.0,0.0,100.0,1.0,0.11,-11.0,-504.0145003453513,504.0145003453513,0.0,-504.0145003453513,504.0145003453513,0.0,-30251.79734893838,30251.79734893838,0.0,0.0,972.25857421875,972.25857421875,0.0,0.0,1713.7316183348926,1713.7316183348926,0.0,-284749.3615707544,-284749.3615707544,31259.826349629082,31259.826349629082,31159.826349629082,0.0,100.0,0.0,0.0,31259.826349629082,28573.83615707544,1,0.0,100.0
7592,58361.60088325819,0.0,-583616.0088325818,0.0,10.0,0.0,-0.0,0.1,0.446354043,44.6354043,0.0,0.0,100.0,1.0,0.11,-11.0,-703.715145666305,703.715145666305,0.0,-703.715145666305,703.715145666305,0.0,-63382.11117867612,63382.11117867612,0.0,0.0,3702.0614941406247,3702.0614941406247,0.0,0.0,2625.8790926099164,2625.8790926099164,0.0,-583627.0088325818,-583627.0088325818,64789.54147000873,64789.54147000873,64689.54147000873,0.0,100.0,0.0,0.0,64789.54147000873,58461.60088325819,1,0.0,100.0
7593,47032.45337059371,0.0,-470324.5337059371,0.0,10.0,0.0,-0.0,0.1,0.448937736,44.893773599999996,0.0,0.0,100.0,1.0,0.11,-11.0,-767.6634334026971,767.6634334026971,0.0,-767.6634334026971,767.6634334026971,0.0,-61157.01030518346,61157.01030518346,0.0,0.0,5609.18408203125,5609.18408203125,0.0,0.0,9950.699719363893,9950.699719363893,0.0,-470335.5337059371,-470335.5337059371,62692.33717198885,62692.33717198885,62592.33717198885,0.0,100.0,0.0,0.0,62692.33717198885,47132.45337059371,1,0.0,100.0
7594,41135.347263026306,0.0,-411353.4726302631,0.0,10.0,0.0,-0.0,0.1,0.437313147,43.7313147,0.0,0.0,100.0,1.0,0.11,-11.0,-848.1580849025744,848.1580849025744,0.0,-848.1580849025744,848.1580849025744,0.0,-58196.30849206609,58196.30849206609,0.0,0.0,5721.367763671875,5721.367763671875,0.0,0.0,12935.90963517306,12935.90963517306,0.0,-411364.4726302631,-411364.4726302631,59892.62466187124,59892.62466187124,59792.62466187124,0.0,100.0,0.0,0.0,59892.62466187124,41235.347263026306,1,0.0,100.0
7595,41222.524470538854,0.0,-412225.24470538856,0.0,10.0,0.0,-0.0,0.1,0.430030911,43.0030911,0.0,0.0,100.0,1.0,0.11,-11.0,-911.2614319072924,911.2614319072924,0.0,-911.2614319072924,911.2614319072924,0.0,-58194.70518555634,58194.70518555634,0.0,0.0,5123.054794921874,5123.054794921874,0.0,0.0,13571.6487839102,13571.6487839102,0.0,-412236.24470538856,-412236.24470538856,60017.228049370926,60017.228049370926,59917.228049370926,0.0,100.0,0.0,0.0,60017.228049370926,41322.524470538854,1,0.0,100.0
7596,39976.72156461232,0.0,-399767.2156461232,0.0,10.0,0.0,-0.0,0.1,0.417360978,41.736097799999996,0.0,0.0,100.0,1.0,0.11,-11.0,-944.2687080630552,944.2687080630552,0.0,-944.2687080630552,944.2687080630552,0.0,-55182.2453981482,55182.2453981482,0.0,0.0,3477.694130859375,3477.694130859375,0.0,0.0,13516.367118802622,13516.367118802622,0.0,-399778.2156461232,-399778.2156461232,57070.782814274324,57070.78281427432,56970.782814274324,0.0,100.0,0.0,0.0,57070.78281427432,40076.72156461232,1,0.0,100.0
7597,39808.694584542056,0.0,-398086.9458454206,0.0,10.0,0.0,-0.0,0.1,0.416923655,41.6923655,0.0,0.0,100.0,1.0,0.11,-11.0,-948.8572376972036,948.8572376972036,0.0,-948.8572376972036,948.8572376972036,0.0,-58193.36435272737,58193.36435272737,0.0,0.0,6057.918808593749,6057.918808593749,0.0,0.0,14124.46543498597,14124.46543498597,0.0,-398097.9458454206,-398097.9458454206,60091.078828121776,60091.078828121776,59991.078828121776,0.0,100.0,0.0,0.0,60091.078828121776,39908.694584542056,1,0.0,100.0
7598,46390.41582886793,0.0,-463904.1582886793,0.0,10.0,0.0,-0.0,0.1,0.410592615,41.0592615,0.0,0.0,100.0,1.0,0.08,-8.0,-973.8986158970788,973.8986158970788,0.0,-973.8986158970788,973.8986158970788,0.0,-58192.17072716761,58192.17072716761,0.0,0.0,2841.9866015625,2841.9866015625,0.0,0.0,10807.56552853134,10807.56552853134,0.0,-463912.1582886793,-463912.1582886793,60139.96795896177,60139.96795896177,60039.96795896177,0.0,100.0,0.0,0.0,60139.96795896177,46490.41582886793,1,0.0,100.0
7599,50376.96478157403,0.0,-503769.6478157403,0.0,10.0,0.0,-0.0,0.1,0.415209722,41.5209722,0.0,0.0,100.0,1.0,0.08,-8.0,-974.10780428482,974.10780428482,0.0,-974.10780428482,974.10780428482,0.0,-58191.47677077026,58191.47677077026,0.0,0.0,3664.66693359375,3664.66693359375,0.0,0.0,5998.060664172124,5998.060664172124,0.0,-503777.6478157403,-503777.6478157403,60139.692379339904,60139.692379339904,60039.692379339904,0.0,100.0,0.0,0.0,60139.692379339904,50476.96478157403,1,0.0,100.0
7600,63710.24686216743,0.0,-637102.4686216742,0.0,10.0,0.0,-0.0,0.1,0.42610853,42.610853,0.0,0.0,100.0,1.0,0.08,-8.0,-902.1411238978084,902.1411238978084,0.0,-902.1411238978084,902.1411238978084,0.0,-63215.64822159636,63215.64822159636,0.0,0.0,186.972802734375,186.972802734375,0.0,0.0,1022.710804490178,1022.710804490178,0.0,-637110.4686216742,-637110.4686216742,65019.93046939198,65019.93046939198,64919.93046939198,0.0,100.0,0.0,0.0,65019.93046939198,63810.24686216743,1,0.0,100.0
7601,58620.73335961202,0.0,-586207.3335961202,0.0,10.0,0.0,-0.0,0.1,0.443629161,44.3629161,0.0,0.0,100.0,1.0,0.11,-11.0,-646.3994190920143,646.3994190920143,0.0,-646.3994190920143,646.3994190920143,0.0,-57427.934521428,57427.934521428,0.0,0.0,0.0,0.0,0.0,0.0,0.0,0.0,0.0,-586218.3335961202,-586218.3335961202,58720.73335961202,58720.73335961202,58620.73335961202,0.0,100.0,0.0,0.0,58720.73335961202,58720.73335961202,1,0.0,100.0
7602,46493.531875551635,0.0,-464935.3187555163,0.0,10.0,0.0,-0.0,0.1,0.439397803,43.939780299999995,0.0,0.0,100.0,1.0,0.11,-11.0,-607.9503657222342,607.9503657222342,0.0,-607.9503657222342,607.9503657222342,0.0,-45377.63114410717,45377.63114410717,0.0,0.0,0.0,0.0,0.0,0.0,0.0,0.0,0.0,-464946.3187555163,-464946.3187555163,46593.531875551635,46593.531875551635,46493.531875551635,0.0,100.0,0.0,0.0,46593.531875551635,46593.531875551635,1,0.0,100.0
7603,44986.477896453565,0.0,-449864.7789645357,0.0,10.0,0.0,-0.0,0.1,0.420226345,42.0226345,0.0,0.0,100.0,1.0,0.11,-11.0,-593.1437701188042,593.1437701188042,0.0,-593.1437701188042,593.1437701188042,0.0,-43900.19035621596,43900.19035621596,0.0,0.0,0.0,0.0,0.0,0.0,0.0,0.0,0.0,-449875.7789645357,-449875.7789645357,45086.477896453565,45086.477896453565,44986.477896453565,0.0,100.0,0.0,0.0,45086.477896453565,45086.477896453565,1,0.0,100.0
7604,35899.72249676313,0.0,-358997.2249676313,0.0,10.0,0.0,-0.0,0.1,0.41559895,41.559895000000004,0.0,0.0,100.0,1.0,0.11,-11.0,-568.5802409240496,568.5802409240496,0.0,-568.5802409240496,568.5802409240496,0.0,-34862.56201491503,34862.56201491503,0.0,0.0,0.0,0.0,0.0,0.0,0.0,0.0,0.0,-359008.2249676313,-359008.2249676313,35999.72249676313,35999.72249676313,35899.72249676313,0.0,100.0,0.0,0.0,35999.72249676313,35999.72249676313,1,0.0,100.0
7605,33750.74634272709,0.0,-337507.46342727094,0.0,10.0,0.0,-0.0,0.1,0.443635947,44.3635947,0.0,0.0,100.0,1.0,0.11,-11.0,-233.17266789641067,233.17266789641067,0.0,-233.17266789641067,233.17266789641067,0.0,-33384.40100693427,33384.40100693427,0.0,0.0,0.0,0.0,0.0,0.0,0.0,0.0,0.0,-337518.46342727094,-337518.46342727094,33850.74634272709,33850.74634272709,33750.74634272709,0.0,100.0,0.0,0.0,33850.74634272709,33850.74634272709,1,0.0,100.0
7606,21487.19259253126,0.0,-214871.92592531262,0.0,10.0,0.0,-0.0,0.1,0.4391658979999999,43.91658979999999,0.0,0.0,100.0,1.0,0.11,-11.0,-232.5926737803717,232.5926737803717,0.0,-232.5926737803717,232.5926737803717,0.0,-21122.00724497052,21122.00724497052,0.0,0.0,0.0,0.0,0.0,0.0,0.0,0.0,0.0,-214882.92592531262,-214882.92592531262,21587.19259253126,21587.19259253126,21487.19259253126,0.0,100.0,0.0,0.0,21587.19259253126,21587.19259253126,1,0.0,100.0
7607,18508.620468984805,0.0,-185086.20468984806,0.0,10.0,0.0,-0.0,0.1,0.427858526,42.7858526,0.0,0.0,100.0,1.0,0.11,-11.0,-235.5957904941826,235.5957904941826,0.0,-235.5957904941826,235.5957904941826,0.0,-18137.42888799644,18137.42888799644,0.0,0.0,0.0,0.0,0.0,0.0,0.0,0.0,0.0,-185097.20468984806,-185097.20468984806,18608.620468984805,18608.620468984805,18508.620468984805,0.0,100.0,0.0,0.0,18608.620468984805,18608.620468984805,1,0.0,100.0
7608,17763.653990206796,0.0,-177636.53990206798,0.0,10.0,0.0,-0.0,0.1,0.415821557,41.5821557,0.0,0.0,100.0,1.0,0.08,-8.0,-232.58764870835407,232.58764870835407,0.0,-232.58764870835407,232.58764870835407,0.0,-17398.47869279009,17398.47869279009,0.0,0.0,0.0,0.0,0.0,0.0,0.0,0.0,0.0,-177644.53990206798,-177644.53990206798,17863.653990206796,17863.653990206796,17763.653990206796,0.0,100.0,0.0,0.0,17863.653990206796,17863.653990206796,1,0.0,100.0
7609,17763.527451736612,0.0,-177635.27451736614,0.0,10.0,0.0,-0.0,0.1,0.411999668,41.1999668,0.0,0.0,100.0,1.0,0.08,-8.0,-232.52437645027567,232.52437645027567,0.0,-232.52437645027567,232.52437645027567,0.0,-17398.47869883606,17398.47869883606,0.0,0.0,0.0,0.0,0.0,0.0,0.0,0.0,0.0,-177643.27451736614,-177643.27451736614,17863.527451736612,17863.527451736612,17763.527451736612,0.0,100.0,0.0,0.0,17863.527451736612,17863.527451736612,1,0.0,100.0
7610,17763.392616941605,0.0,-177633.92616941605,0.0,10.0,0.0,-0.0,0.1,0.415852048,41.5852048,0.0,0.0,100.0,1.0,0.08,-8.0,-232.45695905277185,232.45695905277185,0.0,-232.45695905277185,232.45695905277185,0.0,-17398.47869883606,17398.47869883606,0.0,0.0,0.0,0.0,0.0,0.0,0.0,0.0,0.0,-177641.92616941605,-177641.92616941605,17863.392616941605,17863.392616941605,17763.392616941605,0.0,100.0,0.0,0.0,17863.392616941605,17863.392616941605,1,0.0,100.0
7611,17763.310671534487,0.0,-177633.10671534488,0.0,10.0,0.0,-0.0,0.1,0.413899835,41.3899835,0.0,0.0,100.0,1.0,0.08,-8.0,-232.4159803032433,232.4159803032433,0.0,-232.4159803032433,232.4159803032433,0.0,-17398.478710928,17398.478710928,0.0,0.0,0.0,0.0,0.0,0.0,0.0,0.0,0.0,-177641.10671534488,-177641.10671534488,17863.310671534487,17863.310671534487,17763.310671534487,0.0,100.0,0.0,0.0,17863.310671534487,17863.310671534487,1,0.0,100.0
7612,18511.0149284948,0.0,-185110.14928494798,0.0,10.0,0.0,-0.0,0.1,0.429267662,42.9267662,0.0,0.0,100.0,1.0,0.08,-8.0,-236.79292351366703,236.79292351366703,0.0,-236.79292351366703,236.79292351366703,0.0,-18137.429081467464,18137.429081467464,0.0,0.0,0.0,0.0,0.0,0.0,0.0,0.0,0.0,-185118.14928494798,-185118.14928494798,18611.0149284948,18611.0149284948,18511.0149284948,0.0,100.0,0.0,0.0,18611.0149284948,18611.0149284948,1,0.0,100.0
7613,21494.227517178617,0.0,-214942.27517178617,0.0,10.0,0.0,-0.0,0.1,0.439736364,43.9736364,0.0,0.0,100.0,1.0,0.11,-11.0,-236.0666111684785,236.0666111684785,0.0,-236.0666111684785,236.0666111684785,0.0,-21122.09429484166,21122.09429484166,0.0,0.0,0.0,0.0,0.0,0.0,0.0,0.0,0.0,-214953.27517178617,-214953.27517178617,21594.227517178617,21594.227517178617,21494.227517178617,0.0,100.0,0.0,0.0,21594.227517178617,21594.227517178617,1,0.0,100.0
7614,24699.310943372268,0.0,-246993.10943372268,0.0,10.0,0.0,-0.0,0.1,0.461385627,46.1385627,0.0,0.0,100.0,1.0,0.11,-11.0,-258.8220361275956,258.8220361275956,0.0,-258.8220361275956,258.8220361275956,0.0,-24281.666871117075,24281.666871117075,0.0,0.0,0.0,0.0,0.0,0.0,0.0,0.0,0.0,-247004.10943372268,-247004.10943372268,24799.310943372268,24799.310943372268,24699.310943372268,0.0,100.0,0.0,0.0,24799.310943372268,24799.310943372268,1,0.0,100.0
7615,25806.429202996576,0.0,-258064.29202996576,0.0,10.0,0.0,-0.0,0.1,0.464781527,46.4781527,0.0,0.0,100.0,1.0,0.11,-11.0,-503.99881679168766,503.99881679168766,0.0,-503.99881679168766,503.99881679168766,0.0,-30229.68183280188,30229.68183280188,0.0,0.0,3589.8778125,3589.8778125,0.0,0.0,1741.3724508886812,1741.3724508886812,0.0,-258075.29202996576,-258075.29202996576,31237.679466385256,31237.679466385256,31137.679466385256,0.0,100.0,0.0,0.0,31237.679466385256,25906.429202996573,1,0.0,100.0
7616,56318.72842029289,0.0,-563187.2842029289,0.0,10.0,0.0,-0.0,0.1,0.465090605,46.5090605,0.0,0.0,100.0,1.0,0.11,-11.0,-702.1563419410304,702.1563419410304,0.0,-702.1563419410304,702.1563419410304,0.0,-63366.71336361061,63366.71336361061,0.0,0.0,2243.6736328125,2243.6736328125,0.0,0.0,6108.623994387279,6108.623994387279,0.0,-563198.2842029289,-563198.2842029289,64771.026047492676,64771.02604749267,64671.026047492676,0.0,100.0,0.0,0.0,64771.02604749267,56418.728420292886,1,0.0,100.0
7617,53610.60629375197,0.0,-536106.0629375196,0.0,10.0,0.0,-0.0,0.1,0.464164917,46.4164917,0.0,0.0,100.0,1.0,0.11,-11.0,-755.6758129484074,755.6758129484074,0.0,-755.6758129484074,755.6758129484074,0.0,-64944.729461361065,64944.729461361065,0.0,0.0,4038.6125390625,4038.6125390625,0.0,0.0,8706.862254443406,8706.862254443406,0.0,-536117.0629375196,-536117.0629375196,66456.08108725787,66456.08108725787,66356.08108725787,0.0,100.0,0.0,0.0,66456.08108725787,53710.60629375197,1,0.0,100.0
7618,55135.28035615156,0.0,-551352.8035615156,0.0,10.0,0.0,-0.0,0.1,0.454818603,45.4818603,0.0,0.0,100.0,1.0,0.11,-11.0,-836.9122434393595,836.9122434393595,0.0,-836.9122434393595,836.9122434393595,0.0,-68716.5125297945,68716.5125297945,0.0,0.0,5010.87111328125,5010.87111328125,0.0,0.0,10144.185547240411,10144.185547240411,0.0,-551363.8035615156,-551363.8035615156,70390.33701667322,70390.33701667322,70290.33701667322,0.0,100.0,0.0,0.0,70390.33701667322,55235.28035615156,1,0.0,100.0
7619,60035.845704351545,0.0,-600358.4570435154,0.0,10.0,0.0,-0.0,0.1,0.439587367,43.9587367,0.0,0.0,100.0,1.0,0.11,-11.0,-927.0297423686462,927.0297423686462,0.0,-927.0297423686462,927.0297423686462,0.0,-79603.79952584014,79603.79952584014,0.0,0.0,9049.48365234375,9049.48365234375,0.0,0.0,12272.529653882137,12272.529653882137,0.0,-600369.4570435154,-600369.4570435154,81457.85901057743,81457.85901057743,81357.85901057743,0.0,100.0,0.0,0.0,81457.85901057743,60135.84570435155,1,0.0,100.0
7620,66370.47777846368,0.0,-663704.7777846368,0.0,10.0,0.0,-0.0,0.1,0.428341382,42.8341382,0.0,0.0,100.0,1.0,0.11,-11.0,-985.4234420179878,985.4234420179878,0.0,-985.4234420179878,985.4234420179878,0.0,-82664.26598102112,82664.26598102112,0.0,0.0,5422.211279296875,5422.211279296875,0.0,0.0,12742.42380729654,12742.42380729654,0.0,-663715.7777846368,-663715.7777846368,84635.1128650571,84635.11286505709,84535.1128650571,0.0,100.0,0.0,0.0,84635.11286505709,66470.47777846368,1,0.0,100.0
7621,70478.55638955884,0.0,-704785.5638955884,0.0,10.0,0.0,-0.0,0.1,0.423989244,42.3989244,0.0,0.0,100.0,1.0,0.11,-11.0,-994.818594859646,994.818594859646,0.0,-994.818594859646,994.818594859646,0.0,-86381.19741294943,86381.19741294943,0.0,0.0,5796.156884765624,5796.156884765624,0.0,0.0,11996.121328344248,11996.121328344248,0.0,-704796.5638955884,-704796.5638955884,88370.8346026687,88370.83460266872,88270.8346026687,0.0,100.0,0.0,0.0,88370.83460266872,70578.55638955886,1,0.0,100.0
7622,76392.17561870652,0.0,-763921.7561870652,0.0,10.0,0.0,-0.0,0.1,0.4233029679999999,42.33029679999999,0.0,0.0,100.0,1.0,0.08,-8.0,-1012.9442418066686,1012.9442418066686,0.0,-1012.9442418066686,1012.9442418066686,0.0,-86392.32229941878,86392.32229941878,0.0,0.0,3440.2995703125,3440.2995703125,0.0,0.0,8485.735594013098,8485.735594013098,0.0,-763929.7561870652,-763929.7561870652,88418.21078303212,88418.21078303212,88318.21078303212,0.0,100.0,0.0,0.0,88418.21078303212,76492.17561870652,1,0.0,100.0
7623,80972.46266097698,0.0,-809724.6266097698,0.0,10.0,0.0,-0.0,0.1,0.426920664,42.6920664,0.0,0.0,100.0,1.0,0.08,-8.0,-1007.452011776688,1007.452011776688,0.0,-1007.452011776688,1007.452011776688,0.0,-85972.53297182637,85972.53297182637,0.0,0.0,2243.6736328125,2243.6736328125,0.0,0.0,4671.300701590272,4671.300701590272,0.0,-809732.6266097698,-809732.6266097698,87987.43699537974,87987.43699537974,87887.43699537974,0.0,100.0,0.0,0.0,87987.43699537974,81072.46266097698,1,0.0,100.0
7624,90538.5504842004,0.0,-905385.504842004,0.0,10.0,0.0,-0.0,0.1,0.441251382,44.1251382,0.0,0.0,100.0,1.0,0.08,-8.0,-915.4016925813067,915.4016925813067,0.0,-915.4016925813067,915.4016925813067,0.0,-89693.8740921845,89693.8740921845,0.0,0.0,112.183681640625,112.183681640625,0.0,0.0,773.9433115060806,773.9433115060806,0.0,-905393.504842004,-905393.504842004,91524.67747734711,91524.67747734711,91424.67747734711,0.0,100.0,0.0,0.0,91524.67747734711,90638.5504842004,0,0.0,100.0
7625,80994.18440571745,0.0,-809941.8440571744,0.0,10.0,0.0,-0.0,0.1,0.449197487,44.9197487,0.0,0.0,100.0,1.0,0.11,-11.0,-672.2224531711104,672.2224531711104,0.0,-672.2224531711104,672.2224531711104,0.0,-79749.73949937522,79749.73949937522,0.0,0.0,0.0,0.0,0.0,0.0,0.0,0.0,0.0,-809952.8440571744,-809952.8440571744,81094.18440571745,81094.18440571745,80994.18440571745,0.0,100.0,0.0,0.0,81094.18440571745,81094.18440571745,1,0.0,100.0
7626,62181.55445133072,0.0,-621815.5445133072,0.0,10.0,0.0,-0.0,0.1,0.445168745,44.5168745,0.0,0.0,100.0,1.0,0.11,-11.0,-634.1996742124181,634.1996742124181,0.0,-634.1996742124181,634.1996742124181,0.0,-61013.15510290588,61013.15510290588,0.0,0.0,0.0,0.0,0.0,0.0,0.0,0.0,0.0,-621826.5445133072,-621826.5445133072,62281.55445133072,62281.55445133072,62181.55445133072,0.0,100.0,0.0,0.0,62281.55445133072,62281.55445133072,1,0.0,100.0
7627,59455.3897563988,0.0,-594553.897563988,0.0,10.0,0.0,-0.0,0.1,0.451717822,45.171782199999996,0.0,0.0,100.0,1.0,0.11,-11.0,-598.665283117148,598.665283117148,0.0,-598.665283117148,598.665283117148,0.0,-58358.0591901645,58358.0591901645,0.0,0.0,0.0,0.0,0.0,0.0,0.0,0.0,0.0,-594564.897563988,-594564.897563988,59555.3897563988,59555.3897563988,59455.3897563988,0.0,100.0,0.0,0.0,59555.3897563988,59555.3897563988,1,0.0,100.0
7628,54878.76429852393,0.0,-548787.6429852393,0.0,10.0,0.0,-0.0,0.1,0.4551753189999999,45.517531899999994,0.0,0.0,100.0,1.0,0.11,-11.0,-594.8536013235056,594.8536013235056,0.0,-594.8536013235056,594.8536013235056,0.0,-53789.05709587692,53789.05709587692,0.0,0.0,0.0,0.0,0.0,0.0,0.0,0.0,0.0,-548798.6429852393,-548798.6429852393,54978.76429852393,54978.76429852393,54878.76429852393,0.0,100.0,0.0,0.0,54978.76429852393,54978.76429852393,1,0.0,100.0
7629,54332.07739206226,0.0,-543320.7739206227,0.0,10.0,0.0,-0.0,0.1,0.45611222,45.611222,0.0,0.0,100.0,1.0,0.11,-11.0,-232.6996482693116,232.6996482693116,0.0,-232.6996482693116,232.6996482693116,0.0,-53966.67809552364,53966.67809552364,0.0,0.0,0.0,0.0,0.0,0.0,0.0,0.0,0.0,-543331.7739206227,-543331.7739206227,54432.07739206226,54432.07739206226,54332.07739206226,0.0,100.0,0.0,0.0,54432.07739206226,54432.07739206226,1,0.0,100.0
7630,21487.500950550966,0.0,-214875.00950550966,0.0,10.0,0.0,-0.0,0.1,0.449823906,44.9823906,0.0,0.0,100.0,1.0,0.11,-11.0,-232.7467530317216,232.7467530317216,0.0,-232.7467530317216,232.7467530317216,0.0,-21122.007444487524,21122.007444487524,0.0,0.0,0.0,0.0,0.0,0.0,0.0,0.0,0.0,-214886.00950550966,-214886.00950550966,21587.500950550966,21587.500950550966,21487.500950550966,0.0,100.0,0.0,0.0,21587.500950550966,21587.500950550966,1,0.0,100.0
7631,18508.878946584056,0.0,-185088.78946584056,0.0,10.0,0.0,-0.0,0.1,0.450297619,45.0297619,0.0,0.0,100.0,1.0,0.11,-11.0,-235.72492953531247,235.72492953531247,0.0,-235.72492953531247,235.72492953531247,0.0,-18137.429087513432,18137.429087513432,0.0,0.0,0.0,0.0,0.0,0.0,0.0,0.0,0.0,-185099.78946584056,-185099.78946584056,18608.878946584056,18608.878946584056,18508.878946584056,0.0,100.0,0.0,0.0,18608.878946584056,18608.878946584056,1,0.0,100.0
7632,17763.964972856797,0.0,-177639.64972856798,0.0,10.0,0.0,-0.0,0.1,0.432036479,43.2036479,0.0,0.0,100.0,1.0,0.08,-8.0,-232.7430432978385,232.7430432978385,0.0,-232.7430432978385,232.7430432978385,0.0,-17398.47888626112,17398.47888626112,0.0,0.0,0.0,0.0,0.0,0.0,0.0,0.0,0.0,-177647.64972856798,-177647.64972856798,17863.964972856797,17863.964972856797,17763.964972856797,0.0,100.0,0.0,0.0,17863.964972856797,17863.964972856797,1,0.0,100.0
7633,17763.833428478465,0.0,-177638.33428478465,0.0,10.0,0.0,-0.0,0.1,0.424523057,42.4523057,0.0,0.0,100.0,1.0,0.08,-8.0,-232.6772741316554,232.6772741316554,0.0,-232.6772741316554,232.6772741316554,0.0,-17398.478880215156,17398.478880215156,0.0,0.0,0.0,0.0,0.0,0.0,0.0,0.0,0.0,-177646.33428478465,-177646.33428478465,17863.833428478465,17863.833428478465,17763.833428478465,0.0,100.0,0.0,0.0,17863.833428478465,17863.833428478465,1,0.0,100.0
7634,17763.71499513759,0.0,-177637.1499513759,0.0,10.0,0.0,-0.0,0.1,0.4307963979999999,43.07963979999999,0.0,0.0,100.0,1.0,0.08,-8.0,-232.6180604842052,232.6180604842052,0.0,-232.6180604842052,232.6180604842052,0.0,-17398.47887416918,17398.47887416918,0.0,0.0,0.0,0.0,0.0,0.0,0.0,0.0,0.0,-177645.1499513759,-177645.1499513759,17863.71499513759,17863.71499513759,17763.71499513759,0.0,100.0,0.0,0.0,17863.71499513759,17863.71499513759,1,0.0,100.0
7635,17763.65981874038,0.0,-177636.5981874038,0.0,10.0,0.0,-0.0,0.1,0.447421285,44.7421285,0.0,0.0,100.0,1.0,0.08,-8.0,-232.590469262612,232.590469262612,0.0,-232.590469262612,232.590469262612,0.0,-17398.478880215156,17398.478880215156,0.0,0.0,0.0,0.0,0.0,0.0,0.0,0.0,0.0,-177644.5981874038,-177644.5981874038,17863.65981874038,17863.65981874038,17763.65981874038,0.0,100.0,0.0,0.0,17863.65981874038,17863.65981874038,1,0.0,100.0
7636,18504.375741829073,0.0,-185043.75741829074,0.0,10.0,0.0,-0.0,0.1,0.4175799079999999,41.75799079999999,0.0,0.0,100.0,1.0,0.08,-8.0,-233.47324856021447,233.47324856021447,0.0,-233.47324856021447,233.47324856021447,0.0,-18137.429244708645,18137.429244708645,0.0,0.0,0.0,0.0,0.0,0.0,0.0,0.0,0.0,-185051.75741829074,-185051.75741829074,18604.375741829073,18604.375741829073,18504.375741829073,0.0,100.0,0.0,0.0,18604.375741829073,18604.375741829073,1,0.0,100.0
7637,21489.026403946365,0.0,-214890.26403946365,0.0,10.0,0.0,-0.0,0.1,0.420082392,42.008239200000006,0.0,0.0,100.0,1.0,0.11,-11.0,-233.4658913111724,233.4658913111724,0.0,-233.4658913111724,233.4658913111724,0.0,-21122.09462132402,21122.09462132402,0.0,0.0,0.0,0.0,0.0,0.0,0.0,0.0,0.0,-214901.26403946365,-214901.26403946365,21589.026403946365,21589.026403946365,21489.026403946365,0.0,100.0,0.0,0.0,21589.026403946365,21589.026403946365,1,0.0,100.0
7638,24711.227819227774,0.0,-247112.27819227774,0.0,10.0,0.0,-0.0,0.1,0.4274013029999999,42.74013029999999,0.0,0.0,100.0,1.0,0.11,-11.0,-262.7375227699659,262.7375227699659,0.0,-262.7375227699659,262.7375227699659,0.0,-24285.75277368784,24285.75277368784,0.0,0.0,0.0,0.0,0.0,0.0,0.0,0.0,0.0,-247123.27819227774,-247123.27819227774,24811.227819227774,24811.227819227774,24711.227819227774,0.0,100.0,0.0,0.0,24811.227819227774,24811.227819227774,1,0.0,100.0
7639,26801.94236930839,0.0,-268019.4236930839,0.0,10.0,0.0,-0.0,0.1,0.411995965,41.1995965,0.0,0.0,100.0,1.0,0.11,-11.0,-505.39498905723127,505.39498905723127,0.0,-505.39498905723127,505.39498905723127,0.0,-30220.851276944337,30220.851276944337,0.0,0.0,3141.1430859375,3141.1430859375,0.0,0.0,1188.5557998129095,1188.5557998129095,0.0,-268030.4236930839,-268030.4236930839,31231.6412550588,31231.6412550588,31131.6412550588,0.0,100.0,0.0,0.0,31231.6412550588,26901.942369308388,1,0.0,100.0
7640,53496.209656486135,0.0,-534962.0965648614,0.0,10.0,0.0,-0.0,0.1,0.409352007,40.9352007,0.0,0.0,100.0,1.0,0.11,-11.0,-733.6955034965013,733.6955034965013,0.0,-733.6955034965013,733.6955034965013,0.0,-63360.402580481496,63360.402580481496,0.0,0.0,7030.1773828125,7030.1773828125,0.0,0.0,4201.406548175866,4201.406548175866,0.0,-534973.0965648614,-534973.0965648614,64827.7935874745,64827.7935874745,64727.7935874745,0.0,100.0,0.0,0.0,64827.7935874745,53596.209656486135,1,0.0,100.0
7641,45905.30324610468,0.0,-459053.0324610468,0.0,10.0,0.0,-0.0,0.1,0.411124296,41.1124296,0.0,0.0,100.0,1.0,0.11,-11.0,-811.0943755645983,811.0943755645983,0.0,-811.0943755645983,811.0943755645983,0.0,-61184.93083490329,61184.93083490329,0.0,0.0,11218.3681640625,11218.3681640625,0.0,0.0,5583.448175865296,5583.448175865296,0.0,-459064.0324610468,-459064.0324610468,62807.11958603248,62807.11958603248,62707.11958603248,0.0,100.0,0.0,0.0,62807.11958603248,46005.30324610468,1,0.0,100.0
7642,33809.68903104978,0.0,-338096.8903104978,0.0,10.0,0.0,-0.0,0.1,0.408598023,40.8598023,0.0,0.0,100.0,1.0,0.11,-11.0,-916.4063119984356,916.4063119984356,0.0,-916.4063119984356,916.4063119984356,0.0,-58362.45444081877,58362.45444081877,0.0,0.0,17164.103291015625,17164.103291015625,0.0,0.0,9121.474742750235,9121.474742750235,0.0,-338107.8903104978,-338107.8903104978,60195.267064815635,60195.26706481564,60095.267064815635,0.0,100.0,0.0,0.0,60195.26706481564,33909.689031049784,1,0.0,100.0
7643,30684.562272652405,0.0,-306845.6227265241,0.0,10.0,0.0,-0.0,0.1,0.411816394,41.181639399999995,0.0,0.0,100.0,1.0,0.11,-11.0,-984.8387136302888,984.8387136302888,0.0,-984.8387136302888,984.8387136302888,0.0,-58467.656918682434,58467.656918682434,0.0,0.0,19370.38236328125,19370.38236328125,0.0,0.0,10282.389710009356,10282.389710009356,0.0,-306856.6227265241,-306856.6227265241,60437.33434594301,60437.33434594301,60337.33434594301,0.0,100.0,0.0,0.0,60437.33434594301,30784.562272652405,1,0.0,100.0
7644,37513.88996498109,0.0,-375138.8996498109,0.0,10.0,0.0,-0.0,0.1,0.39981748,39.981748,0.0,0.0,100.0,1.0,0.11,-11.0,-990.1748537441172,990.1748537441172,0.0,-990.1748537441172,990.1748537441172,0.0,-55456.40396123176,55456.40396123176,0.0,0.0,9872.163984375,9872.163984375,0.0,0.0,9950.699719363893,9950.699719363893,0.0,-375149.8996498109,-375149.8996498109,57436.75366871998,57436.75366871999,57336.75366871998,0.0,100.0,0.0,0.0,57436.75366871999,37613.8899649811,1,0.0,100.0
7645,46410.95280756862,0.0,-464109.5280756862,0.0,10.0,0.0,-0.0,0.1,0.395604906,39.560490599999994,0.0,0.0,100.0,1.0,0.11,-11.0,-996.254177895928,996.254177895928,0.0,-996.254177895928,996.254177895928,0.0,-63507.31698294637,63507.31698294637,0.0,0.0,7628.4903515625,7628.4903515625,0.0,0.0,11360.382179607112,11360.382179607112,0.0,-464120.5280756862,-464120.5280756862,65499.82533873823,65499.82533873823,65399.82533873823,0.0,100.0,0.0,0.0,65499.82533873823,46510.95280756862,1,0.0,100.0
7646,55687.334875271335,0.0,-556873.3487527133,0.0,10.0,0.0,-0.0,0.1,0.401751631,40.1751631,0.0,0.0,100.0,1.0,0.08,-8.0,-1040.8599225387898,1040.8599225387898,0.0,-1040.8599225387898,1040.8599225387898,0.0,-64139.0136171745,64139.0136171745,0.0,0.0,4076.007099609375,4076.007099609375,0.0,0.0,6357.391487371376,6357.391487371376,0.0,-556881.3487527133,-556881.3487527133,66220.73346225209,66220.73346225209,66120.73346225209,0.0,100.0,0.0,0.0,66220.73346225209,55787.334875271335,1,0.0,100.0
7647,54755.16265026452,0.0,-547551.6265026452,0.0,10.0,0.0,-0.0,0.1,0.398204338,39.820433799999996,0.0,0.0,100.0,1.0,0.08,-8.0,-1024.3591897447666,1024.3591897447666,0.0,-1024.3591897447666,1024.3591897447666,0.0,-59027.18870792237,59027.18870792237,0.0,0.0,1383.5987402343749,1383.5987402343749,0.0,0.0,4837.145696913003,4837.145696913003,0.0,-547559.6265026452,-547559.6265026452,61075.9070874119,61075.9070874119,60975.9070874119,0.0,100.0,0.0,0.0,61075.9070874119,54855.16265026452,1,0.0,100.0
7648,64637.57149720514,0.0,-646375.7149720514,0.0,10.0,0.0,-0.0,0.1,0.390808935,39.0808935,0.0,0.0,100.0,1.0,0.08,-8.0,-939.014920518352,939.014920518352,0.0,-939.014920518352,939.014920518352,0.0,-63726.16119332897,63726.16119332897,0.0,0.0,37.394560546875,37.394560546875,0.0,0.0,829.2249766136578,829.2249766136578,0.0,-646383.7149720514,-646383.7149720514,65604.19103436568,65604.19103436568,65504.19103436568,0.0,100.0,0.0,0.0,65604.19103436568,64737.57149720514,1,0.0,100.0
7649,58695.963748966584,0.0,-586959.6374896659,0.0,10.0,0.0,-0.0,0.1,0.385651705,38.5651705,0.0,0.0,100.0,1.0,0.11,-11.0,-687.8595904951368,687.8595904951368,0.0,-687.8595904951368,687.8595904951368,0.0,-57420.24456797631,57420.24456797631,0.0,0.0,0.0,0.0,0.0,0.0,0.0,0.0,0.0,-586970.6374896659,-586970.6374896659,58795.963748966584,58795.963748966584,58695.963748966584,0.0,100.0,0.0,0.0,58795.963748966584,58795.963748966584,1,0.0,100.0
7650,46593.27337288582,0.0,-465932.73372885823,0.0,10.0,0.0,-0.0,0.1,0.377935656,37.7935656,0.0,0.0,100.0,1.0,0.11,-11.0,-662.426915936946,662.426915936946,0.0,-662.426915936946,662.426915936946,0.0,-45368.41954101193,45368.41954101193,0.0,0.0,0.0,0.0,0.0,0.0,0.0,0.0,0.0,-465943.73372885823,-465943.73372885823,46693.27337288582,46693.27337288582,46593.27337288582,0.0,100.0,0.0,0.0,46693.27337288582,46693.27337288582,1,0.0,100.0
7651,45083.51603747965,0.0,-450835.1603747965,0.0,10.0,0.0,-0.0,0.1,0.380820286,38.0820286,0.0,0.0,100.0,1.0,0.11,-11.0,-646.1523358611535,646.1523358611535,0.0,-646.1523358611535,646.1523358611535,0.0,-43891.21136575734,43891.21136575734,0.0,0.0,0.0,0.0,0.0,0.0,0.0,0.0,0.0,-450846.1603747965,-450846.1603747965,45183.51603747965,45183.51603747965,45083.51603747965,0.0,100.0,0.0,0.0,45183.51603747965,45183.51603747965,1,0.0,100.0
7652,36043.80515799909,0.0,-360438.05157999095,0.0,10.0,0.0,-0.0,0.1,0.391919062,39.1919062,0.0,0.0,100.0,1.0,0.11,-11.0,-645.3821952576681,645.3821952576681,0.0,-645.3821952576681,645.3821952576681,0.0,-34853.040767483755,34853.040767483755,0.0,0.0,0.0,0.0,0.0,0.0,0.0,0.0,0.0,-360449.05157999095,-360449.05157999095,36143.80515799909,36143.80515799909,36043.80515799909,0.0,100.0,0.0,0.0,36143.80515799909,36143.80515799909,1,0.0,100.0
7653,33743.51767753036,0.0,-337435.1767753036,0.0,10.0,0.0,-0.0,0.1,0.3892616339999999,38.92616339999999,0.0,0.0,100.0,1.0,0.11,-11.0,-233.87849500917105,233.87849500917105,0.0,-233.87849500917105,233.87849500917105,0.0,-33375.76068751202,33375.76068751202,0.0,0.0,0.0,0.0,0.0,0.0,0.0,0.0,0.0,-337446.1767753036,-337446.1767753036,33843.51767753036,33843.51767753036,33743.51767753036,0.0,100.0,0.0,0.0,33843.51767753036,33843.51767753036,1,0.0,100.0
7654,21488.43663659611,0.0,-214884.3663659611,0.0,10.0,0.0,-0.0,0.1,0.382227663,38.222766299999996,0.0,0.0,100.0,1.0,0.11,-11.0,-233.21450536475004,233.21450536475004,0.0,-233.21450536475004,233.21450536475004,0.0,-21122.00762586661,21122.00762586661,0.0,0.0,0.0,0.0,0.0,0.0,0.0,0.0,0.0,-214895.3663659611,-214895.3663659611,21588.43663659611,21588.43663659611,21488.43663659611,0.0,100.0,0.0,0.0,21588.43663659611,21588.43663659611,1,0.0,100.0
7655,18509.79280927597,0.0,-185097.92809275968,0.0,10.0,0.0,-0.0,0.1,0.3581109739999999,35.811097399999994,0.0,0.0,100.0,1.0,0.11,-11.0,-236.1817732147039,236.1817732147039,0.0,-236.1817732147039,236.1817732147039,0.0,-18137.42926284656,18137.42926284656,0.0,0.0,0.0,0.0,0.0,0.0,0.0,0.0,0.0,-185108.92809275968,-185108.92809275968,18609.79280927597,18609.79280927597,18509.79280927597,0.0,100.0,0.0,0.0,18609.79280927597,18609.79280927597,1,0.0,100.0
7656,17764.90278753981,0.0,-177649.0278753981,0.0,10.0,0.0,-0.0,0.1,0.354252058,35.4252058,0.0,0.0,100.0,1.0,0.08,-8.0,-233.21186297278308,233.21186297278308,0.0,-233.21186297278308,233.21186297278308,0.0,-17398.479061594244,17398.479061594244,0.0,0.0,0.0,0.0,0.0,0.0,0.0,0.0,0.0,-177657.0278753981,-177657.0278753981,17864.90278753981,17864.90278753981,17764.90278753981,0.0,100.0,0.0,0.0,17864.90278753981,17864.90278753981,1,0.0,100.0
7657,17764.883873884566,0.0,-177648.83873884566,0.0,10.0,0.0,-0.0,0.1,0.358826851,35.8826851,0.0,0.0,100.0,1.0,0.08,-8.0,-233.2024061451606,233.2024061451606,0.0,-233.2024061451606,233.2024061451606,0.0,-17398.479061594244,17398.479061594244,0.0,0.0,0.0,0.0,0.0,0.0,0.0,0.0,0.0,-177656.83873884566,-177656.83873884566,17864.883873884566,17864.883873884566,17764.883873884566,0.0,100.0,0.0,0.0,17864.883873884566,17864.883873884566,1,0.0,100.0
7658,17764.851893000527,0.0,-177648.51893000526,0.0,10.0,0.0,-0.0,0.1,0.373132356,37.3132356,0.0,0.0,100.0,1.0,0.08,-8.0,-233.1864217491128,233.1864217491128,0.0,-233.1864217491128,233.1864217491128,0.0,-17398.4790495023,17398.4790495023,0.0,0.0,0.0,0.0,0.0,0.0,0.0,0.0,0.0,-177656.51893000526,-177656.51893000526,17864.851893000527,17864.851893000527,17764.851893000527,0.0,100.0,0.0,0.0,17864.851893000527,17864.851893000527,1,0.0,100.0
7659,17764.8250757889,0.0,-177648.250757889,0.0,10.0,0.0,-0.0,0.1,0.380391817,38.0391817,0.0,0.0,100.0,1.0,0.08,-8.0,-233.1730101203133,233.1730101203133,0.0,-233.1730101203133,233.1730101203133,0.0,-17398.479055548272,17398.479055548272,0.0,0.0,0.0,0.0,0.0,0.0,0.0,0.0,0.0,-177656.250757889,-177656.250757889,17864.8250757889,17864.8250757889,17764.8250757889,0.0,100.0,0.0,0.0,17864.8250757889,17864.8250757889,1,0.0,100.0
7660,18505.8706727573,0.0,-185058.706727573,0.0,10.0,0.0,-0.0,0.1,0.374475049,37.4475049,0.0,0.0,100.0,1.0,0.08,-8.0,-234.22062635776743,234.22062635776743,0.0,-234.22062635776743,234.22062635776743,0.0,-18137.429420041764,18137.429420041764,0.0,0.0,0.0,0.0,0.0,0.0,0.0,0.0,0.0,-185066.706727573,-185066.706727573,18605.8706727573,18605.8706727573,18505.8706727573,0.0,100.0,0.0,0.0,18605.8706727573,18605.8706727573,1,0.0,100.0
7661,21490.330998903813,0.0,-214903.30998903813,0.0,10.0,0.0,-0.0,0.1,0.379045591,37.9045591,0.0,0.0,100.0,1.0,0.11,-11.0,-234.11804973259228,234.11804973259228,0.0,-234.11804973259228,234.11804973259228,0.0,-21122.094899438627,21122.094899438627,0.0,0.0,0.0,0.0,0.0,0.0,0.0,0.0,0.0,-214914.30998903813,-214914.30998903813,21590.330998903813,21590.330998903813,21490.330998903813,0.0,100.0,0.0,0.0,21590.330998903813,21590.330998903813,1,0.0,100.0
7662,25423.83223919132,0.0,-254238.3223919132,0.0,10.0,0.0,-0.0,0.1,0.3752574179999999,37.52574179999999,0.0,0.0,100.0,1.0,0.11,-11.0,-353.28336857544895,353.28336857544895,0.0,-353.28336857544895,353.28336857544895,0.0,-24817.265502040424,24817.265502040424,0.0,0.0,0.0,0.0,0.0,0.0,0.0,0.0,0.0,-254249.3223919132,-254249.3223919132,25523.83223919132,25523.83223919132,25423.83223919132,0.0,100.0,0.0,0.0,25523.83223919132,25523.83223919132,1,0.0,100.0
7663,27945.818451099796,0.0,-279458.18451099796,0.0,10.0,0.0,-0.0,0.1,0.370949025,37.094902499999996,0.0,0.0,100.0,1.0,0.11,-11.0,-595.7780527307403,595.7780527307403,0.0,-595.7780527307403,595.7780527307403,0.0,-30224.697088014,30224.697088014,0.0,0.0,2430.6464355468747,2430.6464355468747,0.0,0.0,939.788306828812,939.788306828812,0.0,-279469.18451099796,-279469.18451099796,31416.253193475484,31416.25319347548,31316.253193475484,0.0,100.0,0.0,0.0,31416.25319347548,28045.818451099793,1,0.0,100.0
7664,54893.39665105998,0.0,-548933.9665105998,0.0,10.0,0.0,-0.0,0.1,0.369835765,36.9835765,0.0,0.0,100.0,1.0,0.11,-11.0,-815.2591191181988,815.2591191181988,0.0,-815.2591191181988,815.2591191181988,0.0,-63361.99895831001,63361.99895831001,0.0,0.0,7179.755625,7179.755625,0.0,0.0,2819.3649204864364,2819.3649204864364,0.0,-548944.9665105998,-548944.9665105998,64992.51719654641,64992.51719654641,64892.51719654641,0.0,100.0,0.0,0.0,64992.51719654641,54993.39665105997,1,0.0,100.0
7665,44479.68980662486,0.0,-444796.8980662486,0.0,10.0,0.0,-0.0,0.1,0.370797755,37.079775500000004,0.0,0.0,100.0,1.0,0.11,-11.0,-849.4403738903131,849.4403738903131,0.0,-849.4403738903131,849.4403738903131,0.0,-61160.520716086336,61160.520716086336,0.0,0.0,12751.545146484375,12751.545146484375,0.0,0.0,5528.166510757718,5528.166510757718,0.0,-444807.8980662486,-444807.8980662486,62859.401463866954,62859.40146386696,62759.401463866954,0.0,100.0,0.0,0.0,62859.40146386696,44579.68980662487,1,0.0,100.0
7666,40333.2255532099,0.0,-403332.255532099,0.0,10.0,0.0,-0.0,0.1,0.372543151,37.2543151,0.0,0.0,100.0,1.0,0.11,-11.0,-937.888313489429,937.888313489429,0.0,-937.888313489429,937.888313489429,0.0,-58334.816312295705,58334.816312295705,0.0,0.0,9273.851015625,9273.851015625,0.0,0.0,10503.516370439664,10503.516370439664,0.0,-403343.255532099,-403343.255532099,60210.59293927456,60210.59293927456,60110.59293927456,0.0,100.0,0.0,0.0,60210.59293927456,40433.22555320989,1,0.0,100.0
7667,31204.42486298934,0.0,-312044.2486298934,0.0,10.0,0.0,-0.0,0.1,0.379393711,37.9393711,0.0,0.0,100.0,1.0,0.11,-11.0,-1006.4096100708224,1006.4096100708224,0.0,-1006.4096100708224,1006.4096100708224,0.0,-58435.56350907234,58435.56350907234,0.0,0.0,17313.681533203126,17313.681533203126,0.0,0.0,11830.276333021517,11830.276333021517,0.0,-312055.2486298934,-312055.2486298934,60448.38272921398,60448.38272921398,60348.38272921398,0.0,100.0,0.0,0.0,60448.38272921398,31304.42486298934,1,0.0,100.0
7668,32193.938781434008,0.0,-321939.38781434007,0.0,10.0,0.0,-0.0,0.1,0.375423002,37.5423002,0.0,0.0,100.0,1.0,0.11,-11.0,-1070.6365192782746,1070.6365192782746,0.0,-1070.6365192782746,1070.6365192782746,0.0,-55432.02106137021,55432.02106137021,0.0,0.0,12564.57234375,12564.57234375,0.0,0.0,12714.782974742751,12714.782974742751,0.0,-321950.38781434007,-321950.38781434007,57573.29409992676,57573.29409992676,57473.29409992676,0.0,100.0,0.0,0.0,57573.29409992676,32293.938781434008,1,0.0,100.0
7669,37861.50869558408,0.0,-378615.0869558408,0.0,10.0,0.0,-0.0,0.1,0.369616942,36.961694200000004,0.0,0.0,100.0,1.0,0.11,-11.0,-1097.5431767461284,1097.5431767461284,0.0,-1097.5431767461284,1097.5431767461284,0.0,-58424.79124169134,58424.79124169134,0.0,0.0,12265.415859375,12265.415859375,0.0,0.0,10392.953040224513,10392.953040224513,0.0,-378626.0869558408,-378626.0869558408,60619.87759518359,60619.87759518359,60519.87759518359,0.0,100.0,0.0,0.0,60619.87759518359,37961.50869558408,1,0.0,100.0
7670,49781.483934506534,0.0,-497814.83934506535,0.0,10.0,0.0,-0.0,0.1,0.381091423,38.1091423,0.0,0.0,100.0,1.0,0.08,-8.0,-1125.9509042354955,1125.9509042354955,0.0,-1125.9509042354955,1125.9509042354955,0.0,-58358.83325565983,58358.83325565983,0.0,0.0,5422.211279296875,5422.211279296875,0.0,0.0,5307.03985032741,5307.03985032741,0.0,-497822.83934506535,-497822.83934506535,60610.735064130815,60610.73506413082,60510.735064130815,0.0,100.0,0.0,0.0,60610.73506413082,49881.48393450654,1,0.0,100.0
7671,54374.83366860563,0.0,-543748.3366860563,0.0,10.0,0.0,-0.0,0.1,0.382131925,38.2131925,0.0,0.0,100.0,1.0,0.08,-8.0,-1100.5050570487415,1100.5050570487415,0.0,-1100.5050570487415,1100.5050570487415,0.0,-58234.39479981261,58234.39479981261,0.0,0.0,1869.72802734375,1869.72802734375,0.0,0.0,4090.843217960712,4090.843217960712,0.0,-543756.3366860563,-543756.3366860563,60435.40491391009,60435.40491391009,60335.40491391009,0.0,100.0,0.0,0.0,60435.40491391009,54474.83366860563,1,0.0,100.0
7672,64971.40382728839,0.0,-649714.038272884,0.0,10.0,0.0,-0.0,0.1,0.377139482,37.713948200000004,0.0,0.0,100.0,1.0,0.08,-8.0,-1007.5742604811768,1007.5742604811768,0.0,-1007.5742604811768,1007.5742604811768,0.0,-63729.389015610046,63729.389015610046,0.0,0.0,37.394560546875,37.394560546875,0.0,0.0,635.7391487371376,635.7391487371376,0.0,-649722.038272884,-649722.038272884,65744.5375365724,65744.5375365724,65644.5375365724,0.0,100.0,0.0,0.0,65744.5375365724,65071.40382728839,1,0.0,100.0
7673,58791.62624650069,0.0,-587916.2624650069,0.0,10.0,0.0,-0.0,0.1,0.372542531,37.2542531,0.0,0.0,100.0,1.0,0.11,-11.0,-735.1370163495674,735.1370163495674,0.0,-735.1370163495674,735.1370163495674,0.0,-57421.352213801554,57421.352213801554,0.0,0.0,0.0,0.0,0.0,0.0,0.0,0.0,0.0,-587927.2624650069,-587927.2624650069,58891.62624650069,58891.62624650069,58791.62624650069,0.0,100.0,0.0,0.0,58891.62624650069,58891.62624650069,1,0.0,100.0
7674,46655.5450390336,0.0,-466555.450390336,0.0,10.0,0.0,-0.0,0.1,0.3619525529999999,36.19525529999999,0.0,0.0,100.0,1.0,0.11,-11.0,-692.725757063308,692.725757063308,0.0,-692.725757063308,692.725757063308,0.0,-45370.09352490698,45370.09352490698,0.0,0.0,0.0,0.0,0.0,0.0,0.0,0.0,0.0,-466566.450390336,-466566.450390336,46755.5450390336,46755.5450390336,46655.5450390336,0.0,100.0,0.0,0.0,46755.5450390336,46755.5450390336,1,0.0,100.0
7675,45099.22110704437,0.0,-450992.2110704437,0.0,10.0,0.0,-0.0,0.1,0.368441649,36.844164899999996,0.0,0.0,100.0,1.0,0.11,-11.0,-653.1628726331127,653.1628726331127,0.0,-653.1628726331127,653.1628726331127,0.0,-43892.895361778144,43892.895361778144,0.0,0.0,0.0,0.0,0.0,0.0,0.0,0.0,0.0,-451003.2110704437,-451003.2110704437,45199.22110704437,45199.22110704437,45099.22110704437,0.0,100.0,0.0,0.0,45199.22110704437,45199.22110704437,1,0.0,100.0
7676,36010.97064945937,0.0,-360109.7064945937,0.0,10.0,0.0,-0.0,0.1,0.3799724339999999,37.99724339999999,0.0,0.0,100.0,1.0,0.11,-11.0,-627.8201880237934,627.8201880237934,0.0,-627.8201880237934,627.8201880237934,0.0,-34855.33027341178,34855.33027341178,0.0,0.0,0.0,0.0,0.0,0.0,0.0,0.0,0.0,-360120.7064945937,-360120.7064945937,36110.97064945937,36110.97064945937,36010.97064945937,0.0,100.0,0.0,0.0,36110.97064945937,36110.97064945937,1,0.0,100.0
7677,33746.67232052948,0.0,-337466.72320529475,0.0,10.0,0.0,-0.0,0.1,0.381404175,38.1404175,0.0,0.0,100.0,1.0,0.11,-11.0,-233.7118474918999,233.7118474918999,0.0,-233.7118474918999,233.7118474918999,0.0,-33379.248625545675,33379.248625545675,0.0,0.0,0.0,0.0,0.0,0.0,0.0,0.0,0.0,-337477.72320529475,-337477.72320529475,33846.67232052948,33846.67232052948,33746.67232052948,0.0,100.0,0.0,0.0,33846.67232052948,33846.67232052948,1,0.0,100.0
7678,21488.072368348723,0.0,-214880.72368348722,0.0,10.0,0.0,-0.0,0.1,0.376189891,37.6189891,0.0,0.0,100.0,1.0,0.11,-11.0,-233.0322986894213,233.0322986894213,0.0,-233.0322986894213,233.0322986894213,0.0,-21122.00777096988,21122.00777096988,0.0,0.0,0.0,0.0,0.0,0.0,0.0,0.0,0.0,-214891.72368348722,-214891.72368348722,21588.072368348723,21588.072368348723,21488.072368348723,0.0,100.0,0.0,0.0,21588.072368348723,21588.072368348723,1,0.0,100.0
7679,18509.400315108716,0.0,-185094.00315108715,0.0,10.0,0.0,-0.0,0.1,0.364683476,36.4683476,0.0,0.0,100.0,1.0,0.11,-11.0,-235.9854475334761,235.9854475334761,0.0,-235.9854475334761,235.9854475334761,0.0,-18137.429420041764,18137.429420041764,0.0,0.0,0.0,0.0,0.0,0.0,0.0,0.0,0.0,-185105.00315108715,-185105.00315108715,18609.400315108716,18609.400315108716,18509.400315108716,0.0,100.0,0.0,0.0,18609.400315108716,18609.400315108716,1,0.0,100.0
7680,17764.57224441357,0.0,-177645.72244413572,0.0,10.0,0.0,-0.0,0.1,0.35920221,35.920221000000005,0.0,0.0,100.0,1.0,0.08,-8.0,-233.04650978907392,233.04650978907392,0.0,-233.04650978907392,233.04650978907392,0.0,-17398.479224835424,17398.479224835424,0.0,0.0,0.0,0.0,0.0,0.0,0.0,0.0,0.0,-177653.72244413572,-177653.72244413572,17864.57224441357,17864.57224441357,17764.57224441357,0.0,100.0,0.0,0.0,17864.57224441357,17864.57224441357,1,0.0,100.0
7681,17764.483373669333,0.0,-177644.8337366933,0.0,10.0,0.0,-0.0,0.1,0.359952874,35.995287399999995,0.0,0.0,100.0,1.0,0.08,-8.0,-233.0020713939697,233.0020713939697,0.0,-233.0020713939697,233.0020713939697,0.0,-17398.479230881392,17398.479230881392,0.0,0.0,0.0,0.0,0.0,0.0,0.0,0.0,0.0,-177652.8337366933,-177652.8337366933,17864.483373669333,17864.483373669333,17764.483373669333,0.0,100.0,0.0,0.0,17864.483373669333,17864.483373669333,1,0.0,100.0
7682,17764.412576209314,0.0,-177644.12576209314,0.0,10.0,0.0,-0.0,0.1,0.366862249,36.6862249,0.0,0.0,100.0,1.0,0.08,-8.0,-232.96667266396085,232.96667266396085,0.0,-232.96667266396085,232.96667266396085,0.0,-17398.479230881392,17398.479230881392,0.0,0.0,0.0,0.0,0.0,0.0,0.0,0.0,0.0,-177652.12576209314,-177652.12576209314,17864.412576209314,17864.412576209314,17764.412576209314,0.0,100.0,0.0,0.0,17864.412576209314,17864.412576209314,1,0.0,100.0
7683,17764.352753721814,0.0,-177643.52753721815,0.0,10.0,0.0,-0.0,0.1,0.372089089,37.2089089,0.0,0.0,100.0,1.0,0.08,-8.0,-232.9367553742427,232.9367553742427,0.0,-232.9367553742427,232.9367553742427,0.0,-17398.479242973328,17398.479242973328,0.0,0.0,0.0,0.0,0.0,0.0,0.0,0.0,0.0,-177651.52753721815,-177651.52753721815,17864.352753721814,17864.352753721814,17764.352753721814,0.0,100.0,0.0,0.0,17864.352753721814,17864.352753721814,1,0.0,100.0
7684,18513.15404216422,0.0,-185131.5404216422,0.0,10.0,0.0,-0.0,0.1,0.377862873,37.7862873,0.0,0.0,100.0,1.0,0.08,-8.0,-237.86221734869832,237.86221734869832,0.0,-237.86221734869832,237.86221734869832,0.0,-18137.429607466824,18137.429607466824,0.0,0.0,0.0,0.0,0.0,0.0,0.0,0.0,0.0,-185139.5404216422,-185139.5404216422,18613.15404216422,18613.15404216422,18513.15404216422,0.0,100.0,0.0,0.0,18613.15404216422,18613.15404216422,1,0.0,100.0
7685,21496.268307953756,0.0,-214962.68307953756,0.0,10.0,0.0,-0.0,0.1,0.380716367,38.0716367,0.0,0.0,100.0,1.0,0.11,-11.0,-237.0865833381737,237.0865833381737,0.0,-237.0865833381737,237.0865833381737,0.0,-21122.09514127741,21122.09514127741,0.0,0.0,0.0,0.0,0.0,0.0,0.0,0.0,0.0,-214973.68307953756,-214973.68307953756,21596.268307953756,21596.268307953756,21496.268307953756,0.0,100.0,0.0,0.0,21596.268307953756,21596.268307953756,1,0.0,100.0
7686,25330.524113727777,0.0,-253305.24113727777,0.0,10.0,0.0,-0.0,0.1,0.378092842,37.8092842,0.0,0.0,100.0,1.0,0.11,-11.0,-305.22632951556017,305.22632951556017,0.0,-305.22632951556017,305.22632951556017,0.0,-24820.071454696656,24820.071454696656,0.0,0.0,0.0,0.0,0.0,0.0,0.0,0.0,0.0,-253316.24113727777,-253316.24113727777,25430.524113727777,25430.524113727777,25330.524113727777,0.0,100.0,0.0,0.0,25430.524113727777,25430.524113727777,1,0.0,100.0
7687,27996.995609617254,0.0,-279969.95609617257,0.0,10.0,0.0,-0.0,0.1,0.375461856,37.5461856,0.0,0.0,100.0,1.0,0.11,-11.0,-550.5632851085944,550.5632851085944,0.0,-550.5632851085944,550.5632851085944,0.0,-30231.371941298014,30231.371941298014,0.0,0.0,2019.3062695312497,2019.3062695312497,0.0,0.0,1216.196632366698,1216.196632366698,0.0,-279980.95609617257,-279980.95609617257,31332.4985115152,31332.4985115152,31232.4985115152,0.0,100.0,0.0,0.0,31332.4985115152,28096.995609617254,1,0.0,100.0
7688,51125.66266782225,0.0,-511256.62667822256,0.0,10.0,0.0,-0.0,0.1,0.373916776,37.3916776,0.0,0.0,100.0,1.0,0.11,-11.0,-762.095221214298,762.095221214298,0.0,-762.095221214298,762.095221214298,0.0,-63367.03815310063,63367.03815310063,0.0,0.0,7778.06859375,7778.06859375,0.0,0.0,5887.49733395697,5887.49733395697,0.0,-511267.62667822256,-511267.62667822256,64891.228595529225,64891.228595529225,64791.228595529225,0.0,100.0,0.0,0.0,64891.228595529225,51225.66266782225,1,0.0,100.0
7689,40587.167733960596,0.0,-405871.677339606,0.0,10.0,0.0,-0.0,0.1,0.3747767589999999,37.47767589999999,0.0,0.0,100.0,1.0,0.11,-11.0,-786.777168498762,786.777168498762,0.0,-786.777168498762,786.777168498762,0.0,-61147.64884668427,61147.64884668427,0.0,0.0,11779.286572265624,11779.286572265624,0.0,0.0,10254.748877455568,10254.748877455568,0.0,-405882.677339606,-405882.677339606,62721.20318368179,62721.20318368179,62621.20318368179,0.0,100.0,0.0,0.0,62721.20318368179,40687.167733960596,1,0.0,100.0
7690,30981.187813463344,0.0,-309811.8781346334,0.0,10.0,0.0,-0.0,0.1,0.3707687679999999,37.076876799999994,0.0,0.0,100.0,1.0,0.11,-11.0,-863.6449386939879,863.6449386939879,0.0,-863.6449386939879,863.6449386939879,0.0,-58190.62918023791,58190.62918023791,0.0,0.0,15817.899111328124,15817.899111328124,0.0,0.0,13018.832132834426,13018.832132834426,0.0,-309822.8781346334,-309822.8781346334,59917.9190576259,59917.91905762589,59817.9190576259,0.0,100.0,0.0,0.0,59917.91905762589,31081.18781346334,1,0.0,100.0
7691,29107.42363077498,0.0,-291074.2363077498,0.0,10.0,0.0,-0.0,0.1,0.379701164,37.970116399999995,0.0,0.0,100.0,1.0,0.11,-11.0,-949.6013895355112,949.6013895355112,0.0,-949.6013895355112,949.6013895355112,0.0,-58190.27884652608,58190.27884652608,0.0,0.0,17725.02169921875,17725.02169921875,0.0,0.0,13157.03629560337,13157.03629560337,0.0,-291085.2363077498,-291085.2363077498,60089.4816255971,60089.4816255971,59989.4816255971,0.0,100.0,0.0,0.0,60089.4816255971,29207.42363077498,1,0.0,100.0
7692,27935.13898743248,0.0,-279351.3898743248,0.0,10.0,0.0,-0.0,0.1,0.376006712,37.6006712,0.0,0.0,100.0,1.0,0.11,-11.0,-1001.5195614709976,1001.5195614709976,0.0,-1001.5195614709976,1001.5195614709976,0.0,-55177.772940461386,55177.772940461386,0.0,0.0,15518.742626953124,15518.742626953124,0.0,0.0,13626.930449017776,13626.930449017776,0.0,-279362.3898743248,-279362.3898743248,57180.812063403384,57180.812063403384,57080.812063403384,0.0,100.0,0.0,0.0,57180.812063403384,28035.13898743248,1,0.0,100.0
7693,34403.3612020993,0.0,-344033.612020993,0.0,10.0,0.0,-0.0,0.1,0.367100955,36.7100955,0.0,0.0,100.0,1.0,0.11,-11.0,-1020.7618654721248,1020.7618654721248,0.0,-1020.7618654721248,1020.7618654721248,0.0,-58189.95913565056,58189.95913565056,0.0,0.0,12377.599541015625,12377.599541015625,0.0,0.0,13350.52212347989,13350.52212347989,0.0,-344044.612020993,-344044.612020993,60231.482866594815,60231.482866594815,60131.482866594815,0.0,100.0,0.0,0.0,60231.482866594815,34503.3612020993,1,0.0,100.0
7694,42423.59158288929,0.0,-424235.9158288929,0.0,10.0,0.0,-0.0,0.1,0.359828751,35.9828751,0.0,0.0,100.0,1.0,0.08,-8.0,-1039.5781323050453,1039.5781323050453,0.0,-1039.5781323050453,1039.5781323050453,0.0,-58189.43876508806,58189.43876508806,0.0,0.0,8264.197880859374,8264.197880859374,0.0,0.0,9480.805565949488,9480.805565949488,0.0,-424243.9158288929,-424243.9158288929,60268.595029698154,60268.595029698154,60168.595029698154,0.0,100.0,0.0,0.0,60268.595029698154,42523.59158288929,1,0.0,100.0
7695,52582.55015474279,0.0,-525825.501547428,0.0,10.0,0.0,-0.0,0.1,0.366676127,36.6676127,0.0,0.0,100.0,1.0,0.08,-8.0,-1022.5694369782444,1022.5694369782444,0.0,-1022.5694369782444,1022.5694369782444,0.0,-58189.77673479195,58189.77673479195,0.0,0.0,1720.14978515625,1720.14978515625,0.0,0.0,5832.215668849392,5832.215668849392,0.0,-525833.501547428,-525833.501547428,60234.91560874844,60234.91560874844,60134.91560874844,0.0,100.0,0.0,0.0,60234.91560874844,52682.55015474279,1,0.0,100.0
7696,64541.96177561223,0.0,-645419.6177561223,0.0,10.0,0.0,-0.0,0.1,0.347553606,34.7553606,0.0,0.0,100.0,1.0,0.08,-8.0,-917.4716856772822,917.4716856772822,0.0,-917.4716856772822,917.4716856772822,0.0,-63728.91960652578,63728.91960652578,0.0,0.0,37.394560546875,37.394560546875,0.0,0.0,884.5066417212349,884.5066417212349,0.0,-645427.6177561223,-645427.6177561223,65563.86297788034,65563.86297788034,65463.862977880344,0.0,100.0,0.0,0.0,65563.86297788034,64641.96177561223,1,0.0,100.0
7697,58646.2819752679,0.0,-586462.819752679,0.0,10.0,0.0,-0.0,0.1,0.348570324,34.8570324,0.0,0.0,100.0,1.0,0.11,-11.0,-661.3704453516312,661.3704453516312,0.0,-661.3704453516312,661.3704453516312,0.0,-57423.54108456463,57423.54108456463,0.0,0.0,0.0,0.0,0.0,0.0,0.0,0.0,0.0,-586473.819752679,-586473.819752679,58746.2819752679,58746.2819752679,58646.2819752679,0.0,100.0,0.0,0.0,58746.2819752679,58746.2819752679,1,0.0,100.0
7698,46527.966562172514,0.0,-465279.66562172514,0.0,10.0,0.0,-0.0,0.1,0.3412283339999999,34.12283339999999,0.0,0.0,100.0,1.0,0.11,-11.0,-627.5906616029989,627.5906616029989,0.0,-627.5906616029989,627.5906616029989,0.0,-45372.78523896651,45372.78523896651,0.0,0.0,0.0,0.0,0.0,0.0,0.0,0.0,0.0,-465290.66562172514,-465290.66562172514,46627.966562172514,46627.966562172514,46527.966562172514,0.0,100.0,0.0,0.0,46627.966562172514,46627.966562172514,1,0.0,100.0
7699,45049.13518484969,0.0,-450491.35184849694,0.0,10.0,0.0,-0.0,0.1,0.357059023,35.7059023,0.0,0.0,100.0,1.0,0.11,-11.0,-626.8755270377638,626.8755270377638,0.0,-626.8755270377638,626.8755270377638,0.0,-43895.38413077417,43895.38413077417,0.0,0.0,0.0,0.0,0.0,0.0,0.0,0.0,0.0,-450502.35184849694,-450502.35184849694,45149.13518484969,45149.13518484969,45049.13518484969,0.0,100.0,0.0,0.0,45149.13518484969,45149.13518484969,1,0.0,100.0
7700,36000.592041785145,0.0,-360005.9204178514,0.0,10.0,0.0,-0.0,0.1,0.361872385,36.1872385,0.0,0.0,100.0,1.0,0.11,-11.0,-621.3413665251711,621.3413665251711,0.0,-621.3413665251711,621.3413665251711,0.0,-34857.9093087348,34857.9093087348,0.0,0.0,0.0,0.0,0.0,0.0,0.0,0.0,0.0,-360016.9204178514,-360016.9204178514,36100.592041785145,36100.592041785145,36000.592041785145,0.0,100.0,0.0,0.0,36100.592041785145,36100.592041785145,1,0.0,100.0
7701,33745.686592946295,0.0,-337456.86592946295,0.0,10.0,0.0,-0.0,0.1,0.363991242,36.3991242,0.0,0.0,100.0,1.0,0.11,-11.0,-232.9085533882154,232.9085533882154,0.0,-232.9085533882154,232.9085533882154,0.0,-33379.86948616986,33379.86948616986,0.0,0.0,0.0,0.0,0.0,0.0,0.0,0.0,0.0,-337467.86592946295,-337467.86592946295,33845.686592946295,33845.686592946295,33745.686592946295,0.0,100.0,0.0,0.0,33845.686592946295,33845.686592946295,1,0.0,100.0
7702,21488.085860182524,0.0,-214880.85860182525,0.0,10.0,0.0,-0.0,0.1,0.3603805929999999,36.03805929999999,0.0,0.0,100.0,1.0,0.11,-11.0,-233.0389418248376,233.0389418248376,0.0,-233.0389418248376,233.0389418248376,0.0,-21122.00797653285,21122.00797653285,0.0,0.0,0.0,0.0,0.0,0.0,0.0,0.0,0.0,-214891.85860182525,-214891.85860182525,21588.085860182524,21588.085860182524,21488.085860182524,0.0,100.0,0.0,0.0,21588.085860182524,21588.085860182524,1,0.0,100.0
7703,18509.553573879617,0.0,-185095.53573879617,0.0,10.0,0.0,-0.0,0.1,0.36211224,36.211223999999994,0.0,0.0,100.0,1.0,0.11,-11.0,-236.0619862293844,236.0619862293844,0.0,-236.0619862293844,236.0619862293844,0.0,-18137.42960142085,18137.42960142085,0.0,0.0,0.0,0.0,0.0,0.0,0.0,0.0,0.0,-185106.53573879617,-185106.53573879617,18609.553573879617,18609.553573879617,18509.553573879617,0.0,100.0,0.0,0.0,18609.553573879617,18609.553573879617,1,0.0,100.0
7704,14751.310425517437,0.0,-147513.10425517437,0.0,10.0,0.0,-0.0,0.1,0.3499065629999999,34.99065629999999,0.0,0.0,100.0,1.0,0.08,-8.0,-233.09312554662395,233.09312554662395,0.0,-233.09312554662395,233.09312554662395,0.0,-14385.124174424189,14385.124174424189,0.0,0.0,0.0,0.0,0.0,0.0,0.0,0.0,0.0,-147521.10425517437,-147521.10425517437,14851.310425517437,14851.310425517437,14751.310425517437,0.0,100.0,0.0,0.0,14851.310425517437,14851.310425517437,1,0.0,100.0
7705,14751.209902884388,0.0,-147512.09902884386,0.0,10.0,0.0,-0.0,0.1,0.353489285,35.3489285,0.0,0.0,100.0,1.0,0.08,-8.0,-233.04286725308643,233.04286725308643,0.0,-233.04286725308643,233.04286725308643,0.0,-14385.124168378215,14385.124168378215,0.0,0.0,0.0,0.0,0.0,0.0,0.0,0.0,0.0,-147520.09902884386,-147520.09902884386,14851.209902884388,14851.209902884388,14751.209902884388,0.0,100.0,0.0,0.0,14851.209902884388,14851.209902884388,1,0.0,100.0
7706,14751.100146293784,0.0,-147511.00146293783,0.0,10.0,0.0,-0.0,0.1,0.364403171,36.4403171,0.0,0.0,100.0,1.0,0.08,-8.0,-232.98798895778447,232.98798895778447,0.0,-232.98798895778447,232.98798895778447,0.0,-14385.124168378215,14385.124168378215,0.0,0.0,0.0,0.0,0.0,0.0,0.0,0.0,0.0,-147519.00146293783,-147519.00146293783,14851.100146293784,14851.100146293784,14751.100146293784,0.0,100.0,0.0,0.0,14851.100146293784,14851.100146293784,1,0.0,100.0
7707,14751.035560266475,0.0,-147510.35560266476,0.0,10.0,0.0,-0.0,0.1,0.361735681,36.1735681,0.0,0.0,100.0,1.0,0.08,-8.0,-232.9556929211429,232.9556929211429,0.0,-232.9556929211429,232.9556929211429,0.0,-14385.124174424189,14385.124174424189,0.0,0.0,0.0,0.0,0.0,0.0,0.0,0.0,0.0,-147518.35560266476,-147518.35560266476,14851.035560266475,14851.035560266475,14751.035560266475,0.0,100.0,0.0,0.0,14851.035560266475,14851.035560266475,1,0.0,100.0
7708,15491.907426176384,0.0,-154919.07426176383,0.0,10.0,0.0,-0.0,0.1,0.3617619929999999,36.176199299999986,0.0,0.0,100.0,1.0,0.08,-8.0,-233.9164406063676,233.9164406063676,0.0,-233.9164406063676,233.9164406063676,0.0,-15124.074544963649,15124.074544963649,0.0,0.0,0.0,0.0,0.0,0.0,0.0,0.0,0.0,-154927.07426176383,-154927.07426176383,15591.907426176384,15591.907426176384,15491.907426176384,0.0,100.0,0.0,0.0,15591.907426176384,15591.907426176384,1,0.0,100.0
7709,16969.639275293594,0.0,-169696.39275293594,0.0,10.0,0.0,-0.0,0.1,0.363118593,36.3118593,0.0,0.0,100.0,1.0,0.11,-11.0,-233.7883397015927,233.7883397015927,0.0,-233.7883397015927,233.7883397015927,0.0,-16602.06259589041,16602.06259589041,0.0,0.0,0.0,0.0,0.0,0.0,0.0,0.0,0.0,-169707.39275293594,-169707.39275293594,17069.639275293594,17069.639275293594,16969.639275293594,0.0,100.0,0.0,0.0,17069.639275293594,17069.639275293594,1,0.0,100.0
7710,47184.63101061624,0.0,-471846.31010616245,0.0,10.0,0.0,-0.0,0.1,0.361978033,36.1978033,0.0,0.0,100.0,1.0,0.11,-11.0,-227.79397569851537,227.79397569851537,0.0,-227.79397569851537,227.79397569851537,0.0,-46829.04305921921,46829.04305921921,0.0,0.0,0.0,0.0,0.0,0.0,0.0,0.0,0.0,-471857.31010616245,-471857.31010616245,47284.63101061624,47284.63101061624,47184.63101061624,0.0,100.0,0.0,0.0,47284.63101061624,47284.63101061624,1,0.0,100.0
7711,52510.6679809572,0.0,-525106.6798095721,0.0,10.0,0.0,-0.0,0.1,0.3583664629999999,35.83664629999999,0.0,0.0,100.0,1.0,0.11,-11.0,-197.5956950512534,197.5956950512534,0.0,-197.5956950512534,197.5956950512534,0.0,-56250.91166594678,56250.91166594678,0.0,0.0,2542.8301171875,2542.8301171875,0.0,0.0,1492.604957904584,1492.604957904584,0.0,-525117.6798095721,-525117.6798095721,56646.10305604929,56646.10305604929,56546.10305604929,0.0,100.0,0.0,0.0,56646.10305604929,52610.6679809572,1,0.0,100.0
7712,59871.17735358121,0.0,-598711.773535812,0.0,10.0,0.0,-0.0,0.1,0.362684117,36.268411699999994,0.0,0.0,100.0,1.0,0.11,-11.0,-197.67112782712616,197.67112782712616,0.0,-197.67112782712616,197.67112782712616,0.0,-73226.72300448391,73226.72300448391,0.0,0.0,8675.538046874999,8675.538046874999,0.0,0.0,4975.349859681946,4975.349859681946,0.0,-598722.773535812,-598722.773535812,73622.06526013816,73622.06526013816,73522.06526013816,0.0,100.0,0.0,0.0,73622.06526013816,59971.17735358121,1,0.0,100.0
7713,47894.718061960215,0.0,-478947.18061960215,0.0,10.0,0.0,-0.0,0.1,0.3625775189999999,36.25775189999999,0.0,0.0,100.0,1.0,0.11,-11.0,-197.97359651748056,197.97359651748056,0.0,-197.97359651748056,197.97359651748056,0.0,-71627.71245847484,71627.71245847484,0.0,0.0,14022.960205078123,14022.960205078123,0.0,0.0,10005.98138447147,10005.98138447147,0.0,-478958.18061960215,-478958.18061960215,72023.6596515098,72023.6596515098,71923.6596515098,0.0,100.0,0.0,0.0,72023.6596515098,47994.718061960215,1,0.0,100.0
7714,38600.01447489058,0.0,-386000.1447489058,0.0,10.0,0.0,-0.0,0.1,0.36576831,36.576831,0.0,0.0,100.0,1.0,0.11,-11.0,-198.1708952710985,198.1708952710985,0.0,-198.1708952710985,198.1708952710985,0.0,-68509.35626703555,68509.35626703555,0.0,0.0,17463.259775390623,17463.259775390623,0.0,0.0,12742.42380729654,12742.42380729654,0.0,-386011.1447489058,-386011.1447489058,68905.69805757774,68905.69805757774,68805.69805757774,0.0,100.0,0.0,0.0,68905.69805757774,38700.01447489058,1,0.0,100.0
7715,33709.73552567283,0.0,-337097.35525672836,0.0,10.0,0.0,-0.0,0.1,0.377613462,37.7613462,0.0,0.0,100.0,1.0,0.11,-11.0,-201.1050322572552,201.1050322572552,0.0,-201.1050322572552,201.1050322572552,0.0,-66695.893000705,66695.893000705,0.0,0.0,19108.620439453123,19108.620439453123,0.0,0.0,14179.747100093547,14179.747100093547,0.0,-337108.35525672836,-337108.35525672836,67098.1030652195,67098.1030652195,66998.1030652195,0.0,100.0,0.0,0.0,67098.1030652195,33809.73552567283,1,0.0,100.0
7716,34022.326016725565,0.0,-340223.26016725565,0.0,10.0,0.0,-0.0,0.1,0.3353782999999999,33.53782999999999,0.0,0.0,100.0,1.0,0.11,-11.0,-218.2832626024301,218.2832626024301,0.0,-218.2832626024301,218.2832626024301,0.0,-64821.44603360332,64821.44603360332,0.0,0.0,18061.572744140623,18061.572744140623,0.0,0.0,13074.113797942004,13074.113797942004,0.0,-340234.26016725565,-340234.26016725565,65258.012558808194,65258.01255880819,65158.012558808194,0.0,100.0,0.0,0.0,65258.01255880819,34122.32601672556,1,0.0,100.0
7717,46667.71604163715,0.0,-466677.1604163715,0.0,10.0,0.0,-0.0,0.1,0.321592742,32.1592742,0.0,0.0,100.0,1.0,0.11,-11.0,-198.4974570430346,198.4974570430346,0.0,-198.4974570430346,198.4974570430346,0.0,-63519.06357647567,63519.06357647567,0.0,0.0,7142.3610644531245,7142.3610644531245,0.0,0.0,10005.98138447147,10005.98138447147,0.0,-466688.1604163715,-466688.1604163715,63916.05849056174,63916.05849056174,63816.05849056174,0.0,100.0,0.0,0.0,63916.05849056174,46767.71604163715,1,0.0,100.0
7718,36179.10435123595,0.0,-361791.0435123595,0.0,10.0,0.0,-0.0,0.1,0.32699506,32.699506,0.0,0.0,100.0,1.0,0.08,-8.0,-231.2409157672264,231.2409157672264,0.0,-231.2409157672264,231.2409157672264,0.0,-44889.13890584472,44889.13890584472,0.0,0.0,3627.272373046874,3627.272373046874,0.0,0.0,5445.244013096352,5445.244013096352,0.0,-361799.0435123595,-361799.0435123595,45351.62073737917,45351.62073737917,45251.62073737917,0.0,100.0,0.0,0.0,45351.62073737917,36279.10435123595,1,0.0,100.0
7719,30467.82987390747,0.0,-304678.29873907473,0.0,10.0,0.0,-0.0,0.1,0.3328322689999999,33.28322689999999,0.0,0.0,100.0,1.0,0.08,-8.0,-198.45811321914127,198.45811321914127,0.0,-198.45811321914127,198.45811321914127,0.0,-36809.47965633407,36809.47965633407,0.0,0.0,2243.6736328125,2243.6736328125,0.0,0.0,4394.892376052386,4394.892376052386,0.0,-304686.29873907473,-304686.29873907473,37206.395882772355,37206.395882772355,37106.395882772355,0.0,100.0,0.0,0.0,37206.395882772355,30567.829873907467,1,0.0,100.0
7720,29709.710982084296,0.0,-297097.109820843,0.0,10.0,0.0,-0.0,0.1,0.337645092,33.7645092,0.0,0.0,100.0,1.0,0.08,-8.0,-198.02764078062063,198.02764078062063,0.0,-198.02764078062063,198.02764078062063,0.0,-30077.03568181398,30077.03568181398,0.0,0.0,0.0,0.0,0.0,0.0,663.3799812909263,663.3799812909263,0.0,-297105.109820843,-297105.109820843,30473.090963375224,30473.090963375224,30373.090963375224,0.0,100.0,0.0,0.0,30473.090963375224,29809.710982084296,1,0.0,100.0
7721,23116.903483596125,0.0,-231169.03483596124,0.0,10.0,0.0,-0.0,0.1,0.343382936,34.3382936,0.0,0.0,100.0,1.0,0.11,-11.0,-221.82931483893617,221.82931483893617,0.0,-221.82931483893617,221.82931483893617,0.0,-22773.24485391825,22773.24485391825,0.0,0.0,0.0,0.0,0.0,0.0,0.0,0.0,0.0,-231180.03483596124,-231180.03483596124,23216.903483596125,23216.903483596125,23116.903483596125,0.0,100.0,0.0,0.0,23216.903483596125,23216.903483596125,1,0.0,100.0
7722,21403.121943539045,0.0,-214031.21943539043,0.0,10.0,0.0,-0.0,0.1,0.351829841,35.1829841,0.0,0.0,100.0,1.0,0.11,-11.0,-233.6931239238525,233.6931239238525,0.0,-233.6931239238525,233.6931239238525,0.0,-21035.73569569134,21035.73569569134,0.0,0.0,0.0,0.0,0.0,0.0,0.0,0.0,0.0,-214042.21943539043,-214042.21943539043,21503.121943539045,21503.121943539045,21403.121943539045,0.0,100.0,0.0,0.0,21503.121943539045,21503.121943539045,1,0.0,100.0
7723,19927.22398914492,0.0,-199272.23989144922,0.0,10.0,0.0,-0.0,0.1,0.372780103,37.2780103,0.0,0.0,100.0,1.0,0.11,-11.0,-234.6945021513289,234.6945021513289,0.0,-234.6945021513289,234.6945021513289,0.0,-19557.834984842262,19557.834984842262,0.0,0.0,0.0,0.0,0.0,0.0,0.0,0.0,0.0,-199283.23989144922,-199283.23989144922,20027.22398914492,20027.22398914492,19927.22398914492,0.0,100.0,0.0,0.0,20027.22398914492,20027.22398914492,1,0.0,100.0
7724,19927.00724492806,0.0,-199270.0724492806,0.0,10.0,0.0,-0.0,0.1,0.378579811,37.857981099999996,0.0,0.0,100.0,1.0,0.11,-11.0,-234.5861481808087,234.5861481808087,0.0,-234.5861481808087,234.5861481808087,0.0,-19557.834948566444,19557.834948566444,0.0,0.0,0.0,0.0,0.0,0.0,0.0,0.0,0.0,-199281.0724492806,-199281.0724492806,20027.00724492806,20027.00724492806,19927.00724492806,0.0,100.0,0.0,0.0,20027.00724492806,20027.00724492806,1,0.0,100.0
7725,18447.84376911454,0.0,-184478.4376911454,0.0,10.0,0.0,-0.0,0.1,0.375621562,37.562156200000004,0.0,0.0,100.0,1.0,0.11,-11.0,-233.92567249259127,233.92567249259127,0.0,-233.92567249259127,233.92567249259127,0.0,-18079.99242412936,18079.99242412936,0.0,0.0,0.0,0.0,0.0,0.0,0.0,0.0,0.0,-184489.4376911454,-184489.4376911454,18547.84376911454,18547.84376911454,18447.84376911454,0.0,100.0,0.0,0.0,18547.84376911454,18547.84376911454,1,0.0,100.0
7726,16968.16712025163,0.0,-169681.6712025163,0.0,10.0,0.0,-0.0,0.1,0.371978557,37.1978557,0.0,0.0,100.0,1.0,0.11,-11.0,-233.0959171045296,233.0959171045296,0.0,-233.0959171045296,233.0959171045296,0.0,-16601.975286042572,16601.975286042572,0.0,0.0,0.0,0.0,0.0,0.0,0.0,0.0,0.0,-169692.6712025163,-169692.6712025163,17068.16712025163,17068.16712025163,16968.16712025163,0.0,100.0,0.0,0.0,17068.16712025163,17068.16712025163,1,0.0,100.0
7727,15495.942050858852,0.0,-154959.42050858852,0.0,10.0,0.0,-0.0,0.1,0.353279784,35.3279784,0.0,0.0,100.0,1.0,0.11,-11.0,-235.9337499246157,235.9337499246157,0.0,-235.9337499246157,235.9337499246157,0.0,-15124.07455100962,15124.07455100962,0.0,0.0,0.0,0.0,0.0,0.0,0.0,0.0,0.0,-154970.42050858852,-154970.42050858852,15595.942050858852,15595.942050858852,15495.942050858852,0.0,100.0,0.0,0.0,15595.942050858852,15595.942050858852,1,0.0,100.0
7728,14751.186873761768,0.0,-147511.86873761768,0.0,10.0,0.0,-0.0,0.1,0.3481254039999999,34.81254039999999,0.0,0.0,100.0,1.0,0.08,-8.0,-233.0458327891052,233.0458327891052,0.0,-233.0458327891052,233.0458327891052,0.0,-14385.095208183557,14385.095208183557,0.0,0.0,0.0,0.0,0.0,0.0,0.0,0.0,0.0,-147519.86873761768,-147519.86873761768,14851.186873761768,14851.186873761768,14751.186873761768,0.0,100.0,0.0,0.0,14851.186873761768,14851.186873761768,1,0.0,100.0
7729,14751.121559080977,0.0,-147511.21559080976,0.0,10.0,0.0,-0.0,0.1,0.350494062,35.0494062,0.0,0.0,100.0,1.0,0.08,-8.0,-233.0131754487101,233.0131754487101,0.0,-233.0131754487101,233.0131754487101,0.0,-14385.095208183557,14385.095208183557,0.0,0.0,0.0,0.0,0.0,0.0,0.0,0.0,0.0,-147519.21559080976,-147519.21559080976,14851.121559080977,14851.121559080977,14751.121559080977,0.0,100.0,0.0,0.0,14851.121559080977,14851.121559080977,1,0.0,100.0
7730,14751.103848042116,0.0,-147511.03848042115,0.0,10.0,0.0,-0.0,0.1,0.358495737,35.8495737,0.0,0.0,100.0,1.0,0.08,-8.0,-233.00431992927992,233.00431992927992,0.0,-233.00431992927992,233.00431992927992,0.0,-14385.095208183557,14385.095208183557,0.0,0.0,0.0,0.0,0.0,0.0,0.0,0.0,0.0,-147519.03848042115,-147519.03848042115,14851.103848042116,14851.103848042116,14751.103848042116,0.0,100.0,0.0,0.0,14851.103848042116,14851.103848042116,1,0.0,100.0
7731,14751.187967024498,0.0,-147511.879670245,0.0,10.0,0.0,-0.0,0.1,0.369883692,36.9883692,0.0,0.0,100.0,1.0,0.08,-8.0,-233.04637639748552,233.04637639748552,0.0,-233.04637639748552,233.04637639748552,0.0,-14385.095214229526,14385.095214229526,0.0,0.0,0.0,0.0,0.0,0.0,0.0,0.0,0.0,-147519.879670245,-147519.879670245,14851.187967024498,14851.187967024498,14751.187967024498,0.0,100.0,0.0,0.0,14851.187967024498,14851.187967024498,1,0.0,100.0
7732,15492.24992147099,0.0,-154922.4992147099,0.0,10.0,0.0,-0.0,0.1,0.379267612,37.926761199999994,0.0,0.0,100.0,1.0,0.08,-8.0,-234.10216835100204,234.10216835100204,0.0,-234.10216835100204,234.10216835100204,0.0,-15124.045584768986,15124.045584768986,0.0,0.0,0.0,0.0,0.0,0.0,0.0,0.0,0.0,-154930.4992147099,-154930.4992147099,15592.24992147099,15592.24992147099,15492.24992147099,0.0,100.0,0.0,0.0,15592.24992147099,15592.24992147099,1,0.0,100.0
7733,16969.99521606399,0.0,-169699.95216063992,0.0,10.0,0.0,-0.0,0.1,0.360508254,36.050825399999994,0.0,0.0,100.0,1.0,0.11,-11.0,-233.98073577039384,233.98073577039384,0.0,-233.98073577039384,233.98073577039384,0.0,-16602.033744523203,16602.033744523203,0.0,0.0,0.0,0.0,0.0,0.0,0.0,0.0,0.0,-169710.95216063992,-169710.95216063992,17069.99521606399,17069.99521606399,16969.99521606399,0.0,100.0,0.0,0.0,17069.99521606399,17069.99521606399,1,0.0,100.0
7734,18880.659199003872,0.0,-188806.59199003872,0.0,10.0,0.0,-0.0,0.1,0.367513582,36.7513582,0.0,0.0,100.0,1.0,0.11,-11.0,-228.0031918691972,228.0031918691972,0.0,-228.0031918691972,228.0031918691972,0.0,-18524.65281526548,18524.65281526548,0.0,0.0,0.0,0.0,0.0,0.0,0.0,0.0,0.0,-188817.59199003872,-188817.59199003872,18980.659199003872,18980.659199003872,18880.659199003872,0.0,100.0,0.0,0.0,18980.659199003872,18980.659199003872,1,0.0,100.0
7735,16196.486983172175,0.0,-161964.86983172176,0.0,10.0,0.0,-0.0,0.1,0.361594932,36.1594932,0.0,0.0,100.0,1.0,0.11,-11.0,-197.8798339046918,197.8798339046918,0.0,-197.8798339046918,197.8798339046918,0.0,-17936.3635769098,17936.3635769098,0.0,0.0,598.31296875,598.31296875,0.0,0.0,1437.3232927970068,1437.3232927970068,0.0,-161975.86983172176,-161975.86983172176,18332.123244719183,18332.123244719183,18232.123244719183,0.0,100.0,0.0,0.0,18332.123244719183,16296.486983172177,1,0.0,100.0
7736,5430.200458499203,0.0,-54302.00458499203,0.0,10.0,0.0,-0.0,0.1,0.366059871,36.6059871,0.0,0.0,100.0,1.0,0.11,-11.0,-198.0436069336532,198.0436069336532,0.0,-198.0436069336532,198.0436069336532,0.0,-17936.3635769098,17936.3635769098,0.0,0.0,6693.626337890625,6693.626337890625,0.0,0.0,6108.623994387279,6108.623994387279,0.0,-54313.00458499203,-54313.00458499203,18332.450790777108,18332.450790777108,18232.450790777108,0.0,100.0,0.0,0.0,18332.450790777108,5530.200458499203,1,0.0,100.0
7737,0.0,0.0,-0.0,55.55555555555556,10.0,0.0,-0.0,0.1,0.366716283,0.0,0.0,100.0,0.0,1.0,0.11,0.0,-198.24243797502484,198.24243797502484,0.0,-198.24243797502484,198.24243797502484,0.0,-15846.033933018958,15846.033933018958,0.0,0.0,12452.388662109375,12452.388662109375,0.0,6557.830668024479,10503.516370439664,3945.685702415185,0.0,0.0,0.0,16398.07436452456,16398.07436452456,16398.07436452456,0.0,0.0,155.55555555555293,0.0,16242.518808969007,-6713.386223580032,1,-55.55555555555556,-100.0
7738,0.0,0.0,-0.0,44.44444444444444,60.0,0.0,-0.0,0.6,0.3728448579999999,0.0,0.0,100.0,0.0,1.0,0.11,0.0,-198.2781943267106,198.2781943267106,0.0,-198.2781943267106,198.2781943267106,0.0,-14030.556506310551,14030.556506310551,0.0,0.0,13162.8853125,13162.8853125,0.0,12080.054259340413,13488.726286248831,1408.672026908418,0.0,0.0,0.0,14571.557339408419,14571.557339408419,14571.557339408419,0.0,0.0,144.44444444444525,0.0,14427.112894963973,-12224.498703784857,1,-44.44444444444444,-100.0
7739,0.0,0.0,-0.0,0.0,100.0,-0.0,-0.0,1.0,0.374713061,0.0,0.0,100.0,0.0,1.0,0.11,0.0,-201.1831645809637,201.1831645809637,0.0,-201.1831645809637,201.1831645809637,0.0,-13845.06212453866,13845.06212453866,0.0,0.0,13873.381962890624,13873.381962890624,0.0,14534.925585897243,15008.972076707205,474.04649080996205,0.0,0.0,0.0,14347.428453700586,14347.428453700586,14347.428453700586,0.0,0.0,100.0,0.0,14247.428453700586,-14634.925585897241,1,-0.0,-100.0
7740,0.0,0.0,-0.0,0.0,100.0,-0.0,-0.0,1.0,0.338163987,0.0,0.0,100.0,0.0,1.0,0.11,0.0,-198.38480018958592,198.38480018958592,0.0,-198.38480018958592,198.38480018958592,0.0,-14154.52789286377,14154.52789286377,0.0,0.0,10582.660634765623,10582.660634765623,0.0,8784.350279034377,12852.987137511696,4068.636858477319,0.0,0.0,0.0,14651.297493242942,14651.297493242942,14651.297493242942,0.0,0.0,100.0,0.0,14551.297493242942,-8884.350279034377,1,-0.0,-100.0
7741,0.0,0.0,-0.0,0.0,100.0,-0.0,-0.0,1.0,0.336840717,0.0,0.0,100.0,0.0,1.0,0.11,0.0,-210.36182856513145,210.36182856513145,0.0,-210.36182856513145,210.36182856513145,0.0,-15046.785498851455,15046.785498851455,0.0,0.0,4225.585341796875,4225.585341796875,0.0,2091.5208069564123,13433.444621141256,11341.923814184844,0.0,0.0,0.0,15567.50915598172,15567.50915598172,15567.50915598172,0.0,0.0,100.0,0.0,15467.50915598172,-2191.5208069564105,1,-0.0,-100.0
7742,718.0808322864777,0.0,-7180.808322864777,0.0,100.0,45.0,-0.0,1.0,0.34867192,34.867192,0.0,0.0,100.0,1.0,0.08,-8.0,-225.0851323770444,225.0851323770444,0.0,-225.0851323770444,225.0851323770444,0.0,-13990.882659943154,13990.882659943154,0.0,0.0,3627.272373046874,3627.272373046874,0.0,0.0,9950.699719363893,9950.699719363893,0.0,-7188.808322864777,-7188.808322864777,14441.052924697244,14441.052924697244,14296.052924697244,0.0,145.0,0.0,0.0,14441.052924697244,863.0808322864777,1,45.0,100.0
7743,7281.0531837792805,0.0,-72810.5318377928,0.0,50.0,36.0,-0.0,0.5,0.359541225,35.954122500000004,0.0,0.0,100.0,1.0,0.08,-8.0,-235.4497932751541,235.4497932751541,0.0,-235.4497932751541,235.4497932751541,0.0,-15745.53398012552,15745.53398012552,0.0,0.0,3215.93220703125,3215.93220703125,0.0,0.0,5583.448175865296,5583.448175865296,0.0,-72818.5318377928,-72818.5318377928,16216.433566675827,16216.433566675827,16080.433566675827,0.0,136.0,0.0,0.0,16216.433566675827,7417.0531837792805,1,36.0,100.0
7744,17769.476880157683,0.0,-177694.76880157684,0.0,10.0,0.0,-0.0,0.1,0.3728309039999999,37.28309039999999,0.0,0.0,100.0,1.0,0.08,-8.0,-198.2259578375908,198.2259578375908,0.0,-198.2259578375908,198.2259578375908,0.0,-18302.24994109616,18302.24994109616,0.0,0.0,0.0,0.0,0.0,0.0,829.2249766136578,829.2249766136578,0.0,-177702.76880157684,-177702.76880157684,18698.701856771342,18698.701856771342,18598.701856771342,0.0,100.0,0.0,0.0,18698.701856771342,17869.476880157683,1,0.0,100.0
7745,21379.7211768589,0.0,-213797.211768589,0.0,10.0,0.0,-0.0,0.1,0.3682918739999999,36.82918739999999,0.0,0.0,100.0,1.0,0.11,-11.0,-222.03631691009105,222.03631691009105,0.0,-222.03631691009105,222.03631691009105,0.0,-21035.64854303872,21035.64854303872,0.0,0.0,0.0,0.0,0.0,0.0,0.0,0.0,0.0,-213808.211768589,-213808.211768589,21479.7211768589,21479.7211768589,21379.7211768589,0.0,100.0,0.0,0.0,21479.7211768589,21479.7211768589,1,0.0,100.0
7746,21403.4348749594,0.0,-214034.348749594,0.0,10.0,0.0,-0.0,0.1,0.365525941,36.5525941,0.0,0.0,100.0,1.0,0.11,-11.0,-233.8931629373563,233.8931629373563,0.0,-233.8931629373563,233.8931629373563,0.0,-21035.648549084686,21035.648549084686,0.0,0.0,0.0,0.0,0.0,0.0,0.0,0.0,0.0,-214045.348749594,-214045.348749594,21503.4348749594,21503.4348749594,21403.4348749594,0.0,100.0,0.0,0.0,21503.4348749594,21503.4348749594,1,0.0,100.0
7747,19927.666297373482,0.0,-199276.6629737348,0.0,10.0,0.0,-0.0,0.1,0.3500565029999999,35.00565029999999,0.0,0.0,100.0,1.0,0.11,-11.0,-234.95925072982857,234.95925072982857,0.0,-234.95925072982857,234.95925072982857,0.0,-19557.747795913823,19557.747795913823,0.0,0.0,0.0,0.0,0.0,0.0,0.0,0.0,0.0,-199287.6629737348,-199287.6629737348,20027.666297373482,20027.666297373482,19927.666297373482,0.0,100.0,0.0,0.0,20027.666297373482,20027.666297373482,1,0.0,100.0
7748,19927.44985136197,0.0,-199274.4985136197,0.0,10.0,0.0,-0.0,0.1,0.360712484,36.0712484,0.0,0.0,100.0,1.0,0.11,-11.0,-234.85102772407373,234.85102772407373,0.0,-234.85102772407373,234.85102772407373,0.0,-19557.747795913823,19557.747795913823,0.0,0.0,0.0,0.0,0.0,0.0,0.0,0.0,0.0,-199285.4985136197,-199285.4985136197,20027.44985136197,20027.44985136197,19927.44985136197,0.0,100.0,0.0,0.0,20027.44985136197,20027.44985136197,1,0.0,100.0
7749,18448.35802991516,0.0,-184483.58029915162,0.0,10.0,0.0,-0.0,0.1,0.362810206,36.281020600000005,0.0,0.0,100.0,1.0,0.11,-11.0,-234.2117782024901,234.2117782024901,0.0,-234.2117782024901,234.2117782024901,0.0,-18079.93447351018,18079.93447351018,0.0,0.0,0.0,0.0,0.0,0.0,0.0,0.0,0.0,-184494.58029915162,-184494.58029915162,18548.35802991516,18548.35802991516,18448.35802991516,0.0,100.0,0.0,0.0,18548.35802991516,18548.35802991516,1,0.0,100.0
7750,16968.725228111707,0.0,-169687.25228111708,0.0,10.0,0.0,-0.0,0.1,0.362184676,36.2184676,0.0,0.0,100.0,1.0,0.11,-11.0,-233.38945717786748,233.38945717786748,0.0,-233.38945717786748,233.38945717786748,0.0,-16601.946313755972,16601.946313755972,0.0,0.0,0.0,0.0,0.0,0.0,0.0,0.0,0.0,-169698.25228111708,-169698.25228111708,17068.725228111707,17068.725228111707,16968.725228111707,0.0,100.0,0.0,0.0,17068.725228111707,17068.725228111707,1,0.0,100.0
7751,15496.52599350636,0.0,-154965.2599350636,0.0,10.0,0.0,-0.0,0.1,0.379373106,37.9373106,0.0,0.0,100.0,1.0,0.11,-11.0,-236.2402073916709,236.2402073916709,0.0,-236.2402073916709,236.2402073916709,0.0,-15124.045578723018,15124.045578723018,0.0,0.0,0.0,0.0,0.0,0.0,0.0,0.0,0.0,-154976.2599350636,-154976.2599350636,15596.52599350636,15596.52599350636,15496.52599350636,0.0,100.0,0.0,0.0,15596.52599350636,15596.52599350636,1,0.0,100.0
7752,17765.1760359428,0.0,-177651.760359428,0.0,10.0,0.0,-0.0,0.1,0.360654223,36.0654223,0.0,0.0,100.0,1.0,0.08,-8.0,-233.3481455769946,233.3481455769946,0.0,-233.3481455769946,233.3481455769946,0.0,-17398.479744788812,17398.479744788812,0.0,0.0,0.0,0.0,0.0,0.0,0.0,0.0,0.0,-177659.760359428,-177659.760359428,17865.1760359428,17865.1760359428,17765.1760359428,0.0,100.0,0.0,0.0,17865.1760359428,17865.1760359428,1,0.0,100.0
7753,17765.12891038503,0.0,-177651.2891038503,0.0,10.0,0.0,-0.0,0.1,0.357273059,35.7273059,0.0,0.0,100.0,1.0,0.08,-8.0,-233.3245827981077,233.3245827981077,0.0,-233.3245827981077,233.3245827981077,0.0,-17398.479744788812,17398.479744788812,0.0,0.0,0.0,0.0,0.0,0.0,0.0,0.0,0.0,-177659.2891038503,-177659.2891038503,17865.12891038503,17865.12891038503,17765.12891038503,0.0,100.0,0.0,0.0,17865.12891038503,17865.12891038503,1,0.0,100.0
7754,17834.922091174776,0.0,-178349.22091174778,0.0,10.0,0.0,-0.0,0.1,0.360565518,36.056551799999994,0.0,0.0,100.0,1.0,0.08,-8.0,-233.27605805127632,233.27605805127632,0.0,-233.27605805127632,233.27605805127632,0.0,-17468.369975072223,17468.369975072223,0.0,0.0,0.0,0.0,0.0,0.0,0.0,0.0,0.0,-178357.22091174778,-178357.22091174778,17934.922091174776,17934.922091174776,17834.922091174776,0.0,100.0,0.0,0.0,17934.922091174776,17934.922091174776,1,0.0,100.0
7755,17858.241949900745,0.0,-178582.41949900746,0.0,10.0,0.0,-0.0,0.1,0.37473538,37.473538,0.0,0.0,100.0,1.0,0.08,-8.0,-233.25931552405217,233.25931552405217,0.0,-233.25931552405217,233.25931552405217,0.0,-17491.72331885264,17491.72331885264,0.0,0.0,0.0,0.0,0.0,0.0,0.0,0.0,0.0,-178590.41949900746,-178590.41949900746,17958.241949900745,17958.241949900745,17858.241949900745,0.0,100.0,0.0,0.0,17958.241949900745,17958.241949900745,1,0.0,100.0
7756,18622.702480528213,0.0,-186227.02480528213,0.0,10.0,0.0,-0.0,0.1,0.3757599339999999,37.57599339999999,0.0,0.0,100.0,1.0,0.08,-8.0,-234.34405985404345,234.34405985404345,0.0,-234.34405985404345,234.34405985404345,0.0,-18254.014360820125,18254.014360820125,0.0,0.0,0.0,0.0,0.0,0.0,0.0,0.0,0.0,-186235.02480528213,-186235.02480528213,18722.702480528213,18722.702480528213,18622.702480528213,0.0,100.0,0.0,0.0,18722.702480528213,18722.702480528213,1,0.0,100.0
7757,21583.96550607702,0.0,-215839.6550607702,0.0,10.0,0.0,-0.0,0.1,0.3703101279999999,37.03101279999999,0.0,0.0,100.0,1.0,0.11,-11.0,-234.2734466233745,234.2734466233745,0.0,-234.2734466233745,234.2734466233745,0.0,-21215.41861283027,21215.41861283027,0.0,0.0,0.0,0.0,0.0,0.0,0.0,0.0,0.0,-215850.6550607702,-215850.6550607702,21683.96550607702,21683.96550607702,21583.96550607702,0.0,100.0,0.0,0.0,21683.96550607702,21683.96550607702,1,0.0,100.0
7758,25491.069312328575,0.0,-254910.69312328575,0.0,10.0,0.0,-0.0,0.1,0.3667417979999999,36.67417979999999,0.0,0.0,100.0,1.0,0.11,-11.0,-390.67479577368846,390.67479577368846,0.0,-390.67479577368846,390.67479577368846,0.0,-24809.7197207812,24809.7197207812,0.0,0.0,0.0,0.0,0.0,0.0,0.0,0.0,0.0,-254921.69312328575,-254921.69312328575,25591.069312328575,25591.069312328575,25491.069312328575,0.0,100.0,0.0,0.0,25591.069312328575,25591.069312328575,1,0.0,100.0
7759,27478.079328125492,0.0,-274780.79328125494,0.0,10.0,0.0,-0.0,0.1,0.363334108,36.333410799999996,0.0,0.0,100.0,1.0,0.11,-11.0,-634.4710214903658,634.4710214903658,0.0,-634.4710214903658,634.4710214903658,0.0,-30234.009030021687,30234.009030021687,0.0,0.0,2542.8301171875,2542.8301171875,0.0,0.0,1382.0416276894296,1382.0416276894296,0.0,-274791.79328125494,-274791.79328125494,31502.95107300242,31502.95107300242,31402.95107300242,0.0,100.0,0.0,0.0,31502.95107300242,27578.07932812549,1,0.0,100.0
7760,50713.42401586933,0.0,-507134.2401586933,0.0,10.0,0.0,-0.0,0.1,0.3648603929999999,36.48603929999999,0.0,0.0,100.0,1.0,0.11,-11.0,-900.7552844593524,900.7552844593524,0.0,-900.7552844593524,900.7552844593524,0.0,-63368.468569062046,63368.468569062046,0.0,0.0,8413.776123046875,8413.776123046875,0.0,0.0,5942.778999064547,5942.778999064547,0.0,-507145.2401586933,-507145.2401586933,65169.97913798075,65169.97913798075,65069.97913798075,0.0,100.0,0.0,0.0,65169.97913798075,50813.42401586933,1,0.0,100.0
7761,39818.605238857,0.0,-398186.05238857004,0.0,10.0,0.0,-0.0,0.1,0.364516774,36.4516774,0.0,0.0,100.0,1.0,0.11,-11.0,-985.0853646355824,985.0853646355824,0.0,-985.0853646355824,985.0853646355824,0.0,-61224.59221448126,61224.59221448126,0.0,0.0,13574.225478515624,13574.225478515624,0.0,0.0,9701.932226379797,9701.932226379797,0.0,-398197.05238857004,-398197.05238857004,63194.76294375242,63194.76294375242,63094.76294375242,0.0,100.0,0.0,0.0,63194.76294375242,39918.605238857,1,0.0,100.0
7762,31163.7053750614,0.0,-311637.053750614,0.0,10.0,0.0,-0.0,0.1,0.373077677,37.3077677,0.0,0.0,100.0,1.0,0.11,-11.0,-1033.7589711239118,1033.7589711239118,0.0,-1033.7589711239118,1033.7589711239118,0.0,-58423.09941613984,58423.09941613984,0.0,0.0,16677.97400390625,16677.97400390625,0.0,0.0,12548.93797942002,12548.93797942002,0.0,-311648.053750614,-311648.053750614,60490.617358387666,60490.617358387666,60390.617358387666,0.0,100.0,0.0,0.0,60490.617358387666,31263.7053750614,1,0.0,100.0
7763,28669.49442606044,0.0,-286694.9442606044,0.0,10.0,0.0,-0.0,0.1,0.378723634,37.8723634,0.0,0.0,100.0,1.0,0.11,-11.0,-1072.9461992340066,1072.9461992340066,0.0,-1072.9461992340066,1072.9461992340066,0.0,-58539.71328688301,58539.71328688301,0.0,0.0,18510.307470703123,18510.307470703123,0.0,0.0,13405.803788587467,13405.803788587467,0.0,-286705.9442606044,-286705.9442606044,60685.60568535103,60685.60568535102,60585.60568535103,0.0,100.0,0.0,0.0,60685.60568535102,28769.49442606043,1,0.0,100.0
7764,27026.23525381169,0.0,-270262.3525381169,0.0,10.0,0.0,-0.0,0.1,0.333011851,33.301185100000005,0.0,0.0,100.0,1.0,0.11,-11.0,-1110.7998474495844,1110.7998474495844,0.0,-1110.7998474495844,1110.7998474495844,0.0,-55542.85035390748,55542.85035390748,0.0,0.0,16790.157685546874,16790.157685546874,0.0,0.0,13848.057109448084,13848.057109448084,0.0,-270273.3525381169,-270273.3525381169,57764.45004880665,57764.45004880665,57664.45004880665,0.0,100.0,0.0,0.0,57764.45004880665,27126.23525381169,1,0.0,100.0
7765,38334.09769314773,0.0,-383340.97693147726,0.0,10.0,0.0,-0.0,0.1,0.32449693,32.449693,0.0,0.0,100.0,1.0,0.11,-11.0,-1090.478980822754,1090.478980822754,0.0,-1090.478980822754,1090.478980822754,0.0,-58501.94691371288,58501.94691371288,0.0,0.0,8787.721728515624,8787.721728515624,0.0,0.0,13461.085453695045,13461.085453695045,0.0,-383351.97693147726,-383351.97693147726,60682.90487535839,60682.90487535839,60582.90487535839,0.0,100.0,0.0,0.0,60682.90487535839,38434.09769314772,1,0.0,100.0
7766,44580.76811040986,0.0,-445807.68110409856,0.0,10.0,0.0,-0.0,0.1,0.323542973,32.3542973,0.0,0.0,100.0,1.0,0.08,-8.0,-1071.54607250202,1071.54607250202,0.0,-1071.54607250202,1071.54607250202,0.0,-58343.05493749386,58343.05493749386,0.0,0.0,6020.524248046875,6020.524248046875,0.0,0.0,9784.85472404116,9784.85472404116,0.0,-445815.68110409856,-445815.68110409856,60486.1470824979,60486.1470824979,60386.1470824979,0.0,100.0,0.0,0.0,60486.1470824979,44680.76811040986,1,0.0,100.0
7767,51364.627284784874,0.0,-513646.2728478487,0.0,10.0,0.0,-0.0,0.1,0.3445728629999999,34.45728629999999,0.0,0.0,100.0,1.0,0.08,-8.0,-1032.4858567828446,1032.4858567828446,0.0,-1032.4858567828446,1032.4858567828446,0.0,-58228.32875753526,58228.32875753526,0.0,0.0,2692.408359375,2692.408359375,0.0,0.0,6136.264826941067,6136.264826941067,0.0,-513654.2728478487,-513654.2728478487,60293.30047110094,60293.30047110095,60193.30047110094,0.0,100.0,0.0,0.0,60293.30047110095,51464.62728478488,1,0.0,100.0
7768,64590.1688948975,0.0,-645901.688948975,0.0,10.0,0.0,-0.0,0.1,0.347468222,34.7468222,0.0,0.0,100.0,1.0,0.08,-8.0,-936.4559681699322,936.4559681699322,0.0,-936.4559681699322,936.4559681699322,0.0,-63729.40443283265,63729.40443283265,0.0,0.0,0.0,0.0,0.0,0.0,912.1474742750236,912.1474742750236,0.0,-645909.688948975,-645909.688948975,65602.31636917252,65602.31636917252,65502.31636917252,0.0,100.0,0.0,0.0,65602.31636917252,64690.1688948975,1,0.0,100.0
7769,58732.743768529515,0.0,-587327.4376852951,0.0,10.0,0.0,-0.0,0.1,0.328364102,32.836410199999996,0.0,0.0,100.0,1.0,0.11,-11.0,-704.104499310866,704.104499310866,0.0,-704.104499310866,704.104499310866,0.0,-57424.53476990778,57424.53476990778,0.0,0.0,0.0,0.0,0.0,0.0,0.0,0.0,0.0,-587338.4376852951,-587338.4376852951,58832.743768529515,58832.743768529515,58732.743768529515,0.0,100.0,0.0,0.0,58832.743768529515,58832.743768529515,1,0.0,100.0
7770,46652.703884195806,0.0,-466527.03884195804,0.0,10.0,0.0,-0.0,0.1,0.310789068,31.0789068,0.0,0.0,100.0,1.0,0.11,-11.0,-689.430771855192,689.430771855192,0.0,-689.430771855192,689.430771855192,0.0,-45373.84234048542,45373.84234048542,0.0,0.0,0.0,0.0,0.0,0.0,0.0,0.0,0.0,-466538.03884195804,-466538.03884195804,46752.703884195806,46752.703884195806,46652.703884195806,0.0,100.0,0.0,0.0,46752.703884195806,46752.703884195806,1,0.0,100.0
7771,45160.841020358006,0.0,-451608.41020358005,0.0,10.0,0.0,-0.0,0.1,0.309685759,30.9685759,0.0,0.0,100.0,1.0,0.11,-11.0,-681.7571960421673,681.7571960421673,0.0,-681.7571960421673,681.7571960421673,0.0,-43897.32662827367,43897.32662827367,0.0,0.0,0.0,0.0,0.0,0.0,0.0,0.0,0.0,-451619.41020358005,-451619.41020358005,45260.841020358006,45260.841020358006,45160.841020358006,0.0,100.0,0.0,0.0,45260.841020358006,45260.841020358006,1,0.0,100.0
7772,36105.5004449487,0.0,-361055.004449487,0.0,10.0,0.0,-0.0,0.1,0.317848309,31.7848309,0.0,0.0,100.0,1.0,0.11,-11.0,-672.2307955848164,672.2307955848164,0.0,-672.2307955848164,672.2307955848164,0.0,-34861.03885377907,34861.03885377907,0.0,0.0,0.0,0.0,0.0,0.0,0.0,0.0,0.0,-361066.004449487,-361066.004449487,36205.5004449487,36205.5004449487,36105.5004449487,0.0,100.0,0.0,0.0,36205.5004449487,36205.5004449487,1,0.0,100.0
7773,33752.51202706404,0.0,-337525.1202706404,0.0,10.0,0.0,-0.0,0.1,0.3307220489999999,33.07220489999999,0.0,0.0,100.0,1.0,0.11,-11.0,-234.02955169415864,234.02955169415864,0.0,-234.02955169415864,234.02955169415864,0.0,-33384.45292367572,33384.45292367572,0.0,0.0,0.0,0.0,0.0,0.0,0.0,0.0,0.0,-337536.1202706404,-337536.1202706404,33852.51202706404,33852.51202706404,33752.51202706404,0.0,100.0,0.0,0.0,33852.51202706404,33852.51202706404,1,0.0,100.0
7774,21488.640183035168,0.0,-214886.40183035168,0.0,10.0,0.0,-0.0,0.1,0.335754687,33.5754687,0.0,0.0,100.0,1.0,0.11,-11.0,-233.31584025147825,233.31584025147825,0.0,-233.31584025147825,233.31584025147825,0.0,-21122.00850253221,21122.00850253221,0.0,0.0,0.0,0.0,0.0,0.0,0.0,0.0,0.0,-214897.40183035168,-214897.40183035168,21588.640183035168,21588.640183035168,21488.640183035168,0.0,100.0,0.0,0.0,21588.640183035168,21588.640183035168,1,0.0,100.0
7775,18509.915395723954,0.0,-185099.15395723953,0.0,10.0,0.0,-0.0,0.1,0.321441302,32.1441302,0.0,0.0,100.0,1.0,0.11,-11.0,-236.2426281058977,236.2426281058977,0.0,-236.2426281058977,236.2426281058977,0.0,-18137.43013951216,18137.43013951216,0.0,0.0,0.0,0.0,0.0,0.0,0.0,0.0,0.0,-185110.15395723953,-185110.15395723953,18609.915395723954,18609.915395723954,18509.915395723954,0.0,100.0,0.0,0.0,18609.915395723954,18609.915395723954,1,0.0,100.0
7776,17764.995999428113,0.0,-177649.95999428112,0.0,10.0,0.0,-0.0,0.1,0.307620836,30.7620836,0.0,0.0,100.0,1.0,0.08,-8.0,-233.25803663010632,233.25803663010632,0.0,-233.25803663010632,233.25803663010632,0.0,-17398.4799261679,17398.4799261679,0.0,0.0,0.0,0.0,0.0,0.0,0.0,0.0,0.0,-177657.95999428112,-177657.95999428112,17864.995999428113,17864.995999428113,17764.995999428113,0.0,100.0,0.0,0.0,17864.995999428113,17864.995999428113,1,0.0,100.0
7777,17764.939808828374,0.0,-177649.39808828375,0.0,10.0,0.0,-0.0,0.1,0.308950854,30.8950854,0.0,0.0,100.0,1.0,0.08,-8.0,-233.22994435322104,233.22994435322104,0.0,-233.22994435322104,233.22994435322104,0.0,-17398.479920121932,17398.479920121932,0.0,0.0,0.0,0.0,0.0,0.0,0.0,0.0,0.0,-177657.39808828375,-177657.39808828375,17864.939808828374,17864.939808828374,17764.939808828374,0.0,100.0,0.0,0.0,17864.939808828374,17864.939808828374,1,0.0,100.0
7778,17764.896569053595,0.0,-177648.96569053596,0.0,10.0,0.0,-0.0,0.1,0.308591908,30.859190800000004,0.0,0.0,100.0,1.0,0.08,-8.0,-233.20832144284785,233.20832144284785,0.0,-233.20832144284785,233.20832144284785,0.0,-17398.4799261679,17398.4799261679,0.0,0.0,0.0,0.0,0.0,0.0,0.0,0.0,0.0,-177656.96569053596,-177656.96569053596,17864.896569053595,17864.896569053595,17764.896569053595,0.0,100.0,0.0,0.0,17864.896569053595,17864.896569053595,1,0.0,100.0
7779,17764.860458825242,0.0,-177648.60458825243,0.0,10.0,0.0,-0.0,0.1,0.335503504,33.5503504,0.0,0.0,100.0,1.0,0.08,-8.0,-233.19026935165448,233.19026935165448,0.0,-233.19026935165448,233.19026935165448,0.0,-17398.479920121932,17398.479920121932,0.0,0.0,0.0,0.0,0.0,0.0,0.0,0.0,0.0,-177656.60458825243,-177656.60458825243,17864.860458825242,17864.860458825242,17764.860458825242,0.0,100.0,0.0,0.0,17864.860458825242,17864.860458825242,1,0.0,100.0
7780,18561.00129525253,0.0,-185610.01295252529,0.0,10.0,0.0,-0.0,0.1,0.370404806,37.040480599999995,0.0,0.0,100.0,1.0,0.08,-8.0,-238.4619500306364,238.4619500306364,0.0,-238.4619500306364,238.4619500306364,0.0,-18184.077395191256,18184.077395191256,0.0,0.0,0.0,0.0,0.0,0.0,0.0,0.0,0.0,-185618.01295252529,-185618.01295252529,18661.00129525253,18661.00129525253,18561.00129525253,0.0,100.0,0.0,0.0,18661.00129525253,18661.00129525253,1,0.0,100.0
7781,21590.72863229174,0.0,-215907.28632291738,0.0,10.0,0.0,-0.0,0.1,0.3741352,37.41352,0.0,0.0,100.0,1.0,0.11,-11.0,-237.64974973712845,237.64974973712845,0.0,-237.64974973712845,237.64974973712845,0.0,-21215.42913281748,21215.42913281748,0.0,0.0,0.0,0.0,0.0,0.0,0.0,0.0,0.0,-215918.28632291738,-215918.28632291738,21690.72863229174,21690.72863229174,21590.72863229174,0.0,100.0,0.0,0.0,21690.72863229174,21690.72863229174,1,0.0,100.0
7782,25454.388256231083,0.0,-254543.88256231084,0.0,10.0,0.0,-0.0,0.1,0.373512327,37.3512327,0.0,0.0,100.0,1.0,0.11,-11.0,-371.06447806242886,371.06447806242886,0.0,-371.06447806242886,371.06447806242886,0.0,-24812.259300106227,24812.259300106227,0.0,0.0,0.0,0.0,0.0,0.0,0.0,0.0,0.0,-254554.88256231084,-254554.88256231084,25554.388256231083,25554.388256231083,25454.388256231083,0.0,100.0,0.0,0.0,25554.388256231083,25554.388256231083,1,0.0,100.0
7783,28040.091080254435,0.0,-280400.9108025443,0.0,10.0,0.0,-0.0,0.1,0.370420401,37.0420401,0.0,0.0,100.0,1.0,0.11,-11.0,-621.6486320406437,621.6486320406437,0.0,-621.6486320406437,621.6486320406437,0.0,-30263.98785569789,30263.98785569789,0.0,0.0,2206.279072265625,2206.279072265625,0.0,0.0,1160.9149672591209,1160.9149672591209,0.0,-280411.9108025443,-280411.9108025443,31507.285119779182,31507.28511977918,31407.285119779182,0.0,100.0,0.0,0.0,31507.28511977918,28140.09108025443,1,0.0,100.0
7784,51168.253301876786,0.0,-511682.53301876783,0.0,10.0,0.0,-0.0,0.1,0.3685852229999999,36.85852229999999,0.0,0.0,100.0,1.0,0.11,-11.0,-877.8745219520079,877.8745219520079,0.0,-877.8745219520079,877.8745219520079,0.0,-63399.165226669786,63399.165226669786,0.0,0.0,8413.776123046875,8413.776123046875,0.0,0.0,5472.884845650141,5472.884845650141,0.0,-511693.53301876783,-511693.53301876783,65154.914270573805,65154.914270573805,65054.914270573805,0.0,100.0,0.0,0.0,65154.914270573805,51268.253301876786,1,0.0,100.0
7785,39898.8266182682,0.0,-398988.266182682,0.0,10.0,0.0,-0.0,0.1,0.368532094,36.8532094,0.0,0.0,100.0,1.0,0.11,-11.0,-980.1283198175915,980.1283198175915,0.0,-980.1283198175915,980.1283198175915,0.0,-61178.175491625225,61178.175491625225,0.0,0.0,13050.701630859374,13050.701630859374,0.0,0.0,10088.903882132836,10088.903882132836,0.0,-398999.266182682,-398999.266182682,63138.43213126041,63138.43213126041,63038.43213126041,0.0,100.0,0.0,0.0,63138.43213126041,39998.8266182682,1,0.0,100.0
7786,32112.39527778489,0.0,-321123.9527778489,0.0,10.0,0.0,-0.0,0.1,0.382369021,38.236902099999995,0.0,0.0,100.0,1.0,0.11,-11.0,-1073.0529459781485,1073.0529459781485,0.0,-1073.0529459781485,1073.0529459781485,0.0,-58220.164812154304,58220.164812154304,0.0,0.0,15107.4024609375,15107.4024609375,0.0,0.0,13046.472965388217,13046.472965388217,0.0,-321134.9527778489,-321134.9527778489,60366.270704110604,60366.270704110604,60266.270704110604,0.0,100.0,0.0,0.0,60366.270704110604,32212.39527778489,1,0.0,100.0
7787,27006.65748963136,0.0,-270066.5748963136,0.0,10.0,0.0,-0.0,0.1,0.360203241,36.0203241,0.0,0.0,100.0,1.0,0.11,-11.0,-1134.85368939347,1134.85368939347,0.0,-1134.85368939347,1134.85368939347,0.0,-58216.40514406033,58216.40514406033,0.0,0.0,18398.12378906249,18398.12378906249,0.0,0.0,14981.331244153416,14981.331244153416,0.0,-270077.5748963136,-270077.5748963136,60486.11252284727,60486.11252284727,60386.11252284727,0.0,100.0,0.0,0.0,60486.11252284727,27106.65748963136,1,0.0,100.0
7788,30723.127657558995,0.0,-307231.27657558996,0.0,10.0,0.0,-0.0,0.1,0.349394484,34.9394484,0.0,0.0,100.0,1.0,0.11,-11.0,-1148.3975457431163,1148.3975457431163,0.0,-1148.3975457431163,1148.3975457431163,0.0,-55200.72394309897,55200.72394309897,0.0,0.0,12826.334267578124,12826.334267578124,0.0,0.0,13848.057109448084,13848.057109448084,0.0,-307242.27657558996,-307242.27657558996,57497.5190345852,57497.5190345852,57397.5190345852,0.0,100.0,0.0,0.0,57497.5190345852,30823.127657558995,1,0.0,100.0
7789,34638.765773116174,0.0,-346387.65773116174,0.0,10.0,0.0,-0.0,0.1,0.341026971,34.1026971,0.0,0.0,100.0,1.0,0.11,-11.0,-1124.295243907155,1124.295243907155,0.0,-1124.295243907155,1124.295243907155,0.0,-58210.100334349234,58210.100334349234,0.0,0.0,13723.803720703125,13723.803720703125,0.0,0.0,11996.121328344248,11996.121328344248,0.0,-346398.65773116174,-346398.65773116174,60458.690822163546,60458.690822163546,60358.690822163546,0.0,100.0,0.0,0.0,60458.690822163546,34738.765773116174,1,0.0,100.0
7790,42785.40488954918,0.0,-427854.0488954918,0.0,10.0,0.0,-0.0,0.1,0.348522267,34.8522267,0.0,0.0,100.0,1.0,0.08,-8.0,-1126.6486476841053,1126.6486476841053,0.0,-1126.6486476841053,1126.6486476841053,0.0,-58211.26604566709,58211.26604566709,0.0,0.0,8264.197880859374,8264.197880859374,0.0,0.0,9314.960570626756,9314.960570626756,0.0,-427862.0488954918,-427862.0488954918,60464.56334103531,60464.563341035304,60364.56334103531,0.0,100.0,0.0,0.0,60464.563341035304,42885.40488954917,1,0.0,100.0
7791,52002.27033136467,0.0,-520022.7033136467,0.0,10.0,0.0,-0.0,0.1,0.3774398779999999,37.74398779999999,0.0,0.0,100.0,1.0,0.08,-8.0,-1080.9618064774616,1080.9618064774616,0.0,-1080.9618064774616,1080.9618064774616,0.0,-58212.9625507991,58212.9625507991,0.0,0.0,2468.04099609375,2468.04099609375,0.0,0.0,5804.574836295605,5804.574836295605,0.0,-520030.7033136467,-520030.7033136467,60374.886163754025,60374.886163754025,60274.886163754025,0.0,100.0,0.0,0.0,60374.886163754025,52102.27033136467,1,0.0,100.0
7792,64789.72914917978,0.0,-647897.2914917978,0.0,10.0,0.0,-0.0,0.1,0.377315513,37.7315513,0.0,0.0,100.0,1.0,0.08,-8.0,-997.120979701376,997.120979701376,0.0,-997.120979701376,997.120979701376,0.0,-63752.35299894447,63752.35299894447,0.0,0.0,0.0,0.0,0.0,0.0,856.8658091674463,856.8658091674463,0.0,-647905.2914917978,-647905.2914917978,65746.59495834722,65746.59495834722,65646.59495834722,0.0,100.0,0.0,0.0,65746.59495834722,64889.72914917978,1,0.0,100.0
7793,58882.45051423721,0.0,-588824.5051423721,0.0,10.0,0.0,-0.0,0.1,0.352883492,35.2883492,0.0,0.0,100.0,1.0,0.11,-11.0,-767.5038128773141,767.5038128773141,0.0,-767.5038128773141,767.5038128773141,0.0,-57447.442888482576,57447.442888482576,0.0,0.0,0.0,0.0,0.0,0.0,0.0,0.0,0.0,-588835.5051423721,-588835.5051423721,58982.45051423721,58982.45051423721,58882.45051423721,0.0,100.0,0.0,0.0,58982.45051423721,58982.45051423721,1,0.0,100.0
7794,46803.724293281026,0.0,-468037.2429328103,0.0,10.0,0.0,-0.0,0.1,0.34893433,34.893433,0.0,0.0,100.0,1.0,0.11,-11.0,-751.6713426519275,751.6713426519275,0.0,-751.6713426519275,751.6713426519275,0.0,-45400.38160797717,45400.38160797717,0.0,0.0,0.0,0.0,0.0,0.0,0.0,0.0,0.0,-468048.2429328103,-468048.2429328103,46903.724293281026,46903.724293281026,46803.724293281026,0.0,100.0,0.0,0.0,46903.724293281026,46903.724293281026,1,0.0,100.0
7795,45285.173133903634,0.0,-452851.73133903637,0.0,10.0,0.0,-0.0,0.1,0.371496301,37.149630099999996,0.0,0.0,100.0,1.0,0.11,-11.0,-729.7927455414293,729.7927455414293,0.0,-729.7927455414293,729.7927455414293,0.0,-43925.58764282078,43925.58764282078,0.0,0.0,0.0,0.0,0.0,0.0,0.0,0.0,0.0,-452862.73133903637,-452862.73133903637,45385.173133903634,45385.173133903634,45285.173133903634,0.0,100.0,0.0,0.0,45385.173133903634,45385.173133903634,1,0.0,100.0
7796,36209.445075140386,0.0,-362094.45075140387,0.0,10.0,0.0,-0.0,0.1,0.381253155,38.1253155,0.0,0.0,100.0,1.0,0.11,-11.0,-710.0258469007525,710.0258469007525,0.0,-710.0258469007525,710.0258469007525,0.0,-34889.39338133888,34889.39338133888,0.0,0.0,0.0,0.0,0.0,0.0,0.0,0.0,0.0,-362105.45075140387,-362105.45075140387,36309.445075140386,36309.445075140386,36209.445075140386,0.0,100.0,0.0,0.0,36309.445075140386,36309.445075140386,1,0.0,100.0
7797,33779.6448326118,0.0,-337796.44832611794,0.0,10.0,0.0,-0.0,0.1,0.394346433,39.4346433,0.0,0.0,100.0,1.0,0.11,-11.0,-233.44587336772128,233.44587336772128,0.0,-233.44587336772128,233.44587336772128,0.0,-33412.75308587636,33412.75308587636,0.0,0.0,0.0,0.0,0.0,0.0,0.0,0.0,0.0,-337807.44832611794,-337807.44832611794,33879.6448326118,33879.6448326118,33779.6448326118,0.0,100.0,0.0,0.0,33879.6448326118,33879.6448326118,1,0.0,100.0
7798,21488.99162685324,0.0,-214889.9162685324,0.0,10.0,0.0,-0.0,0.1,0.401004539,40.1004539,0.0,0.0,100.0,1.0,0.11,-11.0,-233.49148960887743,233.49148960887743,0.0,-233.49148960887743,233.49148960887743,0.0,-21122.008647635485,21122.008647635485,0.0,0.0,0.0,0.0,0.0,0.0,0.0,0.0,0.0,-214900.9162685324,-214900.9162685324,21588.99162685324,21588.99162685324,21488.99162685324,0.0,100.0,0.0,0.0,21588.99162685324,21588.99162685324,1,0.0,100.0
7799,18510.269619614195,0.0,-185102.69619614194,0.0,10.0,0.0,-0.0,0.1,0.388462181,38.8462181,0.0,0.0,100.0,1.0,0.11,-11.0,-236.4196644763973,236.4196644763973,0.0,-236.4196644763973,236.4196644763973,0.0,-18137.4302906614,18137.4302906614,0.0,0.0,0.0,0.0,0.0,0.0,0.0,0.0,0.0,-185113.69619614194,-185113.69619614194,18610.269619614195,18610.269619614195,18510.269619614195,0.0,100.0,0.0,0.0,18610.269619614195,18610.269619614195,1,0.0,100.0
7800,17765.408836765917,0.0,-177654.08836765916,0.0,10.0,0.0,-0.0,0.1,0.378157916,37.8157916,0.0,0.0,100.0,1.0,0.08,-8.0,-233.46437065543296,233.46437065543296,0.0,-233.46437065543296,233.46437065543296,0.0,-17398.480095455052,17398.480095455052,0.0,0.0,0.0,0.0,0.0,0.0,0.0,0.0,0.0,-177662.08836765916,-177662.08836765916,17865.408836765917,17865.408836765917,17765.408836765917,0.0,100.0,0.0,0.0,17865.408836765917,17865.408836765917,1,0.0,100.0
7801,17765.342505643905,0.0,-177653.42505643904,0.0,10.0,0.0,-0.0,0.1,0.381541929,38.1541929,0.0,0.0,100.0,1.0,0.08,-8.0,-233.43120811740985,233.43120811740985,0.0,-233.43120811740985,233.43120811740985,0.0,-17398.480089409084,17398.480089409084,0.0,0.0,0.0,0.0,0.0,0.0,0.0,0.0,0.0,-177661.42505643904,-177661.42505643904,17865.342505643905,17865.342505643905,17765.342505643905,0.0,100.0,0.0,0.0,17865.342505643905,17865.342505643905,1,0.0,100.0
7802,17882.04519328321,0.0,-178820.4519328321,0.0,10.0,0.0,-0.0,0.1,0.388445799,38.8445799,0.0,0.0,100.0,1.0,0.08,-8.0,-233.39550444452263,233.39550444452263,0.0,-233.39550444452263,233.39550444452263,0.0,-17515.254184394165,17515.254184394165,0.0,0.0,0.0,0.0,0.0,0.0,0.0,0.0,0.0,-178828.4519328321,-178828.4519328321,17982.04519328321,17982.04519328321,17882.04519328321,0.0,100.0,0.0,0.0,17982.04519328321,17982.04519328321,1,0.0,100.0
7803,17858.7017290035,0.0,-178587.017290035,0.0,10.0,0.0,-0.0,0.1,0.393087874,39.3087874,0.0,0.0,100.0,1.0,0.08,-8.0,-233.35408974550865,233.35408974550865,0.0,-233.35408974550865,233.35408974550865,0.0,-17491.99354951248,17491.99354951248,0.0,0.0,0.0,0.0,0.0,0.0,0.0,0.0,0.0,-178595.017290035,-178595.017290035,17958.7017290035,17958.7017290035,17858.7017290035,0.0,100.0,0.0,0.0,17958.7017290035,17958.7017290035,1,0.0,100.0
7804,18623.294580173166,0.0,-186232.94580173166,0.0,10.0,0.0,-0.0,0.1,0.382892662,38.2892662,0.0,0.0,100.0,1.0,0.08,-8.0,-234.4153628464234,234.4153628464234,0.0,-234.4153628464234,234.4153628464234,0.0,-18254.46385448032,18254.46385448032,0.0,0.0,0.0,0.0,0.0,0.0,0.0,0.0,0.0,-186240.94580173166,-186240.94580173166,18723.294580173166,18723.294580173166,18623.294580173166,0.0,100.0,0.0,0.0,18723.294580173166,18723.294580173166,1,0.0,100.0
7805,21584.416085897057,0.0,-215844.16085897057,0.0,10.0,0.0,-0.0,0.1,0.364873386,36.4873386,0.0,0.0,100.0,1.0,0.11,-11.0,-234.3308853007583,234.3308853007583,0.0,-234.3308853007583,234.3308853007583,0.0,-21215.75431529554,21215.75431529554,0.0,0.0,0.0,0.0,0.0,0.0,0.0,0.0,0.0,-215855.16085897057,-215855.16085897057,21684.416085897057,21684.416085897057,21584.416085897057,0.0,100.0,0.0,0.0,21684.416085897057,21684.416085897057,1,0.0,100.0
7806,25537.784516963286,0.0,-255377.84516963287,0.0,10.0,0.0,-0.0,0.1,0.351962693,35.1962693,0.0,0.0,100.0,1.0,0.11,-11.0,-406.7188122965343,406.7188122965343,0.0,-406.7188122965343,406.7188122965343,0.0,-24824.346892370217,24824.346892370217,0.0,0.0,0.0,0.0,0.0,0.0,0.0,0.0,0.0,-255388.84516963287,-255388.84516963287,25637.784516963286,25637.784516963286,25537.784516963286,0.0,100.0,0.0,0.0,25637.784516963286,25637.784516963286,1,0.0,100.0
7807,27627.568851676442,0.0,-276275.68851676444,0.0,10.0,0.0,-0.0,0.1,0.332448945,33.2448945,0.0,0.0,100.0,1.0,0.11,-11.0,-662.2954486519186,662.2954486519186,0.0,-662.2954486519186,662.2954486519186,0.0,-30266.05500899981,30266.05500899981,0.0,0.0,2729.802919921875,2729.802919921875,0.0,0.0,1133.2741347053322,1133.2741347053322,0.0,-276286.68851676444,-276286.68851676444,31590.64590630365,31590.64590630365,31490.64590630365,0.0,100.0,0.0,0.0,31590.64590630365,27727.568851676442,1,0.0,100.0
7808,51531.78360635627,0.0,-515317.8360635627,0.0,10.0,0.0,-0.0,0.1,0.326962655,32.696265499999996,0.0,0.0,100.0,1.0,0.11,-11.0,-938.9410706169424,938.9410706169424,0.0,-938.9410706169424,938.9410706169424,0.0,-63401.54866882839,63401.54866882839,0.0,0.0,8451.17068359375,8451.17068359375,0.0,0.0,5196.476520112256,5196.476520112256,0.0,-515328.8360635627,-515328.8360635627,65279.43081006227,65279.43081006228,65179.43081006227,0.0,100.0,0.0,0.0,65279.43081006228,51631.78360635627,1,0.0,100.0
7809,42005.04232213754,0.0,-420050.4232213754,0.0,10.0,0.0,-0.0,0.1,0.3248737319999999,32.48737319999999,0.0,0.0,100.0,1.0,0.11,-11.0,-1008.015548559062,1008.015548559062,0.0,-1008.015548559062,1008.015548559062,0.0,-61181.57477760579,61181.57477760579,0.0,0.0,12938.517949218747,12938.517949218747,0.0,0.0,8154.045603367635,8154.045603367635,0.0,-420061.4232213754,-420061.4232213754,63197.60587472392,63197.605874723915,63097.60587472392,0.0,100.0,0.0,0.0,63197.605874723915,42105.04232213753,1,0.0,100.0
7810,32339.561683264532,0.0,-323395.6168326453,0.0,10.0,0.0,-0.0,0.1,0.334088611,33.408861099999996,0.0,0.0,100.0,1.0,0.11,-11.0,-1068.1453987283287,1068.1453987283287,0.0,-1068.1453987283287,1068.1453987283287,0.0,-58223.02522085925,58223.02522085925,0.0,0.0,14845.640537109375,14845.640537109375,0.0,0.0,13074.113797942004,13074.113797942004,0.0,-323406.6168326453,-323406.6168326453,60359.31601831591,60359.316018315905,60259.31601831591,0.0,100.0,0.0,0.0,60359.316018315905,32439.561683264525,1,0.0,100.0
7811,30794.35737720042,0.0,-307943.5737720042,0.0,10.0,0.0,-0.0,0.1,0.34604338,34.604338,0.0,0.0,100.0,1.0,0.11,-11.0,-1130.2085905122442,1130.2085905122442,0.0,-1130.2085905122442,1130.2085905122442,0.0,-58218.65750959677,58218.65750959677,0.0,0.0,14658.667734375,14658.667734375,0.0,0.0,14926.04957904584,14926.04957904584,0.0,-307954.5737720042,-307954.5737720042,60479.07469062126,60479.07469062126,60379.07469062126,0.0,100.0,0.0,0.0,60479.07469062126,30894.357377200417,1,0.0,100.0
7812,26774.079138060464,0.0,-267740.7913806046,0.0,10.0,0.0,-0.0,0.1,0.308012297,30.8012297,0.0,0.0,100.0,1.0,0.11,-11.0,-1147.8782616620356,1147.8782616620356,0.0,-1147.8782616620356,1147.8782616620356,0.0,-55205.19494975306,55205.19494975306,0.0,0.0,16004.8719140625,16004.8719140625,0.0,0.0,14622.000420954166,14622.000420954166,0.0,-267751.7913806046,-267751.7913806046,57500.95147307713,57500.95147307713,57400.95147307713,0.0,100.0,0.0,0.0,57500.95147307713,26874.079138060468,1,0.0,100.0
7813,40670.91725832994,0.0,-406709.17258329934,0.0,10.0,0.0,-0.0,0.1,0.299578727,29.9578727,0.0,0.0,100.0,1.0,0.11,-11.0,-1138.700718702785,1138.700718702785,0.0,-1138.700718702785,1138.700718702785,0.0,-58215.728019642505,58215.728019642505,0.0,0.0,6731.020898437499,6731.020898437499,0.0,0.0,12991.191300280638,12991.191300280638,0.0,-406720.17258329934,-406720.17258329934,60493.129457048075,60493.129457048075,60393.129457048075,0.0,100.0,0.0,0.0,60493.129457048075,40770.91725832994,1,0.0,100.0
7814,44707.84827605817,0.0,-447078.48276058165,0.0,10.0,0.0,-0.0,0.1,0.31092014,31.092014000000002,0.0,0.0,100.0,1.0,0.08,-8.0,-1070.6682148435598,1070.6682148435598,0.0,-1070.6682148435598,1070.6682148435598,0.0,-58214.895090586586,58214.895090586586,0.0,0.0,8002.43595703125,8002.43595703125,0.0,0.0,7545.947287184285,7545.947287184285,0.0,-447086.48276058165,-447086.48276058165,60356.23152027371,60356.23152027371,60256.23152027371,0.0,100.0,0.0,0.0,60356.23152027371,44807.84827605817,1,0.0,100.0
7815,50070.561309637415,0.0,-500705.61309637415,0.0,10.0,0.0,-0.0,0.1,0.320085843,32.008584299999995,0.0,0.0,100.0,1.0,0.08,-8.0,-1027.7163275668229,1027.7163275668229,0.0,-1027.7163275668229,1027.7163275668229,0.0,-58215.21689941358,58215.21689941358,0.0,0.0,3963.8234179687497,3963.8234179687497,0.0,0.0,6136.264826941067,6136.264826941067,0.0,-500713.61309637415,-500713.61309637415,60270.64955454723,60270.64955454723,60170.64955454723,0.0,100.0,0.0,0.0,60270.64955454723,50170.561309637415,1,0.0,100.0
7816,64636.35730790051,0.0,-646363.5730790051,0.0,10.0,0.0,-0.0,0.1,0.327280803,32.7280803,0.0,0.0,100.0,1.0,0.08,-8.0,-906.4543036695212,906.4543036695212,0.0,-906.4543036695212,906.4543036695212,0.0,-63752.67367717513,63752.67367717513,0.0,0.0,0.0,0.0,0.0,0.0,829.2249766136578,829.2249766136578,0.0,-646371.5730790051,-646371.5730790051,65565.58228451417,65565.58228451417,65465.58228451417,0.0,100.0,0.0,0.0,65565.58228451417,64736.35730790051,1,0.0,100.0
7817,58649.19950012491,0.0,-586491.9950012491,0.0,10.0,0.0,-0.0,0.1,0.330613831,33.0613831,0.0,0.0,100.0,1.0,0.11,-11.0,-651.3642113336274,651.3642113336274,0.0,-651.3642113336274,651.3642113336274,0.0,-57446.47107745765,57446.47107745765,0.0,0.0,0.0,0.0,0.0,0.0,0.0,0.0,0.0,-586502.9950012491,-586502.9950012491,58749.19950012491,58749.19950012491,58649.19950012491,0.0,100.0,0.0,0.0,58749.19950012491,58749.19950012491,1,0.0,100.0
7818,46572.61191460407,0.0,-465726.11914604076,0.0,10.0,0.0,-0.0,0.1,0.325586258,32.5586258,0.0,0.0,100.0,1.0,0.11,-11.0,-637.8378586549898,637.8378586549898,0.0,-637.8378586549898,637.8378586549898,0.0,-45396.93619729409,45396.93619729409,0.0,0.0,0.0,0.0,0.0,0.0,0.0,0.0,0.0,-465737.11914604076,-465737.11914604076,46672.61191460407,46672.61191460407,46572.61191460407,0.0,100.0,0.0,0.0,46672.61191460407,46672.61191460407,1,0.0,100.0
7819,45090.1629150449,0.0,-450901.629150449,0.0,10.0,0.0,-0.0,0.1,0.315053523,31.5053523,0.0,0.0,100.0,1.0,0.11,-11.0,-635.0145679448623,635.0145679448623,0.0,-635.0145679448623,635.0145679448623,0.0,-43920.13377915518,43920.13377915518,0.0,0.0,0.0,0.0,0.0,0.0,0.0,0.0,0.0,-450912.629150449,-450912.629150449,45190.1629150449,45190.1629150449,45090.1629150449,0.0,100.0,0.0,0.0,45190.1629150449,45190.1629150449,1,0.0,100.0
7820,36058.733506105,0.0,-360587.33506105,0.0,10.0,0.0,-0.0,0.1,0.301565254,30.1565254,0.0,0.0,100.0,1.0,0.11,-11.0,-637.6575452782756,637.6575452782756,0.0,-637.6575452782756,637.6575452782756,0.0,-34883.418415548455,34883.418415548455,0.0,0.0,0.0,0.0,0.0,0.0,0.0,0.0,0.0,-360598.33506105,-360598.33506105,36158.733506105,36158.733506105,36058.733506105,0.0,100.0,0.0,0.0,36158.733506105,36158.733506105,1,0.0,100.0
7821,33774.26877423155,0.0,-337742.68774231547,0.0,10.0,0.0,-0.0,0.1,0.310175548,31.017554800000003,0.0,0.0,100.0,1.0,0.11,-11.0,-233.8465577657761,233.8465577657761,0.0,-233.8465577657761,233.8465577657761,0.0,-33406.57565869999,33406.57565869999,0.0,0.0,0.0,0.0,0.0,0.0,0.0,0.0,0.0,-337753.68774231547,-337753.68774231547,33874.26877423155,33874.26877423155,33774.26877423155,0.0,100.0,0.0,0.0,33874.26877423155,33874.26877423155,1,0.0,100.0
7822,21488.428572961802,0.0,-214884.28572961802,0.0,10.0,0.0,-0.0,0.1,0.338652746,33.8652746,0.0,0.0,100.0,1.0,0.11,-11.0,-233.2098719736167,233.2098719736167,0.0,-233.2098719736167,233.2098719736167,0.0,-21122.00882901457,21122.00882901457,0.0,0.0,0.0,0.0,0.0,0.0,0.0,0.0,0.0,-214895.28572961802,-214895.28572961802,21588.428572961802,21588.428572961802,21488.428572961802,0.0,100.0,0.0,0.0,21588.428572961802,21588.428572961802,1,0.0,100.0
7823,18509.797999464023,0.0,-185097.97999464022,0.0,10.0,0.0,-0.0,0.1,0.338893662,33.8893662,0.0,0.0,100.0,1.0,0.11,-11.0,-236.18376371176893,236.18376371176893,0.0,-236.18376371176893,236.18376371176893,0.0,-18137.430472040483,18137.430472040483,0.0,0.0,0.0,0.0,0.0,0.0,0.0,0.0,0.0,-185108.97999464022,-185108.97999464022,18609.797999464023,18609.797999464023,18509.797999464023,0.0,100.0,0.0,0.0,18609.797999464023,18609.797999464023,1,0.0,100.0
7824,14751.553237217116,0.0,-147515.53237217118,0.0,10.0,0.0,-0.0,0.1,0.34469746,34.469746,0.0,0.0,100.0,1.0,0.08,-8.0,-233.2287424481468,233.2287424481468,0.0,-233.2287424481468,233.2287424481468,0.0,-14385.095752320824,14385.095752320824,0.0,0.0,0.0,0.0,0.0,0.0,0.0,0.0,0.0,-147523.53237217118,-147523.53237217118,14851.553237217116,14851.553237217116,14751.553237217116,0.0,100.0,0.0,0.0,14851.553237217116,14851.553237217116,1,0.0,100.0
7825,14774.820929582449,0.0,-147748.2092958245,0.0,10.0,0.0,-0.0,0.1,0.351573164,35.1573164,0.0,0.0,100.0,1.0,0.08,-8.0,-233.18632484355487,233.18632484355487,0.0,-233.18632484355487,233.18632484355487,0.0,-14408.44827989534,14408.44827989534,0.0,0.0,0.0,0.0,0.0,0.0,0.0,0.0,0.0,-147756.2092958245,-147756.2092958245,14874.820929582449,14874.820929582449,14774.820929582449,0.0,100.0,0.0,0.0,14874.820929582449,14874.820929582449,1,0.0,100.0
7826,14868.189507096626,0.0,-148681.89507096625,0.0,10.0,0.0,-0.0,0.1,0.354763051,35.4763051,0.0,0.0,100.0,1.0,0.08,-8.0,-233.1555946936147,233.1555946936147,0.0,-233.1555946936147,233.1555946936147,0.0,-14501.878317709396,14501.878317709396,0.0,0.0,0.0,0.0,0.0,0.0,0.0,0.0,0.0,-148689.89507096625,-148689.89507096625,14968.189507096626,14968.189507096626,14868.189507096626,0.0,100.0,0.0,0.0,14968.189507096626,14968.189507096626,1,0.0,100.0
7827,14844.956541099167,0.0,-148449.56541099166,0.0,10.0,0.0,-0.0,0.1,0.355428547,35.5428547,0.0,0.0,100.0,1.0,0.08,-8.0,-233.14039336644296,233.14039336644296,0.0,-233.14039336644296,233.14039336644296,0.0,-14478.67575436628,14478.67575436628,0.0,0.0,0.0,0.0,0.0,0.0,0.0,0.0,0.0,-148457.56541099166,-148457.56541099166,14944.956541099167,14944.956541099167,14844.956541099167,0.0,100.0,0.0,0.0,14944.956541099167,14944.956541099167,1,0.0,100.0
7828,15609.438132294137,0.0,-156094.38132294136,0.0,10.0,0.0,-0.0,0.1,0.340003416,34.0003416,0.0,0.0,100.0,1.0,0.08,-8.0,-234.17612122502723,234.17612122502723,0.0,-234.17612122502723,234.17612122502723,0.0,-15241.085889844082,15241.085889844082,0.0,0.0,0.0,0.0,0.0,0.0,0.0,0.0,0.0,-156102.38132294136,-156102.38132294136,15709.438132294137,15709.438132294137,15609.438132294137,0.0,100.0,0.0,0.0,15709.438132294137,15709.438132294137,1,0.0,100.0
7829,17064.029969413667,0.0,-170640.29969413666,0.0,10.0,0.0,-0.0,0.1,0.314956799,31.495679900000003,0.0,0.0,100.0,1.0,0.11,-11.0,-234.09669327066163,234.09669327066163,0.0,-234.09669327066163,234.09669327066163,0.0,-16695.836582872344,16695.836582872344,0.0,0.0,0.0,0.0,0.0,0.0,0.0,0.0,0.0,-170651.29969413666,-170651.29969413666,17164.029969413667,17164.029969413667,17064.029969413667,0.0,100.0,0.0,0.0,17164.029969413667,17164.029969413667,1,0.0,100.0
7830,18998.096846444736,0.0,-189980.96846444736,0.0,10.0,0.0,-0.0,0.1,0.307982935,30.7982935,0.0,0.0,100.0,1.0,0.11,-11.0,-228.1068899377073,228.1068899377073,0.0,-228.1068899377073,228.1068899377073,0.0,-18641.88306656932,18641.88306656932,0.0,0.0,0.0,0.0,0.0,0.0,0.0,0.0,0.0,-189991.96846444736,-189991.96846444736,19098.096846444736,19098.096846444736,18998.096846444736,0.0,100.0,0.0,0.0,19098.096846444736,19098.096846444736,1,0.0,100.0
7831,15425.520076917202,0.0,-154255.20076917202,0.0,10.0,0.0,-0.0,0.1,0.290951228,29.095122800000002,0.0,0.0,100.0,1.0,0.11,-11.0,-197.88150791054773,197.88150791054773,0.0,-197.88150791054773,197.88150791054773,0.0,-18030.32926949765,18030.32926949765,0.0,0.0,1794.93890625,1794.93890625,0.0,0.0,1105.6333021515436,1105.6333021515436,0.0,-154266.20076917202,-154266.20076917202,18426.092285318744,18426.092285318748,18326.092285318744,0.0,100.0,0.0,0.0,18426.092285318748,15525.520076917204,1,0.0,100.0
7832,4973.35679835165,0.0,-49733.56798351649,0.0,10.0,0.0,-0.0,0.1,0.279582973,27.9582973,0.0,0.0,100.0,1.0,0.11,-11.0,-197.93258442005487,197.93258442005487,0.0,-197.93258442005487,197.93258442005487,0.0,-18053.62318139633,18053.62318139633,0.0,0.0,8152.01419921875,8152.01419921875,0.0,0.0,5224.117352666044,5224.117352666044,0.0,-49744.56798351649,-49744.56798351649,18449.488350236443,18449.488350236443,18349.488350236443,0.0,100.0,0.0,0.0,18449.488350236443,5073.356798351648,1,0.0,100.0
7833,0.0,0.0,-0.0,55.55555555555556,10.0,0.0,-0.0,0.1,0.2703609939999999,0.0,0.0,100.0,0.0,1.0,0.11,0.0,-198.04560504592183,198.04560504592183,0.0,-198.04560504592183,198.04560504592183,0.0,-15813.398949630771,15813.398949630771,0.0,0.0,10470.476953125,10470.476953125,0.0,3420.391808473587,9314.960570626756,5894.568762153169,0.0,0.0,0.0,16365.04571527817,16365.04571527817,16365.04571527817,0.0,0.0,155.55555555555475,0.0,16209.490159722614,-3575.9473640291417,1,-55.55555555555556,-100.0
7834,0.0,0.0,-0.0,44.44444444444444,60.0,0.0,-0.0,0.6,0.247346497,0.0,0.0,100.0,0.0,1.0,0.11,0.0,-198.06146228480617,198.06146228480617,0.0,-198.06146228480617,198.06146228480617,0.0,-12880.798543507504,12880.798543507504,0.0,1312.0909429471885,14733.45685546875,13421.365912521562,0.0,11581.50884003742,11581.50884003742,0.0,0.0,0.0,0.0,13421.365912521562,13421.365912521562,13421.365912521562,0.0,0.0,144.44444444444525,0.0,13276.921468077117,-13038.044227429056,1,-44.44444444444444,-100.0
7835,0.0,0.0,-0.0,0.0,100.0,-0.0,-0.0,1.0,0.262026084,0.0,0.0,100.0,0.0,1.0,0.11,0.0,-200.9137341167099,200.9137341167099,0.0,-200.9137341167099,200.9137341167099,0.0,-12857.499123730464,12857.499123730464,0.0,4664.8515916298675,18024.17818359375,13359.326591963883,0.0,12659.501309635174,12659.501309635174,0.0,0.0,0.0,0.0,13359.326591963883,13359.326591963883,13359.326591963883,0.0,0.0,100.0,0.0,13259.326591963883,-17424.352901265043,1,-0.0,-100.0
7836,0.0,0.0,-0.0,0.0,100.0,-0.0,-0.0,1.0,0.260787762,0.0,0.0,100.0,0.0,1.0,0.11,0.0,-198.0938990353474,198.0938990353474,0.0,-198.0938990353474,198.0938990353474,0.0,-12880.744613458157,12880.744613458157,0.0,4048.9328033148995,17425.86521484375,13376.932411528851,0.0,13267.599625818524,13267.599625818524,0.0,0.0,0.0,0.0,13376.932411528851,13376.932411528851,13376.932411528851,0.0,0.0,100.0,0.0,13276.932411528851,-17416.532429133422,1,-0.0,-100.0
7837,0.0,0.0,-0.0,0.0,100.0,-0.0,-0.0,1.0,0.273221807,0.0,0.0,100.0,0.0,1.0,0.11,0.0,-198.3184313051981,198.3184313051981,0.0,-198.3184313051981,198.3184313051981,0.0,-12857.502515519443,12857.502515519443,0.0,369.66434257328547,13723.803720703125,13354.13937812984,0.0,11277.459681945746,11277.459681945746,0.0,0.0,0.0,0.0,13354.13937812984,13354.13937812984,13354.13937812984,0.0,0.0,100.0,0.0,13254.13937812984,-11747.124024519031,1,-0.0,-100.0
7838,0.0,0.0,-0.0,0.0,100.0,-0.0,-0.0,1.0,0.304144515,0.0,0.0,100.0,0.0,1.0,0.08,0.0,-198.3871820328009,198.3871820328009,0.0,-198.3871820328009,198.3871820328009,0.0,-12880.79952900056,12880.79952900056,0.0,0.0,8825.1162890625,8825.1162890625,0.0,4292.608813208686,8845.066417212349,4552.457604003663,0.0,0.0,0.0,13377.573893066163,13377.573893066163,13377.573893066163,0.0,0.0,100.0,0.0,13277.573893066163,-4392.608813208686,1,-0.0,-100.0
7839,3516.1291556076703,0.0,-35161.2915560767,0.0,100.0,45.0,-0.0,1.0,0.327089847,32.7089847,0.0,0.0,100.0,1.0,0.08,-8.0,-233.17509957318345,233.17509957318345,0.0,-233.17509957318345,233.17509957318345,0.0,-12857.506554227177,12857.506554227177,0.0,0.0,3664.66693359375,3664.66693359375,0.0,0.0,5998.060664172124,5998.060664172124,0.0,-35169.2915560767,-35169.2915560767,13323.856753373544,13323.856753373544,13178.856753373544,0.0,145.0,0.0,0.0,13323.856753373544,3661.1291556076703,1,45.0,100.0
7840,17877.46720573223,0.0,-178774.6720573223,0.0,50.0,36.0,-0.0,0.5,0.3492472689999999,34.92472689999999,0.0,0.0,100.0,1.0,0.08,-8.0,-197.76278236745355,197.76278236745355,0.0,-197.76278236745355,197.76278236745355,0.0,-18419.525785057194,18419.525785057194,0.0,0.0,0.0,0.0,0.0,0.0,801.5841440598691,801.5841440598691,0.0,-178782.6720573223,-178782.6720573223,18815.051349792102,18815.051349792102,18679.051349792102,0.0,136.0,0.0,0.0,18815.051349792102,18013.46720573223,1,36.0,100.0
7841,21484.506587243977,0.0,-214845.06587243977,0.0,10.0,0.0,-0.0,0.1,0.355200762,35.5200762,0.0,0.0,100.0,1.0,0.11,-11.0,-227.4187573363052,227.4187573363052,0.0,-227.4187573363052,227.4187573363052,0.0,-21129.669072571367,21129.669072571367,0.0,0.0,0.0,0.0,0.0,0.0,0.0,0.0,0.0,-214856.06587243977,-214856.06587243977,21584.506587243977,21584.506587243977,21484.506587243977,0.0,100.0,0.0,0.0,21584.506587243977,21584.506587243977,1,0.0,100.0
7842,21519.60460581296,0.0,-215196.0460581296,0.0,10.0,0.0,-0.0,0.1,0.353240167,35.3240167,0.0,0.0,100.0,1.0,0.11,-11.0,-233.2165932694744,233.2165932694744,0.0,-233.2165932694744,233.2165932694744,0.0,-21153.17141927401,21153.17141927401,0.0,0.0,0.0,0.0,0.0,0.0,0.0,0.0,0.0,-215207.0460581296,-215207.0460581296,21619.60460581296,21619.60460581296,21519.60460581296,0.0,100.0,0.0,0.0,21619.60460581296,21619.60460581296,1,0.0,100.0
7843,20020.061386513506,0.0,-200200.61386513506,0.0,10.0,0.0,-0.0,0.1,0.3483602839999999,34.83602839999999,0.0,0.0,100.0,1.0,0.11,-11.0,-234.0207048359765,234.0207048359765,0.0,-234.0207048359765,234.0207048359765,0.0,-19652.01997684155,19652.01997684155,0.0,0.0,0.0,0.0,0.0,0.0,0.0,0.0,0.0,-200211.61386513506,-200211.61386513506,20120.061386513506,20120.061386513506,20020.061386513506,0.0,100.0,0.0,0.0,20120.061386513506,20120.061386513506,1,0.0,100.0
7844,20043.243018813388,0.0,-200432.43018813388,0.0,10.0,0.0,-0.0,0.1,0.342565835,34.2565835,0.0,0.0,100.0,1.0,0.11,-11.0,-233.85697398352733,233.85697398352733,0.0,-233.85697398352733,233.85697398352733,0.0,-19675.529070846333,19675.529070846333,0.0,0.0,0.0,0.0,0.0,0.0,0.0,0.0,0.0,-200443.43018813388,-200443.43018813388,20143.243018813388,20143.243018813388,20043.243018813388,0.0,100.0,0.0,0.0,20143.243018813388,20143.243018813388,1,0.0,100.0
7845,18540.88248722851,0.0,-185408.82487228513,0.0,10.0,0.0,-0.0,0.1,0.339369487,33.9369487,0.0,0.0,100.0,1.0,0.11,-11.0,-233.257879848964,233.257879848964,0.0,-233.257879848964,233.257879848964,0.0,-18174.36672753058,18174.36672753058,0.0,0.0,0.0,0.0,0.0,0.0,0.0,0.0,0.0,-185419.82487228513,-185419.82487228513,18640.88248722851,18640.88248722851,18540.88248722851,0.0,100.0,0.0,0.0,18640.88248722851,18640.88248722851,1,0.0,100.0
7846,17084.91788156575,0.0,-170849.1788156575,0.0,10.0,0.0,-0.0,0.1,0.339247841,33.9247841,0.0,0.0,100.0,1.0,0.11,-11.0,-232.5345597766903,232.5345597766903,0.0,-232.5345597766903,232.5345597766903,0.0,-16719.84876201237,16719.84876201237,0.0,0.0,0.0,0.0,0.0,0.0,0.0,0.0,0.0,-170860.1788156575,-170860.1788156575,17184.91788156575,17184.91788156575,17084.91788156575,0.0,100.0,0.0,0.0,17184.91788156575,17184.91788156575,1,0.0,100.0
7847,15589.352010368875,0.0,-155893.52010368876,0.0,10.0,0.0,-0.0,0.1,0.335884527,33.5884527,0.0,0.0,100.0,1.0,0.11,-11.0,-235.3859913001656,235.3859913001656,0.0,-235.3859913001656,235.3859913001656,0.0,-15218.580027768545,15218.580027768545,0.0,0.0,0.0,0.0,0.0,0.0,0.0,0.0,0.0,-155904.52010368876,-155904.52010368876,15689.352010368875,15689.352010368875,15589.352010368875,0.0,100.0,0.0,0.0,15689.352010368875,15689.352010368875,1,0.0,100.0
7848,17881.197219775982,0.0,-178811.97219775984,0.0,10.0,0.0,-0.0,0.1,0.343985176,34.3985176,0.0,0.0,100.0,1.0,0.08,-8.0,-232.42857752367496,232.42857752367496,0.0,-232.42857752367496,232.42857752367496,0.0,-17516.340064728633,17516.340064728633,0.0,0.0,0.0,0.0,0.0,0.0,0.0,0.0,0.0,-178819.97219775984,-178819.97219775984,17981.197219775982,17981.197219775982,17881.197219775982,0.0,100.0,0.0,0.0,17981.197219775982,17981.197219775982,1,0.0,100.0
7849,17857.692721512052,0.0,-178576.92721512052,0.0,10.0,0.0,-0.0,0.1,0.34397659,34.397659000000004,0.0,0.0,100.0,1.0,0.08,-8.0,-232.390929672571,232.390929672571,0.0,-232.390929672571,232.390929672571,0.0,-17492.91086216691,17492.91086216691,0.0,0.0,0.0,0.0,0.0,0.0,0.0,0.0,0.0,-178584.92721512052,-178584.92721512052,17957.692721512052,17957.692721512052,17857.692721512052,0.0,100.0,0.0,0.0,17957.692721512052,17957.692721512052,1,0.0,100.0
7850,17880.959952621648,0.0,-178809.59952621648,0.0,10.0,0.0,-0.0,0.1,0.347420299,34.7420299,0.0,0.0,100.0,1.0,0.08,-8.0,-232.32800930384585,232.32800930384585,0.0,-232.32800930384585,232.32800930384585,0.0,-17516.303934013955,17516.303934013955,0.0,0.0,0.0,0.0,0.0,0.0,0.0,0.0,0.0,-178817.59952621648,-178817.59952621648,17980.959952621648,17980.959952621648,17880.959952621648,0.0,100.0,0.0,0.0,17980.959952621648,17980.959952621648,1,0.0,100.0
7851,17857.308518629172,0.0,-178573.08518629172,0.0,10.0,0.0,-0.0,0.1,0.33161575,33.161575,0.0,0.0,100.0,1.0,0.08,-8.0,-232.2823321410609,232.2823321410609,0.0,-232.2823321410609,232.2823321410609,0.0,-17492.74385434705,17492.74385434705,0.0,0.0,0.0,0.0,0.0,0.0,0.0,0.0,0.0,-178581.08518629172,-178581.08518629172,17957.308518629172,17957.308518629172,17857.308518629172,0.0,100.0,0.0,0.0,17957.308518629172,17957.308518629172,1,0.0,100.0
7852,18628.52129645369,0.0,-186285.2129645369,0.0,10.0,0.0,-0.0,0.1,0.300668189,30.066818899999998,0.0,0.0,100.0,1.0,0.08,-8.0,-236.6980789980235,236.6980789980235,0.0,-236.6980789980235,236.6980789980235,0.0,-18255.125138457643,18255.125138457643,0.0,0.0,0.0,0.0,0.0,0.0,0.0,0.0,0.0,-186293.2129645369,-186293.2129645369,18728.52129645369,18728.52129645369,18628.52129645369,0.0,100.0,0.0,0.0,18728.52129645369,18728.52129645369,1,0.0,100.0
7853,21588.155017476518,0.0,-215881.55017476517,0.0,10.0,0.0,-0.0,0.1,0.285840562,28.584056200000003,0.0,0.0,100.0,1.0,0.11,-11.0,-235.9644494463744,235.9644494463744,0.0,-235.9644494463744,235.9644494463744,0.0,-21216.22611858377,21216.22611858377,0.0,0.0,0.0,0.0,0.0,0.0,0.0,0.0,0.0,-215892.55017476517,-215892.55017476517,21688.155017476518,21688.155017476518,21588.155017476518,0.0,100.0,0.0,0.0,21688.155017476518,21688.155017476518,1,0.0,100.0
7854,25271.011770602847,0.0,-252710.11770602845,0.0,10.0,0.0,-0.0,0.1,0.268612016,26.8612016,0.0,0.0,100.0,1.0,0.11,-11.0,-267.13688007694395,267.13688007694395,0.0,-267.13688007694395,267.13688007694395,0.0,-24836.73801044896,24836.73801044896,0.0,0.0,0.0,0.0,0.0,0.0,0.0,0.0,0.0,-252721.11770602845,-252721.11770602845,25371.011770602847,25371.011770602847,25271.011770602847,0.0,100.0,0.0,0.0,25371.011770602847,25371.011770602847,1,0.0,100.0
7855,27663.645216577035,0.0,-276636.45216577034,0.0,10.0,0.0,-0.0,0.1,0.260417648,26.0417648,0.0,0.0,100.0,1.0,0.11,-11.0,-505.165161375635,505.165161375635,0.0,-505.165161375635,505.165161375635,0.0,-30252.20007097731,30252.20007097731,0.0,0.0,2393.251875,2393.251875,0.0,0.0,1105.6333021515436,1105.6333021515436,0.0,-276647.45216577034,-276647.45216577034,31262.53039372858,31262.53039372858,31162.53039372858,0.0,100.0,0.0,0.0,31262.53039372858,27763.645216577035,1,0.0,100.0
7856,51362.15062818418,0.0,-513621.5062818418,0.0,10.0,0.0,-0.0,0.1,0.25787635,25.787634999999998,0.0,0.0,100.0,1.0,0.11,-11.0,-697.6502025336079,697.6502025336079,0.0,-697.6502025336079,697.6502025336079,0.0,-63379.59835276682,63379.59835276682,0.0,0.0,7591.095791015625,7591.095791015625,0.0,0.0,5721.652338634239,5721.652338634239,0.0,-513632.5062818418,-513632.5062818418,64774.898757834046,64774.89875783404,64674.898757834046,0.0,100.0,0.0,0.0,64774.89875783404,51462.15062818417,1,0.0,100.0
7857,40234.655480822315,0.0,-402346.55480822315,0.0,10.0,0.0,-0.0,0.1,0.263696956,26.3696956,0.0,0.0,100.0,1.0,0.11,-11.0,-739.1980994085743,739.1980994085743,0.0,-739.1980994085743,739.1980994085743,0.0,-61158.53806125636,61158.53806125636,0.0,0.0,12489.78322265625,12489.78322265625,0.0,0.0,9812.49555659495,9812.49555659495,0.0,-402357.55480822315,-402357.55480822315,62636.93426007351,62636.93426007351,62536.93426007351,0.0,100.0,0.0,0.0,62636.93426007351,40334.655480822315,1,0.0,100.0
7858,35433.24954060522,0.0,-354332.4954060522,0.0,10.0,0.0,-0.0,0.1,0.2582640089999999,25.82640089999999,0.0,0.0,100.0,1.0,0.11,-11.0,-802.1554499892576,802.1554499892576,0.0,-802.1554499892576,802.1554499892576,0.0,-58200.19793689877,58200.19793689877,0.0,0.0,12938.517949218747,12938.517949218747,0.0,0.0,11332.741347053325,11332.741347053325,0.0,-354343.4954060522,-354343.4954060522,59804.50883687729,59804.508836877285,59704.50883687729,0.0,100.0,0.0,0.0,59804.508836877285,35533.24954060521,1,0.0,100.0
7859,31554.92513533601,0.0,-315549.2513533601,0.0,10.0,0.0,-0.0,0.1,0.255168756,25.5168756,0.0,0.0,100.0,1.0,0.11,-11.0,-864.3851645182618,864.3851645182618,0.0,-864.3851645182618,864.3851645182618,0.0,-58198.69531996771,58198.69531996771,0.0,0.0,15668.320869140623,15668.320869140623,0.0,0.0,12604.2196445276,12604.2196445276,0.0,-315560.2513533601,-315560.2513533601,59927.46564900423,59927.46564900423,59827.46564900423,0.0,100.0,0.0,0.0,59927.46564900423,31654.92513533601,1,0.0,100.0
7860,29337.17517207514,0.0,-293371.7517207514,0.0,10.0,0.0,-0.0,0.1,0.297946657,29.7946657,0.0,0.0,100.0,1.0,0.11,-11.0,-917.0623207839544,917.0623207839544,0.0,-917.0623207839544,917.0623207839544,0.0,-55186.22220119648,55186.22220119648,0.0,0.0,15144.797021484375,15144.797021484375,0.0,0.0,12438.374649204869,12438.374649204869,0.0,-293382.7517207514,-293382.7517207514,57020.34684276438,57020.34684276438,56920.34684276438,0.0,100.0,0.0,0.0,57020.34684276438,29437.175172075138,1,0.0,100.0
7861,37146.034167752325,0.0,-371460.3416775232,0.0,10.0,0.0,-0.0,0.1,0.319270841,31.927084100000002,0.0,0.0,100.0,1.0,0.11,-11.0,-930.3588528940984,930.3588528940984,0.0,-930.3588528940984,930.3588528940984,0.0,-58960.7571289956,58960.7571289956,0.0,0.0,11330.551845703125,11330.551845703125,0.0,0.0,12244.888821328346,12244.888821328346,0.0,-371471.3416775232,-371471.3416775232,60821.474834783796,60821.4748347838,60721.474834783796,0.0,100.0,0.0,0.0,60821.4748347838,37246.03416775233,1,0.0,100.0
7862,42836.53730846477,0.0,-428365.3730846477,0.0,10.0,0.0,-0.0,0.1,0.315536914,31.5536914,0.0,0.0,100.0,1.0,0.08,-8.0,-963.704949123827,963.704949123827,0.0,-963.704949123827,963.704949123827,0.0,-58198.041883659,58198.041883659,0.0,0.0,8675.538046874999,8675.538046874999,0.0,0.0,8513.376426566887,8513.376426566887,0.0,-428373.3730846477,-428373.3730846477,60125.45178190666,60125.45178190666,60025.45178190666,0.0,100.0,0.0,0.0,60125.45178190666,42936.53730846477,1,0.0,100.0
7863,50373.643769202085,0.0,-503736.43769202085,0.0,10.0,0.0,-0.0,0.1,0.280194981,28.0194981,0.0,0.0,100.0,1.0,0.08,-8.0,-967.6918458735288,967.6918458735288,0.0,-967.6918458735288,967.6918458735288,0.0,-58197.71535292971,58197.71535292971,0.0,0.0,4076.007099609375,4076.007099609375,0.0,0.0,5583.448175865296,5583.448175865296,0.0,-503744.43769202085,-503744.43769202085,60133.099044676754,60133.09904467676,60033.099044676754,0.0,100.0,0.0,0.0,60133.09904467676,50473.64376920209,1,0.0,100.0
7864,64641.91696437169,0.0,-646419.1696437169,0.0,10.0,0.0,-0.0,0.1,0.268528958,26.8528958,0.0,0.0,100.0,1.0,0.08,-8.0,-889.946985398052,889.946985398052,0.0,-889.946985398052,889.946985398052,0.0,-63735.96630508167,63735.96630508167,0.0,0.0,0.0,0.0,0.0,0.0,773.9433115060806,773.9433115060806,0.0,-646427.1696437169,-646427.1696437169,65515.86027587777,65515.86027587777,65415.86027587777,0.0,100.0,0.0,0.0,65515.86027587777,64741.91696437169,1,0.0,100.0
7865,58651.29347503836,0.0,-586512.9347503836,0.0,10.0,0.0,-0.0,0.1,0.264147008,26.414700800000002,0.0,0.0,100.0,1.0,0.11,-11.0,-660.4327313560101,660.4327313560101,0.0,-660.4327313560101,660.4327313560101,0.0,-57430.42801232634,57430.42801232634,0.0,0.0,0.0,0.0,0.0,0.0,0.0,0.0,0.0,-586523.9347503836,-586523.9347503836,58751.29347503836,58751.29347503836,58651.29347503836,0.0,100.0,0.0,0.0,58751.29347503836,58751.29347503836,1,0.0,100.0
7866,46565.64125736469,0.0,-465656.41257364687,0.0,10.0,0.0,-0.0,0.1,0.254559076,25.4559076,0.0,0.0,100.0,1.0,0.11,-11.0,-643.0189892073756,643.0189892073756,0.0,-643.0189892073756,643.0189892073756,0.0,-45379.60327894994,45379.60327894994,0.0,0.0,0.0,0.0,0.0,0.0,0.0,0.0,0.0,-465667.41257364687,-465667.41257364687,46665.64125736469,46665.64125736469,46565.64125736469,0.0,100.0,0.0,0.0,46665.64125736469,46665.64125736469,1,0.0,100.0
7867,45075.4047837458,0.0,-450754.04783745797,0.0,10.0,0.0,-0.0,0.1,0.252086102,25.2086102,0.0,0.0,100.0,1.0,0.11,-11.0,-636.7641818937086,636.7641818937086,0.0,-636.7641818937086,636.7641818937086,0.0,-43901.87641995838,43901.87641995838,0.0,0.0,0.0,0.0,0.0,0.0,0.0,0.0,0.0,-450765.04783745797,-450765.04783745797,45175.4047837458,45175.4047837458,45075.4047837458,0.0,100.0,0.0,0.0,45175.4047837458,45175.4047837458,1,0.0,100.0
7868,36033.166807582835,0.0,-360331.66807582835,0.0,10.0,0.0,-0.0,0.1,0.25569735,25.569734999999998,0.0,0.0,100.0,1.0,0.11,-11.0,-634.4411267952079,634.4411267952079,0.0,-634.4411267952079,634.4411267952079,0.0,-34864.28455399242,34864.28455399242,0.0,0.0,0.0,0.0,0.0,0.0,0.0,0.0,0.0,-360342.66807582835,-360342.66807582835,36133.166807582835,36133.166807582835,36033.166807582835,0.0,100.0,0.0,0.0,36133.166807582835,36133.166807582835,1,0.0,100.0
7869,33752.67248183611,0.0,-337526.7248183611,0.0,10.0,0.0,-0.0,0.1,0.261105629,26.1105629,0.0,0.0,100.0,1.0,0.11,-11.0,-233.03759891297133,233.03759891297133,0.0,-233.03759891297133,233.03759891297133,0.0,-33386.59728401017,33386.59728401017,0.0,0.0,0.0,0.0,0.0,0.0,0.0,0.0,0.0,-337537.7248183611,-337537.7248183611,33852.67248183611,33852.67248183611,33752.67248183611,0.0,100.0,0.0,0.0,33852.67248183611,33852.67248183611,1,0.0,100.0
7870,21488.316706699392,0.0,-214883.16706699392,0.0,10.0,0.0,-0.0,0.1,0.298766863,29.8766863,0.0,0.0,100.0,1.0,0.11,-11.0,-233.15376955525647,233.15376955525647,0.0,-233.15376955525647,233.15376955525647,0.0,-21122.00916758888,21122.00916758888,0.0,0.0,0.0,0.0,0.0,0.0,0.0,0.0,0.0,-214894.16706699392,-214894.16706699392,21588.316706699392,21588.316706699392,21488.316706699392,0.0,100.0,0.0,0.0,21588.316706699392,21588.316706699392,1,0.0,100.0
7871,18509.82210123933,0.0,-185098.2210123933,0.0,10.0,0.0,-0.0,0.1,0.323720212,32.3720212,0.0,0.0,100.0,1.0,0.11,-11.0,-236.1956453122708,236.1956453122708,0.0,-236.1956453122708,236.1956453122708,0.0,-18137.430810614787,18137.430810614787,0.0,0.0,0.0,0.0,0.0,0.0,0.0,0.0,0.0,-185109.2210123933,-185109.2210123933,18609.82210123933,18609.82210123933,18509.82210123933,0.0,100.0,0.0,0.0,18609.82210123933,18609.82210123933,1,0.0,100.0
7872,14751.512253045375,0.0,-147515.12253045375,0.0,10.0,0.0,-0.0,0.1,0.3288382,32.88382,0.0,0.0,100.0,1.0,0.08,-8.0,-233.1934377366132,233.1934377366132,0.0,-233.1934377366132,233.1934377366132,0.0,-14385.125377572149,14385.125377572149,0.0,0.0,0.0,0.0,0.0,0.0,0.0,0.0,0.0,-147523.12253045375,-147523.12253045375,14851.512253045375,14851.512253045375,14751.512253045375,0.0,100.0,0.0,0.0,14851.512253045375,14851.512253045375,1,0.0,100.0
7873,14751.42069731491,0.0,-147514.2069731491,0.0,10.0,0.0,-0.0,0.1,0.333332231,33.3332231,0.0,0.0,100.0,1.0,0.08,-8.0,-233.1476689403343,233.1476689403343,0.0,-233.1476689403343,233.1476689403343,0.0,-14385.125359434242,14385.125359434242,0.0,0.0,0.0,0.0,0.0,0.0,0.0,0.0,0.0,-147522.2069731491,-147522.2069731491,14851.42069731491,14851.42069731491,14751.42069731491,0.0,100.0,0.0,0.0,14851.42069731491,14851.42069731491,1,0.0,100.0
7874,14751.435597067633,0.0,-147514.35597067635,0.0,10.0,0.0,-0.0,0.1,0.336593686,33.6593686,0.0,0.0,100.0,1.0,0.08,-8.0,-233.15512183968104,233.15512183968104,0.0,-233.15512183968104,233.15512183968104,0.0,-14385.125353388272,14385.125353388272,0.0,0.0,0.0,0.0,0.0,0.0,0.0,0.0,0.0,-147522.35597067635,-147522.35597067635,14851.435597067633,14851.435597067633,14751.435597067633,0.0,100.0,0.0,0.0,14851.435597067633,14851.435597067633,1,0.0,100.0
7875,14751.50188040634,0.0,-147515.0188040634,0.0,10.0,0.0,-0.0,0.1,0.3474601029999999,34.74601029999999,0.0,0.0,100.0,1.0,0.08,-8.0,-233.1882604860489,233.1882604860489,0.0,-233.1882604860489,233.1882604860489,0.0,-14385.125359434242,14385.125359434242,0.0,0.0,0.0,0.0,0.0,0.0,0.0,0.0,0.0,-147523.0188040634,-147523.0188040634,14851.50188040634,14851.50188040634,14751.50188040634,0.0,100.0,0.0,0.0,14851.50188040634,14851.50188040634,1,0.0,100.0
7876,15492.738142511776,0.0,-154927.38142511775,0.0,10.0,0.0,-0.0,0.1,0.358271381,35.8271381,0.0,0.0,100.0,1.0,0.08,-8.0,-234.3312062690377,234.3312062690377,0.0,-234.3312062690377,234.3312062690377,0.0,-15124.075729973702,15124.075729973702,0.0,0.0,0.0,0.0,0.0,0.0,0.0,0.0,0.0,-154935.38142511775,-154935.38142511775,15592.738142511776,15592.738142511776,15492.738142511776,0.0,100.0,0.0,0.0,15592.738142511776,15592.738142511776,1,0.0,100.0
7877,16993.954263068117,0.0,-169939.5426306812,0.0,10.0,0.0,-0.0,0.1,0.361591322,36.1591322,0.0,0.0,100.0,1.0,0.11,-11.0,-234.2664289203612,234.2664289203612,0.0,-234.2664289203612,234.2664289203612,0.0,-16625.421405227396,16625.421405227396,0.0,0.0,0.0,0.0,0.0,0.0,0.0,0.0,0.0,-169950.5426306812,-169950.5426306812,17093.954263068117,17093.954263068117,16993.954263068117,0.0,100.0,0.0,0.0,17093.954263068117,17093.954263068117,1,0.0,100.0
7878,25693.595156016057,0.0,-256935.95156016058,0.0,10.0,0.0,-0.0,0.1,0.361005498,36.100549799999996,0.0,0.0,100.0,1.0,0.11,-11.0,-228.3279810142065,228.3279810142065,0.0,-228.3279810142065,228.3279810142065,0.0,-25336.939193987644,25336.939193987644,0.0,0.0,0.0,0.0,0.0,0.0,0.0,0.0,0.0,-256946.95156016058,-256946.95156016058,25793.595156016057,25793.595156016057,25693.595156016057,0.0,100.0,0.0,0.0,25793.595156016057,25793.595156016057,1,0.0,100.0
7879,23644.083786534684,0.0,-236440.83786534684,0.0,10.0,0.0,-0.0,0.1,0.3605605739999999,36.05605739999999,0.0,0.0,100.0,1.0,0.11,-11.0,-198.15790871292208,198.15790871292208,0.0,-198.15790871292208,198.15790871292208,0.0,-24224.1096148222,24224.1096148222,0.0,0.0,710.496650390625,710.496650390625,0.0,0.0,165.84499532273156,165.84499532273156,0.0,-236451.83786534684,-236451.83786534684,24620.42543224804,24620.42543224804,24520.42543224804,0.0,100.0,0.0,0.0,24620.42543224804,23744.083786534684,1,0.0,100.0
7880,34464.94866047671,0.0,-344649.4866047671,0.0,10.0,0.0,-0.0,0.1,0.364393288,36.4393288,0.0,0.0,100.0,1.0,0.11,-11.0,-198.1953352210202,198.1953352210202,0.0,-198.1953352210202,198.1953352210202,0.0,-39278.74483187357,39278.74483187357,0.0,0.0,2318.46275390625,2318.46275390625,0.0,0.0,2791.724087932648,2791.724087932648,0.0,-344660.4866047671,-344660.4866047671,39675.13550231561,39675.13550231561,39575.13550231561,0.0,100.0,0.0,0.0,39675.13550231561,34564.94866047671,1,0.0,100.0
7881,25754.420953579916,0.0,-257544.20953579916,0.0,10.0,0.0,-0.0,0.1,0.357309773,35.7309773,0.0,0.0,100.0,1.0,0.11,-11.0,-198.3199071065514,198.3199071065514,0.0,-198.3199071065514,198.3199071065514,0.0,-37058.44962154752,37058.44962154752,0.0,0.0,7067.571943359375,7067.571943359375,0.0,0.0,4533.096538821329,4533.096538821329,0.0,-257555.20953579916,-257555.20953579916,37455.089435760616,37455.08943576062,37355.089435760616,0.0,100.0,0.0,0.0,37455.08943576062,25854.42095357992,1,0.0,100.0
7882,14483.668629972073,0.0,-144836.68629972072,0.0,10.0,0.0,-0.0,0.1,0.349067873,34.9067873,0.0,0.0,100.0,1.0,0.11,-11.0,-198.36930860599992,198.36930860599992,0.0,-198.36930860599992,198.36930860599992,0.0,-34099.197619862214,34099.197619862214,0.0,0.0,10320.8987109375,10320.8987109375,0.0,0.0,9591.368896164642,9591.368896164642,0.0,-144847.68629972072,-144847.68629972072,34495.93623707422,34495.93623707422,34395.93623707422,0.0,100.0,0.0,0.0,34495.93623707422,14583.668629972075,1,0.0,100.0
7883,11123.527500223534,0.0,-111235.27500223534,0.0,10.0,0.0,-0.0,0.1,0.3486262329999999,34.86262329999999,0.0,0.0,100.0,1.0,0.11,-11.0,-201.2569203383725,201.2569203383725,0.0,-201.2569203383725,201.2569203383725,0.0,-34097.266222763,34097.266222763,0.0,0.0,11667.102890625,11667.102890625,0.0,0.0,11609.14967259121,11609.14967259121,0.0,-111246.27500223534,-111246.27500223534,34499.78006343974,34499.78006343974,34399.78006343974,0.0,100.0,0.0,0.0,34499.78006343974,11223.527500223536,1,0.0,100.0
7884,16845.52015943335,0.0,-168455.20159433348,0.0,10.0,0.0,-0.0,0.1,0.332818792,33.2818792,0.0,0.0,100.0,1.0,0.11,-11.0,-198.4715082367549,198.4715082367549,0.0,-198.4715082367549,198.4715082367549,0.0,-34096.72758128019,34096.72758128019,0.0,0.0,10582.660634765623,10582.660634765623,0.0,0.0,6965.489803554725,6965.489803554725,0.0,-168466.20159433348,-168466.20159433348,34493.6705977537,34493.6705977537,34393.6705977537,0.0,100.0,0.0,0.0,34493.6705977537,16945.52015943335,1,0.0,100.0
7885,21281.503944992106,0.0,-212815.03944992105,0.0,10.0,0.0,-0.0,0.1,0.315653141,31.565314100000002,0.0,0.0,100.0,1.0,0.11,-11.0,-198.67825804383,198.67825804383,0.0,-198.67825804383,198.67825804383,0.0,-34095.24473466991,34095.24473466991,0.0,0.0,8301.59244140625,8301.59244140625,0.0,0.0,4809.504864359215,4809.504864359215,0.0,-212826.03944992105,-212826.03944992105,34492.60125075757,34492.60125075757,34392.60125075757,0.0,100.0,0.0,0.0,34492.60125075757,21381.503944992106,1,0.0,100.0
7886,12451.642777298855,0.0,-124516.42777298855,0.0,10.0,0.0,-0.0,0.1,0.326724265,32.6724265,0.0,0.0,100.0,1.0,0.08,-8.0,-198.72568390004463,198.72568390004463,0.0,-198.72568390004463,198.72568390004463,0.0,-19033.32829589961,19033.32829589961,0.0,0.0,3589.8778125,3589.8778125,0.0,0.0,3289.2590739008424,3289.2590739008424,0.0,-124524.42777298855,-124524.42777298855,19430.779663699697,19430.779663699697,19330.779663699697,0.0,100.0,0.0,0.0,19430.779663699697,12551.642777298855,1,0.0,100.0
7887,13132.534124048696,0.0,-131325.34124048695,0.0,10.0,0.0,-0.0,0.1,0.33870969,33.870969,0.0,0.0,100.0,1.0,0.08,-8.0,-241.9721000550184,241.9721000550184,0.0,-241.9721000550184,241.9721000550184,0.0,-19035.95848617191,19035.95848617191,0.0,0.0,2168.8845117187498,2168.8845117187498,0.0,0.0,4118.4840505145,4118.4840505145,0.0,-131333.34124048695,-131333.34124048695,19519.902686281945,19519.902686281945,19419.902686281945,0.0,100.0,0.0,0.0,19519.902686281945,13232.534124048694,1,0.0,100.0
7888,24326.36670140582,0.0,-243263.66701405818,0.0,10.0,0.0,-0.0,0.1,0.340496832,34.049683200000004,0.0,0.0,100.0,1.0,0.08,-8.0,-198.350053731055,198.350053731055,0.0,-198.350053731055,198.350053731055,0.0,-24582.48324501948,24582.48324501948,0.0,0.0,0.0,0.0,0.0,0.0,552.8166510757718,552.8166510757718,0.0,-243271.66701405818,-243271.66701405818,24979.183352481592,24979.183352481592,24879.183352481592,0.0,100.0,0.0,0.0,24979.183352481592,24426.36670140582,1,0.0,100.0
7889,23160.92638801617,0.0,-231609.2638801617,0.0,10.0,0.0,-0.0,0.1,0.298648078,29.864807799999998,0.0,0.0,100.0,1.0,0.11,-11.0,-228.1326788665532,228.1326788665532,0.0,-228.1326788665532,228.1326788665532,0.0,-22804.661030283063,22804.661030283063,0.0,0.0,0.0,0.0,0.0,0.0,0.0,0.0,0.0,-231620.2638801617,-231620.2638801617,23260.92638801617,23260.92638801617,23160.92638801617,0.0,100.0,0.0,0.0,23260.92638801617,23260.92638801617,1,0.0,100.0
7890,21403.840301695313,0.0,-214038.40301695312,0.0,10.0,0.0,-0.0,0.1,0.282534001,28.253400099999997,0.0,0.0,100.0,1.0,0.11,-11.0,-234.051471681156,234.051471681156,0.0,-234.051471681156,234.051471681156,0.0,-21035.737358333,21035.737358333,0.0,0.0,0.0,0.0,0.0,0.0,0.0,0.0,0.0,-214049.40301695312,-214049.40301695312,21503.840301695313,21503.840301695313,21403.840301695313,0.0,100.0,0.0,0.0,21503.840301695313,21503.840301695313,1,0.0,100.0
7891,19928.202182712997,0.0,-199282.02182712997,0.0,10.0,0.0,-0.0,0.1,0.271000658,27.1000658,0.0,0.0,100.0,1.0,0.11,-11.0,-235.18275854558567,235.18275854558567,0.0,-235.18275854558567,235.18275854558567,0.0,-19557.836665621828,19557.836665621828,0.0,0.0,0.0,0.0,0.0,0.0,0.0,0.0,0.0,-199293.02182712997,-199293.02182712997,20028.202182712997,20028.202182712997,19928.202182712997,0.0,100.0,0.0,0.0,20028.202182712997,20028.202182712997,1,0.0,100.0
7892,19927.93217221827,0.0,-199279.32172218268,0.0,10.0,0.0,-0.0,0.1,0.268767285,26.876728500000002,0.0,0.0,100.0,1.0,0.11,-11.0,-235.04777445911395,235.04777445911395,0.0,-235.04777445911395,235.04777445911395,0.0,-19557.83662330004,19557.83662330004,0.0,0.0,0.0,0.0,0.0,0.0,0.0,0.0,0.0,-199290.32172218268,-199290.32172218268,20027.93217221827,20027.93217221827,19927.93217221827,0.0,100.0,0.0,0.0,20027.93217221827,20027.93217221827,1,0.0,100.0
7893,18472.122824578866,0.0,-184721.22824578866,0.0,10.0,0.0,-0.0,0.1,0.285576832,28.5576832,0.0,0.0,100.0,1.0,0.11,-11.0,-234.399535022309,234.399535022309,0.0,-234.399535022309,234.399535022309,0.0,-18103.32375453425,18103.32375453425,0.0,0.0,0.0,0.0,0.0,0.0,0.0,0.0,0.0,-184732.22824578866,-184732.22824578866,18572.122824578866,18572.122824578866,18472.122824578866,0.0,100.0,0.0,0.0,18572.122824578866,18572.122824578866,1,0.0,100.0
7894,17085.841756020527,0.0,-170858.41756020527,0.0,10.0,0.0,-0.0,0.1,0.319035899,31.9035899,0.0,0.0,100.0,1.0,0.11,-11.0,-233.5701355822532,233.5701355822532,0.0,-233.5701355822532,233.5701355822532,0.0,-16718.70148485602,16718.70148485602,0.0,0.0,0.0,0.0,0.0,0.0,0.0,0.0,0.0,-170869.41756020527,-170869.41756020527,17185.841756020527,17185.841756020527,17085.841756020527,0.0,100.0,0.0,0.0,17185.841756020527,17185.841756020527,1,0.0,100.0
7895,15590.537939500842,0.0,-155905.37939500844,0.0,10.0,0.0,-0.0,0.1,0.321616544,32.1616544,0.0,0.0,100.0,1.0,0.11,-11.0,-236.42173547704328,236.42173547704328,0.0,-236.42173547704328,236.42173547704328,0.0,-15217.694468546755,15217.694468546755,0.0,0.0,0.0,0.0,0.0,0.0,0.0,0.0,0.0,-155916.37939500844,-155916.37939500844,15690.537939500842,15690.537939500842,15590.537939500842,0.0,100.0,0.0,0.0,15690.537939500842,15690.537939500842,1,0.0,100.0
7896,14869.399355318166,0.0,-148693.99355318167,0.0,10.0,0.0,-0.0,0.1,0.316752264,31.6752264,0.0,0.0,100.0,1.0,0.08,-8.0,-233.558395992746,233.558395992746,0.0,-233.558395992746,233.558395992746,0.0,-14502.282563332674,14502.282563332674,0.0,0.0,0.0,0.0,0.0,0.0,0.0,0.0,0.0,-148701.99355318167,-148701.99355318167,14969.399355318166,14969.399355318166,14869.399355318166,0.0,100.0,0.0,0.0,14969.399355318166,14969.399355318166,1,0.0,100.0
7897,14846.301099113825,0.0,-148463.01099113826,0.0,10.0,0.0,-0.0,0.1,0.316539966,31.6539966,0.0,0.0,100.0,1.0,0.08,-8.0,-233.5304011653618,233.5304011653618,0.0,-233.5304011653618,233.5304011653618,0.0,-14479.240296783102,14479.240296783102,0.0,0.0,0.0,0.0,0.0,0.0,0.0,0.0,0.0,-148471.01099113826,-148471.01099113826,14946.301099113825,14946.301099113825,14846.301099113825,0.0,100.0,0.0,0.0,14946.301099113825,14946.301099113825,1,0.0,100.0
7898,14869.746124729998,0.0,-148697.46124729997,0.0,10.0,0.0,-0.0,0.1,0.3154111619999999,31.54111619999999,0.0,0.0,100.0,1.0,0.08,-8.0,-233.5084486254612,233.5084486254612,0.0,-233.5084486254612,233.5084486254612,0.0,-14502.729227479076,14502.729227479076,0.0,0.0,0.0,0.0,0.0,0.0,0.0,0.0,0.0,-148705.46124729997,-148705.46124729997,14969.746124729998,14969.746124729998,14869.746124729998,0.0,100.0,0.0,0.0,14969.746124729998,14969.746124729998,1,0.0,100.0
7899,15032.402371335587,0.0,-150324.02371335588,0.0,10.0,0.0,-0.0,0.1,0.3169329919999999,31.69329919999999,0.0,0.0,100.0,1.0,0.08,-8.0,-233.50149339222247,233.50149339222247,0.0,-233.50149339222247,233.50149339222247,0.0,-14665.399384551143,14665.399384551143,0.0,0.0,0.0,0.0,0.0,0.0,0.0,0.0,0.0,-150332.02371335588,-150332.02371335588,15132.402371335587,15132.402371335587,15032.402371335587,0.0,100.0,0.0,0.0,15132.402371335587,15132.402371335587,1,0.0,100.0
7900,16771.29044377327,0.0,-167712.90443773268,0.0,10.0,0.0,-0.0,0.1,0.324821026,32.482102600000005,0.0,0.0,100.0,1.0,0.08,-8.0,-234.6560971732512,234.6560971732512,0.0,-234.6560971732512,234.6560971732512,0.0,-16401.978249426767,16401.978249426767,0.0,0.0,0.0,0.0,0.0,0.0,0.0,0.0,0.0,-167720.90443773268,-167720.90443773268,16871.29044377327,16871.29044377327,16771.29044377327,0.0,100.0,0.0,0.0,16871.29044377327,16871.29044377327,1,0.0,100.0
7901,17995.986216628924,0.0,-179959.86216628924,0.0,10.0,0.0,-0.0,0.1,0.336819525,33.6819525,0.0,0.0,100.0,1.0,0.11,-11.0,-234.57580932850504,234.57580932850504,0.0,-234.57580932850504,234.57580932850504,0.0,-17626.834597971912,17626.834597971912,0.0,0.0,0.0,0.0,0.0,0.0,0.0,0.0,0.0,-179970.86216628924,-179970.86216628924,18095.986216628924,18095.986216628924,17995.986216628924,0.0,100.0,0.0,0.0,18095.986216628924,18095.986216628924,1,0.0,100.0
7902,20679.25107407505,0.0,-206792.51074075053,0.0,10.0,0.0,-0.0,0.1,0.340497755,34.0497755,0.0,0.0,100.0,1.0,0.11,-11.0,-228.5947966602251,228.5947966602251,0.0,-228.5947966602251,228.5947966602251,0.0,-20322.0614807546,20322.0614807546,0.0,0.0,0.0,0.0,0.0,0.0,0.0,0.0,0.0,-206803.51074075053,-206803.51074075053,20779.25107407505,20779.25107407505,20679.25107407505,0.0,100.0,0.0,0.0,20779.25107407505,20779.25107407505,1,0.0,100.0
7903,17597.005058510207,0.0,-175970.05058510206,0.0,10.0,0.0,-0.0,0.1,0.342130183,34.213018299999995,0.0,0.0,100.0,1.0,0.11,-11.0,-198.34979410282224,198.34979410282224,0.0,-198.34979410282224,198.34979410282224,0.0,-18960.34415551709,18960.34415551709,0.0,0.0,747.8912109375,747.8912109375,0.0,0.0,912.1474742750236,912.1474742750236,0.0,-175981.05058510206,-175981.05058510206,19357.04374372273,19357.043743722734,19257.04374372273,0.0,100.0,0.0,0.0,19357.043743722734,17697.00505851021,1,0.0,100.0
7904,12852.413852259577,0.0,-128524.13852259576,0.0,10.0,0.0,-0.0,0.1,0.34557364,34.557364,0.0,0.0,100.0,1.0,0.11,-11.0,-198.3974034770754,198.3974034770754,0.0,-198.3974034770754,198.3974034770754,0.0,-19213.724129596747,19213.724129596747,0.0,0.0,1682.7552246093749,1682.7552246093749,0.0,0.0,4975.349859681946,4975.349859681946,0.0,-128535.13852259576,-128535.13852259576,19610.5189365509,19610.5189365509,19510.5189365509,0.0,100.0,0.0,0.0,19610.5189365509,12952.413852259579,1,0.0,100.0
7905,830.1620268247625,0.0,-8301.620268247625,0.0,10.0,0.0,-0.0,0.1,0.3499771479999999,34.99771479999999,0.0,0.0,100.0,1.0,0.11,-11.0,-198.53981837043503,198.53981837043503,0.0,-198.53981837043503,198.53981837043503,0.0,-16741.636532179677,16741.636532179677,0.0,0.0,7142.3610644531245,7142.3610644531245,0.0,0.0,9066.193077642658,9066.193077642658,0.0,-8312.620268247625,-8312.620268247625,17138.716168920546,17138.716168920546,17038.716168920546,0.0,100.0,0.0,0.0,17138.716168920546,930.1620268247643,1,0.0,100.0
7906,0.0,0.0,-0.0,55.55555555555556,10.0,0.0,-0.0,0.1,0.347364141,0.0,0.0,100.0,0.0,1.0,0.11,0.0,-198.56927740900008,198.56927740900008,0.0,-198.56927740900008,198.56927740900008,0.0,-14039.766065868054,14039.766065868054,0.0,0.0,4936.0819921875,4936.0819921875,0.0,1759.28566066058,11415.663844714689,9656.378184054109,0.0,0.0,0.0,14592.46017624161,14592.46017624161,14592.46017624161,0.0,0.0,155.55555555555475,0.0,14436.904620686055,-1914.841216216133,1,-55.55555555555556,-100.0
7907,0.0,0.0,-0.0,44.44444444444444,60.0,0.0,-0.0,0.6,0.3462486879999999,0.0,0.0,100.0,0.0,1.0,0.11,0.0,-232.9932328623013,232.9932328623013,0.0,-232.9932328623013,232.9932328623013,0.0,-13646.144547437549,13646.144547437549,0.0,0.0,5796.156884765624,5796.156884765624,0.0,3784.470248487374,12244.888821328346,8460.418572840972,0.0,0.0,0.0,14256.575457606596,14256.575457606597,14256.575457606596,0.0,0.0,144.44444444444525,0.0,14112.131013162152,-3928.9146929318176,1,-44.44444444444444,-100.0
7908,0.0,0.0,-0.0,0.0,100.0,-0.0,-0.0,1.0,0.329127723,0.0,0.0,100.0,0.0,1.0,0.11,0.0,-276.9200190064895,276.9200190064895,0.0,-276.9200190064895,276.9200190064895,0.0,-13900.422190816213,13900.422190816213,0.0,0.0,5609.18408203125,5609.18408203125,0.0,1586.0790561955127,10531.157202993454,8945.078146797941,0.0,0.0,0.0,14554.262228829191,14554.262228829191,14554.262228829191,0.0,0.0,100.0,0.0,14454.262228829191,-1686.0790561955127,1,-0.0,-100.0
7909,520.1401972098702,0.0,-5201.401972098702,0.0,100.0,45.0,-0.0,1.0,0.326996136,32.6996136,0.0,0.0,100.0,1.0,0.11,-11.0,-240.4661373488727,240.4661373488727,0.0,-240.4661373488727,240.4661373488727,0.0,-13552.395814470878,13552.395814470878,0.0,0.0,4412.55814453125,4412.55814453125,0.0,0.0,8955.629747427503,8955.629747427503,0.0,-5212.401972098702,-5212.401972098702,14033.328089168625,14033.328089168623,13888.328089168625,0.0,145.0,0.0,0.0,14033.328089168623,665.1401972098683,1,45.0,100.0
7910,4558.951047610441,0.0,-45589.510476104406,0.0,50.0,36.0,-0.0,0.5,0.324719968,32.4719968,0.0,0.0,100.0,1.0,0.08,-8.0,-204.4086996761568,204.4086996761568,0.0,-204.4086996761568,204.4086996761568,0.0,-13459.491256063684,13459.491256063684,0.0,0.0,2954.170283203125,2954.170283203125,0.0,0.0,6219.187324602433,6219.187324602433,0.0,-45597.510476104406,-45597.510476104406,13868.308655416,13868.308655415998,13732.308655416,0.0,136.0,0.0,0.0,13868.308655415998,4694.951047610439,1,36.0,100.0
7911,9934.850357260517,0.0,-99348.50357260517,0.0,10.0,0.0,-0.0,0.1,0.319185392,31.9185392,0.0,0.0,100.0,1.0,0.08,-8.0,-220.38996541500384,220.38996541500384,0.0,-220.38996541500384,220.38996541500384,0.0,-14014.920044730688,14014.920044730688,0.0,0.0,1159.231376953125,1159.231376953125,0.0,0.0,3261.6182413470538,3261.6182413470538,0.0,-99356.50357260517,-99356.50357260517,14455.699975560696,14455.699975560696,14355.699975560696,0.0,100.0,0.0,0.0,14455.699975560696,10034.850357260517,1,0.0,100.0
7912,19256.576370693965,0.0,-192565.76370693964,0.0,10.0,0.0,-0.0,0.1,0.316187357,31.618735700000002,0.0,0.0,100.0,1.0,0.08,-8.0,-198.49244632274693,198.49244632274693,0.0,-198.49244632274693,198.49244632274693,0.0,-19346.563133801512,19346.563133801512,0.0,0.0,0.0,0.0,0.0,0.0,386.9716557530403,386.9716557530403,0.0,-192573.76370693964,-192573.76370693964,19743.548026447006,19743.548026447006,19643.548026447006,0.0,100.0,0.0,0.0,19743.548026447006,19356.576370693965,1,0.0,100.0
7913,22646.67246584073,0.0,-226466.7246584073,0.0,10.0,0.0,-0.0,0.1,0.278641206,27.864120599999996,0.0,0.0,100.0,1.0,0.11,-11.0,-228.1564724446877,228.1564724446877,0.0,-228.1564724446877,228.1564724446877,0.0,-22290.359520951355,22290.359520951355,0.0,0.0,0.0,0.0,0.0,0.0,0.0,0.0,0.0,-226477.7246584073,-226477.7246584073,22746.67246584073,22746.67246584073,22646.67246584073,0.0,100.0,0.0,0.0,22746.67246584073,22746.67246584073,1,0.0,100.0
7914,22450.99682098545,0.0,-224509.9682098545,0.0,10.0,0.0,-0.0,0.1,0.274711251,27.4711251,0.0,0.0,100.0,1.0,0.11,-11.0,-234.08518590302265,234.08518590302265,0.0,-234.08518590302265,234.08518590302265,0.0,-22082.826449179403,22082.826449179403,0.0,0.0,0.0,0.0,0.0,0.0,0.0,0.0,0.0,-224520.9682098545,-224520.9682098545,22550.99682098545,22550.99682098545,22450.99682098545,0.0,100.0,0.0,0.0,22550.99682098545,22550.99682098545,1,0.0,100.0
7915,21186.48838303537,0.0,-211864.88383035368,0.0,10.0,0.0,-0.0,0.1,0.284177169,28.417716900000002,0.0,0.0,100.0,1.0,0.11,-11.0,-235.23926051108444,235.23926051108444,0.0,-235.23926051108444,235.23926051108444,0.0,-20816.0098620132,20816.0098620132,0.0,0.0,0.0,0.0,0.0,0.0,0.0,0.0,0.0,-211875.88383035368,-211875.88383035368,21286.48838303537,21286.48838303537,21186.48838303537,0.0,100.0,0.0,0.0,21286.48838303537,21286.48838303537,1,0.0,100.0
7916,20978.15494985319,0.0,-209781.5494985319,0.0,10.0,0.0,-0.0,0.1,0.290656263,29.0656263,0.0,0.0,100.0,1.0,0.11,-11.0,-235.15220057456213,235.15220057456213,0.0,-235.15220057456213,235.15220057456213,0.0,-20607.850548704064,20607.850548704064,0.0,0.0,0.0,0.0,0.0,0.0,0.0,0.0,0.0,-209792.5494985319,-209792.5494985319,21078.15494985319,21078.15494985319,20978.15494985319,0.0,100.0,0.0,0.0,21078.15494985319,21078.15494985319,1,0.0,100.0
7917,19710.849825801146,0.0,-197108.49825801147,0.0,10.0,0.0,-0.0,0.1,0.304756244,30.4756244,0.0,0.0,100.0,1.0,0.11,-11.0,-234.485884150706,234.485884150706,0.0,-234.485884150706,234.485884150706,0.0,-19341.878057499733,19341.878057499733,0.0,0.0,0.0,0.0,0.0,0.0,0.0,0.0,0.0,-197119.49825801147,-197119.49825801147,19810.849825801146,19810.849825801146,19710.849825801146,0.0,100.0,0.0,0.0,19810.849825801146,19810.849825801146,1,0.0,100.0
7918,18023.282631813847,0.0,-180232.82631813845,0.0,10.0,0.0,-0.0,0.1,0.321027296,32.1027296,0.0,0.0,100.0,1.0,0.11,-11.0,-233.6300588662589,233.6300588662589,0.0,-233.6300588662589,233.6300588662589,0.0,-17656.022514081327,17656.022514081327,0.0,0.0,0.0,0.0,0.0,0.0,0.0,0.0,0.0,-180243.82631813845,-180243.82631813845,18123.282631813847,18123.282631813847,18023.282631813847,0.0,100.0,0.0,0.0,18123.282631813847,18123.282631813847,1,0.0,100.0
7919,16763.37265740041,0.0,-167633.7265740041,0.0,10.0,0.0,-0.0,0.1,0.3169683219999999,31.696832199999992,0.0,0.0,100.0,1.0,0.11,-11.0,-236.45563639692352,236.45563639692352,0.0,-236.45563639692352,236.45563639692352,0.0,-16390.461384606562,16390.461384606562,0.0,0.0,0.0,0.0,0.0,0.0,0.0,0.0,0.0,-167644.7265740041,-167644.7265740041,16863.37265740041,16863.37265740041,16763.37265740041,0.0,100.0,0.0,0.0,16863.37265740041,16863.37265740041,1,0.0,100.0
7920,18821.844483895642,0.0,-188218.4448389564,0.0,10.0,0.0,-0.0,0.1,0.314332944,31.4332944,0.0,0.0,100.0,1.0,0.08,-8.0,-233.58632445907023,233.58632445907023,0.0,-233.58632445907023,233.58632445907023,0.0,-18454.6718349775,18454.6718349775,0.0,0.0,0.0,0.0,0.0,0.0,0.0,0.0,0.0,-188226.4448389564,-188226.4448389564,18921.844483895642,18921.844483895642,18821.844483895642,0.0,100.0,0.0,0.0,18921.844483895642,18921.844483895642,1,0.0,100.0
7921,19033.253590947475,0.0,-190332.53590947477,0.0,10.0,0.0,-0.0,0.1,0.322461187,32.2461187,0.0,0.0,100.0,1.0,0.08,-8.0,-233.5596679827985,233.5596679827985,0.0,-233.5596679827985,233.5596679827985,0.0,-18666.13425498188,18666.13425498188,0.0,0.0,0.0,0.0,0.0,0.0,0.0,0.0,0.0,-190340.53590947477,-190340.53590947477,19133.253590947475,19133.253590947475,19033.253590947475,0.0,100.0,0.0,0.0,19133.253590947475,19133.253590947475,1,0.0,100.0
7922,18823.114535508375,0.0,-188231.14535508375,0.0,10.0,0.0,-0.0,0.1,0.329407222,32.9407222,0.0,0.0,100.0,1.0,0.08,-8.0,-233.53673186822127,233.53673186822127,0.0,-233.53673186822127,233.53673186822127,0.0,-18456.04107177193,18456.04107177193,0.0,0.0,0.0,0.0,0.0,0.0,0.0,0.0,0.0,-188239.14535508375,-188239.14535508375,18923.114535508375,18923.114535508375,18823.114535508375,0.0,100.0,0.0,0.0,18923.114535508375,18923.114535508375,1,0.0,100.0
7923,19034.72484932744,0.0,-190347.24849327438,0.0,10.0,0.0,-0.0,0.1,0.334547321,33.4547321,0.0,0.0,100.0,1.0,0.08,-8.0,-233.55154314633825,233.55154314633825,0.0,-233.55154314633825,233.55154314633825,0.0,-18667.62176303476,18667.62176303476,0.0,0.0,0.0,0.0,0.0,0.0,0.0,0.0,0.0,-190355.24849327438,-190355.24849327438,19134.72484932744,19134.72484932744,19034.72484932744,0.0,100.0,0.0,0.0,19134.72484932744,19134.72484932744,1,0.0,100.0
7924,20083.7956176968,0.0,-200837.956176968,0.0,10.0,0.0,-0.0,0.1,0.330687642,33.068764200000004,0.0,0.0,100.0,1.0,0.08,-8.0,-234.73509114469493,234.73509114469493,0.0,-234.73509114469493,234.73509114469493,0.0,-19714.32543540741,19714.32543540741,0.0,0.0,0.0,0.0,0.0,0.0,0.0,0.0,0.0,-200845.956176968,-200845.956176968,20183.7956176968,20183.7956176968,20083.7956176968,0.0,100.0,0.0,0.0,20183.7956176968,20183.7956176968,1,0.0,100.0
7925,24540.198624206514,0.0,-245401.98624206515,0.0,10.0,0.0,-0.0,0.1,0.313566936,31.356693600000003,0.0,0.0,100.0,1.0,0.11,-11.0,-234.6551932234784,234.6551932234784,0.0,-234.6551932234784,234.6551932234784,0.0,-24170.88823775956,24170.88823775956,0.0,0.0,0.0,0.0,0.0,0.0,0.0,0.0,0.0,-245412.98624206515,-245412.98624206515,24640.198624206514,24640.198624206514,24540.198624206514,0.0,100.0,0.0,0.0,24640.198624206514,24640.198624206514,1,0.0,100.0
7926,27484.672718321657,0.0,-274846.7271832166,0.0,10.0,0.0,-0.0,0.1,0.302015306,30.201530599999998,0.0,0.0,100.0,1.0,0.11,-11.0,-474.8568317892663,474.8568317892663,0.0,-474.8568317892663,474.8568317892663,0.0,-26634.959054743125,26634.959054743125,0.0,0.0,0.0,0.0,0.0,0.0,0.0,0.0,0.0,-274857.7271832166,-274857.7271832166,27584.672718321657,27584.672718321657,27484.672718321657,0.0,100.0,0.0,0.0,27584.672718321657,27584.672718321657,1,0.0,100.0
7927,30062.413582774938,0.0,-300624.1358277494,0.0,10.0,0.0,-0.0,0.1,0.288634707,28.8634707,0.0,0.0,100.0,1.0,0.11,-11.0,-718.7237722029244,718.7237722029244,0.0,-718.7237722029244,718.7237722029244,0.0,-30467.92722124298,30467.92722124298,0.0,0.0,747.8912109375,747.8912109375,0.0,0.0,995.0699719363892,995.0699719363892,0.0,-300635.1358277494,-300635.1358277494,31905.374765648827,31905.374765648827,31805.374765648827,0.0,100.0,0.0,0.0,31905.374765648827,30162.413582774938,1,0.0,100.0
7928,57810.13482860778,0.0,-578101.3482860777,0.0,10.0,0.0,-0.0,0.1,0.279710396,27.971039599999997,0.0,0.0,100.0,1.0,0.11,-11.0,-1026.199591565192,1026.199591565192,0.0,-1026.199591565192,1026.199591565192,0.0,-63554.660190192815,63554.660190192815,0.0,0.0,4711.71462890625,4711.71462890625,0.0,0.0,2985.209915809168,2985.209915809168,0.0,-578112.3482860777,-578112.3482860777,65607.0593733232,65607.0593733232,65507.059373323194,0.0,100.0,0.0,0.0,65607.0593733232,57910.13482860778,1,0.0,100.0
7929,41536.35670068848,0.0,-415363.5670068848,0.0,10.0,0.0,-0.0,0.1,0.270976823,27.0976823,0.0,0.0,100.0,1.0,0.11,-11.0,-1069.4141958347377,1069.4141958347377,0.0,-1069.4141958347377,1069.4141958347377,0.0,-61302.272102302,61302.272102302,0.0,0.0,12489.78322265625,12489.78322265625,0.0,0.0,9314.960570626756,9314.960570626756,0.0,-415374.5670068848,-415374.5670068848,63441.100493971484,63441.10049397148,63341.100493971484,0.0,100.0,0.0,0.0,63441.10049397148,41636.35670068847,1,0.0,100.0
7930,32562.75443670062,0.0,-325627.54436700616,0.0,10.0,0.0,-0.0,0.1,0.265552661,26.5552661,0.0,0.0,100.0,1.0,0.11,-11.0,-1116.3995238182356,1116.3995238182356,0.0,-1116.3995238182356,1116.3995238182356,0.0,-58330.13902924882,58330.13902924882,0.0,0.0,16042.266474609374,16042.266474609374,0.0,0.0,11857.917165575303,11857.917165575303,0.0,-325638.54436700616,-325638.54436700616,60562.9380768853,60562.93807688529,60462.9380768853,0.0,100.0,0.0,0.0,60562.93807688529,32662.754436700616,1,0.0,100.0
7931,38019.14703153224,0.0,-380191.4703153224,0.0,10.0,0.0,-0.0,0.1,0.2770813669999999,27.70813669999999,0.0,0.0,100.0,1.0,0.11,-11.0,-1176.5511488672137,1176.5511488672137,0.0,-1176.5511488672137,1176.5511488672137,0.0,-58323.79374781683,58323.79374781683,0.0,0.0,8488.565244140626,8488.565244140626,0.0,0.0,14069.183769878391,14069.183769878391,0.0,-380202.4703153224,-380202.4703153224,60676.89604555126,60676.89604555126,60576.89604555126,0.0,100.0,0.0,0.0,60676.89604555126,38119.14703153224,1,0.0,100.0
7932,38228.26499504512,0.0,-382282.6499504512,0.0,10.0,0.0,-0.0,0.1,0.311745772,31.174577199999998,0.0,0.0,100.0,1.0,0.11,-11.0,-1219.724223916799,1219.724223916799,0.0,-1219.724223916799,1219.724223916799,0.0,-55295.57388897916,55295.57388897916,0.0,0.0,7217.150185546875,7217.150185546875,0.0,0.0,12189.607156220767,12189.607156220767,0.0,-382293.6499504512,-382293.6499504512,57735.02233681276,57735.02233681276,57635.02233681276,0.0,100.0,0.0,0.0,57735.02233681276,38328.264995045116,1,0.0,100.0
7933,40169.03753593428,0.0,-401690.3753593428,0.0,10.0,0.0,-0.0,0.1,0.31027132,31.027132,0.0,0.0,100.0,1.0,0.11,-11.0,-1175.4045992100407,1175.4045992100407,0.0,-1175.4045992100407,1175.4045992100407,0.0,-58282.56623235057,58282.56623235057,0.0,0.0,9086.878212890624,9086.878212890624,0.0,0.0,11277.459681945746,11277.459681945746,0.0,-401701.3753593428,-401701.3753593428,60633.37543077065,60633.37543077065,60533.37543077065,0.0,100.0,0.0,0.0,60633.37543077065,40269.03753593428,1,0.0,100.0
7934,47953.11436522292,0.0,-479531.1436522292,0.0,10.0,0.0,-0.0,0.1,0.313709439,31.370943899999997,0.0,0.0,100.0,1.0,0.08,-8.0,-1174.7371094590444,1174.7371094590444,0.0,-1174.7371094590444,1174.7371094590444,0.0,-58270.27551364398,58270.27551364398,0.0,0.0,3776.850615234375,3776.850615234375,0.0,0.0,8789.784752104772,8789.784752104772,0.0,-479539.1436522292,-479539.1436522292,60619.749732562064,60619.74973256207,60519.749732562064,0.0,100.0,0.0,0.0,60619.74973256207,48053.11436522292,1,0.0,100.0
7935,52978.469568452645,0.0,-529784.6956845265,0.0,10.0,0.0,-0.0,0.1,0.321957088,32.1957088,0.0,0.0,100.0,1.0,0.08,-8.0,-1158.3585458701318,1158.3585458701318,0.0,-1158.3585458701318,1158.3585458701318,0.0,-58250.67126960257,58250.67126960257,0.0,0.0,2430.6464355468747,2430.6464355468747,0.0,0.0,5058.272357343312,5058.272357343312,0.0,-529792.6956845265,-529792.6956845265,60567.38836134283,60567.38836134283,60467.38836134283,0.0,100.0,0.0,0.0,60567.38836134283,53078.469568452645,1,0.0,100.0
7936,65722.28197546297,0.0,-657222.8197546297,0.0,10.0,0.0,-0.0,0.1,0.321017047,32.1017047,0.0,0.0,100.0,1.0,0.08,-8.0,-1094.7431906511172,1094.7431906511172,0.0,-1094.7431906511172,1094.7431906511172,0.0,-64296.17557545166,64296.17557545166,0.0,0.0,0.0,0.0,0.0,0.0,663.3799812909263,663.3799812909263,0.0,-657230.8197546297,-657230.8197546297,66485.6619567539,66485.6619567539,66385.6619567539,0.0,100.0,0.0,0.0,66485.6619567539,65822.28197546297,1,0.0,100.0
7937,59104.40538004063,0.0,-591044.0538004063,0.0,10.0,0.0,-0.0,0.1,0.322334363,32.2334363,0.0,0.0,100.0,1.0,0.11,-11.0,-864.9912485310562,864.9912485310562,0.0,-864.9912485310562,864.9912485310562,0.0,-57474.42288297852,57474.42288297852,0.0,0.0,0.0,0.0,0.0,0.0,0.0,0.0,0.0,-591055.0538004063,-591055.0538004063,59204.40538004063,59204.40538004063,59104.40538004063,0.0,100.0,0.0,0.0,59204.40538004063,59204.40538004063,1,0.0,100.0
7938,47019.91610618343,0.0,-470199.1610618343,0.0,10.0,0.0,-0.0,0.1,0.322990282,32.2990282,0.0,0.0,100.0,1.0,0.11,-11.0,-847.4055567587204,847.4055567587204,0.0,-847.4055567587204,847.4055567587204,0.0,-45425.10499266599,45425.10499266599,0.0,0.0,0.0,0.0,0.0,0.0,0.0,0.0,0.0,-470210.1610618343,-470210.1610618343,47119.91610618343,47119.91610618343,47019.91610618343,0.0,100.0,0.0,0.0,47119.91610618343,47119.91610618343,1,0.0,100.0
7939,45505.11476035663,0.0,-455051.1476035663,0.0,10.0,0.0,-0.0,0.1,0.329027745,32.9027745,0.0,0.0,100.0,1.0,0.11,-11.0,-833.7756636713922,833.7756636713922,0.0,-833.7756636713922,833.7756636713922,0.0,-43937.56343301384,43937.56343301384,0.0,0.0,0.0,0.0,0.0,0.0,0.0,0.0,0.0,-455062.1476035663,-455062.1476035663,45605.11476035663,45605.11476035663,45505.11476035663,0.0,100.0,0.0,0.0,45605.11476035663,45605.11476035663,1,0.0,100.0
7940,36421.826810015424,0.0,-364218.26810015424,0.0,10.0,0.0,-0.0,0.1,0.324233731,32.4233731,0.0,0.0,100.0,1.0,0.11,-11.0,-811.7063877205055,811.7063877205055,0.0,-811.7063877205055,811.7063877205055,0.0,-34898.41403457441,34898.41403457441,0.0,0.0,0.0,0.0,0.0,0.0,0.0,0.0,0.0,-364229.26810015424,-364229.26810015424,36521.826810015424,36521.826810015424,36421.826810015424,0.0,100.0,0.0,0.0,36521.826810015424,36521.826810015424,1,0.0,100.0
7941,33790.499228745975,0.0,-337904.9922874598,0.0,10.0,0.0,-0.0,0.1,0.316321307,31.6321307,0.0,0.0,100.0,1.0,0.11,-11.0,-234.8052765431834,234.8052765431834,0.0,-234.8052765431834,234.8052765431834,0.0,-33420.88867565961,33420.88867565961,0.0,0.0,0.0,0.0,0.0,0.0,0.0,0.0,0.0,-337915.9922874598,-337915.9922874598,33890.499228745975,33890.499228745975,33790.499228745975,0.0,100.0,0.0,0.0,33890.499228745975,33890.499228745975,1,0.0,100.0
7942,21489.4458152668,0.0,-214894.45815266803,0.0,10.0,0.0,-0.0,0.1,0.324234231,32.4234231,0.0,0.0,100.0,1.0,0.11,-11.0,-233.718069908238,233.718069908238,0.0,-233.718069908238,233.718069908238,0.0,-21122.009675450325,21122.009675450325,0.0,0.0,0.0,0.0,0.0,0.0,0.0,0.0,0.0,-214905.45815266803,-214905.45815266803,21589.4458152668,21589.4458152668,21489.4458152668,0.0,100.0,0.0,0.0,21589.4458152668,21589.4458152668,1,0.0,100.0
7943,18510.48432445678,0.0,-185104.84324456778,0.0,10.0,0.0,-0.0,0.1,0.3272965,32.72965,0.0,0.0,100.0,1.0,0.11,-11.0,-236.5265120592244,236.5265120592244,0.0,-236.5265120592244,236.5265120592244,0.0,-18137.43130033833,18137.43130033833,0.0,0.0,0.0,0.0,0.0,0.0,0.0,0.0,0.0,-185115.84324456778,-185115.84324456778,18610.48432445678,18610.48432445678,18510.48432445678,0.0,100.0,0.0,0.0,18610.48432445678,18610.48432445678,1,0.0,100.0
7944,17765.457008089663,0.0,-177654.57008089664,0.0,10.0,0.0,-0.0,0.1,0.31988436,31.988435999999997,0.0,0.0,100.0,1.0,0.08,-8.0,-233.487960547792,233.487960547792,0.0,-233.487960547792,233.487960547792,0.0,-17398.481086994077,17398.481086994077,0.0,0.0,0.0,0.0,0.0,0.0,0.0,0.0,0.0,-177662.57008089664,-177662.57008089664,17865.457008089663,17865.457008089663,17765.457008089663,0.0,100.0,0.0,0.0,17865.457008089663,17865.457008089663,1,0.0,100.0
7945,17765.30763503414,0.0,-177653.0763503414,0.0,10.0,0.0,-0.0,0.1,0.309955154,30.995515400000002,0.0,0.0,100.0,1.0,0.08,-8.0,-233.41327402003057,233.41327402003057,0.0,-233.41327402003057,233.41327402003057,0.0,-17398.481086994077,17398.481086994077,0.0,0.0,0.0,0.0,0.0,0.0,0.0,0.0,0.0,-177661.0763503414,-177661.0763503414,17865.30763503414,17865.30763503414,17765.30763503414,0.0,100.0,0.0,0.0,17865.30763503414,17865.30763503414,1,0.0,100.0
7946,17835.235281334088,0.0,-178352.35281334087,0.0,10.0,0.0,-0.0,0.1,0.304071954,30.4071954,0.0,0.0,100.0,1.0,0.08,-8.0,-233.3489950487724,233.3489950487724,0.0,-233.3489950487724,233.3489950487724,0.0,-17468.537291236542,17468.537291236542,0.0,0.0,0.0,0.0,0.0,0.0,0.0,0.0,0.0,-178360.35281334087,-178360.35281334087,17935.235281334088,17935.235281334088,17835.235281334088,0.0,100.0,0.0,0.0,17935.235281334088,17935.235281334088,1,0.0,100.0
7947,17882.014859762265,0.0,-178820.14859762264,0.0,10.0,0.0,-0.0,0.1,0.302648028,30.264802800000002,0.0,0.0,100.0,1.0,0.08,-8.0,-233.2542489868325,233.2542489868325,0.0,-233.2542489868325,233.2542489868325,0.0,-17515.5063617886,17515.5063617886,0.0,0.0,0.0,0.0,0.0,0.0,0.0,0.0,0.0,-178828.14859762264,-178828.14859762264,17982.014859762265,17982.014859762265,17882.014859762265,0.0,100.0,0.0,0.0,17982.014859762265,17982.014859762265,1,0.0,100.0
7948,18607.729245746934,0.0,-186077.29245746933,0.0,10.0,0.0,-0.0,0.1,0.295233151,29.5233151,0.0,0.0,100.0,1.0,0.08,-8.0,-238.27462133589043,238.27462133589043,0.0,-238.27462133589043,238.27462133589043,0.0,-18231.180003075155,18231.180003075155,0.0,0.0,0.0,0.0,0.0,0.0,0.0,0.0,0.0,-186085.29245746933,-186085.29245746933,18707.729245746934,18707.729245746934,18607.729245746934,0.0,100.0,0.0,0.0,18707.729245746934,18707.729245746934,1,0.0,100.0
7949,21614.198002185334,0.0,-216141.98002185335,0.0,10.0,0.0,-0.0,0.1,0.256997989,25.699798899999998,0.0,0.0,100.0,1.0,0.11,-11.0,-237.33331170891503,237.33331170891503,0.0,-237.33331170891503,237.33331170891503,0.0,-21239.531378767504,21239.531378767504,0.0,0.0,0.0,0.0,0.0,0.0,0.0,0.0,0.0,-216152.98002185335,-216152.98002185335,21714.198002185334,21714.198002185334,21614.198002185334,0.0,100.0,0.0,0.0,21714.198002185334,21714.198002185334,1,0.0,100.0
7950,25907.376284371603,0.0,-259073.76284371602,0.0,10.0,0.0,-0.0,0.1,0.239958294,23.995829399999998,0.0,0.0,100.0,1.0,0.11,-11.0,-317.6678207909116,317.6678207909116,0.0,-317.6678207909116,317.6678207909116,0.0,-25372.04064278978,25372.04064278978,0.0,0.0,0.0,0.0,0.0,0.0,0.0,0.0,0.0,-259084.76284371602,-259084.76284371602,26007.376284371603,26007.376284371603,25907.376284371603,0.0,100.0,0.0,0.0,26007.376284371603,26007.376284371603,1,0.0,100.0
7951,29596.878485900193,0.0,-295968.7848590019,0.0,10.0,0.0,-0.0,0.1,0.228294465,22.8294465,0.0,0.0,100.0,1.0,0.11,-11.0,-535.9146413804392,535.9146413804392,0.0,-535.9146413804392,535.9146413804392,0.0,-30322.482448898714,30322.482448898714,0.0,0.0,785.285771484375,785.285771484375,0.0,0.0,912.1474742750236,912.1474742750236,0.0,-295979.7848590019,-295979.7848590019,31394.311731659593,31394.311731659593,31294.311731659593,0.0,100.0,0.0,0.0,31394.311731659593,29696.878485900193,1,0.0,100.0
7952,55371.2576655459,0.0,-553712.576655459,0.0,10.0,0.0,-0.0,0.1,0.225552133,22.5552133,0.0,0.0,100.0,1.0,0.11,-11.0,-718.8401860714653,718.8401860714653,0.0,-718.8401860714653,718.8401860714653,0.0,-63444.23345645328,63444.23345645328,0.0,0.0,4711.71462890625,4711.71462890625,0.0,0.0,4698.941534144061,4698.941534144061,0.0,-553723.576655459,-553723.576655459,64881.91382859621,64881.91382859621,64781.91382859621,0.0,100.0,0.0,0.0,64881.91382859621,55471.2576655459,1,0.0,100.0
7953,47295.58493988422,0.0,-472955.8493988422,0.0,10.0,0.0,-0.0,0.1,0.2245717239999999,22.45717239999999,0.0,0.0,100.0,1.0,0.11,-11.0,-724.4596481616996,724.4596481616996,0.0,-724.4596481616996,724.4596481616996,0.0,-61221.9761234102,61221.9761234102,0.0,0.0,6319.680732421874,6319.680732421874,0.0,0.0,8955.629747427503,8955.629747427503,0.0,-472966.8493988422,-472966.8493988422,62670.8954197336,62670.8954197336,62570.8954197336,0.0,100.0,0.0,0.0,62670.8954197336,47395.584939884226,1,0.0,100.0
7954,45845.59198782928,0.0,-458455.91987829277,0.0,10.0,0.0,-0.0,0.1,0.2286413,22.86413,0.0,0.0,100.0,1.0,0.11,-11.0,-768.4541735503484,768.4541735503484,0.0,-768.4541735503484,768.4541735503484,0.0,-58261.47532669203,58261.47532669203,0.0,0.0,2879.381162109375,2879.381162109375,0.0,0.0,10973.41052385407,10973.41052385407,0.0,-458466.91987829277,-458466.91987829277,59798.38367379272,59798.38367379273,59698.38367379272,0.0,100.0,0.0,0.0,59798.38367379273,45945.59198782928,1,0.0,100.0
7955,38840.24609905165,0.0,-388402.46099051647,0.0,10.0,0.0,-0.0,0.1,0.246285445,24.6285445,0.0,0.0,100.0,1.0,0.11,-11.0,-814.985195641977,814.985195641977,0.0,-814.985195641977,814.985195641977,0.0,-58258.43826684562,58258.43826684562,0.0,0.0,6768.415458984375,6768.415458984375,0.0,0.0,14179.747100093547,14179.747100093547,0.0,-388413.46099051647,-388413.46099051647,59888.40865812957,59888.40865812957,59788.40865812957,0.0,100.0,0.0,0.0,59888.40865812957,38940.24609905165,1,0.0,100.0
7956,41103.40740419144,0.0,-411034.0740419144,0.0,10.0,0.0,-0.0,0.1,0.25355349,25.355349,0.0,0.0,100.0,1.0,0.11,-11.0,-849.2209003751115,849.2209003751115,0.0,-849.2209003751115,849.2209003751115,0.0,-55245.43566018964,55245.43566018964,0.0,0.0,3440.2995703125,3440.2995703125,0.0,0.0,12300.170486435924,12300.170486435924,0.0,-411045.0740419144,-411045.0740419144,56943.87746093987,56943.87746093987,56843.87746093987,0.0,100.0,0.0,0.0,56943.87746093987,41203.40740419144,1,0.0,100.0
7957,43725.06451699215,0.0,-437250.64516992145,0.0,10.0,0.0,-0.0,0.1,0.2471446839999999,24.71446839999999,0.0,0.0,100.0,1.0,0.11,-11.0,-847.1116613650033,847.1116613650033,0.0,-847.1116613650033,847.1116613650033,0.0,-58237.15509935196,58237.15509935196,0.0,0.0,3253.326767578125,3253.326767578125,0.0,0.0,12852.987137511696,12852.987137511696,0.0,-437261.64516992145,-437261.64516992145,59931.378422081965,59931.37842208197,59831.378422081965,0.0,100.0,0.0,0.0,59931.37842208197,43825.06451699215,1,0.0,100.0
7958,46325.99224000373,0.0,-463259.9224000373,0.0,10.0,0.0,-0.0,0.1,0.256113851,25.6113851,0.0,0.0,100.0,1.0,0.08,-8.0,-844.2781583321091,844.2781583321091,0.0,-844.2781583321091,844.2781583321091,0.0,-58216.218764953686,58216.218764953686,0.0,0.0,3776.850615234375,3776.850615234375,0.0,0.0,9701.932226379797,9701.932226379797,0.0,-463267.9224000373,-463267.9224000373,59904.7750816179,59904.7750816179,59804.7750816179,0.0,100.0,0.0,0.0,59904.7750816179,46425.99224000373,1,0.0,100.0
7959,51918.72755402342,0.0,-519187.2755402342,0.0,10.0,0.0,-0.0,0.1,0.258563638,25.856363799999997,0.0,0.0,100.0,1.0,0.08,-8.0,-833.1025131462447,833.1025131462447,0.0,-833.1025131462447,833.1025131462447,0.0,-58205.66481753704,58205.66481753704,0.0,0.0,2131.489951171875,2131.489951171875,0.0,0.0,5721.652338634239,5721.652338634239,0.0,-519195.2755402342,-519195.2755402342,59871.86984382953,59871.86984382953,59771.86984382953,0.0,100.0,0.0,0.0,59871.86984382953,52018.72755402342,1,0.0,100.0
7960,64943.90215163889,0.0,-649439.0215163889,0.0,10.0,0.0,-0.0,0.1,0.2384412139999999,23.84412139999999,0.0,0.0,100.0,1.0,0.08,-8.0,-765.8557037346566,765.8557037346566,0.0,-765.8557037346566,765.8557037346566,0.0,-64258.49322312187,64258.49322312187,0.0,0.0,0.0,0.0,0.0,0.0,746.302478952292,746.302478952292,0.0,-649447.0215163889,-649447.0215163889,65790.20463059118,65790.20463059118,65690.20463059118,0.0,100.0,0.0,0.0,65790.20463059118,65043.90215163889,1,0.0,100.0
7961,58476.279984900735,0.0,-584762.7998490074,0.0,10.0,0.0,-0.0,0.1,0.232150964,23.2150964,0.0,0.0,100.0,1.0,0.11,-11.0,-570.2830904096666,570.2830904096666,0.0,-570.2830904096666,570.2830904096666,0.0,-57435.7138040814,57435.7138040814,0.0,0.0,0.0,0.0,0.0,0.0,0.0,0.0,0.0,-584773.7998490074,-584773.7998490074,58576.279984900735,58576.279984900735,58476.279984900735,0.0,100.0,0.0,0.0,58576.279984900735,58576.279984900735,1,0.0,100.0
7962,46403.79868505479,0.0,-464037.9868505479,0.0,10.0,0.0,-0.0,0.1,0.21964593,21.964593,0.0,0.0,100.0,1.0,0.11,-11.0,-559.4564516786324,559.4564516786324,0.0,-559.4564516786324,559.4564516786324,0.0,-45384.88578169752,45384.88578169752,0.0,0.0,0.0,0.0,0.0,0.0,0.0,0.0,0.0,-464048.9868505479,-464048.9868505479,46503.79868505479,46503.79868505479,46403.79868505479,0.0,100.0,0.0,0.0,46503.79868505479,46503.79868505479,1,0.0,100.0
7963,44904.4036183053,0.0,-449044.03618305305,0.0,10.0,0.0,-0.0,0.1,0.2161314539999999,21.61314539999999,0.0,0.0,100.0,1.0,0.11,-11.0,-548.3943784677444,548.3943784677444,0.0,-548.3943784677444,548.3943784677444,0.0,-43907.61486136982,43907.61486136982,0.0,0.0,0.0,0.0,0.0,0.0,0.0,0.0,0.0,-449055.03618305305,-449055.03618305305,45004.4036183053,45004.4036183053,44904.4036183053,0.0,100.0,0.0,0.0,45004.4036183053,45004.4036183053,1,0.0,100.0
7964,35854.39647560867,0.0,-358543.9647560867,0.0,10.0,0.0,-0.0,0.1,0.221165553,22.116555299999998,0.0,0.0,100.0,1.0,0.11,-11.0,-540.5170972135732,540.5170972135732,0.0,-540.5170972135732,540.5170972135732,0.0,-34873.36228118152,34873.36228118152,0.0,0.0,0.0,0.0,0.0,0.0,0.0,0.0,0.0,-358554.9647560867,-358554.9647560867,35954.39647560867,35954.39647560867,35854.39647560867,0.0,100.0,0.0,0.0,35954.39647560867,35954.39647560867,1,0.0,100.0
7965,33762.62586379801,0.0,-337626.25863798015,0.0,10.0,0.0,-0.0,0.1,0.223635176,22.363517599999998,0.0,0.0,100.0,1.0,0.11,-11.0,-232.3116557377904,232.3116557377904,0.0,-232.3116557377904,232.3116557377904,0.0,-33398.00255232243,33398.00255232243,0.0,0.0,0.0,0.0,0.0,0.0,0.0,0.0,0.0,-337637.25863798015,-337637.25863798015,33862.62586379801,33862.62586379801,33762.62586379801,0.0,100.0,0.0,0.0,33862.62586379801,33862.62586379801,1,0.0,100.0
7966,21486.953493225847,0.0,-214869.53493225848,0.0,10.0,0.0,-0.0,0.1,0.230138103,23.0138103,0.0,0.0,100.0,1.0,0.11,-11.0,-232.4718302901566,232.4718302901566,0.0,-232.4718302901566,232.4718302901566,0.0,-21122.009832645534,21122.009832645534,0.0,0.0,0.0,0.0,0.0,0.0,0.0,0.0,0.0,-214880.53493225848,-214880.53493225848,21586.953493225847,21586.953493225847,21486.953493225847,0.0,100.0,0.0,0.0,21586.953493225847,21586.953493225847,1,0.0,100.0
7967,18508.502201516832,0.0,-185085.02201516833,0.0,10.0,0.0,-0.0,0.1,0.236724548,23.6724548,0.0,0.0,100.0,1.0,0.11,-11.0,-235.5353659456759,235.5353659456759,0.0,-235.5353659456759,235.5353659456759,0.0,-18137.43146962548,18137.43146962548,0.0,0.0,0.0,0.0,0.0,0.0,0.0,0.0,0.0,-185096.02201516833,-185096.02201516833,18608.502201516832,18608.502201516832,18508.502201516832,0.0,100.0,0.0,0.0,18608.502201516832,18608.502201516832,1,0.0,100.0
7968,17763.635664169495,0.0,-177636.35664169496,0.0,10.0,0.0,-0.0,0.1,0.250698376,25.0698376,0.0,0.0,100.0,1.0,0.08,-8.0,-232.57720696711831,232.57720696711831,0.0,-232.57720696711831,232.57720696711831,0.0,-17398.481250235258,17398.481250235258,0.0,0.0,0.0,0.0,0.0,0.0,0.0,0.0,0.0,-177644.35664169496,-177644.35664169496,17863.635664169495,17863.635664169495,17763.635664169495,0.0,100.0,0.0,0.0,17863.635664169495,17863.635664169495,1,0.0,100.0
7969,17763.654812201625,0.0,-177636.54812201625,0.0,10.0,0.0,-0.0,0.1,0.257641288,25.7641288,0.0,0.0,100.0,1.0,0.08,-8.0,-232.58678400616915,232.58678400616915,0.0,-232.58678400616915,232.58678400616915,0.0,-17398.481244189286,17398.481244189286,0.0,0.0,0.0,0.0,0.0,0.0,0.0,0.0,0.0,-177644.54812201625,-177644.54812201625,17863.654812201625,17863.654812201625,17763.654812201625,0.0,100.0,0.0,0.0,17863.654812201625,17863.654812201625,1,0.0,100.0
7970,17763.510793659192,0.0,-177635.10793659193,0.0,10.0,0.0,-0.0,0.1,0.269984833,26.998483299999997,0.0,0.0,100.0,1.0,0.08,-8.0,-232.5147717119678,232.5147717119678,0.0,-232.5147717119678,232.5147717119678,0.0,-17398.481250235258,17398.481250235258,0.0,0.0,0.0,0.0,0.0,0.0,0.0,0.0,0.0,-177643.10793659193,-177643.10793659193,17863.510793659192,17863.510793659192,17763.510793659192,0.0,100.0,0.0,0.0,17863.510793659192,17863.510793659192,1,0.0,100.0
7971,17810.090681246653,0.0,-178100.90681246654,0.0,10.0,0.0,-0.0,0.1,0.273962744,27.3962744,0.0,0.0,100.0,1.0,0.08,-8.0,-232.45491466349668,232.45491466349668,0.0,-232.45491466349668,232.45491466349668,0.0,-17445.18085191966,17445.18085191966,0.0,0.0,0.0,0.0,0.0,0.0,0.0,0.0,0.0,-178108.90681246654,-178108.90681246654,17910.090681246653,17910.090681246653,17810.090681246653,0.0,100.0,0.0,0.0,17910.090681246653,17910.090681246653,1,0.0,100.0
7972,18597.500650471775,0.0,-185975.00650471775,0.0,10.0,0.0,-0.0,0.1,0.272134657,27.2134657,0.0,0.0,100.0,1.0,0.08,-8.0,-233.32044213575267,233.32044213575267,0.0,-233.32044213575267,233.32044213575267,0.0,-18230.85976620027,18230.85976620027,0.0,0.0,0.0,0.0,0.0,0.0,0.0,0.0,0.0,-185983.00650471775,-185983.00650471775,18697.500650471775,18697.500650471775,18597.500650471775,0.0,100.0,0.0,0.0,18697.500650471775,18697.500650471775,1,0.0,100.0
7973,21605.418866354143,0.0,-216054.18866354143,0.0,10.0,0.0,-0.0,0.1,0.243208651,24.3208651,0.0,0.0,100.0,1.0,0.11,-11.0,-233.21502947486167,233.21502947486167,0.0,-233.21502947486167,233.21502947486167,0.0,-21238.98880740442,21238.98880740442,0.0,0.0,0.0,0.0,0.0,0.0,0.0,0.0,0.0,-216065.18866354143,-216065.18866354143,21705.418866354143,21705.418866354143,21605.418866354143,0.0,100.0,0.0,0.0,21705.418866354143,21705.418866354143,1,0.0,100.0
7974,25787.78004590391,0.0,-257877.8004590391,0.0,10.0,0.0,-0.0,0.1,0.2347770739999999,23.47770739999999,0.0,0.0,100.0,1.0,0.11,-11.0,-269.0291226051103,269.0291226051103,0.0,-269.0291226051103,269.0291226051103,0.0,-25349.72180069369,25349.72180069369,0.0,0.0,0.0,0.0,0.0,0.0,0.0,0.0,0.0,-257888.8004590391,-257888.8004590391,25887.78004590391,25887.78004590391,25787.78004590391,0.0,100.0,0.0,0.0,25887.78004590391,25887.78004590391,1,0.0,100.0
7975,29513.88929159409,0.0,-295138.8929159409,0.0,10.0,0.0,-0.0,0.1,0.232622771,23.262277100000002,0.0,0.0,100.0,1.0,0.11,-11.0,-503.9360185591126,503.9360185591126,0.0,-503.9360185591126,503.9360185591126,0.0,-30257.922563120774,30257.922563120774,0.0,0.0,822.6803320312499,822.6803320312499,0.0,0.0,829.2249766136578,829.2249766136578,0.0,-295149.8929159409,-295149.8929159409,31265.794600238994,31265.794600238998,31165.794600238994,0.0,100.0,0.0,0.0,31265.794600238998,29613.88929159409,1,0.0,100.0
7976,54568.76694844428,0.0,-545687.6694844428,0.0,10.0,0.0,-0.0,0.1,0.234524467,23.4524467,0.0,0.0,100.0,1.0,0.11,-11.0,-693.2323450936772,693.2323450936772,0.0,-693.2323450936772,693.2323450936772,0.0,-63379.08656143528,63379.08656143528,0.0,0.0,5010.87111328125,5010.87111328125,0.0,0.0,5085.913189897101,5085.913189897101,0.0,-545698.6694844428,-545698.6694844428,64765.55125162263,64765.55125162264,64665.55125162263,0.0,100.0,0.0,0.0,64765.55125162264,54668.76694844429,1,0.0,100.0
7977,41811.90406487086,0.0,-418119.0406487086,0.0,10.0,0.0,-0.0,0.1,0.227417756,22.7417756,0.0,0.0,100.0,1.0,0.11,-11.0,-694.0334594917764,694.0334594917764,0.0,-694.0334594917764,694.0334594917764,0.0,-61157.94386335836,61157.94386335836,0.0,0.0,11816.6811328125,11816.6811328125,0.0,0.0,8817.42558465856,8817.42558465856,0.0,-418130.0406487086,-418130.0406487086,62546.010782341924,62546.01078234192,62446.010782341924,0.0,100.0,0.0,0.0,62546.01078234192,41911.904064870854,1,0.0,100.0
7978,33539.55163370263,0.0,-335395.51633702626,0.0,10.0,0.0,-0.0,0.1,0.245807325,24.5807325,0.0,0.0,100.0,1.0,0.11,-11.0,-721.2459339127468,721.2459339127468,0.0,-721.2459339127468,721.2459339127468,0.0,-58305.51358322249,58305.51358322249,0.0,0.0,15107.4024609375,15107.4024609375,0.0,0.0,11001.05135640786,11001.05135640786,0.0,-335406.51633702626,-335406.51633702626,59748.00545104798,59748.00545104798,59648.00545104798,0.0,100.0,0.0,0.0,59748.00545104798,33639.55163370262,1,0.0,100.0
7979,30731.480568530456,0.0,-307314.8056853046,0.0,10.0,0.0,-0.0,0.1,0.259396895,25.9396895,0.0,0.0,100.0,1.0,0.11,-11.0,-748.8494854411156,748.8494854411156,0.0,-748.8494854411156,748.8494854411156,0.0,-58432.21152675838,58432.21152675838,0.0,0.0,17351.076093749998,17351.076093749998,0.0,0.0,11747.35383536015,11747.35383536015,0.0,-307325.8056853046,-307325.8056853046,59929.91049764061,59929.91049764061,59829.91049764061,0.0,100.0,0.0,0.0,59929.91049764061,30831.48056853046,1,0.0,100.0
7980,29248.42805825835,0.0,-292484.2805825835,0.0,10.0,0.0,-0.0,0.1,0.267078961,26.7078961,0.0,0.0,100.0,1.0,0.11,-11.0,-776.5215005788065,776.5215005788065,0.0,-776.5215005788065,776.5215005788065,0.0,-55435.427124882764,55435.427124882764,0.0,0.0,15892.688232421877,15892.688232421877,0.0,0.0,11747.35383536015,11747.35383536015,0.0,-292495.2805825835,-292495.2805825835,56988.47012604038,56988.470126040374,56888.47012604038,0.0,100.0,0.0,0.0,56988.470126040374,29348.428058258345,1,0.0,100.0
7981,37318.541794222874,0.0,-373185.4179422287,0.0,10.0,0.0,-0.0,0.1,0.265223386,26.5223386,0.0,0.0,100.0,1.0,0.11,-11.0,-779.8326965469895,779.8326965469895,0.0,-779.8326965469895,779.8326965469895,0.0,-58406.61873163273,58406.61873163273,0.0,0.0,13536.83091796875,13536.83091796875,0.0,0.0,9010.91141253508,9010.91141253508,0.0,-373196.4179422287,-373196.4179422287,59966.284124726706,59966.284124726706,59866.284124726706,0.0,100.0,0.0,0.0,59966.284124726706,37418.541794222874,1,0.0,100.0
7982,43572.117839316306,0.0,-435721.1783931631,0.0,10.0,0.0,-0.0,0.1,0.272639898,27.263989799999997,0.0,0.0,100.0,1.0,0.08,-8.0,-778.23609128576,778.23609128576,0.0,-778.23609128576,778.23609128576,0.0,-58275.39953943488,58275.39953943488,0.0,0.0,7591.095791015625,7591.095791015625,0.0,0.0,8568.658091674464,8568.658091674464,0.0,-435729.1783931631,-435729.1783931631,59831.8717220064,59831.8717220064,59731.8717220064,0.0,100.0,0.0,0.0,59831.8717220064,43672.11783931631,1,0.0,100.0
7983,53059.90251602959,0.0,-530599.0251602959,0.0,10.0,0.0,-0.0,0.1,0.262653058,26.2653058,0.0,0.0,100.0,1.0,0.08,-8.0,-761.814944900916,761.814944900916,0.0,-761.814944900916,761.814944900916,0.0,-58191.91613743128,58191.91613743128,0.0,0.0,2243.6736328125,2243.6736328125,0.0,0.0,4311.96987839102,4311.96987839102,0.0,-530607.0251602959,-530607.0251602959,59715.54602723311,59715.54602723311,59615.54602723311,0.0,100.0,0.0,0.0,59715.54602723311,53159.90251602959,1,0.0,100.0
7984,65095.679938496316,0.0,-650956.7993849631,0.0,10.0,0.0,-0.0,0.1,0.239322635,23.9322635,0.0,0.0,100.0,1.0,0.08,-8.0,-722.0988957132716,722.0988957132716,0.0,-722.0988957132716,722.0988957132716,0.0,-64249.01713303797,64249.01713303797,0.0,0.0,0.0,0.0,0.0,0.0,497.5349859681946,497.5349859681946,0.0,-650964.7993849631,-650964.7993849631,65693.21492446451,65693.21492446451,65593.21492446451,0.0,100.0,0.0,0.0,65693.21492446451,65195.679938496316,1,0.0,100.0
7985,58410.58655818514,0.0,-584105.8655818515,0.0,10.0,0.0,-0.0,0.1,0.2250077539999999,22.500775399999988,0.0,0.0,100.0,1.0,0.11,-11.0,-541.9915073277896,541.9915073277896,0.0,-541.9915073277896,541.9915073277896,0.0,-57426.60354352956,57426.60354352956,0.0,0.0,0.0,0.0,0.0,0.0,0.0,0.0,0.0,-584116.8655818515,-584116.8655818515,58510.58655818514,58510.58655818514,58410.58655818514,0.0,100.0,0.0,0.0,58510.58655818514,58510.58655818514,1,0.0,100.0
7986,46354.165807257465,0.0,-463541.65807257465,0.0,10.0,0.0,-0.0,0.1,0.217933903,21.793390300000002,0.0,0.0,100.0,1.0,0.11,-11.0,-539.1860257336502,539.1860257336502,0.0,-539.1860257336502,539.1860257336502,0.0,-45375.79375579017,45375.79375579017,0.0,0.0,0.0,0.0,0.0,0.0,0.0,0.0,0.0,-463552.65807257465,-463552.65807257465,46454.165807257465,46454.165807257465,46354.165807257465,0.0,100.0,0.0,0.0,46454.165807257465,46454.165807257465,1,0.0,100.0
7987,44879.90415150882,0.0,-448799.0415150882,0.0,10.0,0.0,-0.0,0.1,0.213852142,21.3852142,0.0,0.0,100.0,1.0,0.11,-11.0,-540.2189937922384,540.2189937922384,0.0,-540.2189937922384,540.2189937922384,0.0,-43899.46616392434,43899.46616392434,0.0,0.0,0.0,0.0,0.0,0.0,0.0,0.0,0.0,-448810.0415150882,-448810.0415150882,44979.90415150882,44979.90415150882,44879.90415150882,0.0,100.0,0.0,0.0,44979.90415150882,44979.90415150882,1,0.0,100.0
7988,35843.2102169658,0.0,-358432.10216965806,0.0,10.0,0.0,-0.0,0.1,0.2141767869999999,21.41767869999999,0.0,0.0,100.0,1.0,0.11,-11.0,-540.561789253536,540.561789253536,0.0,-540.561789253536,540.561789253536,0.0,-34862.08663845873,34862.08663845873,0.0,0.0,0.0,0.0,0.0,0.0,0.0,0.0,0.0,-358443.10216965806,-358443.10216965806,35943.2102169658,35943.2102169658,35843.2102169658,0.0,100.0,0.0,0.0,35943.2102169658,35943.2102169658,1,0.0,100.0
7989,33749.56383417148,0.0,-337495.6383417148,0.0,10.0,0.0,-0.0,0.1,0.2277852269999999,22.77852269999999,0.0,0.0,100.0,1.0,0.11,-11.0,-232.5630550317399,232.5630550317399,0.0,-232.5630550317399,232.5630550317399,0.0,-33384.437724108,33384.437724108,0.0,0.0,0.0,0.0,0.0,0.0,0.0,0.0,0.0,-337506.6383417148,-337506.6383417148,33849.56383417148,33849.56383417148,33749.56383417148,0.0,100.0,0.0,0.0,33849.56383417148,33849.56383417148,1,0.0,100.0
7990,21486.184510442614,0.0,-214861.84510442615,0.0,10.0,0.0,-0.0,0.1,0.246693162,24.6693162,0.0,0.0,100.0,1.0,0.11,-11.0,-232.0872572779459,232.0872572779459,0.0,-232.0872572779459,232.0872572779459,0.0,-21122.00999588672,21122.00999588672,0.0,0.0,0.0,0.0,0.0,0.0,0.0,0.0,0.0,-214872.84510442615,-214872.84510442615,21586.184510442614,21586.184510442614,21486.184510442614,0.0,100.0,0.0,0.0,21586.184510442614,21586.184510442614,1,0.0,100.0
7991,18508.001048582802,0.0,-185080.01048582804,0.0,10.0,0.0,-0.0,0.1,0.2700307369999999,27.00307369999999,0.0,0.0,100.0,1.0,0.11,-11.0,-235.28471390404044,235.28471390404044,0.0,-235.28471390404044,235.28471390404044,0.0,-18137.43162077472,18137.43162077472,0.0,0.0,0.0,0.0,0.0,0.0,0.0,0.0,0.0,-185091.01048582804,-185091.01048582804,18608.001048582802,18608.001048582802,18508.001048582802,0.0,100.0,0.0,0.0,18608.001048582802,18608.001048582802,1,0.0,100.0
7992,17762.734947046243,0.0,-177627.34947046242,0.0,10.0,0.0,-0.0,0.1,0.283064671,28.3064671,0.0,0.0,100.0,1.0,0.08,-8.0,-232.1267698078883,232.1267698078883,0.0,-232.1267698078883,232.1267698078883,0.0,-17398.481407430467,17398.481407430467,0.0,0.0,0.0,0.0,0.0,0.0,0.0,0.0,0.0,-177635.34947046242,-177635.34947046242,17862.734947046243,17862.734947046243,17762.734947046243,0.0,100.0,0.0,0.0,17862.734947046243,17862.734947046243,1,0.0,100.0
7993,17762.754637117523,0.0,-177627.54637117524,0.0,10.0,0.0,-0.0,0.1,0.28886158,28.886158000000002,0.0,0.0,100.0,1.0,0.08,-8.0,-232.13661484352747,232.13661484352747,0.0,-232.13661484352747,232.13661484352747,0.0,-17398.481407430467,17398.481407430467,0.0,0.0,0.0,0.0,0.0,0.0,0.0,0.0,0.0,-177635.54637117524,-177635.54637117524,17862.754637117523,17862.754637117523,17762.754637117523,0.0,100.0,0.0,0.0,17862.754637117523,17862.754637117523,1,0.0,100.0
7994,17762.633326275405,0.0,-177626.33326275405,0.0,10.0,0.0,-0.0,0.1,0.290353034,29.0353034,0.0,0.0,100.0,1.0,0.08,-8.0,-232.0759563994816,232.0759563994816,0.0,-232.0759563994816,232.0759563994816,0.0,-17398.481413476442,17398.481413476442,0.0,0.0,0.0,0.0,0.0,0.0,0.0,0.0,0.0,-177634.33326275405,-177634.33326275405,17862.633326275405,17862.633326275405,17762.633326275405,0.0,100.0,0.0,0.0,17862.633326275405,17862.633326275405,1,0.0,100.0
7995,17762.517268229345,0.0,-177625.17268229346,0.0,10.0,0.0,-0.0,0.1,0.2807069789999999,28.070697899999992,0.0,0.0,100.0,1.0,0.08,-8.0,-232.0179273764513,232.0179273764513,0.0,-232.0179273764513,232.0179273764513,0.0,-17398.481413476442,17398.481413476442,0.0,0.0,0.0,0.0,0.0,0.0,0.0,0.0,0.0,-177633.17268229346,-177633.17268229346,17862.517268229345,17862.517268229345,17762.517268229345,0.0,100.0,0.0,0.0,17862.517268229345,17862.517268229345,1,0.0,100.0
7996,18503.142481481034,0.0,-185031.42481481034,0.0,10.0,0.0,-0.0,0.1,0.274656509,27.4656509,0.0,0.0,100.0,1.0,0.08,-8.0,-232.85534570958544,232.85534570958544,0.0,-232.85534570958544,232.85534570958544,0.0,-18137.431790061863,18137.431790061863,0.0,0.0,0.0,0.0,0.0,0.0,0.0,0.0,0.0,-185039.42481481034,-185039.42481481034,18603.142481481034,18603.142481481034,18503.142481481034,0.0,100.0,0.0,0.0,18603.142481481034,18603.142481481034,1,0.0,100.0
7997,21487.601144253553,0.0,-214876.01144253553,0.0,10.0,0.0,-0.0,0.1,0.254032361,25.403236099999997,0.0,0.0,100.0,1.0,0.11,-11.0,-232.75125420283624,232.75125420283624,0.0,-232.75125420283624,232.75125420283624,0.0,-21122.09863584788,21122.09863584788,0.0,0.0,0.0,0.0,0.0,0.0,0.0,0.0,0.0,-214887.01144253553,-214887.01144253553,21587.601144253553,21587.601144253553,21487.601144253553,0.0,100.0,0.0,0.0,21587.601144253553,21587.601144253553,1,0.0,100.0
7998,25767.374807507902,0.0,-257673.74807507903,0.0,10.0,0.0,-0.0,0.1,0.241740576,24.1740576,0.0,0.0,100.0,1.0,0.11,-11.0,-271.9993290868196,271.9993290868196,0.0,-271.9993290868196,271.9993290868196,0.0,-25323.376149334264,25323.376149334264,0.0,0.0,0.0,0.0,0.0,0.0,0.0,0.0,0.0,-257684.74807507903,-257684.74807507903,25867.374807507902,25867.374807507902,25767.374807507902,0.0,100.0,0.0,0.0,25867.374807507902,25867.374807507902,1,0.0,100.0
7999,29883.146431364563,0.0,-298831.4643136456,0.0,10.0,0.0,-0.0,0.1,0.227636437,22.7636437,0.0,0.0,100.0,1.0,0.11,-11.0,-506.6081332515014,506.6081332515014,0.0,-506.6081332515014,506.6081332515014,0.0,-30631.589201499555,30631.589201499555,0.0,0.0,860.074892578125,860.074892578125,0.0,0.0,801.5841440598691,801.5841440598691,0.0,-298842.4643136456,-298842.4643136456,31644.805468002556,31644.80546800256,31544.805468002556,0.0,100.0,0.0,0.0,31644.80546800256,29983.146431364567,1,0.0,100.0
8000,58385.41677460059,0.0,-583854.1677460059,0.0,10.0,0.0,-0.0,0.1,0.214520557,21.4520557,0.0,0.0,100.0,1.0,0.11,-11.0,-695.6654461605185,695.6654461605185,0.0,-695.6654461605185,695.6654461605185,0.0,-63370.11198453451,63370.11198453451,0.0,0.0,1383.5987402343749,1383.5987402343749,0.0,0.0,4892.42736202058,4892.42736202058,0.0,-583865.1677460059,-583865.1677460059,64761.442876855544,64761.442876855544,64661.442876855544,0.0,100.0,0.0,0.0,64761.442876855544,58485.41677460059,1,0.0,100.0
8001,46306.53484794998,0.0,-463065.3484794998,0.0,10.0,0.0,-0.0,0.1,0.212534121,21.2534121,0.0,0.0,100.0,1.0,0.11,-11.0,-693.6022841532265,693.6022841532265,0.0,-693.6022841532265,693.6022841532265,0.0,-61149.85459779463,61149.85459779463,0.0,0.0,6843.204580078125,6843.204580078125,0.0,0.0,9287.319738072969,9287.319738072969,0.0,-463076.3484794998,-463076.3484794998,62537.05916610108,62537.05916610108,62437.05916610108,0.0,100.0,0.0,0.0,62537.05916610108,46406.53484794998,1,0.0,100.0
8002,41947.287274626884,0.0,-419472.87274626887,0.0,10.0,0.0,-0.0,0.1,0.217741562,21.7741562,0.0,0.0,100.0,1.0,0.11,-11.0,-712.163725771095,712.163725771095,0.0,-712.163725771095,712.163725771095,0.0,-58259.115149424666,58259.115149424666,0.0,0.0,6469.258974609375,6469.258974609375,0.0,0.0,11166.896351730593,11166.896351730593,0.0,-419483.87274626887,-419483.87274626887,59683.44260096685,59683.44260096685,59583.44260096685,0.0,100.0,0.0,0.0,59683.44260096685,42047.287274626884,1,0.0,100.0
8003,33689.99068559869,0.0,-336899.9068559869,0.0,10.0,0.0,-0.0,0.1,0.21712565,21.712565,0.0,0.0,100.0,1.0,0.11,-11.0,-731.8726455151916,731.8726455151916,0.0,-731.8726455151916,731.8726455151916,0.0,-58366.54959372311,58366.54959372311,0.0,0.0,12302.810419921874,12302.810419921874,0.0,0.0,13737.49377923293,13737.49377923293,0.0,-336910.9068559869,-336910.9068559869,59830.29488475349,59830.29488475349,59730.29488475349,0.0,100.0,0.0,0.0,59830.29488475349,33789.99068559869,1,0.0,100.0
8004,41147.96766417918,0.0,-411479.6766417918,0.0,10.0,0.0,-0.0,0.1,0.20716186,20.716186,0.0,0.0,100.0,1.0,0.11,-11.0,-745.1071057660271,745.1071057660271,0.0,-745.1071057660271,745.1071057660271,0.0,-55345.372944916846,55345.372944916846,0.0,0.0,3702.0614941406247,3702.0614941406247,0.0,0.0,11885.557998129094,11885.557998129094,0.0,-411490.6766417918,-411490.6766417918,56835.5871564489,56835.5871564489,56735.5871564489,0.0,100.0,0.0,0.0,56835.5871564489,41247.96766417918,1,0.0,100.0
8005,41350.5645861947,0.0,-413505.645861947,0.0,10.0,0.0,-0.0,0.1,0.212658258,21.2658258,0.0,0.0,100.0,1.0,0.11,-11.0,-748.0949986836315,748.0949986836315,0.0,-748.0949986836315,748.0949986836315,0.0,-58312.43226441684,58312.43226441684,0.0,0.0,6693.626337890625,6693.626337890625,0.0,0.0,11664.431337698785,11664.431337698785,0.0,-413516.645861947,-413516.645861947,59808.62226178411,59808.622261784105,59708.62226178411,0.0,100.0,0.0,0.0,59808.622261784105,41450.5645861947,1,0.0,100.0
8006,41802.996669950284,0.0,-418029.96669950284,0.0,10.0,0.0,-0.0,0.1,0.239280482,23.9280482,0.0,0.0,100.0,1.0,0.08,-8.0,-767.3548691184341,767.3548691184341,0.0,-767.3548691184341,767.3548691184341,0.0,-58210.82765845314,58210.82765845314,0.0,0.0,8638.143486328125,8638.143486328125,0.0,0.0,9204.3972404116,9204.3972404116,0.0,-418037.96669950284,-418037.96669950284,59745.53739669001,59745.53739669001,59645.53739669001,0.0,100.0,0.0,0.0,59745.53739669001,41902.996669950284,1,0.0,100.0
8007,51653.26274083207,0.0,-516532.62740832067,0.0,10.0,0.0,-0.0,0.1,0.244244498,24.4244498,0.0,0.0,100.0,1.0,0.08,-8.0,-756.2002912678142,756.2002912678142,0.0,-756.2002912678142,756.2002912678142,0.0,-58189.858137727424,58189.858137727424,0.0,0.0,3664.66693359375,3664.66693359375,0.0,0.0,4284.329045837232,4284.329045837232,0.0,-516540.62740832067,-516540.62740832067,59702.25872026305,59702.25872026305,59602.25872026305,0.0,100.0,0.0,0.0,59702.25872026305,51753.26274083207,1,0.0,100.0
8008,65081.098034373055,0.0,-650810.9803437305,0.0,10.0,0.0,-0.0,0.1,0.248706783,24.870678299999998,0.0,0.0,100.0,1.0,0.08,-8.0,-716.1290484816207,716.1290484816207,0.0,-716.1290484816207,716.1290484816207,0.0,-64246.374923378,64246.374923378,0.0,0.0,0.0,0.0,0.0,0.0,497.5349859681946,497.5349859681946,0.0,-650818.9803437305,-650818.9803437305,65678.63302034125,65678.63302034125,65578.63302034125,0.0,100.0,0.0,0.0,65678.63302034125,65181.098034373055,1,0.0,100.0
8009,58412.84920240318,0.0,-584128.4920240318,0.0,10.0,0.0,-0.0,0.1,0.247875633,24.787563300000002,0.0,0.0,100.0,1.0,0.11,-11.0,-544.3763342800497,544.3763342800497,0.0,-544.3763342800497,544.3763342800497,0.0,-57424.09653384308,57424.09653384308,0.0,0.0,0.0,0.0,0.0,0.0,0.0,0.0,0.0,-584139.4920240318,-584139.4920240318,58512.84920240318,58512.84920240318,58412.84920240318,0.0,100.0,0.0,0.0,58512.84920240318,58512.84920240318,1,0.0,100.0
8010,46353.67204926742,0.0,-463536.7204926742,0.0,10.0,0.0,-0.0,0.1,0.244052925,24.4052925,0.0,0.0,100.0,1.0,0.11,-11.0,-540.5020329182245,540.5020329182245,0.0,-540.5020329182245,540.5020329182245,0.0,-45372.66798343097,45372.66798343097,0.0,0.0,0.0,0.0,0.0,0.0,0.0,0.0,0.0,-463547.7204926742,-463547.7204926742,46453.67204926742,46453.67204926742,46353.67204926742,0.0,100.0,0.0,0.0,46453.67204926742,46453.67204926742,1,0.0,100.0
8011,44876.12976330099,0.0,-448761.2976330099,0.0,10.0,0.0,-0.0,0.1,0.246199016,24.6199016,0.0,0.0,100.0,1.0,0.11,-11.0,-540.1993725088431,540.1993725088431,0.0,-540.1993725088431,540.1993725088431,0.0,-43895.7310182833,43895.7310182833,0.0,0.0,0.0,0.0,0.0,0.0,0.0,0.0,0.0,-448772.2976330099,-448772.2976330099,44976.12976330099,44976.12976330099,44876.12976330099,0.0,100.0,0.0,0.0,44976.12976330099,44976.12976330099,1,0.0,100.0
8012,35839.3127763968,0.0,-358393.127763968,0.0,10.0,0.0,-0.0,0.1,0.2471915019999999,24.71915019999999,0.0,0.0,100.0,1.0,0.11,-11.0,-540.1497791230005,540.1497791230005,0.0,-540.1497791230005,540.1497791230005,0.0,-34859.0132181508,34859.0132181508,0.0,0.0,0.0,0.0,0.0,0.0,0.0,0.0,0.0,-358404.127763968,-358404.127763968,35939.3127763968,35939.3127763968,35839.3127763968,0.0,100.0,0.0,0.0,35939.3127763968,35939.3127763968,1,0.0,100.0
8013,33747.428883899745,0.0,-337474.2888389975,0.0,10.0,0.0,-0.0,0.1,0.251913573,25.1913573,0.0,0.0,100.0,1.0,0.11,-11.0,-232.85234385490327,232.85234385490327,0.0,-232.85234385490327,232.85234385490327,0.0,-33381.72419618994,33381.72419618994,0.0,0.0,0.0,0.0,0.0,0.0,0.0,0.0,0.0,-337485.2888389975,-337485.2888389975,33847.428883899745,33847.428883899745,33747.428883899745,0.0,100.0,0.0,0.0,33847.428883899745,33847.428883899745,1,0.0,100.0
8014,21486.7999502107,0.0,-214867.999502107,0.0,10.0,0.0,-0.0,0.1,0.263135119,26.313511899999998,0.0,0.0,100.0,1.0,0.11,-11.0,-232.3949136793091,232.3949136793091,0.0,-232.3949136793091,232.3949136793091,0.0,-21122.010122852083,21122.010122852083,0.0,0.0,0.0,0.0,0.0,0.0,0.0,0.0,0.0,-214878.999502107,-214878.999502107,21586.7999502107,21586.7999502107,21486.7999502107,0.0,100.0,0.0,0.0,21586.7999502107,21586.7999502107,1,0.0,100.0
8015,18508.48047347046,0.0,-185084.8047347046,0.0,10.0,0.0,-0.0,0.1,0.266574936,26.6574936,0.0,0.0,100.0,1.0,0.11,-11.0,-235.524347750264,235.524347750264,0.0,-235.524347750264,235.524347750264,0.0,-18137.43177796993,18137.43177796993,0.0,0.0,0.0,0.0,0.0,0.0,0.0,0.0,0.0,-185095.8047347046,-185095.8047347046,18608.48047347046,18608.48047347046,18508.48047347046,0.0,100.0,0.0,0.0,18608.48047347046,18608.48047347046,1,0.0,100.0
8016,17763.61788230422,0.0,-177636.1788230422,0.0,10.0,0.0,-0.0,0.1,0.272030492,27.203049200000002,0.0,0.0,100.0,1.0,0.08,-8.0,-232.568149770318,232.568149770318,0.0,-232.568149770318,232.568149770318,0.0,-17398.481582763587,17398.481582763587,0.0,0.0,0.0,0.0,0.0,0.0,0.0,0.0,0.0,-177644.1788230422,-177644.1788230422,17863.61788230422,17863.61788230422,17763.61788230422,0.0,100.0,0.0,0.0,17863.61788230422,17863.61788230422,1,0.0,100.0
8017,17763.658916933615,0.0,-177636.58916933613,0.0,10.0,0.0,-0.0,0.1,0.274902885,27.4902885,0.0,0.0,100.0,1.0,0.08,-8.0,-232.588670107998,232.588670107998,0.0,-232.588670107998,232.588670107998,0.0,-17398.48157671762,17398.48157671762,0.0,0.0,0.0,0.0,0.0,0.0,0.0,0.0,0.0,-177644.58916933613,-177644.58916933613,17863.658916933615,17863.658916933615,17763.658916933615,0.0,100.0,0.0,0.0,17863.658916933615,17863.658916933615,1,0.0,100.0
8018,17763.65176060913,0.0,-177636.51760609128,0.0,10.0,0.0,-0.0,0.1,0.273654126,27.3654126,0.0,0.0,100.0,1.0,0.08,-8.0,-232.5850979917229,232.5850979917229,0.0,-232.5850979917229,232.5850979917229,0.0,-17398.481564625683,17398.481564625683,0.0,0.0,0.0,0.0,0.0,0.0,0.0,0.0,0.0,-177644.51760609128,-177644.51760609128,17863.65176060913,17863.65176060913,17763.65176060913,0.0,100.0,0.0,0.0,17863.65176060913,17863.65176060913,1,0.0,100.0
8019,17763.651081768123,0.0,-177636.51081768124,0.0,10.0,0.0,-0.0,0.1,0.273989153,27.3989153,0.0,0.0,100.0,1.0,0.08,-8.0,-232.58475857121945,232.58475857121945,0.0,-232.58475857121945,232.58475857121945,0.0,-17398.481564625683,17398.481564625683,0.0,0.0,0.0,0.0,0.0,0.0,0.0,0.0,0.0,-177644.51081768124,-177644.51081768124,17863.651081768123,17863.651081768123,17763.651081768123,0.0,100.0,0.0,0.0,17863.651081768123,17863.651081768123,1,0.0,100.0
8020,18511.990363192792,0.0,-185119.9036319279,0.0,10.0,0.0,-0.0,0.1,0.263637391,26.3637391,0.0,0.0,100.0,1.0,0.08,-8.0,-237.2792140138244,237.2792140138244,0.0,-237.2792140138244,237.2792140138244,0.0,-18137.431935165143,18137.431935165143,0.0,0.0,0.0,0.0,0.0,0.0,0.0,0.0,0.0,-185127.9036319279,-185127.9036319279,18611.990363192792,18611.990363192792,18511.990363192792,0.0,100.0,0.0,0.0,18611.990363192792,18611.990363192792,1,0.0,100.0
8021,21495.18282902882,0.0,-214951.82829028822,0.0,10.0,0.0,-0.0,0.1,0.250722589,25.0722589,0.0,0.0,100.0,1.0,0.11,-11.0,-236.54195753317097,236.54195753317097,0.0,-236.54195753317097,236.54195753317097,0.0,-21122.09891396248,21122.09891396248,0.0,0.0,0.0,0.0,0.0,0.0,0.0,0.0,0.0,-214962.82829028822,-214962.82829028822,21595.18282902882,21595.18282902882,21495.18282902882,0.0,100.0,0.0,0.0,21595.18282902882,21595.18282902882,1,0.0,100.0
8022,25785.266972339203,0.0,-257852.66972339203,0.0,10.0,0.0,-0.0,0.1,0.237830321,23.7830321,0.0,0.0,100.0,1.0,0.11,-11.0,-285.9401472552116,285.9401472552116,0.0,-285.9401472552116,285.9401472552116,0.0,-25313.38667782878,25313.38667782878,0.0,0.0,0.0,0.0,0.0,0.0,0.0,0.0,0.0,-257863.66972339203,-257863.66972339203,25885.266972339203,25885.266972339203,25785.266972339203,0.0,100.0,0.0,0.0,25885.266972339203,25885.266972339203,1,0.0,100.0
8023,28910.854185406042,0.0,-289108.54185406043,0.0,10.0,0.0,-0.0,0.1,0.235823289,23.5823289,0.0,0.0,100.0,1.0,0.11,-11.0,-546.9040040415338,546.9040040415338,0.0,-546.9040040415338,546.9040040415338,0.0,-30230.67949639308,30230.67949639308,0.0,0.0,1346.2041796875,1346.2041796875,0.0,0.0,967.4291393826009,967.4291393826009,0.0,-289119.54185406043,-289119.54185406043,31324.487504476143,31324.487504476147,31224.487504476143,0.0,100.0,0.0,0.0,31324.487504476147,29010.854185406046,1,0.0,100.0
8024,54960.433562958555,0.0,-549604.3356295855,0.0,10.0,0.0,-0.0,0.1,0.227664192,22.766419199999998,0.0,0.0,100.0,1.0,0.11,-11.0,-772.7940575816435,772.7940575816435,0.0,-772.7940575816435,772.7940575816435,0.0,-63369.37528313167,63369.37528313167,0.0,0.0,4823.898310546875,4823.898310546875,0.0,0.0,5030.631524789524,5030.631524789524,0.0,-549615.3356295855,-549615.3356295855,64914.96339829495,64914.96339829495,64814.96339829495,0.0,100.0,0.0,0.0,64914.96339829495,55060.433562958555,1,0.0,100.0
8025,43572.291772657,0.0,-435722.91772657004,0.0,10.0,0.0,-0.0,0.1,0.221287024,22.1287024,0.0,0.0,100.0,1.0,0.11,-11.0,-804.7180396434422,804.7180396434422,0.0,-804.7180396434422,804.7180396434422,0.0,-61150.79099757528,61150.79099757528,0.0,0.0,10021.7422265625,10021.7422265625,0.0,0.0,9066.193077642658,9066.193077642658,0.0,-435733.91772657004,-435733.91772657004,62760.22707686216,62760.22707686216,62660.22707686216,0.0,100.0,0.0,0.0,62760.22707686216,43672.291772657,1,0.0,100.0
8026,36542.5823707618,0.0,-365425.82370761794,0.0,10.0,0.0,-0.0,0.1,0.224515538,22.4515538,0.0,0.0,100.0,1.0,0.11,-11.0,-859.6512957944121,859.6512957944121,0.0,-859.6512957944121,859.6512957944121,0.0,-58193.08255612756,58193.08255612756,0.0,0.0,10582.660634765623,10582.660634765623,0.0,0.0,12687.142142188964,12687.142142188964,0.0,-365436.82370761794,-365436.82370761794,59912.385147716384,59912.385147716384,59812.385147716384,0.0,100.0,0.0,0.0,59912.385147716384,36642.5823707618,1,0.0,100.0
8027,31469.681595788243,0.0,-314696.81595788244,0.0,10.0,0.0,-0.0,0.1,0.219076741,21.907674099999998,0.0,0.0,100.0,1.0,0.11,-11.0,-931.861672320352,931.861672320352,0.0,-931.861672320352,931.861672320352,0.0,-58212.71471441089,58212.71471441089,0.0,0.0,14022.960205078123,14022.960205078123,0.0,0.0,14483.796258185224,14483.796258185224,0.0,-314707.81595788244,-314707.81595788244,60076.438059051594,60076.438059051594,59976.438059051594,0.0,100.0,0.0,0.0,60076.438059051594,31569.681595788246,1,0.0,100.0
8028,33264.60997579472,0.0,-332646.09975794726,0.0,10.0,0.0,-0.0,0.1,0.183512041,18.3512041,0.0,0.0,100.0,1.0,0.11,-11.0,-964.7882712517824,964.7882712517824,0.0,-964.7882712517824,964.7882712517824,0.0,-55275.603204762745,55275.603204762745,0.0,0.0,9273.851015625,9273.851015625,0.0,0.0,14566.718755846588,14566.718755846588,0.0,-332657.09975794726,-332657.09975794726,57205.17974726631,57205.17974726631,57105.17974726631,0.0,100.0,0.0,0.0,57205.17974726631,33364.60997579472,1,0.0,100.0
8029,40119.21104822007,0.0,-401192.11048220075,0.0,10.0,0.0,-0.0,0.1,0.251925799,25.192579900000002,0.0,0.0,100.0,1.0,0.11,-11.0,-963.2765127480676,963.2765127480676,0.0,-963.2765127480676,963.2765127480676,0.0,-58307.51368067493,58307.51368067493,0.0,0.0,7217.150185546875,7217.150185546875,0.0,0.0,12797.705472404115,12797.705472404115,0.0,-401203.11048220075,-401203.11048220075,60234.06670617106,60234.06670617106,60134.06670617106,0.0,100.0,0.0,0.0,60234.06670617106,40219.21104822007,1,0.0,100.0
8030,45348.30878867154,0.0,-453483.08788671537,0.0,10.0,0.0,-0.0,0.1,0.266816463,26.6816463,0.0,0.0,100.0,1.0,0.08,-8.0,-978.6168839139856,978.6168839139856,0.0,-978.6168839139856,978.6168839139856,0.0,-58254.26735189551,58254.26735189551,0.0,0.0,5310.02759765625,5310.02759765625,0.0,0.0,9453.1647333957,9453.1647333957,0.0,-453491.08788671537,-453491.08788671537,60211.501119723485,60211.501119723485,60111.501119723485,0.0,100.0,0.0,0.0,60211.501119723485,45448.30878867154,1,0.0,100.0
8031,51516.26743950762,0.0,-515162.6743950762,0.0,10.0,0.0,-0.0,0.1,0.271741395,27.1741395,0.0,0.0,100.0,1.0,0.08,-8.0,-963.1040062103008,963.1040062103008,0.0,-963.1040062103008,963.1040062103008,0.0,-58190.251706168296,58190.251706168296,0.0,0.0,3552.483251953125,3552.483251953125,0.0,0.0,4947.709027128158,4947.709027128158,0.0,-515170.6743950762,-515170.6743950762,60116.4597185889,60116.4597185889,60016.4597185889,0.0,100.0,0.0,0.0,60116.4597185889,51616.26743950762,1,0.0,100.0
8032,65040.45555378821,0.0,-650404.5555378821,0.0,10.0,0.0,-0.0,0.1,0.279691628,27.969162800000003,0.0,0.0,100.0,1.0,0.08,-8.0,-889.3046095006548,889.3046095006548,0.0,-889.3046095006548,889.3046095006548,0.0,-64246.35297650813,64246.35297650813,0.0,0.0,0.0,0.0,0.0,0.0,884.5066417212349,884.5066417212349,0.0,-650412.5555378821,-650412.5555378821,66024.96219550945,66024.96219550945,65924.96219550945,0.0,100.0,0.0,0.0,66024.96219550945,65140.45555378821,1,0.0,100.0
8033,58696.18920831188,0.0,-586961.8920831188,0.0,10.0,0.0,-0.0,0.1,0.284675707,28.4675707,0.0,0.0,100.0,1.0,0.11,-11.0,-685.8600518402827,685.8600518402827,0.0,-685.8600518402827,685.8600518402827,0.0,-57424.46910463132,57424.46910463132,0.0,0.0,0.0,0.0,0.0,0.0,0.0,0.0,0.0,-586972.8920831188,-586972.8920831188,58796.18920831188,58796.18920831188,58696.18920831188,0.0,100.0,0.0,0.0,58796.18920831188,58796.18920831188,1,0.0,100.0
8034,46627.15669382923,0.0,-466271.5669382923,0.0,10.0,0.0,-0.0,0.1,0.2822041819999999,28.22041819999999,0.0,0.0,100.0,1.0,0.11,-11.0,-676.6381197755427,676.6381197755427,0.0,-676.6381197755427,676.6381197755427,0.0,-45373.88045427814,45373.88045427814,0.0,0.0,0.0,0.0,0.0,0.0,0.0,0.0,0.0,-466282.5669382923,-466282.5669382923,46727.15669382923,46727.15669382923,46627.15669382923,0.0,100.0,0.0,0.0,46727.15669382923,46727.15669382923,1,0.0,100.0
8035,45139.89748329875,0.0,-451398.97483298753,0.0,10.0,0.0,-0.0,0.1,0.263158486,26.315848600000002,0.0,0.0,100.0,1.0,0.11,-11.0,-670.9783406216576,670.9783406216576,0.0,-670.9783406216576,670.9783406216576,0.0,-43897.94080205543,43897.94080205543,0.0,0.0,0.0,0.0,0.0,0.0,0.0,0.0,0.0,-451409.97483298753,-451409.97483298753,45239.89748329875,45239.89748329875,45139.89748329875,0.0,100.0,0.0,0.0,45239.89748329875,45239.89748329875,1,0.0,100.0
8036,36094.545241584165,0.0,-360945.45241584163,0.0,10.0,0.0,-0.0,0.1,0.254640622,25.464062199999997,0.0,0.0,100.0,1.0,0.11,-11.0,-666.4122193517401,666.4122193517401,0.0,-666.4122193517401,666.4122193517401,0.0,-34861.720802880685,34861.720802880685,0.0,0.0,0.0,0.0,0.0,0.0,0.0,0.0,0.0,-360956.45241584163,-360956.45241584163,36194.545241584165,36194.545241584165,36094.545241584165,0.0,100.0,0.0,0.0,36194.545241584165,36194.545241584165,1,0.0,100.0
8037,33752.45630982713,0.0,-337524.5630982713,0.0,10.0,0.0,-0.0,0.1,0.24786123,24.786123,0.0,0.0,100.0,1.0,0.11,-11.0,-233.2456294550305,233.2456294550305,0.0,-233.2456294550305,233.2456294550305,0.0,-33385.96505091707,33385.96505091707,0.0,0.0,0.0,0.0,0.0,0.0,0.0,0.0,0.0,-337535.5630982713,-337535.5630982713,33852.45630982713,33852.45630982713,33752.45630982713,0.0,100.0,0.0,0.0,33852.45630982713,33852.45630982713,1,0.0,100.0
8038,21488.5910699856,0.0,-214885.910699856,0.0,10.0,0.0,-0.0,0.1,0.260185719,26.018571899999998,0.0,0.0,100.0,1.0,0.11,-11.0,-233.29039496915547,233.29039496915547,0.0,-233.29039496915547,233.29039496915547,0.0,-21122.01028004729,21122.01028004729,0.0,0.0,0.0,0.0,0.0,0.0,0.0,0.0,0.0,-214896.910699856,-214896.910699856,21588.5910699856,21588.5910699856,21488.5910699856,0.0,100.0,0.0,0.0,21588.5910699856,21588.5910699856,1,0.0,100.0
8039,18509.834873746036,0.0,-185098.34873746036,0.0,10.0,0.0,-0.0,0.1,0.254094658,25.409465799999996,0.0,0.0,100.0,1.0,0.11,-11.0,-236.20147533641432,236.20147533641432,0.0,-236.20147533641432,236.20147533641432,0.0,-18137.431923073207,18137.431923073207,0.0,0.0,0.0,0.0,0.0,0.0,0.0,0.0,0.0,-185109.34873746036,-185109.34873746036,18609.834873746036,18609.834873746036,18509.834873746036,0.0,100.0,0.0,0.0,18609.834873746036,18609.834873746036,1,0.0,100.0
8040,14751.484380950993,0.0,-147514.84380950994,0.0,10.0,0.0,-0.0,0.1,0.25668135,25.668134999999996,0.0,0.0,100.0,1.0,0.08,-8.0,-233.1789454602122,233.1789454602122,0.0,-233.1789454602122,233.1789454602122,0.0,-14385.126490030569,14385.126490030569,0.0,0.0,0.0,0.0,0.0,0.0,0.0,0.0,0.0,-147522.84380950994,-147522.84380950994,14851.484380950993,14851.484380950993,14751.484380950993,0.0,100.0,0.0,0.0,14851.484380950993,14851.484380950993,1,0.0,100.0
8041,14751.425991879125,0.0,-147514.25991879124,0.0,10.0,0.0,-0.0,0.1,0.258235479,25.823547899999998,0.0,0.0,100.0,1.0,0.08,-8.0,-233.1497448783101,233.1497448783101,0.0,-233.1497448783101,233.1497448783101,0.0,-14385.126502122504,14385.126502122504,0.0,0.0,0.0,0.0,0.0,0.0,0.0,0.0,0.0,-147522.25991879124,-147522.25991879124,14851.425991879125,14851.425991879125,14751.425991879125,0.0,100.0,0.0,0.0,14851.425991879125,14851.425991879125,1,0.0,100.0
8042,14751.403349368304,0.0,-147514.03349368303,0.0,10.0,0.0,-0.0,0.1,0.258465833,25.8465833,0.0,0.0,100.0,1.0,0.08,-8.0,-233.13842362289984,233.13842362289984,0.0,-233.13842362289984,233.13842362289984,0.0,-14385.126502122504,14385.126502122504,0.0,0.0,0.0,0.0,0.0,0.0,0.0,0.0,0.0,-147522.03349368303,-147522.03349368303,14851.403349368304,14851.403349368304,14751.403349368304,0.0,100.0,0.0,0.0,14851.403349368304,14851.403349368304,1,0.0,100.0
8043,14751.162093546976,0.0,-147511.62093546975,0.0,10.0,0.0,-0.0,0.1,0.267252596,26.7252596,0.0,0.0,100.0,1.0,0.08,-8.0,-233.017804781191,233.017804781191,0.0,-233.017804781191,233.017804781191,0.0,-14385.126483984595,14385.126483984595,0.0,0.0,0.0,0.0,0.0,0.0,0.0,0.0,0.0,-147519.62093546975,-147519.62093546975,14851.162093546976,14851.162093546976,14751.162093546976,0.0,100.0,0.0,0.0,14851.162093546976,14851.162093546976,1,0.0,100.0
8044,15561.922878540432,0.0,-155619.22878540432,0.0,10.0,0.0,-0.0,0.1,0.276543114,27.654311399999997,0.0,0.0,100.0,1.0,0.08,-8.0,-233.92791483531835,233.92791483531835,0.0,-233.92791483531835,233.92791483531835,0.0,-15194.067048869796,15194.067048869796,0.0,0.0,0.0,0.0,0.0,0.0,0.0,0.0,0.0,-155627.22878540432,-155627.22878540432,15661.922878540432,15661.922878540432,15561.922878540432,0.0,100.0,0.0,0.0,15661.922878540432,15661.922878540432,1,0.0,100.0
8045,17086.558928637867,0.0,-170865.58928637867,0.0,10.0,0.0,-0.0,0.1,0.271950498,27.1950498,0.0,0.0,100.0,1.0,0.11,-11.0,-233.86636980583745,233.86636980583745,0.0,-233.86636980583745,233.86636980583745,0.0,-16718.826189026193,16718.826189026193,0.0,0.0,0.0,0.0,0.0,0.0,0.0,0.0,0.0,-170876.58928637867,-170876.58928637867,17186.558928637867,17186.558928637867,17086.558928637867,0.0,100.0,0.0,0.0,17186.558928637867,17186.558928637867,1,0.0,100.0
8046,25701.788810165606,0.0,-257017.88810165605,0.0,10.0,0.0,-0.0,0.1,0.248377488,24.8377488,0.0,0.0,100.0,1.0,0.11,-11.0,-233.9287581563548,233.9287581563548,0.0,-233.9287581563548,233.9287581563548,0.0,-25333.931293852896,25333.931293852896,0.0,0.0,0.0,0.0,0.0,0.0,0.0,0.0,0.0,-257028.88810165605,-257028.88810165605,25801.788810165606,25801.788810165606,25701.788810165606,0.0,100.0,0.0,0.0,25801.788810165606,25801.788810165606,1,0.0,100.0
8047,22201.135768134423,0.0,-222011.35768134423,0.0,10.0,0.0,-0.0,0.1,0.238583778,23.8583778,0.0,0.0,100.0,1.0,0.11,-11.0,-197.8194355072964,197.8194355072964,0.0,-197.8194355072964,197.8194355072964,0.0,-24241.87837502705,24241.87837502705,0.0,0.0,1645.3606640624998,1645.3606640624998,0.0,0.0,691.0208138447148,691.0208138447148,0.0,-222022.35768134423,-222022.35768134423,24637.517246041636,24637.51724604164,24537.517246041636,0.0,100.0,0.0,0.0,24637.51724604164,22301.135768134423,1,0.0,100.0
8048,29086.915576520125,0.0,-290869.15576520126,0.0,10.0,0.0,-0.0,0.1,0.238910058,23.891005800000002,0.0,0.0,100.0,1.0,0.11,-11.0,-197.8344400944277,197.8344400944277,0.0,-197.8344400944277,197.8344400944277,0.0,-39287.933847226166,39287.933847226166,0.0,0.0,6544.048095703125,6544.048095703125,0.0,0.0,3952.639055191768,3952.639055191768,0.0,-290880.15576520126,-290880.15576520126,39683.60272741502,39683.60272741502,39583.60272741502,0.0,100.0,0.0,0.0,39683.60272741502,29186.915576520125,1,0.0,100.0
8049,18105.04384473279,0.0,-181050.4384473279,0.0,10.0,0.0,-0.0,0.1,0.2403200439999999,24.03200439999999,0.0,0.0,100.0,1.0,0.11,-11.0,-197.78307090168323,197.78307090168323,0.0,-197.78307090168323,197.78307090168323,0.0,-37063.16314413653,37063.16314413653,0.0,0.0,11928.864814453123,11928.864814453123,0.0,0.0,7324.820626753977,7324.820626753977,0.0,-181061.4384473279,-181061.4384473279,37458.72928593989,37458.729285939895,37358.72928593989,0.0,100.0,0.0,0.0,37458.729285939895,18205.043844732794,1,0.0,100.0
8050,10704.84815505481,0.0,-107048.4815505481,0.0,10.0,0.0,-0.0,0.1,0.259567657,25.956765700000002,0.0,0.0,100.0,1.0,0.11,-11.0,-197.604317135404,197.604317135404,0.0,-197.604317135404,197.604317135404,0.0,-34119.917169972425,34119.917169972425,0.0,0.0,13649.014599609374,13649.014599609374,0.0,0.0,10061.263049579047,10061.263049579047,0.0,-107059.4815505481,-107059.4815505481,34515.12580424323,34515.12580424323,34415.12580424323,0.0,100.0,0.0,0.0,34515.12580424323,10804.84815505481,1,0.0,100.0
8051,6293.424688904444,0.0,-62934.24688904444,0.0,10.0,0.0,-0.0,0.1,0.285336988,28.5336988,0.0,0.0,100.0,1.0,0.11,-11.0,-200.5015234803741,200.5015234803741,0.0,-200.5015234803741,200.5015234803741,0.0,-34123.485670551774,34123.485670551774,0.0,0.0,16079.66103515625,16079.66103515625,0.0,0.0,12051.402993451826,12051.402993451826,0.0,-62945.24688904444,-62945.24688904444,34524.48871751252,34524.48871751252,34424.48871751252,0.0,100.0,0.0,0.0,34524.48871751252,6393.424688904444,1,0.0,100.0
8052,3784.4898522728,0.0,-37844.898522728,0.0,10.0,0.0,-0.0,0.1,0.272733363,27.2733363,0.0,0.0,100.0,1.0,0.11,-11.0,-197.7044249701493,197.7044249701493,0.0,-197.7044249701493,197.7044249701493,0.0,-34127.2641778872,34127.2641778872,0.0,0.0,17425.86521484375,17425.86521484375,0.0,0.0,13212.317960710949,13212.317960710949,0.0,-37855.898522728,-37855.898522728,34522.6730278275,34522.6730278275,34422.6730278275,0.0,100.0,0.0,0.0,34522.6730278275,3884.4898522728,1,0.0,100.0
8053,11294.25269526687,0.0,-112942.5269526687,0.0,10.0,0.0,-0.0,0.1,0.277595565,27.7595565,0.0,0.0,100.0,1.0,0.11,-11.0,-197.9193388194306,197.9193388194306,0.0,-197.9193388194306,197.9193388194306,0.0,-34123.30989002994,34123.30989002994,0.0,0.0,14583.87861328125,14583.87861328125,0.0,0.0,8541.017259120676,8541.017259120676,0.0,-112953.5269526687,-112953.5269526687,34519.148567668795,34519.148567668795,34419.148567668795,0.0,100.0,0.0,0.0,34519.148567668795,11394.25269526687,1,0.0,100.0
8054,5855.96493866957,0.0,-58559.6493866957,0.0,10.0,0.0,-0.0,0.1,0.286289796,28.628979599999997,0.0,0.0,100.0,1.0,0.08,-8.0,-228.0808834734575,228.0808834734575,0.0,-228.0808834734575,228.0808834734575,0.0,-19057.951613744623,19057.951613744623,0.0,0.0,9909.558544921874,9909.558544921874,0.0,0.0,3648.5898971000943,3648.5898971000943,0.0,-58567.6493866957,-58567.6493866957,19514.11338069154,19514.11338069154,19414.11338069154,0.0,100.0,0.0,0.0,19514.11338069154,5955.964938669571,1,0.0,100.0
8055,12129.35017164037,0.0,-121293.5017164037,0.0,10.0,0.0,-0.0,0.1,0.295933587,29.5933587,0.0,0.0,100.0,1.0,0.08,-8.0,-197.85814270853683,197.85814270853683,0.0,-197.85814270853683,197.85814270853683,0.0,-19078.583001525272,19078.583001525272,0.0,0.0,4038.6125390625,4038.6125390625,0.0,0.0,3206.3365762394765,3206.3365762394765,0.0,-121301.5017164037,-121301.5017164037,19474.299286942347,19474.299286942347,19374.299286942347,0.0,100.0,0.0,0.0,19474.299286942347,12229.35017164037,1,0.0,100.0
8056,24566.285818598844,0.0,-245662.85818598844,0.0,10.0,0.0,-0.0,0.1,0.305931532,30.5931532,0.0,0.0,100.0,1.0,0.08,-8.0,-197.29111950184924,197.29111950184924,0.0,-197.29111950184924,197.29111950184924,0.0,-25156.21022131638,25156.21022131638,0.0,0.0,0.0,0.0,0.0,0.0,884.5066417212349,884.5066417212349,0.0,-245670.85818598844,-245670.85818598844,25550.79246032008,25550.79246032008,25450.79246032008,0.0,100.0,0.0,0.0,25550.79246032008,24666.285818598844,1,0.0,100.0
8057,23222.812326475072,0.0,-232228.12326475073,0.0,10.0,0.0,-0.0,0.1,0.3050419219999999,30.50419219999999,0.0,0.0,100.0,1.0,0.11,-11.0,-227.0104882791446,227.0104882791446,0.0,-227.0104882791446,227.0104882791446,0.0,-22868.791349916784,22868.791349916784,0.0,0.0,0.0,0.0,0.0,0.0,0.0,0.0,0.0,-232239.12326475073,-232239.12326475073,23322.812326475072,23322.812326475072,23222.812326475072,0.0,100.0,0.0,0.0,23322.812326475072,23322.812326475072,1,0.0,100.0
8058,21401.424133992718,0.0,-214014.2413399272,0.0,10.0,0.0,-0.0,0.1,0.29501912,29.501912,0.0,0.0,100.0,1.0,0.11,-11.0,-232.842571623958,232.842571623958,0.0,-232.842571623958,232.842571623958,0.0,-21035.7389907448,21035.7389907448,0.0,0.0,0.0,0.0,0.0,0.0,0.0,0.0,0.0,-214025.2413399272,-214025.2413399272,21501.424133992718,21501.424133992718,21401.424133992718,0.0,100.0,0.0,0.0,21501.424133992718,21501.424133992718,1,0.0,100.0
8059,19995.251810549827,0.0,-199952.51810549828,0.0,10.0,0.0,-0.0,0.1,0.28520972,28.520972,0.0,0.0,100.0,1.0,0.11,-11.0,-233.6604859980425,233.6604859980425,0.0,-233.6604859980425,233.6604859980425,0.0,-19627.930838553744,19627.930838553744,0.0,0.0,0.0,0.0,0.0,0.0,0.0,0.0,0.0,-199963.51810549828,-199963.51810549828,20095.251810549827,20095.251810549827,19995.251810549827,0.0,100.0,0.0,0.0,20095.251810549827,20095.251810549827,1,0.0,100.0
8060,20018.712886705525,0.0,-200187.12886705526,0.0,10.0,0.0,-0.0,0.1,0.279828146,27.9828146,0.0,0.0,100.0,1.0,0.11,-11.0,-233.56398287431736,233.56398287431736,0.0,-233.56398287431736,233.56398287431736,0.0,-19651.58492095689,19651.58492095689,0.0,0.0,0.0,0.0,0.0,0.0,0.0,0.0,0.0,-200198.12886705526,-200198.12886705526,20118.712886705525,20118.712886705525,20018.712886705525,0.0,100.0,0.0,0.0,20118.712886705525,20118.712886705525,1,0.0,100.0
8061,18563.566964069214,0.0,-185635.66964069213,0.0,10.0,0.0,-0.0,0.1,0.284523543,28.4523543,0.0,0.0,100.0,1.0,0.11,-11.0,-233.05978601787967,233.05978601787967,0.0,-233.05978601787967,233.05978601787967,0.0,-18197.447392033453,18197.447392033453,0.0,0.0,0.0,0.0,0.0,0.0,0.0,0.0,0.0,-185646.66964069213,-185646.66964069213,18663.566964069214,18663.566964069214,18563.566964069214,0.0,100.0,0.0,0.0,18663.566964069214,18663.566964069214,1,0.0,100.0
8062,17061.613572501556,0.0,-170616.13572501554,0.0,10.0,0.0,-0.0,0.1,0.271986143,27.198614300000003,0.0,0.0,100.0,1.0,0.11,-11.0,-232.40030997158144,232.40030997158144,0.0,-232.40030997158144,232.40030997158144,0.0,-16696.812952558394,16696.812952558394,0.0,0.0,0.0,0.0,0.0,0.0,0.0,0.0,0.0,-170627.13572501554,-170627.13572501554,17161.613572501556,17161.613572501556,17061.613572501556,0.0,100.0,0.0,0.0,17161.613572501556,17161.613572501556,1,0.0,100.0
8063,15845.116491405026,0.0,-158451.16491405026,0.0,10.0,0.0,-0.0,0.1,0.284992501,28.4992501,0.0,0.0,100.0,1.0,0.11,-11.0,-235.29517514354484,235.29517514354484,0.0,-235.29517514354484,235.29517514354484,0.0,-15474.526141117936,15474.526141117936,0.0,0.0,0.0,0.0,0.0,0.0,0.0,0.0,0.0,-158462.16491405026,-158462.16491405026,15945.116491405026,15945.116491405026,15845.116491405026,0.0,100.0,0.0,0.0,15945.116491405026,15945.116491405026,1,0.0,100.0
8064,16006.230390023406,0.0,-160062.30390023405,0.0,10.0,0.0,-0.0,0.1,0.306769603,30.6769603,0.0,0.0,100.0,1.0,0.08,-8.0,-232.38902783823363,232.38902783823363,0.0,-232.38902783823363,232.38902783823363,0.0,-15641.45233434694,15641.45233434694,0.0,0.0,0.0,0.0,0.0,0.0,0.0,0.0,0.0,-160070.30390023405,-160070.30390023405,16106.230390023406,16106.230390023406,16006.230390023406,0.0,100.0,0.0,0.0,16106.230390023406,16106.230390023406,1,0.0,100.0
8065,15799.481556642533,0.0,-157994.81556642533,0.0,10.0,0.0,-0.0,0.1,0.30814212,30.814212,0.0,0.0,100.0,1.0,0.08,-8.0,-232.3738572647688,232.3738572647688,0.0,-232.3738572647688,232.3738572647688,0.0,-15434.733842112995,15434.733842112995,0.0,0.0,0.0,0.0,0.0,0.0,0.0,0.0,0.0,-158002.81556642533,-158002.81556642533,15899.481556642533,15899.481556642533,15799.481556642533,0.0,100.0,0.0,0.0,15899.481556642533,15899.481556642533,1,0.0,100.0
8066,16010.497988229592,0.0,-160104.9798822959,0.0,10.0,0.0,-0.0,0.1,0.307297782,30.729778200000002,0.0,0.0,100.0,1.0,0.08,-8.0,-232.36067936414145,232.36067936414145,0.0,-232.36067936414145,232.36067936414145,0.0,-15645.77662950131,15645.77662950131,0.0,0.0,0.0,0.0,0.0,0.0,0.0,0.0,0.0,-160112.9798822959,-160112.9798822959,16110.497988229592,16110.497988229592,16010.497988229592,0.0,100.0,0.0,0.0,16110.497988229592,16110.497988229592,1,0.0,100.0
8067,15803.008899381686,0.0,-158030.08899381687,0.0,10.0,0.0,-0.0,0.1,0.299578098,29.9578098,0.0,0.0,100.0,1.0,0.08,-8.0,-232.3478430179482,232.3478430179482,0.0,-232.3478430179482,232.3478430179482,0.0,-15438.31321334579,15438.31321334579,0.0,0.0,0.0,0.0,0.0,0.0,0.0,0.0,0.0,-158038.08899381687,-158038.08899381687,15903.008899381686,15903.008899381686,15803.008899381686,0.0,100.0,0.0,0.0,15903.008899381686,15903.008899381686,1,0.0,100.0
8068,16754.243561358242,0.0,-167542.43561358243,0.0,10.0,0.0,-0.0,0.1,0.2957119569999999,29.57119569999999,0.0,0.0,100.0,1.0,0.08,-8.0,-233.2332513181486,233.2332513181486,0.0,-233.2332513181486,233.2332513181486,0.0,-16387.777058721946,16387.777058721946,0.0,0.0,0.0,0.0,0.0,0.0,0.0,0.0,0.0,-167550.43561358243,-167550.43561358243,16854.243561358242,16854.243561358242,16754.243561358242,0.0,100.0,0.0,0.0,16854.243561358242,16854.243561358242,1,0.0,100.0
8069,18024.8157409435,0.0,-180248.15740943502,0.0,10.0,0.0,-0.0,0.1,0.314422848,31.442284799999996,0.0,0.0,100.0,1.0,0.11,-11.0,-233.1655542502004,233.1655542502004,0.0,-233.1655542502004,233.1655542502004,0.0,-17658.4846324431,17658.4846324431,0.0,0.0,0.0,0.0,0.0,0.0,0.0,0.0,0.0,-180259.15740943502,-180259.15740943502,18124.8157409435,18124.8157409435,18024.8157409435,0.0,100.0,0.0,0.0,18124.8157409435,18124.8157409435,1,0.0,100.0
8070,21190.76457173806,0.0,-211907.64571738057,0.0,10.0,0.0,-0.0,0.1,0.327920622,32.7920622,0.0,0.0,100.0,1.0,0.11,-11.0,-233.21702942816867,233.21702942816867,0.0,-233.21702942816867,233.21702942816867,0.0,-20824.33051288172,20824.33051288172,0.0,0.0,0.0,0.0,0.0,0.0,0.0,0.0,0.0,-211918.64571738057,-211918.64571738057,21290.76457173806,21290.76457173806,21190.76457173806,0.0,100.0,0.0,0.0,21290.76457173806,21290.76457173806,1,0.0,100.0
8071,17203.882706916764,0.0,-172038.82706916763,0.0,10.0,0.0,-0.0,0.1,0.327459779,32.7459779,0.0,0.0,100.0,1.0,0.11,-11.0,-197.1043845419337,197.1043845419337,0.0,-197.1043845419337,197.1043845419337,0.0,-18994.047219905075,18994.047219905075,0.0,0.0,1420.99330078125,1420.99330078125,0.0,0.0,663.3799812909263,663.3799812909263,0.0,-172049.82706916763,-172049.82706916763,19388.255988988938,19388.25598898894,19288.255988988938,0.0,100.0,0.0,0.0,19388.25598898894,17303.882706916767,1,0.0,100.0
8072,9300.220941263517,0.0,-93002.20941263516,0.0,10.0,0.0,-0.0,0.1,0.328854284,32.8854284,0.0,0.0,100.0,1.0,0.11,-11.0,-197.23184405409293,197.23184405409293,0.0,-197.23184405409293,197.23184405409293,0.0,-19196.77489453308,19196.77489453308,0.0,0.0,6431.8644140625,6431.8644140625,0.0,0.0,3759.153227315248,3759.153227315248,0.0,-93013.20941263516,-93013.20941263516,19591.238582641265,19591.238582641265,19491.238582641265,0.0,100.0,0.0,0.0,19591.238582641265,9400.220941263517,1,0.0,100.0
8073,1304.8629817900182,0.0,-13048.629817900182,0.0,10.0,0.0,-0.0,0.1,0.332770661,33.2770661,0.0,0.0,100.0,1.0,0.11,-11.0,-197.40043106330168,197.40043106330168,0.0,-197.40043106330168,197.40043106330168,0.0,-16769.628579674598,16769.628579674598,0.0,0.0,11779.286572265624,11779.286572265624,0.0,0.0,3980.279887745557,3980.279887745557,0.0,-13059.629817900182,-13059.629817900182,17164.4294418012,17164.4294418012,17064.4294418012,0.0,100.0,0.0,0.0,17164.4294418012,1404.8629817900182,1,0.0,100.0
8074,0.0,0.0,-0.0,55.55555555555556,10.0,0.0,-0.0,0.1,0.339951995,0.0,0.0,100.0,0.0,1.0,0.11,0.0,-197.3943618715548,197.3943618715548,0.0,-197.3943618715548,197.3943618715548,0.0,-14416.402266887975,14416.402266887975,0.0,738.9688835008601,15705.7154296875,14966.74654618664,0.0,6965.489803554725,6965.489803554725,0.0,0.0,0.0,0.0,14966.74654618664,14966.74654618664,14966.74654618664,0.0,0.0,155.55555555555475,0.0,14811.190990631085,-7860.01424261114,1,-55.55555555555556,-100.0
8075,0.0,0.0,-0.0,44.44444444444444,60.0,0.0,-0.0,0.6,0.339283116,0.0,0.0,100.0,0.0,1.0,0.11,0.0,-200.2497615437343,200.2497615437343,0.0,-200.2497615437343,200.2497615437343,0.0,-13811.060824559388,13811.060824559388,0.0,3107.254983299321,17463.259775390623,14356.004792091302,0.0,4698.941534144061,4698.941534144061,0.0,0.0,0.0,0.0,14356.004792091302,14356.004792091302,14356.004792091302,0.0,0.0,144.44444444444525,0.0,14211.560347646857,-7950.640961887828,1,-44.44444444444444,-100.0
8076,0.0,0.0,-0.0,0.0,100.0,-0.0,-0.0,1.0,0.305405363,0.0,0.0,100.0,0.0,1.0,0.11,0.0,-197.4111947770196,197.4111947770196,0.0,-197.4111947770196,197.4111947770196,0.0,-14017.909244681285,14017.909244681285,0.0,1716.5076431084253,16229.23927734375,14512.731634235324,0.0,4698.941534144061,4698.941534144061,0.0,0.0,0.0,0.0,14512.731634235324,14512.731634235324,14512.731634235324,0.0,0.0,100.0,0.0,14412.731634235324,-6515.449177252487,1,-0.0,-100.0
8077,0.0,0.0,-0.0,0.0,100.0,-0.0,-0.0,1.0,0.290642273,0.0,0.0,100.0,0.0,1.0,0.11,0.0,-197.6855291395017,197.6855291395017,0.0,-197.6855291395017,197.6855291395017,0.0,-13808.233946802173,13808.233946802173,0.0,0.0,13835.98740234375,13835.98740234375,0.0,3623.2256152232862,4090.843217960712,467.61760273742584,0.0,0.0,0.0,14303.605005081175,14303.605005081175,14303.605005081175,0.0,0.0,100.0,0.0,14203.605005081175,-3723.2256152232876,1,-0.0,-100.0
8078,3189.1658122288154,0.0,-31891.658122288154,0.0,100.0,45.0,-0.0,1.0,0.310238793,31.0238793,0.0,0.0,100.0,1.0,0.08,-8.0,-197.83636870750303,197.83636870750303,0.0,-197.83636870750303,197.83636870750303,0.0,-15122.764885154224,15122.764885154224,0.0,0.0,9199.061894531247,9199.061894531247,0.0,0.0,2985.209915809168,2985.209915809168,0.0,-31899.658122288154,-31899.658122288154,15518.43762256923,15518.43762256923,15373.43762256923,0.0,145.0,0.0,0.0,15518.43762256923,3334.1658122288154,1,45.0,100.0
8079,8977.041627064806,0.0,-89770.41627064806,0.0,50.0,36.0,-0.0,0.5,0.325683646,32.5683646,0.0,0.0,100.0,1.0,0.08,-8.0,-197.81643331788007,197.81643331788007,0.0,-197.81643331788007,197.81643331788007,0.0,-13808.024907401244,13808.024907401244,0.0,0.0,3515.08869140625,3515.08869140625,0.0,0.0,1575.5274555659498,1575.5274555659498,0.0,-89778.41627064806,-89778.41627064806,14203.657774037005,14203.657774037005,14067.657774037005,0.0,136.0,0.0,0.0,14203.657774037005,9113.041627064806,1,36.0,100.0
8080,20376.79837995261,0.0,-203767.9837995261,0.0,10.0,0.0,-0.0,0.1,0.302692919,30.2692919,0.0,0.0,100.0,1.0,0.08,-8.0,-197.3150747566141,197.3150747566141,0.0,-197.3150747566141,197.3150747566141,0.0,-20469.13988619242,20469.13988619242,0.0,0.0,0.0,0.0,0.0,0.0,386.9716557530403,386.9716557530403,0.0,-203775.9837995261,-203775.9837995261,20863.77003570565,20863.77003570565,20763.77003570565,0.0,100.0,0.0,0.0,20863.77003570565,20476.79837995261,1,0.0,100.0
8081,23070.714403473245,0.0,-230707.14403473245,0.0,10.0,0.0,-0.0,0.1,0.29075752,29.075751999999998,0.0,0.0,100.0,1.0,0.11,-11.0,-227.0483197319706,227.0483197319706,0.0,-227.0483197319706,227.0483197319706,0.0,-22716.617764009305,22716.617764009305,0.0,0.0,0.0,0.0,0.0,0.0,0.0,0.0,0.0,-230718.14403473245,-230718.14403473245,23170.714403473245,23170.714403473245,23070.714403473245,0.0,100.0,0.0,0.0,23170.714403473245,23170.714403473245,1,0.0,100.0
8082,22659.021136167088,0.0,-226590.21136167087,0.0,10.0,0.0,-0.0,0.1,0.279538692,27.953869199999996,0.0,0.0,100.0,1.0,0.11,-11.0,-232.91132578258672,232.91132578258672,0.0,-232.91132578258672,232.91132578258672,0.0,-22293.198484601915,22293.198484601915,0.0,0.0,0.0,0.0,0.0,0.0,0.0,0.0,0.0,-226601.21136167087,-226601.21136167087,22759.021136167088,22759.021136167088,22659.021136167088,0.0,100.0,0.0,0.0,22759.021136167088,22759.021136167088,1,0.0,100.0
8083,20975.49801297276,0.0,-209754.9801297276,0.0,10.0,0.0,-0.0,0.1,0.271897774,27.189777399999997,0.0,0.0,100.0,1.0,0.11,-11.0,-233.85851459779485,233.85851459779485,0.0,-233.85851459779485,233.85851459779485,0.0,-20607.78098377717,20607.78098377717,0.0,0.0,0.0,0.0,0.0,0.0,0.0,0.0,0.0,-209765.9801297276,-209765.9801297276,21075.49801297276,21075.49801297276,20975.49801297276,0.0,100.0,0.0,0.0,21075.49801297276,21075.49801297276,1,0.0,100.0
8084,21185.403557469497,0.0,-211854.03557469498,0.0,10.0,0.0,-0.0,0.1,0.258019113,25.8019113,0.0,0.0,100.0,1.0,0.11,-11.0,-233.76484336744937,233.76484336744937,0.0,-233.76484336744937,233.76484336744937,0.0,-20817.8738707346,20817.8738707346,0.0,0.0,0.0,0.0,0.0,0.0,0.0,0.0,0.0,-211865.03557469498,-211865.03557469498,21285.403557469497,21285.403557469497,21185.403557469497,0.0,100.0,0.0,0.0,21285.403557469497,21285.403557469497,1,0.0,100.0
8085,19499.178785548298,0.0,-194991.78785548298,0.0,10.0,0.0,-0.0,0.1,0.261573764,26.157376399999997,0.0,0.0,100.0,1.0,0.11,-11.0,-233.17755242189585,233.17755242189585,0.0,-233.17755242189585,233.17755242189585,0.0,-19132.823680704507,19132.823680704507,0.0,0.0,0.0,0.0,0.0,0.0,0.0,0.0,0.0,-195002.78785548298,-195002.78785548298,19599.178785548298,19599.178785548298,19499.178785548298,0.0,100.0,0.0,0.0,19599.178785548298,19599.178785548298,1,0.0,100.0
8086,18229.401715904263,0.0,-182294.01715904265,0.0,10.0,0.0,-0.0,0.1,0.292675571,29.2675571,0.0,0.0,100.0,1.0,0.11,-11.0,-232.4575797755491,232.4575797755491,0.0,-232.4575797755491,232.4575797755491,0.0,-17864.486556353164,17864.486556353164,0.0,0.0,0.0,0.0,0.0,0.0,0.0,0.0,0.0,-182305.01715904265,-182305.01715904265,18329.401715904263,18329.401715904263,18229.401715904263,0.0,100.0,0.0,0.0,18329.401715904263,18329.401715904263,1,0.0,100.0
8087,16549.879039468895,0.0,-165498.79039468896,0.0,10.0,0.0,-0.0,0.1,0.275952291,27.5952291,0.0,0.0,100.0,1.0,0.11,-11.0,-235.34353771164456,235.34353771164456,0.0,-235.34353771164456,235.34353771164456,0.0,-16179.191964045607,16179.191964045607,0.0,0.0,0.0,0.0,0.0,0.0,0.0,0.0,0.0,-165509.79039468896,-165509.79039468896,16649.879039468895,16649.879039468895,16549.879039468895,0.0,100.0,0.0,0.0,16649.879039468895,16649.879039468895,1,0.0,100.0
8088,19027.526222648507,0.0,-190275.26222648507,0.0,10.0,0.0,-0.0,0.1,0.280303485,28.030348500000002,0.0,0.0,100.0,1.0,0.08,-8.0,-232.49556972503032,232.49556972503032,0.0,-232.49556972503032,232.49556972503032,0.0,-18662.535083198447,18662.535083198447,0.0,0.0,0.0,0.0,0.0,0.0,0.0,0.0,0.0,-190283.26222648507,-190283.26222648507,19127.526222648507,19127.526222648507,19027.526222648507,0.0,100.0,0.0,0.0,19127.526222648507,19127.526222648507,1,0.0,100.0
8089,18820.043024112387,0.0,-188200.43024112386,0.0,10.0,0.0,-0.0,0.1,0.286769191,28.6769191,0.0,0.0,100.0,1.0,0.08,-8.0,-232.5373625063507,232.5373625063507,0.0,-232.5373625063507,232.5373625063507,0.0,-18454.968299099684,18454.968299099684,0.0,0.0,0.0,0.0,0.0,0.0,0.0,0.0,0.0,-188208.43024112386,-188208.43024112386,18920.043024112387,18920.043024112387,18820.043024112387,0.0,100.0,0.0,0.0,18920.043024112387,18920.043024112387,1,0.0,100.0
8090,19029.068112393306,0.0,-190290.68112393306,0.0,10.0,0.0,-0.0,0.1,0.297971651,29.7971651,0.0,0.0,100.0,1.0,0.08,-8.0,-232.54536947452223,232.54536947452223,0.0,-232.54536947452223,232.54536947452223,0.0,-18663.97737344426,18663.97737344426,0.0,0.0,0.0,0.0,0.0,0.0,0.0,0.0,0.0,-190298.68112393306,-190298.68112393306,19129.068112393306,19129.068112393306,19029.068112393306,0.0,100.0,0.0,0.0,19129.068112393306,19129.068112393306,1,0.0,100.0
8091,18821.251424008737,0.0,-188212.51424008736,0.0,10.0,0.0,-0.0,0.1,0.312656251,31.2656251,0.0,0.0,100.0,1.0,0.08,-8.0,-232.5626064460376,232.5626064460376,0.0,-232.5626064460376,232.5626064460376,0.0,-18456.12621111666,18456.12621111666,0.0,0.0,0.0,0.0,0.0,0.0,0.0,0.0,0.0,-188220.51424008736,-188220.51424008736,18921.251424008737,18921.251424008737,18821.251424008737,0.0,100.0,0.0,0.0,18921.251424008737,18921.251424008737,1,0.0,100.0
8092,19770.94916462151,0.0,-197709.4916462151,0.0,10.0,0.0,-0.0,0.1,0.31182005,31.182005,0.0,0.0,100.0,1.0,0.08,-8.0,-233.5474832386148,233.5474832386148,0.0,-233.5474832386148,233.5474832386148,0.0,-19403.85419814428,19403.85419814428,0.0,0.0,0.0,0.0,0.0,0.0,0.0,0.0,0.0,-197717.4916462151,-197717.4916462151,19870.94916462151,19870.94916462151,19770.94916462151,0.0,100.0,0.0,0.0,19870.94916462151,19870.94916462151,1,0.0,100.0
8093,22546.54358999601,0.0,-225465.4358999601,0.0,10.0,0.0,-0.0,0.1,0.277910777,27.7910777,0.0,0.0,100.0,1.0,0.11,-11.0,-233.48329498033127,233.48329498033127,0.0,-233.48329498033127,233.48329498033127,0.0,-22179.577000035348,22179.577000035348,0.0,0.0,0.0,0.0,0.0,0.0,0.0,0.0,0.0,-225476.4358999601,-225476.4358999601,22646.54358999601,22646.54358999601,22546.54358999601,0.0,100.0,0.0,0.0,22646.54358999601,22646.54358999601,1,0.0,100.0
8094,26451.039086714296,0.0,-264510.39086714294,0.0,10.0,0.0,-0.0,0.1,0.268497736,26.8497736,0.0,0.0,100.0,1.0,0.11,-11.0,-286.4700594408076,286.4700594408076,0.0,-286.4700594408076,286.4700594408076,0.0,-25978.09896783268,25978.09896783268,0.0,0.0,0.0,0.0,0.0,0.0,0.0,0.0,0.0,-264521.39086714294,-264521.39086714294,26551.039086714296,26551.039086714296,26451.039086714296,0.0,100.0,0.0,0.0,26551.039086714296,26551.039086714296,1,0.0,100.0
8095,30144.692064261344,0.0,-301446.92064261343,0.0,10.0,0.0,-0.0,0.1,0.2658848889999999,26.58848889999999,0.0,0.0,100.0,1.0,0.11,-11.0,-523.0867815366558,523.0867815366558,0.0,-523.0867815366558,523.0867815366558,0.0,-30375.668602142123,30375.668602142123,0.0,0.0,486.129287109375,486.129287109375,0.0,0.0,691.0208138447148,691.0208138447148,0.0,-301457.92064261343,-301457.92064261343,31421.842165215436,31421.842165215436,31321.842165215436,0.0,100.0,0.0,0.0,31421.842165215436,30244.692064261348,1,0.0,100.0
8096,59501.46948385735,0.0,-595014.6948385735,0.0,10.0,0.0,-0.0,0.1,0.270879682,27.087968200000002,0.0,0.0,100.0,1.0,0.11,-11.0,-719.9021906503438,719.9021906503438,0.0,-719.9021906503438,719.9021906503438,0.0,-63449.10263857711,63449.10263857711,0.0,0.0,1832.333466796875,1832.333466796875,0.0,0.0,3455.104069223574,3455.104069223574,0.0,-595025.6948385735,-595025.6948385735,64888.9070198778,64888.9070198778,64788.9070198778,0.0,100.0,0.0,0.0,64888.9070198778,59601.46948385735,1,0.0,100.0
8097,51732.41079574931,0.0,-517324.1079574931,0.0,10.0,0.0,-0.0,0.1,0.278795297,27.8795297,0.0,0.0,100.0,1.0,0.11,-11.0,-732.3394457804026,732.3394457804026,0.0,-732.3394457804026,732.3394457804026,0.0,-61206.05249036352,61206.05249036352,0.0,0.0,2767.1974804687497,2767.1974804687497,0.0,0.0,8071.123105706269,8071.123105706269,0.0,-517335.1079574931,-517335.1079574931,62670.73138192433,62670.73138192433,62570.73138192433,0.0,100.0,0.0,0.0,62670.73138192433,51832.41079574931,1,0.0,100.0
8098,50421.70158243911,0.0,-504217.01582439116,0.0,10.0,0.0,-0.0,0.1,0.288244929,28.8244929,0.0,0.0,100.0,1.0,0.11,-11.0,-766.1631717643351,766.1631717643351,0.0,-766.1631717643351,766.1631717643351,0.0,-58237.49034836949,58237.49034836949,0.0,0.0,3664.66693359375,3664.66693359375,0.0,0.0,5583.448175865296,5583.448175865296,0.0,-504228.01582439116,-504228.01582439116,59769.81669189816,59769.81669189816,59669.81669189816,0.0,100.0,0.0,0.0,59769.81669189816,50521.70158243911,1,0.0,100.0
8099,49324.942803999,0.0,-493249.42803999,0.0,10.0,0.0,-0.0,0.1,0.306125395,30.612539500000004,0.0,0.0,100.0,1.0,0.11,-11.0,-783.2408687857237,783.2408687857237,0.0,-783.2408687857237,783.2408687857237,0.0,-58226.82426030764,58226.82426030764,0.0,0.0,4038.6125390625,4038.6125390625,0.0,0.0,6329.750654817587,6329.750654817587,0.0,-493260.42803999,-493260.42803999,59793.305997879084,59793.30599787909,59693.305997879084,0.0,100.0,0.0,0.0,59793.30599787909,49424.942803999,1,0.0,100.0
8100,44626.5920310609,0.0,-446265.920310609,0.0,10.0,0.0,-0.0,0.1,0.301846712,30.1846712,0.0,0.0,100.0,1.0,0.11,-11.0,-792.9172833146368,792.9172833146368,0.0,-792.9172833146368,792.9172833146368,0.0,-55213.06692921326,55213.06692921326,0.0,0.0,4636.9255078125,4636.9255078125,0.0,0.0,7435.383956969131,7435.383956969131,0.0,-446276.920310609,-446276.920310609,56798.90149584253,56798.90149584253,56698.90149584253,0.0,100.0,0.0,0.0,56798.90149584253,44726.5920310609,1,0.0,100.0
8101,40902.328602886395,0.0,-409023.286028864,0.0,10.0,0.0,-0.0,0.1,0.299568597,29.9568597,0.0,0.0,100.0,1.0,0.11,-11.0,-791.747960851346,791.747960851346,0.0,-791.747960851346,791.747960851346,0.0,-58217.27037068616,58217.27037068616,0.0,0.0,11667.102890625,11667.102890625,0.0,0.0,7131.334798877457,7131.334798877457,0.0,-409034.286028864,-409034.286028864,59800.76629238885,59800.76629238885,59700.76629238885,0.0,100.0,0.0,0.0,59800.76629238885,41002.328602886395,1,0.0,100.0
8102,52581.42329013908,0.0,-525814.2329013908,0.0,10.0,0.0,-0.0,0.1,0.321504412,32.1504412,0.0,0.0,100.0,1.0,0.08,-8.0,-811.4248611747956,811.4248611747956,0.0,-811.4248611747956,811.4248611747956,0.0,-58215.70751171342,58215.70751171342,0.0,0.0,4337.7690234375,4337.7690234375,0.0,0.0,2819.3649204864364,2819.3649204864364,0.0,-525822.2329013908,-525822.2329013908,59838.55723406302,59838.55723406302,59738.55723406302,0.0,100.0,0.0,0.0,59838.55723406302,52681.42329013908,1,0.0,100.0
8103,53989.69492113295,0.0,-539896.9492113295,0.0,10.0,0.0,-0.0,0.1,0.296288203,29.6288203,0.0,0.0,100.0,1.0,0.08,-8.0,-816.5116807778917,816.5116807778917,0.0,-816.5116807778917,816.5116807778917,0.0,-58222.105006139376,58222.105006139376,0.0,0.0,2393.251875,2393.251875,0.0,0.0,3372.1815715622083,3372.1815715622083,0.0,-539904.9492113295,-539904.9492113295,59855.12836769516,59855.12836769516,59755.12836769516,0.0,100.0,0.0,0.0,59855.12836769516,54089.69492113295,1,0.0,100.0
8104,65348.81540193122,0.0,-653488.1540193122,0.0,10.0,0.0,-0.0,0.1,0.269984441,26.9984441,0.0,0.0,100.0,1.0,0.08,-8.0,-789.2747556955045,789.2747556955045,0.0,-789.2747556955045,789.2747556955045,0.0,-64284.87837884703,64284.87837884703,0.0,0.0,0.0,0.0,0.0,0.0,414.6124883068289,414.6124883068289,0.0,-653496.1540193122,-653496.1540193122,65863.42789023805,65863.42789023805,65763.42789023805,0.0,100.0,0.0,0.0,65863.42789023805,65448.81540193122,1,0.0,100.0
8105,58623.6094893883,0.0,-586236.094893883,0.0,10.0,0.0,-0.0,0.1,0.2508632739999999,25.08632739999999,0.0,0.0,100.0,1.0,0.11,-11.0,-629.1753561836908,629.1753561836908,0.0,-629.1753561836908,629.1753561836908,0.0,-57465.258777020914,57465.258777020914,0.0,0.0,0.0,0.0,0.0,0.0,0.0,0.0,0.0,-586247.094893883,-586247.094893883,58723.6094893883,58723.6094893883,58623.6094893883,0.0,100.0,0.0,0.0,58723.6094893883,58723.6094893883,1,0.0,100.0
8106,46591.79871235446,0.0,-465917.98712354456,0.0,10.0,0.0,-0.0,0.1,0.243182603,24.3182603,0.0,0.0,100.0,1.0,0.11,-11.0,-634.6063955422089,634.6063955422089,0.0,-634.6063955422089,634.6063955422089,0.0,-45422.58592127004,45422.58592127004,0.0,0.0,0.0,0.0,0.0,0.0,0.0,0.0,0.0,-465928.98712354456,-465928.98712354456,46691.79871235446,46691.79871235446,46591.79871235446,0.0,100.0,0.0,0.0,46691.79871235446,46691.79871235446,1,0.0,100.0
8107,45124.66930983693,0.0,-451246.6930983693,0.0,10.0,0.0,-0.0,0.1,0.235610445,23.5610445,0.0,0.0,100.0,1.0,0.11,-11.0,-636.9918007478417,636.9918007478417,0.0,-636.9918007478417,636.9918007478417,0.0,-43950.68570834125,43950.68570834125,0.0,0.0,0.0,0.0,0.0,0.0,0.0,0.0,0.0,-451257.6930983693,-451257.6930983693,45224.66930983693,45224.66930983693,45124.66930983693,0.0,100.0,0.0,0.0,45224.66930983693,45224.66930983693,1,0.0,100.0
8108,36096.83419137475,0.0,-360968.3419137475,0.0,10.0,0.0,-0.0,0.1,0.238938944,23.893894399999997,0.0,0.0,100.0,1.0,0.11,-11.0,-636.8986764313771,636.8986764313771,0.0,-636.8986764313771,636.8986764313771,0.0,-34923.036838511995,34923.036838511995,0.0,0.0,0.0,0.0,0.0,0.0,0.0,0.0,0.0,-360979.3419137475,-360979.3419137475,36196.83419137475,36196.83419137475,36096.83419137475,0.0,100.0,0.0,0.0,36196.83419137475,36196.83419137475,1,0.0,100.0
8109,33819.84147049846,0.0,-338198.41470498464,0.0,10.0,0.0,-0.0,0.1,0.252454896,25.2454896,0.0,0.0,100.0,1.0,0.11,-11.0,-233.75091800529907,233.75091800529907,0.0,-233.75091800529907,233.75091800529907,0.0,-33452.339634487864,33452.339634487864,0.0,0.0,0.0,0.0,0.0,0.0,0.0,0.0,0.0,-338209.41470498464,-338209.41470498464,33919.84147049846,33919.84147049846,33819.84147049846,0.0,100.0,0.0,0.0,33919.84147049846,33919.84147049846,1,0.0,100.0
8110,21488.173665306433,0.0,-214881.73665306432,0.0,10.0,0.0,-0.0,0.1,0.283375306,28.3375306,0.0,0.0,100.0,1.0,0.11,-11.0,-233.0814447448149,233.0814447448149,0.0,-233.0814447448149,233.0814447448149,0.0,-21122.0107758168,21122.0107758168,0.0,0.0,0.0,0.0,0.0,0.0,0.0,0.0,0.0,-214892.73665306432,-214892.73665306432,21588.173665306433,21588.173665306433,21488.173665306433,0.0,100.0,0.0,0.0,21588.173665306433,21588.173665306433,1,0.0,100.0
8111,18509.54461984963,0.0,-185095.44619849627,0.0,10.0,0.0,-0.0,0.1,0.297567483,29.7567483,0.0,0.0,100.0,1.0,0.11,-11.0,-236.05610352644223,236.05610352644223,0.0,-236.05610352644223,236.05610352644223,0.0,-18137.432412796745,18137.432412796745,0.0,0.0,0.0,0.0,0.0,0.0,0.0,0.0,0.0,-185106.44619849627,-185106.44619849627,18609.54461984963,18609.54461984963,18509.54461984963,0.0,100.0,0.0,0.0,18609.54461984963,18609.54461984963,1,0.0,100.0
8112,17858.15955575629,0.0,-178581.5955575629,0.0,10.0,0.0,-0.0,0.1,0.310045086,31.0045086,0.0,0.0,100.0,1.0,0.08,-8.0,-233.0943816368008,233.0943816368008,0.0,-233.0943816368008,233.0943816368008,0.0,-17491.970792482687,17491.970792482687,0.0,0.0,0.0,0.0,0.0,0.0,0.0,0.0,0.0,-178589.5955575629,-178589.5955575629,17958.15955575629,17958.15955575629,17858.15955575629,0.0,100.0,0.0,0.0,17958.15955575629,17958.15955575629,1,0.0,100.0
8113,17881.726998248614,0.0,-178817.26998248615,0.0,10.0,0.0,-0.0,0.1,0.317325533,31.7325533,0.0,0.0,100.0,1.0,0.08,-8.0,-233.07633988052663,233.07633988052663,0.0,-233.07633988052663,233.07633988052663,0.0,-17515.57431848756,17515.57431848756,0.0,0.0,0.0,0.0,0.0,0.0,0.0,0.0,0.0,-178825.26998248615,-178825.26998248615,17981.726998248614,17981.726998248614,17881.726998248614,0.0,100.0,0.0,0.0,17981.726998248614,17981.726998248614,1,0.0,100.0
8114,17858.83647830558,0.0,-178588.3647830558,0.0,10.0,0.0,-0.0,0.1,0.313122505,31.3122505,0.0,0.0,100.0,1.0,0.08,-8.0,-233.0643591986944,233.0643591986944,0.0,-233.0643591986944,233.0643591986944,0.0,-17492.707759908193,17492.707759908193,0.0,0.0,0.0,0.0,0.0,0.0,0.0,0.0,0.0,-178596.3647830558,-178596.3647830558,17958.83647830558,17958.83647830558,17858.83647830558,0.0,100.0,0.0,0.0,17958.83647830558,17958.83647830558,1,0.0,100.0
8115,18392.33420842801,0.0,-183923.3420842801,0.0,10.0,0.0,-0.0,0.1,0.328235878,32.8235878,0.0,0.0,100.0,1.0,0.08,-8.0,-233.05367954510865,233.05367954510865,0.0,-233.05367954510865,233.05367954510865,0.0,-18026.226849337792,18026.226849337792,0.0,0.0,0.0,0.0,0.0,0.0,0.0,0.0,0.0,-183931.3420842801,-183931.3420842801,18492.33420842801,18492.33420842801,18392.33420842801,0.0,100.0,0.0,0.0,18492.33420842801,18492.33420842801,1,0.0,100.0
8116,19769.213784261796,0.0,-197692.13784261796,0.0,10.0,0.0,-0.0,0.1,0.3365666029999999,33.65666029999999,0.0,0.0,100.0,1.0,0.08,-8.0,-238.2820127278234,238.2820127278234,0.0,-238.2820127278234,238.2820127278234,0.0,-19392.64975880615,19392.64975880615,0.0,0.0,0.0,0.0,0.0,0.0,0.0,0.0,0.0,-197700.13784261796,-197700.13784261796,19869.213784261796,19869.213784261796,19769.213784261796,0.0,100.0,0.0,0.0,19869.213784261796,19869.213784261796,1,0.0,100.0
8117,22544.560991836785,0.0,-225445.60991836785,0.0,10.0,0.0,-0.0,0.1,0.319472193,31.9472193,0.0,0.0,100.0,1.0,0.11,-11.0,-237.4793344095864,237.4793344095864,0.0,-237.4793344095864,237.4793344095864,0.0,-22169.60232301761,22169.60232301761,0.0,0.0,0.0,0.0,0.0,0.0,0.0,0.0,0.0,-225456.60991836785,-225456.60991836785,22644.560991836785,22644.560991836785,22544.560991836785,0.0,100.0,0.0,0.0,22644.560991836785,22644.560991836785,1,0.0,100.0
8118,26530.447509263056,0.0,-265304.47509263054,0.0,10.0,0.0,-0.0,0.1,0.293790389,29.379038899999998,0.0,0.0,100.0,1.0,0.11,-11.0,-357.8905206460669,357.8905206460669,0.0,-357.8905206460669,357.8905206460669,0.0,-25914.66646797092,25914.66646797092,0.0,0.0,0.0,0.0,0.0,0.0,0.0,0.0,0.0,-265315.47509263054,-265315.47509263054,26630.447509263056,26630.447509263056,26530.447509263056,0.0,100.0,0.0,0.0,26630.447509263056,26630.447509263056,1,0.0,100.0
8119,30314.938113377695,0.0,-303149.381133777,0.0,10.0,0.0,-0.0,0.1,0.288296269,28.8296269,0.0,0.0,100.0,1.0,0.11,-11.0,-586.7274012396706,586.7274012396706,0.0,-586.7274012396706,586.7274012396706,0.0,-30413.74073813577,30413.74073813577,0.0,0.0,785.285771484375,785.285771484375,0.0,0.0,386.9716557530403,386.9716557530403,0.0,-303160.381133777,-303160.381133777,31587.19554061511,31587.19554061511,31487.19554061511,0.0,100.0,0.0,0.0,31587.19554061511,30414.938113377695,1,0.0,100.0
8120,59999.89381483164,0.0,-599998.9381483163,0.0,10.0,0.0,-0.0,0.1,0.2833907439999999,28.33907439999999,0.0,0.0,100.0,1.0,0.11,-11.0,-797.984364477359,797.984364477359,0.0,-797.984364477359,797.984364477359,0.0,-63493.794869507576,63493.794869507576,0.0,0.0,2281.068193359375,2281.068193359375,0.0,0.0,2708.801590271282,2708.801590271282,0.0,-600009.9381483163,-600009.9381483163,65089.76359846229,65089.76359846229,64989.76359846229,0.0,100.0,0.0,0.0,65089.76359846229,60099.89381483164,1,0.0,100.0
8121,53018.108082017,0.0,-530181.08082017,0.0,10.0,0.0,-0.0,0.1,0.279673353,27.967335300000002,0.0,0.0,100.0,1.0,0.11,-11.0,-854.733554632208,854.733554632208,0.0,-854.733554632208,854.733554632208,0.0,-61238.770678386136,61238.770678386136,0.0,0.0,5048.265673828125,5048.265673828125,0.0,0.0,4781.864031805427,4781.864031805427,0.0,-530192.08082017,-530192.08082017,62948.237787650556,62948.23778765055,62848.237787650556,0.0,100.0,0.0,0.0,62948.23778765055,53118.108082016995,1,0.0,100.0
8122,49710.645171842865,0.0,-497106.45171842864,0.0,10.0,0.0,-0.0,0.1,0.310766537,31.0766537,0.0,0.0,100.0,1.0,0.11,-11.0,-922.8969378994792,922.8969378994792,0.0,-922.8969378994792,922.8969378994792,0.0,-58258.36212994972,58258.36212994972,0.0,0.0,5235.2384765625,5235.2384765625,0.0,0.0,5058.272357343312,5058.272357343312,0.0,-497117.45171842864,-497117.45171842864,60104.15600574868,60104.15600574868,60004.15600574868,0.0,100.0,0.0,0.0,60104.15600574868,49810.645171842865,1,0.0,100.0
8123,49589.70978571941,0.0,-495897.0978571941,0.0,10.0,0.0,-0.0,0.1,0.32675072,32.675072,0.0,0.0,100.0,1.0,0.11,-11.0,-965.054052736415,965.054052736415,0.0,-965.054052736415,965.054052736415,0.0,-58244.946371163176,58244.946371163176,0.0,0.0,5758.76232421875,5758.76232421875,0.0,0.0,4726.5823666978495,4726.5823666978495,0.0,-495908.0978571941,-495908.0978571941,60175.05447663601,60175.054476636,60075.05447663601,0.0,100.0,0.0,0.0,60175.054476636,49689.7097857194,1,0.0,100.0
8124,45659.682878097534,0.0,-456596.8287809753,0.0,10.0,0.0,-0.0,0.1,0.315996977,31.5996977,0.0,0.0,100.0,1.0,0.11,-11.0,-998.0873984119874,998.0873984119874,0.0,-998.0873984119874,998.0873984119874,0.0,-55222.794936714905,55222.794936714905,0.0,0.0,5571.789521484375,5571.789521484375,0.0,0.0,5887.49733395697,5887.49733395697,0.0,-456607.8287809753,-456607.8287809753,57218.96973353888,57218.96973353888,57118.96973353888,0.0,100.0,0.0,0.0,57218.96973353888,45759.682878097534,1,0.0,100.0
8125,49946.71723504195,0.0,-499467.1723504195,0.0,10.0,0.0,-0.0,0.1,0.320337626,32.033762599999996,0.0,0.0,100.0,1.0,0.11,-11.0,-1042.591647453852,1042.591647453852,0.0,-1042.591647453852,1042.591647453852,0.0,-58229.055912352,58229.055912352,0.0,0.0,4711.71462890625,4711.71462890625,0.0,0.0,5555.807343311507,5555.807343311507,0.0,-499478.1723504195,-499478.1723504195,60314.23920725971,60314.23920725971,60214.23920725971,0.0,100.0,0.0,0.0,60314.23920725971,50046.71723504195,1,0.0,100.0
8126,48869.36906185968,0.0,-488693.6906185968,0.0,10.0,0.0,-0.0,0.1,0.3427894,34.278940000000006,0.0,0.0,100.0,1.0,0.08,-8.0,-1063.8206271104268,1063.8206271104268,0.0,-1063.8206271104268,1063.8206271104268,0.0,-58226.28878086695,58226.28878086695,0.0,0.0,4225.585341796875,4225.585341796875,0.0,0.0,7158.975631431245,7158.975631431245,0.0,-488701.6906185968,-488701.6906185968,60353.930035087804,60353.930035087804,60253.930035087804,0.0,100.0,0.0,0.0,60353.930035087804,48969.36906185969,1,0.0,100.0
8127,56242.58844731613,0.0,-562425.8844731613,0.0,10.0,0.0,-0.0,0.1,0.321679445,32.167944500000004,0.0,0.0,100.0,1.0,0.08,-8.0,-1016.5206661111783,1016.5206661111783,0.0,-1016.5206661111783,1016.5206661111783,0.0,-58223.0763999924,58223.0763999924,0.0,0.0,1757.544345703125,1757.544345703125,0.0,0.0,2155.98493919551,2155.98493919551,0.0,-562433.8844731613,-562433.8844731613,60256.11773221476,60256.117732214756,60156.11773221476,0.0,100.0,0.0,0.0,60256.117732214756,56342.58844731612,1,0.0,100.0
8128,65512.810871951304,0.0,-655128.108719513,0.0,10.0,0.0,-0.0,0.1,0.271391447,27.1391447,0.0,0.0,100.0,1.0,0.08,-8.0,-905.1125884781,905.1125884781,0.0,-905.1125884781,905.1125884781,0.0,-64272.4798484095,64272.4798484095,0.0,0.0,0.0,0.0,0.0,0.0,469.8941534144061,469.8941534144061,0.0,-655136.108719513,-655136.108719513,66082.7050253657,66082.7050253657,65982.7050253657,0.0,100.0,0.0,0.0,66082.7050253657,65612.8108719513,1,0.0,100.0
8129,58686.60929493741,0.0,-586866.0929493741,0.0,10.0,0.0,-0.0,0.1,0.259477176,25.947717599999997,0.0,0.0,100.0,1.0,0.11,-11.0,-669.3184864919035,669.3184864919035,0.0,-669.3184864919035,669.3184864919035,0.0,-57447.9723219536,57447.9723219536,0.0,0.0,0.0,0.0,0.0,0.0,0.0,0.0,0.0,-586877.0929493741,-586877.0929493741,58786.60929493741,58786.60929493741,58686.60929493741,0.0,100.0,0.0,0.0,58786.60929493741,58786.60929493741,1,0.0,100.0
8130,46600.43623712944,0.0,-466004.3623712944,0.0,10.0,0.0,-0.0,0.1,0.253706892,25.3706892,0.0,0.0,100.0,1.0,0.11,-11.0,-649.9421540705155,649.9421540705155,0.0,-649.9421540705155,649.9421540705155,0.0,-45400.55192898841,45400.55192898841,0.0,0.0,0.0,0.0,0.0,0.0,0.0,0.0,0.0,-466015.3623712944,-466015.3623712944,46700.43623712944,46700.43623712944,46600.43623712944,0.0,100.0,0.0,0.0,46700.43623712944,46700.43623712944,1,0.0,100.0
8131,45104.5635834144,0.0,-451045.63583414396,0.0,10.0,0.0,-0.0,0.1,0.2478515839999999,24.78515839999999,0.0,0.0,100.0,1.0,0.11,-11.0,-639.7232885048551,639.7232885048551,0.0,-639.7232885048551,639.7232885048551,0.0,-43925.11700640469,43925.11700640469,0.0,0.0,0.0,0.0,0.0,0.0,0.0,0.0,0.0,-451056.63583414396,-451056.63583414396,45204.5635834144,45204.5635834144,45104.5635834144,0.0,100.0,0.0,0.0,45204.5635834144,45204.5635834144,1,0.0,100.0
8132,36050.44385229835,0.0,-360504.43852298346,0.0,10.0,0.0,-0.0,0.1,0.242239549,24.2239549,0.0,0.0,100.0,1.0,0.11,-11.0,-629.7724366826858,629.7724366826858,0.0,-629.7724366826858,629.7724366826858,0.0,-34890.89897893298,34890.89897893298,0.0,0.0,0.0,0.0,0.0,0.0,0.0,0.0,0.0,-360515.43852298346,-360515.43852298346,36150.44385229835,36150.44385229835,36050.44385229835,0.0,100.0,0.0,0.0,36150.44385229835,36150.44385229835,1,0.0,100.0
8133,33780.74456259824,0.0,-337807.44562598236,0.0,10.0,0.0,-0.0,0.1,0.2394600969999999,23.94600969999999,0.0,0.0,100.0,1.0,0.11,-11.0,-232.977956805714,232.977956805714,0.0,-232.977956805714,232.977956805714,0.0,-33414.78864898681,33414.78864898681,0.0,0.0,0.0,0.0,0.0,0.0,0.0,0.0,0.0,-337818.44562598236,-337818.44562598236,33880.74456259824,33880.74456259824,33780.74456259824,0.0,100.0,0.0,0.0,33880.74456259824,33880.74456259824,1,0.0,100.0
8134,21488.147533501287,0.0,-214881.4753350129,0.0,10.0,0.0,-0.0,0.1,0.274261658,27.426165800000003,0.0,0.0,100.0,1.0,0.11,-11.0,-233.0683093135923,233.0683093135923,0.0,-233.0683093135923,233.0683093135923,0.0,-21122.010914874103,21122.010914874103,0.0,0.0,0.0,0.0,0.0,0.0,0.0,0.0,0.0,-214892.4753350129,-214892.4753350129,21588.147533501287,21588.147533501287,21488.147533501287,0.0,100.0,0.0,0.0,21588.147533501287,21588.147533501287,1,0.0,100.0
8135,18509.5265769807,0.0,-185095.265769807,0.0,10.0,0.0,-0.0,0.1,0.300380942,30.0380942,0.0,0.0,100.0,1.0,0.11,-11.0,-236.0470125633269,236.0470125633269,0.0,-236.0470125633269,236.0470125633269,0.0,-18137.432551854046,18137.432551854046,0.0,0.0,0.0,0.0,0.0,0.0,0.0,0.0,0.0,-185106.265769807,-185106.265769807,18609.5265769807,18609.5265769807,18509.5265769807,0.0,100.0,0.0,0.0,18609.5265769807,18609.5265769807,1,0.0,100.0
8136,17764.614875869192,0.0,-177646.1487586919,0.0,10.0,0.0,-0.0,0.1,0.321554356,32.1554356,0.0,0.0,100.0,1.0,0.08,-8.0,-233.0662717026852,233.0662717026852,0.0,-233.0662717026852,233.0662717026852,0.0,-17398.482332463824,17398.482332463824,0.0,0.0,0.0,0.0,0.0,0.0,0.0,0.0,0.0,-177654.1487586919,-177654.1487586919,17864.614875869192,17864.614875869192,17764.614875869192,0.0,100.0,0.0,0.0,17864.614875869192,17864.614875869192,1,0.0,100.0
8137,17799.581953792574,0.0,-177995.81953792574,0.0,10.0,0.0,-0.0,0.1,0.33670144,33.670144,0.0,0.0,100.0,1.0,0.08,-8.0,-233.0387055024752,233.0387055024752,0.0,-233.0387055024752,233.0387055024752,0.0,-17433.504542787625,17433.504542787625,0.0,0.0,0.0,0.0,0.0,0.0,0.0,0.0,0.0,-178003.81953792574,-178003.81953792574,17899.581953792574,17899.581953792574,17799.581953792574,0.0,100.0,0.0,0.0,17899.581953792574,17899.581953792574,1,0.0,100.0
8138,17857.92977558235,0.0,-178579.2977558235,0.0,10.0,0.0,-0.0,0.1,0.334813325,33.4813325,0.0,0.0,100.0,1.0,0.08,-8.0,-233.0361392625444,233.0361392625444,0.0,-233.0361392625444,233.0361392625444,0.0,-17491.857497057263,17491.857497057263,0.0,0.0,0.0,0.0,0.0,0.0,0.0,0.0,0.0,-178587.2977558235,-178587.2977558235,17957.92977558235,17957.92977558235,17857.92977558235,0.0,100.0,0.0,0.0,17957.92977558235,17957.92977558235,1,0.0,100.0
8139,17881.348602599515,0.0,-178813.48602599517,0.0,10.0,0.0,-0.0,0.1,0.3361075289999999,33.61075289999999,0.0,0.0,100.0,1.0,0.08,-8.0,-233.03176165020017,233.03176165020017,0.0,-233.03176165020017,233.03176165020017,0.0,-17515.285079299116,17515.285079299116,0.0,0.0,0.0,0.0,0.0,0.0,0.0,0.0,0.0,-178821.48602599517,-178821.48602599517,17981.348602599515,17981.348602599515,17881.348602599515,0.0,100.0,0.0,0.0,17981.348602599515,17981.348602599515,1,0.0,100.0
8140,18599.054663237883,0.0,-185990.54663237883,0.0,10.0,0.0,-0.0,0.1,0.340478758,34.0478758,0.0,0.0,100.0,1.0,0.08,-8.0,-234.0541140312812,234.0541140312812,0.0,-234.0541140312812,234.0541140312812,0.0,-18230.94643517532,18230.94643517532,0.0,0.0,0.0,0.0,0.0,0.0,0.0,0.0,0.0,-185998.54663237883,-185998.54663237883,18699.054663237883,18699.054663237883,18599.054663237883,0.0,100.0,0.0,0.0,18699.054663237883,18699.054663237883,1,0.0,100.0
8141,21607.07185116137,0.0,-216070.7185116137,0.0,10.0,0.0,-0.0,0.1,0.330402724,33.0402724,0.0,0.0,100.0,1.0,0.11,-11.0,-233.9743934773617,233.9743934773617,0.0,-233.9743934773617,233.9743934773617,0.0,-21239.123064206648,21239.123064206648,0.0,0.0,0.0,0.0,0.0,0.0,0.0,0.0,0.0,-216081.7185116137,-216081.7185116137,21707.07185116137,21707.07185116137,21607.07185116137,0.0,100.0,0.0,0.0,21707.07185116137,21707.07185116137,1,0.0,100.0
8142,26472.53188978043,0.0,-264725.3188978043,0.0,10.0,0.0,-0.0,0.1,0.32784745,32.784745,0.0,0.0,100.0,1.0,0.11,-11.0,-349.6270855973104,349.6270855973104,0.0,-349.6270855973104,349.6270855973104,0.0,-25873.27771858581,25873.27771858581,0.0,0.0,0.0,0.0,0.0,0.0,0.0,0.0,0.0,-264736.3188978043,-264736.3188978043,26572.53188978043,26572.53188978043,26472.53188978043,0.0,100.0,0.0,0.0,26572.53188978043,26572.53188978043,1,0.0,100.0
8143,29964.018203123916,0.0,-299640.18203123915,0.0,10.0,0.0,-0.0,0.1,0.3332810989999999,33.328109899999994,0.0,0.0,100.0,1.0,0.11,-11.0,-594.2977881149404,594.2977881149404,0.0,-594.2977881149404,594.2977881149404,0.0,-30272.0474174127,30272.0474174127,0.0,0.0,1009.6531347656248,1009.6531347656248,0.0,0.0,386.9716557530403,386.9716557530403,0.0,-299651.18203123915,-299651.18203123915,31460.64299364258,31460.64299364258,31360.64299364258,0.0,100.0,0.0,0.0,31460.64299364258,30064.018203123916,1,0.0,100.0
8144,60438.89860773698,0.0,-604388.9860773698,0.0,10.0,0.0,-0.0,0.1,0.327318545,32.731854500000004,0.0,0.0,100.0,1.0,0.11,-11.0,-795.6565661948995,795.6565661948995,0.0,-795.6565661948995,795.6565661948995,0.0,-63423.65351987442,63423.65351987442,0.0,0.0,2430.6464355468747,2430.6464355468747,0.0,0.0,2045.421608980356,2045.421608980356,0.0,-604399.9860773698,-604399.9860773698,65014.96665226421,65014.966652264215,64914.96665226421,0.0,100.0,0.0,0.0,65014.966652264215,60538.898607736985,1,0.0,100.0
8145,54133.05187908424,0.0,-541330.5187908424,0.0,10.0,0.0,-0.0,0.1,0.321550354,32.155035399999996,0.0,0.0,100.0,1.0,0.11,-11.0,-822.7042446809608,822.7042446809608,0.0,-822.7042446809608,822.7042446809608,0.0,-61224.38786070681,61224.38786070681,0.0,0.0,4076.007099609375,4076.007099609375,0.0,0.0,4560.737371375118,4560.737371375118,0.0,-541341.5187908424,-541341.5187908424,62869.79635006873,62869.79635006873,62769.79635006873,0.0,100.0,0.0,0.0,62869.79635006873,54233.05187908424,1,0.0,100.0
8146,51023.09587706559,0.0,-510230.9587706559,0.0,10.0,0.0,-0.0,0.1,0.31575816,31.575816,0.0,0.0,100.0,1.0,0.11,-11.0,-869.5508495967011,869.5508495967011,0.0,-869.5508495967011,869.5508495967011,0.0,-58264.58184868384,58264.58184868384,0.0,0.0,5010.87111328125,5010.87111328125,0.0,0.0,3869.716557530403,3869.716557530403,0.0,-510241.9587706559,-510241.9587706559,60003.68354787724,60003.68354787724,59903.68354787724,0.0,100.0,0.0,0.0,60003.68354787724,51123.095877065585,1,0.0,100.0
8147,43427.4596708839,0.0,-434274.596708839,0.0,10.0,0.0,-0.0,0.1,0.309781419,30.9781419,0.0,0.0,100.0,1.0,0.11,-11.0,-942.3975173886756,942.3975173886756,0.0,-942.3975173886756,942.3975173886756,0.0,-58260.8437344717,58260.8437344717,0.0,0.0,9348.64013671875,9348.64013671875,0.0,0.0,7269.5389616464,7269.5389616464,0.0,-434285.596708839,-434285.596708839,60145.63876924905,60145.63876924905,60045.63876924905,0.0,100.0,0.0,0.0,60145.63876924905,43527.4596708839,1,0.0,100.0
8148,40921.84630999744,0.0,-409218.4630999744,0.0,10.0,0.0,-0.0,0.1,0.321632708,32.1632708,0.0,0.0,100.0,1.0,0.11,-11.0,-979.564881363396,979.564881363396,0.0,-979.564881363396,979.564881363396,0.0,-55245.12373047706,55245.12373047706,0.0,0.0,9797.37486328125,9797.37486328125,0.0,0.0,6385.032319925164,6385.032319925164,0.0,-409229.4630999744,-409229.4630999744,57204.253493203854,57204.253493203854,57104.253493203854,0.0,100.0,0.0,0.0,57204.253493203854,41021.84630999744,1,0.0,100.0
8149,46110.29871223741,0.0,-461102.9871223741,0.0,10.0,0.0,-0.0,0.1,0.315304505,31.5304505,0.0,0.0,100.0,1.0,0.11,-11.0,-1008.238748503016,1008.238748503016,0.0,-1008.238748503016,1008.238748503016,0.0,-58249.631120982594,58249.631120982594,0.0,0.0,7366.728427734375,7366.728427734375,0.0,0.0,6689.081478016839,6689.081478016839,0.0,-461113.9871223741,-461113.9871223741,60266.108617988626,60266.108617988626,60166.108617988626,0.0,100.0,0.0,0.0,60266.108617988626,46210.29871223741,1,0.0,100.0
8150,51738.91421859671,0.0,-517389.14218596707,0.0,10.0,0.0,-0.0,0.1,0.3029935589999999,30.29935589999999,0.0,0.0,100.0,1.0,0.08,-8.0,-1031.0596760125068,1031.0596760125068,0.0,-1031.0596760125068,1031.0596760125068,0.0,-58241.21293653156,58241.21293653156,0.0,0.0,3627.272373046874,3627.272373046874,0.0,0.0,4837.145696913003,4837.145696913003,0.0,-517397.14218596707,-517397.14218596707,60303.33228855659,60303.33228855658,60203.33228855659,0.0,100.0,0.0,0.0,60303.33228855658,51838.91421859671,1,0.0,100.0
8151,54620.64467855697,0.0,-546206.4467855697,0.0,10.0,0.0,-0.0,0.1,0.306127169,30.6127169,0.0,0.0,100.0,1.0,0.08,-8.0,-990.286221912644,990.286221912644,0.0,-990.286221912644,990.286221912644,0.0,-58222.58433061386,58222.58433061386,0.0,0.0,2580.224677734375,2580.224677734375,0.0,0.0,2902.2874181478023,2902.2874181478023,0.0,-546214.4467855697,-546214.4467855697,60203.15677443915,60203.15677443915,60103.15677443915,0.0,100.0,0.0,0.0,60203.15677443915,54720.64467855697,1,0.0,100.0
8152,65436.31486866383,0.0,-654363.1486866383,0.0,10.0,0.0,-0.0,0.1,0.312609017,31.260901699999998,0.0,0.0,100.0,1.0,0.08,-8.0,-896.6452996590938,896.6452996590938,0.0,-896.6452996590938,896.6452996590938,0.0,-64268.200087867626,64268.200087867626,0.0,0.0,0.0,0.0,0.0,0.0,525.1758185219833,525.1758185219833,0.0,-654371.1486866383,-654371.1486866383,66061.49068718581,66061.49068718581,65961.49068718581,0.0,100.0,0.0,0.0,66061.49068718581,65536.31486866383,1,0.0,100.0
8153,58727.25349316935,0.0,-587272.5349316935,0.0,10.0,0.0,-0.0,0.1,0.329498556,32.9498556,0.0,0.0,100.0,1.0,0.11,-11.0,-685.4875123142283,685.4875123142283,0.0,-685.4875123142283,685.4875123142283,0.0,-57456.2784685409,57456.2784685409,0.0,0.0,0.0,0.0,0.0,0.0,0.0,0.0,0.0,-587283.5349316935,-587283.5349316935,58827.25349316935,58827.25349316935,58727.25349316935,0.0,100.0,0.0,0.0,58827.25349316935,58827.25349316935,1,0.0,100.0
8154,46682.016299123534,0.0,-466820.1629912353,0.0,10.0,0.0,-0.0,0.1,0.332586378,33.2586378,0.0,0.0,100.0,1.0,0.11,-11.0,-679.0838687750507,679.0838687750507,0.0,-679.0838687750507,679.0838687750507,0.0,-45423.84856157343,45423.84856157343,0.0,0.0,0.0,0.0,0.0,0.0,0.0,0.0,0.0,-466831.1629912353,-466831.1629912353,46782.016299123534,46782.016299123534,46682.016299123534,0.0,100.0,0.0,0.0,46782.016299123534,46782.016299123534,1,0.0,100.0
8155,45217.20369204837,0.0,-452172.03692048375,0.0,10.0,0.0,-0.0,0.1,0.325327757,32.5327757,0.0,0.0,100.0,1.0,0.11,-11.0,-681.2952548626404,681.2952548626404,0.0,-681.2952548626404,681.2952548626404,0.0,-43954.61318232309,43954.61318232309,0.0,0.0,0.0,0.0,0.0,0.0,0.0,0.0,0.0,-452183.03692048375,-452183.03692048375,45317.20369204837,45317.20369204837,45217.20369204837,0.0,100.0,0.0,0.0,45317.20369204837,45317.20369204837,1,0.0,100.0
8156,36184.49791433067,0.0,-361844.97914330673,0.0,10.0,0.0,-0.0,0.1,0.325129278,32.5129278,0.0,0.0,100.0,1.0,0.11,-11.0,-683.092398979254,683.092398979254,0.0,-683.092398979254,683.092398979254,0.0,-34918.31311637216,34918.31311637216,0.0,0.0,0.0,0.0,0.0,0.0,0.0,0.0,0.0,-361855.97914330673,-361855.97914330673,36284.49791433067,36284.49791433067,36184.49791433067,0.0,100.0,0.0,0.0,36284.49791433067,36284.49791433067,1,0.0,100.0
8157,33809.57362200958,0.0,-338095.7362200958,0.0,10.0,0.0,-0.0,0.1,0.334991292,33.4991292,0.0,0.0,100.0,1.0,0.11,-11.0,-234.13436731471865,234.13436731471865,0.0,-234.13436731471865,234.13436731471865,0.0,-33441.30488738014,33441.30488738014,0.0,0.0,0.0,0.0,0.0,0.0,0.0,0.0,0.0,-338106.7362200958,-338106.7362200958,33909.57362200958,33909.57362200958,33809.57362200958,0.0,100.0,0.0,0.0,33909.57362200958,33909.57362200958,1,0.0,100.0
8158,21488.809977192097,0.0,-214888.09977192097,0.0,10.0,0.0,-0.0,0.1,0.347682342,34.768234199999995,0.0,0.0,100.0,1.0,0.11,-11.0,-233.3994495384072,233.3994495384072,0.0,-233.3994495384072,233.3994495384072,0.0,-21122.011078115283,21122.011078115283,0.0,0.0,0.0,0.0,0.0,0.0,0.0,0.0,0.0,-214899.09977192097,-214899.09977192097,21588.809977192097,21588.809977192097,21488.809977192097,0.0,100.0,0.0,0.0,21588.809977192097,21588.809977192097,1,0.0,100.0
8159,18510.113908675463,0.0,-185101.13908675464,0.0,10.0,0.0,-0.0,0.1,0.368236937,36.8236937,0.0,0.0,100.0,1.0,0.11,-11.0,-236.34059376713265,236.34059376713265,0.0,-236.34059376713265,236.34059376713265,0.0,-18137.4327211412,18137.4327211412,0.0,0.0,0.0,0.0,0.0,0.0,0.0,0.0,0.0,-185112.13908675464,-185112.13908675464,18610.113908675463,18610.113908675463,18510.113908675463,0.0,100.0,0.0,0.0,18610.113908675463,18610.113908675463,1,0.0,100.0
8160,17835.292661953117,0.0,-178352.92661953118,0.0,10.0,0.0,-0.0,0.1,0.363048593,36.3048593,0.0,0.0,100.0,1.0,0.08,-8.0,-233.36855896709,233.36855896709,0.0,-233.36855896709,233.36855896709,0.0,-17468.55554401894,17468.55554401894,0.0,0.0,0.0,0.0,0.0,0.0,0.0,0.0,0.0,-178360.92661953118,-178360.92661953118,17935.292661953117,17935.292661953117,17835.292661953117,0.0,100.0,0.0,0.0,17935.292661953117,17935.292661953117,1,0.0,100.0
8161,17882.0955631438,0.0,-178820.955631438,0.0,10.0,0.0,-0.0,0.1,0.3520474779999999,35.20474779999999,0.0,0.0,100.0,1.0,0.08,-8.0,-233.3234459988401,233.3234459988401,0.0,-233.3234459988401,233.3234459988401,0.0,-17515.44867114612,17515.44867114612,0.0,0.0,0.0,0.0,0.0,0.0,0.0,0.0,0.0,-178828.955631438,-178828.955631438,17982.0955631438,17982.0955631438,17882.0955631438,0.0,100.0,0.0,0.0,17982.0955631438,17982.0955631438,1,0.0,100.0
8162,17858.712531452245,0.0,-178587.12531452245,0.0,10.0,0.0,-0.0,0.1,0.34073305,34.073305,0.0,0.0,100.0,1.0,0.08,-8.0,-233.28973257196725,233.28973257196725,0.0,-233.28973257196725,233.28973257196725,0.0,-17492.13306630831,17492.13306630831,0.0,0.0,0.0,0.0,0.0,0.0,0.0,0.0,0.0,-178595.12531452245,-178595.12531452245,17958.712531452245,17958.712531452245,17858.712531452245,0.0,100.0,0.0,0.0,17958.712531452245,17958.712531452245,1,0.0,100.0
8163,17882.295849046062,0.0,-178822.95849046062,0.0,10.0,0.0,-0.0,0.1,0.334898537,33.4898537,0.0,0.0,100.0,1.0,0.08,-8.0,-233.27388771824928,233.27388771824928,0.0,-233.27388771824928,233.27388771824928,0.0,-17515.748073609564,17515.748073609564,0.0,0.0,0.0,0.0,0.0,0.0,0.0,0.0,0.0,-178830.95849046062,-178830.95849046062,17982.295849046062,17982.295849046062,17882.295849046062,0.0,100.0,0.0,0.0,17982.295849046062,17982.295849046062,1,0.0,100.0
8164,18600.0089144683,0.0,-186000.089144683,0.0,10.0,0.0,-0.0,0.1,0.327823761,32.7823761,0.0,0.0,100.0,1.0,0.08,-8.0,-234.35361208091985,234.35361208091985,0.0,-234.35361208091985,234.35361208091985,0.0,-18231.30169030646,18231.30169030646,0.0,0.0,0.0,0.0,0.0,0.0,0.0,0.0,0.0,-186008.089144683,-186008.089144683,18700.0089144683,18700.0089144683,18600.0089144683,0.0,100.0,0.0,0.0,18700.0089144683,18700.0089144683,1,0.0,100.0
8165,21608.185927271777,0.0,-216081.8592727178,0.0,10.0,0.0,-0.0,0.1,0.31726175,31.726175,0.0,0.0,100.0,1.0,0.11,-11.0,-234.27023355139684,234.27023355139684,0.0,-234.27023355139684,234.27023355139684,0.0,-21239.645460168984,21239.645460168984,0.0,0.0,0.0,0.0,0.0,0.0,0.0,0.0,0.0,-216092.8592727178,-216092.8592727178,21708.185927271777,21708.185927271777,21608.185927271777,0.0,100.0,0.0,0.0,21708.185927271777,21708.185927271777,1,0.0,100.0
8166,26572.422014305226,0.0,-265724.2201430523,0.0,10.0,0.0,-0.0,0.1,0.3064224769999999,30.64224769999999,0.0,0.0,100.0,1.0,0.11,-11.0,-395.0788436695104,395.0788436695104,0.0,-395.0788436695104,395.0788436695104,0.0,-25882.264326966204,25882.264326966204,0.0,0.0,0.0,0.0,0.0,0.0,0.0,0.0,0.0,-265735.2201430523,-265735.2201430523,26672.422014305226,26672.422014305226,26572.422014305226,0.0,100.0,0.0,0.0,26672.422014305226,26672.422014305226,1,0.0,100.0
8167,30310.73032121975,0.0,-303107.3032121975,0.0,10.0,0.0,-0.0,0.1,0.3001642089999999,30.01642089999999,0.0,0.0,100.0,1.0,0.11,-11.0,-630.4121573008484,630.4121573008484,0.0,-630.4121573008484,630.4121573008484,0.0,-30304.276329294767,30304.276329294767,0.0,0.0,822.6803320312499,822.6803320312499,0.0,0.0,331.6899906454631,331.6899906454631,0.0,-303118.3032121975,-303118.3032121975,31565.100643896465,31565.100643896465,31465.100643896465,0.0,100.0,0.0,0.0,31565.100643896465,30410.73032121975,1,0.0,100.0
8168,57767.33821495761,0.0,-577673.3821495761,0.0,10.0,0.0,-0.0,0.1,0.291273311,29.1273311,0.0,0.0,100.0,1.0,0.11,-11.0,-858.5496444571672,858.5496444571672,0.0,-858.5496444571672,858.5496444571672,0.0,-63427.62668929493,63427.62668929493,0.0,0.0,5646.578642578125,5646.578642578125,0.0,0.0,1630.8091206735269,1630.8091206735269,0.0,-577684.3821495761,-577684.3821495761,65144.72597820926,65144.72597820926,65044.72597820926,0.0,100.0,0.0,0.0,65144.72597820926,57867.33821495761,1,0.0,100.0
8169,48755.30230389325,0.0,-487553.02303893253,0.0,10.0,0.0,-0.0,0.1,0.28866022,28.866022,0.0,0.0,100.0,1.0,0.11,-11.0,-895.1436388316741,895.1436388316741,0.0,-895.1436388316741,895.1436388316741,0.0,-61201.937361575445,61201.937361575445,0.0,0.0,11068.789921875,11068.789921875,0.0,0.0,3068.1324134705337,3068.1324134705337,0.0,-487564.02303893253,-487564.02303893253,62992.22463923879,62992.22463923879,62892.22463923879,0.0,100.0,0.0,0.0,62992.22463923879,48855.30230389326,1,0.0,100.0
8170,44100.11566398891,0.0,-441001.1566398891,0.0,10.0,0.0,-0.0,0.1,0.30485026,30.485025999999998,0.0,0.0,100.0,1.0,0.11,-11.0,-944.2177694640484,944.2177694640484,0.0,-944.2177694640484,944.2177694640484,0.0,-58237.09158039473,58237.09158039473,0.0,0.0,11779.286572265624,11779.286572265624,0.0,0.0,4146.124883068289,4146.124883068289,0.0,-441012.1566398891,-441012.1566398891,60125.527119322825,60125.527119322825,60025.527119322825,0.0,100.0,0.0,0.0,60125.527119322825,44200.11566398891,1,0.0,100.0
8171,41561.488692032595,0.0,-415614.8869203259,0.0,10.0,0.0,-0.0,0.1,0.30820527,30.820527,0.0,0.0,100.0,1.0,0.11,-11.0,-1004.8264929251626,1004.8264929251626,0.0,-1004.8264929251626,1004.8264929251626,0.0,-58227.494764388684,58227.494764388684,0.0,0.0,12190.62673828125,12190.62673828125,0.0,0.0,6385.032319925164,6385.032319925164,0.0,-415625.8869203259,-415625.8869203259,60237.147750239004,60237.14775023901,60137.147750239004,0.0,100.0,0.0,0.0,60237.14775023901,41661.488692032595,1,0.0,100.0
8172,42259.862174920854,0.0,-422598.62174920854,0.0,10.0,0.0,-0.0,0.1,0.34421482,34.421482,0.0,0.0,100.0,1.0,0.11,-11.0,-1046.1061618267345,1046.1061618267345,0.0,-1046.1061618267345,1046.1061618267345,0.0,-55219.43533647918,55219.43533647918,0.0,0.0,5609.18408203125,5609.18408203125,0.0,0.0,9342.601403180544,9342.601403180544,0.0,-422609.62174920854,-422609.62174920854,57311.64766013265,57311.64766013265,57211.64766013265,0.0,100.0,0.0,0.0,57311.64766013265,42359.862174920854,1,0.0,100.0
8173,40793.78644526887,0.0,-407937.86445268866,0.0,10.0,0.0,-0.0,0.1,0.33474482,33.474482,0.0,0.0,100.0,1.0,0.11,-11.0,-1065.323920185608,1065.323920185608,0.0,-1065.323920185608,1065.323920185608,0.0,-58233.15289113917,58233.15289113917,0.0,0.0,10320.8987109375,10320.8987109375,0.0,0.0,9149.115575304024,9149.115575304024,0.0,-407948.86445268866,-407948.86445268866,60363.80073151039,60363.80073151039,60263.80073151039,0.0,100.0,0.0,0.0,60363.80073151039,40893.78644526887,1,0.0,100.0
8174,50489.42584850416,0.0,-504894.25848504156,0.0,10.0,0.0,-0.0,0.1,0.336182126,33.6182126,0.0,0.0,100.0,1.0,0.08,-8.0,-1067.8529820230476,1067.8529820230476,0.0,-1067.8529820230476,1067.8529820230476,0.0,-58228.5995444243,58228.5995444243,0.0,0.0,4412.55814453125,4412.55814453125,0.0,0.0,5362.321515434986,5362.321515434986,0.0,-504902.25848504156,-504902.25848504156,60364.305508470396,60364.305508470396,60264.305508470396,0.0,100.0,0.0,0.0,60364.305508470396,50589.42584850416,1,0.0,100.0
8175,54069.76816914975,0.0,-540697.6816914974,0.0,10.0,0.0,-0.0,0.1,0.293926338,29.392633800000002,0.0,0.0,100.0,1.0,0.08,-8.0,-1031.9941033364626,1031.9941033364626,0.0,-1031.9941033364626,1031.9941033364626,0.0,-58227.27190994708,58227.27190994708,0.0,0.0,2804.592041015625,2804.592041015625,0.0,0.0,3316.899906454631,3316.899906454631,0.0,-540705.6816914974,-540705.6816914974,60291.260116620004,60291.260116620004,60191.260116620004,0.0,100.0,0.0,0.0,60291.260116620004,54169.76816914975,1,0.0,100.0
8176,65054.107294733134,0.0,-650541.0729473314,0.0,10.0,0.0,-0.0,0.1,0.285456582,28.545658200000002,0.0,0.0,100.0,1.0,0.08,-8.0,-943.922604172368,943.922604172368,0.0,-943.922604172368,943.922604172368,0.0,-64288.97289087858,64288.97289087858,0.0,0.0,0.0,0.0,0.0,0.0,1022.710804490178,1022.710804490178,0.0,-650549.0729473314,-650549.0729473314,66176.81809922331,66176.81809922331,66076.81809922331,0.0,100.0,0.0,0.0,66176.81809922331,65154.107294733134,1,0.0,100.0
8177,58818.70573834937,0.0,-588187.0573834936,0.0,10.0,0.0,-0.0,0.1,0.262160919,26.2160919,0.0,0.0,100.0,1.0,0.11,-11.0,-724.1896933781253,724.1896933781253,0.0,-724.1896933781253,724.1896933781253,0.0,-57470.32635159312,57470.32635159312,0.0,0.0,0.0,0.0,0.0,0.0,0.0,0.0,0.0,-588198.0573834936,-588198.0573834936,58918.70573834937,58918.70573834937,58818.70573834937,0.0,100.0,0.0,0.0,58918.70573834937,58918.70573834937,1,0.0,100.0
8178,46739.860481059,0.0,-467398.60481059,0.0,10.0,0.0,-0.0,0.1,0.222378998,22.2378998,0.0,0.0,100.0,1.0,0.11,-11.0,-709.2385787838432,709.2385787838432,0.0,-709.2385787838432,709.2385787838432,0.0,-45421.38332349131,45421.38332349131,0.0,0.0,0.0,0.0,0.0,0.0,0.0,0.0,0.0,-467409.60481059,-467409.60481059,46839.860481059,46839.860481059,46739.860481059,0.0,100.0,0.0,0.0,46839.860481059,46839.860481059,1,0.0,100.0
8179,45238.15054224567,0.0,-452381.50542245666,0.0,10.0,0.0,-0.0,0.1,0.216077483,21.607748299999997,0.0,0.0,100.0,1.0,0.11,-11.0,-696.6488476120019,696.6488476120019,0.0,-696.6488476120019,696.6488476120019,0.0,-43944.85284702166,43944.85284702166,0.0,0.0,0.0,0.0,0.0,0.0,0.0,0.0,0.0,-452392.50542245666,-452392.50542245666,45338.15054224567,45338.15054224567,45238.15054224567,0.0,100.0,0.0,0.0,45338.15054224567,45338.15054224567,1,0.0,100.0
8180,36179.321659977795,0.0,-361793.2165997779,0.0,10.0,0.0,-0.0,0.1,0.208599687,20.8599687,0.0,0.0,100.0,1.0,0.11,-11.0,-686.875176054207,686.875176054207,0.0,-686.875176054207,686.875176054207,0.0,-34905.57130786938,34905.57130786938,0.0,0.0,0.0,0.0,0.0,0.0,0.0,0.0,0.0,-361804.2165997779,-361804.2165997779,36279.321659977795,36279.321659977795,36179.321659977795,0.0,100.0,0.0,0.0,36279.321659977795,36279.321659977795,1,0.0,100.0
8181,33795.16019605695,0.0,-337951.6019605695,0.0,10.0,0.0,-0.0,0.1,0.2178489189999999,21.784891899999987,0.0,0.0,100.0,1.0,0.11,-11.0,-234.1525608729635,234.1525608729635,0.0,-234.1525608729635,234.1525608729635,0.0,-33426.855074311025,33426.855074311025,0.0,0.0,0.0,0.0,0.0,0.0,0.0,0.0,0.0,-337962.6019605695,-337962.6019605695,33895.16019605695,33895.16019605695,33795.16019605695,0.0,100.0,0.0,0.0,33895.16019605695,33895.16019605695,1,0.0,100.0
8182,21488.87781745935,0.0,-214888.7781745935,0.0,10.0,0.0,-0.0,0.1,0.233765486,23.3765486,0.0,0.0,100.0,1.0,0.11,-11.0,-233.4332940974124,233.4332940974124,0.0,-233.4332940974124,233.4332940974124,0.0,-21122.011229264524,21122.011229264524,0.0,0.0,0.0,0.0,0.0,0.0,0.0,0.0,0.0,-214899.7781745935,-214899.7781745935,21588.87781745935,21588.87781745935,21488.87781745935,0.0,100.0,0.0,0.0,21588.87781745935,21588.87781745935,1,0.0,100.0
8183,18510.252487301386,0.0,-185102.52487301387,0.0,10.0,0.0,-0.0,0.1,0.23508438,23.508438,0.0,0.0,100.0,1.0,0.11,-11.0,-236.4098105284594,236.4098105284594,0.0,-236.4098105284594,236.4098105284594,0.0,-18137.432866244468,18137.432866244468,0.0,0.0,0.0,0.0,0.0,0.0,0.0,0.0,0.0,-185113.52487301387,-185113.52487301387,18610.252487301386,18610.252487301386,18510.252487301386,0.0,100.0,0.0,0.0,18610.252487301386,18610.252487301386,1,0.0,100.0
8184,17765.390154007036,0.0,-177653.90154007036,0.0,10.0,0.0,-0.0,0.1,0.232473348,23.2473348,0.0,0.0,100.0,1.0,0.08,-8.0,-233.45375962236315,233.45375962236315,0.0,-233.45375962236315,233.45375962236315,0.0,-17398.48263476231,17398.48263476231,0.0,0.0,0.0,0.0,0.0,0.0,0.0,0.0,0.0,-177661.90154007036,-177661.90154007036,17865.390154007036,17865.390154007036,17765.390154007036,0.0,100.0,0.0,0.0,17865.390154007036,17865.390154007036,1,0.0,100.0
8185,17858.830297263583,0.0,-178588.30297263584,0.0,10.0,0.0,-0.0,0.1,0.244679925,24.467992499999998,0.0,0.0,100.0,1.0,0.08,-8.0,-233.4475517251221,233.4475517251221,0.0,-233.4475517251221,233.4475517251221,0.0,-17491.93519381334,17491.93519381334,0.0,0.0,0.0,0.0,0.0,0.0,0.0,0.0,0.0,-178596.30297263584,-178596.30297263584,17958.830297263583,17958.830297263583,17858.830297263583,0.0,100.0,0.0,0.0,17958.830297263583,17958.830297263583,1,0.0,100.0
8186,17882.376746341844,0.0,-178823.76746341845,0.0,10.0,0.0,-0.0,0.1,0.247200854,24.7200854,0.0,0.0,100.0,1.0,0.08,-8.0,-233.466035790832,233.466035790832,0.0,-233.466035790832,233.466035790832,0.0,-17515.44467476018,17515.44467476018,0.0,0.0,0.0,0.0,0.0,0.0,0.0,0.0,0.0,-178831.76746341845,-178831.76746341845,17982.376746341844,17982.376746341844,17882.376746341844,0.0,100.0,0.0,0.0,17982.376746341844,17982.376746341844,1,0.0,100.0
8187,17859.20859755299,0.0,-178592.08597552992,0.0,10.0,0.0,-0.0,0.1,0.247918006,24.7918006,0.0,0.0,100.0,1.0,0.08,-8.0,-233.46935547566005,233.46935547566005,0.0,-233.46935547566005,233.46935547566005,0.0,-17492.269886601673,17492.269886601673,0.0,0.0,0.0,0.0,0.0,0.0,0.0,0.0,0.0,-178600.08597552992,-178600.08597552992,17959.20859755299,17959.20859755299,17859.20859755299,0.0,100.0,0.0,0.0,17959.20859755299,17959.20859755299,1,0.0,100.0
8188,18633.006258676363,0.0,-186330.06258676364,0.0,10.0,0.0,-0.0,0.1,0.246924641,24.6924641,0.0,0.0,100.0,1.0,0.08,-8.0,-239.13992595883653,239.13992595883653,0.0,-239.13992595883653,239.13992595883653,0.0,-18254.72640675869,18254.72640675869,0.0,0.0,0.0,0.0,0.0,0.0,0.0,0.0,0.0,-186338.06258676364,-186338.06258676364,18733.006258676363,18733.006258676363,18633.006258676363,0.0,100.0,0.0,0.0,18733.006258676363,18733.006258676363,1,0.0,100.0
8189,21592.817180346417,0.0,-215928.17180346418,0.0,10.0,0.0,-0.0,0.1,0.247788747,24.7788747,0.0,0.0,100.0,1.0,0.11,-11.0,-238.2821360355433,238.2821360355433,0.0,-238.2821360355433,238.2821360355433,0.0,-21216.25290827533,21216.25290827533,0.0,0.0,0.0,0.0,0.0,0.0,0.0,0.0,0.0,-215939.17180346418,-215939.17180346418,21692.817180346417,21692.817180346417,21592.817180346417,0.0,100.0,0.0,0.0,21692.817180346417,21692.817180346417,1,0.0,100.0
8190,26641.510660341366,0.0,-266415.10660341365,0.0,10.0,0.0,-0.0,0.1,0.241006738,24.1006738,0.0,0.0,100.0,1.0,0.11,-11.0,-431.8102055218497,431.8102055218497,0.0,-431.8102055218497,431.8102055218497,0.0,-25877.890249297667,25877.890249297667,0.0,0.0,0.0,0.0,0.0,0.0,0.0,0.0,0.0,-266426.10660341365,-266426.10660341365,26741.510660341366,26741.510660341366,26641.510660341366,0.0,100.0,0.0,0.0,26741.510660341366,26741.510660341366,1,0.0,100.0
8191,29567.94428101298,0.0,-295679.4428101298,0.0,10.0,0.0,-0.0,0.1,0.238030941,23.8030941,0.0,0.0,100.0,1.0,0.11,-11.0,-670.9517108404401,670.9517108404401,0.0,-670.9517108404401,670.9517108404401,0.0,-30301.471162614595,30301.471162614595,0.0,0.0,1533.176982421875,1533.176982421875,0.0,0.0,442.2533208606175,442.2533208606175,0.0,-295690.4428101298,-295690.4428101298,31643.374584295474,31643.374584295474,31543.374584295474,0.0,100.0,0.0,0.0,31643.374584295474,29667.94428101298,1,0.0,100.0
8192,59908.99523184028,0.0,-599089.9523184028,0.0,10.0,0.0,-0.0,0.1,0.229496538,22.9496538,0.0,0.0,100.0,1.0,0.11,-11.0,-923.5115760453764,923.5115760453764,0.0,-923.5115760453764,923.5115760453764,0.0,-63413.57216776804,63413.57216776804,0.0,0.0,3178.537646484375,3178.537646484375,0.0,0.0,2073.0624415341445,2073.0624415341445,0.0,-599100.9523184028,-599100.9523184028,65260.595319858796,65260.595319858796,65160.595319858796,0.0,100.0,0.0,0.0,65260.595319858796,60008.99523184028,1,0.0,100.0
8193,47833.325767890026,0.0,-478333.25767890026,0.0,10.0,0.0,-0.0,0.1,0.221777095,22.177709500000002,0.0,0.0,100.0,1.0,0.11,-11.0,-962.9085540598732,962.9085540598732,0.0,-962.9085540598732,962.9085540598732,0.0,-61181.81982075602,61181.81982075602,0.0,0.0,10171.32046875,10171.32046875,0.0,0.0,5002.990692235735,5002.990692235735,0.0,-478344.25767890026,-478344.25767890026,63107.63692887576,63107.63692887576,63007.63692887576,0.0,100.0,0.0,0.0,63107.63692887576,47933.325767890026,1,0.0,100.0
8194,41420.623116770155,0.0,-414206.23116770154,0.0,10.0,0.0,-0.0,0.1,0.256168176,25.6168176,0.0,0.0,100.0,1.0,0.11,-11.0,-1004.8173438019758,1004.8173438019758,0.0,-1004.8173438019758,1004.8173438019758,0.0,-58223.26291815635,58223.26291815635,0.0,0.0,11442.73552734375,11442.73552734375,0.0,0.0,7269.5389616464,7269.5389616464,0.0,-414217.23116770154,-414217.23116770154,60232.89760576031,60232.89760576031,60132.89760576031,0.0,100.0,0.0,0.0,60232.89760576031,41520.623116770155,1,0.0,100.0
8195,40914.137533572604,0.0,-409141.3753357261,0.0,10.0,0.0,-0.0,0.1,0.239436941,23.9436941,0.0,0.0,100.0,1.0,0.11,-11.0,-1050.9984966613113,1050.9984966613113,0.0,-1050.9984966613113,1050.9984966613113,0.0,-58227.620671706805,58227.620671706805,0.0,0.0,11741.89201171875,11741.89201171875,0.0,0.0,7573.588119738074,7573.588119738074,0.0,-409152.3753357261,-409152.3753357261,60329.61766502943,60329.61766502943,60229.61766502943,0.0,100.0,0.0,0.0,60329.61766502943,41014.137533572604,1,0.0,100.0
8196,32391.6764424325,0.0,-323916.764424325,0.0,10.0,0.0,-0.0,0.1,0.2225977189999999,22.25977189999999,0.0,0.0,100.0,1.0,0.11,-11.0,-1061.6128230974552,1061.6128230974552,0.0,-1061.6128230974552,1061.6128230974552,0.0,-55285.13973035936,55285.13973035936,0.0,0.0,14247.327568359377,14247.327568359377,0.0,0.0,10669.361365762396,10669.361365762396,0.0,-323927.764424325,-323927.764424325,57408.36537655427,57408.36537655427,57308.36537655427,0.0,100.0,0.0,0.0,57408.36537655427,32491.676442432497,1,0.0,100.0
8197,39376.70239786328,0.0,-393767.02397863276,0.0,10.0,0.0,-0.0,0.1,0.2192926969999999,21.92926969999999,0.0,0.0,100.0,1.0,0.11,-11.0,-1041.0444008460902,1041.0444008460902,0.0,-1041.0444008460902,1041.0444008460902,0.0,-58326.25644659169,58326.25644659169,0.0,0.0,12003.653935546874,12003.653935546874,0.0,0.0,8927.988914873715,8927.988914873715,0.0,-393778.02397863276,-393778.02397863276,60408.34524828387,60408.34524828387,60308.34524828387,0.0,100.0,0.0,0.0,60408.34524828387,39476.70239786328,1,0.0,100.0
8198,43921.51473652661,0.0,-439215.1473652661,0.0,10.0,0.0,-0.0,0.1,0.23440861,23.440860999999998,0.0,0.0,100.0,1.0,0.08,-8.0,-1053.5933015556643,1053.5933015556643,0.0,-1053.5933015556643,1053.5933015556643,0.0,-58264.23228281015,58264.23228281015,0.0,0.0,9273.851015625,9273.851015625,0.0,0.0,7076.053133769879,7076.053133769879,0.0,-439223.1473652661,-439223.1473652661,60371.41888592149,60371.418885921485,60271.41888592149,0.0,100.0,0.0,0.0,60371.418885921485,44021.5147365266,1,0.0,100.0
8199,53001.727586811714,0.0,-530017.2758681171,0.0,10.0,0.0,-0.0,0.1,0.254601768,25.4601768,0.0,0.0,100.0,1.0,0.08,-8.0,-1041.2685342801126,1041.2685342801126,0.0,-1041.2685342801126,1041.2685342801126,0.0,-58197.48388902733,58197.48388902733,0.0,0.0,3889.034296875,3889.034296875,0.0,0.0,3289.2590739008424,3289.2590739008424,0.0,-530025.2758681171,-530025.2758681171,60280.020957587556,60280.020957587556,60180.020957587556,0.0,100.0,0.0,0.0,60280.020957587556,53101.727586811714,1,0.0,100.0
8200,65325.74873152081,0.0,-653257.4873152082,0.0,10.0,0.0,-0.0,0.1,0.248934081,24.8934081,0.0,0.0,100.0,1.0,0.08,-8.0,-957.9907873741844,957.9907873741844,0.0,-957.9907873741844,957.9907873741844,0.0,-64256.069635724736,64256.069635724736,0.0,0.0,0.0,0.0,0.0,0.0,746.302478952292,746.302478952292,0.0,-653265.4873152082,-653265.4873152082,66172.0512104731,66172.0512104731,66072.0512104731,0.0,100.0,0.0,0.0,66172.0512104731,65425.74873152081,1,0.0,100.0
8201,58820.63010144407,0.0,-588206.3010144407,0.0,10.0,0.0,-0.0,0.1,0.248064967,24.8064967,0.0,0.0,100.0,1.0,0.11,-11.0,-741.7262901001948,741.7262901001948,0.0,-741.7262901001948,741.7262901001948,0.0,-57437.17752124368,57437.17752124368,0.0,0.0,0.0,0.0,0.0,0.0,0.0,0.0,0.0,-588217.3010144407,-588217.3010144407,58920.63010144407,58920.63010144407,58820.63010144407,0.0,100.0,0.0,0.0,58920.63010144407,58920.63010144407,1,0.0,100.0
8202,46642.92155429048,0.0,-466429.2155429048,0.0,10.0,0.0,-0.0,0.1,0.239346308,23.9346308,0.0,0.0,100.0,1.0,0.11,-11.0,-675.818341015512,675.818341015512,0.0,-675.818341015512,675.818341015512,0.0,-45391.28487225946,45391.28487225946,0.0,0.0,0.0,0.0,0.0,0.0,0.0,0.0,0.0,-466440.2155429048,-466440.2155429048,46742.92155429048,46742.92155429048,46642.92155429048,0.0,100.0,0.0,0.0,46742.92155429048,46742.92155429048,1,0.0,100.0
8203,45035.41977870456,0.0,-450354.1977870456,0.0,10.0,0.0,-0.0,0.1,0.24137201,24.137201,0.0,0.0,100.0,1.0,0.11,-11.0,-608.4532080766331,608.4532080766331,0.0,-608.4532080766331,608.4532080766331,0.0,-43918.5133625513,43918.5133625513,0.0,0.0,0.0,0.0,0.0,0.0,0.0,0.0,0.0,-450365.1977870456,-450365.1977870456,45135.41977870456,45135.41977870456,45035.41977870456,0.0,100.0,0.0,0.0,45135.41977870456,45135.41977870456,1,0.0,100.0
8204,35941.415482741155,0.0,-359414.1548274115,0.0,10.0,0.0,-0.0,0.1,0.244012617,24.4012617,0.0,0.0,100.0,1.0,0.11,-11.0,-577.6970509608891,577.6970509608891,0.0,-577.6970509608891,577.6970509608891,0.0,-34886.02138081938,34886.02138081938,0.0,0.0,0.0,0.0,0.0,0.0,0.0,0.0,0.0,-359425.1548274115,-359425.1548274115,36041.415482741155,36041.415482741155,35941.415482741155,0.0,100.0,0.0,0.0,36041.415482741155,36041.415482741155,1,0.0,100.0
8205,33776.70620646766,0.0,-337767.06206467655,0.0,10.0,0.0,-0.0,0.1,0.250918747,25.091874699999998,0.0,0.0,100.0,1.0,0.11,-11.0,-232.7033402622808,232.7033402622808,0.0,-232.7033402622808,232.7033402622808,0.0,-33411.2995259431,33411.2995259431,0.0,0.0,0.0,0.0,0.0,0.0,0.0,0.0,0.0,-337778.06206467655,-337778.06206467655,33876.70620646766,33876.70620646766,33776.70620646766,0.0,100.0,0.0,0.0,33876.70620646766,33876.70620646766,1,0.0,100.0
8206,21487.649839827896,0.0,-214876.49839827896,0.0,10.0,0.0,-0.0,0.1,0.258865859,25.886585899999996,0.0,0.0,100.0,1.0,0.11,-11.0,-232.81923575303347,232.81923575303347,0.0,-232.81923575303347,232.81923575303347,0.0,-21122.01136832183,21122.01136832183,0.0,0.0,0.0,0.0,0.0,0.0,0.0,0.0,0.0,-214887.49839827896,-214887.49839827896,21587.649839827896,21587.649839827896,21487.649839827896,0.0,100.0,0.0,0.0,21587.649839827896,21587.649839827896,1,0.0,100.0
8207,18508.996196740598,0.0,-185089.96196740598,0.0,10.0,0.0,-0.0,0.1,0.260451962,26.0451962,0.0,0.0,100.0,1.0,0.11,-11.0,-235.78159874239807,235.78159874239807,0.0,-235.78159874239807,235.78159874239807,0.0,-18137.4329992558,18137.4329992558,0.0,0.0,0.0,0.0,0.0,0.0,0.0,0.0,0.0,-185100.96196740598,-185100.96196740598,18608.996196740598,18608.996196740598,18508.996196740598,0.0,100.0,0.0,0.0,18608.996196740598,18608.996196740598,1,0.0,100.0
8208,14750.71974322352,0.0,-147507.1974322352,0.0,10.0,0.0,-0.0,0.1,0.255500173,25.5500173,0.0,0.0,100.0,1.0,0.08,-8.0,-232.79610059711823,232.79610059711823,0.0,-232.79610059711823,232.79610059711823,0.0,-14385.127542029284,14385.127542029284,0.0,0.0,0.0,0.0,0.0,0.0,0.0,0.0,0.0,-147515.1974322352,-147515.1974322352,14850.71974322352,14850.71974322352,14750.71974322352,0.0,100.0,0.0,0.0,14850.71974322352,14850.71974322352,1,0.0,100.0
8209,14797.176143944991,0.0,-147971.7614394499,0.0,10.0,0.0,-0.0,0.1,0.268303293,26.8303293,0.0,0.0,100.0,1.0,0.08,-8.0,-232.68545541267423,232.68545541267423,0.0,-232.68545541267423,232.68545541267423,0.0,-14431.805233119643,14431.805233119643,0.0,0.0,0.0,0.0,0.0,0.0,0.0,0.0,0.0,-147979.7614394499,-147979.7614394499,14897.176143944991,14897.176143944991,14797.176143944991,0.0,100.0,0.0,0.0,14897.176143944991,14897.176143944991,1,0.0,100.0
8210,14843.744447825944,0.0,-148437.44447825945,0.0,10.0,0.0,-0.0,0.1,0.279813623,27.9813623,0.0,0.0,100.0,1.0,0.08,-8.0,-232.59034147782188,232.59034147782188,0.0,-232.59034147782188,232.59034147782188,0.0,-14478.5637648703,14478.5637648703,0.0,0.0,0.0,0.0,0.0,0.0,0.0,0.0,0.0,-148445.44447825945,-148445.44447825945,14943.744447825944,14943.744447825944,14843.744447825944,0.0,100.0,0.0,0.0,14943.744447825944,14943.744447825944,1,0.0,100.0
8211,14867.229269769663,0.0,-148672.29269769663,0.0,10.0,0.0,-0.0,0.1,0.295138252,29.5138252,0.0,0.0,100.0,1.0,0.08,-8.0,-232.5297862992841,232.5297862992841,0.0,-232.5297862992841,232.5297862992841,0.0,-14502.169697171095,14502.169697171095,0.0,0.0,0.0,0.0,0.0,0.0,0.0,0.0,0.0,-148680.29269769663,-148680.29269769663,14967.229269769663,14967.229269769663,14867.229269769663,0.0,100.0,0.0,0.0,14967.229269769663,14967.229269769663,1,0.0,100.0
8212,15584.603717937527,0.0,-155846.03717937527,0.0,10.0,0.0,-0.0,0.1,0.291482144,29.1482144,0.0,0.0,100.0,1.0,0.08,-8.0,-233.375017412898,233.375017412898,0.0,-233.375017412898,233.375017412898,0.0,-15217.85368311173,15217.85368311173,0.0,0.0,0.0,0.0,0.0,0.0,0.0,0.0,0.0,-155854.03717937527,-155854.03717937527,15684.603717937527,15684.603717937527,15584.603717937527,0.0,100.0,0.0,0.0,15684.603717937527,15684.603717937527,1,0.0,100.0
8213,17086.217662625284,0.0,-170862.17662625283,0.0,10.0,0.0,-0.0,0.1,0.262919121,26.291912099999998,0.0,0.0,100.0,1.0,0.11,-11.0,-233.2670896427289,233.2670896427289,0.0,-233.2670896427289,233.2670896427289,0.0,-16719.683483339828,16719.683483339828,0.0,0.0,0.0,0.0,0.0,0.0,0.0,0.0,0.0,-170873.17662625283,-170873.17662625283,17186.217662625284,17186.217662625284,17086.217662625284,0.0,100.0,0.0,0.0,17186.217662625284,17186.217662625284,1,0.0,100.0
8214,26237.24044331976,0.0,-262372.4044331976,0.0,10.0,0.0,-0.0,0.1,0.251605043,25.160504299999996,0.0,0.0,100.0,1.0,0.11,-11.0,-233.29136377368425,233.29136377368425,0.0,-233.29136377368425,233.29136377368425,0.0,-25870.65771577239,25870.65771577239,0.0,0.0,0.0,0.0,0.0,0.0,0.0,0.0,0.0,-262383.4044331976,-262383.4044331976,26337.24044331976,26337.24044331976,26237.24044331976,0.0,100.0,0.0,0.0,26337.24044331976,26337.24044331976,1,0.0,100.0
8215,22923.923583937983,0.0,-229239.23583937983,0.0,10.0,0.0,-0.0,0.1,0.2453828739999999,24.538287399999987,0.0,0.0,100.0,1.0,0.11,-11.0,-197.14039859713043,197.14039859713043,0.0,-197.14039859713043,197.14039859713043,0.0,-24284.788798239573,24284.788798239573,0.0,0.0,1047.0476953125,1047.0476953125,0.0,0.0,608.098316183349,608.098316183349,0.0,-229250.23583937983,-229250.23583937983,24679.069595433833,24679.069595433833,24579.069595433833,0.0,100.0,0.0,0.0,24679.069595433833,23023.923583937983,1,0.0,100.0
8216,30036.90576394271,0.0,-300369.0576394271,0.0,10.0,0.0,-0.0,0.1,0.23764744,23.764744,0.0,0.0,100.0,1.0,0.11,-11.0,-197.1278848928877,197.1278848928877,0.0,-197.1278848928877,197.1278848928877,0.0,-39319.11953308971,39319.11953308971,0.0,0.0,5347.422158203125,5347.422158203125,0.0,0.0,4229.047380729655,4229.047380729655,0.0,-300380.0576394271,-300380.0576394271,39713.37530287549,39713.37530287549,39613.37530287549,0.0,100.0,0.0,0.0,39713.37530287549,30136.90576394271,1,0.0,100.0
8217,21155.20804795228,0.0,-211552.08047952282,0.0,10.0,0.0,-0.0,0.1,0.239067221,23.9067221,0.0,0.0,100.0,1.0,0.11,-11.0,-197.17591431675064,197.17591431675064,0.0,-197.17591431675064,197.17591431675064,0.0,-37082.37317281833,37082.37317281833,0.0,0.0,8039.830517578125,8039.830517578125,0.0,0.0,8181.686435921423,8181.686435921423,0.0,-211563.08047952282,-211563.08047952282,37476.72500145183,37476.72500145183,37376.72500145183,0.0,100.0,0.0,0.0,37476.72500145183,21255.20804795228,1,0.0,100.0
8218,8125.5643919468675,0.0,-81255.64391946868,0.0,10.0,0.0,-0.0,0.1,0.267526906,26.7526906,0.0,0.0,100.0,1.0,0.11,-11.0,-197.1517978037732,197.1517978037732,0.0,-197.1517978037732,197.1517978037732,0.0,-34112.104253589816,34112.104253589816,0.0,0.0,14284.722128906247,14284.722128906247,0.0,0.0,11996.121328344248,11996.121328344248,0.0,-81266.64391946868,-81266.64391946868,34506.40784919736,34506.40784919736,34406.40784919736,0.0,100.0,0.0,0.0,34506.40784919736,8225.564391946868,1,0.0,100.0
8219,10060.378837324584,0.0,-100603.78837324584,0.0,10.0,0.0,-0.0,0.1,0.285030523,28.503052299999997,0.0,0.0,100.0,1.0,0.11,-11.0,-200.00067802483235,200.00067802483235,0.0,-200.00067802483235,200.00067802483235,0.0,-34108.141108387,34108.141108387,0.0,0.0,11218.3681640625,11218.3681640625,0.0,0.0,13129.39546304958,13129.39546304958,0.0,-100614.78837324584,-100614.78837324584,34508.14246443666,34508.14246443666,34408.14246443666,0.0,100.0,0.0,0.0,34508.14246443666,10160.378837324584,1,0.0,100.0
8220,11372.118192126285,0.0,-113721.18192126285,0.0,10.0,0.0,-0.0,0.1,0.315668511,31.566851099999997,0.0,0.0,100.0,1.0,0.11,-11.0,-197.1278098287379,197.1278098287379,0.0,-197.1278098287379,197.1278098287379,0.0,-34165.5852204057,34165.5852204057,0.0,0.0,10096.53134765625,10096.53134765625,0.0,0.0,12991.191300280638,12991.191300280638,0.0,-113732.18192126285,-113732.18192126285,34559.840840063174,34559.840840063174,34459.840840063174,0.0,100.0,0.0,0.0,34559.840840063174,11472.118192126287,1,0.0,100.0
8221,16932.89852362027,0.0,-169328.98523620272,0.0,10.0,0.0,-0.0,0.1,0.305825105,30.582510499999998,0.0,0.0,100.0,1.0,0.11,-11.0,-197.30049494721345,197.30049494721345,0.0,-197.30049494721345,197.30049494721345,0.0,-34176.94719957521,34176.94719957521,0.0,0.0,5459.60583984375,5459.60583984375,0.0,0.0,12079.043826005614,12079.043826005614,0.0,-169339.98523620272,-169339.98523620272,34571.548189469635,34571.548189469635,34471.548189469635,0.0,100.0,0.0,0.0,34571.548189469635,17032.89852362027,1,0.0,100.0
8222,4589.53488872074,0.0,-45895.3488872074,0.0,10.0,0.0,-0.0,0.1,0.303817441,30.381744100000002,0.0,0.0,100.0,1.0,0.08,-8.0,-197.3539220859692,197.3539220859692,0.0,-197.3539220859692,197.3539220859692,0.0,-19049.85437959287,19049.85437959287,0.0,0.0,6020.524248046875,6020.524248046875,0.0,0.0,8734.503086997194,8734.503086997194,0.0,-45903.3488872074,-45903.3488872074,19444.56222376481,19444.56222376481,19344.56222376481,0.0,100.0,0.0,0.0,19444.56222376481,4689.53488872074,1,0.0,100.0
8223,12501.18900841437,0.0,-125011.8900841437,0.0,10.0,0.0,-0.0,0.1,0.307548621,30.754862100000004,0.0,0.0,100.0,1.0,0.08,-8.0,-197.3033912769313,197.3033912769313,0.0,-197.3033912769313,197.3033912769313,0.0,-19048.387790595003,19048.387790595003,0.0,0.0,2281.068193359375,2281.068193359375,0.0,0.0,4560.737371375118,4560.737371375118,0.0,-125019.8900841437,-125019.8900841437,19442.994573148862,19442.994573148866,19342.994573148862,0.0,100.0,0.0,0.0,19442.994573148866,12601.189008414374,1,0.0,100.0
8224,24654.382320001096,0.0,-246543.82320001096,0.0,10.0,0.0,-0.0,0.1,0.314654021,31.465402100000002,0.0,0.0,100.0,1.0,0.08,-8.0,-196.8650867270296,196.8650867270296,0.0,-196.8650867270296,196.8650867270296,0.0,-25106.95462549933,25106.95462549933,0.0,0.0,0.0,0.0,0.0,0.0,746.302478952292,746.302478952292,0.0,-246551.82320001096,-246551.82320001096,25500.68479895339,25500.68479895339,25400.68479895339,0.0,100.0,0.0,0.0,25500.68479895339,24754.382320001096,1,0.0,100.0
8225,23162.46997237634,0.0,-231624.6997237634,0.0,10.0,0.0,-0.0,0.1,0.3222178189999999,32.22178189999999,0.0,0.0,100.0,1.0,0.11,-11.0,-226.7201438297629,226.7201438297629,0.0,-226.7201438297629,226.7201438297629,0.0,-22809.029684716814,22809.029684716814,0.0,0.0,0.0,0.0,0.0,0.0,0.0,0.0,0.0,-231635.6997237634,-231635.6997237634,23262.46997237634,23262.46997237634,23162.46997237634,0.0,100.0,0.0,0.0,23262.46997237634,23262.46997237634,1,0.0,100.0
8226,21401.063019805373,0.0,-214010.63019805372,0.0,10.0,0.0,-0.0,0.1,0.313424336,31.342433600000003,0.0,0.0,100.0,1.0,0.11,-11.0,-232.66129203690537,232.66129203690537,0.0,-232.66129203690537,232.66129203690537,0.0,-21035.74043573156,21035.74043573156,0.0,0.0,0.0,0.0,0.0,0.0,0.0,0.0,0.0,-214021.63019805372,-214021.63019805372,21501.063019805373,21501.063019805373,21401.063019805373,0.0,100.0,0.0,0.0,21501.063019805373,21501.063019805373,1,0.0,100.0
8227,19924.872316964927,0.0,-199248.72316964928,0.0,10.0,0.0,-0.0,0.1,0.305647838,30.5647838,0.0,0.0,100.0,1.0,0.11,-11.0,-233.51632324808872,233.51632324808872,0.0,-233.51632324808872,233.51632324808872,0.0,-19557.83967046875,19557.83967046875,0.0,0.0,0.0,0.0,0.0,0.0,0.0,0.0,0.0,-199259.72316964928,-199259.72316964928,20024.872316964927,20024.872316964927,19924.872316964927,0.0,100.0,0.0,0.0,20024.872316964927,20024.872316964927,1,0.0,100.0
8228,19924.673172360595,0.0,-199246.73172360595,0.0,10.0,0.0,-0.0,0.1,0.302380468,30.238046800000003,0.0,0.0,100.0,1.0,0.11,-11.0,-233.4167388539868,233.4167388539868,0.0,-233.4167388539868,233.4167388539868,0.0,-19557.839694652623,19557.839694652623,0.0,0.0,0.0,0.0,0.0,0.0,0.0,0.0,0.0,-199257.73172360595,-199257.73172360595,20024.673172360595,20024.673172360595,19924.673172360595,0.0,100.0,0.0,0.0,20024.673172360595,20024.673172360595,1,0.0,100.0
8229,18445.80752777193,0.0,-184458.0752777193,0.0,10.0,0.0,-0.0,0.1,0.31112096,31.112096,0.0,0.0,100.0,1.0,0.11,-11.0,-232.9045167445205,232.9045167445205,0.0,-232.9045167445205,232.9045167445205,0.0,-18079.99849428289,18079.99849428289,0.0,0.0,0.0,0.0,0.0,0.0,0.0,0.0,0.0,-184469.0752777193,-184469.0752777193,18545.80752777193,18545.80752777193,18445.80752777193,0.0,100.0,0.0,0.0,18545.80752777193,18545.80752777193,1,0.0,100.0
8230,16966.46409192494,0.0,-169664.6409192494,0.0,10.0,0.0,-0.0,0.1,0.3158581239999999,31.58581239999999,0.0,0.0,100.0,1.0,0.11,-11.0,-232.24272216161745,232.24272216161745,0.0,-232.24272216161745,232.24272216161745,0.0,-16601.978647601703,16601.978647601703,0.0,0.0,0.0,0.0,0.0,0.0,0.0,0.0,0.0,-169675.6409192494,-169675.6409192494,17066.46409192494,17066.46409192494,16966.46409192494,0.0,100.0,0.0,0.0,17066.46409192494,17066.46409192494,1,0.0,100.0
8231,15611.016959878882,0.0,-156110.1695987888,0.0,10.0,0.0,-0.0,0.1,0.303208201,30.320820100000002,0.0,0.0,100.0,1.0,0.11,-11.0,-235.17416026940683,235.17416026940683,0.0,-235.17416026940683,235.17416026940683,0.0,-15240.668639340069,15240.668639340069,0.0,0.0,0.0,0.0,0.0,0.0,0.0,0.0,0.0,-156121.1695987888,-156121.1695987888,15711.016959878882,15711.016959878882,15611.016959878882,0.0,100.0,0.0,0.0,15711.016959878882,15711.016959878882,1,0.0,100.0
8232,14842.883566156785,0.0,-148428.83566156783,0.0,10.0,0.0,-0.0,0.1,0.301961202,30.1961202,0.0,0.0,100.0,1.0,0.08,-8.0,-232.2212581663172,232.2212581663172,0.0,-232.2212581663172,232.2212581663172,0.0,-14478.44104982415,14478.44104982415,0.0,0.0,0.0,0.0,0.0,0.0,0.0,0.0,0.0,-148436.83566156783,-148436.83566156783,14942.883566156785,14942.883566156785,14842.883566156785,0.0,100.0,0.0,0.0,14942.883566156785,14942.883566156785,1,0.0,100.0
8233,14866.304814939784,0.0,-148663.04814939783,0.0,10.0,0.0,-0.0,0.1,0.3058044669999999,30.580446699999992,0.0,0.0,100.0,1.0,0.08,-8.0,-232.1807605972361,232.1807605972361,0.0,-232.1807605972361,232.1807605972361,0.0,-14501.943293745311,14501.943293745311,0.0,0.0,0.0,0.0,0.0,0.0,0.0,0.0,0.0,-148671.04814939783,-148671.04814939783,14966.304814939784,14966.304814939784,14866.304814939784,0.0,100.0,0.0,0.0,14966.304814939784,14966.304814939784,1,0.0,100.0
8234,14842.901426365517,0.0,-148429.01426365518,0.0,10.0,0.0,-0.0,0.1,0.315659824,31.5659824,0.0,0.0,100.0,1.0,0.08,-8.0,-232.1398947368247,232.1398947368247,0.0,-232.1398947368247,232.1398947368247,0.0,-14478.621636891869,14478.621636891869,0.0,0.0,0.0,0.0,0.0,0.0,0.0,0.0,0.0,-148437.01426365518,-148437.01426365518,14942.901426365517,14942.901426365517,14842.901426365517,0.0,100.0,0.0,0.0,14942.901426365517,14942.901426365517,1,0.0,100.0
8235,14866.37177306758,0.0,-148663.7177306758,0.0,10.0,0.0,-0.0,0.1,0.320589078,32.0589078,0.0,0.0,100.0,1.0,0.08,-8.0,-232.09941762837303,232.09941762837303,0.0,-232.09941762837303,232.09941762837303,0.0,-14502.172937810834,14502.172937810834,0.0,0.0,0.0,0.0,0.0,0.0,0.0,0.0,0.0,-148671.7177306758,-148671.7177306758,14966.37177306758,14966.37177306758,14866.37177306758,0.0,100.0,0.0,0.0,14966.37177306758,14966.37177306758,1,0.0,100.0
8236,15583.677892026426,0.0,-155836.77892026427,0.0,10.0,0.0,-0.0,0.1,0.29644493,29.644493,0.0,0.0,100.0,1.0,0.08,-8.0,-232.9570713566788,232.9570713566788,0.0,-232.9570713566788,232.9570713566788,0.0,-15217.763749313068,15217.763749313068,0.0,0.0,0.0,0.0,0.0,0.0,0.0,0.0,0.0,-155844.77892026427,-155844.77892026427,15683.677892026426,15683.677892026426,15583.677892026426,0.0,100.0,0.0,0.0,15683.677892026426,15683.677892026426,1,0.0,100.0
8237,17084.988589060544,0.0,-170849.88589060545,0.0,10.0,0.0,-0.0,0.1,0.249265049,24.926504899999998,0.0,0.0,100.0,1.0,0.11,-11.0,-232.86019261931213,232.86019261931213,0.0,-232.86019261931213,232.86019261931213,0.0,-16719.26820382192,16719.26820382192,0.0,0.0,0.0,0.0,0.0,0.0,0.0,0.0,0.0,-170860.88589060545,-170860.88589060545,17184.988589060544,17184.988589060544,17084.988589060544,0.0,100.0,0.0,0.0,17184.988589060544,17184.988589060544,1,0.0,100.0
8238,20017.31465380842,0.0,-200173.1465380842,0.0,10.0,0.0,-0.0,0.1,0.238167978,23.8167978,0.0,0.0,100.0,1.0,0.11,-11.0,-232.8953532277621,232.8953532277621,0.0,-232.8953532277621,232.8953532277621,0.0,-19651.523947352893,19651.523947352893,0.0,0.0,0.0,0.0,0.0,0.0,0.0,0.0,0.0,-200184.1465380842,-200184.1465380842,20117.31465380842,20117.31465380842,20017.31465380842,0.0,100.0,0.0,0.0,20117.31465380842,20117.31465380842,1,0.0,100.0
8239,17022.68430021762,0.0,-170226.8430021762,0.0,10.0,0.0,-0.0,0.1,0.230691957,23.0691957,0.0,0.0,100.0,1.0,0.11,-11.0,-202.73319400169933,202.73319400169933,0.0,-202.73319400169933,202.73319400169933,0.0,-18053.6999833489,18053.6999833489,0.0,0.0,673.10208984375,673.10208984375,0.0,0.0,663.3799812909263,663.3799812909263,0.0,-170237.8430021762,-170237.8430021762,18459.166371352298,18459.166371352298,18359.166371352298,0.0,100.0,0.0,0.0,18459.166371352298,17122.68430021762,1,0.0,100.0
8240,11974.461331171799,0.0,-119744.61331171799,0.0,10.0,0.0,-0.0,0.1,0.224316206,22.4316206,0.0,0.0,100.0,1.0,0.11,-11.0,-196.7732016385052,196.7732016385052,0.0,-196.7732016385052,196.7732016385052,0.0,-18030.07818037776,18030.07818037776,0.0,0.0,1981.9117089843749,1981.9117089843749,0.0,0.0,4367.251543498597,4367.251543498597,0.0,-119755.61331171799,-119755.61331171799,18423.62458365477,18423.62458365477,18323.62458365477,0.0,100.0,0.0,0.0,18423.62458365477,12074.461331171799,1,0.0,100.0
8241,4781.691208904188,0.0,-47816.91208904188,0.0,10.0,0.0,-0.0,0.1,0.2246617289999999,22.46617289999999,0.0,0.0,100.0,1.0,0.11,-11.0,-196.86693847675863,196.86693847675863,0.0,-196.86693847675863,196.86693847675863,0.0,-15836.775715497648,15836.775715497648,0.0,0.0,3664.66693359375,3664.66693359375,0.0,0.0,7684.151449953229,7684.151449953229,0.0,-47827.91208904188,-47827.91208904188,16230.509592451166,16230.509592451166,16130.509592451166,0.0,100.0,0.0,0.0,16230.509592451166,4881.691208904187,1,0.0,100.0
8242,0.0,0.0,-0.0,55.55555555555556,10.0,0.0,-0.0,0.1,0.234760873,0.0,0.0,100.0,0.0,1.0,0.11,0.0,-196.89567616307025,196.89567616307025,0.0,-196.89567616307025,196.89567616307025,0.0,-12857.471789901643,12857.471789901643,0.0,0.0,6057.918808593749,6057.918808593749,0.0,5034.1930949077,12383.09298409729,7348.89988918959,0.0,0.0,0.0,13406.81869778334,13406.81869778334,13406.81869778334,0.0,0.0,155.55555555555475,0.0,13251.263142227785,-5189.748650463254,1,-55.55555555555556,-100.0
8243,0.0,0.0,-0.0,44.44444444444444,60.0,0.0,-0.0,0.6,0.238516986,0.0,0.0,100.0,0.0,1.0,0.11,0.0,-199.8256916504062,199.8256916504062,0.0,-199.8256916504062,199.8256916504062,0.0,-12881.058133260743,12881.058133260743,0.0,0.0,5459.60583984375,5459.60583984375,0.0,6241.839811485085,14207.387932647336,7965.548121162251,0.0,0.0,0.0,13425.153961006,13425.153961006,13425.153961006,0.0,0.0,144.44444444444525,0.0,13280.709516561556,-6386.2842559295295,1,-44.44444444444444,-100.0
8244,0.0,0.0,-0.0,0.0,100.0,-0.0,-0.0,1.0,0.279033283,0.0,0.0,100.0,0.0,1.0,0.11,0.0,-197.0513593771396,197.0513593771396,0.0,-197.0513593771396,197.0513593771396,0.0,-12857.52595574381,12857.52595574381,0.0,0.0,5347.422158203125,5347.422158203125,0.0,6286.103914013739,14290.310430308702,8004.206516294963,0.0,0.0,0.0,13351.628674498088,13351.628674498088,13351.628674498088,0.0,0.0,100.0,0.0,13251.628674498088,-6386.103914013738,1,-0.0,-100.0
8245,0.0,0.0,-0.0,0.0,100.0,-0.0,-0.0,1.0,0.303266836,0.0,0.0,100.0,0.0,1.0,0.11,0.0,-197.2891069541672,197.2891069541672,0.0,-197.2891069541672,197.2891069541672,0.0,-12881.11000163444,12881.11000163444,0.0,0.0,4487.347265625,4487.347265625,0.0,3301.266206302991,12189.607156220767,8888.340949917776,0.0,0.0,0.0,13375.688215542776,13375.688215542776,13375.688215542776,0.0,0.0,100.0,0.0,13275.688215542776,-3401.266206302991,1,-0.0,-100.0
8246,1184.399126292723,0.0,-11843.99126292723,0.0,100.0,45.0,-0.0,1.0,0.292474174,29.247417399999996,0.0,0.0,100.0,1.0,0.08,-8.0,-197.3360706679434,197.3360706679434,0.0,-197.3360706679434,197.3360706679434,0.0,-12857.553065871756,12857.553065871756,0.0,0.0,2580.224677734375,2580.224677734375,0.0,0.0,9342.601403180544,9342.601403180544,0.0,-11851.99126292723,-11851.99126292723,13252.225207207643,13252.225207207643,13107.225207207643,0.0,145.0,0.0,0.0,13252.225207207643,1329.399126292723,1,45.0,100.0
8247,7217.822314095472,0.0,-72178.22314095472,0.0,50.0,36.0,-0.0,0.5,0.285656819,28.5656819,0.0,0.0,100.0,1.0,0.08,-8.0,-197.24014198998896,197.24014198998896,0.0,-197.24014198998896,197.24014198998896,0.0,-12880.929982887872,12880.929982887872,0.0,0.0,1084.4422558593749,1084.4422558593749,0.0,0.0,4837.145696913003,4837.145696913003,0.0,-72186.22314095472,-72186.22314095472,13275.41026686785,13275.41026686785,13139.41026686785,0.0,136.0,0.0,0.0,13275.41026686785,7353.8223140954715,1,36.0,100.0
8248,18349.45279632783,0.0,-183494.5279632783,0.0,10.0,0.0,-0.0,0.1,0.277026192,27.7026192,0.0,0.0,100.0,1.0,0.08,-8.0,-196.7877286854238,196.7877286854238,0.0,-196.7877286854238,196.7877286854238,0.0,-18912.74314812443,18912.74314812443,0.0,0.0,0.0,0.0,0.0,0.0,856.8658091674463,856.8658091674463,0.0,-183502.5279632783,-183502.5279632783,19306.31860549528,19306.31860549528,19206.31860549528,0.0,100.0,0.0,0.0,19306.31860549528,18449.45279632783,1,0.0,100.0
8249,21506.437089792456,0.0,-215064.37089792456,0.0,10.0,0.0,-0.0,0.1,0.27027286,27.027286,0.0,0.0,100.0,1.0,0.11,-11.0,-226.59957335714952,226.59957335714952,0.0,-226.59957335714952,226.59957335714952,0.0,-21153.23794307816,21153.23794307816,0.0,0.0,0.0,0.0,0.0,0.0,0.0,0.0,0.0,-215075.37089792456,-215075.37089792456,21606.437089792456,21606.437089792456,21506.437089792456,0.0,100.0,0.0,0.0,21606.437089792456,21606.437089792456,1,0.0,100.0
8250,21494.717987345557,0.0,-214947.17987345558,0.0,10.0,0.0,-0.0,0.1,0.266105193,26.6105193,0.0,0.0,100.0,1.0,0.11,-11.0,-232.4981483501275,232.4981483501275,0.0,-232.4981483501275,232.4981483501275,0.0,-21129.721690645303,21129.721690645303,0.0,0.0,0.0,0.0,0.0,0.0,0.0,0.0,0.0,-214958.17987345558,-214958.17987345558,21594.717987345557,21594.717987345557,21494.717987345557,0.0,100.0,0.0,0.0,21594.717987345557,21594.717987345557,1,0.0,100.0
8251,20042.131864031144,0.0,-200421.31864031142,0.0,10.0,0.0,-0.0,0.1,0.264944553,26.494455300000002,0.0,0.0,100.0,1.0,0.11,-11.0,-233.33078605091143,233.33078605091143,0.0,-233.33078605091143,233.33078605091143,0.0,-19675.47029192932,19675.47029192932,0.0,0.0,0.0,0.0,0.0,0.0,0.0,0.0,0.0,-200432.31864031142,-200432.31864031142,20142.131864031144,20142.131864031144,20042.131864031144,0.0,100.0,0.0,0.0,20142.131864031144,20142.131864031144,1,0.0,100.0
8252,20018.384994717653,0.0,-200183.84994717652,0.0,10.0,0.0,-0.0,0.1,0.267265814,26.7265814,0.0,0.0,100.0,1.0,0.11,-11.0,-233.22076481106163,233.22076481106163,0.0,-233.22076481106163,233.22076481106163,0.0,-19651.94346509553,19651.94346509553,0.0,0.0,0.0,0.0,0.0,0.0,0.0,0.0,0.0,-200194.84994717652,-200194.84994717652,20118.384994717653,20118.384994717653,20018.384994717653,0.0,100.0,0.0,0.0,20118.384994717653,20118.384994717653,1,0.0,100.0
8253,18563.11446525215,0.0,-185631.1446525215,0.0,10.0,0.0,-0.0,0.1,0.279159414,27.9159414,0.0,0.0,100.0,1.0,0.11,-11.0,-232.66701549004023,232.66701549004023,0.0,-232.66701549004023,232.66701549004023,0.0,-18197.78043427207,18197.78043427207,0.0,0.0,0.0,0.0,0.0,0.0,0.0,0.0,0.0,-185642.1446525215,-185642.1446525215,18663.11446525215,18663.11446525215,18563.11446525215,0.0,100.0,0.0,0.0,18663.11446525215,18663.11446525215,1,0.0,100.0
8254,17060.122521502846,0.0,-170601.22521502845,0.0,10.0,0.0,-0.0,0.1,0.301701845,30.1701845,0.0,0.0,100.0,1.0,0.11,-11.0,-231.95364279839484,231.95364279839484,0.0,-231.95364279839484,231.95364279839484,0.0,-16696.215235906056,16696.215235906056,0.0,0.0,0.0,0.0,0.0,0.0,0.0,0.0,0.0,-170612.22521502845,-170612.22521502845,17160.122521502846,17160.122521502846,17060.122521502846,0.0,100.0,0.0,0.0,17160.122521502846,17160.122521502846,1,0.0,100.0
8255,15611.881393257696,0.0,-156118.81393257697,0.0,10.0,0.0,-0.0,0.1,0.318087878,31.808787799999998,0.0,0.0,100.0,1.0,0.11,-11.0,-234.9429345703227,234.9429345703227,0.0,-234.9429345703227,234.9429345703227,0.0,-15241.99552411705,15241.99552411705,0.0,0.0,0.0,0.0,0.0,0.0,0.0,0.0,0.0,-156129.81393257697,-156129.81393257697,15711.881393257696,15711.881393257696,15611.881393257696,0.0,100.0,0.0,0.0,15711.881393257696,15711.881393257696,1,0.0,100.0
8256,17856.403555256577,0.0,-178564.03555256577,0.0,10.0,0.0,-0.0,0.1,0.321778994,32.1778994,0.0,0.0,100.0,1.0,0.08,-8.0,-231.8638136893181,231.8638136893181,0.0,-231.8638136893181,231.8638136893181,0.0,-17492.67592787794,17492.67592787794,0.0,0.0,0.0,0.0,0.0,0.0,0.0,0.0,0.0,-178572.03555256577,-178572.03555256577,17956.403555256577,17956.403555256577,17856.403555256577,0.0,100.0,0.0,0.0,17956.403555256577,17956.403555256577,1,0.0,100.0
8257,17879.89273626615,0.0,-178798.9273626615,0.0,10.0,0.0,-0.0,0.1,0.310912015,31.091201499999997,0.0,0.0,100.0,1.0,0.08,-8.0,-231.8222609542784,231.8222609542784,0.0,-231.8222609542784,231.8222609542784,0.0,-17516.24821435759,17516.24821435759,0.0,0.0,0.0,0.0,0.0,0.0,0.0,0.0,0.0,-178806.9273626615,-178806.9273626615,17979.89273626615,17979.89273626615,17879.89273626615,0.0,100.0,0.0,0.0,17979.89273626615,17979.89273626615,1,0.0,100.0
8258,17856.206305624193,0.0,-178562.06305624192,0.0,10.0,0.0,-0.0,0.1,0.318658925,31.865892499999998,0.0,0.0,100.0,1.0,0.08,-8.0,-231.7655486083196,231.7655486083196,0.0,-231.7655486083196,231.7655486083196,0.0,-17492.675208407552,17492.675208407552,0.0,0.0,0.0,0.0,0.0,0.0,0.0,0.0,0.0,-178570.06305624192,-178570.06305624192,17956.206305624193,17956.206305624193,17856.206305624193,0.0,100.0,0.0,0.0,17956.206305624193,17956.206305624193,1,0.0,100.0
8259,17919.622836804367,0.0,-179196.22836804367,0.0,10.0,0.0,-0.0,0.1,0.307968604,30.796860399999996,0.0,0.0,100.0,1.0,0.08,-8.0,-251.6722386210309,251.6722386210309,0.0,-251.6722386210309,251.6722386210309,0.0,-17516.278359562304,17516.278359562304,0.0,0.0,0.0,0.0,0.0,0.0,0.0,0.0,0.0,-179204.22836804367,-179204.22836804367,18019.622836804367,18019.622836804367,17919.622836804367,0.0,100.0,0.0,0.0,18019.622836804367,18019.622836804367,1,0.0,100.0
8260,18654.267371924776,0.0,-186542.67371924774,0.0,10.0,0.0,-0.0,0.1,0.262810942,26.2810942,0.0,0.0,100.0,1.0,0.08,-8.0,-261.3266734128876,261.3266734128876,0.0,-261.3266734128876,261.3266734128876,0.0,-18231.614025099,18231.614025099,0.0,0.0,0.0,0.0,0.0,0.0,0.0,0.0,0.0,-186550.67371924774,-186550.67371924774,18754.267371924776,18754.267371924776,18654.267371924776,0.0,100.0,0.0,0.0,18754.267371924776,18754.267371924776,1,0.0,100.0
8261,21648.709816622773,0.0,-216487.09816622775,0.0,10.0,0.0,-0.0,0.1,0.256786915,25.6786915,0.0,0.0,100.0,1.0,0.11,-11.0,-254.4488587190374,254.4488587190374,0.0,-254.4488587190374,254.4488587190374,0.0,-21239.8120991847,21239.8120991847,0.0,0.0,0.0,0.0,0.0,0.0,0.0,0.0,0.0,-216498.09816622775,-216498.09816622775,21748.709816622773,21748.709816622773,21648.709816622773,0.0,100.0,0.0,0.0,21748.709816622773,21748.709816622773,1,0.0,100.0
8262,26329.287267308948,0.0,-263292.8726730895,0.0,10.0,0.0,-0.0,0.1,0.250260787,25.0260787,0.0,0.0,100.0,1.0,0.11,-11.0,-273.6328581271839,273.6328581271839,0.0,-273.6328581271839,273.6328581271839,0.0,-25882.02155105458,25882.02155105458,0.0,0.0,0.0,0.0,0.0,0.0,0.0,0.0,0.0,-263303.8726730895,-263303.8726730895,26429.287267308948,26429.287267308948,26329.287267308948,0.0,100.0,0.0,0.0,26429.287267308948,26429.287267308948,1,0.0,100.0
8263,30185.008095661484,0.0,-301850.0809566148,0.0,10.0,0.0,-0.0,0.1,0.241478577,24.1478577,0.0,0.0,100.0,1.0,0.11,-11.0,-512.9104364226779,512.9104364226779,0.0,-512.9104364226779,512.9104364226779,0.0,-30260.7386004544,30260.7386004544,0.0,0.0,448.7347265625,448.7347265625,0.0,0.0,552.8166510757718,552.8166510757718,0.0,-301861.0809566148,-301861.0809566148,31286.559473299756,31286.559473299756,31186.559473299756,0.0,100.0,0.0,0.0,31286.559473299756,30285.008095661484,1,0.0,100.0
8264,59084.95514637787,0.0,-590849.5514637787,0.0,10.0,0.0,-0.0,0.1,0.236125746,23.6125746,0.0,0.0,100.0,1.0,0.11,-11.0,-695.855031256829,695.855031256829,0.0,-695.855031256829,695.855031256829,0.0,-63379.870723699925,63379.870723699925,0.0,0.0,1495.782421875,1495.782421875,0.0,0.0,4090.843217960712,4090.843217960712,0.0,-590860.5514637787,-590860.5514637787,64771.580786213584,64771.580786213584,64671.580786213584,0.0,100.0,0.0,0.0,64771.580786213584,59184.95514637787,1,0.0,100.0
8265,51288.61860732068,0.0,-512886.1860732068,0.0,10.0,0.0,-0.0,0.1,0.2383451889999999,23.834518899999992,0.0,0.0,100.0,1.0,0.11,-11.0,-694.0953564524524,694.0953564524524,0.0,-694.0953564524524,694.0953564524524,0.0,-61160.68474324317,61160.68474324317,0.0,0.0,2729.802919921875,2729.802919921875,0.0,0.0,8430.453928905521,8430.453928905521,0.0,-512897.1860732068,-512897.1860732068,62548.875456148075,62548.875456148075,62448.875456148075,0.0,100.0,0.0,0.0,62548.875456148075,51388.61860732068,1,0.0,100.0
8266,43226.481004878086,0.0,-432264.81004878087,0.0,10.0,0.0,-0.0,0.1,0.241705434,24.1705434,0.0,0.0,100.0,1.0,0.11,-11.0,-710.7478803383515,710.7478803383515,0.0,-710.7478803383515,710.7478803383515,0.0,-58203.10138686172,58203.10138686172,0.0,0.0,4412.55814453125,4412.55814453125,0.0,0.0,11885.557998129094,11885.557998129094,0.0,-432275.81004878087,-432275.81004878087,59624.59714753843,59624.59714753843,59524.59714753843,0.0,100.0,0.0,0.0,59624.59714753843,43326.481004878086,1,0.0,100.0
8267,41482.19761623811,0.0,-414821.9761623811,0.0,10.0,0.0,-0.0,0.1,0.266034291,26.6034291,0.0,0.0,100.0,1.0,0.11,-11.0,-717.8496618941056,717.8496618941056,0.0,-717.8496618941056,717.8496618941056,0.0,-58202.25363913416,58202.25363913416,0.0,0.0,4262.97990234375,4262.97990234375,0.0,0.0,13792.775444340508,13792.775444340508,0.0,-414832.9761623811,-414832.9761623811,59637.95296292237,59637.95296292237,59537.95296292237,0.0,100.0,0.0,0.0,59637.95296292237,41582.19761623811,1,0.0,100.0
8268,37811.81369150171,0.0,-378118.1369150171,0.0,10.0,0.0,-0.0,0.1,0.332524283,33.2524283,0.0,0.0,100.0,1.0,0.11,-11.0,-728.7751032893026,728.7751032893026,0.0,-728.7751032893026,728.7751032893026,0.0,-55191.25429801872,55191.25429801872,0.0,0.0,4861.292871093749,4861.292871093749,0.0,0.0,13875.697942001872,13875.697942001872,0.0,-378129.1369150171,-378129.1369150171,56648.80450459733,56648.80450459733,56548.80450459733,0.0,100.0,0.0,0.0,56648.80450459733,37911.81369150171,1,0.0,100.0
8269,43800.85580393232,0.0,-438008.5580393232,0.0,10.0,0.0,-0.0,0.1,0.331855763,33.1855763,0.0,0.0,100.0,1.0,0.11,-11.0,-733.9445566382725,733.9445566382725,0.0,-733.9445566382725,733.9445566382725,0.0,-58596.15099283838,58596.15099283838,0.0,0.0,4001.217978515625,4001.217978515625,0.0,0.0,12161.96632366698,12161.96632366698,0.0,-438019.5580393232,-438019.5580393232,60064.040106114924,60064.040106114924,59964.040106114924,0.0,100.0,0.0,0.0,60064.040106114924,43900.85580393232,1,0.0,100.0
8270,48208.3746263977,0.0,-482083.746263977,0.0,10.0,0.0,-0.0,0.1,0.344332144,34.4332144,0.0,0.0,100.0,1.0,0.08,-8.0,-758.3495105152596,758.3495105152596,0.0,-758.3495105152596,758.3495105152596,0.0,-58199.07959575321,58199.07959575321,0.0,0.0,2617.61923828125,2617.61923828125,0.0,0.0,8789.784752104772,8789.784752104772,0.0,-482091.746263977,-482091.746263977,59715.77861678372,59715.778616783726,59615.77861678372,0.0,100.0,0.0,0.0,59715.778616783726,48308.37462639771,1,0.0,100.0
8271,53568.85067339649,0.0,-535688.5067339649,0.0,10.0,0.0,-0.0,0.1,0.3405533429999999,34.05533429999999,0.0,0.0,100.0,1.0,0.08,-8.0,-753.9702855889956,753.9702855889956,0.0,-753.9702855889956,753.9702855889956,0.0,-58197.92243948244,58197.92243948244,0.0,0.0,1420.99330078125,1420.99330078125,0.0,0.0,4616.019036482695,4616.019036482695,0.0,-535696.5067339649,-535696.5067339649,59705.86301066043,59705.86301066043,59605.86301066043,0.0,100.0,0.0,0.0,59705.86301066043,53668.85067339649,1,0.0,100.0
8272,64780.107909421895,0.0,-647801.0790942189,0.0,10.0,0.0,-0.0,0.1,0.30908772,30.908772000000003,0.0,0.0,100.0,1.0,0.08,-8.0,-714.5089473883492,714.5089473883492,0.0,-714.5089473883492,714.5089473883492,0.0,-64252.67415870506,64252.67415870506,0.0,0.0,0.0,0.0,0.0,0.0,801.5841440598691,801.5841440598691,0.0,-647809.0790942189,-647809.0790942189,65681.69205348176,65681.69205348176,65581.69205348176,0.0,100.0,0.0,0.0,65681.69205348176,64880.107909421895,1,0.0,100.0
8273,58401.95341737473,0.0,-584019.5341737473,0.0,10.0,0.0,-0.0,0.1,0.296252876,29.6252876,0.0,0.0,100.0,1.0,0.11,-11.0,-536.0077033526545,536.0077033526545,0.0,-536.0077033526545,536.0077033526545,0.0,-57429.93801066942,57429.93801066942,0.0,0.0,0.0,0.0,0.0,0.0,0.0,0.0,0.0,-584030.5341737473,-584030.5341737473,58501.95341737473,58501.95341737473,58401.95341737473,0.0,100.0,0.0,0.0,58501.95341737473,58501.95341737473,1,0.0,100.0
8274,46357.75246646212,0.0,-463577.5246646212,0.0,10.0,0.0,-0.0,0.1,0.296061849,29.6061849,0.0,0.0,100.0,1.0,0.11,-11.0,-539.2802655519175,539.2802655519175,0.0,-539.2802655519175,539.2802655519175,0.0,-45379.191935358285,45379.191935358285,0.0,0.0,0.0,0.0,0.0,0.0,0.0,0.0,0.0,-463588.5246646212,-463588.5246646212,46457.75246646212,46457.75246646212,46357.75246646212,0.0,100.0,0.0,0.0,46457.75246646212,46457.75246646212,1,0.0,100.0
8275,44882.96655417939,0.0,-448829.66554179386,0.0,10.0,0.0,-0.0,0.1,0.300256541,30.025654099999997,0.0,0.0,100.0,1.0,0.11,-11.0,-540.6353152995832,540.6353152995832,0.0,-540.6353152995832,540.6353152995832,0.0,-43901.69592358022,43901.69592358022,0.0,0.0,0.0,0.0,0.0,0.0,0.0,0.0,0.0,-448840.66554179386,-448840.66554179386,44982.96655417939,44982.96655417939,44882.96655417939,0.0,100.0,0.0,0.0,44982.96655417939,44982.96655417939,1,0.0,100.0
8276,35848.984484967754,0.0,-358489.8448496775,0.0,10.0,0.0,-0.0,0.1,0.310154301,31.015430100000003,0.0,0.0,100.0,1.0,0.11,-11.0,-542.1931662875719,542.1931662875719,0.0,-542.1931662875719,542.1931662875719,0.0,-34864.59815239261,34864.59815239261,0.0,0.0,0.0,0.0,0.0,0.0,0.0,0.0,0.0,-358500.8448496775,-358500.8448496775,35948.984484967754,35948.984484967754,35848.984484967754,0.0,100.0,0.0,0.0,35948.984484967754,35948.984484967754,1,0.0,100.0
8277,34147.979443119264,0.0,-341479.7944311926,0.0,10.0,0.0,-0.0,0.1,0.325024993,32.5024993,0.0,0.0,100.0,1.0,0.11,-11.0,-232.45881009119063,232.45881009119063,0.0,-232.45881009119063,232.45881009119063,0.0,-33783.061822936885,33783.061822936885,0.0,0.0,0.0,0.0,0.0,0.0,0.0,0.0,0.0,-341490.7944311926,-341490.7944311926,34247.979443119264,34247.979443119264,34147.979443119264,0.0,100.0,0.0,0.0,34247.979443119264,34247.979443119264,1,0.0,100.0
8278,21485.982166106503,0.0,-214859.82166106504,0.0,10.0,0.0,-0.0,0.1,0.354827445,35.4827445,0.0,0.0,100.0,1.0,0.11,-11.0,-231.98518426041127,231.98518426041127,0.0,-231.98518426041127,231.98518426041127,0.0,-21122.01179758568,21122.01179758568,0.0,0.0,0.0,0.0,0.0,0.0,0.0,0.0,0.0,-214870.82166106504,-214870.82166106504,21585.982166106503,21585.982166106503,21485.982166106503,0.0,100.0,0.0,0.0,21585.982166106503,21585.982166106503,1,0.0,100.0
8279,18507.80595013334,0.0,-185078.0595013334,0.0,10.0,0.0,-0.0,0.1,0.379033474,37.9033474,0.0,0.0,100.0,1.0,0.11,-11.0,-235.18625476087536,235.18625476087536,0.0,-235.18625476087536,235.18625476087536,0.0,-18137.43344061159,18137.43344061159,0.0,0.0,0.0,0.0,0.0,0.0,0.0,0.0,0.0,-185089.0595013334,-185089.0595013334,18607.80595013334,18607.80595013334,18507.80595013334,0.0,100.0,0.0,0.0,18607.80595013334,18607.80595013334,1,0.0,100.0
8280,17762.55307193825,0.0,-177625.5307193825,0.0,10.0,0.0,-0.0,0.1,0.380908982,38.0908982,0.0,0.0,100.0,1.0,0.08,-8.0,-232.03493442739625,232.03493442739625,0.0,-232.03493442739625,232.03493442739625,0.0,-17398.48320308346,17398.48320308346,0.0,0.0,0.0,0.0,0.0,0.0,0.0,0.0,0.0,-177633.5307193825,-177633.5307193825,17862.55307193825,17862.55307193825,17762.55307193825,0.0,100.0,0.0,0.0,17862.55307193825,17862.55307193825,1,0.0,100.0
8281,17762.468826761065,0.0,-177624.68826761065,0.0,10.0,0.0,-0.0,0.1,0.380112155,38.0112155,0.0,0.0,100.0,1.0,0.08,-8.0,-231.99281486178933,231.99281486178933,0.0,-231.99281486178933,231.99281486178933,0.0,-17398.483197037487,17398.483197037487,0.0,0.0,0.0,0.0,0.0,0.0,0.0,0.0,0.0,-177632.68826761065,-177632.68826761065,17862.468826761065,17862.468826761065,17762.468826761065,0.0,100.0,0.0,0.0,17862.468826761065,17862.468826761065,1,0.0,100.0
8282,17762.359899056086,0.0,-177623.59899056086,0.0,10.0,0.0,-0.0,0.1,0.379082066,37.9082066,0.0,0.0,100.0,1.0,0.08,-8.0,-231.938351009299,231.938351009299,0.0,-231.938351009299,231.938351009299,0.0,-17398.483197037487,17398.483197037487,0.0,0.0,0.0,0.0,0.0,0.0,0.0,0.0,0.0,-177631.59899056086,-177631.59899056086,17862.359899056086,17862.359899056086,17762.359899056086,0.0,100.0,0.0,0.0,17862.359899056086,17862.359899056086,1,0.0,100.0
8283,17762.252212838168,0.0,-177622.52212838168,0.0,10.0,0.0,-0.0,0.1,0.380720267,38.0720267,0.0,0.0,100.0,1.0,0.08,-8.0,-231.8845018543699,231.8845018543699,0.0,-231.8845018543699,231.8845018543699,0.0,-17398.483209129427,17398.483209129427,0.0,0.0,0.0,0.0,0.0,0.0,0.0,0.0,0.0,-177630.52212838168,-177630.52212838168,17862.252212838168,17862.252212838168,17762.252212838168,0.0,100.0,0.0,0.0,17862.252212838168,17862.252212838168,1,0.0,100.0
8284,18510.015554510323,0.0,-185100.15554510322,0.0,10.0,0.0,-0.0,0.1,0.386615936,38.661593599999996,0.0,0.0,100.0,1.0,0.08,-8.0,-236.2909843977308,236.2909843977308,0.0,-236.2909843977308,236.2909843977308,0.0,-18137.43358571486,18137.43358571486,0.0,0.0,0.0,0.0,0.0,0.0,0.0,0.0,0.0,-185108.15554510322,-185108.15554510322,18610.015554510323,18610.015554510323,18510.015554510323,0.0,100.0,0.0,0.0,18610.015554510323,18610.015554510323,1,0.0,100.0
8285,21493.207890233833,0.0,-214932.07890233834,0.0,10.0,0.0,-0.0,0.1,0.392163483,39.2163483,0.0,0.0,100.0,1.0,0.11,-11.0,-235.55318522921613,235.55318522921613,0.0,-235.55318522921613,235.55318522921613,0.0,-21122.1015197754,21122.1015197754,0.0,0.0,0.0,0.0,0.0,0.0,0.0,0.0,0.0,-214943.07890233834,-214943.07890233834,21593.207890233833,21593.207890233833,21493.207890233833,0.0,100.0,0.0,0.0,21593.207890233833,21593.207890233833,1,0.0,100.0
8286,28676.29529167141,0.0,-286762.9529167141,0.0,10.0,0.0,-0.0,0.1,0.399386867,39.9386867,0.0,0.0,100.0,1.0,0.11,-11.0,-273.8814338542676,273.8814338542676,0.0,-273.8814338542676,273.8814338542676,0.0,-28228.532423962875,28228.532423962875,0.0,0.0,0.0,0.0,0.0,0.0,0.0,0.0,0.0,-286773.9529167141,-286773.9529167141,28776.29529167141,28776.29529167141,28676.29529167141,0.0,100.0,0.0,0.0,28776.29529167141,28776.29529167141,1,0.0,100.0
8287,30155.863514880315,0.0,-301558.6351488031,0.0,10.0,0.0,-0.0,0.1,0.398375267,39.8375267,0.0,0.0,100.0,1.0,0.11,-11.0,-512.7229840017942,512.7229840017942,0.0,-512.7229840017942,512.7229840017942,0.0,-30251.47638050117,30251.47638050117,0.0,0.0,523.5238476562499,523.5238476562499,0.0,0.0,497.5349859681946,497.5349859681946,0.0,-301569.6351488031,-301569.6351488031,31276.92234850476,31276.92234850476,31176.92234850476,0.0,100.0,0.0,0.0,31276.92234850476,30255.863514880315,1,0.0,100.0
8288,59236.28724462714,0.0,-592362.8724462715,0.0,10.0,0.0,-0.0,0.1,0.39302649,39.302649,0.0,0.0,100.0,1.0,0.11,-11.0,-695.0384052747739,695.0384052747739,0.0,-695.0384052747739,695.0384052747739,0.0,-63375.09283571793,63375.09283571793,0.0,0.0,2056.700830078125,2056.700830078125,0.0,0.0,3372.1815715622083,3372.1815715622083,0.0,-592373.8724462715,-592373.8724462715,64765.16964626747,64765.16964626747,64665.16964626747,0.0,100.0,0.0,0.0,64765.16964626747,59336.28724462714,1,0.0,100.0
8289,53961.65010949335,0.0,-539616.5010949335,0.0,10.0,0.0,-0.0,0.1,0.395319032,39.5319032,0.0,0.0,100.0,1.0,0.11,-11.0,-694.8450891471155,694.8450891471155,0.0,-694.8450891471155,694.8450891471155,0.0,-61152.70799317476,61152.70799317476,0.0,0.0,2206.279072265625,2206.279072265625,0.0,0.0,6274.468989710011,6274.468989710011,0.0,-539627.5010949335,-539627.5010949335,62542.39817146899,62542.39817146899,62442.39817146899,0.0,100.0,0.0,0.0,62542.39817146899,54061.65010949335,1,0.0,100.0
8290,45885.6689090923,0.0,-458856.68909092306,0.0,10.0,0.0,-0.0,0.1,0.389449005,38.9449005,0.0,0.0,100.0,1.0,0.11,-11.0,-733.2288534432737,733.2288534432737,0.0,-733.2288534432737,733.2288534432737,0.0,-58245.172804818816,58245.172804818816,0.0,0.0,3028.9594042968747,3028.9594042968747,0.0,0.0,10697.002198316184,10697.002198316184,0.0,-458867.68909092306,-458867.68909092306,59711.63051170536,59711.63051170536,59611.63051170536,0.0,100.0,0.0,0.0,59711.63051170536,45985.6689090923,1,0.0,100.0
8291,44466.25836007187,0.0,-444662.5836007187,0.0,10.0,0.0,-0.0,0.1,0.390649578,39.0649578,0.0,0.0,100.0,1.0,0.11,-11.0,-763.3657434572156,763.3657434572156,0.0,-763.3657434572156,763.3657434572156,0.0,-58310.102776491454,58310.102776491454,0.0,0.0,3440.2995703125,3440.2995703125,0.0,0.0,11830.276333021517,11830.276333021517,0.0,-444673.5836007187,-444673.5836007187,59836.834263405886,59836.834263405886,59736.834263405886,0.0,100.0,0.0,0.0,59836.834263405886,44566.25836007187,1,0.0,100.0
8292,39130.54430692275,0.0,-391305.4430692275,0.0,10.0,0.0,-0.0,0.1,0.372659015,37.2659015,0.0,0.0,100.0,1.0,0.11,-11.0,-784.3412418566494,784.3412418566494,0.0,-784.3412418566494,784.3412418566494,0.0,-55345.26029641017,55345.26029641017,0.0,0.0,4636.9255078125,4636.9255078125,0.0,0.0,13046.472965388217,13046.472965388217,0.0,-391316.4430692275,-391316.4430692275,56913.94278012346,56913.94278012346,56813.94278012346,0.0,100.0,0.0,0.0,56913.94278012346,39230.54430692275,1,0.0,100.0
8293,46563.46618960581,0.0,-465634.6618960581,0.0,10.0,0.0,-0.0,0.1,0.371583214,37.1583214,0.0,0.0,100.0,1.0,0.11,-11.0,-778.1032959426977,778.1032959426977,0.0,-778.1032959426977,778.1032959426977,0.0,-58366.56774977,58366.56774977,0.0,0.0,3253.326767578125,3253.326767578125,0.0,0.0,10005.98138447147,10005.98138447147,0.0,-465645.6618960581,-465645.6618960581,59922.7743416554,59922.7743416554,59822.7743416554,0.0,100.0,0.0,0.0,59922.7743416554,46663.46618960581,1,0.0,100.0
8294,48037.73981704393,0.0,-480377.3981704393,0.0,10.0,0.0,-0.0,0.1,0.374214163,37.4214163,0.0,0.0,100.0,1.0,0.08,-8.0,-786.2031131118058,786.2031131118058,0.0,-786.2031131118058,786.2031131118058,0.0,-58289.71793126151,58289.71793126151,0.0,0.0,4150.796220703125,4150.796220703125,0.0,0.0,7573.588119738074,7573.588119738074,0.0,-480385.3981704393,-480385.3981704393,59862.12415748513,59862.12415748512,59762.12415748513,0.0,100.0,0.0,0.0,59862.12415748512,48137.73981704393,1,0.0,100.0
8295,53692.083870626055,0.0,-536920.8387062605,0.0,10.0,0.0,-0.0,0.1,0.369286151,36.9286151,0.0,0.0,100.0,1.0,0.08,-8.0,-782.5387963867579,782.5387963867579,0.0,-782.5387963867579,782.5387963867579,0.0,-58198.95160257555,58198.95160257555,0.0,0.0,2019.3062695312497,2019.3062695312497,0.0,0.0,3952.639055191768,3952.639055191768,0.0,-536928.8387062605,-536928.8387062605,59764.029195349074,59764.02919534907,59664.029195349074,0.0,100.0,0.0,0.0,59764.02919534907,53792.08387062605,1,0.0,100.0
8296,64964.39080415333,0.0,-649643.9080415333,0.0,10.0,0.0,-0.0,0.1,0.352560327,35.2560327,0.0,0.0,100.0,1.0,0.08,-8.0,-739.5112583384843,739.5112583384843,0.0,-739.5112583384843,739.5112583384843,0.0,-64248.74826876728,64248.74826876728,0.0,0.0,0.0,0.0,0.0,0.0,663.3799812909263,663.3799812909263,0.0,-649651.9080415333,-649651.9080415333,65727.77078544426,65727.77078544426,65627.77078544426,0.0,100.0,0.0,0.0,65727.77078544426,65064.39080415333,1,0.0,100.0
8297,58423.15748155222,0.0,-584231.5748155222,0.0,10.0,0.0,-0.0,0.1,0.334453813,33.4453813,0.0,0.0,100.0,1.0,0.11,-11.0,-547.8801810916204,547.8801810916204,0.0,-547.8801810916204,547.8801810916204,0.0,-57427.39711936898,57427.39711936898,0.0,0.0,0.0,0.0,0.0,0.0,0.0,0.0,0.0,-584242.5748155222,-584242.5748155222,58523.15748155222,58523.15748155222,58423.15748155222,0.0,100.0,0.0,0.0,58523.15748155222,58523.15748155222,1,0.0,100.0
8298,46356.84291719813,0.0,-463568.42917198135,0.0,10.0,0.0,-0.0,0.1,0.314673208,31.4673208,0.0,0.0,100.0,1.0,0.11,-11.0,-539.2430104695842,539.2430104695842,0.0,-539.2430104695842,539.2430104695842,0.0,-45378.35689625896,45378.35689625896,0.0,0.0,0.0,0.0,0.0,0.0,0.0,0.0,0.0,-463579.42917198135,-463579.42917198135,46456.84291719813,46456.84291719813,46356.84291719813,0.0,100.0,0.0,0.0,46456.84291719813,46456.84291719813,1,0.0,100.0
8299,44882.864320987544,0.0,-448828.64320987544,0.0,10.0,0.0,-0.0,0.1,0.301401843,30.1401843,0.0,0.0,100.0,1.0,0.11,-11.0,-539.2623078976173,539.2623078976173,0.0,-539.2623078976173,539.2623078976173,0.0,-43904.33970519231,43904.33970519231,0.0,0.0,0.0,0.0,0.0,0.0,0.0,0.0,0.0,-448839.64320987544,-448839.64320987544,44982.864320987544,44982.864320987544,44882.864320987544,0.0,100.0,0.0,0.0,44982.864320987544,44982.864320987544,1,0.0,100.0
8300,35849.130564053856,0.0,-358491.3056405386,0.0,10.0,0.0,-0.0,0.1,0.3086057439999999,30.86057439999999,0.0,0.0,100.0,1.0,0.11,-11.0,-539.269871635834,539.269871635834,0.0,-539.269871635834,539.269871635834,0.0,-34870.590820782185,34870.590820782185,0.0,0.0,0.0,0.0,0.0,0.0,0.0,0.0,0.0,-358502.3056405386,-358502.3056405386,35949.130564053856,35949.130564053856,35849.130564053856,0.0,100.0,0.0,0.0,35949.130564053856,35949.130564053856,1,0.0,100.0
8301,33761.42613198604,0.0,-337614.26131986035,0.0,10.0,0.0,-0.0,0.1,0.327875413,32.7875413,0.0,0.0,100.0,1.0,0.11,-11.0,-232.23772570937604,232.23772570937604,0.0,-232.23772570937604,232.23772570937604,0.0,-33396.950680567286,33396.950680567286,0.0,0.0,0.0,0.0,0.0,0.0,0.0,0.0,0.0,-337625.26131986035,-337625.26131986035,33861.42613198604,33861.42613198604,33761.42613198604,0.0,100.0,0.0,0.0,33861.42613198604,33861.42613198604,1,0.0,100.0
8302,21486.61528626451,0.0,-214866.1528626451,0.0,10.0,0.0,-0.0,0.1,0.357423821,35.7423821,0.0,0.0,100.0,1.0,0.11,-11.0,-232.301683879722,232.301683879722,0.0,-232.301683879722,232.301683879722,0.0,-21122.011918505068,21122.011918505068,0.0,0.0,0.0,0.0,0.0,0.0,0.0,0.0,0.0,-214877.1528626451,-214877.1528626451,21586.61528626451,21586.61528626451,21486.61528626451,0.0,100.0,0.0,0.0,21586.61528626451,21586.61528626451,1,0.0,100.0
8303,18508.166471462893,0.0,-185081.66471462895,0.0,10.0,0.0,-0.0,0.1,0.3559650829999999,35.59650829999999,0.0,0.0,100.0,1.0,0.11,-11.0,-235.3664519429717,235.3664519429717,0.0,-235.3664519429717,235.3664519429717,0.0,-18137.43356757695,18137.43356757695,0.0,0.0,0.0,0.0,0.0,0.0,0.0,0.0,0.0,-185092.66471462895,-185092.66471462895,18608.166471462893,18608.166471462893,18508.166471462893,0.0,100.0,0.0,0.0,18608.166471462893,18608.166471462893,1,0.0,100.0
8304,17763.186931941913,0.0,-177631.86931941914,0.0,10.0,0.0,-0.0,0.1,0.350148788,35.0148788,0.0,0.0,100.0,1.0,0.08,-8.0,-232.3517918775928,232.3517918775928,0.0,-232.3517918775928,232.3517918775928,0.0,-17398.483348186728,17398.483348186728,0.0,0.0,0.0,0.0,0.0,0.0,0.0,0.0,0.0,-177639.86931941914,-177639.86931941914,17863.186931941913,17863.186931941913,17763.186931941913,0.0,100.0,0.0,0.0,17863.186931941913,17863.186931941913,1,0.0,100.0
8305,17763.168605263887,0.0,-177631.68605263886,0.0,10.0,0.0,-0.0,0.1,0.348554139,34.8554139,0.0,0.0,100.0,1.0,0.08,-8.0,-232.34262551559345,232.34262551559345,0.0,-232.34262551559345,232.34262551559345,0.0,-17398.4833542327,17398.4833542327,0.0,0.0,0.0,0.0,0.0,0.0,0.0,0.0,0.0,-177639.68605263886,-177639.68605263886,17863.168605263887,17863.168605263887,17763.168605263887,0.0,100.0,0.0,0.0,17863.168605263887,17863.168605263887,1,0.0,100.0
8306,17763.096398029174,0.0,-177630.96398029174,0.0,10.0,0.0,-0.0,0.1,0.341701804,34.1701804,0.0,0.0,100.0,1.0,0.08,-8.0,-232.3065279442077,232.3065279442077,0.0,-232.3065279442077,232.3065279442077,0.0,-17398.48334214076,17398.48334214076,0.0,0.0,0.0,0.0,0.0,0.0,0.0,0.0,0.0,-177638.96398029174,-177638.96398029174,17863.096398029174,17863.096398029174,17763.096398029174,0.0,100.0,0.0,0.0,17863.096398029174,17863.096398029174,1,0.0,100.0
8307,17833.004345406604,0.0,-178330.04345406604,0.0,10.0,0.0,-0.0,0.1,0.338798591,33.8798591,0.0,0.0,100.0,1.0,0.08,-8.0,-232.25921338712263,232.25921338712263,0.0,-232.25921338712263,232.25921338712263,0.0,-17468.48591863236,17468.48591863236,0.0,0.0,0.0,0.0,0.0,0.0,0.0,0.0,0.0,-178338.04345406604,-178338.04345406604,17933.004345406604,17933.004345406604,17833.004345406604,0.0,100.0,0.0,0.0,17933.004345406604,17933.004345406604,1,0.0,100.0
8308,18597.1164532686,0.0,-185971.164532686,0.0,10.0,0.0,-0.0,0.1,0.351876096,35.1876096,0.0,0.0,100.0,1.0,0.08,-8.0,-233.1107013946996,233.1107013946996,0.0,-233.1107013946996,233.1107013946996,0.0,-18230.8950504792,18230.8950504792,0.0,0.0,0.0,0.0,0.0,0.0,0.0,0.0,0.0,-185979.164532686,-185979.164532686,18697.1164532686,18697.1164532686,18597.1164532686,0.0,100.0,0.0,0.0,18697.1164532686,18697.1164532686,1,0.0,100.0
8309,21605.10677766868,0.0,-216051.0677766868,0.0,10.0,0.0,-0.0,0.1,0.35657309,35.657309,0.0,0.0,100.0,1.0,0.11,-11.0,-233.03657876858088,233.03657876858088,0.0,-233.03657876858088,233.03657876858088,0.0,-21239.03362013152,21239.03362013152,0.0,0.0,0.0,0.0,0.0,0.0,0.0,0.0,0.0,-216062.0677766868,-216062.0677766868,21705.10677766868,21705.10677766868,21605.10677766868,0.0,100.0,0.0,0.0,21705.10677766868,21705.10677766868,1,0.0,100.0
8310,26298.148140055266,0.0,-262981.4814005527,0.0,10.0,0.0,-0.0,0.1,0.323598383,32.3598383,0.0,0.0,100.0,1.0,0.11,-11.0,-269.5656792232176,269.5656792232176,0.0,-269.5656792232176,269.5656792232176,0.0,-25859.01678160883,25859.01678160883,0.0,0.0,0.0,0.0,0.0,0.0,0.0,0.0,0.0,-262992.4814005527,-262992.4814005527,26398.148140055266,26398.148140055266,26298.148140055266,0.0,100.0,0.0,0.0,26398.148140055266,26398.148140055266,1,0.0,100.0
8311,30009.283415812737,0.0,-300092.83415812737,0.0,10.0,0.0,-0.0,0.1,0.313515342,31.351534199999996,0.0,0.0,100.0,1.0,0.11,-11.0,-510.1912417800534,510.1912417800534,0.0,-510.1912417800534,510.1912417800534,0.0,-30279.04546405075,30279.04546405075,0.0,0.0,747.8912109375,747.8912109375,0.0,0.0,442.2533208606175,442.2533208606175,0.0,-300103.83415812737,-300103.83415812737,31299.427947610853,31299.427947610857,31199.427947610853,0.0,100.0,0.0,0.0,31299.427947610857,30109.28341581274,1,0.0,100.0
8312,55412.716732788365,0.0,-554127.1673278837,0.0,10.0,0.0,-0.0,0.1,0.310405773,31.0405773,0.0,0.0,100.0,1.0,0.11,-11.0,-693.3281782468524,693.3281782468524,0.0,-693.3281782468524,693.3281782468524,0.0,-63404.96216283765,63404.96216283765,0.0,0.0,5796.156884765624,5796.156884765624,0.0,0.0,3482.7449017773624,3482.7449017773624,0.0,-554138.1673278837,-554138.1673278837,64791.61851933135,64791.61851933135,64691.61851933135,0.0,100.0,0.0,0.0,64791.61851933135,55512.716732788365,1,0.0,100.0
8313,44789.84740899788,0.0,-447898.4740899788,0.0,10.0,0.0,-0.0,0.1,0.313462837,31.3462837,0.0,0.0,100.0,1.0,0.11,-11.0,-697.82932300123,697.82932300123,0.0,-697.82932300123,697.82932300123,0.0,-61182.16371551018,61182.16371551018,0.0,0.0,10694.84431640625,10694.84431640625,0.0,0.0,6993.1306361085135,6993.1306361085135,0.0,-447909.4740899788,-447909.4740899788,62577.82236151264,62577.82236151264,62477.82236151264,0.0,100.0,0.0,0.0,62577.82236151264,44889.84740899788,1,0.0,100.0
8314,36891.0835390764,0.0,-368910.83539076394,0.0,10.0,0.0,-0.0,0.1,0.313280343,31.328034300000002,0.0,0.0,100.0,1.0,0.11,-11.0,-729.9087568920654,729.9087568920654,0.0,-729.9087568920654,729.9087568920654,0.0,-58233.51089114054,58233.51089114054,0.0,0.0,12751.545146484375,12751.545146484375,0.0,0.0,9950.699719363893,9950.699719363893,0.0,-368921.83539076394,-368921.83539076394,59693.328404924665,59693.32840492467,59593.328404924665,0.0,100.0,0.0,0.0,59693.32840492467,36991.083539076404,1,0.0,100.0
8315,34122.77421039171,0.0,-341227.7421039171,0.0,10.0,0.0,-0.0,0.1,0.346476283,34.6476283,0.0,0.0,100.0,1.0,0.11,-11.0,-764.377787697858,764.377787697858,0.0,-764.377787697858,764.377787697858,0.0,-58251.33939157158,58251.33939157158,0.0,0.0,13948.171083984374,13948.171083984374,0.0,0.0,11609.14967259121,11609.14967259121,0.0,-341238.7421039171,-341238.7421039171,59780.0949669673,59780.09496696729,59680.0949669673,0.0,100.0,0.0,0.0,59780.09496696729,34222.77421039171,1,0.0,100.0
8316,33628.302837580246,0.0,-336283.02837580245,0.0,10.0,0.0,-0.0,0.1,0.340478992,34.047899199999996,0.0,0.0,100.0,1.0,0.11,-11.0,-808.4464692697313,808.4464692697313,0.0,-808.4464692697313,808.4464692697313,0.0,-55306.36031602109,55306.36031602109,0.0,0.0,11779.286572265624,11779.286572265624,0.0,0.0,11415.663844714689,11415.663844714689,0.0,-336294.02837580245,-336294.02837580245,56923.25325456056,56923.25325456056,56823.25325456056,0.0,100.0,0.0,0.0,56923.25325456056,33728.302837580246,1,0.0,100.0
8317,41652.08471953904,0.0,-416520.8471953904,0.0,10.0,0.0,-0.0,0.1,0.343436219,34.3436219,0.0,0.0,100.0,1.0,0.11,-11.0,-820.16340103566,820.16340103566,0.0,-820.16340103566,820.16340103566,0.0,-58352.70761825956,58352.70761825956,0.0,0.0,7516.306669921874,7516.306669921874,0.0,0.0,10724.643030869973,10724.643030869973,0.0,-416531.8471953904,-416531.8471953904,59993.034420330885,59993.034420330885,59893.034420330885,0.0,100.0,0.0,0.0,59993.034420330885,41752.08471953904,1,0.0,100.0
8318,54770.59211370884,0.0,-547705.9211370883,0.0,10.0,0.0,-0.0,0.1,0.347941875,34.7941875,0.0,0.0,100.0,1.0,0.08,-8.0,-842.1165041266472,842.1165041266472,0.0,-842.1165041266472,842.1165041266472,0.0,-58280.31081359947,58280.31081359947,0.0,0.0,1832.333466796875,1832.333466796875,0.0,0.0,3261.6182413470538,3261.6182413470538,0.0,-547713.9211370883,-547713.9211370883,59964.54382185276,59964.54382185276,59864.54382185276,0.0,100.0,0.0,0.0,59964.54382185276,54870.59211370884,1,0.0,100.0
8319,54969.206841549305,0.0,-549692.068415493,0.0,10.0,0.0,-0.0,0.1,0.356186601,35.6186601,0.0,0.0,100.0,1.0,0.08,-8.0,-833.4668972913412,833.4668972913412,0.0,-833.4668972913412,833.4668972913412,0.0,-58213.30340443052,58213.30340443052,0.0,0.0,2019.3062695312497,2019.3062695312497,0.0,0.0,2791.724087932648,2791.724087932648,0.0,-549700.068415493,-549700.068415493,59880.2371990132,59880.2371990132,59780.2371990132,0.0,100.0,0.0,0.0,59880.2371990132,55069.206841549305,1,0.0,100.0
8320,65085.13893196604,0.0,-650851.3893196604,0.0,10.0,0.0,-0.0,0.1,0.362401105,36.2401105,0.0,0.0,100.0,1.0,0.08,-8.0,-787.586459617126,787.586459617126,0.0,-787.586459617126,787.586459617126,0.0,-64273.34599402272,64273.34599402272,0.0,0.0,0.0,0.0,0.0,0.0,663.3799812909263,663.3799812909263,0.0,-650859.3893196604,-650859.3893196604,65848.51891325696,65848.51891325696,65748.51891325696,0.0,100.0,0.0,0.0,65848.51891325696,65185.13893196604,1,0.0,100.0
8321,58577.917056401944,0.0,-585779.1705640195,0.0,10.0,0.0,-0.0,0.1,0.354396516,35.4396516,0.0,0.0,100.0,1.0,0.11,-11.0,-609.4551780723763,609.4551780723763,0.0,-609.4551780723763,609.4551780723763,0.0,-57459.00670025719,57459.00670025719,0.0,0.0,0.0,0.0,0.0,0.0,0.0,0.0,0.0,-585790.1705640195,-585790.1705640195,58677.917056401944,58677.917056401944,58577.917056401944,0.0,100.0,0.0,0.0,58677.917056401944,58677.917056401944,1,0.0,100.0
8322,46526.484259524754,0.0,-465264.84259524755,0.0,10.0,0.0,-0.0,0.1,0.350554196,35.0554196,0.0,0.0,100.0,1.0,0.11,-11.0,-603.9195355240055,603.9195355240055,0.0,-603.9195355240055,603.9195355240055,0.0,-45418.645188476745,45418.645188476745,0.0,0.0,0.0,0.0,0.0,0.0,0.0,0.0,0.0,-465275.84259524755,-465275.84259524755,46626.484259524754,46626.484259524754,46526.484259524754,0.0,100.0,0.0,0.0,46626.484259524754,46626.484259524754,1,0.0,100.0
8323,45053.37309724023,0.0,-450533.7309724023,0.0,10.0,0.0,-0.0,0.1,0.347226002,34.722600199999995,0.0,0.0,100.0,1.0,0.11,-11.0,-602.0876510159186,602.0876510159186,0.0,-602.0876510159186,602.0876510159186,0.0,-43949.1977952084,43949.1977952084,0.0,0.0,0.0,0.0,0.0,0.0,0.0,0.0,0.0,-450544.7309724023,-450544.7309724023,45153.37309724023,45153.37309724023,45053.37309724023,0.0,100.0,0.0,0.0,45153.37309724023,45153.37309724023,1,0.0,100.0
8324,36014.79540953895,0.0,-360147.9540953895,0.0,10.0,0.0,-0.0,0.1,0.349075465,34.907546499999995,0.0,0.0,100.0,1.0,0.11,-11.0,-599.0375247297429,599.0375247297429,0.0,-599.0375247297429,599.0375247297429,0.0,-34916.72036007947,34916.72036007947,0.0,0.0,0.0,0.0,0.0,0.0,0.0,0.0,0.0,-360158.9540953895,-360158.9540953895,36114.79540953895,36114.79540953895,36014.79540953895,0.0,100.0,0.0,0.0,36114.79540953895,36114.79540953895,1,0.0,100.0
8325,33813.330268389625,0.0,-338133.30268389627,0.0,10.0,0.0,-0.0,0.1,0.346763097,34.676309700000004,0.0,0.0,100.0,1.0,0.11,-11.0,-233.48659671503668,233.48659671503668,0.0,-233.48659671503668,233.48659671503668,0.0,-33446.35707495955,33446.35707495955,0.0,0.0,0.0,0.0,0.0,0.0,0.0,0.0,0.0,-338144.30268389627,-338144.30268389627,33913.330268389625,33913.330268389625,33813.330268389625,0.0,100.0,0.0,0.0,33913.330268389625,33913.330268389625,1,0.0,100.0
8326,21487.72697374587,0.0,-214877.2697374587,0.0,10.0,0.0,-0.0,0.1,0.352066517,35.2066517,0.0,0.0,100.0,1.0,0.11,-11.0,-232.85745809174992,232.85745809174992,0.0,-232.85745809174992,232.85745809174992,0.0,-21122.01205756237,21122.01205756237,0.0,0.0,0.0,0.0,0.0,0.0,0.0,0.0,0.0,-214888.2697374587,-214888.2697374587,21587.72697374587,21587.72697374587,21487.72697374587,0.0,100.0,0.0,0.0,21587.72697374587,21587.72697374587,1,0.0,100.0
8327,18508.96347276869,0.0,-185089.6347276869,0.0,10.0,0.0,-0.0,0.1,0.344485546,34.448554599999994,0.0,0.0,100.0,1.0,0.11,-11.0,-235.76488609020345,235.76488609020345,0.0,-235.76488609020345,235.76488609020345,0.0,-18137.433700588284,18137.433700588284,0.0,0.0,0.0,0.0,0.0,0.0,0.0,0.0,0.0,-185100.6347276869,-185100.6347276869,18608.96347276869,18608.96347276869,18508.96347276869,0.0,100.0,0.0,0.0,18608.96347276869,18608.96347276869,1,0.0,100.0
8328,17834.10407437331,0.0,-178341.04074373312,0.0,10.0,0.0,-0.0,0.1,0.339440509,33.9440509,0.0,0.0,100.0,1.0,0.08,-8.0,-232.7653655098482,232.7653655098482,0.0,-232.7653655098482,232.7653655098482,0.0,-17468.573343353615,17468.573343353615,0.0,0.0,0.0,0.0,0.0,0.0,0.0,0.0,0.0,-178349.04074373312,-178349.04074373312,17934.10407437331,17934.10407437331,17834.10407437331,0.0,100.0,0.0,0.0,17934.10407437331,17934.10407437331,1,0.0,100.0
8329,17857.56995900402,0.0,-178575.6995900402,0.0,10.0,0.0,-0.0,0.1,0.327131249,32.713124900000004,0.0,0.0,100.0,1.0,0.08,-8.0,-232.6980563151824,232.6980563151824,0.0,-232.6980563151824,232.6980563151824,0.0,-17492.173846373655,17492.173846373655,0.0,0.0,0.0,0.0,0.0,0.0,0.0,0.0,0.0,-178583.6995900402,-178583.6995900402,17957.56995900402,17957.56995900402,17857.56995900402,0.0,100.0,0.0,0.0,17957.56995900402,17957.56995900402,1,0.0,100.0
8330,17881.038921554267,0.0,-178810.38921554267,0.0,10.0,0.0,-0.0,0.1,0.328359953,32.8359953,0.0,0.0,100.0,1.0,0.08,-8.0,-232.62655147806515,232.62655147806515,0.0,-232.62655147806515,232.62655147806515,0.0,-17515.78581859814,17515.78581859814,0.0,0.0,0.0,0.0,0.0,0.0,0.0,0.0,0.0,-178818.38921554267,-178818.38921554267,17981.038921554267,17981.038921554267,17881.038921554267,0.0,100.0,0.0,0.0,17981.038921554267,17981.038921554267,1,0.0,100.0
8331,17858.337202427792,0.0,-178583.37202427792,0.0,10.0,0.0,-0.0,0.1,0.330104456,33.0104456,0.0,0.0,100.0,1.0,0.08,-8.0,-232.5895391198861,232.5895391198861,0.0,-232.5895391198861,232.5895391198861,0.0,-17493.15812418802,17493.15812418802,0.0,0.0,0.0,0.0,0.0,0.0,0.0,0.0,0.0,-178591.37202427792,-178591.37202427792,17958.337202427792,17958.337202427792,17858.337202427792,0.0,100.0,0.0,0.0,17958.337202427792,17958.337202427792,1,0.0,100.0
8332,18622.827128412766,0.0,-186228.27128412767,0.0,10.0,0.0,-0.0,0.1,0.323808964,32.3808964,0.0,0.0,100.0,1.0,0.08,-8.0,-233.5200113916143,233.5200113916143,0.0,-233.5200113916143,233.5200113916143,0.0,-18255.787105629537,18255.787105629537,0.0,0.0,0.0,0.0,0.0,0.0,0.0,0.0,0.0,-186236.27128412767,-186236.27128412767,18722.827128412766,18722.827128412766,18622.827128412766,0.0,100.0,0.0,0.0,18722.827128412766,18722.827128412766,1,0.0,100.0
8333,21584.86221002732,0.0,-215848.6221002732,0.0,10.0,0.0,-0.0,0.1,0.302967028,30.296702800000002,0.0,0.0,100.0,1.0,0.11,-11.0,-233.40568471648749,233.40568471648749,0.0,-233.40568471648749,233.40568471648749,0.0,-21218.050840594344,21218.050840594344,0.0,0.0,0.0,0.0,0.0,0.0,0.0,0.0,0.0,-215859.6221002732,-215859.6221002732,21684.86221002732,21684.86221002732,21584.86221002732,0.0,100.0,0.0,0.0,21684.86221002732,21684.86221002732,1,0.0,100.0
8334,26315.45605702365,0.0,-263154.5605702365,0.0,10.0,0.0,-0.0,0.1,0.2831583,28.31583,0.0,0.0,100.0,1.0,0.11,-11.0,-268.77556707881286,268.77556707881286,0.0,-268.77556707881286,268.77556707881286,0.0,-25877.904922866022,25877.904922866022,0.0,0.0,0.0,0.0,0.0,0.0,0.0,0.0,0.0,-263165.5605702365,-263165.5605702365,26415.45605702365,26415.45605702365,26315.45605702365,0.0,100.0,0.0,0.0,26415.45605702365,26415.45605702365,1,0.0,100.0
8335,30700.652483758804,0.0,-307006.524837588,0.0,10.0,0.0,-0.0,0.1,0.2809108919999999,28.091089199999992,0.0,0.0,100.0,1.0,0.11,-11.0,-509.915149226058,509.915149226058,0.0,-509.915149226058,509.915149226058,0.0,-30917.3054034227,30917.3054034227,0.0,0.0,860.074892578125,860.074892578125,0.0,0.0,276.4083255378859,276.4083255378859,0.0,-307017.524837588,-307017.524837588,31937.135701874817,31937.135701874817,31837.135701874817,0.0,100.0,0.0,0.0,31937.135701874817,30800.652483758808,1,0.0,100.0
8336,57985.581710901446,0.0,-579855.8171090145,0.0,10.0,0.0,-0.0,0.1,0.26772444,26.772444,0.0,0.0,100.0,1.0,0.11,-11.0,-694.5529373002894,694.5529373002894,0.0,-694.5529373002894,694.5529373002894,0.0,-63510.48247128026,63510.48247128026,0.0,0.0,5459.60583984375,5459.60583984375,0.0,0.0,1354.400795135641,1354.400795135641,0.0,-579866.8171090145,-579866.8171090145,64899.58834588084,64899.58834588084,64799.58834588084,0.0,100.0,0.0,0.0,64899.58834588084,58085.581710901446,1,0.0,100.0
8337,49270.85119506241,0.0,-492708.51195062406,0.0,10.0,0.0,-0.0,0.1,0.25771654,25.771653999999998,0.0,0.0,100.0,1.0,0.11,-11.0,-702.0331275283042,702.0331275283042,0.0,-702.0331275283042,702.0331275283042,0.0,-61258.2471650427,61258.2471650427,0.0,0.0,10582.660634765623,10582.660634765623,0.0,0.0,2708.801590271282,2708.801590271282,0.0,-492719.51195062406,-492719.51195062406,62662.313420099315,62662.31342009931,62562.313420099315,0.0,100.0,0.0,0.0,62662.31342009931,49370.8511950624,1,0.0,100.0
8338,42011.9309367268,0.0,-420119.309367268,0.0,10.0,0.0,-0.0,0.1,0.255487773,25.548777299999998,0.0,0.0,100.0,1.0,0.11,-11.0,-743.4596966363163,743.4596966363163,0.0,-743.4596966363163,743.4596966363163,0.0,-58275.43383822074,58275.43383822074,0.0,0.0,13835.98740234375,13835.98740234375,0.0,0.0,3814.4348924228257,3814.4348924228257,0.0,-420130.309367268,-420130.309367268,59762.35323149338,59762.35323149338,59662.35323149338,0.0,100.0,0.0,0.0,59762.35323149338,42111.9309367268,1,0.0,100.0
8339,36129.87616332299,0.0,-361298.7616332299,0.0,10.0,0.0,-0.0,0.1,0.261592033,26.1592033,0.0,0.0,100.0,1.0,0.11,-11.0,-771.6112026504983,771.6112026504983,0.0,-771.6112026504983,771.6112026504983,0.0,-58257.01203469521,58257.01203469521,0.0,0.0,15443.953505859374,15443.953505859374,0.0,0.0,8126.404770813846,8126.404770813846,0.0,-361309.7616332299,-361309.7616332299,59800.23443999621,59800.23443999621,59700.23443999621,0.0,100.0,0.0,0.0,59800.23443999621,36229.87616332299,1,0.0,100.0
8340,34027.97916816076,0.0,-340279.7916816076,0.0,10.0,0.0,-0.0,0.1,0.25746899,25.746899,0.0,0.0,100.0,1.0,0.11,-11.0,-777.2563664713133,777.2563664713133,0.0,-777.2563664713133,777.2563664713133,0.0,-55228.46815420566,55228.46815420566,0.0,0.0,14583.87861328125,14583.87861328125,0.0,0.0,8071.123105706269,8071.123105706269,0.0,-340290.7916816076,-340290.7916816076,56782.98088714828,56782.98088714828,56682.98088714828,0.0,100.0,0.0,0.0,56782.98088714828,34127.97916816076,1,0.0,100.0
8341,40346.38416723329,0.0,-403463.84167233296,0.0,10.0,0.0,-0.0,0.1,0.276575942,27.657594200000002,0.0,0.0,100.0,1.0,0.11,-11.0,-768.1500311051889,768.1500311051889,0.0,-768.1500311051889,768.1500311051889,0.0,-58222.38677250932,58222.38677250932,0.0,0.0,10246.109589843749,10246.109589843749,0.0,0.0,9066.193077642658,9066.193077642658,0.0,-403474.84167233296,-403474.84167233296,59758.6868347197,59758.6868347197,59658.6868347197,0.0,100.0,0.0,0.0,59758.6868347197,40446.38416723329,1,0.0,100.0
8342,46582.21899267115,0.0,-465822.1899267115,0.0,10.0,0.0,-0.0,0.1,0.288498734,28.849873399999996,0.0,0.0,100.0,1.0,0.08,-8.0,-773.7428747114861,773.7428747114861,0.0,-773.7428747114861,773.7428747114861,0.0,-58214.91739416865,58214.91739416865,0.0,0.0,8712.932607421875,8712.932607421875,0.0,0.0,4367.251543498597,4367.251543498597,0.0,-465830.1899267115,-465830.1899267115,59762.403143591626,59762.403143591626,59662.403143591626,0.0,100.0,0.0,0.0,59762.403143591626,46682.21899267116,1,0.0,100.0
8343,53089.48222828741,0.0,-530894.822282874,0.0,10.0,0.0,-0.0,0.1,0.297832378,29.783237800000002,0.0,0.0,100.0,1.0,0.08,-8.0,-777.6147467396781,777.6147467396781,0.0,-777.6147467396781,777.6147467396781,0.0,-58212.612785408426,58212.612785408426,0.0,0.0,3178.537646484375,3178.537646484375,0.0,0.0,3399.822404115997,3399.822404115997,0.0,-530902.822282874,-530902.822282874,59767.84227888778,59767.84227888778,59667.84227888778,0.0,100.0,0.0,0.0,59767.84227888778,53189.48222828741,1,0.0,100.0
8344,64877.687775049475,0.0,-648776.8777504948,0.0,10.0,0.0,-0.0,0.1,0.288134222,28.813422199999998,0.0,0.0,100.0,1.0,0.08,-8.0,-740.6427629475269,740.6427629475269,0.0,-740.6427629475269,740.6427629475269,0.0,-64270.345560660506,64270.345560660506,0.0,0.0,0.0,0.0,0.0,0.0,773.9433115060806,773.9433115060806,0.0,-648784.8777504948,-648784.8777504948,65751.63108655556,65751.63108655556,65651.63108655556,0.0,100.0,0.0,0.0,65751.63108655556,64977.687775049475,1,0.0,100.0
8345,58466.106855152524,0.0,-584661.0685515252,0.0,10.0,0.0,-0.0,0.1,0.266553198,26.6553198,0.0,0.0,100.0,1.0,0.11,-11.0,-557.9365946987775,557.9365946987775,0.0,-557.9365946987775,557.9365946987775,0.0,-57450.23366575497,57450.23366575497,0.0,0.0,0.0,0.0,0.0,0.0,0.0,0.0,0.0,-584672.0685515252,-584672.0685515252,58566.106855152524,58566.106855152524,58466.106855152524,0.0,100.0,0.0,0.0,58566.106855152524,58566.106855152524,1,0.0,100.0
8346,46382.73146595192,0.0,-463827.3146595192,0.0,10.0,0.0,-0.0,0.1,0.2570645689999999,25.706456899999992,0.0,0.0,100.0,1.0,0.11,-11.0,-541.9225947561891,541.9225947561891,0.0,-541.9225947561891,541.9225947561891,0.0,-45398.88627643954,45398.88627643954,0.0,0.0,0.0,0.0,0.0,0.0,0.0,0.0,0.0,-463838.3146595192,-463838.3146595192,46482.73146595192,46482.73146595192,46382.73146595192,0.0,100.0,0.0,0.0,46482.73146595192,46482.73146595192,1,0.0,100.0
8347,44901.09626742719,0.0,-449010.9626742719,0.0,10.0,0.0,-0.0,0.1,0.239346115,23.9346115,0.0,0.0,100.0,1.0,0.11,-11.0,-540.3005814936612,540.3005814936612,0.0,-540.3005814936612,540.3005814936612,0.0,-43920.49510443986,43920.49510443986,0.0,0.0,0.0,0.0,0.0,0.0,0.0,0.0,0.0,-449021.9626742719,-449021.9626742719,45001.09626742719,45001.09626742719,44901.09626742719,0.0,100.0,0.0,0.0,45001.09626742719,45001.09626742719,1,0.0,100.0
8348,35860.831909571796,0.0,-358608.319095718,0.0,10.0,0.0,-0.0,0.1,0.239170987,23.9170987,0.0,0.0,100.0,1.0,0.11,-11.0,-540.2363652432283,540.2363652432283,0.0,-540.2363652432283,540.2363652432283,0.0,-34880.35917908534,34880.35917908534,0.0,0.0,0.0,0.0,0.0,0.0,0.0,0.0,0.0,-358619.319095718,-358619.319095718,35960.831909571796,35960.831909571796,35860.831909571796,0.0,100.0,0.0,0.0,35960.831909571796,35960.831909571796,1,0.0,100.0
8349,33765.60960861019,0.0,-337656.0960861019,0.0,10.0,0.0,-0.0,0.1,0.253720028,25.372002799999997,0.0,0.0,100.0,1.0,0.11,-11.0,-233.0171772382039,233.0171772382039,0.0,-233.0171772382039,233.0171772382039,0.0,-33399.57525413378,33399.57525413378,0.0,0.0,0.0,0.0,0.0,0.0,0.0,0.0,0.0,-337667.0960861019,-337667.0960861019,33865.60960861019,33865.60960861019,33765.60960861019,0.0,100.0,0.0,0.0,33865.60960861019,33865.60960861019,1,0.0,100.0
8350,21487.046822668824,0.0,-214870.46822668824,0.0,10.0,0.0,-0.0,0.1,0.268934016,26.8934016,0.0,0.0,100.0,1.0,0.11,-11.0,-232.51731000159097,232.51731000159097,0.0,-232.51731000159097,232.51731000159097,0.0,-21122.012202665643,21122.012202665643,0.0,0.0,0.0,0.0,0.0,0.0,0.0,0.0,0.0,-214881.46822668824,-214881.46822668824,21587.046822668824,21587.046822668824,21487.046822668824,0.0,100.0,0.0,0.0,21587.046822668824,21587.046822668824,1,0.0,100.0
8351,18508.606579678293,0.0,-185086.06579678293,0.0,10.0,0.0,-0.0,0.1,0.272543765,27.2543765,0.0,0.0,100.0,1.0,0.11,-11.0,-235.5863609473994,235.5863609473994,0.0,-235.5863609473994,235.5863609473994,0.0,-18137.433857783493,18137.433857783493,0.0,0.0,0.0,0.0,0.0,0.0,0.0,0.0,0.0,-185097.06579678293,-185097.06579678293,18608.606579678293,18608.606579678293,18508.606579678293,0.0,100.0,0.0,0.0,18608.606579678293,18608.606579678293,1,0.0,100.0
8352,17763.72808271696,0.0,-177637.2808271696,0.0,10.0,0.0,-0.0,0.1,0.285413562,28.541356200000003,0.0,0.0,100.0,1.0,0.08,-8.0,-232.62223123079872,232.62223123079872,0.0,-232.62223123079872,232.62223123079872,0.0,-17398.483620255363,17398.483620255363,0.0,0.0,0.0,0.0,0.0,0.0,0.0,0.0,0.0,-177645.2808271696,-177645.2808271696,17863.72808271696,17863.72808271696,17763.72808271696,0.0,100.0,0.0,0.0,17863.72808271696,17863.72808271696,1,0.0,100.0
8353,17763.742430723247,0.0,-177637.42430723246,0.0,10.0,0.0,-0.0,0.1,0.285726126,28.572612600000003,0.0,0.0,100.0,1.0,0.08,-8.0,-232.6294112799108,232.6294112799108,0.0,-232.6294112799108,232.6294112799108,0.0,-17398.483608163424,17398.483608163424,0.0,0.0,0.0,0.0,0.0,0.0,0.0,0.0,0.0,-177645.42430723246,-177645.42430723246,17863.742430723247,17863.742430723247,17763.742430723247,0.0,100.0,0.0,0.0,17863.742430723247,17863.742430723247,1,0.0,100.0
8354,17763.73997961113,0.0,-177637.3997961113,0.0,10.0,0.0,-0.0,0.1,0.285479704,28.5479704,0.0,0.0,100.0,1.0,0.08,-8.0,-232.62818874684,232.62818874684,0.0,-232.62818874684,232.62818874684,0.0,-17398.483602117452,17398.483602117452,0.0,0.0,0.0,0.0,0.0,0.0,0.0,0.0,0.0,-177645.3997961113,-177645.3997961113,17863.73997961113,17863.73997961113,17763.73997961113,0.0,100.0,0.0,0.0,17863.73997961113,17863.73997961113,1,0.0,100.0
8355,17763.667442076756,0.0,-177636.67442076755,0.0,10.0,0.0,-0.0,0.1,0.28443982,28.443982000000002,0.0,0.0,100.0,1.0,0.08,-8.0,-232.5919139336825,232.5919139336825,0.0,-232.5919139336825,232.5919139336825,0.0,-17398.48361420939,17398.48361420939,0.0,0.0,0.0,0.0,0.0,0.0,0.0,0.0,0.0,-177644.67442076755,-177644.67442076755,17863.667442076756,17863.667442076756,17763.667442076756,0.0,100.0,0.0,0.0,17863.667442076756,17863.667442076756,1,0.0,100.0
8356,18628.57267794803,0.0,-186285.7267794803,0.0,10.0,0.0,-0.0,0.1,0.287845107,28.7845107,0.0,0.0,100.0,1.0,0.08,-8.0,-237.2054642397898,237.2054642397898,0.0,-237.2054642397898,237.2054642397898,0.0,-18254.161749468447,18254.161749468447,0.0,0.0,0.0,0.0,0.0,0.0,0.0,0.0,0.0,-186293.7267794803,-186293.7267794803,18728.57267794803,18728.57267794803,18628.57267794803,0.0,100.0,0.0,0.0,18728.57267794803,18728.57267794803,1,0.0,100.0
8357,21588.4353489513,0.0,-215884.353489513,0.0,10.0,0.0,-0.0,0.1,0.279838021,27.9838021,0.0,0.0,100.0,1.0,0.11,-11.0,-236.47993688819903,236.47993688819903,0.0,-236.47993688819903,236.47993688819903,0.0,-21215.475475174902,21215.475475174902,0.0,0.0,0.0,0.0,0.0,0.0,0.0,0.0,0.0,-215895.353489513,-215895.353489513,21688.4353489513,21688.4353489513,21588.4353489513,0.0,100.0,0.0,0.0,21688.4353489513,21688.4353489513,1,0.0,100.0
8358,26292.926664487477,0.0,-262929.26664487476,0.0,10.0,0.0,-0.0,0.1,0.2683798619999999,26.837986199999992,0.0,0.0,100.0,1.0,0.11,-11.0,-270.2190062854982,270.2190062854982,0.0,-270.2190062854982,270.2190062854982,0.0,-25852.48865191648,25852.48865191648,0.0,0.0,0.0,0.0,0.0,0.0,0.0,0.0,0.0,-262940.26664487476,-262940.26664487476,26392.926664487477,26392.926664487477,26292.926664487477,0.0,100.0,0.0,0.0,26392.926664487477,26392.926664487477,1,0.0,100.0
8359,30280.931723320802,0.0,-302809.31723320804,0.0,10.0,0.0,-0.0,0.1,0.263282891,26.328289100000003,0.0,0.0,100.0,1.0,0.11,-11.0,-512.4727982030915,512.4727982030915,0.0,-512.4727982030915,512.4727982030915,0.0,-30768.87767056852,30768.87767056852,0.0,0.0,860.074892578125,860.074892578125,0.0,0.0,552.8166510757718,552.8166510757718,0.0,-302820.31723320804,-302820.31723320804,31793.823266974698,31793.8232669747,31693.823266974698,0.0,100.0,0.0,0.0,31793.8232669747,30380.931723320806,1,0.0,100.0
8360,55361.71303413276,0.0,-553617.1303413275,0.0,10.0,0.0,-0.0,0.1,0.262368707,26.236870699999997,0.0,0.0,100.0,1.0,0.11,-11.0,-710.6193352831026,710.6193352831026,0.0,-710.6193352831026,710.6193352831026,0.0,-63394.19689064356,63394.19689064356,0.0,0.0,5235.2384765625,5235.2384765625,0.0,0.0,4118.4840505145,4118.4840505145,0.0,-553628.1303413275,-553628.1303413275,64815.43556120976,64815.435561209764,64715.43556120976,0.0,100.0,0.0,0.0,64815.435561209764,55461.713034132765,1,0.0,100.0
8361,44605.94926378593,0.0,-446059.4926378593,0.0,10.0,0.0,-0.0,0.1,0.274422279,27.4422279,0.0,0.0,100.0,1.0,0.11,-11.0,-729.4933144804772,729.4933144804772,0.0,-729.4933144804772,729.4933144804772,0.0,-61177.22367462195,61177.22367462195,0.0,0.0,10246.109589843749,10246.109589843749,0.0,0.0,7684.151449953229,7684.151449953229,0.0,-446070.4926378593,-446070.4926378593,62636.210303582906,62636.210303582906,62536.210303582906,0.0,100.0,0.0,0.0,62636.210303582906,44705.94926378593,1,0.0,100.0
8362,35239.327739290056,0.0,-352393.27739290055,0.0,10.0,0.0,-0.0,0.1,0.289064405,28.906440500000002,0.0,0.0,100.0,1.0,0.11,-11.0,-765.8598540206207,765.8598540206207,0.0,-765.8598540206207,765.8598540206207,0.0,-58218.59698339451,58218.59698339451,0.0,0.0,14957.82421875,14957.82421875,0.0,0.0,9453.1647333957,9453.1647333957,0.0,-352404.27739290055,-352404.27739290055,59750.31669143576,59750.31669143576,59650.31669143576,0.0,100.0,0.0,0.0,59750.31669143576,35339.327739290056,1,0.0,100.0
8363,29653.65012359587,0.0,-296536.5012359587,0.0,10.0,0.0,-0.0,0.1,0.294060542,29.4060542,0.0,0.0,100.0,1.0,0.11,-11.0,-792.238736873793,792.238736873793,0.0,-792.238736873793,792.238736873793,0.0,-58210.66320807845,58210.66320807845,0.0,0.0,16939.735927734375,16939.735927734375,0.0,0.0,13101.754630495792,13101.754630495792,0.0,-296547.5012359587,-296547.5012359587,59795.14068182604,59795.14068182604,59695.14068182604,0.0,100.0,0.0,0.0,59795.14068182604,29753.65012359587,1,0.0,100.0
8364,27686.023810374896,0.0,-276860.23810374894,0.0,10.0,0.0,-0.0,0.1,0.299401043,29.940104299999998,0.0,0.0,100.0,1.0,0.11,-11.0,-792.1814429271195,792.1814429271195,0.0,-792.1814429271195,792.1814429271195,0.0,-55196.07216799806,55196.07216799806,0.0,0.0,16528.395761718748,16528.395761718748,0.0,0.0,12466.015481758655,12466.015481758655,0.0,-276871.23810374894,-276871.23810374894,56780.4350538523,56780.4350538523,56680.4350538523,0.0,100.0,0.0,0.0,56780.4350538523,27786.023810374896,1,0.0,100.0
8365,34644.086295394874,0.0,-346440.86295394873,0.0,10.0,0.0,-0.0,0.1,0.29593975,29.593975,0.0,0.0,100.0,1.0,0.11,-11.0,-756.1973033464442,756.1973033464442,0.0,-756.1973033464442,756.1973033464442,0.0,-58206.93461022254,58206.93461022254,0.0,0.0,13835.98740234375,13835.98740234375,0.0,0.0,11139.255519176802,11139.255519176802,0.0,-346451.86295394873,-346451.86295394873,59719.32921691543,59719.32921691543,59619.32921691543,0.0,100.0,0.0,0.0,59719.32921691543,34744.08629539488,1,0.0,100.0
8366,41970.17117759537,0.0,-419701.71177595377,0.0,10.0,0.0,-0.0,0.1,0.300753075,30.075307499999997,0.0,0.0,100.0,1.0,0.08,-8.0,-733.4947847214715,733.4947847214715,0.0,-733.4947847214715,733.4947847214715,0.0,-58205.05659903541,58205.05659903541,0.0,0.0,9199.061894531247,9199.061894531247,0.0,0.0,8402.813096351732,8402.813096351732,0.0,-419709.71177595377,-419709.71177595377,59672.04616847835,59672.04616847835,59572.04616847835,0.0,100.0,0.0,0.0,59672.04616847835,42070.17117759537,1,0.0,100.0
8367,52164.5918191498,0.0,-521645.91819149797,0.0,10.0,0.0,-0.0,0.1,0.301049314,30.1049314,0.0,0.0,100.0,1.0,0.08,-8.0,-717.8344105660091,717.8344105660091,0.0,-717.8344105660091,717.8344105660091,0.0,-58207.21522181229,58207.21522181229,0.0,0.0,3702.0614941406247,3702.0614941406247,0.0,0.0,3676.2307296538825,3676.2307296538825,0.0,-521653.91819149797,-521653.91819149797,59642.88404294431,59642.88404294431,59542.88404294431,0.0,100.0,0.0,0.0,59642.88404294431,52264.5918191498,1,0.0,100.0
8368,64918.748561967936,0.0,-649187.4856196793,0.0,10.0,0.0,-0.0,0.1,0.260859166,26.085916599999997,0.0,0.0,100.0,1.0,0.08,-8.0,-707.5908319909836,707.5908319909836,0.0,-707.5908319909836,707.5908319909836,0.0,-64266.9468792769,64266.9468792769,0.0,0.0,0.0,0.0,0.0,0.0,663.3799812909263,663.3799812909263,0.0,-649195.4856196793,-649195.4856196793,65682.12854325886,65682.12854325886,65582.12854325886,0.0,100.0,0.0,0.0,65682.12854325886,65018.748561967936,1,0.0,100.0
8369,58460.30146739893,0.0,-584603.0146739893,0.0,10.0,0.0,-0.0,0.1,0.232997852,23.299785200000002,0.0,0.0,100.0,1.0,0.11,-11.0,-556.295096138633,556.295096138633,0.0,-556.295096138633,556.295096138633,0.0,-57447.71127512166,57447.71127512166,0.0,0.0,0.0,0.0,0.0,0.0,0.0,0.0,0.0,-584614.0146739893,-584614.0146739893,58560.30146739893,58560.30146739893,58460.30146739893,0.0,100.0,0.0,0.0,58560.30146739893,58560.30146739893,1,0.0,100.0
8370,46433.311067869516,0.0,-464333.11067869514,0.0,10.0,0.0,-0.0,0.1,0.215500789,21.5500789,0.0,0.0,100.0,1.0,0.11,-11.0,-566.6741834960269,566.6741834960269,0.0,-566.6741834960269,566.6741834960269,0.0,-45399.96270087746,45399.96270087746,0.0,0.0,0.0,0.0,0.0,0.0,0.0,0.0,0.0,-464344.11067869514,-464344.11067869514,46533.311067869516,46533.311067869516,46433.311067869516,0.0,100.0,0.0,0.0,46533.311067869516,46533.311067869516,1,0.0,100.0
8371,44964.98617884309,0.0,-449649.86178843095,0.0,10.0,0.0,-0.0,0.1,0.202997171,20.2997171,0.0,0.0,100.0,1.0,0.11,-11.0,-569.8508707003367,569.8508707003367,0.0,-569.8508707003367,569.8508707003367,0.0,-43925.28443744242,43925.28443744242,0.0,0.0,0.0,0.0,0.0,0.0,0.0,0.0,0.0,-449660.86178843095,-449660.86178843095,45064.98617884309,45064.98617884309,44964.98617884309,0.0,100.0,0.0,0.0,45064.98617884309,45064.98617884309,1,0.0,100.0
8372,35940.91933166242,0.0,-359409.1933166242,0.0,10.0,0.0,-0.0,0.1,0.2054393669999999,20.54393669999999,0.0,0.0,100.0,1.0,0.11,-11.0,-575.1959327364975,575.1959327364975,0.0,-575.1959327364975,575.1959327364975,0.0,-34890.52746618943,34890.52746618943,0.0,0.0,0.0,0.0,0.0,0.0,0.0,0.0,0.0,-359420.1933166242,-359420.1933166242,36040.91933166242,36040.91933166242,35940.91933166242,0.0,100.0,0.0,0.0,36040.91933166242,36040.91933166242,1,0.0,100.0
8373,33779.27746065116,0.0,-337792.7746065116,0.0,10.0,0.0,-0.0,0.1,0.224962341,22.496234100000002,0.0,0.0,100.0,1.0,0.11,-11.0,-232.6621732665928,232.6621732665928,0.0,-232.6621732665928,232.6621732665928,0.0,-33413.953114117976,33413.953114117976,0.0,0.0,0.0,0.0,0.0,0.0,0.0,0.0,0.0,-337803.7746065116,-337803.7746065116,33879.27746065116,33879.27746065116,33779.27746065116,0.0,100.0,0.0,0.0,33879.27746065116,33879.27746065116,1,0.0,100.0
8374,21487.621006192712,0.0,-214876.21006192712,0.0,10.0,0.0,-0.0,0.1,0.258075409,25.8075409,0.0,0.0,100.0,1.0,0.11,-11.0,-232.80433828085387,232.80433828085387,0.0,-232.80433828085387,232.80433828085387,0.0,-21122.012329631005,21122.012329631005,0.0,0.0,0.0,0.0,0.0,0.0,0.0,0.0,0.0,-214887.21006192712,-214887.21006192712,21587.621006192712,21587.621006192712,21487.621006192712,0.0,100.0,0.0,0.0,21587.621006192712,21587.621006192712,1,0.0,100.0
8375,18509.0402295155,0.0,-185090.40229515499,0.0,10.0,0.0,-0.0,0.1,0.290046858,29.0046858,0.0,0.0,100.0,1.0,0.11,-11.0,-235.80312842928984,235.80312842928984,0.0,-235.80312842928984,235.80312842928984,0.0,-18137.43397265692,18137.43397265692,0.0,0.0,0.0,0.0,0.0,0.0,0.0,0.0,0.0,-185101.40229515499,-185101.40229515499,18609.0402295155,18609.0402295155,18509.0402295155,0.0,100.0,0.0,0.0,18609.0402295155,18609.0402295155,1,0.0,100.0
8376,14750.691178086696,0.0,-147506.91178086697,0.0,10.0,0.0,-0.0,0.1,0.296412397,29.6412397,0.0,0.0,100.0,1.0,0.08,-8.0,-232.78133132814656,232.78133132814656,0.0,-232.78133132814656,232.78133132814656,0.0,-14385.128515430402,14385.128515430402,0.0,0.0,0.0,0.0,0.0,0.0,0.0,0.0,0.0,-147514.91178086697,-147514.91178086697,14850.691178086696,14850.691178086696,14750.691178086696,0.0,100.0,0.0,0.0,14850.691178086696,14850.691178086696,1,0.0,100.0
8377,14820.529411099342,0.0,-148205.29411099342,0.0,10.0,0.0,-0.0,0.1,0.307466164,30.746616399999997,0.0,0.0,100.0,1.0,0.08,-8.0,-232.6662634677635,232.6662634677635,0.0,-232.6662634677635,232.6662634677635,0.0,-14455.196884163815,14455.196884163815,0.0,0.0,0.0,0.0,0.0,0.0,0.0,0.0,0.0,-148213.29411099342,-148213.29411099342,14920.529411099342,14920.529411099342,14820.529411099342,0.0,100.0,0.0,0.0,14920.529411099342,14920.529411099342,1,0.0,100.0
8378,14843.847680250905,0.0,-148438.47680250905,0.0,10.0,0.0,-0.0,0.1,0.308548063,30.8548063,0.0,0.0,100.0,1.0,0.08,-8.0,-232.58397684128025,232.58397684128025,0.0,-232.58397684128025,232.58397684128025,0.0,-14478.679726568344,14478.679726568344,0.0,0.0,0.0,0.0,0.0,0.0,0.0,0.0,0.0,-148446.47680250905,-148446.47680250905,14943.847680250905,14943.847680250905,14843.847680250905,0.0,100.0,0.0,0.0,14943.847680250905,14943.847680250905,1,0.0,100.0
8379,14867.143093382761,0.0,-148671.43093382762,0.0,10.0,0.0,-0.0,0.1,0.301357485,30.1357485,0.0,0.0,100.0,1.0,0.08,-8.0,-232.49005966496344,232.49005966496344,0.0,-232.49005966496344,232.49005966496344,0.0,-14502.162974052835,14502.162974052835,0.0,0.0,0.0,0.0,0.0,0.0,0.0,0.0,0.0,-148679.43093382762,-148679.43093382762,14967.143093382761,14967.143093382761,14867.143093382761,0.0,100.0,0.0,0.0,14967.143093382761,14967.143093382761,1,0.0,100.0
8380,15584.534561765762,0.0,-155845.34561765761,0.0,10.0,0.0,-0.0,0.1,0.294692429,29.469242899999998,0.0,0.0,100.0,1.0,0.08,-8.0,-233.32007045523832,233.32007045523832,0.0,-233.32007045523832,233.32007045523832,0.0,-15217.894420855286,15217.894420855286,0.0,0.0,0.0,0.0,0.0,0.0,0.0,0.0,0.0,-155853.34561765761,-155853.34561765761,15684.534561765762,15684.534561765762,15584.534561765762,0.0,100.0,0.0,0.0,15684.534561765762,15684.534561765762,1,0.0,100.0
8381,17085.73702826679,0.0,-170857.37028266792,0.0,10.0,0.0,-0.0,0.1,0.27413051,27.413051,0.0,0.0,100.0,1.0,0.11,-11.0,-233.1846538921488,233.1846538921488,0.0,-233.1846538921488,233.1846538921488,0.0,-16719.367720482493,16719.367720482493,0.0,0.0,0.0,0.0,0.0,0.0,0.0,0.0,0.0,-170868.37028266792,-170868.37028266792,17185.73702826679,17185.73702826679,17085.73702826679,0.0,100.0,0.0,0.0,17185.73702826679,17185.73702826679,1,0.0,100.0
8382,26236.510587551755,0.0,-262365.10587551753,0.0,10.0,0.0,-0.0,0.1,0.258461409,25.846140899999998,0.0,0.0,100.0,1.0,0.11,-11.0,-233.19356799006823,233.19356799006823,0.0,-233.19356799006823,233.19356799006823,0.0,-25870.123451571617,25870.123451571617,0.0,0.0,0.0,0.0,0.0,0.0,0.0,0.0,0.0,-262376.10587551753,-262376.10587551753,26336.510587551755,26336.510587551755,26236.510587551755,0.0,100.0,0.0,0.0,26336.510587551755,26336.510587551755,1,0.0,100.0
8383,23977.032101372894,0.0,-239770.32101372894,0.0,10.0,0.0,-0.0,0.1,0.243796296,24.3796296,0.0,0.0,100.0,1.0,0.11,-11.0,-203.0785872516284,203.0785872516284,0.0,-203.0785872516284,203.0785872516284,0.0,-24776.47660958092,24776.47660958092,0.0,0.0,635.707529296875,635.707529296875,0.0,0.0,469.8941534144061,469.8941534144061,0.0,-239781.32101372894,-239781.32101372894,25182.633784084173,25182.633784084177,25082.633784084173,0.0,100.0,0.0,0.0,25182.633784084177,24077.032101372897,1,0.0,100.0
8384,33846.41495724229,0.0,-338464.1495724229,0.0,10.0,0.0,-0.0,0.1,0.240857603,24.0857603,0.0,0.0,100.0,1.0,0.11,-11.0,-197.3149143770789,197.3149143770789,0.0,-197.3149143770789,197.3149143770789,0.0,-39299.23661216885,39299.23661216885,0.0,0.0,4337.7690234375,4337.7690234375,0.0,0.0,1409.6824602432182,1409.6824602432182,0.0,-338475.1495724229,-338475.1495724229,39693.86644092301,39693.866440923004,39593.86644092301,0.0,100.0,0.0,0.0,39693.866440923004,33946.41495724228,1,0.0,100.0
8385,20407.82574479941,0.0,-204078.2574479941,0.0,10.0,0.0,-0.0,0.1,0.240496423,24.0496423,0.0,0.0,100.0,1.0,0.11,-11.0,-197.6817589860912,197.6817589860912,0.0,-197.6817589860912,197.6817589860912,0.0,-37070.464692405454,37070.464692405454,0.0,0.0,9273.851015625,9273.851015625,0.0,0.0,7684.151449953229,7684.151449953229,0.0,-204089.2574479941,-204089.2574479941,37465.828210377644,37465.82821037764,37365.828210377644,0.0,100.0,0.0,0.0,37465.82821037764,20507.825744799407,1,0.0,100.0
8386,12870.221805227093,0.0,-128702.21805227092,0.0,10.0,0.0,-0.0,0.1,0.245913571,24.5913571,0.0,0.0,100.0,1.0,0.11,-11.0,-197.92345253568067,197.92345253568067,0.0,-197.92345253568067,197.92345253568067,0.0,-34105.95107075179,34105.95107075179,0.0,0.0,12714.1505859375,12714.1505859375,0.0,0.0,8817.42558465856,8817.42558465856,0.0,-128713.21805227092,-128713.21805227092,34501.79797582315,34501.79797582315,34401.79797582315,0.0,100.0,0.0,0.0,34501.79797582315,12970.221805227091,1,0.0,100.0
8387,10296.582040347033,0.0,-102965.82040347034,0.0,10.0,0.0,-0.0,0.1,0.27060869,27.060868999999997,0.0,0.0,100.0,1.0,0.11,-11.0,-200.89957682558384,200.89957682558384,0.0,-200.89957682558384,200.89957682558384,0.0,-34096.861626473474,34096.861626473474,0.0,0.0,14621.273173828124,14621.273173828124,0.0,0.0,9480.805565949488,9480.805565949488,0.0,-102976.82040347034,-102976.82040347034,34498.66078012464,34498.66078012464,34398.66078012464,0.0,100.0,0.0,0.0,34498.66078012464,10396.582040347032,1,0.0,100.0
8388,10876.804040888283,0.0,-108768.04040888282,0.0,10.0,0.0,-0.0,0.1,0.2715452889999999,27.154528899999992,0.0,0.0,100.0,1.0,0.11,-11.0,-214.58343250090144,214.58343250090144,0.0,-214.58343250090144,214.58343250090144,0.0,-34137.5661474264,34137.5661474264,0.0,0.0,14247.327568359377,14247.327568359377,0.0,0.0,9342.601403180544,9342.601403180544,0.0,-108779.04040888282,-108779.04040888282,34566.7330124282,34566.7330124282,34466.7330124282,0.0,100.0,0.0,0.0,34566.7330124282,10976.80404088828,1,0.0,100.0
8389,11517.815111698428,0.0,-115178.15111698429,0.0,10.0,0.0,-0.0,0.1,0.28414801,28.414801,0.0,0.0,100.0,1.0,0.11,-11.0,-257.9849003519886,257.9849003519886,0.0,-257.9849003519886,257.9849003519886,0.0,-34163.45261948223,34163.45261948223,0.0,0.0,12115.8376171875,12115.8376171875,0.0,0.0,10945.769691300282,10945.769691300282,0.0,-115189.15111698429,-115189.15111698429,34679.42242018621,34679.42242018621,34579.42242018621,0.0,100.0,0.0,0.0,34679.42242018621,11617.815111698426,1,0.0,100.0
8390,3214.850404743447,0.0,-32148.50404743447,0.0,10.0,0.0,-0.0,0.1,0.278277872,27.8277872,0.0,0.0,100.0,1.0,0.08,-8.0,-267.45097785266967,267.45097785266967,0.0,-267.45097785266967,267.45097785266967,0.0,-19033.99890880812,19033.99890880812,0.0,0.0,7740.674033203125,7740.674033203125,0.0,0.0,8513.376426566887,8513.376426566887,0.0,-32156.50404743447,-32156.50404743447,19568.90086451346,19568.90086451346,19468.90086451346,0.0,100.0,0.0,0.0,19568.90086451346,3314.850404743447,1,0.0,100.0
8391,12137.875031179487,0.0,-121378.75031179487,0.0,10.0,0.0,-0.0,0.1,0.283978558,28.3978558,0.0,0.0,100.0,1.0,0.08,-8.0,-275.216832359825,275.216832359825,0.0,-275.216832359825,275.216832359825,0.0,-19028.37064914773,19028.37064914773,0.0,0.0,3028.9594042968747,3028.9594042968747,0.0,0.0,4311.96987839102,4311.96987839102,0.0,-121386.75031179487,-121386.75031179487,19578.804313867382,19578.804313867382,19478.804313867382,0.0,100.0,0.0,0.0,19578.804313867382,12237.875031179487,1,0.0,100.0
8392,24675.75855932935,0.0,-246757.5855932935,0.0,10.0,0.0,-0.0,0.1,0.263726865,26.372686499999997,0.0,0.0,100.0,1.0,0.08,-8.0,-230.2263974640901,230.2263974640901,0.0,-230.2263974640901,230.2263974640901,0.0,-25089.249075907253,25089.249075907253,0.0,0.0,0.0,0.0,0.0,0.0,773.9433115060806,773.9433115060806,0.0,-246765.5855932935,-246765.5855932935,25549.701870835434,25549.701870835434,25449.701870835434,0.0,100.0,0.0,0.0,25549.701870835434,24775.75855932935,1,0.0,100.0
8393,23170.358149584234,0.0,-231703.58149584234,0.0,10.0,0.0,-0.0,0.1,0.241120113,24.1120113,0.0,0.0,100.0,1.0,0.11,-11.0,-237.76672319760888,237.76672319760888,0.0,-237.76672319760888,237.76672319760888,0.0,-22794.824703189017,22794.824703189017,0.0,0.0,0.0,0.0,0.0,0.0,0.0,0.0,0.0,-231714.58149584234,-231714.58149584234,23270.358149584234,23270.358149584234,23170.358149584234,0.0,100.0,0.0,0.0,23270.358149584234,23270.358149584234,1,0.0,100.0
8394,21402.509847802783,0.0,-214025.09847802782,0.0,10.0,0.0,-0.0,0.1,0.233515752,23.3515752,0.0,0.0,100.0,1.0,0.11,-11.0,-233.3840258640269,233.3840258640269,0.0,-233.3840258640269,233.3840258640269,0.0,-21035.74179607473,21035.74179607473,0.0,0.0,0.0,0.0,0.0,0.0,0.0,0.0,0.0,-214036.09847802782,-214036.09847802782,21502.509847802783,21502.509847802783,21402.509847802783,0.0,100.0,0.0,0.0,21502.509847802783,21502.509847802783,1,0.0,100.0
8395,19926.407364564166,0.0,-199264.07364564165,0.0,10.0,0.0,-0.0,0.1,0.2320709269999999,23.20709269999999,0.0,0.0,100.0,1.0,0.11,-11.0,-234.28315780716568,234.28315780716568,0.0,-234.28315780716568,234.28315780716568,0.0,-19557.841048949835,19557.841048949835,0.0,0.0,0.0,0.0,0.0,0.0,0.0,0.0,0.0,-199275.07364564165,-199275.07364564165,20026.407364564166,20026.407364564166,19926.407364564166,0.0,100.0,0.0,0.0,20026.407364564166,20026.407364564166,1,0.0,100.0
8396,19926.057318027837,0.0,-199260.57318027836,0.0,10.0,0.0,-0.0,0.1,0.235767493,23.5767493,0.0,0.0,100.0,1.0,0.11,-11.0,-234.1081436079572,234.1081436079572,0.0,-234.1081436079572,234.1081436079572,0.0,-19557.841030811924,19557.841030811924,0.0,0.0,0.0,0.0,0.0,0.0,0.0,0.0,0.0,-199271.57318027836,-199271.57318027836,20026.057318027837,20026.057318027837,19926.057318027837,0.0,100.0,0.0,0.0,20026.057318027837,20026.057318027837,1,0.0,100.0
8397,18446.730505525833,0.0,-184467.30505525833,0.0,10.0,0.0,-0.0,0.1,0.253917386,25.391738600000004,0.0,0.0,100.0,1.0,0.11,-11.0,-233.36512593288512,233.36512593288512,0.0,-233.36512593288512,233.36512593288512,0.0,-18080.000253660062,18080.000253660062,0.0,0.0,0.0,0.0,0.0,0.0,0.0,0.0,0.0,-184478.30505525833,-184478.30505525833,18546.730505525833,18546.730505525833,18446.730505525833,0.0,100.0,0.0,0.0,18546.730505525833,18546.730505525833,1,0.0,100.0
8398,16966.98945096559,0.0,-169669.8945096559,0.0,10.0,0.0,-0.0,0.1,0.274174218,27.417421800000003,0.0,0.0,100.0,1.0,0.11,-11.0,-232.5049089354148,232.5049089354148,0.0,-232.5049089354148,232.5049089354148,0.0,-16601.97963309476,16601.97963309476,0.0,0.0,0.0,0.0,0.0,0.0,0.0,0.0,0.0,-169680.8945096559,-169680.8945096559,17066.98945096559,17066.98945096559,16966.98945096559,0.0,100.0,0.0,0.0,17066.98945096559,17066.98945096559,1,0.0,100.0
8399,15518.020047955271,0.0,-155180.2004795527,0.0,10.0,0.0,-0.0,0.1,0.271179458,27.117945799999998,0.0,0.0,100.0,1.0,0.11,-11.0,-235.30816852193104,235.30816852193104,0.0,-235.30816852193104,235.30816852193104,0.0,-15147.403710911409,15147.403710911409,0.0,0.0,0.0,0.0,0.0,0.0,0.0,0.0,0.0,-155191.2004795527,-155191.2004795527,15618.020047955271,15618.020047955271,15518.020047955271,0.0,100.0,0.0,0.0,15618.020047955271,15618.020047955271,1,0.0,100.0
8400,14866.5353791729,0.0,-148665.353791729,0.0,10.0,0.0,-0.0,0.1,0.286032466,28.6032466,0.0,0.0,100.0,1.0,0.08,-8.0,-232.389247382043,232.389247382043,0.0,-232.389247382043,232.389247382043,0.0,-14501.756884408813,14501.756884408813,0.0,0.0,0.0,0.0,0.0,0.0,0.0,0.0,0.0,-148673.353791729,-148673.353791729,14966.5353791729,14966.5353791729,14866.5353791729,0.0,100.0,0.0,0.0,14966.5353791729,14966.5353791729,1,0.0,100.0
8401,14843.200669126598,0.0,-148432.00669126597,0.0,10.0,0.0,-0.0,0.1,0.287694377,28.7694377,0.0,0.0,100.0,1.0,0.08,-8.0,-232.3252205911811,232.3252205911811,0.0,-232.3252205911811,232.3252205911811,0.0,-14478.550227944235,14478.550227944235,0.0,0.0,0.0,0.0,0.0,0.0,0.0,0.0,0.0,-148440.00669126597,-148440.00669126597,14943.200669126598,14943.200669126598,14843.200669126598,0.0,100.0,0.0,0.0,14943.200669126598,14943.200669126598,1,0.0,100.0
8402,14866.413572046158,0.0,-148664.13572046158,0.0,10.0,0.0,-0.0,0.1,0.281359058,28.1359058,0.0,0.0,100.0,1.0,0.08,-8.0,-232.234208071096,232.234208071096,0.0,-232.234208071096,232.234208071096,0.0,-14501.945155903966,14501.945155903966,0.0,0.0,0.0,0.0,0.0,0.0,0.0,0.0,0.0,-148672.13572046158,-148672.13572046158,14966.413572046158,14966.413572046158,14866.413572046158,0.0,100.0,0.0,0.0,14966.413572046158,14966.413572046158,1,0.0,100.0
8403,14843.055241981398,0.0,-148430.552419814,0.0,10.0,0.0,-0.0,0.1,0.262643169,26.2643169,0.0,0.0,100.0,1.0,0.08,-8.0,-232.20033936938484,232.20033936938484,0.0,-232.20033936938484,232.20033936938484,0.0,-14478.654563242628,14478.654563242628,0.0,0.0,0.0,0.0,0.0,0.0,0.0,0.0,0.0,-148438.552419814,-148438.552419814,14943.055241981398,14943.055241981398,14843.055241981398,0.0,100.0,0.0,0.0,14943.055241981398,14943.055241981398,1,0.0,100.0
8404,15607.069031022984,0.0,-156070.69031022984,0.0,10.0,0.0,-0.0,0.1,0.245407793,24.5407793,0.0,0.0,100.0,1.0,0.08,-8.0,-233.0594970585605,233.0594970585605,0.0,-233.0594970585605,233.0594970585605,0.0,-15240.950036905862,15240.950036905862,0.0,0.0,0.0,0.0,0.0,0.0,0.0,0.0,0.0,-156078.69031022984,-156078.69031022984,15707.069031022984,15707.069031022984,15607.069031022984,0.0,100.0,0.0,0.0,15707.069031022984,15707.069031022984,1,0.0,100.0
8405,17061.515444957775,0.0,-170615.15444957773,0.0,10.0,0.0,-0.0,0.1,0.239008106,23.9008106,0.0,0.0,100.0,1.0,0.11,-11.0,-232.94113332132105,232.94113332132105,0.0,-232.94113332132105,232.94113332132105,0.0,-16695.633178315133,16695.633178315133,0.0,0.0,0.0,0.0,0.0,0.0,0.0,0.0,0.0,-170626.15444957773,-170626.15444957773,17161.515444957775,17161.515444957775,17061.515444957775,0.0,100.0,0.0,0.0,17161.515444957775,17161.515444957775,1,0.0,100.0
8406,20040.69946409769,0.0,-200406.99464097692,0.0,10.0,0.0,-0.0,0.1,0.223765882,22.3765882,0.0,0.0,100.0,1.0,0.11,-11.0,-232.98757706732155,232.98757706732155,0.0,-232.98757706732155,232.98757706732155,0.0,-19674.72430996305,19674.72430996305,0.0,0.0,0.0,0.0,0.0,0.0,0.0,0.0,0.0,-200417.99464097692,-200417.99464097692,20140.69946409769,20140.69946409769,20040.69946409769,0.0,100.0,0.0,0.0,20140.69946409769,20140.69946409769,1,0.0,100.0
8407,17540.206542433774,0.0,-175402.06542433775,0.0,10.0,0.0,-0.0,0.1,0.2190166439999999,21.90166439999999,0.0,0.0,100.0,1.0,0.11,-11.0,-202.88131908435017,202.88131908435017,0.0,-202.88131908435017,202.88131908435017,0.0,-18546.525845696902,18546.525845696902,0.0,0.0,897.469453125,897.469453125,0.0,0.0,414.6124883068289,414.6124883068289,0.0,-175413.06542433775,-175413.06542433775,18952.288483865603,18952.288483865603,18852.288483865603,0.0,100.0,0.0,0.0,18952.288483865603,17640.206542433774,1,0.0,100.0
8408,11375.485018276411,0.0,-113754.85018276412,0.0,10.0,0.0,-0.0,0.1,0.215636346,21.5636346,0.0,0.0,100.0,1.0,0.11,-11.0,-197.1030905012641,197.1030905012641,0.0,-197.1030905012641,197.1030905012641,0.0,-18052.99709100839,18052.99709100839,0.0,0.0,5534.3949609375,5534.3949609375,0.0,0.0,1437.3232927970068,1437.3232927970068,0.0,-113765.85018276412,-113765.85018276412,18447.20327201092,18447.20327201092,18347.20327201092,0.0,100.0,0.0,0.0,18447.20327201092,11475.485018276413,1,0.0,100.0
8409,120.41319516291333,0.0,-1204.1319516291333,0.0,10.0,0.0,-0.0,0.1,0.215713958,21.5713958,0.0,0.0,100.0,1.0,0.11,-11.0,-197.4266441422515,197.4266441422515,0.0,-197.4266441422515,197.4266441422515,0.0,-15812.797671902308,15812.797671902308,0.0,0.0,10956.606240234374,10956.606240234374,0.0,0.0,5030.631524789524,5030.631524789524,0.0,-1215.1319516291333,-1215.1319516291333,16207.650960186811,16207.650960186811,16107.650960186811,0.0,100.0,0.0,0.0,16207.650960186811,220.41319516291333,1,0.0,100.0
8410,0.0,0.0,-0.0,55.55555555555556,10.0,0.0,-0.0,0.1,0.219364126,0.0,0.0,100.0,0.0,1.0,0.11,0.0,-197.549214902906,197.549214902906,0.0,-197.549214902906,197.549214902906,0.0,-12857.016715811444,12857.016715811444,0.0,1026.6296699209397,14434.30037109375,13407.67070117281,0.0,5472.884845650141,5472.884845650141,0.0,0.0,0.0,0.0,13407.67070117281,13407.67070117281,13407.67070117281,0.0,0.0,155.55555555555475,0.0,13252.115145617256,-6655.070071126636,1,-55.55555555555556,-100.0
8411,0.0,0.0,-0.0,44.44444444444444,60.0,0.0,-0.0,0.6,0.239248302,0.0,0.0,100.0,0.0,1.0,0.11,0.0,-200.4748708953877,200.4748708953877,0.0,-200.4748708953877,200.4748708953877,0.0,-12833.72155844302,12833.72155844302,0.0,2214.4160033686367,15593.531748046877,13379.11574467824,0.0,8458.09476145931,8458.09476145931,0.0,0.0,0.0,0.0,13379.11574467824,13379.11574467824,13379.11574467824,0.0,0.0,144.44444444444525,0.0,13234.671300233795,-10816.955209272392,1,-44.44444444444444,-100.0
8412,0.0,0.0,-0.0,0.0,100.0,-0.0,-0.0,1.0,0.230458988,0.0,0.0,100.0,0.0,1.0,0.11,0.0,-197.6822849372412,197.6822849372412,0.0,-197.6822849372412,197.6822849372412,0.0,-12787.07853494268,12787.07853494268,0.0,2385.8777643234607,15668.320869140623,13282.443104817163,0.0,4698.941534144061,4698.941534144061,0.0,0.0,0.0,0.0,13282.443104817163,13282.443104817163,13282.443104817163,0.0,0.0,100.0,0.0,13182.443104817163,-7184.819298467521,1,-0.0,-100.0
8413,0.0,0.0,-0.0,0.0,100.0,-0.0,-0.0,1.0,0.246500225,0.0,0.0,100.0,0.0,1.0,0.11,0.0,-230.7107837030869,230.7107837030869,0.0,-230.7107837030869,230.7107837030869,0.0,-12763.864411705576,12763.864411705576,0.0,24.572136122624215,13349.858115234374,13325.28597911175,0.0,4173.765715622078,4173.765715622078,0.0,0.0,0.0,0.0,13325.28597911175,13325.28597911175,13325.28597911175,0.0,0.0,100.0,0.0,13225.28597911175,-4298.3378517447,1,-0.0,-100.0
8414,1043.471201975096,0.0,-10434.71201975096,0.0,100.0,45.0,-0.0,1.0,0.253388014,25.3388014,0.0,0.0,100.0,1.0,0.08,-8.0,-239.1595585813536,239.1595585813536,0.0,-239.1595585813536,239.1595585813536,0.0,-12787.101267788594,12787.101267788594,0.0,0.0,9423.4292578125,9423.4292578125,0.0,0.0,2653.519925163705,2653.519925163705,0.0,-10442.71201975096,-10442.71201975096,13265.4203849513,13265.420384951301,13120.4203849513,0.0,145.0,0.0,0.0,13265.420384951301,1188.4712019750968,1,45.0,100.0
8415,7614.276203819894,0.0,-76142.76203819894,0.0,50.0,36.0,-0.0,0.5,0.280558818,28.055881799999998,0.0,0.0,100.0,1.0,0.08,-8.0,-243.13882129865183,243.13882129865183,0.0,-243.13882129865183,243.13882129865183,0.0,-12857.010748439396,12857.010748439396,0.0,0.0,3851.639736328125,3851.639736328125,0.0,0.0,1741.3724508886812,1741.3724508886812,0.0,-76150.76203819894,-76150.76203819894,13343.2883910367,13343.2883910367,13207.2883910367,0.0,136.0,0.0,0.0,13343.2883910367,7750.276203819894,1,36.0,100.0
8416,18875.129612683264,0.0,-188751.29612683263,0.0,10.0,0.0,-0.0,0.1,0.284828554,28.482855400000002,0.0,0.0,100.0,1.0,0.08,-8.0,-224.982156706832,224.982156706832,0.0,-224.982156706832,224.982156706832,0.0,-18912.13695502264,18912.13695502264,0.0,0.0,0.0,0.0,0.0,0.0,386.9716557530403,386.9716557530403,0.0,-188759.29612683263,-188759.29612683263,19362.101268436305,19362.101268436305,19262.101268436305,0.0,100.0,0.0,0.0,19362.101268436305,18975.129612683264,1,0.0,100.0
8417,21460.449571316898,0.0,-214604.495713169,0.0,10.0,0.0,-0.0,0.1,0.281949366,28.1949366,0.0,0.0,100.0,1.0,0.11,-11.0,-227.39528694406428,227.39528694406428,0.0,-227.39528694406428,227.39528694406428,0.0,-21105.65899742877,21105.65899742877,0.0,0.0,0.0,0.0,0.0,0.0,0.0,0.0,0.0,-214615.495713169,-214615.495713169,21560.449571316898,21560.449571316898,21460.449571316898,0.0,100.0,0.0,0.0,21560.449571316898,21560.449571316898,1,0.0,100.0
8418,21472.012435221026,0.0,-214720.12435221026,0.0,10.0,0.0,-0.0,0.1,0.273077479,27.307747900000003,0.0,0.0,100.0,1.0,0.11,-11.0,-233.18065482237057,233.18065482237057,0.0,-233.18065482237057,233.18065482237057,0.0,-21105.651125576285,21105.651125576285,0.0,0.0,0.0,0.0,0.0,0.0,0.0,0.0,0.0,-214731.12435221026,-214731.12435221026,21572.012435221026,21572.012435221026,21472.012435221026,0.0,100.0,0.0,0.0,21572.012435221026,21572.012435221026,1,0.0,100.0
8419,20019.1563593263,0.0,-200191.563593263,0.0,10.0,0.0,-0.0,0.1,0.279668517,27.9668517,0.0,0.0,100.0,1.0,0.11,-11.0,-234.02135480615647,234.02135480615647,0.0,-234.02135480615647,234.02135480615647,0.0,-19651.11364971399,19651.11364971399,0.0,0.0,0.0,0.0,0.0,0.0,0.0,0.0,0.0,-200202.563593263,-200202.563593263,20119.1563593263,20119.1563593263,20019.1563593263,0.0,100.0,0.0,0.0,20119.1563593263,20119.1563593263,1,0.0,100.0
8420,20018.826650353272,0.0,-200188.2665035327,0.0,10.0,0.0,-0.0,0.1,0.278677247,27.8677247,0.0,0.0,100.0,1.0,0.11,-11.0,-233.87070532535284,233.87070532535284,0.0,-233.87070532535284,233.87070532535284,0.0,-19651.085239702566,19651.085239702566,0.0,0.0,0.0,0.0,0.0,0.0,0.0,0.0,0.0,-200199.2665035327,-200199.2665035327,20118.826650353272,20118.826650353272,20018.826650353272,0.0,100.0,0.0,0.0,20118.826650353272,20118.826650353272,1,0.0,100.0
8421,18539.922254596582,0.0,-185399.2225459658,0.0,10.0,0.0,-0.0,0.1,0.274229149,27.422914900000002,0.0,0.0,100.0,1.0,0.11,-11.0,-233.3116679985807,233.3116679985807,0.0,-233.3116679985807,233.3116679985807,0.0,-18173.29891859942,18173.29891859942,0.0,0.0,0.0,0.0,0.0,0.0,0.0,0.0,0.0,-185410.2225459658,-185410.2225459658,18639.922254596582,18639.922254596582,18539.922254596582,0.0,100.0,0.0,0.0,18639.922254596582,18639.922254596582,1,0.0,100.0
8422,17037.18067518093,0.0,-170371.80675180932,0.0,10.0,0.0,-0.0,0.1,0.283219727,28.321972699999996,0.0,0.0,100.0,1.0,0.11,-11.0,-232.6069535005404,232.6069535005404,0.0,-232.6069535005404,232.6069535005404,0.0,-16671.96676817985,16671.96676817985,0.0,0.0,0.0,0.0,0.0,0.0,0.0,0.0,0.0,-170382.80675180932,-170382.80675180932,17137.18067518093,17137.18067518093,17037.18067518093,0.0,100.0,0.0,0.0,17137.18067518093,17137.18067518093,1,0.0,100.0
8423,15611.822269989188,0.0,-156118.2226998919,0.0,10.0,0.0,-0.0,0.1,0.2953891039999999,29.538910399999992,0.0,0.0,100.0,1.0,0.11,-11.0,-235.4695628458107,235.4695628458107,0.0,-235.4695628458107,235.4695628458107,0.0,-15240.883144297568,15240.883144297568,0.0,0.0,0.0,0.0,0.0,0.0,0.0,0.0,0.0,-156129.2226998919,-156129.2226998919,15711.822269989188,15711.822269989188,15611.822269989188,0.0,100.0,0.0,0.0,15711.822269989188,15711.822269989188,1,0.0,100.0
8424,17857.1300247429,0.0,-178571.300247429,0.0,10.0,0.0,-0.0,0.1,0.295782703,29.5782703,0.0,0.0,100.0,1.0,0.08,-8.0,-232.53187110771685,232.53187110771685,0.0,-232.53187110771685,232.53187110771685,0.0,-17492.066282527467,17492.066282527467,0.0,0.0,0.0,0.0,0.0,0.0,0.0,0.0,0.0,-178579.300247429,-178579.300247429,17957.1300247429,17957.1300247429,17857.1300247429,0.0,100.0,0.0,0.0,17957.1300247429,17957.1300247429,1,0.0,100.0
8425,17880.59240858838,0.0,-178805.92408588383,0.0,10.0,0.0,-0.0,0.1,0.294698216,29.469821600000003,0.0,0.0,100.0,1.0,0.08,-8.0,-232.4879778691388,232.4879778691388,0.0,-232.4879778691388,232.4879778691388,0.0,-17515.616452850103,17515.616452850103,0.0,0.0,0.0,0.0,0.0,0.0,0.0,0.0,0.0,-178813.92408588383,-178813.92408588383,17980.59240858838,17980.59240858838,17880.59240858838,0.0,100.0,0.0,0.0,17980.59240858838,17980.59240858838,1,0.0,100.0
8426,17857.078180309883,0.0,-178570.78180309883,0.0,10.0,0.0,-0.0,0.1,0.294591251,29.4591251,0.0,0.0,100.0,1.0,0.08,-8.0,-232.3928741436802,232.3928741436802,0.0,-232.3928741436802,232.3928741436802,0.0,-17492.292432022525,17492.292432022525,0.0,0.0,0.0,0.0,0.0,0.0,0.0,0.0,0.0,-178578.78180309883,-178578.78180309883,17957.078180309883,17957.078180309883,17857.078180309883,0.0,100.0,0.0,0.0,17957.078180309883,17957.078180309883,1,0.0,100.0
8427,17880.535021542706,0.0,-178805.35021542705,0.0,10.0,0.0,-0.0,0.1,0.288804113,28.8804113,0.0,0.0,100.0,1.0,0.08,-8.0,-232.2955504190041,232.2955504190041,0.0,-232.2955504190041,232.2955504190041,0.0,-17515.943920704696,17515.943920704696,0.0,0.0,0.0,0.0,0.0,0.0,0.0,0.0,0.0,-178813.35021542705,-178813.35021542705,17980.535021542706,17980.535021542706,17880.535021542706,0.0,100.0,0.0,0.0,17980.535021542706,17980.535021542706,1,0.0,100.0
8428,18597.84025259508,0.0,-185978.4025259508,0.0,10.0,0.0,-0.0,0.1,0.279733144,27.9733144,0.0,0.0,100.0,1.0,0.08,-8.0,-233.1682076465549,233.1682076465549,0.0,-233.1682076465549,233.1682076465549,0.0,-18231.50383730197,18231.50383730197,0.0,0.0,0.0,0.0,0.0,0.0,0.0,0.0,0.0,-185986.4025259508,-185986.4025259508,18697.84025259508,18697.84025259508,18597.84025259508,0.0,100.0,0.0,0.0,18697.84025259508,18697.84025259508,1,0.0,100.0
8429,21606.040181372457,0.0,-216060.40181372457,0.0,10.0,0.0,-0.0,0.1,0.26537377,26.537377,0.0,0.0,100.0,1.0,0.11,-11.0,-233.07749320729656,233.07749320729656,0.0,-233.07749320729656,233.07749320729656,0.0,-21239.885194957864,21239.885194957864,0.0,0.0,0.0,0.0,0.0,0.0,0.0,0.0,0.0,-216071.40181372457,-216071.40181372457,21706.040181372457,21706.040181372457,21606.040181372457,0.0,100.0,0.0,0.0,21706.040181372457,21706.040181372457,1,0.0,100.0
8430,27109.641588227423,0.0,-271096.4158822742,0.0,10.0,0.0,-0.0,0.1,0.260707308,26.070730800000003,0.0,0.0,100.0,1.0,0.11,-11.0,-269.23001142512607,269.23001142512607,0.0,-269.23001142512607,269.23001142512607,0.0,-26671.18156537717,26671.18156537717,0.0,0.0,0.0,0.0,0.0,0.0,0.0,0.0,0.0,-271107.4158822742,-271107.4158822742,27209.641588227423,27209.641588227423,27109.641588227423,0.0,100.0,0.0,0.0,27209.641588227423,27209.641588227423,1,0.0,100.0
8431,30591.47392598634,0.0,-305914.7392598634,0.0,10.0,0.0,-0.0,0.1,0.258016927,25.8016927,0.0,0.0,100.0,1.0,0.11,-11.0,-509.9608425397692,509.9608425397692,0.0,-509.9608425397692,509.9608425397692,0.0,-30788.52800303664,30788.52800303664,0.0,0.0,785.285771484375,785.285771484375,0.0,0.0,331.6899906454631,331.6899906454631,0.0,-305925.7392598634,-305925.7392598634,31808.44968811618,31808.44968811618,31708.44968811618,0.0,100.0,0.0,0.0,31808.44968811618,30691.47392598634,1,0.0,100.0
8432,57758.88690854278,0.0,-577588.8690854278,0.0,10.0,0.0,-0.0,0.1,0.259892644,25.9892644,0.0,0.0,100.0,1.0,0.11,-11.0,-711.3212444991342,711.3212444991342,0.0,-711.3212444991342,711.3212444991342,0.0,-63385.21451444191,63385.21451444191,0.0,0.0,5235.2384765625,5235.2384765625,0.0,0.0,1713.7316183348926,1713.7316183348926,0.0,-577599.8690854278,-577599.8690854278,64807.85700344017,64807.85700344018,64707.85700344017,0.0,100.0,0.0,0.0,64807.85700344018,57858.88690854279,1,0.0,100.0
8433,46219.83830247991,0.0,-462198.3830247991,0.0,10.0,0.0,-0.0,0.1,0.269625926,26.9625926,0.0,0.0,100.0,1.0,0.11,-11.0,-779.0622228829508,779.0622228829508,0.0,-779.0622228829508,779.0622228829508,0.0,-61158.703055768325,61158.703055768325,0.0,0.0,10620.0551953125,10620.0551953125,0.0,0.0,5776.934003741816,5776.934003741816,0.0,-462209.3830247991,-462209.3830247991,62716.82750153422,62716.82750153423,62616.82750153422,0.0,100.0,0.0,0.0,62716.82750153423,46319.83830247991,1,0.0,100.0
8434,34417.26203510866,0.0,-344172.6203510866,0.0,10.0,0.0,-0.0,0.1,0.279638535,27.963853500000003,0.0,0.0,100.0,1.0,0.11,-11.0,-860.3694743489998,860.3694743489998,0.0,-860.3694743489998,860.3694743489998,0.0,-58199.3413076418,58199.3413076418,0.0,0.0,14733.45685546875,14733.45685546875,0.0,0.0,10669.361365762396,10669.361365762396,0.0,-344183.6203510866,-344183.6203510866,59920.0802563398,59920.0802563398,59820.0802563398,0.0,100.0,0.0,0.0,59920.0802563398,34517.26203510866,1,0.0,100.0
8435,32229.942945439005,0.0,-322299.4294543901,0.0,10.0,0.0,-0.0,0.1,0.329847127,32.9847127,0.0,0.0,100.0,1.0,0.11,-11.0,-941.3507289907998,941.3507289907998,0.0,-941.3507289907998,941.3507289907998,0.0,-58210.84131629861,58210.84131629861,0.0,0.0,16154.45015625,16154.45015625,0.0,0.0,11609.14967259121,11609.14967259121,0.0,-322310.4294543901,-322310.4294543901,60093.54277428021,60093.54277428021,59993.54277428021,0.0,100.0,0.0,0.0,60093.54277428021,32329.942945439005,1,0.0,100.0
8436,30901.897553272913,0.0,-309018.9755327291,0.0,10.0,0.0,-0.0,0.1,0.319984896,31.998489600000003,0.0,0.0,100.0,1.0,0.11,-11.0,-991.366654865826,991.366654865826,0.0,-991.366654865826,991.366654865826,0.0,-55249.61870940086,55249.61870940086,0.0,0.0,13985.565644531249,13985.565644531249,0.0,0.0,12244.888821328346,12244.888821328346,0.0,-309029.9755327291,-309029.9755327291,57232.35201913251,57232.35201913251,57132.35201913251,0.0,100.0,0.0,0.0,57232.35201913251,31001.897553272913,1,0.0,100.0
8437,40822.06406199561,0.0,-408220.6406199561,0.0,10.0,0.0,-0.0,0.1,0.314297672,31.429767199999997,0.0,0.0,100.0,1.0,0.11,-11.0,-1004.8152266080068,1004.8152266080068,0.0,-1004.8152266080068,1004.8152266080068,0.0,-58271.91618424622,58271.91618424622,0.0,0.0,9685.191181640625,9685.191181640625,0.0,0.0,9674.291393826006,9674.291393826006,0.0,-408231.6406199561,-408231.6406199561,60281.54663746224,60281.546637462234,60181.54663746224,0.0,100.0,0.0,0.0,60281.546637462234,40922.0640619956,1,0.0,100.0
8438,42855.775968048656,0.0,-428557.7596804866,0.0,10.0,0.0,-0.0,0.1,0.328775952,32.8775952,0.0,0.0,100.0,1.0,0.08,-8.0,-1047.569375917982,1047.569375917982,0.0,-1047.569375917982,1047.569375917982,0.0,-58202.37063469302,58202.37063469302,0.0,0.0,9049.48365234375,9049.48365234375,0.0,0.0,8292.249766136578,8292.249766136578,0.0,-428565.7596804866,-428565.7596804866,60297.50938652898,60297.50938652898,60197.50938652898,0.0,100.0,0.0,0.0,60297.50938652898,42955.775968048656,1,0.0,100.0
8439,52091.42881266836,0.0,-520914.2881266836,0.0,10.0,0.0,-0.0,0.1,0.332705585,33.2705585,0.0,0.0,100.0,1.0,0.08,-8.0,-1044.3767369542113,1044.3767369542113,0.0,-1044.3767369542113,1044.3767369542113,0.0,-58193.1161838108,58193.1161838108,0.0,0.0,3889.034296875,3889.034296875,0.0,0.0,4201.406548175866,4201.406548175866,0.0,-520922.2881266836,-520922.2881266836,60281.869657719224,60281.869657719224,60181.869657719224,0.0,100.0,0.0,0.0,60281.869657719224,52191.42881266836,1,0.0,100.0
8440,65272.253524895306,0.0,-652722.535248953,0.0,10.0,0.0,-0.0,0.1,0.308304693,30.8304693,0.0,0.0,100.0,1.0,0.08,-8.0,-947.7087725234312,947.7087725234312,0.0,-947.7087725234312,947.7087725234312,0.0,-64250.77929135452,64250.77929135452,0.0,0.0,0.0,0.0,0.0,0.0,773.9433115060806,773.9433115060806,0.0,-652730.535248953,-652730.535248953,66146.19683640139,66146.19683640139,66046.19683640139,0.0,100.0,0.0,0.0,66146.19683640139,65372.253524895306,1,0.0,100.0
8441,58717.62581108761,0.0,-587176.2581108761,0.0,10.0,0.0,-0.0,0.1,0.307364756,30.736475600000002,0.0,0.0,100.0,1.0,0.11,-11.0,-694.095989936972,694.095989936972,0.0,-694.095989936972,694.095989936972,0.0,-57429.43383121366,57429.43383121366,0.0,0.0,0.0,0.0,0.0,0.0,0.0,0.0,0.0,-587187.2581108761,-587187.2581108761,58817.62581108761,58817.62581108761,58717.62581108761,0.0,100.0,0.0,0.0,58817.62581108761,58817.62581108761,1,0.0,100.0
8442,46618.609362173534,0.0,-466186.09362173534,0.0,10.0,0.0,-0.0,0.1,0.298893654,29.889365400000003,0.0,0.0,100.0,1.0,0.11,-11.0,-668.6081474128498,668.6081474128498,0.0,-668.6081474128498,668.6081474128498,0.0,-45381.39306734783,45381.39306734783,0.0,0.0,0.0,0.0,0.0,0.0,0.0,0.0,0.0,-466197.09362173534,-466197.09362173534,46718.609362173534,46718.609362173534,46618.609362173534,0.0,100.0,0.0,0.0,46718.609362173534,46718.609362173534,1,0.0,100.0
8443,45120.30569806206,0.0,-451203.0569806206,0.0,10.0,0.0,-0.0,0.1,0.287661868,28.7661868,0.0,0.0,100.0,1.0,0.11,-11.0,-657.3560928640134,657.3560928640134,0.0,-657.3560928640134,657.3560928640134,0.0,-43905.59351233403,43905.59351233403,0.0,0.0,0.0,0.0,0.0,0.0,0.0,0.0,0.0,-451214.0569806206,-451214.0569806206,45220.30569806206,45220.30569806206,45120.30569806206,0.0,100.0,0.0,0.0,45220.30569806206,45220.30569806206,1,0.0,100.0
8444,36062.2488835238,0.0,-360622.488835238,0.0,10.0,0.0,-0.0,0.1,0.291351862,29.135186200000003,0.0,0.0,100.0,1.0,0.11,-11.0,-645.998932187152,645.998932187152,0.0,-645.998932187152,645.998932187152,0.0,-34870.251019149495,34870.251019149495,0.0,0.0,0.0,0.0,0.0,0.0,0.0,0.0,0.0,-360633.488835238,-360633.488835238,36162.2488835238,36162.2488835238,36062.2488835238,0.0,100.0,0.0,0.0,36162.2488835238,36162.2488835238,1,0.0,100.0
8445,33764.07758472896,0.0,-337640.7758472896,0.0,10.0,0.0,-0.0,0.1,0.302517704,30.251770399999998,0.0,0.0,100.0,1.0,0.11,-11.0,-233.8565062761324,233.8565062761324,0.0,-233.8565062761324,233.8565062761324,0.0,-33396.364572176695,33396.364572176695,0.0,0.0,0.0,0.0,0.0,0.0,0.0,0.0,0.0,-337651.7758472896,-337651.7758472896,33864.07758472896,33864.07758472896,33764.07758472896,0.0,100.0,0.0,0.0,33864.07758472896,33864.07758472896,1,0.0,100.0
8446,21488.34469642749,0.0,-214883.44696427492,0.0,10.0,0.0,-0.0,0.1,0.3348020869999999,33.48020869999999,0.0,0.0,100.0,1.0,0.11,-11.0,-233.16597178930343,233.16597178930343,0.0,-233.16597178930343,233.16597178930343,0.0,-21122.012752848885,21122.012752848885,0.0,0.0,0.0,0.0,0.0,0.0,0.0,0.0,0.0,-214894.44696427492,-214894.44696427492,21588.34469642749,21588.34469642749,21488.34469642749,0.0,100.0,0.0,0.0,21588.34469642749,21588.34469642749,1,0.0,100.0
8447,18509.71438132377,0.0,-185097.14381323772,0.0,10.0,0.0,-0.0,0.1,0.334575848,33.4575848,0.0,0.0,100.0,1.0,0.11,-11.0,-236.13999574747425,236.13999574747425,0.0,-236.13999574747425,236.13999574747425,0.0,-18137.43438982882,18137.43438982882,0.0,0.0,0.0,0.0,0.0,0.0,0.0,0.0,0.0,-185108.14381323772,-185108.14381323772,18609.71438132377,18609.71438132377,18509.71438132377,0.0,100.0,0.0,0.0,18609.71438132377,18609.71438132377,1,0.0,100.0
8448,17764.681473473825,0.0,-177646.81473473826,0.0,10.0,0.0,-0.0,0.1,0.326337943,32.633794300000005,0.0,0.0,100.0,1.0,0.08,-8.0,-233.0986726785061,233.0986726785061,0.0,-233.0986726785061,233.0986726785061,0.0,-17398.484128116812,17398.484128116812,0.0,0.0,0.0,0.0,0.0,0.0,0.0,0.0,0.0,-177654.81473473826,-177654.81473473826,17864.681473473825,17864.681473473825,17764.681473473825,0.0,100.0,0.0,0.0,17864.681473473825,17864.681473473825,1,0.0,100.0
8449,17764.352672497294,0.0,-177643.52672497294,0.0,10.0,0.0,-0.0,0.1,0.327298842,32.7298842,0.0,0.0,100.0,1.0,0.08,-8.0,-232.9342721902412,232.9342721902412,0.0,-232.9342721902412,232.9342721902412,0.0,-17398.484128116812,17398.484128116812,0.0,0.0,0.0,0.0,0.0,0.0,0.0,0.0,0.0,-177651.52672497294,-177651.52672497294,17864.352672497294,17864.352672497294,17764.352672497294,0.0,100.0,0.0,0.0,17864.352672497294,17864.352672497294,1,0.0,100.0
8450,17764.145630801646,0.0,-177641.45630801647,0.0,10.0,0.0,-0.0,0.1,0.324910678,32.4910678,0.0,0.0,100.0,1.0,0.08,-8.0,-232.8307452964449,232.8307452964449,0.0,-232.8307452964449,232.8307452964449,0.0,-17398.484140208755,17398.484140208755,0.0,0.0,0.0,0.0,0.0,0.0,0.0,0.0,0.0,-177649.45630801647,-177649.45630801647,17864.145630801646,17864.145630801646,17764.145630801646,0.0,100.0,0.0,0.0,17864.145630801646,17864.145630801646,1,0.0,100.0
8451,17880.735818725316,0.0,-178807.35818725315,0.0,10.0,0.0,-0.0,0.1,0.331392446,33.1392446,0.0,0.0,100.0,1.0,0.08,-8.0,-232.76414251651784,232.76414251651784,0.0,-232.76414251651784,232.76414251651784,0.0,-17515.20753369228,17515.20753369228,0.0,0.0,0.0,0.0,0.0,0.0,0.0,0.0,0.0,-178815.35818725315,-178815.35818725315,17980.735818725316,17980.735818725316,17880.735818725316,0.0,100.0,0.0,0.0,17980.735818725316,17980.735818725316,1,0.0,100.0
8452,18606.00299494627,0.0,-186060.02994946268,0.0,10.0,0.0,-0.0,0.1,0.3442986839999999,34.42986839999999,0.0,0.0,100.0,1.0,0.08,-8.0,-237.5528386142256,237.5528386142256,0.0,-237.5528386142256,237.5528386142256,0.0,-18230.89731771782,18230.89731771782,0.0,0.0,0.0,0.0,0.0,0.0,0.0,0.0,0.0,-186068.02994946268,-186068.02994946268,18706.00299494627,18706.00299494627,18606.00299494627,0.0,100.0,0.0,0.0,18706.00299494627,18706.00299494627,1,0.0,100.0
8453,21612.873506704345,0.0,-216128.73506704345,0.0,10.0,0.0,-0.0,0.1,0.351208559,35.120855899999995,0.0,0.0,100.0,1.0,0.11,-11.0,-236.90356777759192,236.90356777759192,0.0,-236.90356777759192,236.90356777759192,0.0,-21239.06637114916,21239.06637114916,0.0,0.0,0.0,0.0,0.0,0.0,0.0,0.0,0.0,-216139.73506704345,-216139.73506704345,21712.873506704345,21712.873506704345,21612.873506704345,0.0,100.0,0.0,0.0,21712.873506704345,21712.873506704345,1,0.0,100.0
8454,26362.158425115478,0.0,-263621.5842511548,0.0,10.0,0.0,-0.0,0.1,0.34123668,34.123668,0.0,0.0,100.0,1.0,0.11,-11.0,-301.10284254089447,301.10284254089447,0.0,-301.10284254089447,301.10284254089447,0.0,-25859.95274003369,25859.95274003369,0.0,0.0,0.0,0.0,0.0,0.0,0.0,0.0,0.0,-263632.5842511548,-263632.5842511548,26462.158425115478,26462.158425115478,26362.158425115478,0.0,100.0,0.0,0.0,26462.158425115478,26462.158425115478,1,0.0,100.0
8455,30628.280857800837,0.0,-306282.8085780084,0.0,10.0,0.0,-0.0,0.1,0.343642332,34.3642332,0.0,0.0,100.0,1.0,0.11,-11.0,-545.9338212445695,545.9338212445695,0.0,-545.9338212445695,545.9338212445695,0.0,-30789.163186562942,30789.163186562942,0.0,0.0,710.496650390625,710.496650390625,0.0,0.0,442.2533208606175,442.2533208606175,0.0,-306293.8085780084,-306293.8085780084,31881.03082905208,31881.03082905208,31781.03082905208,0.0,100.0,0.0,0.0,31881.03082905208,30728.280857800837,1,0.0,100.0
8456,55136.1275599279,0.0,-551361.275599279,0.0,10.0,0.0,-0.0,0.1,0.346334166,34.6334166,0.0,0.0,100.0,1.0,0.11,-11.0,-713.4585250320508,713.4585250320508,0.0,-713.4585250320508,713.4585250320508,0.0,-63392.16145449846,63392.16145449846,0.0,0.0,5796.156884765624,5796.156884765624,0.0,0.0,3786.794059869037,3786.794059869037,0.0,-551372.275599279,-551372.275599279,64819.07850456257,64819.07850456257,64719.07850456257,0.0,100.0,0.0,0.0,64819.07850456257,55236.1275599279,1,0.0,100.0
8457,44034.92366345742,0.0,-440349.2366345742,0.0,10.0,0.0,-0.0,0.1,0.34939453,34.939453,0.0,0.0,100.0,1.0,0.11,-11.0,-695.4538183971175,695.4538183971175,0.0,-695.4538183971175,695.4538183971175,0.0,-61165.29902728621,61165.29902728621,0.0,0.0,10433.082392578124,10433.082392578124,0.0,0.0,7988.200608044903,7988.200608044903,0.0,-440360.2366345742,-440360.2366345742,62556.20666408045,62556.20666408044,62456.20666408045,0.0,100.0,0.0,0.0,62556.20666408044,44134.92366345741,1,0.0,100.0
8458,41181.45529740723,0.0,-411814.5529740723,0.0,10.0,0.0,-0.0,0.1,0.345783361,34.5783361,0.0,0.0,100.0,1.0,0.11,-11.0,-713.9968864534121,713.9968864534121,0.0,-713.9968864534121,713.9968864534121,0.0,-58248.913760636686,58248.913760636686,0.0,0.0,6731.020898437499,6731.020898437499,0.0,0.0,11664.431337698785,11664.431337698785,0.0,-411825.5529740723,-411825.5529740723,59676.90753354351,59676.90753354351,59576.90753354351,0.0,100.0,0.0,0.0,59676.90753354351,41281.45529740723,1,0.0,100.0
8459,34823.1281793367,0.0,-348231.281793367,0.0,10.0,0.0,-0.0,0.1,0.3505287929999999,35.05287929999999,0.0,0.0,100.0,1.0,0.11,-11.0,-724.820642285939,724.820642285939,0.0,-724.820642285939,724.820642285939,0.0,-58336.6726124058,58336.6726124058,0.0,0.0,11180.973603515624,11180.973603515624,0.0,0.0,13682.212114125352,13682.212114125352,0.0,-348242.281793367,-348242.281793367,59786.31389697768,59786.31389697768,59686.31389697768,0.0,100.0,0.0,0.0,59786.31389697768,34923.1281793367,1,0.0,100.0
8460,29710.327713018683,0.0,-297103.27713018685,0.0,10.0,0.0,-0.0,0.1,0.33573408,33.573408,0.0,0.0,100.0,1.0,0.11,-11.0,-721.9931544270562,721.9931544270562,0.0,-721.9931544270562,721.9931544270562,0.0,-55385.38558324001,55385.38558324001,0.0,0.0,13723.803720703125,13723.803720703125,0.0,0.0,13295.240458372313,13295.240458372313,0.0,-297114.27713018685,-297114.27713018685,56829.37189209412,56829.37189209412,56729.37189209412,0.0,100.0,0.0,0.0,56829.37189209412,29810.32771301868,1,0.0,100.0
8461,38060.63809251254,0.0,-380606.38092512544,0.0,10.0,0.0,-0.0,0.1,0.328814435,32.8814435,0.0,0.0,100.0,1.0,0.11,-11.0,-706.724892544581,706.724892544581,0.0,-706.724892544581,706.724892544581,0.0,-58405.75265857114,58405.75265857114,0.0,0.0,9386.034697265624,9386.034697265624,0.0,0.0,12272.529653882137,12272.529653882137,0.0,-380617.38092512544,-380617.38092512544,59819.2024436603,59819.2024436603,59719.2024436603,0.0,100.0,0.0,0.0,59819.2024436603,38160.63809251254,1,0.0,100.0
8462,42838.105313112625,0.0,-428381.0531311262,0.0,10.0,0.0,-0.0,0.1,0.344508237,34.4508237,0.0,0.0,100.0,1.0,0.08,-8.0,-700.3227281122571,700.3227281122571,0.0,-700.3227281122571,700.3227281122571,0.0,-58326.4398631732,58326.4398631732,0.0,0.0,7778.06859375,7778.06859375,0.0,0.0,9010.91141253508,9010.91141253508,0.0,-428389.0531311262,-428389.0531311262,59727.08531939771,59727.08531939771,59627.08531939771,0.0,100.0,0.0,0.0,59727.08531939771,42938.105313112625,1,0.0,100.0
8463,52048.16764375513,0.0,-520481.6764375513,0.0,10.0,0.0,-0.0,0.1,0.354248571,35.424857100000004,0.0,0.0,100.0,1.0,0.08,-8.0,-688.9124174984196,688.9124174984196,0.0,-688.9124174984196,688.9124174984196,0.0,-58215.354015959456,58215.354015959456,0.0,0.0,2580.224677734375,2580.224677734375,0.0,0.0,4864.786529466792,4864.786529466792,0.0,-520489.6764375513,-520489.6764375513,59593.1788509563,59593.1788509563,59493.1788509563,0.0,100.0,0.0,0.0,59593.1788509563,52148.16764375513,1,0.0,100.0
8464,64605.313818412054,0.0,-646053.1381841205,0.0,10.0,0.0,-0.0,0.1,0.331015023,33.1015023,0.0,0.0,100.0,1.0,0.08,-8.0,-684.4986224767189,684.4986224767189,0.0,-684.4986224767189,684.4986224767189,0.0,-64248.46404773364,64248.46404773364,0.0,0.0,0.0,0.0,0.0,0.0,912.1474742750236,912.1474742750236,0.0,-646061.1381841205,-646061.1381841205,65617.46129268708,65617.46129268708,65517.461292687076,0.0,100.0,0.0,0.0,65617.46129268708,64705.313818412054,1,0.0,100.0
8465,58381.832234924965,0.0,-583818.3223492496,0.0,10.0,0.0,-0.0,0.1,0.310882615,31.088261499999998,0.0,0.0,100.0,1.0,0.11,-11.0,-527.4357205471373,527.4357205471373,0.0,-527.4357205471373,527.4357205471373,0.0,-57426.96079383069,57426.96079383069,0.0,0.0,0.0,0.0,0.0,0.0,0.0,0.0,0.0,-583829.3223492496,-583829.3223492496,58481.832234924965,58481.832234924965,58381.832234924965,0.0,100.0,0.0,0.0,58481.832234924965,58481.832234924965,1,0.0,100.0
8466,46355.35642863484,0.0,-463553.5642863484,0.0,10.0,0.0,-0.0,0.1,0.297193545,29.7193545,0.0,0.0,100.0,1.0,0.11,-11.0,-539.6267953919053,539.6267953919053,0.0,-539.6267953919053,539.6267953919053,0.0,-45376.10283785103,45376.10283785103,0.0,0.0,0.0,0.0,0.0,0.0,0.0,0.0,0.0,-463564.5642863484,-463564.5642863484,46455.35642863484,46455.35642863484,46355.35642863484,0.0,100.0,0.0,0.0,46455.35642863484,46455.35642863484,1,0.0,100.0
8467,44881.51383415735,0.0,-448815.1383415735,0.0,10.0,0.0,-0.0,0.1,0.295917372,29.5917372,0.0,0.0,100.0,1.0,0.11,-11.0,-539.889003588693,539.889003588693,0.0,-539.889003588693,539.889003588693,0.0,-43901.73582697996,43901.73582697996,0.0,0.0,0.0,0.0,0.0,0.0,0.0,0.0,0.0,-448826.1383415735,-448826.1383415735,44981.51383415735,44981.51383415735,44881.51383415735,0.0,100.0,0.0,0.0,44981.51383415735,44981.51383415735,1,0.0,100.0
8468,35849.091291338125,0.0,-358490.91291338124,0.0,10.0,0.0,-0.0,0.1,0.302868021,30.2868021,0.0,0.0,100.0,1.0,0.11,-11.0,-540.1610303771162,540.1610303771162,0.0,-540.1610303771162,540.1610303771162,0.0,-34868.769230583894,34868.769230583894,0.0,0.0,0.0,0.0,0.0,0.0,0.0,0.0,0.0,-358501.91291338124,-358501.91291338124,35949.091291338125,35949.091291338125,35849.091291338125,0.0,100.0,0.0,0.0,35949.091291338125,35949.091291338125,1,0.0,100.0
8469,33757.12143484286,0.0,-337571.21434842865,0.0,10.0,0.0,-0.0,0.1,0.309538092,30.9538092,0.0,0.0,100.0,1.0,0.11,-11.0,-231.92145952534503,231.92145952534503,0.0,-231.92145952534503,231.92145952534503,0.0,-33393.278515792175,33393.278515792175,0.0,0.0,0.0,0.0,0.0,0.0,0.0,0.0,0.0,-337582.21434842865,-337582.21434842865,33857.12143484286,33857.12143484286,33757.12143484286,0.0,100.0,0.0,0.0,33857.12143484286,33857.12143484286,1,0.0,100.0
8470,21486.17241842387,0.0,-214861.7241842387,0.0,10.0,0.0,-0.0,0.1,0.329780262,32.9780262,0.0,0.0,100.0,1.0,0.11,-11.0,-232.0797723277972,232.0797723277972,0.0,-232.0797723277972,232.0797723277972,0.0,-21122.012873768275,21122.012873768275,0.0,0.0,0.0,0.0,0.0,0.0,0.0,0.0,0.0,-214872.7241842387,-214872.7241842387,21586.17241842387,21586.17241842387,21486.17241842387,0.0,100.0,0.0,0.0,21586.17241842387,21586.17241842387,1,0.0,100.0
8471,18507.939396462847,0.0,-185079.39396462846,0.0,10.0,0.0,-0.0,0.1,0.331302173,33.1302173,0.0,0.0,100.0,1.0,0.11,-11.0,-235.25243983433228,235.25243983433228,0.0,-235.25243983433228,235.25243983433228,0.0,-18137.434516794183,18137.434516794183,0.0,0.0,0.0,0.0,0.0,0.0,0.0,0.0,0.0,-185090.39396462846,-185090.39396462846,18607.939396462847,18607.939396462847,18507.939396462847,0.0,100.0,0.0,0.0,18607.939396462847,18607.939396462847,1,0.0,100.0
8472,17762.855650622285,0.0,-177628.55650622284,0.0,10.0,0.0,-0.0,0.1,0.322269464,32.2269464,0.0,0.0,100.0,1.0,0.08,-8.0,-232.18569474707,232.18569474707,0.0,-232.18569474707,232.18569474707,0.0,-17398.484261128146,17398.484261128146,0.0,0.0,0.0,0.0,0.0,0.0,0.0,0.0,0.0,-177636.55650622284,-177636.55650622284,17862.855650622285,17862.855650622285,17762.855650622285,0.0,100.0,0.0,0.0,17862.855650622285,17862.855650622285,1,0.0,100.0
8473,17762.812642358404,0.0,-177628.12642358404,0.0,10.0,0.0,-0.0,0.1,0.320699711,32.0699711,0.0,0.0,100.0,1.0,0.08,-8.0,-232.16419363811264,232.16419363811264,0.0,-232.16419363811264,232.16419363811264,0.0,-17398.484255082178,17398.484255082178,0.0,0.0,0.0,0.0,0.0,0.0,0.0,0.0,0.0,-177636.12642358404,-177636.12642358404,17862.812642358404,17862.812642358404,17762.812642358404,0.0,100.0,0.0,0.0,17862.812642358404,17862.812642358404,1,0.0,100.0
8474,17762.742937156912,0.0,-177627.42937156913,0.0,10.0,0.0,-0.0,0.1,0.321611845,32.1611845,0.0,0.0,100.0,1.0,0.08,-8.0,-232.1293380143828,232.1293380143828,0.0,-232.1293380143828,232.1293380143828,0.0,-17398.484261128146,17398.484261128146,0.0,0.0,0.0,0.0,0.0,0.0,0.0,0.0,0.0,-177635.42937156913,-177635.42937156913,17862.742937156912,17862.742937156912,17762.742937156912,0.0,100.0,0.0,0.0,17862.742937156912,17862.742937156912,1,0.0,100.0
8475,17762.667805620415,0.0,-177626.67805620414,0.0,10.0,0.0,-0.0,0.1,0.322285421,32.2285421,0.0,0.0,100.0,1.0,0.08,-8.0,-232.09176317718152,232.09176317718152,0.0,-232.09176317718152,232.09176317718152,0.0,-17398.484279266053,17398.484279266053,0.0,0.0,0.0,0.0,0.0,0.0,0.0,0.0,0.0,-177634.67805620414,-177634.67805620414,17862.667805620415,17862.667805620415,17762.667805620415,0.0,100.0,0.0,0.0,17862.667805620415,17862.667805620415,1,0.0,100.0
8476,18573.320834536633,0.0,-185733.20834536632,0.0,10.0,0.0,-0.0,0.1,0.324144543,32.4144543,0.0,0.0,100.0,1.0,0.08,-8.0,-232.956982526584,232.956982526584,0.0,-232.956982526584,232.956982526584,0.0,-18207.406869483464,18207.406869483464,0.0,0.0,0.0,0.0,0.0,0.0,0.0,0.0,0.0,-185741.20834536632,-185741.20834536632,18673.320834536633,18673.320834536633,18573.320834536633,0.0,100.0,0.0,0.0,18673.320834536633,18673.320834536633,1,0.0,100.0
8477,21604.59026678033,0.0,-216045.9026678033,0.0,10.0,0.0,-0.0,0.1,0.324730088,32.473008799999995,0.0,0.0,100.0,1.0,0.11,-11.0,-232.88122572798207,232.88122572798207,0.0,-232.88122572798207,232.88122572798207,0.0,-21238.827815324366,21238.827815324366,0.0,0.0,0.0,0.0,0.0,0.0,0.0,0.0,0.0,-216056.9026678033,-216056.9026678033,21704.59026678033,21704.59026678033,21604.59026678033,0.0,100.0,0.0,0.0,21704.59026678033,21704.59026678033,1,0.0,100.0
8478,26293.279673758763,0.0,-262932.79673758766,0.0,10.0,0.0,-0.0,0.1,0.332397289,33.239728899999996,0.0,0.0,100.0,1.0,0.11,-11.0,-271.9332549359163,271.9332549359163,0.0,-271.9332549359163,271.9332549359163,0.0,-25849.41316388693,25849.41316388693,0.0,0.0,0.0,0.0,0.0,0.0,0.0,0.0,0.0,-262943.79673758766,-262943.79673758766,26393.279673758763,26393.279673758763,26293.279673758763,0.0,100.0,0.0,0.0,26393.279673758763,26393.279673758763,1,0.0,100.0
8479,30466.39078223096,0.0,-304663.9078223096,0.0,10.0,0.0,-0.0,0.1,0.332325923,33.2325923,0.0,0.0,100.0,1.0,0.11,-11.0,-512.5460874246752,512.5460874246752,0.0,-512.5460874246752,512.5460874246752,0.0,-30778.59142771969,30778.59142771969,0.0,0.0,822.6803320312499,822.6803320312499,0.0,0.0,414.6124883068289,414.6124883068289,0.0,-304674.9078223096,-304674.9078223096,31803.68360256904,31803.68360256904,31703.68360256904,0.0,100.0,0.0,0.0,31803.68360256904,30566.39078223096,1,0.0,100.0
8480,57129.127980917234,0.0,-571291.2798091724,0.0,10.0,0.0,-0.0,0.1,0.327529328,32.7529328,0.0,0.0,100.0,1.0,0.11,-11.0,-695.797615968999,695.797615968999,0.0,-695.797615968999,695.797615968999,0.0,-63386.46778349236,63386.46778349236,0.0,0.0,5310.02759765625,5310.02759765625,0.0,0.0,2238.907436856876,2238.907436856876,0.0,-571302.2798091724,-571302.2798091724,64778.06301543036,64778.06301543036,64678.06301543036,0.0,100.0,0.0,0.0,64778.06301543036,57229.127980917234,1,0.0,100.0
8481,47074.211623605755,0.0,-470742.11623605754,0.0,10.0,0.0,-0.0,0.1,0.320894597,32.0894597,0.0,0.0,100.0,1.0,0.11,-11.0,-695.8922767155535,695.8922767155535,0.0,-695.8922767155535,695.8922767155535,0.0,-61159.94616758973,61159.94616758973,0.0,0.0,10844.42255859375,10844.42255859375,0.0,0.0,4533.096538821329,4533.096538821329,0.0,-470753.11623605754,-470753.11623605754,62551.73072102084,62551.73072102084,62451.73072102084,0.0,100.0,0.0,0.0,62551.73072102084,47174.21162360576,1,0.0,100.0
8482,40724.10784372422,0.0,-407241.0784372422,0.0,10.0,0.0,-0.0,0.1,0.321188785,32.1188785,0.0,0.0,100.0,1.0,0.11,-11.0,-712.659879298856,712.659879298856,0.0,-712.659879298856,712.659879298856,0.0,-58252.41258141575,58252.41258141575,0.0,0.0,13574.225478515624,13574.225478515624,0.0,0.0,5279.399017773621,5279.399017773621,0.0,-407252.0784372422,-407252.0784372422,59677.73234001346,59677.73234001346,59577.73234001346,0.0,100.0,0.0,0.0,59677.73234001346,40824.10784372422,1,0.0,100.0
8483,43365.214551381716,0.0,-433652.14551381714,0.0,10.0,0.0,-0.0,0.1,0.332240851,33.2240851,0.0,0.0,100.0,1.0,0.11,-11.0,-715.2155981146686,715.2155981146686,0.0,-715.2155981146686,715.2155981146686,0.0,-58300.01817769937,58300.01817769937,0.0,0.0,11704.497451171874,11704.497451171874,0.0,0.0,4560.737371375118,4560.737371375118,0.0,-433663.14551381714,-433663.14551381714,59730.449373928706,59730.449373928706,59630.449373928706,0.0,100.0,0.0,0.0,59730.449373928706,43465.214551381716,1,0.0,100.0
8484,39319.491285508586,0.0,-393194.91285508586,0.0,10.0,0.0,-0.0,0.1,0.330970146,33.0970146,0.0,0.0,100.0,1.0,0.11,-11.0,-711.5108722740583,711.5108722740583,0.0,-711.5108722740583,711.5108722740583,0.0,-55214.61357894135,55214.61357894135,0.0,0.0,9423.4292578125,9423.4292578125,0.0,0.0,7794.714780168383,7794.714780168383,0.0,-393205.91285508586,-393205.91285508586,56637.63532348947,56637.63532348947,56537.63532348947,0.0,100.0,0.0,0.0,56637.63532348947,39419.491285508586,1,0.0,100.0
8485,43042.53868458509,0.0,-430425.38684585085,0.0,10.0,0.0,-0.0,0.1,0.331917009,33.1917009,0.0,0.0,100.0,1.0,0.11,-11.0,-694.4883089083428,694.4883089083428,0.0,-694.4883089083428,694.4883089083428,0.0,-58194.55370983253,58194.55370983253,0.0,0.0,8563.354365234374,8563.354365234374,0.0,0.0,7877.637277829748,7877.637277829748,0.0,-430436.38684585085,-430436.38684585085,59583.53032764921,59583.53032764921,59483.53032764921,0.0,100.0,0.0,0.0,59583.53032764921,43142.53868458509,1,0.0,100.0
8486,51621.62819413069,0.0,-516216.2819413069,0.0,10.0,0.0,-0.0,0.1,0.330531211,33.0531211,0.0,0.0,100.0,1.0,0.08,-8.0,-694.0821013955863,694.0821013955863,0.0,-694.0821013955863,694.0821013955863,0.0,-58194.67641883272,58194.67641883272,0.0,0.0,3328.115888671875,3328.115888671875,0.0,0.0,4533.096538821329,4533.096538821329,0.0,-516224.2819413069,-516224.2819413069,59582.840621623895,59582.840621623895,59482.840621623895,0.0,100.0,0.0,0.0,59582.840621623895,51721.62819413069,1,0.0,100.0
8487,55086.203130054404,0.0,-550862.031300544,0.0,10.0,0.0,-0.0,0.1,0.3401777279999999,34.01777279999999,0.0,0.0,100.0,1.0,0.08,-8.0,-685.8857180053519,685.8857180053519,0.0,-685.8857180053519,685.8857180053519,0.0,-58194.6144295058,58194.6144295058,0.0,0.0,1533.176982421875,1533.176982421875,0.0,0.0,2847.005753040225,2847.005753040225,0.0,-550870.031300544,-550870.031300544,59566.3858655165,59566.3858655165,59466.3858655165,0.0,100.0,0.0,0.0,59566.3858655165,55186.203130054404,1,0.0,100.0
8488,64997.33462383064,0.0,-649973.3462383064,0.0,10.0,0.0,-0.0,0.1,0.330073682,33.007368199999995,0.0,0.0,100.0,1.0,0.08,-8.0,-685.9608599808672,685.9608599808672,0.0,-685.9608599808672,685.9608599808672,0.0,-64250.58872239089,64250.58872239089,0.0,0.0,0.0,0.0,0.0,0.0,525.1758185219833,525.1758185219833,0.0,-649981.3462383064,-649981.3462383064,65622.51044235262,65622.51044235262,65522.51044235262,0.0,100.0,0.0,0.0,65622.51044235262,65097.33462383064,1,0.0,100.0
8489,58389.505784855835,0.0,-583895.0578485583,0.0,10.0,0.0,-0.0,0.1,0.299506911,29.9506911,0.0,0.0,100.0,1.0,0.11,-11.0,-529.8848336255999,529.8848336255999,0.0,-529.8848336255999,529.8848336255999,0.0,-57429.73611760463,57429.73611760463,0.0,0.0,0.0,0.0,0.0,0.0,0.0,0.0,0.0,-583906.0578485583,-583906.0578485583,58489.505784855835,58489.505784855835,58389.505784855835,0.0,100.0,0.0,0.0,58489.505784855835,58489.505784855835,1,0.0,100.0
8490,46366.5003218752,0.0,-463665.00321875204,0.0,10.0,0.0,-0.0,0.1,0.282855163,28.2855163,0.0,0.0,100.0,1.0,0.11,-11.0,-541.8840149631628,541.8840149631628,0.0,-541.8840149631628,541.8840149631628,0.0,-45382.73229194888,45382.73229194888,0.0,0.0,0.0,0.0,0.0,0.0,0.0,0.0,0.0,-463676.00321875204,-463676.00321875204,46466.5003218752,46466.5003218752,46366.5003218752,0.0,100.0,0.0,0.0,46466.5003218752,46466.5003218752,1,0.0,100.0
8491,44896.4072756286,0.0,-448964.07275628595,0.0,10.0,0.0,-0.0,0.1,0.260920537,26.0920537,0.0,0.0,100.0,1.0,0.11,-11.0,-542.8204067585978,542.8204067585978,0.0,-542.8204067585978,542.8204067585978,0.0,-43910.7664621114,43910.7664621114,0.0,0.0,0.0,0.0,0.0,0.0,0.0,0.0,0.0,-448975.07275628595,-448975.07275628595,44996.4072756286,44996.4072756286,44896.4072756286,0.0,100.0,0.0,0.0,44996.4072756286,44996.4072756286,1,0.0,100.0
8492,35864.68494104788,0.0,-358646.84941047884,0.0,10.0,0.0,-0.0,0.1,0.253711538,25.371153800000002,0.0,0.0,100.0,1.0,0.11,-11.0,-542.7864592688186,542.7864592688186,0.0,-542.7864592688186,542.7864592688186,0.0,-34879.11202251024,34879.11202251024,0.0,0.0,0.0,0.0,0.0,0.0,0.0,0.0,0.0,-358657.84941047884,-358657.84941047884,35964.68494104788,35964.68494104788,35864.68494104788,0.0,100.0,0.0,0.0,35964.68494104788,35964.68494104788,1,0.0,100.0
8493,33770.819691053846,0.0,-337708.1969105385,0.0,10.0,0.0,-0.0,0.1,0.270706781,27.070678100000002,0.0,0.0,100.0,1.0,0.11,-11.0,-232.3047435178996,232.3047435178996,0.0,-232.3047435178996,232.3047435178996,0.0,-33406.21020401805,33406.21020401805,0.0,0.0,0.0,0.0,0.0,0.0,0.0,0.0,0.0,-337719.1969105385,-337719.1969105385,33870.819691053846,33870.819691053846,33770.819691053846,0.0,100.0,0.0,0.0,33870.819691053846,33870.819691053846,1,0.0,100.0
8494,21485.75453625637,0.0,-214857.5453625637,0.0,10.0,0.0,-0.0,0.1,0.298673129,29.867312899999998,0.0,0.0,100.0,1.0,0.11,-11.0,-231.870764738379,231.870764738379,0.0,-231.870764738379,231.870764738379,0.0,-21122.01300677961,21122.01300677961,0.0,0.0,0.0,0.0,0.0,0.0,0.0,0.0,0.0,-214868.5453625637,-214868.5453625637,21585.75453625637,21585.75453625637,21485.75453625637,0.0,100.0,0.0,0.0,21585.75453625637,21585.75453625637,1,0.0,100.0
8495,18507.667587164644,0.0,-185076.67587164644,0.0,10.0,0.0,-0.0,0.1,0.322692151,32.2692151,0.0,0.0,100.0,1.0,0.11,-11.0,-235.11647472553256,235.11647472553256,0.0,-235.11647472553256,235.11647472553256,0.0,-18137.434637713577,18137.434637713577,0.0,0.0,0.0,0.0,0.0,0.0,0.0,0.0,0.0,-185087.67587164644,-185087.67587164644,18607.667587164644,18607.667587164644,18507.667587164644,0.0,100.0,0.0,0.0,18607.667587164644,18607.667587164644,1,0.0,100.0
8496,17762.4370822918,0.0,-177624.370822918,0.0,10.0,0.0,-0.0,0.1,0.319919415,31.9919415,0.0,0.0,100.0,1.0,0.08,-8.0,-231.9763501221296,231.9763501221296,0.0,-231.9763501221296,231.9763501221296,0.0,-17398.48438204754,17398.48438204754,0.0,0.0,0.0,0.0,0.0,0.0,0.0,0.0,0.0,-177632.370822918,-177632.370822918,17862.4370822918,17862.4370822918,17762.4370822918,0.0,100.0,0.0,0.0,17862.4370822918,17862.4370822918,1,0.0,100.0
8497,17762.435460859968,0.0,-177624.35460859968,0.0,10.0,0.0,-0.0,0.1,0.32151493,32.151492999999995,0.0,0.0,100.0,1.0,0.08,-8.0,-231.97553638323024,231.97553638323024,0.0,-231.97553638323024,231.97553638323024,0.0,-17398.484388093508,17398.484388093508,0.0,0.0,0.0,0.0,0.0,0.0,0.0,0.0,0.0,-177632.35460859968,-177632.35460859968,17862.435460859968,17862.435460859968,17762.435460859968,0.0,100.0,0.0,0.0,17862.435460859968,17862.435460859968,1,0.0,100.0
8498,17879.116829912487,0.0,-178791.16829912487,0.0,10.0,0.0,-0.0,0.1,0.3186150789999999,31.861507899999992,0.0,0.0,100.0,1.0,0.08,-8.0,-231.9508754250369,231.9508754250369,0.0,-231.9508754250369,231.9508754250369,0.0,-17515.215079062415,17515.215079062415,0.0,0.0,0.0,0.0,0.0,0.0,0.0,0.0,0.0,-178799.16829912487,-178799.16829912487,17979.116829912487,17979.116829912487,17879.116829912487,0.0,100.0,0.0,0.0,17979.116829912487,17979.116829912487,1,0.0,100.0
8499,17855.87849411133,0.0,-178558.7849411133,0.0,10.0,0.0,-0.0,0.1,0.317034407,31.7034407,0.0,0.0,100.0,1.0,0.08,-8.0,-231.93152607135715,231.93152607135715,0.0,-231.93152607135715,231.93152607135715,0.0,-17492.015441968615,17492.015441968615,0.0,0.0,0.0,0.0,0.0,0.0,0.0,0.0,0.0,-178566.7849411133,-178566.7849411133,17955.87849411133,17955.87849411133,17855.87849411133,0.0,100.0,0.0,0.0,17955.87849411133,17955.87849411133,1,0.0,100.0
8500,18620.245885848297,0.0,-186202.45885848298,0.0,10.0,0.0,-0.0,0.1,0.328367606,32.8367606,0.0,0.0,100.0,1.0,0.08,-8.0,-232.795540754128,232.795540754128,0.0,-232.795540754128,232.795540754128,0.0,-18254.65480434004,18254.65480434004,0.0,0.0,0.0,0.0,0.0,0.0,0.0,0.0,0.0,-186210.45885848298,-186210.45885848298,18720.245885848297,18720.245885848297,18620.245885848297,0.0,100.0,0.0,0.0,18720.245885848297,18720.245885848297,1,0.0,100.0
8501,21581.457253940618,0.0,-215814.5725394062,0.0,10.0,0.0,-0.0,0.1,0.331497392,33.1497392,0.0,0.0,100.0,1.0,0.11,-11.0,-232.70940112751373,232.70940112751373,0.0,-232.70940112751373,232.70940112751373,0.0,-21216.038451685592,21216.038451685592,0.0,0.0,0.0,0.0,0.0,0.0,0.0,0.0,0.0,-215825.5725394062,-215825.5725394062,21681.457253940618,21681.457253940618,21581.457253940618,0.0,100.0,0.0,0.0,21681.457253940618,21681.457253940618,1,0.0,100.0
8502,26311.38588647467,0.0,-263113.8588647467,0.0,10.0,0.0,-0.0,0.1,0.331573528,33.1573528,0.0,0.0,100.0,1.0,0.11,-11.0,-272.35594819290503,272.35594819290503,0.0,-272.35594819290503,272.35594819290503,0.0,-25866.67399008886,25866.67399008886,0.0,0.0,0.0,0.0,0.0,0.0,0.0,0.0,0.0,-263124.8588647467,-263124.8588647467,26411.38588647467,26411.38588647467,26311.38588647467,0.0,100.0,0.0,0.0,26411.38588647467,26411.38588647467,1,0.0,100.0
8503,30789.94246593251,0.0,-307899.4246593251,0.0,10.0,0.0,-0.0,0.1,0.331072158,33.1072158,0.0,0.0,100.0,1.0,0.11,-11.0,-512.6410326953204,512.6410326953204,0.0,-512.6410326953204,512.6410326953204,0.0,-30832.057920484207,30832.057920484207,0.0,0.0,635.707529296875,635.707529296875,0.0,0.0,331.6899906454631,331.6899906454631,0.0,-307910.4246593251,-307910.4246593251,31857.339985874845,31857.33998587485,31757.339985874845,0.0,100.0,0.0,0.0,31857.33998587485,30889.942465932512,1,0.0,100.0
8504,56568.823519149104,0.0,-565688.2351914911,0.0,10.0,0.0,-0.0,0.1,0.330515664,33.0515664,0.0,0.0,100.0,1.0,0.11,-11.0,-695.7466978724636,695.7466978724636,0.0,-695.7466978724636,695.7466978724636,0.0,-63431.12277124971,63431.12277124971,0.0,0.0,5085.660234375,5085.660234375,0.0,0.0,3068.1324134705337,3068.1324134705337,0.0,-565699.2351914911,-565699.2351914911,64822.61616699464,64822.61616699464,64722.61616699464,0.0,100.0,0.0,0.0,64822.61616699464,56668.823519149104,1,0.0,100.0
8505,46002.22619357324,0.0,-460022.2619357324,0.0,10.0,0.0,-0.0,0.1,0.330747051,33.0747051,0.0,0.0,100.0,1.0,0.11,-11.0,-695.8034717258362,695.8034717258362,0.0,-695.8034717258362,695.8034717258362,0.0,-61188.94221485204,61188.94221485204,0.0,0.0,9872.163984375,9872.163984375,0.0,0.0,6606.158980355473,6606.158980355473,0.0,-460033.2619357324,-460033.2619357324,62580.54915830371,62580.549158303715,62480.54915830371,0.0,100.0,0.0,0.0,62580.549158303715,46102.22619357324,1,0.0,100.0
8506,39562.267391322835,0.0,-395622.6739132283,0.0,10.0,0.0,-0.0,0.1,0.330628467,33.0628467,0.0,0.0,100.0,1.0,0.11,-11.0,-712.577184882404,712.577184882404,0.0,-712.577184882404,712.577184882404,0.0,-58220.92904690297,58220.92904690297,0.0,0.0,10171.32046875,10171.32046875,0.0,0.0,9812.49555659495,9812.49555659495,0.0,-395633.6739132283,-395633.6739132283,59646.08341666778,59646.08341666778,59546.08341666778,0.0,100.0,0.0,0.0,59646.08341666778,39662.267391322835,1,0.0,100.0
8507,34600.45719941087,0.0,-346004.57199410873,0.0,10.0,0.0,-0.0,0.1,0.332481286,33.2481286,0.0,0.0,100.0,1.0,0.11,-11.0,-715.7156709617786,715.7156709617786,0.0,-715.7156709617786,715.7156709617786,0.0,-58210.05168243141,58210.05168243141,0.0,0.0,15294.375263671876,15294.375263671876,0.0,0.0,9646.650561272218,9646.650561272218,0.0,-346015.57199410873,-346015.57199410873,59641.483024354966,59641.483024354966,59541.483024354966,0.0,100.0,0.0,0.0,59641.483024354966,34700.45719941087,1,0.0,100.0
8508,28497.075013852715,0.0,-284970.75013852713,0.0,10.0,0.0,-0.0,0.1,0.339984651,33.998465100000004,0.0,0.0,100.0,1.0,0.11,-11.0,-712.6288958806333,712.6288958806333,0.0,-712.6288958806333,712.6288958806333,0.0,-55195.55862333531,55195.55862333531,0.0,0.0,16304.0283984375,16304.0283984375,0.0,0.0,11719.713002806362,11719.713002806362,0.0,-284981.75013852713,-284981.75013852713,56620.816415096575,56620.816415096575,56520.816415096575,0.0,100.0,0.0,0.0,56620.816415096575,28597.075013852715,1,0.0,100.0
8509,35319.28212775945,0.0,-353192.8212775945,0.0,10.0,0.0,-0.0,0.1,0.331528673,33.1528673,0.0,0.0,100.0,1.0,0.11,-11.0,-695.0322800568863,695.0322800568863,0.0,-695.0322800568863,695.0322800568863,0.0,-58201.25599368088,58201.25599368088,0.0,0.0,13723.803720703125,13723.803720703125,0.0,0.0,10448.234705332088,10448.234705332088,0.0,-353203.8212775945,-353203.8212775945,59591.32055379466,59591.320553794656,59491.32055379466,0.0,100.0,0.0,0.0,59591.320553794656,35419.28212775944,1,0.0,100.0
8510,42577.753819956764,0.0,-425777.53819956764,0.0,10.0,0.0,-0.0,0.1,0.322287005,32.2287005,0.0,0.0,100.0,1.0,0.08,-8.0,-694.0352017834142,694.0352017834142,0.0,-694.0352017834142,694.0352017834142,0.0,-58200.5375934282,58200.5375934282,0.0,0.0,9199.061894531247,9199.061894531247,0.0,0.0,7711.792282507017,7711.792282507017,0.0,-425785.53819956764,-425785.53819956764,59588.60799699503,59588.60799699503,59488.60799699503,0.0,100.0,0.0,0.0,59588.60799699503,42677.753819956764,1,0.0,100.0
8511,52034.16081128627,0.0,-520341.6081128627,0.0,10.0,0.0,-0.0,0.1,0.320994746,32.0994746,0.0,0.0,100.0,1.0,0.08,-8.0,-685.4601662017709,685.4601662017709,0.0,-685.4601662017709,685.4601662017709,0.0,-58200.05507063575,58200.05507063575,0.0,0.0,3926.428857421875,3926.428857421875,0.0,0.0,3510.385734331151,3510.385734331151,0.0,-520349.6081128627,-520349.6081128627,59570.975403039294,59570.975403039294,59470.975403039294,0.0,100.0,0.0,0.0,59570.975403039294,52134.16081128627,1,0.0,100.0
8512,64725.194898332666,0.0,-647251.9489833267,0.0,10.0,0.0,-0.0,0.1,0.324820415,32.482041499999994,0.0,0.0,100.0,1.0,0.08,-8.0,-685.1604765586305,685.1604765586305,0.0,-685.1604765586305,685.1604765586305,0.0,-64256.45808927527,64256.45808927527,0.0,0.0,0.0,0.0,0.0,0.0,801.5841440598691,801.5841440598691,0.0,-647259.9489833267,-647259.9489833267,65626.77904239253,65626.77904239253,65526.77904239253,0.0,100.0,0.0,0.0,65626.77904239253,64825.194898332666,1,0.0,100.0
8513,58392.34177132052,0.0,-583923.4177132052,0.0,10.0,0.0,-0.0,0.1,0.317936327,31.793632700000003,0.0,0.0,100.0,1.0,0.11,-11.0,-528.4829382416555,528.4829382416555,0.0,-528.4829382416555,528.4829382416555,0.0,-57435.37589483721,57435.37589483721,0.0,0.0,0.0,0.0,0.0,0.0,0.0,0.0,0.0,-583934.4177132052,-583934.4177132052,58492.34177132052,58492.34177132052,58392.34177132052,0.0,100.0,0.0,0.0,58492.34177132052,58492.34177132052,1,0.0,100.0
8514,46369.69026038307,0.0,-463696.9026038307,0.0,10.0,0.0,-0.0,0.1,0.28440316,28.440316,0.0,0.0,100.0,1.0,0.11,-11.0,-541.1138492546105,541.1138492546105,0.0,-541.1138492546105,541.1138492546105,0.0,-45387.46256187385,45387.46256187385,0.0,0.0,0.0,0.0,0.0,0.0,0.0,0.0,0.0,-463707.9026038307,-463707.9026038307,46469.69026038307,46469.69026038307,46369.69026038307,0.0,100.0,0.0,0.0,46469.69026038307,46469.69026038307,1,0.0,100.0
8515,44894.89028161542,0.0,-448948.90281615424,0.0,10.0,0.0,-0.0,0.1,0.254402857,25.440285699999997,0.0,0.0,100.0,1.0,0.11,-11.0,-542.3429385136571,542.3429385136571,0.0,-542.3429385136571,542.3429385136571,0.0,-43910.204404588105,43910.204404588105,0.0,0.0,0.0,0.0,0.0,0.0,0.0,0.0,0.0,-448959.90281615424,-448959.90281615424,44994.89028161542,44994.89028161542,44894.89028161542,0.0,100.0,0.0,0.0,44994.89028161542,44994.89028161542,1,0.0,100.0
8516,35855.23450329466,0.0,-358552.3450329466,0.0,10.0,0.0,-0.0,0.1,0.244212863,24.4212863,0.0,0.0,100.0,1.0,0.11,-11.0,-542.2982075608409,542.2982075608409,0.0,-542.2982075608409,542.2982075608409,0.0,-34870.63808817298,34870.63808817298,0.0,0.0,0.0,0.0,0.0,0.0,0.0,0.0,0.0,-358563.3450329466,-358563.3450329466,35955.23450329466,35955.23450329466,35855.23450329466,0.0,100.0,0.0,0.0,35955.23450329466,35955.23450329466,1,0.0,100.0
8517,33757.49486744961,0.0,-337574.94867449615,0.0,10.0,0.0,-0.0,0.1,0.274479998,27.4479998,0.0,0.0,100.0,1.0,0.11,-11.0,-232.3435272895938,232.3435272895938,0.0,-232.3435272895938,232.3435272895938,0.0,-33392.80781287042,33392.80781287042,0.0,0.0,0.0,0.0,0.0,0.0,0.0,0.0,0.0,-337585.94867449615,-337585.94867449615,33857.49486744961,33857.49486744961,33757.49486744961,0.0,100.0,0.0,0.0,33857.49486744961,33857.49486744961,1,0.0,100.0
8518,21485.796010514303,0.0,-214857.96010514302,0.0,10.0,0.0,-0.0,0.1,0.282048835,28.2048835,0.0,0.0,100.0,1.0,0.11,-11.0,-231.89145047660764,231.89145047660764,0.0,-231.89145047660764,231.89145047660764,0.0,-21122.01310956109,21122.01310956109,0.0,0.0,0.0,0.0,0.0,0.0,0.0,0.0,0.0,-214868.96010514302,-214868.96010514302,21585.796010514303,21585.796010514303,21485.796010514303,0.0,100.0,0.0,0.0,21585.796010514303,21585.796010514303,1,0.0,100.0
8519,18507.713331438295,0.0,-185077.13331438295,0.0,10.0,0.0,-0.0,0.1,0.304269,30.4269,0.0,0.0,100.0,1.0,0.11,-11.0,-235.13928640266167,235.13928640266167,0.0,-235.13928640266167,235.13928640266167,0.0,-18137.43475863297,18137.43475863297,0.0,0.0,0.0,0.0,0.0,0.0,0.0,0.0,0.0,-185088.13331438295,-185088.13331438295,18607.713331438295,18607.713331438295,18507.713331438295,0.0,100.0,0.0,0.0,18607.713331438295,18607.713331438295,1,0.0,100.0
8520,17762.568072723152,0.0,-177625.68072723152,0.0,10.0,0.0,-0.0,0.1,0.31795202,31.795202,0.0,0.0,100.0,1.0,0.08,-8.0,-232.04177580915683,232.04177580915683,0.0,-232.04177580915683,232.04177580915683,0.0,-17398.484521104838,17398.484521104838,0.0,0.0,0.0,0.0,0.0,0.0,0.0,0.0,0.0,-177633.68072723152,-177633.68072723152,17862.568072723152,17862.568072723152,17762.568072723152,0.0,100.0,0.0,0.0,17862.568072723152,17862.568072723152,1,0.0,100.0
8521,17762.623236233103,0.0,-177626.23236233104,0.0,10.0,0.0,-0.0,0.1,0.321165285,32.1165285,0.0,0.0,100.0,1.0,0.08,-8.0,-232.06936058711625,232.06936058711625,0.0,-232.06936058711625,232.06936058711625,0.0,-17398.48451505887,17398.48451505887,0.0,0.0,0.0,0.0,0.0,0.0,0.0,0.0,0.0,-177634.23236233104,-177634.23236233104,17862.623236233103,17862.623236233103,17762.623236233103,0.0,100.0,0.0,0.0,17862.623236233103,17862.623236233103,1,0.0,100.0
8522,17762.602003916065,0.0,-177626.02003916065,0.0,10.0,0.0,-0.0,0.1,0.321247885,32.1247885,0.0,0.0,100.0,1.0,0.08,-8.0,-232.0587504745656,232.0587504745656,0.0,-232.0587504745656,232.0587504745656,0.0,-17398.484502966934,17398.484502966934,0.0,0.0,0.0,0.0,0.0,0.0,0.0,0.0,0.0,-177634.02003916065,-177634.02003916065,17862.602003916065,17862.602003916065,17762.602003916065,0.0,100.0,0.0,0.0,17862.602003916065,17862.602003916065,1,0.0,100.0
8523,17762.56907644515,0.0,-177625.69076445152,0.0,10.0,0.0,-0.0,0.1,0.319896018,31.9896018,0.0,0.0,100.0,1.0,0.08,-8.0,-232.04228673910853,232.04228673910853,0.0,-232.04228673910853,232.04228673910853,0.0,-17398.484502966934,17398.484502966934,0.0,0.0,0.0,0.0,0.0,0.0,0.0,0.0,0.0,-177633.69076445152,-177633.69076445152,17862.56907644515,17862.56907644515,17762.56907644515,0.0,100.0,0.0,0.0,17862.56907644515,17862.56907644515,1,0.0,100.0
8524,18627.063280120576,0.0,-186270.63280120576,0.0,10.0,0.0,-0.0,0.1,0.313940118,31.394011799999998,0.0,0.0,100.0,1.0,0.08,-8.0,-236.4724068744554,236.4724068744554,0.0,-236.4724068744554,236.4724068744554,0.0,-18254.118466371663,18254.118466371663,0.0,0.0,0.0,0.0,0.0,0.0,0.0,0.0,0.0,-186278.63280120576,-186278.63280120576,18727.063280120576,18727.063280120576,18627.063280120576,0.0,100.0,0.0,0.0,18727.063280120576,18727.063280120576,1,0.0,100.0
8525,21586.98038874685,0.0,-215869.80388746853,0.0,10.0,0.0,-0.0,0.1,0.310988826,31.0988826,0.0,0.0,100.0,1.0,0.11,-11.0,-235.74508070298484,235.74508070298484,0.0,-235.74508070298484,235.74508070298484,0.0,-21215.49022734088,21215.49022734088,0.0,0.0,0.0,0.0,0.0,0.0,0.0,0.0,0.0,-215880.80388746853,-215880.80388746853,21686.98038874685,21686.98038874685,21586.98038874685,0.0,100.0,0.0,0.0,21686.98038874685,21686.98038874685,1,0.0,100.0
8526,26296.19791385359,0.0,-262961.9791385359,0.0,10.0,0.0,-0.0,0.1,0.317693431,31.769343100000004,0.0,0.0,100.0,1.0,0.11,-11.0,-273.6141834721751,273.6141834721751,0.0,-273.6141834721751,273.6141834721751,0.0,-25848.96954690924,25848.96954690924,0.0,0.0,0.0,0.0,0.0,0.0,0.0,0.0,0.0,-262972.9791385359,-262972.9791385359,26396.19791385359,26396.19791385359,26296.19791385359,0.0,100.0,0.0,0.0,26396.19791385359,26396.19791385359,1,0.0,100.0
8527,30644.775276799483,0.0,-306447.7527679948,0.0,10.0,0.0,-0.0,0.1,0.322664707,32.2664707,0.0,0.0,100.0,1.0,0.11,-11.0,-512.5627576074651,512.5627576074651,0.0,-512.5627576074651,512.5627576074651,0.0,-30760.21605119517,30760.21605119517,0.0,0.0,598.31296875,598.31296875,0.0,0.0,442.2533208606175,442.2533208606175,0.0,-306458.7527679948,-306458.7527679948,31785.3415664101,31785.3415664101,31685.3415664101,0.0,100.0,0.0,0.0,31785.3415664101,30744.775276799483,1,0.0,100.0
8528,56239.31732800393,0.0,-562393.1732800392,0.0,10.0,0.0,-0.0,0.1,0.320735876,32.073587599999996,0.0,0.0,100.0,1.0,0.11,-11.0,-694.9736802283201,694.9736802283201,0.0,-694.9736802283201,694.9736802283201,0.0,-63371.46918380336,63371.46918380336,0.0,0.0,4524.741826171875,4524.741826171875,0.0,0.0,3897.357390084192,3897.357390084192,0.0,-562404.1732800392,-562404.1732800392,64761.41654425999,64761.41654426,64661.41654425999,0.0,100.0,0.0,0.0,64761.41654426,56339.317328003934,1,0.0,100.0
8529,46101.616340031556,0.0,-461016.16340031556,0.0,10.0,0.0,-0.0,0.1,0.321273239,32.1273239,0.0,0.0,100.0,1.0,0.11,-11.0,-694.4334480610624,694.4334480610624,0.0,-694.4334480610624,694.4334480610624,0.0,-61151.34275276627,61151.34275276627,0.0,0.0,7852.85771484375,7852.85771484375,0.0,0.0,8485.735594013098,8485.735594013098,0.0,-461027.16340031556,-461027.16340031556,62540.209648888405,62540.2096488884,62440.209648888405,0.0,100.0,0.0,0.0,62540.2096488884,46201.61634003155,1,0.0,100.0
8530,34814.84013143115,0.0,-348148.4013143115,0.0,10.0,0.0,-0.0,0.1,0.32384127,32.384127,0.0,0.0,100.0,1.0,0.11,-11.0,-710.591054006906,710.591054006906,0.0,-710.591054006906,710.591054006906,0.0,-58213.68366569217,58213.68366569217,0.0,0.0,12751.545146484375,12751.545146484375,0.0,0.0,11968.48049579046,11968.48049579046,0.0,-348159.4013143115,-348159.4013143115,59634.865773705984,59634.865773705984,59534.865773705984,0.0,100.0,0.0,0.0,59634.865773705984,34914.84013143115,1,0.0,100.0
8531,33618.0313444831,0.0,-336180.31344483094,0.0,10.0,0.0,-0.0,0.1,0.325935035,32.5935035,0.0,0.0,100.0,1.0,0.11,-11.0,-713.2320074535154,713.2320074535154,0.0,-713.2320074535154,713.2320074535154,0.0,-58192.04701453646,58192.04701453646,0.0,0.0,12190.62673828125,12190.62673828125,0.0,0.0,13709.85294667914,13709.85294667914,0.0,-336191.31344483094,-336191.31344483094,59618.511029443485,59618.51102944349,59518.511029443485,0.0,100.0,0.0,0.0,59618.51102944349,33718.031344483104,1,0.0,100.0
8532,38268.452840999955,0.0,-382684.52840999956,0.0,10.0,0.0,-0.0,0.1,0.320398678,32.039867799999996,0.0,0.0,100.0,1.0,0.11,-11.0,-710.2215789726752,710.2215789726752,0.0,-710.2215789726752,710.2215789726752,0.0,-55179.26889473388,55179.26889473388,0.0,0.0,6207.4970507812495,6207.4970507812495,0.0,0.0,12023.762160898035,12023.762160898035,0.0,-382695.52840999956,-382695.52840999956,56599.71205267924,56599.712052679235,56499.71205267924,0.0,100.0,0.0,0.0,56599.712052679235,38368.45284099995,1,0.0,100.0
8533,42309.42921268625,0.0,-423094.2921268625,0.0,10.0,0.0,-0.0,0.1,0.3147844,31.478440000000003,0.0,0.0,100.0,1.0,0.11,-11.0,-693.5841980446676,693.5841980446676,0.0,-693.5841980446676,693.5841980446676,0.0,-58243.866893510574,58243.866893510574,0.0,0.0,5197.843916015625,5197.843916015625,0.0,0.0,12023.762160898035,12023.762160898035,0.0,-423105.2921268625,-423105.2921268625,59631.03528959991,59631.03528959991,59531.03528959991,0.0,100.0,0.0,0.0,59631.03528959991,42409.42921268625,1,0.0,100.0
8534,43767.74200847038,0.0,-437677.4200847038,0.0,10.0,0.0,-0.0,0.1,0.3185410919999999,31.854109199999993,0.0,0.0,100.0,1.0,0.08,-8.0,-693.7204101873249,693.7204101873249,0.0,-693.7204101873249,693.7204101873249,0.0,-58217.3724447919,58217.3724447919,0.0,0.0,6394.469853515625,6394.469853515625,0.0,0.0,9342.601403180544,9342.601403180544,0.0,-437685.4200847038,-437685.4200847038,59604.81326516655,59604.81326516655,59504.81326516655,0.0,100.0,0.0,0.0,59604.81326516655,43867.74200847038,1,0.0,100.0
8535,51104.60805756801,0.0,-511046.0805756801,0.0,10.0,0.0,-0.0,0.1,0.321990719,32.1990719,0.0,0.0,100.0,1.0,0.08,-8.0,-685.5250552679946,685.5250552679946,0.0,-685.5250552679946,685.5250552679946,0.0,-58189.033038202215,58189.033038202215,0.0,0.0,3739.4560546875,3739.4560546875,0.0,0.0,4616.019036482695,4616.019036482695,0.0,-511054.0805756801,-511054.0805756801,59560.08314873821,59560.0831487382,59460.08314873821,0.0,100.0,0.0,0.0,59560.0831487382,51204.60805756801,1,0.0,100.0
8536,64492.10748918885,0.0,-644921.0748918885,0.0,10.0,0.0,-0.0,0.1,0.331161861,33.1161861,0.0,0.0,100.0,1.0,0.08,-8.0,-684.4338986855184,684.4338986855184,0.0,-684.4338986855184,684.4338986855184,0.0,-64245.95049630798,64245.95049630798,0.0,0.0,0.0,0.0,0.0,0.0,1022.710804490178,1022.710804490178,0.0,-644929.0748918885,-644929.0748918885,65614.81829367903,65614.81829367903,65514.818293679025,0.0,100.0,0.0,0.0,65614.81829367903,64592.10748918885,1,0.0,100.0
8537,58378.45030110315,0.0,-583784.5030110315,0.0,10.0,0.0,-0.0,0.1,0.319705641,31.970564099999997,0.0,0.0,100.0,1.0,0.11,-11.0,-527.2847830275335,527.2847830275335,0.0,-527.2847830275335,527.2847830275335,0.0,-57423.88073504808,57423.88073504808,0.0,0.0,0.0,0.0,0.0,0.0,0.0,0.0,0.0,-583795.5030110315,-583795.5030110315,58478.45030110315,58478.45030110315,58378.45030110315,0.0,100.0,0.0,0.0,58478.45030110315,58478.45030110315,1,0.0,100.0
8538,46351.38770016688,0.0,-463513.8770016688,0.0,10.0,0.0,-0.0,0.1,0.314890324,31.4890324,0.0,0.0,100.0,1.0,0.11,-11.0,-539.2953871705021,539.2953871705021,0.0,-539.2953871705021,539.2953871705021,0.0,-45372.796925825874,45372.796925825874,0.0,0.0,0.0,0.0,0.0,0.0,0.0,0.0,0.0,-463524.8770016688,-463524.8770016688,46451.38770016688,46451.38770016688,46351.38770016688,0.0,100.0,0.0,0.0,46451.38770016688,46451.38770016688,1,0.0,100.0
8539,44874.97411864356,0.0,-448749.74118643557,0.0,10.0,0.0,-0.0,0.1,0.308276046,30.8276046,0.0,0.0,100.0,1.0,0.11,-11.0,-539.3814707709755,539.3814707709755,0.0,-539.3814707709755,539.3814707709755,0.0,-43896.211177101606,43896.211177101606,0.0,0.0,0.0,0.0,0.0,0.0,0.0,0.0,0.0,-448760.74118643557,-448760.74118643557,44974.97411864356,44974.97411864356,44874.97411864356,0.0,100.0,0.0,0.0,44974.97411864356,44974.97411864356,1,0.0,100.0
8540,35837.9170088837,0.0,-358379.170088837,0.0,10.0,0.0,-0.0,0.1,0.30761032,30.761032,0.0,0.0,100.0,1.0,0.11,-11.0,-539.4151479628687,539.4151479628687,0.0,-539.4151479628687,539.4151479628687,0.0,-34859.086712957964,34859.086712957964,0.0,0.0,0.0,0.0,0.0,0.0,0.0,0.0,0.0,-358390.170088837,-358390.170088837,35937.9170088837,35937.9170088837,35837.9170088837,0.0,100.0,0.0,0.0,35937.9170088837,35937.9170088837,1,0.0,100.0
8541,33745.74063648963,0.0,-337457.40636489633,0.0,10.0,0.0,-0.0,0.1,0.319661602,31.966160199999997,0.0,0.0,100.0,1.0,0.11,-11.0,-232.01098013499228,232.01098013499228,0.0,-232.01098013499228,232.01098013499228,0.0,-33381.71867621964,33381.71867621964,0.0,0.0,0.0,0.0,0.0,0.0,0.0,0.0,0.0,-337468.40636489633,-337468.40636489633,33845.74063648963,33845.74063648963,33745.74063648963,0.0,100.0,0.0,0.0,33845.74063648963,33845.74063648963,1,0.0,100.0
8542,21486.427525830586,0.0,-214864.27525830586,0.0,10.0,0.0,-0.0,0.1,0.316547664,31.6547664,0.0,0.0,100.0,1.0,0.11,-11.0,-232.20714162908297,232.20714162908297,0.0,-232.20714162908297,232.20714162908297,0.0,-21122.01324257242,21122.01324257242,0.0,0.0,0.0,0.0,0.0,0.0,0.0,0.0,0.0,-214875.27525830586,-214875.27525830586,21586.427525830586,21586.427525830586,21486.427525830586,0.0,100.0,0.0,0.0,21586.427525830586,21586.427525830586,1,0.0,100.0
8543,18508.124588727467,0.0,-185081.24588727468,0.0,10.0,0.0,-0.0,0.1,0.325848966,32.5848966,0.0,0.0,100.0,1.0,0.11,-11.0,-235.34485761053293,235.34485761053293,0.0,-235.34485761053293,235.34485761053293,0.0,-18137.4348735064,18137.4348735064,0.0,0.0,0.0,0.0,0.0,0.0,0.0,0.0,0.0,-185092.24588727468,-185092.24588727468,18608.124588727467,18608.124588727467,18508.124588727467,0.0,100.0,0.0,0.0,18608.124588727467,18608.124588727467,1,0.0,100.0
8544,14749.867228053548,0.0,-147498.67228053548,0.0,10.0,0.0,-0.0,0.1,0.331986675,33.1986675,0.0,0.0,100.0,1.0,0.08,-8.0,-232.36891495578817,232.36891495578817,0.0,-232.36891495578817,232.36891495578817,0.0,-14385.129398141971,14385.129398141971,0.0,0.0,0.0,0.0,0.0,0.0,0.0,0.0,0.0,-147506.67228053548,-147506.67228053548,14849.867228053548,14849.867228053548,14749.867228053548,0.0,100.0,0.0,0.0,14849.867228053548,14849.867228053548,1,0.0,100.0
8545,14749.913476398111,0.0,-147499.1347639811,0.0,10.0,0.0,-0.0,0.1,0.327231495,32.7231495,0.0,0.0,100.0,1.0,0.08,-8.0,-232.39203308209977,232.39203308209977,0.0,-232.39203308209977,232.39203308209977,0.0,-14385.12941023391,14385.12941023391,0.0,0.0,0.0,0.0,0.0,0.0,0.0,0.0,0.0,-147507.1347639811,-147507.1347639811,14849.913476398111,14849.913476398111,14749.913476398111,0.0,100.0,0.0,0.0,14849.913476398111,14849.913476398111,1,0.0,100.0
8546,14749.917190734923,0.0,-147499.17190734923,0.0,10.0,0.0,-0.0,0.1,0.323600955,32.3600955,0.0,0.0,100.0,1.0,0.08,-8.0,-232.393896296476,232.393896296476,0.0,-232.393896296476,232.393896296476,0.0,-14385.129398141971,14385.129398141971,0.0,0.0,0.0,0.0,0.0,0.0,0.0,0.0,0.0,-147507.17190734923,-147507.17190734923,14849.917190734923,14849.917190734923,14749.917190734923,0.0,100.0,0.0,0.0,14849.917190734923,14849.917190734923,1,0.0,100.0
8547,14749.929452844888,0.0,-147499.2945284489,0.0,10.0,0.0,-0.0,0.1,0.3150276589999999,31.50276589999999,0.0,0.0,100.0,1.0,0.08,-8.0,-232.4000333974286,232.4000333974286,0.0,-232.4000333974286,232.4000333974286,0.0,-14385.129386050032,14385.129386050032,0.0,0.0,0.0,0.0,0.0,0.0,0.0,0.0,0.0,-147507.2945284489,-147507.2945284489,14849.929452844888,14849.929452844888,14749.929452844888,0.0,100.0,0.0,0.0,14849.929452844888,14849.929452844888,1,0.0,100.0
8548,15490.777332474196,0.0,-154907.77332474195,0.0,10.0,0.0,-0.0,0.1,0.304217087,30.4217087,0.0,0.0,100.0,1.0,0.08,-8.0,-233.34878491936303,233.34878491936303,0.0,-233.34878491936303,233.34878491936303,0.0,-15124.079762635469,15124.079762635469,0.0,0.0,0.0,0.0,0.0,0.0,0.0,0.0,0.0,-154915.77332474195,-154915.77332474195,15590.777332474196,15590.777332474196,15490.777332474196,0.0,100.0,0.0,0.0,15590.777332474196,15590.777332474196,1,0.0,100.0
8549,16968.721285866428,0.0,-169687.21285866428,0.0,10.0,0.0,-0.0,0.1,0.289444255,28.944425499999998,0.0,0.0,100.0,1.0,0.11,-11.0,-233.32516117700564,233.32516117700564,0.0,-233.32516117700564,233.32516117700564,0.0,-16602.070963512415,16602.070963512415,0.0,0.0,0.0,0.0,0.0,0.0,0.0,0.0,0.0,-169698.21285866428,-169698.21285866428,17068.721285866428,17068.721285866428,16968.721285866428,0.0,100.0,0.0,0.0,17068.721285866428,17068.721285866428,1,0.0,100.0
8550,26202.001722578767,0.0,-262020.01722578768,0.0,10.0,0.0,-0.0,0.1,0.272078895,27.2078895,0.0,0.0,100.0,1.0,0.11,-11.0,-233.41467827194347,233.41467827194347,0.0,-233.41467827194347,233.41467827194347,0.0,-25835.17236603488,25835.17236603488,0.0,0.0,0.0,0.0,0.0,0.0,0.0,0.0,0.0,-262031.01722578768,-262031.01722578768,26302.001722578767,26302.001722578767,26202.001722578767,0.0,100.0,0.0,0.0,26302.001722578767,26302.001722578767,1,0.0,100.0
8551,24326.245406812082,0.0,-243262.45406812083,0.0,10.0,0.0,-0.0,0.1,0.248031762,24.8031762,0.0,0.0,100.0,1.0,0.11,-11.0,-203.3228177100624,203.3228177100624,0.0,-203.3228177100624,203.3228177100624,0.0,-24723.6150160807,24723.6150160807,0.0,0.0,261.76192382812496,261.76192382812496,0.0,0.0,442.2533208606175,442.2533208606175,0.0,-243273.45406812083,-243273.45406812083,25130.260651500826,25130.260651500826,25030.260651500826,0.0,100.0,0.0,0.0,25130.260651500826,24426.245406812082,1,0.0,100.0
8552,30430.704245139834,0.0,-304307.04245139833,0.0,10.0,0.0,-0.0,0.1,0.237596596,23.7596596,0.0,0.0,100.0,1.0,0.11,-11.0,-197.53687781280843,197.53687781280843,0.0,-197.53687781280843,197.53687781280843,0.0,-39268.226356160914,39268.226356160914,0.0,0.0,5235.2384765625,5235.2384765625,0.0,0.0,3897.357390084192,3897.357390084192,0.0,-304318.04245139833,-304318.04245139833,39663.30011178653,39663.30011178653,39563.30011178653,0.0,100.0,0.0,0.0,39663.30011178653,30530.704245139837,1,0.0,100.0
8553,26065.105058695328,0.0,-260651.0505869533,0.0,10.0,0.0,-0.0,0.1,0.237996189,23.7996189,0.0,0.0,100.0,1.0,0.11,-11.0,-197.8330569726128,197.8330569726128,0.0,-197.8330569726128,197.8330569726128,0.0,-37050.01285178574,37050.01285178574,0.0,0.0,2767.1974804687497,2767.1974804687497,0.0,0.0,8513.376426566887,8513.376426566887,0.0,-260662.0505869533,-260662.0505869533,37445.678965730964,37445.678965730964,37345.678965730964,0.0,100.0,0.0,0.0,37445.678965730964,26165.105058695328,1,0.0,100.0
8554,17802.50786981151,0.0,-178025.0786981151,0.0,10.0,0.0,-0.0,0.1,0.255999247,25.5999247,0.0,0.0,100.0,1.0,0.11,-11.0,-197.9458852936679,197.9458852936679,0.0,-197.9458852936679,197.9458852936679,0.0,-34092.51464684096,34092.51464684096,0.0,0.0,4562.13638671875,4562.13638671875,0.0,0.0,12023.762160898035,12023.762160898035,0.0,-178036.0786981151,-178036.0786981151,34488.4064174283,34488.4064174283,34388.4064174283,0.0,100.0,0.0,0.0,34488.4064174283,17902.50786981151,1,0.0,100.0
8555,15113.563451882786,0.0,-151135.63451882786,0.0,10.0,0.0,-0.0,0.1,0.274083737,27.4083737,0.0,0.0,100.0,1.0,0.11,-11.0,-200.8074858755116,200.8074858755116,0.0,-200.8074858755116,200.8074858755116,0.0,-34088.72989401887,34088.72989401887,0.0,0.0,5235.2384765625,5235.2384765625,0.0,0.0,14041.542937324604,14041.542937324604,0.0,-151146.63451882786,-151146.63451882786,34490.34486576989,34490.34486576989,34390.34486576989,0.0,100.0,0.0,0.0,34490.34486576989,15213.563451882786,1,0.0,100.0
8556,14917.891388883098,0.0,-149178.91388883098,0.0,10.0,0.0,-0.0,0.1,0.279786103,27.9786103,0.0,0.0,100.0,1.0,0.11,-11.0,-198.00961023794304,198.00961023794304,0.0,-198.00961023794304,198.00961023794304,0.0,-34100.27278673845,34100.27278673845,0.0,0.0,5160.44935546875,5160.44935546875,0.0,0.0,14317.95126286249,14317.95126286249,0.0,-149189.91388883098,-149189.91388883098,34496.29200721434,34496.29200721434,34396.29200721434,0.0,100.0,0.0,0.0,34496.29200721434,15017.891388883098,1,0.0,100.0
8557,17682.25879132522,0.0,-176822.5879132522,0.0,10.0,0.0,-0.0,0.1,0.290637472,29.0637472,0.0,0.0,100.0,1.0,0.11,-11.0,-198.2408486150859,198.2408486150859,0.0,-198.2408486150859,198.2408486150859,0.0,-34558.64615048354,34558.64615048354,0.0,0.0,4375.163583984375,4375.163583984375,0.0,0.0,12797.705472404115,12797.705472404115,0.0,-176833.5879132522,-176833.5879132522,34955.12784771371,34955.12784771371,34855.12784771371,0.0,100.0,0.0,0.0,34955.12784771371,17782.25879132522,1,0.0,100.0
8558,7028.847823596134,0.0,-70288.47823596135,0.0,10.0,0.0,-0.0,0.1,0.284819418,28.481941799999998,0.0,0.0,100.0,1.0,0.08,-8.0,-198.3558779810332,198.3558779810332,0.0,-198.3558779810332,198.3558779810332,0.0,-19038.661482010823,19038.661482010823,0.0,0.0,2991.56484375,2991.56484375,0.0,0.0,9314.960570626756,9314.960570626756,0.0,-70296.47823596135,-70296.47823596135,19435.37323797289,19435.37323797289,19335.37323797289,0.0,100.0,0.0,0.0,19435.37323797289,7128.847823596134,1,0.0,100.0
8559,12691.803534624914,0.0,-126918.03534624915,0.0,10.0,0.0,-0.0,0.1,0.277271958,27.727195799999997,0.0,0.0,100.0,1.0,0.08,-8.0,-198.3897988175997,198.3897988175997,0.0,-198.3897988175997,198.3897988175997,0.0,-19020.627134450835,19020.627134450835,0.0,0.0,1346.2041796875,1346.2041796875,0.0,0.0,5279.399017773621,5279.399017773621,0.0,-126926.03534624915,-126926.03534624915,19417.406732086034,19417.406732086034,19317.406732086034,0.0,100.0,0.0,0.0,19417.406732086034,12791.803534624913,1,0.0,100.0
8560,24667.14426852347,0.0,-246671.44268523468,0.0,10.0,0.0,-0.0,0.1,0.267138512,26.7138512,0.0,0.0,100.0,1.0,0.08,-8.0,-197.96339858828537,197.96339858828537,0.0,-197.96339858828537,197.96339858828537,0.0,-25476.85077349844,25476.85077349844,0.0,0.0,0.0,0.0,0.0,0.0,1105.6333021515436,1105.6333021515436,0.0,-246679.44268523468,-246679.44268523468,25872.77757067501,25872.77757067501,25772.77757067501,0.0,100.0,0.0,0.0,25872.77757067501,24767.14426852347,1,0.0,100.0
8561,23128.466810654507,0.0,-231284.66810654505,0.0,10.0,0.0,-0.0,0.1,0.262142585,26.2142585,0.0,0.0,100.0,1.0,0.11,-11.0,-221.7973099792279,221.7973099792279,0.0,-221.7973099792279,221.7973099792279,0.0,-22784.872190696053,22784.872190696053,0.0,0.0,0.0,0.0,0.0,0.0,0.0,0.0,0.0,-231295.66810654505,-231295.66810654505,23228.466810654507,23228.466810654507,23128.466810654507,0.0,100.0,0.0,0.0,23228.466810654507,23228.466810654507,1,0.0,100.0
8562,21403.067600740625,0.0,-214030.67600740626,0.0,10.0,0.0,-0.0,0.1,0.26338375,26.338375000000003,0.0,0.0,100.0,1.0,0.11,-11.0,-233.66227657509208,233.66227657509208,0.0,-233.66227657509208,233.66227657509208,0.0,-21035.74304759044,21035.74304759044,0.0,0.0,0.0,0.0,0.0,0.0,0.0,0.0,0.0,-214041.67600740626,-214041.67600740626,21503.067600740625,21503.067600740625,21403.067600740625,0.0,100.0,0.0,0.0,21503.067600740625,21503.067600740625,1,0.0,100.0
8563,19927.084034325635,0.0,-199270.84034325636,0.0,10.0,0.0,-0.0,0.1,0.264466455,26.4466455,0.0,0.0,100.0,1.0,0.11,-11.0,-234.62088204496445,234.62088204496445,0.0,-234.62088204496445,234.62088204496445,0.0,-19557.842270235706,19557.842270235706,0.0,0.0,0.0,0.0,0.0,0.0,0.0,0.0,0.0,-199281.84034325636,-199281.84034325636,20027.084034325635,20027.084034325635,19927.084034325635,0.0,100.0,0.0,0.0,20027.084034325635,20027.084034325635,1,0.0,100.0
8564,19926.589675349554,0.0,-199265.89675349556,0.0,10.0,0.0,-0.0,0.1,0.271483451,27.1483451,0.0,0.0,100.0,1.0,0.11,-11.0,-234.37369651095625,234.37369651095625,0.0,-234.37369651095625,234.37369651095625,0.0,-19557.84228232764,19557.84228232764,0.0,0.0,0.0,0.0,0.0,0.0,0.0,0.0,0.0,-199276.89675349556,-199276.89675349556,20026.589675349554,20026.589675349554,19926.589675349554,0.0,100.0,0.0,0.0,20026.589675349554,20026.589675349554,1,0.0,100.0
8565,18447.36433511222,0.0,-184473.64335112218,0.0,10.0,0.0,-0.0,0.1,0.276669575,27.6669575,0.0,0.0,100.0,1.0,0.11,-11.0,-233.68124265808493,233.68124265808493,0.0,-233.68124265808493,233.68124265808493,0.0,-18080.00184979605,18080.00184979605,0.0,0.0,0.0,0.0,0.0,0.0,0.0,0.0,0.0,-184484.64335112218,-184484.64335112218,18547.36433511222,18547.36433511222,18447.36433511222,0.0,100.0,0.0,0.0,18547.36433511222,18547.36433511222,1,0.0,100.0
8566,16967.728607875713,0.0,-169677.28607875714,0.0,10.0,0.0,-0.0,0.1,0.278886142,27.8886142,0.0,0.0,100.0,1.0,0.11,-11.0,-232.87405208066204,232.87405208066204,0.0,-232.87405208066204,232.87405208066204,0.0,-16601.98050371439,16601.98050371439,0.0,0.0,0.0,0.0,0.0,0.0,0.0,0.0,0.0,-169688.28607875714,-169688.28607875714,17067.728607875713,17067.728607875713,16967.728607875713,0.0,100.0,0.0,0.0,17067.728607875713,17067.728607875713,1,0.0,100.0
8567,15495.473088400766,0.0,-154954.73088400764,0.0,10.0,0.0,-0.0,0.1,0.281899219,28.189921899999998,0.0,0.0,100.0,1.0,0.11,-11.0,-235.69665683668023,235.69665683668023,0.0,-235.69665683668023,235.69665683668023,0.0,-15124.079774727405,15124.079774727405,0.0,0.0,0.0,0.0,0.0,0.0,0.0,0.0,0.0,-154965.73088400764,-154965.73088400764,15595.473088400766,15595.473088400766,15495.473088400766,0.0,100.0,0.0,0.0,15595.473088400766,15595.473088400766,1,0.0,100.0
8568,14750.701240816265,0.0,-147507.01240816264,0.0,10.0,0.0,-0.0,0.1,0.279912866,27.9912866,0.0,0.0,100.0,1.0,0.08,-8.0,-232.80094859473112,232.80094859473112,0.0,-232.80094859473112,232.80094859473112,0.0,-14385.099343626802,14385.099343626802,0.0,0.0,0.0,0.0,0.0,0.0,0.0,0.0,0.0,-147515.01240816264,-147515.01240816264,14850.701240816265,14850.701240816265,14750.701240816265,0.0,100.0,0.0,0.0,14850.701240816265,14850.701240816265,1,0.0,100.0
8569,14750.636496355226,0.0,-147506.36496355227,0.0,10.0,0.0,-0.0,0.1,0.272705342,27.2705342,0.0,0.0,100.0,1.0,0.08,-8.0,-232.76857636421164,232.76857636421164,0.0,-232.76857636421164,232.76857636421164,0.0,-14385.099343626802,14385.099343626802,0.0,0.0,0.0,0.0,0.0,0.0,0.0,0.0,0.0,-147514.36496355227,-147514.36496355227,14850.636496355226,14850.636496355226,14750.636496355226,0.0,100.0,0.0,0.0,14850.636496355226,14850.636496355226,1,0.0,100.0
8570,14750.540584957926,0.0,-147505.40584957926,0.0,10.0,0.0,-0.0,0.1,0.259543164,25.9543164,0.0,0.0,100.0,1.0,0.08,-8.0,-232.7206206655616,232.7206206655616,0.0,-232.7206206655616,232.7206206655616,0.0,-14385.099343626802,14385.099343626802,0.0,0.0,0.0,0.0,0.0,0.0,0.0,0.0,0.0,-147513.40584957926,-147513.40584957926,14850.540584957926,14850.540584957926,14750.540584957926,0.0,100.0,0.0,0.0,14850.540584957926,14850.540584957926,1,0.0,100.0
8571,14750.489061327178,0.0,-147504.8906132718,0.0,10.0,0.0,-0.0,0.1,0.24831974,24.831974000000002,0.0,0.0,100.0,1.0,0.08,-8.0,-232.694858850188,232.694858850188,0.0,-232.694858850188,232.694858850188,0.0,-14385.099343626802,14385.099343626802,0.0,0.0,0.0,0.0,0.0,0.0,0.0,0.0,0.0,-147512.8906132718,-147512.8906132718,14850.489061327178,14850.489061327178,14750.489061327178,0.0,100.0,0.0,0.0,14850.489061327178,14850.489061327178,1,0.0,100.0
8572,15491.336434148108,0.0,-154913.3643414811,0.0,10.0,0.0,-0.0,0.1,0.232046466,23.2046466,0.0,0.0,100.0,1.0,0.08,-8.0,-233.64335999092265,233.64335999092265,0.0,-233.64335999092265,233.64335999092265,0.0,-15124.049714166264,15124.049714166264,0.0,0.0,0.0,0.0,0.0,0.0,0.0,0.0,0.0,-154921.3643414811,-154921.3643414811,15591.336434148108,15591.336434148108,15491.336434148108,0.0,100.0,0.0,0.0,15591.336434148108,15591.336434148108,1,0.0,100.0
8573,16969.09493002966,0.0,-169690.9493002966,0.0,10.0,0.0,-0.0,0.1,0.20877191,20.877191,0.0,0.0,100.0,1.0,0.11,-11.0,-233.5269863323304,233.5269863323304,0.0,-233.5269863323304,233.5269863323304,0.0,-16602.040957365,16602.040957365,0.0,0.0,0.0,0.0,0.0,0.0,0.0,0.0,0.0,-169701.9493002966,-169701.9493002966,17069.09493002966,17069.09493002966,16969.09493002966,0.0,100.0,0.0,0.0,17069.09493002966,17069.09493002966,1,0.0,100.0
8574,19924.897371257175,0.0,-199248.97371257175,0.0,10.0,0.0,-0.0,0.1,0.187621834,18.762183399999998,0.0,0.0,100.0,1.0,0.11,-11.0,-233.57271692706595,233.57271692706595,0.0,-233.57271692706595,233.57271692706595,0.0,-19557.75193740304,19557.75193740304,0.0,0.0,0.0,0.0,0.0,0.0,0.0,0.0,0.0,-199259.97371257175,-199259.97371257175,20024.897371257175,20024.897371257175,19924.897371257175,0.0,100.0,0.0,0.0,20024.897371257175,20024.897371257175,1,0.0,100.0
8575,17829.54657968521,0.0,-178295.4657968521,0.0,10.0,0.0,-0.0,0.1,0.1855383839999999,18.55383839999999,0.0,0.0,100.0,1.0,0.11,-11.0,-203.3171651787412,203.3171651787412,0.0,-203.3171651787412,203.3171651787412,0.0,-18452.915208723192,18452.915208723192,0.0,0.0,598.31296875,598.31296875,0.0,0.0,331.6899906454631,331.6899906454631,0.0,-178306.4657968521,-178306.4657968521,18859.549539080675,18859.549539080675,18759.549539080675,0.0,100.0,0.0,0.0,18859.549539080675,17929.54657968521,1,0.0,100.0
8576,11735.508434746103,0.0,-117355.08434746103,0.0,10.0,0.0,-0.0,0.1,0.181644156,18.1644156,0.0,0.0,100.0,1.0,0.11,-11.0,-197.28913766603227,197.28913766603227,0.0,-197.28913766603227,197.28913766603227,0.0,-17936.367712353047,17936.367712353047,0.0,0.0,3178.537646484375,3178.537646484375,0.0,0.0,3316.899906454631,3316.899906454631,0.0,-117366.08434746103,-117366.08434746103,18330.94598768511,18330.94598768511,18230.94598768511,0.0,100.0,0.0,0.0,18330.94598768511,11835.508434746105,1,0.0,100.0
8577,1270.7334560182198,0.0,-12707.334560182198,0.0,10.0,0.0,-0.0,0.1,0.1841356589999999,18.41356589999999,0.0,0.0,100.0,1.0,0.11,-11.0,-197.4034360142753,197.4034360142753,0.0,-197.4034360142753,197.4034360142753,0.0,-15719.516600734658,15719.516600734658,0.0,0.0,7142.3610644531245,7142.3610644531245,0.0,0.0,7601.228952291863,7601.228952291863,0.0,-12718.334560182198,-12718.334560182198,16114.323472763208,16114.323472763208,16014.323472763208,0.0,100.0,0.0,0.0,16114.323472763208,1370.7334560182207,1,0.0,100.0
8578,0.0,0.0,-0.0,55.55555555555556,10.0,0.0,-0.0,0.1,0.18990649,0.0,0.0,100.0,0.0,1.0,0.11,0.0,-197.4439318260017,197.4439318260017,0.0,-197.4439318260017,197.4439318260017,0.0,-12763.715118576809,12763.715118576809,0.0,0.0,5908.34056640625,5908.34056640625,0.0,3125.3392316153368,10531.157202993454,7405.817971378117,0.0,0.0,0.0,13314.158537784368,13314.158537784368,13314.158537784368,0.0,0.0,155.55555555555475,0.0,13158.602982228813,-3280.8947871708933,1,-55.55555555555556,-100.0
8579,0.0,0.0,-0.0,44.44444444444444,60.0,0.0,-0.0,0.6,0.180253964,0.0,0.0,100.0,0.0,1.0,0.11,0.0,-200.311877629802,200.311877629802,0.0,-200.311877629802,200.311877629802,0.0,-12763.775469445936,12763.775469445936,0.0,0.0,4599.5309472656245,4599.5309472656245,0.0,3729.0619273205066,12438.374649204869,8709.312721884362,0.0,0.0,0.0,13308.843669149986,13308.843669149986,13308.843669149986,0.0,0.0,144.44444444444525,0.0,13164.399224705541,-3873.506371764952,1,-44.44444444444444,-100.0
8580,0.0,0.0,-0.0,0.0,100.0,-0.0,-0.0,1.0,0.2135037,0.0,0.0,100.0,0.0,1.0,0.11,0.0,-197.46603482893627,197.46603482893627,0.0,-197.46603482893627,197.46603482893627,0.0,-12763.775445262056,12763.775445262056,0.0,0.0,12975.912509765623,12975.912509765623,0.0,13205.931281094527,13488.726286248831,282.7950051543048,0.0,0.0,0.0,13258.707514919928,13258.707514919928,13258.707514919928,0.0,0.0,100.0,0.0,13158.707514919928,-13305.931281094528,1,-0.0,-100.0
8581,0.0,0.0,-0.0,0.0,100.0,-0.0,-0.0,1.0,0.222954666,0.0,0.0,100.0,0.0,1.0,0.11,0.0,-197.6704045919927,197.6704045919927,0.0,-197.6704045919927,197.6704045919927,0.0,-12763.865971565749,12763.865971565749,0.0,0.0,7890.252275390625,7890.252275390625,0.0,6765.370985754083,12134.325491113192,5368.954505359108,0.0,0.0,0.0,13259.206780749733,13259.206780749733,13259.206780749733,0.0,0.0,100.0,0.0,13159.206780749733,-6865.370985754085,1,-0.0,-100.0
8582,0.0,0.0,-0.0,0.0,100.0,-0.0,-0.0,1.0,0.219878801,0.0,0.0,100.0,0.0,1.0,0.08,0.0,-197.7280752820357,197.7280752820357,0.0,-197.7280752820357,197.7280752820357,0.0,-12763.775469445936,12763.775469445936,0.0,0.0,5683.973203125,5683.973203125,0.0,1325.0896654349172,8900.348082319926,7575.258416885009,0.0,0.0,0.0,13259.231620010009,13259.231620010009,13259.231620010009,0.0,0.0,100.0,0.0,13159.231620010009,-1425.089665434918,1,-0.0,-100.0
8583,4939.75507190446,0.0,-49397.5507190446,0.0,100.0,45.0,-0.0,1.0,0.208862328,20.886232800000002,0.0,0.0,100.0,1.0,0.08,-8.0,-197.62282931878863,197.62282931878863,0.0,-197.62282931878863,197.62282931878863,0.0,-12763.71512462278,12763.71512462278,0.0,0.0,3402.905009765625,3402.905009765625,0.0,0.0,4671.300701590272,4671.300701590272,0.0,-49405.5507190446,-49405.5507190446,13158.960783260358,13158.960783260358,13013.960783260358,0.0,145.0,0.0,0.0,13158.960783260358,5084.755071904461,1,45.0,100.0
8584,17800.696545276027,0.0,-178006.96545276028,0.0,50.0,36.0,-0.0,0.5,0.185165893,18.5165893,0.0,0.0,100.0,1.0,0.08,-8.0,-197.11716205858696,197.11716205858696,0.0,-197.11716205858696,197.11716205858696,0.0,-18818.801572909542,18818.801572909542,0.0,0.0,336.551044921875,336.551044921875,0.0,0.0,939.788306828812,939.788306828812,0.0,-178014.96545276028,-178014.96545276028,19213.035897026715,19213.035897026715,19077.035897026715,0.0,136.0,0.0,0.0,19213.035897026715,17936.696545276027,1,36.0,100.0
8585,21377.441232673278,0.0,-213774.41232673277,0.0,10.0,0.0,-0.0,0.1,0.158510973,15.8510973,0.0,0.0,100.0,1.0,0.11,-11.0,-220.89427407267243,220.89427407267243,0.0,-220.89427407267243,220.89427407267243,0.0,-21035.652684527933,21035.652684527933,0.0,0.0,0.0,0.0,0.0,0.0,0.0,0.0,0.0,-213785.41232673277,-213785.41232673277,21477.441232673278,21477.441232673278,21377.441232673278,0.0,100.0,0.0,0.0,21477.441232673278,21477.441232673278,1,0.0,100.0
8586,21401.088941478338,0.0,-214010.8894147834,0.0,10.0,0.0,-0.0,0.1,0.150914851,15.091485099999998,0.0,0.0,100.0,1.0,0.11,-11.0,-232.71813149818587,232.71813149818587,0.0,-232.71813149818587,232.71813149818587,0.0,-21035.652678481965,21035.652678481965,0.0,0.0,0.0,0.0,0.0,0.0,0.0,0.0,0.0,-214021.8894147834,-214021.8894147834,21501.088941478338,21501.088941478338,21401.088941478338,0.0,100.0,0.0,0.0,21501.088941478338,21501.088941478338,1,0.0,100.0
8587,19924.81443507893,0.0,-199248.1443507893,0.0,10.0,0.0,-0.0,0.1,0.145478636,14.5478636,0.0,0.0,100.0,1.0,0.11,-11.0,-233.5312488379432,233.5312488379432,0.0,-233.5312488379432,233.5312488379432,0.0,-19557.75193740304,19557.75193740304,0.0,0.0,0.0,0.0,0.0,0.0,0.0,0.0,0.0,-199259.1443507893,-199259.1443507893,20024.81443507893,20024.81443507893,19924.81443507893,0.0,100.0,0.0,0.0,20024.81443507893,20024.81443507893,1,0.0,100.0
8588,19924.551421260545,0.0,-199245.51421260546,0.0,10.0,0.0,-0.0,0.1,0.165255401,16.5255401,0.0,0.0,100.0,1.0,0.11,-11.0,-233.3997419287521,233.3997419287521,0.0,-233.3997419287521,233.3997419287521,0.0,-19557.75193740304,19557.75193740304,0.0,0.0,0.0,0.0,0.0,0.0,0.0,0.0,0.0,-199256.51421260546,-199256.51421260546,20024.551421260545,20024.551421260545,19924.551421260545,0.0,100.0,0.0,0.0,20024.551421260545,20024.551421260545,1,0.0,100.0
8589,18445.646157341474,0.0,-184456.46157341474,0.0,10.0,0.0,-0.0,0.1,0.185067453,18.5067453,0.0,0.0,100.0,1.0,0.11,-11.0,-232.85222037981632,232.85222037981632,0.0,-232.85222037981632,232.85222037981632,0.0,-18079.94171658184,18079.94171658184,0.0,0.0,0.0,0.0,0.0,0.0,0.0,0.0,0.0,-184467.46157341474,-184467.46157341474,18545.646157341474,18545.646157341474,18445.646157341474,0.0,100.0,0.0,0.0,18545.646157341474,18545.646157341474,1,0.0,100.0
8590,16966.236428870707,0.0,-169662.36428870706,0.0,10.0,0.0,-0.0,0.1,0.198960411,19.8960411,0.0,0.0,100.0,1.0,0.11,-11.0,-232.14298378977225,232.14298378977225,0.0,-232.14298378977225,232.14298378977225,0.0,-16601.950461291162,16601.950461291162,0.0,0.0,0.0,0.0,0.0,0.0,0.0,0.0,0.0,-169673.36428870706,-169673.36428870706,17066.236428870707,17066.236428870707,16966.236428870707,0.0,100.0,0.0,0.0,17066.236428870707,17066.236428870707,1,0.0,100.0
8591,15494.214924812042,0.0,-154942.14924812043,0.0,10.0,0.0,-0.0,0.1,0.197591732,19.7591732,0.0,0.0,100.0,1.0,0.11,-11.0,-235.0826022999032,235.0826022999032,0.0,-235.0826022999032,235.0826022999032,0.0,-15124.049720212235,15124.049720212235,0.0,0.0,0.0,0.0,0.0,0.0,0.0,0.0,0.0,-154953.14924812043,-154953.14924812043,15594.214924812042,15594.214924812042,15494.214924812042,0.0,100.0,0.0,0.0,15594.214924812042,15594.214924812042,1,0.0,100.0
8592,14749.165645467338,0.0,-147491.6564546734,0.0,10.0,0.0,-0.0,0.1,0.198322805,19.8322805,0.0,0.0,100.0,1.0,0.08,-8.0,-232.0331025525117,232.0331025525117,0.0,-232.0331025525117,232.0331025525117,0.0,-14385.099440362314,14385.099440362314,0.0,0.0,0.0,0.0,0.0,0.0,0.0,0.0,0.0,-147499.6564546734,-147499.6564546734,14849.165645467338,14849.165645467338,14749.165645467338,0.0,100.0,0.0,0.0,14849.165645467338,14849.165645467338,1,0.0,100.0
8593,14749.014938998032,0.0,-147490.14938998033,0.0,10.0,0.0,-0.0,0.1,0.1957431589999999,19.574315899999988,0.0,0.0,100.0,1.0,0.08,-8.0,-231.95774931785903,231.95774931785903,0.0,-231.95774931785903,231.95774931785903,0.0,-14385.099440362314,14385.099440362314,0.0,0.0,0.0,0.0,0.0,0.0,0.0,0.0,0.0,-147498.14938998033,-147498.14938998033,14849.014938998032,14849.014938998032,14749.014938998032,0.0,100.0,0.0,0.0,14849.014938998032,14849.014938998032,1,0.0,100.0
8594,14748.877289004513,0.0,-147488.77289004513,0.0,10.0,0.0,-0.0,0.1,0.204709705,20.4709705,0.0,0.0,100.0,1.0,0.08,-8.0,-231.8889243211001,231.8889243211001,0.0,-231.8889243211001,231.8889243211001,0.0,-14385.099440362314,14385.099440362314,0.0,0.0,0.0,0.0,0.0,0.0,0.0,0.0,0.0,-147496.77289004513,-147496.77289004513,14848.877289004513,14848.877289004513,14748.877289004513,0.0,100.0,0.0,0.0,14848.877289004513,14848.877289004513,1,0.0,100.0
8595,14748.754848999415,0.0,-147487.54848999414,0.0,10.0,0.0,-0.0,0.1,0.206802829,20.680282899999998,0.0,0.0,100.0,1.0,0.08,-8.0,-231.827704318551,231.827704318551,0.0,-231.827704318551,231.827704318551,0.0,-14385.099440362314,14385.099440362314,0.0,0.0,0.0,0.0,0.0,0.0,0.0,0.0,0.0,-147495.54848999414,-147495.54848999414,14848.754848999415,14848.754848999415,14748.754848999415,0.0,100.0,0.0,0.0,14848.754848999415,14848.754848999415,1,0.0,100.0
8596,15489.379600213448,0.0,-154893.79600213448,0.0,10.0,0.0,-0.0,0.1,0.208927181,20.8927181,0.0,0.0,100.0,1.0,0.08,-8.0,-232.6648946558366,232.6648946558366,0.0,-232.6648946558366,232.6648946558366,0.0,-15124.049810901775,15124.049810901775,0.0,0.0,0.0,0.0,0.0,0.0,0.0,0.0,0.0,-154901.79600213448,-154901.79600213448,15589.379600213448,15589.379600213448,15489.379600213448,0.0,100.0,0.0,0.0,15589.379600213448,15589.379600213448,1,0.0,100.0
8597,16967.188378675855,0.0,-169671.88378675855,0.0,10.0,0.0,-0.0,0.1,0.208742772,20.874277199999998,0.0,0.0,100.0,1.0,0.11,-11.0,-232.57362903483613,232.57362903483613,0.0,-232.57362903483613,232.57362903483613,0.0,-16602.041120606184,16602.041120606184,0.0,0.0,0.0,0.0,0.0,0.0,0.0,0.0,0.0,-169682.88378675855,-169682.88378675855,17067.188378675855,17067.188378675855,16967.188378675855,0.0,100.0,0.0,0.0,17067.188378675855,17067.188378675855,1,0.0,100.0
8598,19962.614363386157,0.0,-199626.14363386156,0.0,10.0,0.0,-0.0,0.1,0.206527452,20.6527452,0.0,0.0,100.0,1.0,0.11,-11.0,-252.4311646237983,252.4311646237983,0.0,-252.4311646237983,252.4311646237983,0.0,-19557.75203413856,19557.75203413856,0.0,0.0,0.0,0.0,0.0,0.0,0.0,0.0,0.0,-199637.14363386156,-199637.14363386156,20062.614363386157,20062.614363386157,19962.614363386157,0.0,100.0,0.0,0.0,20062.614363386157,20062.614363386157,1,0.0,100.0
8599,18182.085407439263,0.0,-181820.85407439264,0.0,10.0,0.0,-0.0,0.1,0.203950895,20.3950895,0.0,0.0,100.0,1.0,0.11,-11.0,-215.37769953386567,215.37769953386567,0.0,-215.37769953386567,215.37769953386567,0.0,-18452.915299412736,18452.915299412736,0.0,0.0,186.972802734375,186.972802734375,0.0,0.0,414.6124883068289,414.6124883068289,0.0,-181831.85407439264,-181831.85407439264,18883.670698480466,18883.670698480466,18783.670698480466,0.0,100.0,0.0,0.0,18883.670698480466,18282.085407439263,1,0.0,100.0
8600,13174.254524651325,0.0,-131742.54524651327,0.0,10.0,0.0,-0.0,0.1,0.2052006539999999,20.52006539999999,0.0,0.0,100.0,1.0,0.11,-11.0,-211.86833328966995,211.86833328966995,0.0,-211.86833328966995,211.86833328966995,0.0,-17936.36780908856,17936.36780908856,0.0,0.0,1271.41505859375,1271.41505859375,0.0,0.0,3814.4348924228257,3814.4348924228257,0.0,-131753.54524651327,-131753.54524651327,18360.1044756679,18360.1044756679,18260.1044756679,0.0,100.0,0.0,0.0,18360.1044756679,13274.254524651325,1,0.0,100.0
8601,5077.06345441886,0.0,-50770.63454418859,0.0,10.0,0.0,-0.0,0.1,0.210295874,21.0295874,0.0,0.0,100.0,1.0,0.11,-11.0,-196.71812124741544,196.71812124741544,0.0,-196.71812124741544,196.71812124741544,0.0,-15719.516697470175,15719.516697470175,0.0,0.0,2505.435556640625,2505.435556640625,0.0,0.0,8430.453928905521,8430.453928905521,0.0,-50781.63454418859,-50781.63454418859,16112.952939965005,16112.952939965005,16012.952939965005,0.0,100.0,0.0,0.0,16112.952939965005,5177.06345441886,1,0.0,100.0
8602,0.0,0.0,-0.0,55.55555555555556,10.0,0.0,-0.0,0.1,0.227892147,0.0,0.0,100.0,0.0,1.0,0.11,0.0,-196.773738384834,196.773738384834,0.0,-196.773738384834,196.773738384834,0.0,-12763.715215312322,12763.715215312322,0.0,0.0,3477.694130859375,3477.694130859375,0.0,2188.6380441198653,12023.762160898035,9835.12411677817,0.0,0.0,0.0,13312.818247637544,13312.818247637546,13312.818247637544,0.0,0.0,155.55555555555475,0.0,13157.262692081991,-2344.19359967542,1,-55.55555555555556,-100.0
8603,0.0,0.0,-0.0,44.44444444444444,60.0,0.0,-0.0,0.6,0.23494335,0.0,0.0,100.0,0.0,1.0,0.11,0.0,-199.74351427280547,199.74351427280547,0.0,-199.74351427280547,199.74351427280547,0.0,-12763.77561454921,12763.77561454921,0.0,0.0,3926.428857421875,3926.428857421875,0.0,4687.905539761001,14069.183769878391,9381.27823011739,0.0,0.0,0.0,13307.707087539266,13307.707087539266,13307.707087539266,0.0,0.0,144.44444444444525,0.0,13163.26264309482,-4832.349984205446,1,-44.44444444444444,-100.0
8604,0.0,0.0,-0.0,0.0,100.0,-0.0,-0.0,1.0,0.22597848,0.0,0.0,100.0,0.0,1.0,0.11,0.0,-196.78808789708827,196.78808789708827,0.0,-196.78808789708827,196.78808789708827,0.0,-12763.77558431936,12763.77558431936,0.0,0.0,4599.5309472656245,4599.5309472656245,0.0,5715.412115122155,14373.232927970068,8657.820812847913,0.0,0.0,0.0,13257.351760113537,13257.351760113537,13257.351760113537,0.0,0.0,100.0,0.0,13157.351760113537,-5815.412115122157,1,-0.0,-100.0
8605,0.0,0.0,-0.0,0.0,100.0,-0.0,-0.0,1.0,0.207271406,0.0,0.0,100.0,0.0,1.0,0.11,0.0,-197.01886701887537,197.01886701887537,0.0,-197.01886701887537,197.01886701887537,0.0,-12763.866189220656,12763.866189220656,0.0,0.0,9161.667333984376,9161.667333984376,0.0,8784.391380791452,12880.627970065483,4096.236589274031,0.0,0.0,0.0,13257.903923258407,13257.903923258407,13257.903923258407,0.0,0.0,100.0,0.0,13157.903923258407,-8884.391380791454,1,-0.0,-100.0
8606,0.0,0.0,-0.0,0.0,100.0,-0.0,-0.0,1.0,0.212224836,0.0,0.0,100.0,0.0,1.0,0.08,0.0,-197.1455717472005,197.1455717472005,0.0,-197.1455717472005,197.1455717472005,0.0,-12763.775608503238,12763.775608503238,0.0,0.0,6731.020898437499,6731.020898437499,0.0,3230.168037927232,9757.213891487372,6527.04585356014,0.0,0.0,0.0,13258.06675199764,13258.06675199764,13258.06675199764,0.0,0.0,100.0,0.0,13158.06675199764,-3330.168037927231,1,-0.0,-100.0
8607,3462.458661132273,0.0,-34624.58661132273,0.0,100.0,45.0,-0.0,1.0,0.209207702,20.9207702,0.0,0.0,100.0,1.0,0.08,-8.0,-197.12787125246803,197.12787125246803,0.0,-197.12787125246803,197.12787125246803,0.0,-12763.715215312322,12763.715215312322,0.0,0.0,4188.190781249999,4188.190781249999,0.0,0.0,5362.321515434986,5362.321515434986,0.0,-34632.58661132273,-34632.58661132273,13157.970957817259,13157.970957817259,13012.970957817259,0.0,145.0,0.0,0.0,13157.970957817259,3607.458661132274,1,45.0,100.0
8608,17052.451605849838,0.0,-170524.51605849838,0.0,50.0,36.0,-0.0,0.5,0.208116983,20.8116983,0.0,0.0,100.0,1.0,0.08,-8.0,-196.7085893974849,196.7085893974849,0.0,-196.7085893974849,196.7085893974849,0.0,-18302.254167228948,18302.254167228948,0.0,0.0,373.94560546875,373.94560546875,0.0,0.0,1133.2741347053322,1133.2741347053322,0.0,-170532.51605849838,-170532.51605849838,18695.67134602392,18695.67134602392,18559.67134602392,0.0,136.0,0.0,0.0,18695.67134602392,17188.451605849838,1,36.0,100.0
8609,21446.644712620204,0.0,-214466.44712620205,0.0,10.0,0.0,-0.0,0.1,0.186350051,18.635005099999997,0.0,0.0,100.0,1.0,0.11,-11.0,-220.53994965337844,220.53994965337844,0.0,-220.53994965337844,220.53994965337844,0.0,-21105.564813313445,21105.564813313445,0.0,0.0,0.0,0.0,0.0,0.0,0.0,0.0,0.0,-214477.44712620205,-214477.44712620205,21546.644712620204,21546.644712620204,21446.644712620204,0.0,100.0,0.0,0.0,21546.644712620204,21546.644712620204,1,0.0,100.0
8610,21517.153735617467,0.0,-215171.53735617467,0.0,10.0,0.0,-0.0,0.1,0.148840517,14.8840517,0.0,0.0,100.0,1.0,0.11,-11.0,-232.4253464597328,232.4253464597328,0.0,-232.4253464597328,232.4253464597328,0.0,-21152.303042698,21152.303042698,0.0,0.0,0.0,0.0,0.0,0.0,0.0,0.0,0.0,-215182.53735617467,-215182.53735617467,21617.153735617467,21617.153735617467,21517.153735617467,0.0,100.0,0.0,0.0,21617.153735617467,21617.153735617467,1,0.0,100.0
8611,20017.741342063484,0.0,-200177.41342063484,0.0,10.0,0.0,-0.0,0.1,0.139058506,13.905850599999999,0.0,0.0,100.0,1.0,0.11,-11.0,-233.2941060838172,233.2941060838172,0.0,-233.2941060838172,233.2941060838172,0.0,-19651.15312989585,19651.15312989585,0.0,0.0,0.0,0.0,0.0,0.0,0.0,0.0,0.0,-200188.41342063484,-200188.41342063484,20117.741342063484,20117.741342063484,20017.741342063484,0.0,100.0,0.0,0.0,20117.741342063484,20117.741342063484,1,0.0,100.0
8612,20041.080804582016,0.0,-200410.80804582016,0.0,10.0,0.0,-0.0,0.1,0.153904763,15.3904763,0.0,0.0,100.0,1.0,0.11,-11.0,-233.214175484172,233.214175484172,0.0,-233.214175484172,233.214175484172,0.0,-19674.65245361367,19674.65245361367,0.0,0.0,0.0,0.0,0.0,0.0,0.0,0.0,0.0,-200421.80804582016,-200421.80804582016,20141.080804582016,20141.080804582016,20041.080804582016,0.0,100.0,0.0,0.0,20141.080804582016,20141.080804582016,1,0.0,100.0
8613,18538.9149904661,0.0,-185389.149904661,0.0,10.0,0.0,-0.0,0.1,0.175417775,17.5417775,0.0,0.0,100.0,1.0,0.11,-11.0,-232.69462261150912,232.69462261150912,0.0,-232.69462261150912,232.69462261150912,0.0,-18173.52574524308,18173.52574524308,0.0,0.0,0.0,0.0,0.0,0.0,0.0,0.0,0.0,-185400.149904661,-185400.149904661,18638.9149904661,18638.9149904661,18538.9149904661,0.0,100.0,0.0,0.0,18638.9149904661,18638.9149904661,1,0.0,100.0
8614,17083.048229595763,0.0,-170830.48229595763,0.0,10.0,0.0,-0.0,0.1,0.18690018,18.690018,0.0,0.0,100.0,1.0,0.11,-11.0,-231.9883052386355,231.9883052386355,0.0,-231.9883052386355,231.9883052386355,0.0,-16719.07161911849,16719.07161911849,0.0,0.0,0.0,0.0,0.0,0.0,0.0,0.0,0.0,-170841.48229595763,-170841.48229595763,17183.048229595763,17183.048229595763,17083.048229595763,0.0,100.0,0.0,0.0,17183.048229595763,17183.048229595763,1,0.0,100.0
8615,15587.683402389815,0.0,-155876.83402389815,0.0,10.0,0.0,-0.0,0.1,0.204134183,20.4134183,0.0,0.0,100.0,1.0,0.11,-11.0,-234.9553948426148,234.9553948426148,0.0,-234.9553948426148,234.9553948426148,0.0,-15217.772612704586,15217.772612704586,0.0,0.0,0.0,0.0,0.0,0.0,0.0,0.0,0.0,-155887.83402389815,-155887.83402389815,15687.683402389815,15687.683402389815,15587.683402389815,0.0,100.0,0.0,0.0,15687.683402389815,15687.683402389815,1,0.0,100.0
8616,17879.47104922212,0.0,-178794.7104922212,0.0,10.0,0.0,-0.0,0.1,0.208406335,20.8406335,0.0,0.0,100.0,1.0,0.08,-8.0,-231.8628844252696,231.8628844252696,0.0,-231.8628844252696,231.8628844252696,0.0,-17515.745280371582,17515.745280371582,0.0,0.0,0.0,0.0,0.0,0.0,0.0,0.0,0.0,-178802.7104922212,-178802.7104922212,17979.47104922212,17979.47104922212,17879.47104922212,0.0,100.0,0.0,0.0,17979.47104922212,17979.47104922212,1,0.0,100.0
8617,17855.872334774584,0.0,-178558.72334774584,0.0,10.0,0.0,-0.0,0.1,0.210391118,21.0391118,0.0,0.0,100.0,1.0,0.08,-8.0,-231.78596103605403,231.78596103605403,0.0,-231.78596103605403,231.78596103605403,0.0,-17492.300412702476,17492.300412702476,0.0,0.0,0.0,0.0,0.0,0.0,0.0,0.0,0.0,-178566.72334774584,-178566.72334774584,17955.872334774584,17955.872334774584,17855.872334774584,0.0,100.0,0.0,0.0,17955.872334774584,17955.872334774584,1,0.0,100.0
8618,17898.465252262802,0.0,-178984.65252262802,0.0,10.0,0.0,-0.0,0.1,0.216597045,21.6597045,0.0,0.0,100.0,1.0,0.08,-8.0,-241.2660013472768,241.2660013472768,0.0,-241.2660013472768,241.2660013472768,0.0,-17515.93324956825,17515.93324956825,0.0,0.0,0.0,0.0,0.0,0.0,0.0,0.0,0.0,-178992.65252262802,-178992.65252262802,17998.465252262802,17998.465252262802,17898.465252262802,0.0,100.0,0.0,0.0,17998.465252262802,17998.465252262802,1,0.0,100.0
8619,17900.629347828137,0.0,-179006.29347828135,0.0,10.0,0.0,-0.0,0.1,0.216947547,21.6947547,0.0,0.0,100.0,1.0,0.08,-8.0,-254.0526654919123,254.0526654919123,0.0,-254.0526654919123,254.0526654919123,0.0,-17492.524016844312,17492.524016844312,0.0,0.0,0.0,0.0,0.0,0.0,0.0,0.0,0.0,-179014.29347828135,-179014.29347828135,18000.629347828137,18000.629347828137,17900.629347828137,0.0,100.0,0.0,0.0,18000.629347828137,18000.629347828137,1,0.0,100.0
8620,18670.90638124679,0.0,-186709.0638124679,0.0,10.0,0.0,-0.0,0.1,0.216721932,21.672193200000002,0.0,0.0,100.0,1.0,0.08,-8.0,-257.78829638109505,257.78829638109505,0.0,-257.78829638109505,257.78829638109505,0.0,-18255.3297884846,18255.3297884846,0.0,0.0,0.0,0.0,0.0,0.0,0.0,0.0,0.0,-186717.0638124679,-186717.0638124679,18770.90638124679,18770.90638124679,18670.90638124679,0.0,100.0,0.0,0.0,18770.90638124679,18770.90638124679,1,0.0,100.0
8621,21639.59535649512,0.0,-216395.9535649512,0.0,10.0,0.0,-0.0,0.1,0.205453849,20.5453849,0.0,0.0,100.0,1.0,0.11,-11.0,-261.59501163936744,261.59501163936744,0.0,-261.59501163936744,261.59501163936744,0.0,-21216.405333216386,21216.405333216386,0.0,0.0,0.0,0.0,0.0,0.0,0.0,0.0,0.0,-216406.9535649512,-216406.9535649512,21739.59535649512,21739.59535649512,21639.59535649512,0.0,100.0,0.0,0.0,21739.59535649512,21739.59535649512,1,0.0,100.0
8622,28694.07582798269,0.0,-286940.7582798269,0.0,10.0,0.0,-0.0,0.1,0.207916935,20.7916935,0.0,0.0,100.0,1.0,0.11,-11.0,-274.63764185697505,274.63764185697505,0.0,-274.63764185697505,274.63764185697505,0.0,-28244.800544268743,28244.800544268743,0.0,0.0,0.0,0.0,0.0,0.0,0.0,0.0,0.0,-286951.7582798269,-286951.7582798269,28794.07582798269,28794.07582798269,28694.07582798269,0.0,100.0,0.0,0.0,28794.07582798269,28794.07582798269,1,0.0,100.0
8623,30981.666164122555,0.0,-309816.66164122557,0.0,10.0,0.0,-0.0,0.1,0.2029060369999999,20.29060369999999,0.0,0.0,100.0,1.0,0.11,-11.0,-512.8897063321646,512.8897063321646,0.0,-512.8897063321646,512.8897063321646,0.0,-30781.029803558613,30781.029803558613,0.0,0.0,448.7347265625,448.7347265625,0.0,0.0,276.4083255378859,276.4083255378859,0.0,-309827.66164122557,-309827.66164122557,31806.80921622294,31806.80921622294,31706.80921622294,0.0,100.0,0.0,0.0,31806.80921622294,31081.666164122555,1,0.0,100.0
8624,56935.481559793974,0.0,-569354.8155979398,0.0,10.0,0.0,-0.0,0.1,0.2060006919999999,20.60006919999999,0.0,0.0,100.0,1.0,0.11,-11.0,-695.8948127457206,695.8948127457206,0.0,-695.8948127457206,695.8948127457206,0.0,-63384.52406470697,63384.52406470697,0.0,0.0,4562.13638671875,4562.13638671875,0.0,0.0,3178.695743685688,3178.695743685688,0.0,-569365.8155979398,-569365.8155979398,64776.31369019841,64776.31369019841,64676.31369019841,0.0,100.0,0.0,0.0,64776.31369019841,57035.481559793974,1,0.0,100.0
8625,45261.382985486875,0.0,-452613.82985486876,0.0,10.0,0.0,-0.0,0.1,0.21757236,21.757236,0.0,0.0,100.0,1.0,0.11,-11.0,-695.4413972468877,695.4413972468877,0.0,-695.4413972468877,695.4413972468877,0.0,-61159.35142555446,61159.35142555446,0.0,0.0,9946.95310546875,9946.95310546875,0.0,0.0,7241.898129092611,7241.898129092611,0.0,-452624.82985486876,-452624.82985486876,62550.23422004824,62550.23422004823,62450.23422004824,0.0,100.0,0.0,0.0,62550.23422004823,45361.38298548687,1,0.0,100.0
8626,35674.586829683634,0.0,-356745.8682968363,0.0,10.0,0.0,-0.0,0.1,0.2347107339999999,23.47107339999999,0.0,0.0,100.0,1.0,0.11,-11.0,-710.253395042281,710.253395042281,0.0,-710.253395042281,710.253395042281,0.0,-58202.5934709967,58202.5934709967,0.0,0.0,13013.3070703125,13013.3070703125,0.0,0.0,10835.206361085127,10835.206361085127,0.0,-356756.8682968363,-356756.8682968363,59623.10026108126,59623.10026108126,59523.10026108126,0.0,100.0,0.0,0.0,59623.10026108126,35774.58682968363,1,0.0,100.0
8627,35417.44659396064,0.0,-354174.46593960637,0.0,10.0,0.0,-0.0,0.1,0.2409554189999999,24.09554189999999,0.0,0.0,100.0,1.0,0.11,-11.0,-726.9752712568675,726.9752712568675,0.0,-726.9752712568675,726.9752712568675,0.0,-58198.26639469629,58198.26639469629,0.0,0.0,11143.57904296875,11143.57904296875,0.0,0.0,12991.191300280638,12991.191300280638,0.0,-354185.46593960637,-354185.46593960637,59652.216937210025,59652.216937210025,59552.216937210025,0.0,100.0,0.0,0.0,59652.216937210025,35517.44659396064,1,0.0,100.0
8628,34960.112275611966,0.0,-349601.12275611964,0.0,10.0,0.0,-0.0,0.1,0.24410334,24.410334,0.0,0.0,100.0,1.0,0.11,-11.0,-754.0953908316714,754.0953908316714,0.0,-754.0953908316714,754.0953908316714,0.0,-55186.14895427406,55186.14895427406,0.0,0.0,8338.987001953124,8338.987001953124,0.0,0.0,13295.240458372313,13295.240458372313,0.0,-349612.12275611964,-349612.12275611964,56694.33973593741,56694.3397359374,56594.33973593741,0.0,100.0,0.0,0.0,56694.3397359374,35060.11227561196,1,0.0,100.0
8629,38233.9491160021,0.0,-382339.491160021,0.0,10.0,0.0,-0.0,0.1,0.239431043,23.9431043,0.0,0.0,100.0,1.0,0.11,-11.0,-765.790253988607,765.790253988607,0.0,-765.790253988607,765.790253988607,0.0,-58197.51906447879,58197.51906447879,0.0,0.0,9647.79662109375,9647.79662109375,0.0,0.0,11747.35383536015,11747.35383536015,0.0,-382350.491160021,-382350.491160021,59729.099572456,59729.099572456,59629.099572456,0.0,100.0,0.0,0.0,59729.099572456,38333.9491160021,1,0.0,100.0
8630,45635.370150008996,0.0,-456353.70150008996,0.0,10.0,0.0,-0.0,0.1,0.241844443,24.1844443,0.0,0.0,100.0,1.0,0.08,-8.0,-792.7111297110571,792.7111297110571,0.0,-792.7111297110571,792.7111297110571,0.0,-58196.0989266658,58196.0989266658,0.0,0.0,5422.211279296875,5422.211279296875,0.0,0.0,8623.93975678204,8623.93975678204,0.0,-456361.70150008996,-456361.70150008996,59781.521186087906,59781.52118608791,59681.521186087906,0.0,100.0,0.0,0.0,59781.52118608791,45735.370150008996,1,0.0,100.0
8631,52055.04287286006,0.0,-520550.4287286006,0.0,10.0,0.0,-0.0,0.1,0.25669785,25.669785,0.0,0.0,100.0,1.0,0.08,-8.0,-792.9051885302758,792.9051885302758,0.0,-792.9051885302758,792.9051885302758,0.0,-58194.7034805929,58194.7034805929,0.0,0.0,2954.170283203125,2954.170283203125,0.0,0.0,4671.300701590272,4671.300701590272,0.0,-520558.4287286006,-520558.4287286006,59780.51385765346,59780.51385765345,59680.51385765346,0.0,100.0,0.0,0.0,59780.51385765345,52155.04287286005,1,0.0,100.0
8632,63881.18233177889,0.0,-638811.8233177889,0.0,10.0,0.0,-0.0,0.1,0.234103188,23.4103188,0.0,0.0,100.0,1.0,0.08,-8.0,-747.4681573831681,747.4681573831681,0.0,-747.4681573831681,747.4681573831681,0.0,-63734.94453620945,63734.94453620945,0.0,0.0,336.551044921875,336.551044921875,0.0,0.0,912.1474742750236,912.1474742750236,0.0,-638819.8233177889,-638819.8233177889,65229.88085097579,65229.88085097579,65129.88085097579,0.0,100.0,0.0,0.0,65229.88085097579,63981.18233177889,1,0.0,100.0
8633,58426.96925150181,0.0,-584269.6925150182,0.0,10.0,0.0,-0.0,0.1,0.1992120439999999,19.92120439999999,0.0,0.0,100.0,1.0,0.11,-11.0,-548.4339151822346,548.4339151822346,0.0,-548.4339151822346,548.4339151822346,0.0,-57430.10142113734,57430.10142113734,0.0,0.0,0.0,0.0,0.0,0.0,0.0,0.0,0.0,-584280.6925150182,-584280.6925150182,58526.96925150181,58526.96925150181,58426.96925150181,0.0,100.0,0.0,0.0,58526.96925150181,58526.96925150181,1,0.0,100.0
8634,46358.26266071894,0.0,-463582.62660718936,0.0,10.0,0.0,-0.0,0.1,0.170170526,17.0170526,0.0,0.0,100.0,1.0,0.11,-11.0,-539.3468584153433,539.3468584153433,0.0,-539.3468584153433,539.3468584153433,0.0,-45379.568943888255,45379.568943888255,0.0,0.0,0.0,0.0,0.0,0.0,0.0,0.0,0.0,-463593.62660718936,-463593.62660718936,46458.26266071894,46458.26266071894,46358.26266071894,0.0,100.0,0.0,0.0,46458.26266071894,46458.26266071894,1,0.0,100.0
8635,44881.055432400106,0.0,-448810.5543240011,0.0,10.0,0.0,-0.0,0.1,0.164389442,16.438944199999998,0.0,0.0,100.0,1.0,0.11,-11.0,-539.5097961568896,539.5097961568896,0.0,-539.5097961568896,539.5097961568896,0.0,-43902.035840086326,43902.035840086326,0.0,0.0,0.0,0.0,0.0,0.0,0.0,0.0,0.0,-448821.5543240011,-448821.5543240011,44981.055432400106,44981.055432400106,44881.055432400106,0.0,100.0,0.0,0.0,44981.055432400106,44981.055432400106,1,0.0,100.0
8636,35845.0884842077,0.0,-358450.884842077,0.0,10.0,0.0,-0.0,0.1,0.1749974869999999,17.49974869999999,0.0,0.0,100.0,1.0,0.11,-11.0,-539.9895544023424,539.9895544023424,0.0,-539.9895544023424,539.9895544023424,0.0,-34865.109375403015,34865.109375403015,0.0,0.0,0.0,0.0,0.0,0.0,0.0,0.0,0.0,-358461.884842077,-358461.884842077,35945.0884842077,35945.0884842077,35845.0884842077,0.0,100.0,0.0,0.0,35945.0884842077,35945.0884842077,1,0.0,100.0
8637,33752.745932779566,0.0,-337527.45932779566,0.0,10.0,0.0,-0.0,0.1,0.196173856,19.617385600000002,0.0,0.0,100.0,1.0,0.11,-11.0,-231.96883697062253,231.96883697062253,0.0,-231.96883697062253,231.96883697062253,0.0,-33388.80825883832,33388.80825883832,0.0,0.0,0.0,0.0,0.0,0.0,0.0,0.0,0.0,-337538.45932779566,-337538.45932779566,33852.745932779566,33852.745932779566,33752.745932779566,0.0,100.0,0.0,0.0,33852.745932779566,33852.745932779566,1,0.0,100.0
8638,21486.218290713954,0.0,-214862.18290713953,0.0,10.0,0.0,-0.0,0.1,0.198043791,19.8043791,0.0,0.0,100.0,1.0,0.11,-11.0,-232.10229734690503,232.10229734690503,0.0,-232.10229734690503,232.10229734690503,0.0,-21122.013696020145,21122.013696020145,0.0,0.0,0.0,0.0,0.0,0.0,0.0,0.0,0.0,-214873.18290713953,-214873.18290713953,21586.218290713954,21586.218290713954,21486.218290713954,0.0,100.0,0.0,0.0,21586.218290713954,21586.218290713954,1,0.0,100.0
8639,18507.93250541257,0.0,-185079.3250541257,0.0,10.0,0.0,-0.0,0.1,0.195932846,19.5932846,0.0,0.0,100.0,1.0,0.11,-11.0,-235.24857411430068,235.24857411430068,0.0,-235.24857411430068,235.24857411430068,0.0,-18137.435357183967,18137.435357183967,0.0,0.0,0.0,0.0,0.0,0.0,0.0,0.0,0.0,-185090.3250541257,-185090.3250541257,18607.93250541257,18607.93250541257,18507.93250541257,0.0,100.0,0.0,0.0,18607.93250541257,18607.93250541257,1,0.0,100.0
8640,17762.778983030617,0.0,-177627.78983030617,0.0,10.0,0.0,-0.0,0.1,0.197340287,19.7340287,0.0,0.0,100.0,1.0,0.08,-8.0,-232.1469437793297,232.1469437793297,0.0,-232.1469437793297,232.1469437793297,0.0,-17398.48509547196,17398.48509547196,0.0,0.0,0.0,0.0,0.0,0.0,0.0,0.0,0.0,-177635.78983030617,-177635.78983030617,17862.778983030617,17862.778983030617,17762.778983030617,0.0,100.0,0.0,0.0,17862.778983030617,17862.778983030617,1,0.0,100.0
8641,17762.628767888895,0.0,-177626.28767888894,0.0,10.0,0.0,-0.0,0.1,0.200248796,20.024879600000002,0.0,0.0,100.0,1.0,0.08,-8.0,-232.0718452774217,232.0718452774217,0.0,-232.0718452774217,232.0718452774217,0.0,-17398.48507733405,17398.48507733405,0.0,0.0,0.0,0.0,0.0,0.0,0.0,0.0,0.0,-177634.28767888894,-177634.28767888894,17862.628767888895,17862.628767888895,17762.628767888895,0.0,100.0,0.0,0.0,17862.628767888895,17862.628767888895,1,0.0,100.0
8642,17762.584839063715,0.0,-177625.84839063714,0.0,10.0,0.0,-0.0,0.1,0.201009885,20.1009885,0.0,0.0,100.0,1.0,0.08,-8.0,-232.0498778418481,232.0498778418481,0.0,-232.0498778418481,232.0498778418481,0.0,-17398.48508338002,17398.48508338002,0.0,0.0,0.0,0.0,0.0,0.0,0.0,0.0,0.0,-177633.84839063714,-177633.84839063714,17862.584839063715,17862.584839063715,17762.584839063715,0.0,100.0,0.0,0.0,17862.584839063715,17862.584839063715,1,0.0,100.0
8643,17762.575295434825,0.0,-177625.75295434825,0.0,10.0,0.0,-0.0,0.1,0.201180323,20.1180323,0.0,0.0,100.0,1.0,0.08,-8.0,-232.0450969584472,232.0450969584472,0.0,-232.0450969584472,232.0450969584472,0.0,-17398.48510151793,17398.48510151793,0.0,0.0,0.0,0.0,0.0,0.0,0.0,0.0,0.0,-177633.75295434825,-177633.75295434825,17862.575295434825,17862.575295434825,17762.575295434825,0.0,100.0,0.0,0.0,17862.575295434825,17862.575295434825,1,0.0,100.0
8644,18549.89568992266,0.0,-185498.9568992266,0.0,10.0,0.0,-0.0,0.1,0.194394528,19.4394528,0.0,0.0,100.0,1.0,0.08,-8.0,-232.8899393201012,232.8899393201012,0.0,-232.8899393201012,232.8899393201012,0.0,-18184.11581128246,18184.11581128246,0.0,0.0,0.0,0.0,0.0,0.0,0.0,0.0,0.0,-185506.9568992266,-185506.9568992266,18649.89568992266,18649.89568992266,18549.89568992266,0.0,100.0,0.0,0.0,18649.89568992266,18649.89568992266,1,0.0,100.0
8645,21581.12711977378,0.0,-215811.2711977378,0.0,10.0,0.0,-0.0,0.1,0.203858555,20.385855499999998,0.0,0.0,100.0,1.0,0.11,-11.0,-232.8164419775136,232.8164419775136,0.0,-232.8164419775136,232.8164419775136,0.0,-21215.494235818755,21215.494235818755,0.0,0.0,0.0,0.0,0.0,0.0,0.0,0.0,0.0,-215822.2711977378,-215822.2711977378,21681.12711977378,21681.12711977378,21581.12711977378,0.0,100.0,0.0,0.0,21681.12711977378,21681.12711977378,1,0.0,100.0
8646,26296.28172848175,0.0,-262962.8172848175,0.0,10.0,0.0,-0.0,0.1,0.190394188,19.0394188,0.0,0.0,100.0,1.0,0.11,-11.0,-272.18459548400944,272.18459548400944,0.0,-272.18459548400944,272.18459548400944,0.0,-25851.91253751373,25851.91253751373,0.0,0.0,0.0,0.0,0.0,0.0,0.0,0.0,0.0,-262973.8172848175,-262973.8172848175,26396.28172848175,26396.28172848175,26296.28172848175,0.0,100.0,0.0,0.0,26396.28172848175,26396.28172848175,1,0.0,100.0
8647,31006.173116045047,0.0,-310061.7311604505,0.0,10.0,0.0,-0.0,0.1,0.188635577,18.8635577,0.0,0.0,100.0,1.0,0.11,-11.0,-512.7179872566604,512.7179872566604,0.0,-512.7179872566604,512.7179872566604,0.0,-30766.865281659764,30766.865281659764,0.0,0.0,299.156484375,299.156484375,0.0,0.0,386.9716557530403,386.9716557530403,0.0,-310072.7311604505,-310072.7311604505,31792.301256173087,31792.301256173087,31692.301256173087,0.0,100.0,0.0,0.0,31792.301256173087,31106.173116045047,1,0.0,100.0
8648,59917.55768809422,0.0,-599175.5768809422,0.0,10.0,0.0,-0.0,0.1,0.188672306,18.867230600000003,0.0,0.0,100.0,1.0,0.11,-11.0,-695.9182462335133,695.9182462335133,0.0,-695.9182462335133,695.9182462335133,0.0,-63374.98848228163,63374.98848228163,0.0,0.0,1570.57154296875,1570.57154296875,0.0,0.0,3178.695743685688,3178.695743685688,0.0,-599186.5768809422,-599186.5768809422,64766.824974748655,64766.824974748655,64666.824974748655,0.0,100.0,0.0,0.0,64766.824974748655,60017.55768809422,1,0.0,100.0
8649,52372.81185367709,0.0,-523728.1185367709,0.0,10.0,0.0,-0.0,0.1,0.190126817,19.0126817,0.0,0.0,100.0,1.0,0.11,-11.0,-695.9839620932714,695.9839620932714,0.0,-695.9839620932714,695.9839620932714,0.0,-61151.73422930163,61151.73422930163,0.0,0.0,2580.224677734375,2580.224677734375,0.0,0.0,7490.665622076708,7490.665622076708,0.0,-523739.1185367709,-523739.1185367709,62543.70215348818,62543.70215348818,62443.70215348818,0.0,100.0,0.0,0.0,62543.70215348818,52472.81185367709,1,0.0,100.0
8650,46889.785509242756,0.0,-468897.8550924276,0.0,10.0,0.0,-0.0,0.1,0.193512886,19.3512886,0.0,0.0,100.0,1.0,0.11,-11.0,-710.666208116537,710.666208116537,0.0,-710.666208116537,710.666208116537,0.0,-58271.672271692296,58271.672271692296,0.0,0.0,3664.66693359375,3664.66693359375,0.0,0.0,9038.55224508887,9038.55224508887,0.0,-468908.8550924276,-468908.8550924276,59693.00468792538,59693.00468792537,59593.00468792538,0.0,100.0,0.0,0.0,59693.00468792537,46989.78550924275,1,0.0,100.0
8651,44474.000857948064,0.0,-444740.00857948064,0.0,10.0,0.0,-0.0,0.1,0.203997621,20.3997621,0.0,0.0,100.0,1.0,0.11,-11.0,-715.3922951065066,715.3922951065066,0.0,-715.3922951065066,715.3922951065066,0.0,-58397.52541793384,58397.52541793384,0.0,0.0,3589.8778125,3589.8778125,0.0,0.0,11664.431337698785,11664.431337698785,0.0,-444751.00857948064,-444751.00857948064,59828.310008146844,59828.31000814685,59728.310008146844,0.0,100.0,0.0,0.0,59828.31000814685,44574.000857948064,1,0.0,100.0
8652,39056.60846283657,0.0,-390566.0846283657,0.0,10.0,0.0,-0.0,0.1,0.208949955,20.8949955,0.0,0.0,100.0,1.0,0.11,-11.0,-739.5308110013635,739.5308110013635,0.0,-739.5308110013635,739.5308110013635,0.0,-55437.38640599404,55437.38640599404,0.0,0.0,4188.190781249999,4188.190781249999,0.0,0.0,13571.6487839102,13571.6487839102,0.0,-390577.0846283657,-390577.0846283657,56916.44802799677,56916.44802799677,56816.44802799677,0.0,100.0,0.0,0.0,56916.44802799677,39156.60846283657,1,0.0,100.0
8653,44043.692696007674,0.0,-440436.92696007673,0.0,10.0,0.0,-0.0,0.1,0.2057096169999999,20.57096169999999,0.0,0.0,100.0,1.0,0.11,-11.0,-759.251738080505,759.251738080505,0.0,-759.251738080505,759.251738080505,0.0,-58450.20212568193,58450.20212568193,0.0,0.0,3552.483251953125,3552.483251953125,0.0,0.0,12272.529653882137,12272.529653882137,0.0,-440447.92696007673,-440447.92696007673,59968.705601842936,59968.705601842936,59868.705601842936,0.0,100.0,0.0,0.0,59968.705601842936,44143.692696007674,1,0.0,100.0
8654,48642.18636477536,0.0,-486421.8636477536,0.0,10.0,0.0,-0.0,0.1,0.2006081069999999,20.06081069999999,0.0,0.0,100.0,1.0,0.08,-8.0,-787.9760697517864,787.9760697517864,0.0,-787.9760697517864,787.9760697517864,0.0,-58359.02458036965,58359.02458036965,0.0,0.0,2430.6464355468747,2430.6464355468747,0.0,0.0,8762.143919550983,8762.143919550983,0.0,-486429.8636477536,-486429.8636477536,59934.97671987322,59934.97671987322,59834.97671987322,0.0,100.0,0.0,0.0,59934.97671987322,48742.18636477536,1,0.0,100.0
8655,53384.598536100646,0.0,-533845.9853610065,0.0,10.0,0.0,-0.0,0.1,0.194039091,19.4039091,0.0,0.0,100.0,1.0,0.08,-8.0,-785.6753828494094,785.6753828494094,0.0,-785.6753828494094,785.6753828494094,0.0,-58233.1814583458,58233.1814583458,0.0,0.0,1234.020498046875,1234.020498046875,0.0,0.0,5085.913189897101,5085.913189897101,0.0,-533853.9853610065,-533853.9853610065,59804.532224044626,59804.532224044626,59704.532224044626,0.0,100.0,0.0,0.0,59804.532224044626,53484.598536100646,1,0.0,100.0
8656,63859.11098228492,0.0,-638591.1098228492,0.0,10.0,0.0,-0.0,0.1,0.192784598,19.2784598,0.0,0.0,100.0,1.0,0.08,-8.0,-742.2715311467019,742.2715311467019,0.0,-742.2715311467019,742.2715311467019,0.0,-63729.77946433055,63729.77946433055,0.0,0.0,149.5782421875,149.5782421875,0.0,0.0,1105.6333021515436,1105.6333021515436,0.0,-638599.1098228492,-638599.1098228492,65214.32252662396,65214.32252662396,65114.32252662396,0.0,100.0,0.0,0.0,65214.32252662396,63959.11098228492,1,0.0,100.0
8657,58414.283959165004,0.0,-584142.8395916501,0.0,10.0,0.0,-0.0,0.1,0.183360398,18.3360398,0.0,0.0,100.0,1.0,0.11,-11.0,-544.6739561025194,544.6739561025194,0.0,-544.6739561025194,544.6739561025194,0.0,-57424.93604695996,57424.93604695996,0.0,0.0,0.0,0.0,0.0,0.0,0.0,0.0,0.0,-584153.8395916501,-584153.8395916501,58514.283959165004,58514.283959165004,58414.283959165004,0.0,100.0,0.0,0.0,58514.283959165004,58514.283959165004,1,0.0,100.0
8658,46352.593516766974,0.0,-463525.9351676697,0.0,10.0,0.0,-0.0,0.1,0.174502643,17.4502643,0.0,0.0,100.0,1.0,0.11,-11.0,-539.2863405596714,539.2863405596714,0.0,-539.2863405596714,539.2863405596714,0.0,-45374.02083564763,45374.02083564763,0.0,0.0,0.0,0.0,0.0,0.0,0.0,0.0,0.0,-463536.9351676697,-463536.9351676697,46452.593516766974,46452.593516766974,46352.593516766974,0.0,100.0,0.0,0.0,46452.593516766974,46452.593516766974,1,0.0,100.0
8659,44878.05732953754,0.0,-448780.57329537545,0.0,10.0,0.0,-0.0,0.1,0.175899042,17.5899042,0.0,0.0,100.0,1.0,0.11,-11.0,-540.3680350424612,540.3680350424612,0.0,-540.3680350424612,540.3680350424612,0.0,-43897.32125945262,43897.32125945262,0.0,0.0,0.0,0.0,0.0,0.0,0.0,0.0,0.0,-448791.57329537545,-448791.57329537545,44978.05732953754,44978.05732953754,44878.05732953754,0.0,100.0,0.0,0.0,44978.05732953754,44978.05732953754,1,0.0,100.0
8660,35842.08503991812,0.0,-358420.85039918125,0.0,10.0,0.0,-0.0,0.1,0.178362252,17.8362252,0.0,0.0,100.0,1.0,0.11,-11.0,-540.3503899462429,540.3503899462429,0.0,-540.3503899462429,540.3503899462429,0.0,-34861.38426002564,34861.38426002564,0.0,0.0,0.0,0.0,0.0,0.0,0.0,0.0,0.0,-358431.85039918125,-358431.85039918125,35942.08503991812,35942.08503991812,35842.08503991812,0.0,100.0,0.0,0.0,35942.08503991812,35942.08503991812,1,0.0,100.0
8661,33751.52734913376,0.0,-337515.27349133755,0.0,10.0,0.0,-0.0,0.1,0.186365828,18.6365828,0.0,0.0,100.0,1.0,0.11,-11.0,-232.669274485795,232.669274485795,0.0,-232.669274485795,232.669274485795,0.0,-33386.18880016217,33386.18880016217,0.0,0.0,0.0,0.0,0.0,0.0,0.0,0.0,0.0,-337526.27349133755,-337526.27349133755,33851.52734913376,33851.52734913376,33751.52734913376,0.0,100.0,0.0,0.0,33851.52734913376,33851.52734913376,1,0.0,100.0
8662,21486.335984246667,0.0,-214863.35984246666,0.0,10.0,0.0,-0.0,0.1,0.18784799,18.784799,0.0,0.0,100.0,1.0,0.11,-11.0,-232.16107458461025,232.16107458461025,0.0,-232.16107458461025,232.16107458461025,0.0,-21122.013835077447,21122.013835077447,0.0,0.0,0.0,0.0,0.0,0.0,0.0,0.0,0.0,-214874.35984246666,-214874.35984246666,21586.335984246667,21586.335984246667,21486.335984246667,0.0,100.0,0.0,0.0,21586.335984246667,21586.335984246667,1,0.0,100.0
8663,18507.95402277389,0.0,-185079.5402277389,0.0,10.0,0.0,-0.0,0.1,0.199169757,19.916975700000002,0.0,0.0,100.0,1.0,0.11,-11.0,-235.259275358244,235.259275358244,0.0,-235.259275358244,235.259275358244,0.0,-18137.4354720574,18137.4354720574,0.0,0.0,0.0,0.0,0.0,0.0,0.0,0.0,0.0,-185090.5402277389,-185090.5402277389,18607.95402277389,18607.95402277389,18507.95402277389,0.0,100.0,0.0,0.0,18607.95402277389,18607.95402277389,1,0.0,100.0
8664,17762.819893826425,0.0,-177628.19893826425,0.0,10.0,0.0,-0.0,0.1,0.20761674,20.761674,0.0,0.0,100.0,1.0,0.08,-8.0,-232.1673508094748,232.1673508094748,0.0,-232.1673508094748,232.1673508094748,0.0,-17398.485192207474,17398.485192207474,0.0,0.0,0.0,0.0,0.0,0.0,0.0,0.0,0.0,-177636.19893826425,-177636.19893826425,17862.819893826425,17862.819893826425,17762.819893826425,0.0,100.0,0.0,0.0,17862.819893826425,17862.819893826425,1,0.0,100.0
8665,17762.728623770196,0.0,-177627.28623770195,0.0,10.0,0.0,-0.0,0.1,0.211737176,21.1737176,0.0,0.0,100.0,1.0,0.08,-8.0,-232.1217157813604,232.1217157813604,0.0,-232.1217157813604,232.1217157813604,0.0,-17398.485192207474,17398.485192207474,0.0,0.0,0.0,0.0,0.0,0.0,0.0,0.0,0.0,-177635.28623770195,-177635.28623770195,17862.728623770196,17862.728623770196,17762.728623770196,0.0,100.0,0.0,0.0,17862.728623770196,17862.728623770196,1,0.0,100.0
8666,17762.626123777736,0.0,-177626.26123777736,0.0,10.0,0.0,-0.0,0.1,0.209309843,20.9309843,0.0,0.0,100.0,1.0,0.08,-8.0,-232.0704567161756,232.0704567161756,0.0,-232.0704567161756,232.0704567161756,0.0,-17398.485210345385,17398.485210345385,0.0,0.0,0.0,0.0,0.0,0.0,0.0,0.0,0.0,-177634.26123777736,-177634.26123777736,17862.626123777736,17862.626123777736,17762.626123777736,0.0,100.0,0.0,0.0,17862.626123777736,17862.626123777736,1,0.0,100.0
8667,17762.56952729132,0.0,-177625.6952729132,0.0,10.0,0.0,-0.0,0.1,0.210483797,21.0483797,0.0,0.0,100.0,1.0,0.08,-8.0,-232.04215242700096,232.04215242700096,0.0,-232.04215242700096,232.04215242700096,0.0,-17398.48522243732,17398.48522243732,0.0,0.0,0.0,0.0,0.0,0.0,0.0,0.0,0.0,-177633.6952729132,-177633.6952729132,17862.56952729132,17862.56952729132,17762.56952729132,0.0,100.0,0.0,0.0,17862.56952729132,17862.56952729132,1,0.0,100.0
8668,18503.204421622493,0.0,-185032.04421622492,0.0,10.0,0.0,-0.0,0.1,0.194534812,19.4534812,0.0,0.0,100.0,1.0,0.08,-8.0,-232.8844264147934,232.8844264147934,0.0,-232.8844264147934,232.8844264147934,0.0,-18137.435568792906,18137.435568792906,0.0,0.0,0.0,0.0,0.0,0.0,0.0,0.0,0.0,-185040.04421622492,-185040.04421622492,18603.204421622493,18603.204421622493,18503.204421622493,0.0,100.0,0.0,0.0,18603.204421622493,18603.204421622493,1,0.0,100.0
8669,21604.320014027264,0.0,-216043.20014027265,0.0,10.0,0.0,-0.0,0.1,0.182905022,18.2905022,0.0,0.0,100.0,1.0,0.11,-11.0,-232.7810057572716,232.7810057572716,0.0,-232.7810057572716,232.7810057572716,0.0,-21238.75800251272,21238.75800251272,0.0,0.0,0.0,0.0,0.0,0.0,0.0,0.0,0.0,-216054.20014027265,-216054.20014027265,21704.320014027264,21704.320014027264,21604.320014027264,0.0,100.0,0.0,0.0,21704.320014027264,21704.320014027264,1,0.0,100.0
8670,26290.963412152963,0.0,-262909.63412152964,0.0,10.0,0.0,-0.0,0.1,0.172987955,17.2987955,0.0,0.0,100.0,1.0,0.11,-11.0,-272.1362442131898,272.1362442131898,0.0,-272.1362442131898,272.1362442131898,0.0,-25846.690923726583,25846.690923726583,0.0,0.0,0.0,0.0,0.0,0.0,0.0,0.0,0.0,-262920.63412152964,-262920.63412152964,26390.963412152963,26390.963412152963,26290.963412152963,0.0,100.0,0.0,0.0,26390.963412152963,26390.963412152963,1,0.0,100.0
8671,30898.07776299369,0.0,-308980.77762993687,0.0,10.0,0.0,-0.0,0.1,0.167213693,16.7213693,0.0,0.0,100.0,1.0,0.11,-11.0,-518.692622442973,518.692622442973,0.0,-518.692622442973,518.692622442973,0.0,-30770.378419294964,30770.378419294964,0.0,0.0,560.918408203125,560.918408203125,0.0,0.0,248.7674929840973,248.7674929840973,0.0,-308991.77762993687,-308991.77762993687,31807.76366418091,31807.76366418091,31707.76366418091,0.0,100.0,0.0,0.0,31807.76366418091,30998.07776299369,1,0.0,100.0
8672,57210.98958358841,0.0,-572109.8958358841,0.0,10.0,0.0,-0.0,0.1,0.162795115,16.279511499999998,0.0,0.0,100.0,1.0,0.11,-11.0,-695.0163776707235,695.0163776707235,0.0,-695.0163776707235,695.0163776707235,0.0,-63377.247256545896,63377.247256545896,0.0,0.0,4636.9255078125,4636.9255078125,0.0,0.0,2819.3649204864364,2819.3649204864364,0.0,-572120.8958358841,-572120.8958358841,64767.28001188734,64767.28001188734,64667.28001188734,0.0,100.0,0.0,0.0,64767.28001188734,57310.98958358841,1,0.0,100.0
8673,45436.224434489995,0.0,-454362.24434489995,0.0,10.0,0.0,-0.0,0.1,0.164312156,16.431215599999998,0.0,0.0,100.0,1.0,0.11,-11.0,-693.5298798852484,693.5298798852484,0.0,-693.5298798852484,693.5298798852484,0.0,-61160.7652150993,61160.7652150993,0.0,0.0,10433.082392578124,10433.082392578124,0.0,0.0,6578.518147801685,6578.518147801685,0.0,-454373.24434489995,-454373.24434489995,62547.8249748698,62547.8249748698,62447.8249748698,0.0,100.0,0.0,0.0,62547.8249748698,45536.224434489995,1,0.0,100.0
8674,37129.07631230456,0.0,-371290.7631230456,0.0,10.0,0.0,-0.0,0.1,0.170806657,17.0806657,0.0,0.0,100.0,1.0,0.11,-11.0,-711.2455318017663,711.2455318017663,0.0,-711.2455318017663,711.2455318017663,0.0,-58334.883362099215,58334.883362099215,0.0,0.0,12190.62673828125,12190.62673828125,0.0,0.0,10337.671375116934,10337.671375116934,0.0,-371301.7631230456,-371301.7631230456,59757.37442570274,59757.37442570275,59657.37442570274,0.0,100.0,0.0,0.0,59757.37442570275,37229.07631230457,1,0.0,100.0
8675,32669.03750135032,0.0,-326690.37501350325,0.0,10.0,0.0,-0.0,0.1,0.160897551,16.0897551,0.0,0.0,100.0,1.0,0.11,-11.0,-731.1346193131894,731.1346193131894,0.0,-731.1346193131894,731.1346193131894,0.0,-58476.94779653183,58476.94779653183,0.0,0.0,15256.980703125,15256.980703125,0.0,0.0,11913.198830682884,11913.198830682884,0.0,-326701.37501350325,-326701.37501350325,59939.2170351582,59939.21703515821,59839.2170351582,0.0,100.0,0.0,0.0,59939.21703515821,32769.03750135032,1,0.0,100.0
8676,29573.908448363225,0.0,-295739.08448363224,0.0,10.0,0.0,-0.0,0.1,0.191344313,19.1344313,0.0,0.0,100.0,1.0,0.11,-11.0,-750.7912083823238,750.7912083823238,0.0,-750.7912083823238,750.7912083823238,0.0,-55513.243234445865,55513.243234445865,0.0,0.0,14957.82421875,14957.82421875,0.0,0.0,12383.09298409729,12383.09298409729,0.0,-295750.08448363224,-295750.08448363224,57014.825651210514,57014.825651210514,56914.825651210514,0.0,100.0,0.0,0.0,57014.825651210514,29673.908448363225,1,0.0,100.0
8677,36591.8268795581,0.0,-365918.268795581,0.0,10.0,0.0,-0.0,0.1,0.188333393,18.8333393,0.0,0.0,100.0,1.0,0.11,-11.0,-766.7869707491169,766.7869707491169,0.0,-766.7869707491169,766.7869707491169,0.0,-58517.39637949718,58517.39637949718,0.0,0.0,12302.810419921874,12302.810419921874,0.0,0.0,11056.333021515436,11056.333021515436,0.0,-365929.268795581,-365929.268795581,60050.97032099542,60050.97032099541,59950.97032099542,0.0,100.0,0.0,0.0,60050.97032099541,36691.826879558095,1,0.0,100.0
8678,42111.052358988854,0.0,-421110.52358988853,0.0,10.0,0.0,-0.0,0.1,0.187766685,18.7766685,0.0,0.0,100.0,1.0,0.08,-8.0,-799.0078687625896,799.0078687625896,0.0,-799.0078687625896,799.0078687625896,0.0,-58421.39187106721,58421.39187106721,0.0,0.0,9460.823818359377,9460.823818359377,0.0,0.0,8347.531431244155,8347.531431244155,0.0,-421118.52358988853,-421118.52358988853,60019.40760859239,60019.40760859239,59919.40760859239,0.0,100.0,0.0,0.0,60019.40760859239,42211.052358988854,1,0.0,100.0
8679,51213.72929646917,0.0,-512137.29296469176,0.0,10.0,0.0,-0.0,0.1,0.185367798,18.5367798,0.0,0.0,100.0,1.0,0.08,-8.0,-804.4186972870597,804.4186972870597,0.0,-804.4186972870597,804.4186972870597,0.0,-58279.84168262983,58279.84168262983,0.0,0.0,4262.97990234375,4262.97990234375,0.0,0.0,4311.96987839102,4311.96987839102,0.0,-512145.29296469176,-512145.29296469176,59888.67907720394,59888.679077203946,59788.67907720394,0.0,100.0,0.0,0.0,59888.679077203946,51313.72929646917,1,0.0,100.0
8680,63794.40903862929,0.0,-637944.0903862929,0.0,10.0,0.0,-0.0,0.1,0.170595211,17.0595211,0.0,0.0,100.0,1.0,0.08,-8.0,-744.4707308164368,744.4707308164368,0.0,-744.4707308164368,744.4707308164368,0.0,-63728.95521728706,63728.95521728706,0.0,0.0,411.34016601562496,411.34016601562496,0.0,0.0,912.1474742750236,912.1474742750236,0.0,-637952.0903862929,-637952.0903862929,65217.89667891993,65217.89667891993,65117.89667891993,0.0,100.0,0.0,0.0,65217.89667891993,63894.40903862928,1,0.0,100.0
8681,58414.07339431883,0.0,-584140.7339431883,0.0,10.0,0.0,-0.0,0.1,0.166980588,16.698058800000002,0.0,0.0,100.0,1.0,0.11,-11.0,-545.5333837130052,545.5333837130052,0.0,-545.5333837130052,545.5333837130052,0.0,-57423.00662689282,57423.00662689282,0.0,0.0,0.0,0.0,0.0,0.0,0.0,0.0,0.0,-584151.7339431883,-584151.7339431883,58514.07339431883,58514.07339431883,58414.07339431883,0.0,100.0,0.0,0.0,58514.07339431883,58514.07339431883,1,0.0,100.0
8682,46350.244434595246,0.0,-463502.4443459525,0.0,10.0,0.0,-0.0,0.1,0.159198971,15.9198971,0.0,0.0,100.0,1.0,0.11,-11.0,-539.2796994326607,539.2796994326607,0.0,-539.2796994326607,539.2796994326607,0.0,-45371.685035729926,45371.685035729926,0.0,0.0,0.0,0.0,0.0,0.0,0.0,0.0,0.0,-463513.4443459525,-463513.4443459525,46450.244434595246,46450.244434595246,46350.244434595246,0.0,100.0,0.0,0.0,46450.244434595246,46450.244434595246,1,0.0,100.0
8683,44875.23628278189,0.0,-448752.36282781884,0.0,10.0,0.0,-0.0,0.1,0.158553514,15.8553514,0.0,0.0,100.0,1.0,0.11,-11.0,-540.3610139921058,540.3610139921058,0.0,-540.3610139921058,540.3610139921058,0.0,-43894.51425479767,43894.51425479767,0.0,0.0,0.0,0.0,0.0,0.0,0.0,0.0,0.0,-448763.36282781884,-448763.36282781884,44975.23628278189,44975.23628278189,44875.23628278189,0.0,100.0,0.0,0.0,44975.23628278189,44975.23628278189,1,0.0,100.0
8684,35838.03835598807,0.0,-358380.3835598807,0.0,10.0,0.0,-0.0,0.1,0.159263234,15.926323400000001,0.0,0.0,100.0,1.0,0.11,-11.0,-540.4306282503239,540.4306282503239,0.0,-540.4306282503239,540.4306282503239,0.0,-34857.177099487424,34857.177099487424,0.0,0.0,0.0,0.0,0.0,0.0,0.0,0.0,0.0,-358391.3835598807,-358391.3835598807,35938.03835598807,35938.03835598807,35838.03835598807,0.0,100.0,0.0,0.0,35938.03835598807,35938.03835598807,1,0.0,100.0
8685,33745.92421625704,0.0,-337459.24216257036,0.0,10.0,0.0,-0.0,0.1,0.168946735,16.8946735,0.0,0.0,100.0,1.0,0.11,-11.0,-232.68336750794992,232.68336750794992,0.0,-232.68336750794992,232.68336750794992,0.0,-33380.557481241136,33380.557481241136,0.0,0.0,0.0,0.0,0.0,0.0,0.0,0.0,0.0,-337470.24216257036,-337470.24216257036,33845.92421625704,33845.92421625704,33745.92421625704,0.0,100.0,0.0,0.0,33845.92421625704,33845.92421625704,1,0.0,100.0
8686,21486.354056168522,0.0,-214863.54056168522,0.0,10.0,0.0,-0.0,0.1,0.173587219,17.3587219,0.0,0.0,100.0,1.0,0.11,-11.0,-232.17006822374967,232.17006822374967,0.0,-232.17006822374967,232.17006822374967,0.0,-21122.013919721023,21122.013919721023,0.0,0.0,0.0,0.0,0.0,0.0,0.0,0.0,0.0,-214874.54056168522,-214874.54056168522,21586.354056168522,21586.354056168522,21486.354056168522,0.0,100.0,0.0,0.0,21586.354056168522,21586.354056168522,1,0.0,100.0
8687,18508.002432348712,0.0,-185080.02432348713,0.0,10.0,0.0,-0.0,0.1,0.1708818289999999,17.08818289999999,0.0,0.0,100.0,1.0,0.11,-11.0,-235.2834348008857,235.2834348008857,0.0,-235.2834348008857,235.2834348008857,0.0,-18137.43556274694,18137.43556274694,0.0,0.0,0.0,0.0,0.0,0.0,0.0,0.0,0.0,-185091.02432348713,-185091.02432348713,18608.002432348712,18608.002432348712,18508.002432348712,0.0,100.0,0.0,0.0,18608.002432348712,18608.002432348712,1,0.0,100.0
8688,17762.890179767026,0.0,-177628.90179767026,0.0,10.0,0.0,-0.0,0.1,0.171606891,17.160689100000003,0.0,0.0,100.0,1.0,0.08,-8.0,-232.2024272741092,232.2024272741092,0.0,-232.2024272741092,232.2024272741092,0.0,-17398.485325218808,17398.485325218808,0.0,0.0,0.0,0.0,0.0,0.0,0.0,0.0,0.0,-177636.90179767026,-177636.90179767026,17862.890179767026,17862.890179767026,17762.890179767026,0.0,100.0,0.0,0.0,17862.890179767026,17862.890179767026,1,0.0,100.0
8689,17762.79550035904,0.0,-177627.95500359038,0.0,10.0,0.0,-0.0,0.1,0.1745133539999999,17.45133539999999,0.0,0.0,100.0,1.0,0.08,-8.0,-232.15508757011543,232.15508757011543,0.0,-232.15508757011543,232.15508757011543,0.0,-17398.485325218808,17398.485325218808,0.0,0.0,0.0,0.0,0.0,0.0,0.0,0.0,0.0,-177635.95500359038,-177635.95500359038,17862.79550035904,17862.79550035904,17762.79550035904,0.0,100.0,0.0,0.0,17862.79550035904,17862.79550035904,1,0.0,100.0
8690,17762.631840010654,0.0,-177626.31840010654,0.0,10.0,0.0,-0.0,0.1,0.17973236,17.973236,0.0,0.0,100.0,1.0,0.08,-8.0,-232.0732694878628,232.0732694878628,0.0,-232.0732694878628,232.0732694878628,0.0,-17398.48530103493,17398.48530103493,0.0,0.0,0.0,0.0,0.0,0.0,0.0,0.0,0.0,-177634.31840010654,-177634.31840010654,17862.631840010654,17862.631840010654,17762.631840010654,0.0,100.0,0.0,0.0,17862.631840010654,17862.631840010654,1,0.0,100.0
8691,17762.50516118239,0.0,-177625.0516118239,0.0,10.0,0.0,-0.0,0.1,0.183388616,18.3388616,0.0,0.0,100.0,1.0,0.08,-8.0,-232.0099300737305,232.0099300737305,0.0,-232.0099300737305,232.0099300737305,0.0,-17398.48530103493,17398.48530103493,0.0,0.0,0.0,0.0,0.0,0.0,0.0,0.0,0.0,-177633.0516118239,-177633.0516118239,17862.50516118239,17862.50516118239,17762.50516118239,0.0,100.0,0.0,0.0,17862.50516118239,17862.50516118239,1,0.0,100.0
8692,18510.236028404222,0.0,-185102.36028404222,0.0,10.0,0.0,-0.0,0.1,0.1786750889999999,17.86750889999999,0.0,0.0,100.0,1.0,0.08,-8.0,-236.4001693459629,236.4001693459629,0.0,-236.4001693459629,236.4001693459629,0.0,-18137.435689712296,18137.435689712296,0.0,0.0,0.0,0.0,0.0,0.0,0.0,0.0,0.0,-185110.36028404222,-185110.36028404222,18610.236028404222,18610.236028404222,18510.236028404222,0.0,100.0,0.0,0.0,18610.236028404222,18610.236028404222,1,0.0,100.0
8693,21493.43896236427,0.0,-214934.38962364272,0.0,10.0,0.0,-0.0,0.1,0.175955655,17.5955655,0.0,0.0,100.0,1.0,0.11,-11.0,-235.6670405148716,235.6670405148716,0.0,-235.6670405148716,235.6670405148716,0.0,-21122.10488133453,21122.10488133453,0.0,0.0,0.0,0.0,0.0,0.0,0.0,0.0,0.0,-214945.38962364272,-214945.38962364272,21593.43896236427,21593.43896236427,21493.43896236427,0.0,100.0,0.0,0.0,21593.43896236427,21593.43896236427,1,0.0,100.0
8694,26283.20182649582,0.0,-262832.0182649582,0.0,10.0,0.0,-0.0,0.1,0.1617919669999999,16.17919669999999,0.0,0.0,100.0,1.0,0.11,-11.0,-273.5639971464958,273.5639971464958,0.0,-273.5639971464958,273.5639971464958,0.0,-25836.07383220283,25836.07383220283,0.0,0.0,0.0,0.0,0.0,0.0,0.0,0.0,0.0,-262843.0182649582,-262843.0182649582,26383.20182649582,26383.20182649582,26283.20182649582,0.0,100.0,0.0,0.0,26383.20182649582,26383.20182649582,1,0.0,100.0
8695,31094.92847437362,0.0,-310949.2847437362,0.0,10.0,0.0,-0.0,0.1,0.151874599,15.1874599,0.0,0.0,100.0,1.0,0.11,-11.0,-518.6688379026625,518.6688379026625,0.0,-518.6688379026625,518.6688379026625,0.0,-30751.042713041887,30751.042713041887,0.0,0.0,261.76192382812496,261.76192382812496,0.0,0.0,331.6899906454631,331.6899906454631,0.0,-310960.2847437362,-310960.2847437362,31788.38038884721,31788.38038884721,31688.38038884721,0.0,100.0,0.0,0.0,31788.38038884721,31194.92847437362,1,0.0,100.0
8696,58191.63497389597,0.0,-581916.3497389597,0.0,10.0,0.0,-0.0,0.1,0.144550503,14.4550503,0.0,0.0,100.0,1.0,0.11,-11.0,-694.7256639258088,694.7256639258088,0.0,-694.7256639258088,694.7256639258088,0.0,-63366.73966357863,63366.73966357863,0.0,0.0,2954.170283203125,2954.170283203125,0.0,0.0,3510.385734331151,3510.385734331151,0.0,-581927.3497389597,-581927.3497389597,64756.190991430245,64756.190991430245,64656.190991430245,0.0,100.0,0.0,0.0,64756.190991430245,58291.63497389597,1,0.0,100.0
8697,51249.21988016002,0.0,-512492.19880160014,0.0,10.0,0.0,-0.0,0.1,0.142904194,14.290419400000001,0.0,0.0,100.0,1.0,0.11,-11.0,-694.1835639415793,694.1835639415793,0.0,-694.1835639415793,694.1835639415793,0.0,-61173.087324480366,61173.087324480366,0.0,0.0,3776.850615234375,3776.850615234375,0.0,0.0,7435.383956969131,7435.383956969131,0.0,-512503.19880160014,-512503.19880160014,62561.45445236353,62561.45445236353,62461.45445236353,0.0,100.0,0.0,0.0,62561.45445236353,51349.21988016002,1,0.0,100.0
8698,43823.709242064,0.0,-438237.09242063994,0.0,10.0,0.0,-0.0,0.1,0.147814213,14.7814213,0.0,0.0,100.0,1.0,0.11,-11.0,-749.0761645289141,749.0761645289141,0.0,-749.0761645289141,749.0761645289141,0.0,-58374.06434102009,58374.06434102009,0.0,0.0,5085.660234375,5085.660234375,0.0,0.0,10862.847193638916,10862.847193638916,0.0,-438248.09242063994,-438248.09242063994,59872.21667007791,59872.21667007791,59772.21667007791,0.0,100.0,0.0,0.0,59872.21667007791,43923.709242064,1,0.0,100.0
8699,41994.40785759185,0.0,-419944.07857591845,0.0,10.0,0.0,-0.0,0.1,0.149860944,14.986094399999999,0.0,0.0,100.0,1.0,0.11,-11.0,-782.3865567510212,782.3865567510212,0.0,-782.3865567510212,782.3865567510212,0.0,-58515.39878507619,58515.39878507619,0.0,0.0,5796.156884765624,5796.156884765624,0.0,0.0,12189.607156220767,12189.607156220767,0.0,-419955.07857591845,-419955.07857591845,60080.171898578235,60080.171898578235,59980.171898578235,0.0,100.0,0.0,0.0,60080.171898578235,42094.40785759184,1,0.0,100.0
8700,40547.258491561865,0.0,-405472.58491561865,0.0,10.0,0.0,-0.0,0.1,0.161477738,16.1477738,0.0,0.0,100.0,1.0,0.11,-11.0,-798.9436395412055,798.9436395412055,0.0,-798.9436395412055,798.9436395412055,0.0,-58204.18359729259,58204.18359729259,0.0,0.0,5721.367763671875,5721.367763671875,0.0,0.0,13433.444621141256,13433.444621141256,0.0,-405483.58491561865,-405483.58491561865,59802.07087637499,59802.070876375,59702.07087637499,0.0,100.0,0.0,0.0,59802.070876375,40647.25849156187,1,0.0,100.0
8701,53191.21622078061,0.0,-531912.1622078061,0.0,10.0,0.0,-0.0,0.1,0.152756053,15.2756053,0.0,0.0,100.0,1.0,0.11,-11.0,-795.7769144458297,795.7769144458297,0.0,-795.7769144458297,795.7769144458297,0.0,-68088.80278933802,68088.80278933802,0.0,0.0,4973.476552734375,4973.476552734375,0.0,0.0,11415.663844714689,11415.663844714689,0.0,-531923.1622078061,-531923.1622078061,69680.35661822968,69680.35661822968,69580.35661822968,0.0,100.0,0.0,0.0,69680.35661822968,53291.21622078061,1,0.0,100.0
8702,57364.73747375665,0.0,-573647.3747375665,0.0,10.0,0.0,-0.0,0.1,0.173431778,17.3431778,0.0,0.0,100.0,1.0,0.08,-8.0,-790.2820684678858,790.2820684678858,0.0,-790.2820684678858,790.2820684678858,0.0,-68273.58962941873,68273.58962941873,0.0,0.0,3627.272373046874,3627.272373046874,0.0,0.0,8762.143919550983,8762.143919550983,0.0,-573655.3747375665,-573655.3747375665,69854.1537663545,69854.1537663545,69754.1537663545,0.0,100.0,0.0,0.0,69854.1537663545,57464.73747375664,1,0.0,100.0
8703,58100.21591793469,0.0,-581002.1591793469,0.0,10.0,0.0,-0.0,0.1,0.17784254,17.784254,0.0,0.0,100.0,1.0,0.08,-8.0,-776.7551831434138,776.7551831434138,0.0,-776.7551831434138,776.7551831434138,0.0,-63275.54945195992,63275.54945195992,0.0,0.0,1570.57154296875,1570.57154296875,0.0,0.0,5058.272357343312,5058.272357343312,0.0,-581010.1591793469,-581010.1591793469,64829.05981824675,64829.05981824675,64729.05981824675,0.0,100.0,0.0,0.0,64829.05981824675,58200.21591793469,1,0.0,100.0
8704,63865.44675210112,0.0,-638654.4675210111,0.0,10.0,0.0,-0.0,0.1,0.176735973,17.673597299999997,0.0,0.0,100.0,1.0,0.08,-8.0,-744.4813414729307,744.4813414729307,0.0,-744.4813414729307,744.4813414729307,0.0,-63731.695613494296,63731.695613494296,0.0,0.0,149.5782421875,149.5782421875,0.0,0.0,1105.6333021515436,1105.6333021515436,0.0,-638662.4675210111,-638662.4675210111,65220.65829644016,65220.65829644016,65120.65829644016,0.0,100.0,0.0,0.0,65220.65829644016,63965.44675210112,1,0.0,100.0
8705,58480.62915117267,0.0,-584806.2915117267,0.0,10.0,0.0,-0.0,0.1,0.176391748,17.6391748,0.0,0.0,100.0,1.0,0.11,-11.0,-579.6285774792061,579.6285774792061,0.0,-579.6285774792061,579.6285774792061,0.0,-57421.37199621426,57421.37199621426,0.0,0.0,0.0,0.0,0.0,0.0,0.0,0.0,0.0,-584817.2915117267,-584817.2915117267,58580.62915117267,58580.62915117267,58480.62915117267,0.0,100.0,0.0,0.0,58580.62915117267,58580.62915117267,1,0.0,100.0
8706,46431.772647096936,0.0,-464317.7264709694,0.0,10.0,0.0,-0.0,0.1,0.1784222889999999,17.84222889999999,0.0,0.0,100.0,1.0,0.11,-11.0,-580.8371094542828,580.8371094542828,0.0,-580.8371094542828,580.8371094542828,0.0,-45370.09842818837,45370.09842818837,0.0,0.0,0.0,0.0,0.0,0.0,0.0,0.0,0.0,-464328.7264709694,-464328.7264709694,46531.772647096936,46531.772647096936,46431.772647096936,0.0,100.0,0.0,0.0,46531.772647096936,46531.772647096936,1,0.0,100.0
8707,44922.28419562526,0.0,-449222.8419562526,0.0,10.0,0.0,-0.0,0.1,0.18012153,18.012153,0.0,0.0,100.0,1.0,0.11,-11.0,-564.763652345096,564.763652345096,0.0,-564.763652345096,564.763652345096,0.0,-43892.75689093507,43892.75689093507,0.0,0.0,0.0,0.0,0.0,0.0,0.0,0.0,0.0,-449233.8419562526,-449233.8419562526,45022.28419562526,45022.28419562526,44922.28419562526,0.0,100.0,0.0,0.0,45022.28419562526,45022.28419562526,1,0.0,100.0
8708,35862.487605735136,0.0,-358624.87605735136,0.0,10.0,0.0,-0.0,0.1,0.1798903339999999,17.98903339999999,0.0,0.0,100.0,1.0,0.11,-11.0,-553.7454623726012,553.7454623726012,0.0,-553.7454623726012,553.7454623726012,0.0,-34854.996680989934,34854.996680989934,0.0,0.0,0.0,0.0,0.0,0.0,0.0,0.0,0.0,-358635.87605735136,-358635.87605735136,35962.487605735136,35962.487605735136,35862.487605735136,0.0,100.0,0.0,0.0,35962.487605735136,35962.487605735136,1,0.0,100.0
8709,34506.26694702784,0.0,-345062.66947027843,0.0,10.0,0.0,-0.0,0.1,0.17676021,17.676021,0.0,0.0,100.0,1.0,0.11,-11.0,-232.4023400091268,232.4023400091268,0.0,-232.4023400091268,232.4023400091268,0.0,-34141.462267009585,34141.462267009585,0.0,0.0,0.0,0.0,0.0,0.0,0.0,0.0,0.0,-345073.66947027843,-345073.66947027843,34606.26694702784,34606.26694702784,34506.26694702784,0.0,100.0,0.0,0.0,34606.26694702784,34606.26694702784,1,0.0,100.0
8710,21487.071481023486,0.0,-214870.71481023484,0.0,10.0,0.0,-0.0,0.1,0.174847228,17.4847228,0.0,0.0,100.0,1.0,0.11,-11.0,-232.52871414556355,232.52871414556355,0.0,-232.52871414556355,232.52871414556355,0.0,-21122.01405273236,21122.01405273236,0.0,0.0,0.0,0.0,0.0,0.0,0.0,0.0,0.0,-214881.71481023484,-214881.71481023484,21587.071481023486,21587.071481023486,21487.071481023486,0.0,100.0,0.0,0.0,21587.071481023486,21587.071481023486,1,0.0,100.0
8711,18508.536648062603,0.0,-185085.36648062605,0.0,10.0,0.0,-0.0,0.1,0.17372262,17.372262,0.0,0.0,100.0,1.0,0.11,-11.0,-235.55048522112088,235.55048522112088,0.0,-235.55048522112088,235.55048522112088,0.0,-18137.43567762036,18137.43567762036,0.0,0.0,0.0,0.0,0.0,0.0,0.0,0.0,0.0,-185096.36648062605,-185096.36648062605,18608.536648062603,18608.536648062603,18508.536648062603,0.0,100.0,0.0,0.0,18608.536648062603,18608.536648062603,1,0.0,100.0
8712,14750.178930386823,0.0,-147501.78930386822,0.0,10.0,0.0,-0.0,0.1,0.167283522,16.7283522,0.0,0.0,100.0,1.0,0.08,-8.0,-232.52437615738324,232.52437615738324,0.0,-232.52437615738324,232.52437615738324,0.0,-14385.130178072057,14385.130178072057,0.0,0.0,0.0,0.0,0.0,0.0,0.0,0.0,0.0,-147509.78930386822,-147509.78930386822,14850.178930386823,14850.178930386823,14750.178930386823,0.0,100.0,0.0,0.0,14850.178930386823,14850.178930386823,1,0.0,100.0
8713,14750.002477896915,0.0,-147500.02477896915,0.0,10.0,0.0,-0.0,0.1,0.167027635,16.7027635,0.0,0.0,100.0,1.0,0.08,-8.0,-232.4361408434739,232.4361408434739,0.0,-232.4361408434739,232.4361408434739,0.0,-14385.130196209966,14385.130196209966,0.0,0.0,0.0,0.0,0.0,0.0,0.0,0.0,0.0,-147508.02477896915,-147508.02477896915,14850.002477896915,14850.002477896915,14750.002477896915,0.0,100.0,0.0,0.0,14850.002477896915,14850.002477896915,1,0.0,100.0
8714,14749.851225643455,0.0,-147498.51225643454,0.0,10.0,0.0,-0.0,0.1,0.171717142,17.1717142,0.0,0.0,100.0,1.0,0.08,-8.0,-232.3605147167448,232.3605147167448,0.0,-232.3605147167448,232.3605147167448,0.0,-14385.130196209966,14385.130196209966,0.0,0.0,0.0,0.0,0.0,0.0,0.0,0.0,0.0,-147506.51225643454,-147506.51225643454,14849.851225643455,14849.851225643455,14749.851225643455,0.0,100.0,0.0,0.0,14849.851225643455,14849.851225643455,1,0.0,100.0
8715,14749.699130111472,0.0,-147496.99130111473,0.0,10.0,0.0,-0.0,0.1,0.179546163,17.9546163,0.0,0.0,100.0,1.0,0.08,-8.0,-232.28447904269223,232.28447904269223,0.0,-232.28447904269223,232.28447904269223,0.0,-14385.130172026087,14385.130172026087,0.0,0.0,0.0,0.0,0.0,0.0,0.0,0.0,0.0,-147504.99130111473,-147504.99130111473,14849.699130111472,14849.699130111472,14749.699130111472,0.0,100.0,0.0,0.0,14849.699130111472,14849.699130111472,1,0.0,100.0
8716,15490.290885568811,0.0,-154902.90885568812,0.0,10.0,0.0,-0.0,0.1,0.1804988289999999,18.04988289999999,0.0,0.0,100.0,1.0,0.08,-8.0,-233.1051715016299,233.1051715016299,0.0,-233.1051715016299,233.1051715016299,0.0,-15124.08054256555,15124.08054256555,0.0,0.0,0.0,0.0,0.0,0.0,0.0,0.0,0.0,-154910.90885568812,-154910.90885568812,15590.290885568811,15590.290885568811,15490.290885568811,0.0,100.0,0.0,0.0,15590.290885568811,15590.290885568811,1,0.0,100.0
8717,16968.040697512024,0.0,-169680.40697512025,0.0,10.0,0.0,-0.0,0.1,0.164142916,16.4142916,0.0,0.0,100.0,1.0,0.11,-11.0,-232.9842382189591,232.9842382189591,0.0,-232.9842382189591,232.9842382189591,0.0,-16602.072221074104,16602.072221074104,0.0,0.0,0.0,0.0,0.0,0.0,0.0,0.0,0.0,-169691.40697512025,-169691.40697512025,17068.040697512024,17068.040697512024,16968.040697512024,0.0,100.0,0.0,0.0,17068.040697512024,17068.040697512024,1,0.0,100.0
8718,26194.814744638643,0.0,-261948.14744638643,0.0,10.0,0.0,-0.0,0.1,0.152902986,15.2902986,0.0,0.0,100.0,1.0,0.11,-11.0,-233.008582183842,233.008582183842,0.0,-233.008582183842,233.008582183842,0.0,-25828.79758027096,25828.79758027096,0.0,0.0,0.0,0.0,0.0,0.0,0.0,0.0,0.0,-261959.14744638643,-261959.14744638643,26294.814744638643,26294.814744638643,26194.814744638643,0.0,100.0,0.0,0.0,26294.814744638643,26294.814744638643,1,0.0,100.0
8719,24415.840012439494,0.0,-244158.40012439495,0.0,10.0,0.0,-0.0,0.1,0.138159848,13.8159848,0.0,0.0,100.0,1.0,0.11,-11.0,-208.80844063039768,208.80844063039768,0.0,-208.80844063039768,208.80844063039768,0.0,-24719.31587820608,24719.31587820608,0.0,0.0,261.76192382812496,261.76192382812496,0.0,0.0,359.3308231992517,359.3308231992517,0.0,-244169.40012439495,-244169.40012439495,25136.932759466872,25136.932759466872,25036.932759466872,0.0,100.0,0.0,0.0,25136.932759466872,24515.840012439494,1,0.0,100.0
8720,35493.990204335525,0.0,-354939.9020433553,0.0,10.0,0.0,-0.0,0.1,0.130915702,13.0915702,0.0,0.0,100.0,1.0,0.11,-11.0,-196.9537639737986,196.9537639737986,0.0,-196.9537639737986,196.9537639737986,0.0,-39263.22182291433,39263.22182291433,0.0,0.0,1271.41505859375,1271.41505859375,0.0,0.0,2791.724087932648,2791.724087932648,0.0,-354950.9020433553,-354950.9020433553,39657.12935086193,39657.12935086193,39557.12935086193,0.0,100.0,0.0,0.0,39657.12935086193,35593.99020433553,1,0.0,100.0
8721,30196.29785227549,0.0,-301962.9785227549,0.0,10.0,0.0,-0.0,0.1,0.129717519,12.971751900000001,0.0,0.0,100.0,1.0,0.11,-11.0,-197.18788993572767,197.18788993572767,0.0,-197.18788993572767,197.18788993572767,0.0,-37042.884121513525,37042.884121513525,0.0,0.0,2580.224677734375,2580.224677734375,0.0,0.0,4560.737371375118,4560.737371375118,0.0,-301973.9785227549,-301973.9785227549,37437.25990138498,37437.25990138498,37337.25990138498,0.0,100.0,0.0,0.0,37437.25990138498,30296.297852275493,1,0.0,100.0
8722,22701.131086613055,0.0,-227011.31086613055,0.0,10.0,0.0,-0.0,0.1,0.1404553969999999,14.04553969999999,0.0,0.0,100.0,1.0,0.11,-11.0,-197.2967088520855,197.2967088520855,0.0,-197.2967088520855,197.2967088520855,0.0,-34087.04604310133,34087.04604310133,0.0,0.0,3664.66693359375,3664.66693359375,0.0,0.0,8015.841440598691,8015.841440598691,0.0,-227022.31086613055,-227022.31086613055,34481.6394608055,34481.6394608055,34381.6394608055,0.0,100.0,0.0,0.0,34481.6394608055,22801.13108661306,1,0.0,100.0
8723,17692.971519863968,0.0,-176929.71519863966,0.0,10.0,0.0,-0.0,0.1,0.159397079,15.9397079,0.0,0.0,100.0,1.0,0.11,-11.0,-200.2468582264395,200.2468582264395,0.0,-200.2468582264395,200.2468582264395,0.0,-34482.39274269795,34482.39274269795,0.0,0.0,5010.87111328125,5010.87111328125,0.0,0.0,12079.043826005614,12079.043826005614,0.0,-176940.71519863966,-176940.71519863966,34882.88645915083,34882.88645915083,34782.88645915083,0.0,100.0,0.0,0.0,34882.88645915083,17792.971519863968,1,0.0,100.0
8724,23064.319275486694,0.0,-230643.19275486693,0.0,10.0,0.0,-0.0,0.1,0.177616207,17.761620699999998,0.0,0.0,100.0,1.0,0.11,-11.0,-197.47326680369488,197.47326680369488,0.0,-197.47326680369488,197.47326680369488,0.0,-34087.21473170076,34087.21473170076,0.0,0.0,5347.422158203125,5347.422158203125,0.0,0.0,5970.419831618336,5970.419831618336,0.0,-230654.19275486693,-230654.19275486693,34482.161265308154,34482.161265308154,34382.161265308154,0.0,100.0,0.0,0.0,34482.161265308154,23164.319275486694,1,0.0,100.0
8725,24699.83299983831,0.0,-246998.3299983831,0.0,10.0,0.0,-0.0,0.1,0.1713009639999999,17.13009639999999,0.0,0.0,100.0,1.0,0.11,-11.0,-197.7252591211646,197.7252591211646,0.0,-197.7252591211646,197.7252591211646,0.0,-34084.96556448229,34084.96556448229,0.0,0.0,4262.97990234375,4262.97990234375,0.0,0.0,5417.603180542564,5417.603180542564,0.0,-247009.3299983831,-247009.3299983831,34480.41608272462,34480.41608272462,34380.41608272462,0.0,100.0,0.0,0.0,34480.41608272462,24799.83299983831,1,0.0,100.0
8726,12198.061429332218,0.0,-121980.61429332217,0.0,10.0,0.0,-0.0,0.1,0.168886707,16.8886707,0.0,0.0,100.0,1.0,0.08,-8.0,-197.8556681439416,197.8556681439416,0.0,-197.8556681439416,197.8556681439416,0.0,-19020.53236387645,19020.53236387645,0.0,0.0,2916.77572265625,2916.77572265625,0.0,0.0,4201.406548175866,4201.406548175866,0.0,-121988.61429332217,-121988.61429332217,19416.243700164334,19416.243700164334,19316.243700164334,0.0,100.0,0.0,0.0,19416.243700164334,12298.061429332218,1,0.0,100.0
8727,12759.15871108386,0.0,-127591.5871108386,0.0,10.0,0.0,-0.0,0.1,0.17276085,17.276085,0.0,0.0,100.0,1.0,0.08,-8.0,-223.2242892162162,223.2242892162162,0.0,-223.2242892162162,223.2242892162162,0.0,-19022.04657697732,19022.04657697732,0.0,0.0,1495.782421875,1495.782421875,0.0,0.0,5113.5540224508895,5113.5540224508895,0.0,-127599.5871108386,-127599.5871108386,19468.49515540975,19468.49515540975,19368.49515540975,0.0,100.0,0.0,0.0,19468.49515540975,12859.158711083859,1,0.0,100.0
8728,23330.362495155186,0.0,-233303.62495155187,0.0,10.0,0.0,-0.0,0.1,0.1736866239999999,17.36866239999999,0.0,0.0,100.0,1.0,0.08,-8.0,-222.1091360392984,222.1091360392984,0.0,-222.1091360392984,222.1091360392984,0.0,-24564.91238149348,24564.91238149348,0.0,0.0,224.36736328125,224.36736328125,0.0,0.0,1354.400795135641,1354.400795135641,0.0,-233311.62495155187,-233311.62495155187,25009.130653572076,25009.130653572076,24909.130653572076,0.0,100.0,0.0,0.0,25009.130653572076,23430.362495155186,1,0.0,100.0
8729,23126.22158639878,0.0,-231262.2158639878,0.0,10.0,0.0,-0.0,0.1,0.173666575,17.3666575,0.0,0.0,100.0,1.0,0.11,-11.0,-221.0631816317428,221.0631816317428,0.0,-221.0631816317428,221.0631816317428,0.0,-22784.095223135293,22784.095223135293,0.0,0.0,0.0,0.0,0.0,0.0,0.0,0.0,0.0,-231273.2158639878,-231273.2158639878,23226.22158639878,23226.22158639878,23126.22158639878,0.0,100.0,0.0,0.0,23226.22158639878,23226.22158639878,1,0.0,100.0
8730,21401.273421147474,0.0,-214012.73421147474,0.0,10.0,0.0,-0.0,0.1,0.184079593,18.4079593,0.0,0.0,100.0,1.0,0.11,-11.0,-232.76465775617265,232.76465775617265,0.0,-232.76465775617265,232.76465775617265,0.0,-21035.74410563513,21035.74410563513,0.0,0.0,0.0,0.0,0.0,0.0,0.0,0.0,0.0,-214023.73421147474,-214023.73421147474,21501.273421147474,21501.273421147474,21401.273421147474,0.0,100.0,0.0,0.0,21501.273421147474,21501.273421147474,1,0.0,100.0
8731,19924.869370280863,0.0,-199248.69370280864,0.0,10.0,0.0,-0.0,0.1,0.181293541,18.1293541,0.0,0.0,100.0,1.0,0.11,-11.0,-233.5129998393424,233.5129998393424,0.0,-233.5129998393424,233.5129998393424,0.0,-19557.84337060218,19557.84337060218,0.0,0.0,0.0,0.0,0.0,0.0,0.0,0.0,0.0,-199259.69370280864,-199259.69370280864,20024.869370280863,20024.869370280863,19924.869370280863,0.0,100.0,0.0,0.0,20024.869370280863,20024.869370280863,1,0.0,100.0
8732,19924.586210064095,0.0,-199245.86210064095,0.0,10.0,0.0,-0.0,0.1,0.177782445,17.7782445,0.0,0.0,100.0,1.0,0.11,-11.0,-233.37140763902264,233.37140763902264,0.0,-233.37140763902264,233.37140763902264,0.0,-19557.84339478605,19557.84339478605,0.0,0.0,0.0,0.0,0.0,0.0,0.0,0.0,0.0,-199256.86210064095,-199256.86210064095,20024.586210064095,20024.586210064095,19924.586210064095,0.0,100.0,0.0,0.0,20024.586210064095,20024.586210064095,1,0.0,100.0
8733,18445.625718357587,0.0,-184456.2571835759,0.0,10.0,0.0,-0.0,0.1,0.178215058,17.8215058,0.0,0.0,100.0,1.0,0.11,-11.0,-232.8112389942557,232.8112389942557,0.0,-232.8112389942557,232.8112389942557,0.0,-18080.003240369075,18080.003240369075,0.0,0.0,0.0,0.0,0.0,0.0,0.0,0.0,0.0,-184467.2571835759,-184467.2571835759,18545.625718357587,18545.625718357587,18445.625718357587,0.0,100.0,0.0,0.0,18545.625718357587,18545.625718357587,1,0.0,100.0
8734,16966.17612686086,0.0,-169661.76126860862,0.0,10.0,0.0,-0.0,0.1,0.2041553239999999,20.41553239999999,0.0,0.0,100.0,1.0,0.11,-11.0,-232.0974216081933,232.0974216081933,0.0,-232.0974216081933,232.0974216081933,0.0,-16601.981283644473,16601.981283644473,0.0,0.0,0.0,0.0,0.0,0.0,0.0,0.0,0.0,-169672.76126860862,-169672.76126860862,17066.17612686086,17066.17612686086,16966.17612686086,0.0,100.0,0.0,0.0,17066.17612686086,17066.17612686086,1,0.0,100.0
8735,15494.209378856245,0.0,-154942.09378856246,0.0,10.0,0.0,-0.0,0.1,0.197887349,19.788734899999998,0.0,0.0,100.0,1.0,0.11,-11.0,-235.0644090763925,235.0644090763925,0.0,-235.0644090763925,235.0644090763925,0.0,-15124.08056070346,15124.08056070346,0.0,0.0,0.0,0.0,0.0,0.0,0.0,0.0,0.0,-154953.09378856246,-154953.09378856246,15594.209378856245,15594.209378856245,15494.209378856245,0.0,100.0,0.0,0.0,15594.209378856245,15594.209378856245,1,0.0,100.0
8736,14749.041822137586,0.0,-147490.41822137585,0.0,10.0,0.0,-0.0,0.1,0.205030071,20.5030071,0.0,0.0,100.0,1.0,0.08,-8.0,-231.97092788795487,231.97092788795487,0.0,-231.97092788795487,231.97092788795487,0.0,-14385.099966361677,14385.099966361677,0.0,0.0,0.0,0.0,0.0,0.0,0.0,0.0,0.0,-147498.41822137585,-147498.41822137585,14849.041822137586,14849.041822137586,14749.041822137586,0.0,100.0,0.0,0.0,14849.041822137586,14849.041822137586,1,0.0,100.0
8737,14748.917423184124,0.0,-147489.17423184123,0.0,10.0,0.0,-0.0,0.1,0.203420193,20.3420193,0.0,0.0,100.0,1.0,0.08,-8.0,-231.9087284112236,231.9087284112236,0.0,-231.9087284112236,231.9087284112236,0.0,-14385.099966361677,14385.099966361677,0.0,0.0,0.0,0.0,0.0,0.0,0.0,0.0,0.0,-147497.17423184123,-147497.17423184123,14848.917423184124,14848.917423184124,14748.917423184124,0.0,100.0,0.0,0.0,14848.917423184124,14848.917423184124,1,0.0,100.0
8738,14748.843890590002,0.0,-147488.43890590002,0.0,10.0,0.0,-0.0,0.1,0.188179596,18.817959600000002,0.0,0.0,100.0,1.0,0.08,-8.0,-231.8719651371493,231.8719651371493,0.0,-231.8719651371493,231.8719651371493,0.0,-14385.099960315703,14385.099960315703,0.0,0.0,0.0,0.0,0.0,0.0,0.0,0.0,0.0,-147496.43890590002,-147496.43890590002,14848.843890590002,14848.843890590002,14748.843890590002,0.0,100.0,0.0,0.0,14848.843890590002,14848.843890590002,1,0.0,100.0
8739,14748.7618350975,0.0,-147487.618350975,0.0,10.0,0.0,-0.0,0.1,0.185546138,18.5546138,0.0,0.0,100.0,1.0,0.08,-8.0,-231.83093739089853,231.83093739089853,0.0,-231.83093739089853,231.83093739089853,0.0,-14385.099960315703,14385.099960315703,0.0,0.0,0.0,0.0,0.0,0.0,0.0,0.0,0.0,-147495.618350975,-147495.618350975,14848.7618350975,14848.7618350975,14748.7618350975,0.0,100.0,0.0,0.0,14848.7618350975,14848.7618350975,1,0.0,100.0
8740,15559.436110849336,0.0,-155594.36110849335,0.0,10.0,0.0,-0.0,0.1,0.187023636,18.702363599999998,0.0,0.0,100.0,1.0,0.08,-8.0,-232.69164105008937,232.69164105008937,0.0,-232.69164105008937,232.69164105008937,0.0,-15194.052828749158,15194.052828749158,0.0,0.0,0.0,0.0,0.0,0.0,0.0,0.0,0.0,-155602.36110849335,-155602.36110849335,15659.436110849336,15659.436110849336,15559.436110849336,0.0,100.0,0.0,0.0,15659.436110849336,15659.436110849336,1,0.0,100.0
8741,17037.313421532945,0.0,-170373.13421532945,0.0,10.0,0.0,-0.0,0.1,0.179963304,17.996330399999998,0.0,0.0,100.0,1.0,0.11,-11.0,-232.61179986632385,232.61179986632385,0.0,-232.61179986632385,232.61179986632385,0.0,-16672.0898218003,16672.0898218003,0.0,0.0,0.0,0.0,0.0,0.0,0.0,0.0,0.0,-170384.13421532945,-170384.13421532945,17137.313421532945,17137.313421532945,17037.313421532945,0.0,100.0,0.0,0.0,17137.313421532945,17137.313421532945,1,0.0,100.0
8742,20058.036577018767,0.0,-200580.36577018767,0.0,10.0,0.0,-0.0,0.1,0.16839123,16.839123,0.0,0.0,100.0,1.0,0.11,-11.0,-241.7316265279932,241.7316265279932,0.0,-241.7316265279932,241.7316265279932,0.0,-19674.57332396278,19674.57332396278,0.0,0.0,0.0,0.0,0.0,0.0,0.0,0.0,0.0,-200591.36577018767,-200591.36577018767,20158.036577018767,20158.036577018767,20058.036577018767,0.0,100.0,0.0,0.0,20158.036577018767,20158.036577018767,1,0.0,100.0
8743,18115.36322982812,0.0,-181153.63229828118,0.0,10.0,0.0,-0.0,0.1,0.159170057,15.9170057,0.0,0.0,100.0,1.0,0.11,-11.0,-210.8770191395409,210.8770191395409,0.0,-210.8770191395409,210.8770191395409,0.0,-18546.39307620321,18546.39307620321,0.0,0.0,448.7347265625,448.7347265625,0.0,0.0,304.0491580916745,304.0491580916745,0.0,-181164.63229828118,-181164.63229828118,18968.147114482294,18968.147114482294,18868.147114482294,0.0,100.0,0.0,0.0,18968.147114482294,18215.36322982812,1,0.0,100.0
8744,12213.959836638916,0.0,-122139.59836638917,0.0,10.0,0.0,-0.0,0.1,0.158163118,15.8163118,0.0,0.0,100.0,1.0,0.11,-11.0,-196.85659585869504,196.85659585869504,0.0,-196.85659585869504,196.85659585869504,0.0,-18053.11267181034,18053.11267181034,0.0,0.0,2954.170283203125,2954.170283203125,0.0,0.0,3178.695743685688,3178.695743685688,0.0,-122150.59836638917,-122150.59836638917,18446.82586352773,18446.82586352773,18346.82586352773,0.0,100.0,0.0,0.0,18446.82586352773,12313.959836638918,1,0.0,100.0
8745,4703.300945680116,0.0,-47033.009456801155,0.0,10.0,0.0,-0.0,0.1,0.160397664,16.039766399999998,0.0,0.0,100.0,1.0,0.11,-11.0,-197.1982574078076,197.1982574078076,0.0,-197.1982574078076,197.1982574078076,0.0,-15812.783143437218,15812.783143437218,0.0,0.0,8114.619638671875,8114.619638671875,0.0,0.0,3289.2590739008424,3289.2590739008424,0.0,-47044.009456801155,-47044.009456801155,16207.179658252833,16207.179658252833,16107.179658252833,0.0,100.0,0.0,0.0,16207.179658252833,4803.300945680116,1,0.0,100.0
8746,0.0,0.0,-0.0,55.55555555555556,10.0,0.0,-0.0,0.1,0.1696567739999999,0.0,0.0,100.0,0.0,1.0,0.11,0.0,-197.4347380994796,197.4347380994796,0.0,-197.4347380994796,197.4347380994796,0.0,-12833.640288518873,12833.640288518873,0.0,0.0,12714.1505859375,12714.1505859375,0.0,6350.856734326415,7020.771468662302,669.9147343358873,0.0,0.0,0.0,13384.065320273387,13384.065320273387,13384.065320273387,0.0,0.0,155.55555555555475,0.0,13228.509764717832,-6506.412289881971,1,-55.55555555555556,-100.0
8747,0.0,0.0,-0.0,44.44444444444444,60.0,0.0,-0.0,0.6,0.199519741,0.0,0.0,100.0,0.0,1.0,0.11,0.0,-200.42727202342084,200.42727202342084,0.0,-200.42727202342084,200.42727202342084,0.0,-12857.048420876336,12857.048420876336,0.0,0.0,9759.980302734377,9759.980302734377,0.0,7331.043417220824,10973.41052385407,3642.3671066332463,0.0,0.0,0.0,13402.347409367623,13402.347409367623,13402.347409367623,0.0,0.0,144.44444444444525,0.0,13257.902964923178,-7475.487861665268,1,-44.44444444444444,-100.0
8748,0.0,0.0,-0.0,0.0,100.0,-0.0,-0.0,1.0,0.207688718,0.0,0.0,100.0,0.0,1.0,0.11,0.0,-197.6519832052664,197.6519832052664,0.0,-197.6519832052664,197.6519832052664,0.0,-12810.380711681884,12810.380711681884,0.0,305.9353609700829,13611.6200390625,13305.684678092417,0.0,9093.833910196448,9093.833910196448,0.0,0.0,0.0,0.0,13305.684678092417,13305.684678092417,13305.684678092417,0.0,0.0,100.0,0.0,13205.684678092417,-9499.76927116653,1,-0.0,-100.0
8749,0.0,0.0,-0.0,0.0,100.0,-0.0,-0.0,1.0,0.2269009639999999,0.0,0.0,100.0,0.0,1.0,0.11,0.0,-197.9244274909508,197.9244274909508,0.0,-197.9244274909508,197.9244274909508,0.0,-12763.86736818474,12763.86736818474,0.0,0.0,13050.701630859374,13050.701630859374,0.0,7834.467680845213,8043.48227315248,209.01459230726687,0.0,0.0,0.0,13259.71622316664,13259.71622316664,13259.71622316664,0.0,0.0,100.0,0.0,13159.71622316664,-7934.467680845213,1,-0.0,-100.0
8750,0.0,0.0,-0.0,0.0,100.0,-0.0,-0.0,1.0,0.229193731,0.0,0.0,100.0,0.0,1.0,0.08,0.0,-214.57139144138347,214.57139144138347,0.0,-214.57139144138347,214.57139144138347,0.0,-12763.776388433324,12763.776388433324,0.0,0.0,8002.43595703125,8002.43595703125,0.0,1619.7249241623067,6910.208138447148,5290.483214284841,0.0,0.0,0.0,13292.91917131609,13292.91917131609,13292.91917131609,0.0,0.0,100.0,0.0,13192.91917131609,-1719.7249241623067,1,-0.0,-100.0
8751,5546.527204945219,0.0,-55465.272049452185,0.0,100.0,45.0,-0.0,1.0,0.2169842569999999,21.69842569999999,0.0,0.0,100.0,1.0,0.08,-8.0,-233.17229069278164,233.17229069278164,0.0,-233.17229069278164,233.17229069278164,0.0,-12868.477474033229,12868.477474033229,0.0,0.0,4188.190781249999,4188.190781249999,0.0,0.0,3455.104069223574,3455.104069223574,0.0,-55473.272049452185,-55473.272049452185,13334.822055418792,13334.822055418792,13189.822055418792,0.0,145.0,0.0,0.0,13334.822055418792,5691.527204945219,1,45.0,100.0
8752,17605.47190537511,0.0,-176054.7190537511,0.0,50.0,36.0,-0.0,0.5,0.183102725,18.3102725,0.0,0.0,100.0,1.0,0.08,-8.0,-219.30897889509856,219.30897889509856,0.0,-219.30897889509856,219.30897889509856,0.0,-18395.46119945217,18395.46119945217,0.0,0.0,373.94560546875,373.94560546875,0.0,0.0,718.6616463985034,718.6616463985034,0.0,-176062.7190537511,-176062.7190537511,18834.079157242362,18834.079157242366,18698.079157242362,0.0,136.0,0.0,0.0,18834.079157242366,17741.471905375114,1,36.0,100.0
8753,21494.965607790655,0.0,-214949.65607790655,0.0,10.0,0.0,-0.0,0.1,0.1786804339999999,17.86804339999999,0.0,0.0,100.0,1.0,0.11,-11.0,-221.31404246385063,221.31404246385063,0.0,-221.31404246385063,221.31404246385063,0.0,-21152.337522862952,21152.337522862952,0.0,0.0,0.0,0.0,0.0,0.0,0.0,0.0,0.0,-214960.65607790655,-214960.65607790655,21594.965607790655,21594.965607790655,21494.965607790655,0.0,100.0,0.0,0.0,21594.965607790655,21594.965607790655,1,0.0,100.0
8754,21494.981067476652,0.0,-214949.81067476652,0.0,10.0,0.0,-0.0,0.1,0.184230342,18.4230342,0.0,0.0,100.0,1.0,0.11,-11.0,-232.9437674704577,232.9437674704577,0.0,-232.9437674704577,232.9437674704577,0.0,-21129.09353253574,21129.09353253574,0.0,0.0,0.0,0.0,0.0,0.0,0.0,0.0,0.0,-214960.81067476652,-214960.81067476652,21594.981067476652,21594.981067476652,21494.981067476652,0.0,100.0,0.0,0.0,21594.981067476652,21594.981067476652,1,0.0,100.0
8755,20042.034359194247,0.0,-200420.34359194248,0.0,10.0,0.0,-0.0,0.1,0.17035081,17.035080999999998,0.0,0.0,100.0,1.0,0.11,-11.0,-233.7024733854726,233.7024733854726,0.0,-233.7024733854726,233.7024733854726,0.0,-19674.629412423303,19674.629412423303,0.0,0.0,0.0,0.0,0.0,0.0,0.0,0.0,0.0,-200431.34359194248,-200431.34359194248,20142.034359194247,20142.034359194247,20042.034359194247,0.0,100.0,0.0,0.0,20142.034359194247,20142.034359194247,1,0.0,100.0
8756,20018.36031401796,0.0,-200183.6031401796,0.0,10.0,0.0,-0.0,0.1,0.169291369,16.9291369,0.0,0.0,100.0,1.0,0.11,-11.0,-233.5454479708472,233.5454479708472,0.0,-233.5454479708472,233.5454479708472,0.0,-19651.269418076263,19651.269418076263,0.0,0.0,0.0,0.0,0.0,0.0,0.0,0.0,0.0,-200194.6031401796,-200194.6031401796,20118.36031401796,20118.36031401796,20018.36031401796,0.0,100.0,0.0,0.0,20118.36031401796,20118.36031401796,1,0.0,100.0
8757,18562.847002819526,0.0,-185628.47002819527,0.0,10.0,0.0,-0.0,0.1,0.174085011,17.408501100000002,0.0,0.0,100.0,1.0,0.11,-11.0,-232.93828866619907,232.93828866619907,0.0,-232.93828866619907,232.93828866619907,0.0,-18196.97042548713,18196.97042548713,0.0,0.0,0.0,0.0,0.0,0.0,0.0,0.0,0.0,-185639.47002819527,-185639.47002819527,18662.847002819526,18662.847002819526,18562.847002819526,0.0,100.0,0.0,0.0,18662.847002819526,18662.847002819526,1,0.0,100.0
8758,17059.99157862132,0.0,-170599.9157862132,0.0,10.0,0.0,-0.0,0.1,0.207125936,20.7125936,0.0,0.0,100.0,1.0,0.11,-11.0,-232.2133417437533,232.2133417437533,0.0,-232.2133417437533,232.2133417437533,0.0,-16695.564895133815,16695.564895133815,0.0,0.0,0.0,0.0,0.0,0.0,0.0,0.0,0.0,-170610.9157862132,-170610.9157862132,17159.99157862132,17159.99157862132,17059.99157862132,0.0,100.0,0.0,0.0,17159.99157862132,17159.99157862132,1,0.0,100.0
8759,15611.405040374615,0.0,-156114.05040374614,0.0,10.0,0.0,-0.0,0.1,0.221168905,22.1168905,0.0,0.0,100.0,1.0,0.11,-11.0,-235.1389282788835,235.1389282788835,0.0,-235.1389282788835,235.1389282788835,0.0,-15241.127183816849,15241.127183816849,0.0,0.0,0.0,0.0,0.0,0.0,0.0,0.0,0.0,-156125.05040374614,-156125.05040374614,15711.405040374615,15711.405040374615,15611.405040374615,0.0,100.0,0.0,0.0,15711.405040374615,15711.405040374615,1,0.0,100.0
